default		35.248	35248	36.248	36248	1.0	1000	BEGIN
"default"		1847.993	1847993	1849.013	1849013	1.02	1020	"END"
"""osoba1"""		40.231	40231	40.689	40689	0.458	458	"""osoba1"""
"""osoba1"""		56.684	56684	64.01	64010	7.326	7326	"""osoba1"""
"""osoba1"""		81.72	81720	90.78	90780	9.06	9060	"""osoba1"""
"""osoba1"""		91.52	91520	96.26	96260	4.74	4740	"""osoba1 osoba1"""
"""osoba1"""		122.832	122832	123.251	123251	0.419	419	"""osoba1"""
"""osoba1"""		166.604	166604	168.416	168416	1.812	1812	"""osoba1"""
"""osoba1"""		202.77	202770	218.444	218444	15.674	15674	"""osoba1"""
"""osoba1"""		220.147	220147	222.102	222102	1.955	1955	"""osoba1"""
"""osoba1"""		225.907	225907	228.37	228370	2.463	2463	"""osoba1"""
"""osoba1"""		230.143	230143	231.731	231731	1.588	1588	"""osoba1"""
"""osoba1"""		233.07	233070	234.03	234030	0.96	960	"""osoba1"""
"""osoba1"""		235.82	235820	236.129	236129	0.309	309	""
"""osoba1"""		237.02	237020	237.418	237418	0.398	398	"""osoba1"""
"""osoba1"""		239.514	239514	242.397	242397	2.883	2883	"""osoba1"""
"""osoba1"""		243.884	243884	245.398	245398	1.514	1514	"""osoba1"""
"""osoba1"""		253.284	253284	253.608	253608	0.324	324	"""osoba1"""
"""osoba1"""		261.554	261554	266.892	266892	5.338	5338	"""osoba1"""
"""osoba1"""		290.995	290995	291.316	291316	0.321	321	""
"""osoba1"""		312.629	312629	313.425	313425	0.796	796	"""osoba1"""
"""osoba1"""		321.98	321980	330.25	330250	8.27	8270	"""osoba1"""
"""osoba1"""		331.931	331931	332.657	332657	0.726	726	"""osoba1"""
"""osoba1"""		334.101	334101	339.367	339367	5.266	5266	"""osoba1"""
"""osoba1"""		343.497	343497	345.445	345445	1.948	1948	"""osoba1"""
"""osoba1"""		350.422	350422	350.678	350678	0.256	256	"""osoba1"""
"""osoba1"""		359.005	359005	360.646	360646	1.641	1641	"""osoba1"""
"""osoba1"""		407.31	407310	408.09	408090	0.78	780	"""osoba1"""
"""osoba1"""		471.791	471791	472.632	472632	0.841	841	"""osoba1"""
"""osoba1"""		507.888	507888	510.564	510564	2.676	2676	"""osoba1"""
"""osoba1"""		521.535	521535	521.827	521827	0.292	292	"""osoba1"""
"""osoba1"""		525.469	525469	535.479	535479	10.01	10010	"""osoba1"""
"""osoba1"""		538.841	538841	539.336	539336	0.495	495	"""osoba1"""
"""osoba1"""		555.581	555581	555.908	555908	0.327	327	"""osoba1"""
"""osoba1"""		560.891	560891	561.132	561132	0.241	241	"""osoba1"""
"""osoba1"""		567.671	567671	567.929	567929	0.258	258	"""osoba1"""
"""osoba1"""		662.16	662160	663.452	663452	1.292	1292	"""osoba1"""
"""osoba1"""		666.24	666240	666.366	666366	0.126	126	"""osoba1"""
"""osoba1"""		713.343	713343	713.656	713656	0.313	313	"""osoba1"""
"""osoba1"""		745.198	745198	745.627	745627	0.429	429	"""osoba1"""
"""osoba1"""		750.733	750733	756.35	756350	5.617	5617	"""osoba1"""
"""osoba1"""		771.391	771391	771.58	771580	0.189	189	"""osoba1"""
"""osoba1"""		773.299	773299	773.92	773920	0.621	621	"""osoba1"""
"""osoba1"""		777.764	777764	781.139	781139	3.375	3375	"""osoba1"""
"""osoba1"""		784.363	784363	785.605	785605	1.242	1242	"""osoba1"""
"""osoba1"""		813.399	813399	815.409	815409	2.01	2010	"""osoba1"""
"""osoba1"""		849.777	849777	850.611	850611	0.834	834	"""osoba1"""
"""osoba1"""		928.056	928056	929.107	929107	1.051	1051	"""osoba1"""
"""osoba1"""		956.267	956267	956.449	956449	0.182	182	"""osoba1"""
"""osoba1"""		998.827	998827	1000.1	1000100	1.273	1273	"""osoba1"""
"""osoba1"""		1005.309	1005309	1007.571	1007571	2.262	2262	"""osoba1"""
"""osoba1"""		1071.337	1071337	1071.888	1071888	0.551	551	"""osoba1"""
"""osoba1"""		1073.607	1073607	1073.749	1073749	0.142	142	"""osoba1"""
"""osoba1"""		1097.22	1097220	1101.74	1101740	4.52	4520	"""osoba1"""
"""osoba1"""		1114.353	1114353	1118.478	1118478	4.125	4125	"""osoba1"""
"""osoba1"""		1120.399	1120399	1120.672	1120672	0.273	273	"""osoba1"""
"""osoba1"""		1144.104	1144104	1144.695	1144695	0.591	591	"""osoba1"""
"""osoba1"""		1151.247	1151247	1151.63	1151630	0.383	383	"""osoba1"""
"""osoba1"""		1154.558	1154558	1155.59	1155590	1.032	1032	"""osoba1"""
"""osoba1"""		1157.12	1157120	1157.46	1157460	0.34	340	""
"""osoba1"""		1160.296	1160296	1161.318	1161318	1.022	1022	"""osoba1"""
"""osoba1"""		1210.381	1210381	1218.37	1218370	7.989	7989	"""osoba1"""
"""osoba1"""		1252.958	1252958	1253.538	1253538	0.58	580	"""osoba1"""
"""osoba1"""		1271.661	1271661	1271.763	1271763	0.102	102	"""osoba1"""
"""osoba1"""		1277.092	1277092	1294.51	1294510	17.418	17418	"""osoba1"""
"""osoba1"""		1353.52	1353520	1355.53	1355530	2.01	2010	"""osoba1"""
"""osoba1"""		1362.728	1362728	1363.15	1363150	0.422	422	"""osoba1"""
"""osoba1"""		1386.043	1386043	1387.16	1387160	1.117	1117	"""osoba1"""
"""osoba1"""		1398.15	1398150	1398.396	1398396	0.246	246	"""osoba1"""
"""osoba1"""		1410.737	1410737	1412.067	1412067	1.33	1330	"""osoba1"""
"""osoba1"""		1440.5	1440500	1440.673	1440673	0.173	173	"""osoba1"""
"""osoba1"""		1445.99	1445990	1446.214	1446214	0.224	224	""
"""osoba1"""		1460.609	1460609	1460.822	1460822	0.213	213	"""osoba1"""
"""osoba1"""		1465.914	1465914	1466.93	1466930	1.016	1016	"""osoba1"""
"""osoba1"""		1469.478	1469478	1470.7	1470700	1.222	1222	"""osoba1"""
"""osoba1"""		1473.56	1473560	1473.834	1473834	0.274	274	"""osoba1"""
"""osoba1"""		1528.008	1528008	1529.174	1529174	1.166	1166	"""osoba1"""
"""osoba1"""		1530.323	1530323	1531.876	1531876	1.553	1553	"""osoba1"""
"""osoba1"""		1559.006	1559006	1559.64	1559640	0.634	634	"""osoba1"""
"""osoba1"""		1576.26	1576260	1577.98	1577980	1.72	1720	"""osoba1"""
"""osoba1"""		1579.739	1579739	1581.725	1581725	1.986	1986	"""osoba1"""
"""osoba1"""		1589.768	1589768	1590.087	1590087	0.319	319	"""osoba1"""
"""osoba1"""		1659.097	1659097	1659.308	1659308	0.211	211	"""osoba1"""
"""osoba1"""		1674.4	1674400	1674.699	1674699	0.299	299	"""osoba1"""
"""osoba1"""		1802.117	1802117	1804.692	1804692	2.575	2575	"""osoba1"""
"""osoba1"""		1823.503	1823503	1824.374	1824374	0.871	871	"""osoba1"""
"""osoba1"""		1827.645	1827645	1827.865	1827865	0.22	220	"""osoba1"""
"""osoba1"""		1856.251	1856251	1856.459	1856459	0.208	208	"""osoba1"""
"""osoba2"""		19.412	19412	21.214	21214	1.802	1802	"""osoba2"""
"""osoba2"""		31.005	31005	31.111	31111	0.106	106	"""osoba2"""
"""osoba2"""		83.596	83596	83.736	83736	0.14	140	""
"""osoba2"""		114.277	114277	114.813	114813	0.536	536	"""osoba2"""
"""osoba2"""		136.682	136682	136.912	136912	0.23	230	"""osoba2"""
"""osoba2"""		163.585	163585	167.638	167638	4.053	4053	"""osoba2"""
"""osoba2"""		173.247	173247	192.55	192550	19.303	19303	"""osoba2"""
"""osoba2"""		287.02	287020	287.325	287325	0.305	305	""
"""osoba2"""		292.026	292026	292.8	292800	0.774	774	""
"""osoba2"""		329.847	329847	331.05	331050	1.203	1203	"""osoba2"""
"""osoba2"""		338.803	338803	341.81	341810	3.007	3007	"""osoba2"""
"""osoba2"""		342.08	342080	344.13	344130	2.05	2050	"""osoba2"""
"""osoba2"""		352.415	352415	354.427	354427	2.012	2012	"""osoba2"""
"""osoba2"""		366.836	366836	367.39	367390	0.554	554	"""osoba2"""
"""osoba2"""		369.02	369020	369.407	369407	0.387	387	""
"""osoba2"""		371.158	371158	372.619	372619	1.461	1461	"""osoba2"""
"""osoba2"""		373.44	373440	374.067	374067	0.627	627	""
"""osoba2"""		390.838	390838	395.14	395140	4.302	4302	"""osoba2"""
"""osoba2"""		404.355	404355	405.197	405197	0.842	842	"""osoba2"""
"""osoba2"""		473.425	473425	473.665	473665	0.24	240	""
"""osoba2"""		510.143	510143	512.65	512650	2.507	2507	"""osoba2"""
"""osoba2"""		522.13	522130	522.57	522570	0.44	440	""
"""osoba2"""		556.738	556738	556.946	556946	0.208	208	"""osoba2"""
"""osoba2"""		566.511	566511	567.513	567513	1.002	1002	"""osoba2"""
"""osoba2"""		601.898	601898	602.083	602083	0.185	185	"""osoba2"""
"""osoba2"""		618.508	618508	629.836	629836	11.328	11328	"""osoba2"""
"""osoba2"""		661.179	661179	662.403	662403	1.224	1224	"""osoba2"""
"""osoba2"""		668.099	668099	668.38	668380	0.281	281	""
"""osoba2"""		744.133	744133	744.48	744480	0.347	347	"""osoba2"""
"""osoba2"""		749.555	749555	750.9	750900	1.345	1345	"""osoba2"""
"""osoba2"""		788.707	788707	788.936	788936	0.229	229	"""osoba2"""
"""osoba2"""		829.09	829090	830.879	830879	1.789	1789	"""osoba2"""
"""osoba2"""		836.537	836537	839.056	839056	2.519	2519	"""osoba2"""
"""osoba2"""		840.505	840505	841.617	841617	1.112	1112	"""osoba2"""
"""osoba2"""		854.007	854007	854.237	854237	0.23	230	""
"""osoba2"""		855.53	855530	872.587	872587	17.057	17057	"""osoba2"""
"""osoba2"""		921.701	921701	922.17	922170	0.469	469	"""osoba2"""
"""osoba2"""		1017.551	1017551	1018.737	1018737	1.186	1186	"""osoba2"""
"""osoba2"""		1025.217	1025217	1030.979	1030979	5.762	5762	"""osoba2"""
"""osoba2"""		1032.715	1032715	1032.935	1032935	0.22	220	""
"""osoba2"""		1035.259	1035259	1037.974	1037974	2.715	2715	"""osoba2"""
"""osoba2"""		1039.991	1039991	1043.43	1043430	3.439	3439	"""osoba2"""
"""osoba2"""		1048.026	1048026	1050.76	1050760	2.734	2734	"""osoba2"""
"""osoba2"""		1051.915	1051915	1054.545	1054545	2.63	2630	"""osoba2"""
"""osoba2"""		1088.973	1088973	1089.33	1089330	0.357	357	""
"""osoba2"""		1090.9	1090900	1091.17	1091170	0.27	270	""
"""osoba2"""		1092.34	1092340	1092.54	1092540	0.2	200	""
"""osoba2"""		1133.809	1133809	1137.362	1137362	3.553	3553	"""osoba2"""
"""osoba2"""		1144.156	1144156	1144.46	1144460	0.304	304	"""osoba2"""
"""osoba2"""		1268.94	1268940	1269.09	1269090	0.15	150	""
"""osoba2"""		1314.021	1314021	1314.267	1314267	0.246	246	"""osoba2"""
"""osoba2"""		1317.98	1317980	1321.125	1321125	3.145	3145	"""osoba2"""
"""osoba2"""		1399.038	1399038	1399.695	1399695	0.657	657	"""osoba2"""
"""osoba2"""		1405.268	1405268	1405.388	1405388	0.12	120	"""osoba2"""
"""osoba2"""		1410.411	1410411	1429.69	1429690	19.279	19279	"""osoba2"""
"""osoba2"""		1441.349	1441349	1441.476	1441476	0.127	127	"""osoba2"""
"""osoba2"""		1582.743	1582743	1583.315	1583315	0.572	572	"""osoba2"""
"""osoba2"""		1656.606	1656606	1657.705	1657705	1.099	1099	"""osoba2"""
"""osoba2"""		1673.476	1673476	1673.611	1673611	0.135	135	"""osoba2"""
"""osoba2"""		1764.972	1764972	1765.834	1765834	0.862	862	"""osoba2"""
"""osoba2"""		1772.857	1772857	1775.684	1775684	2.827	2827	"""osoba2"""
"""osoba2"""		1776.966	1776966	1777.876	1777876	0.91	910	"""osoba2"""
"""osoba2"""		1824.79	1824790	1827.147	1827147	2.357	2357	"""osoba2"""
"""osoba2"""		1873.271	1873271	1874.804	1874804	1.533	1533	"""osoba2"""
"""osoba3"""		30.232	30232	30.399	30399	0.167	167	"""osoba3"""
"""osoba3"""		41.663	41663	41.783	41783	0.12	120	"""osoba3"""
"""osoba3"""		129.281	129281	132.173	132173	2.892	2892	"""osoba3"""
"""osoba3"""		133.274	133274	134.828	134828	1.554	1554	"""osoba3"""
"""osoba3"""		136.545	136545	140.976	140976	4.431	4431	"""osoba3"""
"""osoba3"""		143.98	143980	146.491	146491	2.511	2511	"""osoba3"""
"""osoba3"""		150.641	150641	152.834	152834	2.193	2193	"""osoba3"""
"""osoba3"""		161.508	161508	162.117	162117	0.609	609	"""osoba3"""
"""osoba3"""		168.441	168441	168.568	168568	0.127	127	"""osoba3"""
"""osoba3"""		210.457	210457	210.681	210681	0.224	224	"""osoba3"""
"""osoba3"""		242.957	242957	243.094	243094	0.137	137	"""osoba3"""
"""osoba3"""		267.481	267481	269.303	269303	1.822	1822	"""osoba3"""
"""osoba3"""		271.411	271411	273.845	273845	2.434	2434	"""osoba3"""
"""osoba3"""		288.181	288181	288.329	288329	0.148	148	"""osoba3"""
"""osoba3"""		290.661	290661	291.008	291008	0.347	347	"""osoba3"""
"""osoba3"""		301.375	301375	306.177	306177	4.802	4802	"""osoba3"""
"""osoba3"""		312.842	312842	313.693	313693	0.851	851	"""osoba3"""
"""osoba3"""		321.182	321182	321.364	321364	0.182	182	"""osoba3"""
"""osoba3"""		362.853	362853	363.189	363189	0.336	336	"""osoba3"""
"""osoba3"""		396.931	396931	397.164	397164	0.233	233	"""osoba3"""
"""osoba3"""		408.271	408271	408.83	408830	0.559	559	"""osoba3"""
"""osoba3"""		427.854	427854	428.002	428002	0.148	148	"""osoba3"""
"""osoba3"""		459.623	459623	461.989	461989	2.366	2366	"""osoba3"""
"""osoba3"""		463.358	463358	468.824	468824	5.466	5466	"""osoba3"""
"""osoba3"""		470.498	470498	470.694	470694	0.196	196	"""osoba3"""
"""osoba3"""		490.777	490777	491.138	491138	0.361	361	"""osoba3"""
"""osoba3"""		497.504	497504	498.444	498444	0.94	940	"""osoba3"""
"""osoba3"""		503.677	503677	503.929	503929	0.252	252	"""osoba3"""
"""osoba3"""		521.503	521503	521.832	521832	0.329	329	"""osoba3"""
"""osoba3"""		535.908	535908	536.215	536215	0.307	307	"""osoba3"""
"""osoba3"""		546.781	546781	548.469	548469	1.688	1688	"""osoba3"""
"""osoba3"""		551.548	551548	553.121	553121	1.573	1573	"""osoba3"""
"""osoba3"""		561.911	561911	562.016	562016	0.105	105	"""osoba3"""
"""osoba3"""		567.362	567362	567.613	567613	0.251	251	"""osoba3"""
"""osoba3"""		592.576	592576	599.754	599754	7.178	7178	"""osoba3"""
"""osoba3"""		603.651	603651	604.376	604376	0.725	725	"""osoba3"""
"""osoba3"""		607.323	607323	607.487	607487	0.164	164	"""osoba3"""
"""osoba3"""		609.886	609886	610.336	610336	0.45	450	"""osoba3"""
"""osoba3"""		626.585	626585	626.925	626925	0.34	340	"""osoba3"""
"""osoba3"""		645.967	645967	646.147	646147	0.18	180	"""osoba3"""
"""osoba3"""		647.611	647611	649.245	649245	1.634	1634	"""osoba3"""
"""osoba3"""		650.767	650767	653.876	653876	3.109	3109	"""osoba3"""
"""osoba3"""		655.644	655644	657.094	657094	1.45	1450	"""osoba3"""
"""osoba3"""		659.305	659305	662.178	662178	2.873	2873	"""osoba3"""
"""osoba3"""		663.468	663468	665.864	665864	2.396	2396	"""osoba3"""
"""osoba3"""		667.112	667112	667.377	667377	0.265	265	"""osoba3"""
"""osoba3"""		674.028	674028	675.57	675570	1.542	1542	"""osoba3"""
"""osoba3"""		676.986	676986	697.266	697266	20.28	20280	"""osoba3"""
"""osoba3"""		699.281	699281	699.642	699642	0.361	361	"""osoba3"""
"""osoba3"""		703.435	703435	703.75	703750	0.315	315	"""osoba3"""
"""osoba3"""		715.157	715157	716.696	716696	1.539	1539	"""osoba3"""
"""osoba3"""		731.598	731598	731.88	731880	0.282	282	"""osoba3"""
"""osoba3"""		737.56	737560	737.847	737847	0.287	287	"""osoba3"""
"""osoba3"""		746.709	746709	748.403	748403	1.694	1694	"""osoba3"""
"""osoba3"""		761.533	761533	761.637	761637	0.104	104	"""osoba3"""
"""osoba3"""		782.064	782064	783.112	783112	1.048	1048	"""osoba3"""
"""osoba3"""		787.901	787901	788.336	788336	0.435	435	"""osoba3"""
"""osoba3"""		802.887	802887	803.366	803366	0.479	479	"""osoba3"""
"""osoba3"""		810.167	810167	810.5	810500	0.333	333	"""osoba3"""
"""osoba3"""		819.31	819310	819.709	819709	0.399	399	"""osoba3"""
"""osoba3"""		831.766	831766	832.503	832503	0.737	737	"""osoba3"""
"""osoba3"""		926.68	926680	927.243	927243	0.563	563	"""osoba3"""
"""osoba3"""		930.622	930622	930.944	930944	0.322	322	"""osoba3"""
"""osoba3"""		955.55	955550	955.861	955861	0.311	311	"""osoba3"""
"""osoba3"""		963.25	963250	974.759	974759	11.509	11509	"""osoba3"""
"""osoba3"""		978.794	978794	979.127	979127	0.333	333	"""osoba3"""
"""osoba3"""		990.761	990761	990.993	990993	0.232	232	"""osoba3"""
"""osoba3"""		992.407	992407	994.784	994784	2.377	2377	"""osoba3"""
"""osoba3"""		996.531	996531	998.255	998255	1.724	1724	"""osoba3"""
"""osoba3"""		1000.677	1000677	1005.34	1005340	4.663	4663	"""osoba3"""
"""osoba3"""		1008.273	1008273	1009.499	1009499	1.226	1226	"""osoba3"""
"""osoba3"""		1013.98	1013980	1015.718	1015718	1.738	1738	"""osoba3"""
"""osoba3"""		1048.478	1048478	1049.092	1049092	0.614	614	"""osoba3"""
"""osoba3"""		1061.281	1061281	1061.731	1061731	0.45	450	"""osoba3"""
"""osoba3"""		1063.31	1063310	1063.487	1063487	0.177	177	""
"""osoba3"""		1094.51	1094510	1096.728	1096728	2.218	2218	"""osoba3"""
"""osoba3"""		1102.113	1102113	1105.89	1105890	3.777	3777	"""osoba3"""
"""osoba3"""		1109.889	1109889	1112.784	1112784	2.895	2895	"""osoba3"""
"""osoba3"""		1115.474	1115474	1115.689	1115689	0.215	215	"""osoba3"""
"""osoba3"""		1119.48	1119480	1120.566	1120566	1.086	1086	"""osoba3"""
"""osoba3"""		1123.29	1123290	1123.485	1123485	0.195	195	"""osoba3"""
"""osoba3"""		1124.986	1124986	1125.684	1125684	0.698	698	"""osoba3"""
"""osoba3"""		1137.899	1137899	1138.075	1138075	0.176	176	"""osoba3"""
"""osoba3"""		1161.672	1161672	1163.506	1163506	1.834	1834	"""osoba3"""
"""osoba3"""		1164.614	1164614	1165.62	1165620	1.006	1006	"""osoba3"""
"""osoba3"""		1167.034	1167034	1167.562	1167562	0.528	528	"""osoba3"""
"""osoba3"""		1170.686	1170686	1171.7	1171700	1.014	1014	"""osoba3"""
"""osoba3"""		1194.518	1194518	1200.098	1200098	5.58	5580	"""osoba3"""
"""osoba3"""		1201.454	1201454	1204.989	1204989	3.535	3535	"""osoba3"""
"""osoba3"""		1206.141	1206141	1206.903	1206903	0.762	762	"""osoba3"""
"""osoba3"""		1211.351	1211351	1211.498	1211498	0.147	147	"""osoba3"""
"""osoba3"""		1220.338	1220338	1221.067	1221067	0.729	729	"""osoba3"""
"""osoba3"""		1224.716	1224716	1224.849	1224849	0.133	133	"""osoba3"""
"""osoba3"""		1246.418	1246418	1246.548	1246548	0.13	130	"""osoba3"""
"""osoba3"""		1251.601	1251601	1252.849	1252849	1.248	1248	"""osoba3"""
"""osoba3"""		1254.102	1254102	1254.461	1254461	0.359	359	"""osoba3"""
"""osoba3"""		1257.465	1257465	1259.298	1259298	1.833	1833	"""osoba3"""
"""osoba3"""		1266.013	1266013	1266.896	1266896	0.883	883	"""osoba3"""
"""osoba3"""		1301.468	1301468	1305.275	1305275	3.807	3807	"""osoba3"""
"""osoba3"""		1306.522	1306522	1309.371	1309371	2.849	2849	"""osoba3"""
"""osoba3"""		1313.112	1313112	1313.293	1313293	0.181	181	"""osoba3"""
"""osoba3"""		1315.069	1315069	1315.696	1315696	0.627	627	"""osoba3"""
"""osoba3"""		1320.785	1320785	1321.221	1321221	0.436	436	"""osoba3"""
"""osoba3"""		1322.286	1322286	1325.323	1325323	3.037	3037	"""osoba3"""
"""osoba3"""		1329.909	1329909	1330.028	1330028	0.119	119	"""osoba3"""
"""osoba3"""		1331.457	1331457	1333.667	1333667	2.21	2210	"""osoba3"""
"""osoba3"""		1342.846	1342846	1346.676	1346676	3.83	3830	"""osoba3"""
"""osoba3"""		1349.804	1349804	1349.935	1349935	0.131	131	"""osoba3"""
"""osoba3"""		1355.635	1355635	1357.457	1357457	1.822	1822	"""osoba3"""
"""osoba3"""		1362.939	1362939	1363.954	1363954	1.015	1015	"""osoba3"""
"""osoba3"""		1398.14	1398140	1398.277	1398277	0.137	137	"""osoba3"""
"""osoba3"""		1440.073	1440073	1440.334	1440334	0.261	261	"""osoba3"""
"""osoba3"""		1451.691	1451691	1452.044	1452044	0.353	353	"""osoba3"""
"""osoba3"""		1461.386	1461386	1461.579	1461579	0.193	193	"""osoba3"""
"""osoba3"""		1634.576	1634576	1635.318	1635318	0.742	742	"""osoba3"""
"""osoba3"""		1639.859	1639859	1640.082	1640082	0.223	223	"""osoba3"""
"""osoba3"""		1642.917	1642917	1644.117	1644117	1.2	1200	"""osoba3"""
"""osoba3"""		1654.637	1654637	1656.148	1656148	1.511	1511	"""osoba3"""
"""osoba3"""		1664.587	1664587	1664.713	1664713	0.126	126	"""osoba3"""
"""osoba3"""		1675.053	1675053	1676.912	1676912	1.859	1859	"""osoba3"""
"""osoba3"""		1681.662	1681662	1683.511	1683511	1.849	1849	"""osoba3"""
"""osoba3"""		1731.118	1731118	1732.005	1732005	0.887	887	"""osoba3"""
"""osoba3"""		1748.193	1748193	1750.605	1750605	2.412	2412	"""osoba3"""
"""osoba3"""		1752.412	1752412	1752.549	1752549	0.137	137	"""osoba3"""
"""osoba3"""		1759.809	1759809	1760.064	1760064	0.255	255	"""osoba3"""
"""osoba3"""		1762.618	1762618	1763.03	1763030	0.412	412	"""osoba3"""
"""osoba3"""		1767.14	1767140	1767.66	1767660	0.52	520	"""osoba3"""
"""osoba3"""		1769.14	1769140	1771.08	1771080	1.94	1940	"""osoba3"""
"""osoba3"""		1775.877	1775877	1776.551	1776551	0.674	674	"""osoba3"""
"""osoba3"""		1779.147	1779147	1779.437	1779437	0.29	290	"""osoba3"""
"""osoba3"""		1782.62	1782620	1782.868	1782868	0.248	248	"""osoba3"""
"""osoba3"""		1791.783	1791783	1796.706	1796706	4.923	4923	"""osoba3"""
"""osoba3"""		1804.619	1804619	1805.492	1805492	0.873	873	"""osoba3"""
"""osoba3"""		1827.387	1827387	1828.77	1828770	1.383	1383	"""osoba3"""
"""osoba3"""		1837.336	1837336	1838.612	1838612	1.276	1276	"""osoba3"""
"""osoba3"""		1840.537	1840537	1840.69	1840690	0.153	153	"""osoba3"""
"""osoba3"""		1846.548	1846548	1846.852	1846852	0.304	304	"""osoba3"""
"""osoba3"""		1848.756	1848756	1849.561	1849561	0.805	805	"""osoba3"""
"""osoba3"""		1850.567	1850567	1850.961	1850961	0.394	394	"""osoba3"""
"""osoba3"""		1860.772	1860772	1861.335	1861335	0.563	563	"""osoba3"""
"""osoba3"""		1869.61	1869610	1869.949	1869949	0.339	339	"""osoba3"""
"""osoba3"""		1872.971	1872971	1873.344	1873344	0.373	373	"""osoba3"""
"""osoba4"""		11.853	11853	16.22	16220	4.367	4367	"""osoba4"""
"""osoba4"""		24.757	24757	26.275	26275	1.518	1518	"""osoba4"""
"""osoba4"""		31.462	31462	31.664	31664	0.202	202	"""osoba4"""
"""osoba4"""		35.243	35243	39.171	39171	3.928	3928	"""osoba4"""
"""osoba4"""		42.054	42054	48.63	48630	6.576	6576	"""osoba4"""
"""osoba4"""		50.448	50448	55.316	55316	4.868	4868	"""osoba4"""
"""osoba4"""		64.943	64943	68.206	68206	3.263	3263	"""osoba4"""
"""osoba4"""		69.65	69650	71.798	71798	2.148	2148	"""osoba4"""
"""osoba4"""		73.613	73613	80.617	80617	7.004	7004	"""osoba4"""
"""osoba4"""		84.617	84617	86.058	86058	1.441	1441	"""osoba4"""
"""osoba4"""		96.611	96611	109.25	109250	12.639	12639	"""osoba4"""
"""osoba4"""		110.304	110304	113.48	113480	3.176	3176	"""osoba4"""
"""osoba4"""		114.809	114809	117.821	117821	3.012	3012	"""osoba4"""
"""osoba4"""		119.918	119918	121.588	121588	1.67	1670	"""osoba4"""
"""osoba4"""		124.003	124003	128.23	128230	4.227	4227	"""osoba4"""
"""osoba4"""		132.159	132159	136.115	136115	3.956	3956	"""osoba4"""
"""osoba4"""		141.814	141814	143.404	143404	1.59	1590	"""osoba4"""
"""osoba4"""		144.546	144546	144.94	144940	0.394	394	"""osoba4"""
"""osoba4"""		146.648	146648	149.794	149794	3.146	3146	"""osoba4"""
"""osoba4"""		153.33	153330	159.011	159011	5.681	5681	"""osoba4"""
"""osoba4"""		160.571	160571	164.351	164351	3.78	3780	"""osoba4"""
"""osoba4"""		169.015	169015	173.907	173907	4.892	4892	"""osoba4"""
"""osoba4"""		179.347	179347	179.6	179600	0.253	253	"""osoba4"""
"""osoba4"""		181.033	181033	181.276	181276	0.243	243	"""osoba4"""
"""osoba4"""		187.003	187003	187.737	187737	0.734	734	"""osoba4"""
"""osoba4"""		193.332	193332	196.43	196430	3.098	3098	"""osoba4"""
"""osoba4"""		199.903	199903	201.67	201670	1.767	1767	"""osoba4"""
"""osoba4"""		223.287	223287	224.65	224650	1.363	1363	"""osoba4"""
"""osoba4"""		226.113	226113	229.529	229529	3.416	3416	"""osoba4"""
"""osoba4"""		237.001	237001	240.523	240523	3.522	3522	"""osoba4"""
"""osoba4"""		243.783	243783	248.604	248604	4.821	4821	"""osoba4"""
"""osoba4"""		250.453	250453	252.472	252472	2.019	2019	"""osoba4"""
"""osoba4"""		257.236	257236	258.409	258409	1.173	1173	"""osoba4"""
"""osoba4"""		266.167	266167	268.545	268545	2.378	2378	"""osoba4"""
"""osoba4"""		274.736	274736	280.43	280430	5.694	5694	"""osoba4"""
"""osoba4"""		283.276	283276	285.63	285630	2.354	2354	"""osoba4"""
"""osoba4"""		288.589	288589	290.35	290350	1.761	1761	"""osoba4"""
"""osoba4"""		292.19	292190	292.367	292367	0.177	177	"""osoba4"""
"""osoba4"""		293.916	293916	297.295	297295	3.379	3379	"""osoba4"""
"""osoba4"""		298.792	298792	300.8	300800	2.008	2008	"""osoba4"""
"""osoba4"""		307.919	307919	309.909	309909	1.99	1990	"""osoba4"""
"""osoba4"""		313.3	313300	314.196	314196	0.896	896	"""osoba4"""
"""osoba4"""		321.689	321689	322.488	322488	0.799	799	"""osoba4"""
"""osoba4"""		323.807	323807	324.247	324247	0.44	440	"""osoba4"""
"""osoba4"""		331.148	331148	334.243	334243	3.095	3095	"""osoba4"""
"""osoba4"""		342.495	342495	343.124	343124	0.629	629	"""osoba4"""
"""osoba4"""		346.051	346051	351.73	351730	5.679	5679	"""osoba4"""
"""osoba4"""		355.223	355223	356.367	356367	1.144	1144	"""osoba4"""
"""osoba4"""		359.042	359042	359.503	359503	0.461	461	"""osoba4"""
"""osoba4"""		363.69	363690	366.501	366501	2.811	2811	"""osoba4"""
"""osoba4"""		369.596	369596	371.7	371700	2.104	2104	"""osoba4"""
"""osoba4"""		375.157	375157	376.408	376408	1.251	1251	"""osoba4"""
"""osoba4"""		381.58	381580	381.74	381740	0.16	160	""
"""osoba4"""		384.706	384706	385.965	385965	1.259	1259	"""osoba4"""
"""osoba4"""		396.902	396902	397.009	397009	0.107	107	"""osoba4"""
"""osoba4"""		398.358	398358	402.13	402130	3.772	3772	"""osoba4"""
"""osoba4"""		405.83	405830	406.633	406633	0.803	803	"""osoba4"""
"""osoba4"""		409.846	409846	414.42	414420	4.574	4574	"""osoba4"""
"""osoba4"""		415.272	415272	416.78	416780	1.508	1508	"""osoba4"""
"""osoba4"""		417.664	417664	424.207	424207	6.543	6543	"""osoba4"""
"""osoba4"""		425.963	425963	431.291	431291	5.328	5328	"""osoba4"""
"""osoba4"""		432.029	432029	432.639	432639	0.61	610	""
"""osoba4"""		433.248	433248	438.701	438701	5.453	5453	"""osoba4"""
"""osoba4"""		440.693	440693	443.72	443720	3.027	3027	"""osoba4"""
"""osoba4"""		445.17	445170	454.12	454120	8.95	8950	"""osoba4"""
"""osoba4"""		456.208	456208	457.128	457128	0.92	920	"""osoba4"""
"""osoba4"""		460.693	460693	461.479	461479	0.786	786	"""osoba4"""
"""osoba4"""		472.444	472444	480.01	480010	7.566	7566	"""osoba4"""
"""osoba4"""		482.656	482656	484.884	484884	2.228	2228	"""osoba4"""
"""osoba4"""		487.309	487309	491.055	491055	3.746	3746	"""osoba4"""
"""osoba4"""		492.263	492263	496.139	496139	3.876	3876	"""osoba4"""
"""osoba4"""		499.834	499834	500.825	500825	0.991	991	"""osoba4"""
"""osoba4"""		502.02	502020	503.735	503735	1.715	1715	"""osoba4"""
"""osoba4"""		504.975	504975	508.71	508710	3.735	3735	"""osoba4"""
"""osoba4"""		511.395	511395	511.834	511834	0.439	439	"""osoba4"""
"""osoba4"""		514.114	514114	514.916	514916	0.802	802	"""osoba4"""
"""osoba4"""		516.711	516711	520.897	520897	4.186	4186	"""osoba4"""
"""osoba4"""		524.617	524617	526.868	526868	2.251	2251	"""osoba4"""
"""osoba4"""		536.3	536300	537.471	537471	1.171	1171	"""osoba4"""
"""osoba4"""		540.272	540272	545.836	545836	5.564	5564	"""osoba4"""
"""osoba4"""		549.522	549522	550.575	550575	1.053	1053	"""osoba4"""
"""osoba4"""		552.864	552864	556.16	556160	3.296	3296	"""osoba4"""
"""osoba4"""		558.68	558680	561.855	561855	3.175	3175	"""osoba4"""
"""osoba4"""		564.419	564419	568.798	568798	4.379	4379	"""osoba4"""
"""osoba4"""		572.633	572633	573.163	573163	0.53	530	"""osoba4"""
"""osoba4"""		574.581	574581	576.897	576897	2.316	2316	"""osoba4"""
"""osoba4"""		578.112	578112	586.456	586456	8.344	8344	"""osoba4"""
"""osoba4"""		590.59	590590	591.357	591357	0.767	767	"""osoba4"""
"""osoba4"""		598.506	598506	598.649	598649	0.143	143	"""osoba4"""
"""osoba4"""		600.326	600326	602.362	602362	2.036	2036	"""osoba4"""
"""osoba4"""		605.034	605034	613.127	613127	8.093	8093	"""osoba4"""
"""osoba4"""		615.676	615676	616.942	616942	1.266	1266	"""osoba4"""
"""osoba4"""		630.982	630982	643.157	643157	12.175	12175	"""osoba4"""
"""osoba4"""		644.319	644319	651.762	651762	7.443	7443	"""osoba4"""
"""osoba4"""		655.134	655134	656.537	656537	1.403	1403	"""osoba4"""
"""osoba4"""		670.519	670519	671.584	671584	1.065	1065	"""osoba4"""
"""osoba4"""		701.52	701520	702.438	702438	0.918	918	"""osoba4"""
"""osoba4"""		703.528	703528	726.688	726688	23.16	23160	"""osoba4"""
"""osoba4"""		728.435	728435	730.094	730094	1.659	1659	"""osoba4"""
"""osoba4"""		734.603	734603	736.254	736254	1.651	1651	"""osoba4"""
"""osoba4"""		744.098	744098	744.291	744291	0.193	193	"""osoba4"""
"""osoba4"""		757.243	757243	760.784	760784	3.541	3541	"""osoba4"""
"""osoba4"""		762.354	762354	766.785	766785	4.431	4431	"""osoba4"""
"""osoba4"""		767.943	767943	771.689	771689	3.746	3746	"""osoba4"""
"""osoba4"""		781.371	781371	781.595	781595	0.224	224	""
"""osoba4"""		782.678	782678	784.275	784275	1.597	1597	"""osoba4"""
"""osoba4"""		785.909	785909	787.702	787702	1.793	1793	"""osoba4"""
"""osoba4"""		789.899	789899	791.675	791675	1.776	1776	"""osoba4"""
"""osoba4"""		792.889	792889	804.156	804156	11.267	11267	"""osoba4"""
"""osoba4"""		805.852	805852	813.596	813596	7.744	7744	"""osoba4"""
"""osoba4"""		817.91	817910	818.4	818400	0.49	490	"""osoba4"""
"""osoba4"""		819.739	819739	820.091	820091	0.352	352	"""osoba4"""
"""osoba4"""		821.877	821877	827.804	827804	5.927	5927	"""osoba4"""
"""osoba4"""		833.098	833098	833.325	833325	0.227	227	""
"""osoba4"""		834.075	834075	834.394	834394	0.319	319	""
"""osoba4"""		836.257	836257	837.234	837234	0.977	977	"""osoba4"""
"""osoba4"""		838.541	838541	839.321	839321	0.78	780	"""osoba4"""
"""osoba4"""		841.793	841793	844.82	844820	3.027	3027	"""osoba4"""
"""osoba4"""		846.14	846140	849.963	849963	3.823	3823	"""osoba4"""
"""osoba4"""		851.677	851677	852.906	852906	1.229	1229	"""osoba4"""
"""osoba4"""		875.916	875916	887.013	887013	11.097	11097	"""osoba4"""
"""osoba4"""		889.537	889537	899.622	899622	10.085	10085	"""osoba4"""
"""osoba4"""		901.941	901941	903.396	903396	1.455	1455	"""osoba4"""
"""osoba4"""		905.451	905451	906.34	906340	0.889	889	"""osoba4"""
"""osoba4"""		907.94	907940	912.583	912583	4.643	4643	"""osoba4"""
"""osoba4"""		914.301	914301	918.701	918701	4.4	4400	"""osoba4"""
"""osoba4"""		938.874	938874	949.36	949360	10.486	10486	"""osoba4"""
"""osoba4"""		950.169	950169	954.815	954815	4.646	4646	"""osoba4"""
"""osoba4"""		957.385	957385	957.732	957732	0.347	347	"""osoba4"""
"""osoba4"""		959.535	959535	961.04	961040	1.505	1505	"""osoba4"""
"""osoba4"""		975.638	975638	980.712	980712	5.074	5074	"""osoba4"""
"""osoba4"""		988.186	988186	989.869	989869	1.683	1683	"""osoba4"""
"""osoba4"""		990.939	990939	991.359	991359	0.42	420	"""osoba4"""
"""osoba4"""		997.252	997252	997.546	997546	0.294	294	"""osoba4"""
"""osoba4"""		1007.606	1007606	1016.762	1016762	9.156	9156	"""osoba4"""
"""osoba4"""		1019.675	1019675	1024.375	1024375	4.7	4700	"""osoba4"""
"""osoba4"""		1039.762	1039762	1039.983	1039983	0.221	221	"""osoba4"""
"""osoba4"""		1044.165	1044165	1047.02	1047020	2.855	2855	"""osoba4"""
"""osoba4"""		1057.139	1057139	1057.589	1057589	0.45	450	"""osoba4"""
"""osoba4"""		1058.978	1058978	1063.12	1063120	4.142	4142	"""osoba4"""
"""osoba4"""		1064.959	1064959	1070.23	1070230	5.271	5271	"""osoba4"""
"""osoba4"""		1071.492	1071492	1074.75	1074750	3.258	3258	"""osoba4"""
"""osoba4"""		1075.586	1075586	1081.603	1081603	6.017	6017	"""osoba4"""
"""osoba4"""		1085.852	1085852	1086.112	1086112	0.26	260	"""osoba4"""
"""osoba4"""		1107.123	1107123	1107.663	1107663	0.54	540	""
"""osoba4"""		1108.499	1108499	1110.859	1110859	2.36	2360	"""osoba4"""
"""osoba4"""		1119.918	1119918	1134.741	1134741	14.823	14823	"""osoba4"""
"""osoba4"""		1138.477	1138477	1143.801	1143801	5.324	5324	"""osoba4"""
"""osoba4"""		1145.592	1145592	1145.874	1145874	0.282	282	"""osoba4"""
"""osoba4"""		1147.644	1147644	1148.27	1148270	0.626	626	"""osoba4"""
"""osoba4"""		1151.487	1151487	1151.899	1151899	0.412	412	"""osoba4"""
"""osoba4"""		1153.032	1153032	1154.024	1154024	0.992	992	"""osoba4"""
"""osoba4"""		1156.333	1156333	1156.84	1156840	0.507	507	"""osoba4"""
"""osoba4"""		1158.184	1158184	1158.99	1158990	0.806	806	"""osoba4"""
"""osoba4"""		1162.184	1162184	1162.308	1162308	0.124	124	"""osoba4"""
"""osoba4"""		1166.493	1166493	1186.59	1186590	20.097	20097	"""osoba4"""
"""osoba4"""		1188.384	1188384	1190.71	1190710	2.326	2326	"""osoba4"""
"""osoba4"""		1192.019	1192019	1195.353	1195353	3.334	3334	"""osoba4"""
"""osoba4"""		1199.392	1199392	1200.76	1200760	1.368	1368	"""osoba4"""
"""osoba4"""		1202.789	1202789	1205.01	1205010	2.221	2221	"""osoba4"""
"""osoba4"""		1206.045	1206045	1208.496	1208496	2.451	2451	"""osoba4"""
"""osoba4"""		1215.382	1215382	1215.697	1215697	0.315	315	"""osoba4"""
"""osoba4"""		1220.219	1220219	1230.39	1230390	10.171	10171	"""osoba4"""
"""osoba4"""		1231.361	1231361	1237.45	1237450	6.089	6089	"""osoba4"""
"""osoba4"""		1239.398	1239398	1250.74	1250740	11.342	11342	"""osoba4"""
"""osoba4"""		1254.577	1254577	1257.645	1257645	3.068	3068	"""osoba4"""
"""osoba4"""		1259.245	1259245	1264.05	1264050	4.805	4805	"""osoba4"""
"""osoba4"""		1270.966	1270966	1272.501	1272501	1.535	1535	"""osoba4"""
"""osoba4"""		1274.143	1274143	1276.302	1276302	2.159	2159	"""osoba4"""
"""osoba4"""		1296.804	1296804	1300.618	1300618	3.814	3814	"""osoba4"""
"""osoba4"""		1308.407	1308407	1315.074	1315074	6.667	6667	"""osoba4"""
"""osoba4"""		1317.764	1317764	1318.17	1318170	0.406	406	"""osoba4"""
"""osoba4"""		1334.898	1334898	1340.0	1340000	5.102	5102	"""osoba4"""
"""osoba4"""		1342.476	1342476	1344.48	1344480	2.004	2004	"""osoba4"""
"""osoba4"""		1349.972	1349972	1354.209	1354209	4.237	4237	"""osoba4"""
"""osoba4"""		1355.982	1355982	1360.91	1360910	4.928	4928	"""osoba4"""
"""osoba4"""		1363.083	1363083	1365.92	1365920	2.837	2837	"""osoba4"""
"""osoba4"""		1369.306	1369306	1370.282	1370282	0.976	976	"""osoba4"""
"""osoba4"""		1372.549	1372549	1373.86	1373860	1.311	1311	"""osoba4"""
"""osoba4"""		1377.95	1377950	1381.31	1381310	3.36	3360	"""osoba4"""
"""osoba4"""		1383.07	1383070	1384.77	1384770	1.7	1700	"""osoba4"""
"""osoba4"""		1391.213	1391213	1397.45	1397450	6.237	6237	"""osoba4"""
"""osoba4"""		1400.341	1400341	1400.702	1400702	0.361	361	"""osoba4"""
"""osoba4"""		1401.81	1401810	1404.177	1404177	2.367	2367	"""osoba4"""
"""osoba4"""		1409.249	1409249	1411.559	1411559	2.31	2310	"""osoba4"""
"""osoba4"""		1431.117	1431117	1433.824	1433824	2.707	2707	"""osoba4"""
"""osoba4"""		1436.085	1436085	1442.18	1442180	6.095	6095	"""osoba4"""
"""osoba4"""		1446.292	1446292	1450.77	1450770	4.478	4478	"""osoba4"""
"""osoba4"""		1452.01	1452010	1453.3	1453300	1.29	1290	"""osoba4"""
"""osoba4"""		1454.887	1454887	1461.194	1461194	6.307	6307	"""osoba4"""
"""osoba4"""		1462.575	1462575	1463.576	1463576	1.001	1001	"""osoba4"""
"""osoba4"""		1465.921	1465921	1466.339	1466339	0.418	418	"""osoba4"""
"""osoba4"""		1473.145	1473145	1482.14	1482140	8.995	8995	"""osoba4"""
"""osoba4"""		1483.309	1483309	1490.72	1490720	7.411	7411	"""osoba4"""
"""osoba4"""		1494.111	1494111	1499.113	1499113	5.002	5002	"""osoba4"""
"""osoba4"""		1504.387	1504387	1504.508	1504508	0.121	121	"""osoba4"""
"""osoba4"""		1507.41	1507410	1509.95	1509950	2.54	2540	"""osoba4"""
"""osoba4"""		1513.901	1513901	1519.132	1519132	5.231	5231	"""osoba4"""
"""osoba4"""		1520.418	1520418	1524.004	1524004	3.586	3586	"""osoba4"""
"""osoba4"""		1526.281	1526281	1529.067	1529067	2.786	2786	"""osoba4"""
"""osoba4"""		1530.557	1530557	1531.131	1531131	0.574	574	"""osoba4"""
"""osoba4"""		1533.394	1533394	1533.558	1533558	0.164	164	"""osoba4"""
"""osoba4"""		1536.117	1536117	1541.064	1541064	4.947	4947	"""osoba4"""
"""osoba4"""		1543.2	1543200	1543.704	1543704	0.504	504	"""osoba4"""
"""osoba4"""		1545.626	1545626	1545.898	1545898	0.272	272	"""osoba4"""
"""osoba4"""		1548.016	1548016	1551.881	1551881	3.865	3865	"""osoba4"""
"""osoba4"""		1556.634	1556634	1559.313	1559313	2.679	2679	"""osoba4"""
"""osoba4"""		1564.532	1564532	1567.04	1567040	2.508	2508	"""osoba4"""
"""osoba4"""		1571.142	1571142	1571.32	1571320	0.178	178	"""osoba4"""
"""osoba4"""		1572.773	1572773	1574.52	1574520	1.747	1747	"""osoba4"""
"""osoba4"""		1575.82	1575820	1575.985	1575985	0.165	165	"""osoba4"""
"""osoba4"""		1578.93	1578930	1579.15	1579150	0.22	220	""
"""osoba4"""		1582.633	1582633	1586.28	1586280	3.647	3647	"""osoba4"""
"""osoba4"""		1587.913	1587913	1589.09	1589090	1.177	1177	"""osoba4"""
"""osoba4"""		1593.309	1593309	1597.249	1597249	3.94	3940	"""osoba4"""
"""osoba4"""		1598.498	1598498	1599.002	1599002	0.504	504	"""osoba4"""
"""osoba4"""		1601.826	1601826	1601.967	1601967	0.141	141	"""osoba4"""
"""osoba4"""		1606.677	1606677	1608.53	1608530	1.853	1853	"""osoba4"""
"""osoba4"""		1610.15	1610150	1610.632	1610632	0.482	482	"""osoba4"""
"""osoba4"""		1613.716	1613716	1618.643	1618643	4.927	4927	"""osoba4"""
"""osoba4"""		1625.928	1625928	1629.63	1629630	3.702	3702	"""osoba4"""
"""osoba4"""		1631.19	1631190	1634.06	1634060	2.87	2870	"""osoba4"""
"""osoba4"""		1637.283	1637283	1637.463	1637463	0.18	180	"""osoba4"""
"""osoba4"""		1638.943	1638943	1639.392	1639392	0.449	449	"""osoba4"""
"""osoba4"""		1644.198	1644198	1649.018	1649018	4.82	4820	"""osoba4"""
"""osoba4"""		1651.092	1651092	1654.204	1654204	3.112	3112	"""osoba4"""
"""osoba4"""		1657.294	1657294	1663.69	1663690	6.396	6396	"""osoba4"""
"""osoba4"""		1664.54	1664540	1670.95	1670950	6.41	6410	"""osoba4""" """osoba4"""
"""osoba4"""		1674.652	1674652	1675.895	1675895	1.243	1243	"""osoba4"""
"""osoba4"""		1677.39	1677390	1681.542	1681542	4.152	4152	"""osoba4"""
"""osoba4"""		1689.922	1689922	1692.306	1692306	2.384	2384	"""osoba4"""
"""osoba4"""		1693.921	1693921	1694.068	1694068	0.147	147	"""osoba4"""
"""osoba4"""		1702.847	1702847	1704.14	1704140	1.293	1293	"""osoba4"""
"""osoba4"""		1705.21	1705210	1708.5	1708500	3.29	3290	"""osoba4"""
"""osoba4"""		1710.06	1710060	1712.92	1712920	2.86	2860	"""osoba4"""
"""osoba4"""		1714.002	1714002	1722.202	1722202	8.2	8200	"""osoba4"""
"""osoba4"""		1723.14	1723140	1725.7	1725700	2.56	2560	"""osoba4"""
"""osoba4"""		1726.874	1726874	1728.47	1728470	1.596	1596	"""osoba4"""
"""osoba4"""		1730.37	1730370	1733.28	1733280	2.91	2910	"""osoba4"""
"""osoba4"""		1735.11	1735110	1738.539	1738539	3.429	3429	"""osoba4"""
"""osoba4"""		1739.845	1739845	1740.374	1740374	0.529	529	"""osoba4"""
"""osoba4"""		1742.708	1742708	1747.26	1747260	4.552	4552	"""osoba4"""
"""osoba4"""		1751.783	1751783	1757.59	1757590	5.807	5807	"""osoba4"""
"""osoba4"""		1760.848	1760848	1766.38	1766380	5.532	5532	"""osoba4"""
"""osoba4"""		1771.915	1771915	1773.226	1773226	1.311	1311	"""osoba4"""
"""osoba4"""		1776.89	1776890	1778.153	1778153	1.263	1263	"""osoba4"""
"""osoba4"""		1780.15	1780150	1784.68	1784680	4.53	4530	"""osoba4"""
"""osoba4"""		1786.033	1786033	1786.8	1786800	0.767	767	"""osoba4"""
"""osoba4"""		1789.8	1789800	1789.963	1789963	0.163	163	"""osoba4"""
"""osoba4"""		1791.954	1791954	1792.455	1792455	0.501	501	"""osoba4"""
"""osoba4"""		1795.585	1795585	1802.285	1802285	6.7	6700	"""osoba4"""
"""osoba4"""		1805.772	1805772	1806.57	1806570	0.798	798	"""osoba4"""
"""osoba4"""		1808.242	1808242	1808.58	1808580	0.338	338	"""osoba4"""
"""osoba4"""		1810.074	1810074	1811.8	1811800	1.726	1726	"""osoba4"""
"""osoba4"""		1814.239	1814239	1822.901	1822901	8.662	8662	"""osoba4"""
"""osoba4"""		1828.29	1828290	1831.434	1831434	3.144	3144	"""osoba4"""
"""osoba4"""		1832.717	1832717	1834.31	1834310	1.593	1593	"""osoba4"""
"""osoba4"""		1834.95	1834950	1841.06	1841060	6.11	6110	"""osoba4"""
"""osoba4"""		1844.016	1844016	1847.984	1847984	3.968	3968	"""osoba4"""
"""osoba4"""		1849.146	1849146	1849.371	1849371	0.225	225	"""osoba4"""
"""osoba4"""		1851.382	1851382	1854.09	1854090	2.708	2708	"""osoba4"""
"""osoba4"""		1856.386	1856386	1856.501	1856501	0.115	115	"""osoba4"""
"""osoba4"""		1858.246	1858246	1859.674	1859674	1.428	1428	"""osoba4"""
"""osoba4"""		1861.612	1861612	1862.995	1862995	1.383	1383	"""osoba4"""
"""osoba4"""		1868.209	1868209	1868.346	1868346	0.137	137	"""osoba4"""
"""osoba4"""		1869.645	1869645	1874.816	1874816	5.171	5171	"""osoba4"""
"""eksperymentator"""		2.852	2852	10.572	10572	7.72	7720	"""eksperymentator part0"""
"""eksperymentator"""		16.73	16730	19.875	19875	3.145	3145	"""eksperymentator part0"""
"""eksperymentator"""		21.705	21705	22.681	22681	0.976	976	"""eksperymentator part0"""
"""eksperymentator"""		24.789	24789	25.131	25131	0.342	342	"""eksperymentator part0"""
"""eksperymentator"""		27.786	27786	29.8	29800	2.014	2014	"""eksperymentator part0"""
"""eksperymentator"""		32.393	32393	35.284	35284	2.891	2891	"""eksperymentator part0"""
"""eksperymentator"""		1849.114	1849114	1850.045	1850045	0.931	931	"""eksperymentator part1"""
"""eksperymentator"""		1854.605	1854605	1855.335	1855335	0.73	730	"""eksperymentator part1"""
"""eksperymentator"""		1863.474	1863474	1868.091	1868091	4.617	4617	"""eksperymentator part1"""
"""eksperymentator"""		1870.984	1870984	1871.143	1871143	0.159	159	"""eksperymentator part1"""
"""eksperymentator"""		1873.775	1873775	1874.831	1874831	1.056	1056	"""eksperymentator part1"""
"""eksperymentator_1"""		2.898	2898	10.618	10618	7.72	7720	"""eksperymentator part0"""
"""eksperymentator_1"""		16.776	16776	19.921	19921	3.145	3145	"""eksperymentator part0"""
"""eksperymentator_1"""		21.751	21751	22.727	22727	0.976	976	"""eksperymentator part0"""
"""eksperymentator_1"""		24.835	24835	25.177	25177	0.342	342	"""eksperymentator part0"""
"""eksperymentator_1"""		27.832	27832	29.846	29846	2.014	2014	"""eksperymentator part0"""
"""eksperymentator_1"""		32.439	32439	35.33	35330	2.891	2891	"""eksperymentator part0"""
"""eksperymentator_1"""		1849.16	1849160	1850.091	1850091	0.931	931	"""eksperymentator part1"""
"""eksperymentator_1"""		1854.651	1854651	1855.381	1855381	0.73	730	"""eksperymentator part1"""
"""eksperymentator_1"""		1863.52	1863520	1868.137	1868137	4.617	4617	"""eksperymentator part1"""
"""eksperymentator_1"""		1871.03	1871030	1871.189	1871189	0.159	159	"""eksperymentator part1"""
"""eksperymentator_1"""		1873.821	1873821	1874.877	1874877	1.056	1056	"""eksperymentator part1"""
