default		106.94	106940	107.94	107940	1.0	1000	BEGIN
default		1970.754	1970754	1971.754	1971754	1.0	1000	END
"""osoba1"""		106.94	106940	109.574	109574	2.634	2634	"""osoba1"""
"""osoba1"""		112.572	112572	113.144	113144	0.572	572	"""osoba1"""
"""osoba1"""		115.926	115926	117.949	117949	2.023	2023	"""osoba1"""
"""osoba1"""		126.481	126481	127.952	127952	1.471	1471	"""osoba1"""
"""osoba1"""		136.34	136340	137.759	137759	1.419	1419	"""osoba1"""
"""osoba1"""		140.311	140311	145.536	145536	5.225	5225	"""osoba1"""
"""osoba1"""		150.569	150569	151.089	151089	0.52	520	"""osoba1"""
"""osoba1"""		154.059	154059	154.95	154950	0.891	891	"""osoba1"""
"""osoba1"""		162.387	162387	164.755	164755	2.368	2368	"""osoba1"""
"""osoba1"""		165.935	165935	166.579	166579	0.644	644	"""osoba1"""
"""osoba1"""		170.032	170032	175.136	175136	5.104	5104	"""osoba1"""
"""osoba1"""		177.4	177400	178.44	178440	1.04	1040	"""osoba1"""
"""osoba1"""		183.928	183928	187.493	187493	3.565	3565	"""osoba1"""
"""osoba1"""		188.955	188955	189.742	189742	0.787	787	"""osoba1"""
"""osoba1"""		213.411	213411	213.62	213620	0.209	209	"""osoba1"""
"""osoba1"""		216.498	216498	217.3	217300	0.802	802	"""osoba1"""
"""osoba1"""		227.872	227872	228.399	228399	0.527	527	"""osoba1"""
"""osoba1"""		235.698	235698	242.081	242081	6.383	6383	"""osoba1"""
"""osoba1"""		256.348	256348	256.726	256726	0.378	378	"""osoba1"""
"""osoba1"""		266.534	266534	266.728	266728	0.194	194	"""osoba1"""
"""osoba1"""		269.285	269285	270.694	270694	1.409	1409	"""osoba1"""
"""osoba1"""		272.315	272315	272.571	272571	0.256	256	"""osoba1"""
"""osoba1"""		281.224	281224	286.719	286719	5.495	5495	"""osoba1"""
"""osoba1"""		289.711	289711	292.065	292065	2.354	2354	"""osoba1"""
"""osoba1"""		303.672	303672	305.621	305621	1.949	1949	"""osoba1"""
"""osoba1"""		310.198	310198	310.349	310349	0.151	151	"""osoba1"""
"""osoba1"""		318.459	318459	319.62	319620	1.161	1161	"""osoba1"""
"""osoba1"""		321.37	321370	322.25	322250	0.88	880	"""osoba1"""
"""osoba1"""		324.223	324223	324.817	324817	0.594	594	"""osoba1"""
"""osoba1"""		331.534	331534	331.988	331988	0.454	454	"""osoba1"""
"""osoba1"""		334.891	334891	336.9	336900	2.009	2009	"""osoba1"""
"""osoba1"""		357.547	357547	357.789	357789	0.242	242	"""osoba1"""
"""osoba1"""		363.947	363947	366.55	366550	2.603	2603	"""osoba1"""
"""osoba1"""		372.92	372920	373.076	373076	0.156	156	"""osoba1"""
"""osoba1"""		374.895	374895	375.341	375341	0.446	446	"""osoba1"""
"""osoba1"""		377.305	377305	377.806	377806	0.501	501	"""osoba1"""
"""osoba1"""		393.702	393702	399.34	399340	5.638	5638	"""osoba1"""
"""osoba1"""		402.698	402698	403.547	403547	0.849	849	"""osoba1"""
"""osoba1"""		408.727	408727	409.979	409979	1.252	1252	"""osoba1"""
"""osoba1"""		416.269	416269	424.69	424690	8.421	8421	"""osoba1"""
"""osoba1"""		433.225	433225	433.563	433563	0.338	338	"""osoba1"""
"""osoba1"""		444.655	444655	446.18	446180	1.525	1525	"""osoba1"""
"""osoba1"""		454.953	454953	455.198	455198	0.245	245	"""osoba1"""
"""osoba1"""		469.483	469483	469.849	469849	0.366	366	"""osoba1"""
"""osoba1"""		476.667	476667	477.681	477681	1.014	1014	"""osoba1"""
"""osoba1"""		482.77	482770	483.699	483699	0.929	929	"""osoba1"""
"""osoba1"""		492.923	492923	493.33	493330	0.407	407	"""osoba1"""
"""osoba1"""		502.24	502240	503.37	503370	1.13	1130	"""osoba1"""
"""osoba1"""		506.802	506802	507.78	507780	0.978	978	"""osoba1"""
"""osoba1"""		509.606	509606	509.726	509726	0.12	120	"""osoba1"""
"""osoba1"""		513.386	513386	513.881	513881	0.495	495	"""osoba1"""
"""osoba1"""		518.729	518729	519.099	519099	0.37	370	"""osoba1"""
"""osoba1"""		520.18	520180	521.545	521545	1.365	1365	"""osoba1"""
"""osoba1"""		523.699	523699	524.6	524600	0.901	901	"""osoba1"""
"""osoba1"""		536.444	536444	536.825	536825	0.381	381	"""osoba1"""
"""osoba1"""		546.273	546273	547.465	547465	1.192	1192	"""osoba1"""
"""osoba1"""		557.349	557349	558.166	558166	0.817	817	"""osoba1"""
"""osoba1"""		570.796	570796	571.591	571591	0.795	795	"""osoba1"""
"""osoba1"""		583.611	583611	584.721	584721	1.11	1110	"""osoba1"""
"""osoba1"""		586.419	586419	586.993	586993	0.574	574	"""osoba1"""
"""osoba1"""		590.073	590073	591.422	591422	1.349	1349	"""osoba1"""
"""osoba1"""		597.391	597391	600.845	600845	3.454	3454	"""osoba1"""
"""osoba1"""		612.285	612285	614.545	614545	2.26	2260	"""osoba1"""
"""osoba1"""		619.149	619149	620.076	620076	0.927	927	"""osoba1"""
"""osoba1"""		633.34	633340	633.605	633605	0.265	265	"""osoba1"""
"""osoba1"""		646.451	646451	646.803	646803	0.352	352	"""osoba1"""
"""osoba1"""		657.071	657071	657.498	657498	0.427	427	"""osoba1"""
"""osoba1"""		667.7	667700	670.63	670630	2.93	2930	"""osoba1"""
"""osoba1"""		679.88	679880	680.5	680500	0.62	620	"""osoba1"""
"""osoba1"""		686.057	686057	686.338	686338	0.281	281	"""osoba1"""
"""osoba1"""		697.624	697624	697.915	697915	0.291	291	"""osoba1"""
"""osoba1"""		707.463	707463	709.36	709360	1.897	1897	"""osoba1"""
"""osoba1"""		721.228	721228	722.29	722290	1.062	1062	"""osoba1"""
"""osoba1"""		742.71	742710	744.575	744575	1.865	1865	"""osoba1"""
"""osoba1"""		750.18	750180	750.659	750659	0.479	479	"""osoba1"""
"""osoba1"""		751.662	751662	751.949	751949	0.287	287	"""osoba1"""
"""osoba1"""		754.574	754574	754.989	754989	0.415	415	"""osoba1"""
"""osoba1"""		785.891	785891	787.835	787835	1.944	1944	"""osoba1"""
"""osoba1"""		795.146	795146	797.82	797820	2.674	2674	"""osoba1"" ""osoba1"""
"""osoba1"""		808.345	808345	811.849	811849	3.504	3504	"""osoba1"""
"""osoba1"""		823.896	823896	825.77	825770	1.874	1874	"""osoba1"""
"""osoba1"""		852.285	852285	852.711	852711	0.426	426	"""osoba1"""
"""osoba1"""		867.218	867218	867.833	867833	0.615	615	"""osoba1"""
"""osoba1"""		873.715	873715	875.816	875816	2.101	2101	"""osoba1"""
"""osoba1"""		896.607	896607	897.212	897212	0.605	605	"""osoba1"""
"""osoba1"""		902.931	902931	903.464	903464	0.533	533	"""osoba1"""
"""osoba1"""		919.037	919037	919.407	919407	0.37	370	"""osoba1"""
"""osoba1"""		954.128	954128	954.481	954481	0.353	353	"""osoba1"""
"""osoba1"""		957.533	957533	959.613	959613	2.08	2080	"""osoba1"""
"""osoba1"""		960.694	960694	962.912	962912	2.218	2218	"""osoba1"""
"""osoba1"""		974.5	974500	978.433	978433	3.933	3933	"""osoba1"""
"""osoba1"""		990.932	990932	994.999	994999	4.067	4067	"""osoba1"""
"""osoba1"""		1014.884	1014884	1029.17	1029170	14.286	14286	"""osoba1"""
"""osoba1"""		1035.721	1035721	1038.13	1038130	2.409	2409	"""osoba1"""
"""osoba1"""		1064.534	1064534	1064.772	1064772	0.238	238	"""osoba1"""
"""osoba1"""		1080.107	1080107	1081.191	1081191	1.084	1084	"""osoba1"""
"""osoba1"""		1091.207	1091207	1093.32	1093320	2.113	2113	"""osoba1"""
"""osoba1"""		1102.93	1102930	1104.193	1104193	1.263	1263	"""osoba1"""
"""osoba1"""		1136.736	1136736	1138.826	1138826	2.09	2090	"""osoba1"""
"""osoba1"""		1154.712	1154712	1155.19	1155190	0.478	478	"""osoba1"""
"""osoba1"""		1163.449	1163449	1164.763	1164763	1.314	1314	"""osoba1"""
"""osoba1"""		1166.518	1166518	1168.029	1168029	1.511	1511	"""osoba1"""
"""osoba1"""		1174.552	1174552	1175.252	1175252	0.7	700	"""osoba1"""
"""osoba1"""		1184.878	1184878	1185.082	1185082	0.204	204	"""osoba1"""
"""osoba1"""		1194.176	1194176	1194.484	1194484	0.308	308	"""osoba1"""
"""osoba1"""		1198.242	1198242	1198.864	1198864	0.622	622	"""osoba1"""
"""osoba1"""		1203.259	1203259	1203.648	1203648	0.389	389	"""osoba1"""
"""osoba1"""		1213.382	1213382	1214.505	1214505	1.123	1123	"""osoba1"""
"""osoba1"""		1217.56	1217560	1217.715	1217715	0.155	155	"""osoba1"""
"""osoba1"""		1219.16	1219160	1221.112	1221112	1.952	1952	"""osoba1"""
"""osoba1"""		1233.063	1233063	1233.436	1233436	0.373	373	"""osoba1"""
"""osoba1"""		1239.231	1239231	1239.592	1239592	0.361	361	"""osoba1"""
"""osoba1"""		1242.13	1242130	1243.2	1243200	1.07	1070	"""osoba1"""
"""osoba1"""		1251.085	1251085	1251.445	1251445	0.36	360	"""osoba1"""
"""osoba1"""		1256.023	1256023	1256.839	1256839	0.816	816	"""osoba1"""
"""osoba1"""		1264.6	1264600	1265.37	1265370	0.77	770	"""osoba1"""
"""osoba1"""		1270.557	1270557	1270.848	1270848	0.291	291	"""osoba1"""
"""osoba1"""		1282.407	1282407	1282.772	1282772	0.365	365	"""osoba1"""
"""osoba1"""		1296.254	1296254	1297.597	1297597	1.343	1343	"""osoba1"""
"""osoba1"""		1303.687	1303687	1304.416	1304416	0.729	729	"""osoba1"""
"""osoba1"""		1307.443	1307443	1311.82	1311820	4.377	4377	"""osoba1"""
"""osoba1"""		1320.335	1320335	1320.639	1320639	0.304	304	"""osoba1"""
"""osoba1"""		1323.41	1323410	1324.142	1324142	0.732	732	"""osoba1"""
"""osoba1"""		1331.564	1331564	1331.86	1331860	0.296	296	"""osoba1"""
"""osoba1"""		1332.963	1332963	1333.458	1333458	0.495	495	"""osoba1"""
"""osoba1"""		1353.865	1353865	1354.55	1354550	0.685	685	"""osoba1"""
"""osoba1"""		1357.608	1357608	1357.783	1357783	0.175	175	"""osoba1"""
"""osoba1"""		1364.12	1364120	1365.091	1365091	0.971	971	"""osoba1"""
"""osoba1"""		1369.946	1369946	1370.266	1370266	0.32	320	"""osoba1"""
"""osoba1"""		1385.448	1385448	1385.632	1385632	0.184	184	"""osoba1"""
"""osoba1"""		1390.115	1390115	1390.498	1390498	0.383	383	"""osoba1"""
"""osoba1"""		1395.546	1395546	1397.942	1397942	2.396	2396	"""osoba1"""
"""osoba1"""		1407.808	1407808	1408.521	1408521	0.713	713	"""osoba1"""
"""osoba1"""		1424.662	1424662	1425.265	1425265	0.603	603	"""osoba1"""
"""osoba1"""		1465.334	1465334	1466.338	1466338	1.004	1004	"""osoba1"""
"""osoba1"""		1470.308	1470308	1470.705	1470705	0.397	397	"""osoba1"""
"""osoba1"""		1489.727	1489727	1490.223	1490223	0.496	496	"""osoba1"""
"""osoba1"""		1494.231	1494231	1497.307	1497307	3.076	3076	"""osoba1"""
"""osoba1"""		1528.64	1528640	1530.248	1530248	1.608	1608	"""osoba1"""
"""osoba1"""		1552.331	1552331	1554.566	1554566	2.235	2235	"""osoba1"""
"""osoba1"""		1556.456	1556456	1556.798	1556798	0.342	342	"""osoba1"""
"""osoba1"""		1567.675	1567675	1568.154	1568154	0.479	479	"""osoba1"""
"""osoba1"""		1576.931	1576931	1580.92	1580920	3.989	3989	"""osoba1"""
"""osoba1"""		1611.577	1611577	1614.61	1614610	3.033	3033	"""osoba1"""
"""osoba1"""		1662.413	1662413	1663.726	1663726	1.313	1313	"""osoba1"""
"""osoba1"""		1707.544	1707544	1710.126	1710126	2.582	2582	"""osoba1"""
"""osoba1"""		1722.338	1722338	1723.011	1723011	0.673	673	"""osoba1"""
"""osoba1"""		1728.782	1728782	1731.926	1731926	3.144	3144	"""osoba1"""
"""osoba1"""		1733.659	1733659	1734.35	1734350	0.691	691	"""osoba1"""
"""osoba1"""		1737.845	1737845	1739.088	1739088	1.243	1243	"""osoba1"""
"""osoba1"""		1789.005	1789005	1789.172	1789172	0.167	167	"""osoba1"""
"""osoba1"""		1813.359	1813359	1814.809	1814809	1.45	1450	"""osoba1"""
"""osoba1"""		1845.411	1845411	1845.889	1845889	0.478	478	"""osoba1"""
"""osoba1"""		1855.711	1855711	1859.208	1859208	3.497	3497	"""osoba1"""
"""osoba1"""		1888.396	1888396	1890.191	1890191	1.795	1795	"""osoba1"""
"""osoba1"""		1908.421	1908421	1909.126	1909126	0.705	705	"""osoba1"""
"""osoba1"""		1929.093	1929093	1931.685	1931685	2.592	2592	"""osoba1"""
"""osoba1"""		1948.708	1948708	1951.132	1951132	2.424	2424	"""osoba1"""
"""osoba1"""		1957.278	1957278	1959.796	1959796	2.518	2518	"""osoba1"""
"""osoba2"""		109.78	109780	109.91	109910	0.13	130	"osoba2"
"""osoba2"""		113.71	113710	114.57	114570	0.86	860	"""osoba2"""
"""osoba2"""		118.014	118014	118.21	118210	0.196	196	"""osoba2"""
"""osoba2"""		131.147	131147	133.18	133180	2.033	2033	"""osoba2"""
"""osoba2"""		146.497	146497	147.204	147204	0.707	707	"""osoba2"""
"""osoba2"""		149.383	149383	150.196	150196	0.813	813	"""osoba2"""
"""osoba2"""		152.2	152200	152.425	152425	0.225	225	"""osoba2"""
"""osoba2"""		157.446	157446	157.746	157746	0.3	300	"""osoba2"""
"""osoba2"""		179.046	179046	179.833	179833	0.787	787	"""osoba2"""
"""osoba2"""		214.822	214822	215.12	215120	0.298	298	"""osoba2"""
"""osoba2"""		309.552	309552	309.729	309729	0.177	177	"""osoba2"""
"""osoba2"""		320.11	320110	320.953	320953	0.843	843	"""osoba2"""
"""osoba2"""		331.81	331810	331.923	331923	0.113	113	"""osoba2"""
"""osoba2"""		337.489	337489	337.602	337602	0.113	113	"""osoba2"""
"""osoba2"""		345.536	345536	347.96	347960	2.424	2424	"""osoba2"""
"""osoba2"""		367.478	367478	367.649	367649	0.171	171	"""osoba2"""
"""osoba2"""		379.049	379049	379.121	379121	0.072	72	"osoba2"
"""osoba2"""		440.59	440590	442.29	442290	1.7	1700	"""osoba2"""
"""osoba2"""		446.813	446813	446.973	446973	0.16	160	"""osoba2"""
"""osoba2"""		475.638	475638	476.163	476163	0.525	525	"""osoba2"""
"""osoba2"""		478.92	478920	479.44	479440	0.52	520	"""osoba2"""
"""osoba2"""		490.26	490260	490.945	490945	0.685	685	"""osoba2"""
"""osoba2"""		494.136	494136	498.612	498612	4.476	4476	"""osoba2"""
"""osoba2"""		518.461	518461	519.0	519000	0.539	539	"""osoba2"""
"""osoba2"""		528.713	528713	530.737	530737	2.024	2024	"""osoba2"""
"""osoba2"""		533.959	533959	534.105	534105	0.146	146	"""osoba2"""
"""osoba2"""		554.976	554976	555.419	555419	0.443	443	"""osoba2"""
"""osoba2"""		572.21	572210	572.423	572423	0.213	213	"""osoba2"""
"""osoba2"""		600.253	600253	600.368	600368	0.115	115	"""osoba2"""
"""osoba2"""		650.768	650768	651.89	651890	1.122	1122	"""osoba2"""
"""osoba2"""		653.19	653190	655.866	655866	2.676	2676	"""osoba2"""
"""osoba2"""		671.625	671625	675.04	675040	3.415	3415	"""osoba2"""
"""osoba2"""		684.715	684715	685.213	685213	0.498	498	"""osoba2"""
"""osoba2"""		728.158	728158	728.27	728270	0.112	112	"""osoba2"""
"""osoba2"""		733.246	733246	733.472	733472	0.226	226	"""osoba2"""
"""osoba2"""		744.635	744635	748.484	748484	3.849	3849	"""osoba2"""
"""osoba2"""		765.207	765207	770.777	770777	5.57	5570	"""osoba2"""
"""osoba2"""		773.328	773328	774.404	774404	1.076	1076	"""osoba2"""
"""osoba2"""		782.343	782343	782.875	782875	0.532	532	"""osoba2"""
"""osoba2"""		797.904	797904	799.216	799216	1.312	1312	"""osoba2"""
"""osoba2"""		816.78	816780	820.787	820787	4.007	4007	"""osoba2"""
"""osoba2"""		826.629	826629	826.992	826992	0.363	363	"""osoba2"""
"""osoba2"""		833.565	833565	840.252	840252	6.687	6687	"""osoba2"" ""osoba2"""
"""osoba2"""		863.483	863483	865.951	865951	2.468	2468	"""osoba2"""
"""osoba2"""		930.498	930498	930.639	930639	0.141	141	"""osoba2"""
"""osoba2"""		972.382	972382	972.551	972551	0.169	169	"""osoba2"""
"""osoba2"""		1070.066	1070066	1070.514	1070514	0.448	448	"""osoba2"""
"""osoba2"""		1142.976	1142976	1143.087	1143087	0.111	111	"osoba2"
"""osoba2"""		1154.76	1154760	1155.063	1155063	0.303	303	"""osoba2"""
"""osoba2"""		1169.97	1169970	1173.308	1173308	3.338	3338	"""osoba2"" ""osoba2"""
"""osoba2"""		1181.955	1181955	1183.275	1183275	1.32	1320	"""osoba2"""
"""osoba2"""		1198.524	1198524	1201.691	1201691	3.167	3167	"""osoba2"" ""osoba2"""
"""osoba2"""		1204.551	1204551	1205.5	1205500	0.949	949	"""osoba2"""
"""osoba2"""		1212.059	1212059	1213.231	1213231	1.172	1172	"""osoba2"""
"""osoba2"""		1216.79	1216790	1216.909	1216909	0.119	119	"""osoba2"""
"""osoba2"""		1226.617	1226617	1229.765	1229765	3.148	3148	"""osoba2"" ""osoba2"""
"""osoba2"""		1230.495	1230495	1231.021	1231021	0.526	526	"""osoba2"""
"""osoba2"""		1235.34	1235340	1237.751	1237751	2.411	2411	"""osoba2"""
"""osoba2"""		1243.949	1243949	1245.84	1245840	1.891	1891	"""osoba2"""
"""osoba2"""		1248.139	1248139	1250.55	1250550	2.411	2411	"""osoba2"""
"""osoba2"""		1258.981	1258981	1261.682	1261682	2.701	2701	"""osoba2"""
"""osoba2"""		1269.799	1269799	1269.941	1269941	0.142	142	"""osoba2"""
"""osoba2"""		1279.638	1279638	1280.002	1280002	0.364	364	"""osoba2"""
"""osoba2"""		1288.348	1288348	1290.16	1290160	1.812	1812	"""osoba2"""
"""osoba2"""		1293.806	1293806	1295.249	1295249	1.443	1443	"""osoba2"""
"""osoba2"""		1299.822	1299822	1303.05	1303050	3.228	3228	"""osoba2"""
"""osoba2"""		1316.91	1316910	1319.748	1319748	2.838	2838	"""osoba2"""
"""osoba2"""		1322.48	1322480	1322.604	1322604	0.124	124	"""osoba2"""
"""osoba2"""		1326.273	1326273	1326.794	1326794	0.521	521	"""osoba2"""
"""osoba2"""		1327.904	1327904	1328.517	1328517	0.613	613	"""osoba2"""
"""osoba2"""		1361.696	1361696	1361.928	1361928	0.232	232	"""osoba2"""
"""osoba2"""		1365.247	1365247	1366.17	1366170	0.923	923	"""osoba2"""
"""osoba2"""		1369.609	1369609	1370.153	1370153	0.544	544	"""osoba2"""
"""osoba2"""		1372.217	1372217	1373.411	1373411	1.194	1194	"""osoba2"""
"""osoba2"""		1374.962	1374962	1375.565	1375565	0.603	603	"""osoba2"""
"""osoba2"""		1392.877	1392877	1393.31	1393310	0.433	433	"""osoba2"""
"""osoba2"""		1410.522	1410522	1410.784	1410784	0.262	262	"""osoba2"""
"""osoba2"""		1419.382	1419382	1422.345	1422345	2.963	2963	"""osoba2"""
"""osoba2"""		1430.632	1430632	1431.884	1431884	1.252	1252	"""osoba2"""
"""osoba2"""		1438.705	1438705	1441.094	1441094	2.389	2389	"""osoba2"""
"""osoba2"""		1456.303	1456303	1456.405	1456405	0.102	102	"""osoba2"""
"""osoba2"""		1480.169	1480169	1480.551	1480551	0.382	382	"""osoba2"""
"""osoba2"""		1504.627	1504627	1506.139	1506139	1.512	1512	"""osoba2"""
"""osoba2"""		1531.044	1531044	1531.146	1531146	0.102	102	"""osoba2"""
"""osoba2"""		1541.044	1541044	1541.194	1541194	0.15	150	"osoba2"
"""osoba2"""		1543.61	1543610	1545.459	1545459	1.849	1849	"""osoba2"""
"""osoba2"""		1583.676	1583676	1588.145	1588145	4.469	4469	"""osoba2"""
"""osoba2"""		1589.996	1589996	1591.934	1591934	1.938	1938	"""osoba2"""
"""osoba2"""		1593.655	1593655	1596.699	1596699	3.044	3044	"""osoba2"""
"""osoba2"""		1615.243	1615243	1615.395	1615395	0.152	152	"""osoba2"""
"""osoba2"""		1690.07	1690070	1690.255	1690255	0.185	185	"osoba2"
"""osoba2"""		1704.949	1704949	1706.831	1706831	1.882	1882	"""osoba2"""
"""osoba2"""		1734.315	1734315	1734.467	1734467	0.152	152	"""osoba2"""
"""osoba2"""		1767.605	1767605	1767.853	1767853	0.248	248	"osoba2"
"""osoba2"""		1787.402	1787402	1788.519	1788519	1.117	1117	"""osoba2"""
"""osoba2"""		1814.586	1814586	1815.821	1815821	1.235	1235	"""osoba2"""
"""osoba2"""		1837.413	1837413	1840.686	1840686	3.273	3273	"""osoba2"""
"""osoba2"""		1845.025	1845025	1845.707	1845707	0.682	682	"""osoba2"""
"""osoba2"""		1847.026	1847026	1848.097	1848097	1.071	1071	"""osoba2"""
"""osoba2"""		1860.699	1860699	1861.566	1861566	0.867	867	"""osoba2"""
"""osoba2"""		1865.299	1865299	1866.365	1866365	1.066	1066	"""osoba2"""
"""osoba2"""		1871.616	1871616	1872.604	1872604	0.988	988	"""osoba2"""
"""osoba2"""		1873.989	1873989	1874.328	1874328	0.339	339	"""osoba2"""
"""osoba2"""		1890.941	1890941	1892.041	1892041	1.1	1100	"""osoba2"""
"""osoba2"""		1899.933	1899933	1905.033	1905033	5.1	5100	"""osoba2"""
"""osoba2"""		1917.288	1917288	1917.647	1917647	0.359	359	"""osoba2"""
"""osoba2"""		1921.949	1921949	1923.013	1923013	1.064	1064	"""osoba2"""
"""osoba2"""		1924.053	1924053	1929.234	1929234	5.181	5181	"""osoba2"""
"""osoba2"""		1937.968	1937968	1938.071	1938071	0.103	103	"""osoba2"""
"""osoba2"""		1960.57	1960570	1960.938	1960938	0.368	368	"""osoba2"""
"""osoba2"""		1970.769	1970769	1971.216	1971216	0.447	447	"""osoba2"""
"""osoba3"""		150.52	150520	151.24	151240	0.72	720	"""osoba3"""
"""osoba3"""		152.689	152689	153.175	153175	0.486	486	"""osoba3"""
"""osoba3"""		154.642	154642	154.845	154845	0.203	203	"""osoba3"""
"""osoba3"""		156.379	156379	158.233	158233	1.854	1854	"""osoba3"""
"""osoba3"""		159.872	159872	160.509	160509	0.637	637	"""osoba3"""
"""osoba3"""		165.915	165915	166.019	166019	0.104	104	"""osoba3"""
"""osoba3"""		167.836	167836	169.815	169815	1.979	1979	"""osoba3"""
"""osoba3"""		201.906	201906	202.682	202682	0.776	776	"""osoba3"""
"""osoba3"""		296.779	296779	298.172	298172	1.393	1393	"""osoba3"""
"""osoba3"""		298.8	298800	302.26	302260	3.46	3460	"""osoba3"""
"""osoba3"""		314.968	314968	315.836	315836	0.868	868	"""osoba3"""
"""osoba3"""		338.112	338112	338.363	338363	0.251	251	"""osoba3"""
"""osoba3"""		342.36	342360	343.09	343090	0.73	730	"""osoba3"""
"""osoba3"""		350.382	350382	351.09	351090	0.708	708	"""osoba3"""
"""osoba3"""		351.976	351976	353.108	353108	1.132	1132	"""osoba3"""
"""osoba3"""		427.24	427240	428.682	428682	1.442	1442	"""osoba3"""
"""osoba3"""		515.89	515890	517.881	517881	1.991	1991	"""osoba3"""
"""osoba3"""		522.695	522695	523.051	523051	0.356	356	"""osoba3"""
"""osoba3"""		525.451	525451	526.781	526781	1.33	1330	"""osoba3"""
"""osoba3"""		662.59	662590	663.772	663772	1.182	1182	"""osoba3"""
"""osoba3"""		673.017	673017	673.306	673306	0.289	289	"""osoba3"""
"""osoba3"""		677.594	677594	677.889	677889	0.295	295	"""osoba3"""
"""osoba3"""		772.487	772487	773.362	773362	0.875	875	"""osoba3"""
"""osoba3"""		781.211	781211	782.19	782190	0.979	979	"""osoba3"""
"""osoba3"""		804.387	804387	805.139	805139	0.752	752	"""osoba3"""
"""osoba3"""		805.757	805757	807.705	807705	1.948	1948	"""osoba3"""
"""osoba3"""		813.849	813849	816.272	816272	2.423	2423	"""osoba3"""
"""osoba3"""		821.335	821335	822.215	822215	0.88	880	"""osoba3"""
"""osoba3"""		833.936	833936	834.247	834247	0.311	311	"""osoba3"""
"""osoba3"""		955.789	955789	955.965	955965	0.176	176	"""osoba3"""
"""osoba3"""		981.463	981463	982.411	982411	0.948	948	"""osoba3"""
"""osoba3"""		998.735	998735	999.154	999154	0.419	419	"osoba3"
"""osoba3"""		1008.815	1008815	1009.014	1009014	0.199	199	"""osoba3"""
"""osoba3"""		1071.028	1071028	1078.507	1078507	7.479	7479	"""osoba3"""
"""osoba3"""		1166.2	1166200	1166.644	1166644	0.444	444	"""osoba3"""
"""osoba3"""		1174.49	1174490	1174.844	1174844	0.354	354	"""osoba3"""
"""osoba3"""		1178.72	1178720	1180.955	1180955	2.235	2235	"""osoba3"""
"""osoba3"""		1181.902	1181902	1182.116	1182116	0.214	214	"""osoba3"""
"""osoba3"""		1185.525	1185525	1186.261	1186261	0.736	736	"""osoba3"""
"""osoba3"""		1203.978	1203978	1204.53	1204530	0.552	552	"""osoba3"""
"""osoba3"""		1207.745	1207745	1209.938	1209938	2.193	2193	"""osoba3"""
"""osoba3"""		1264.943	1264943	1265.164	1265164	0.221	221	"""osoba3"""
"""osoba3"""		1267.919	1267919	1268.059	1268059	0.14	140	"""osoba3"""
"""osoba3"""		1271.412	1271412	1271.819	1271819	0.407	407	"""osoba3"""
"""osoba3"""		1272.994	1272994	1273.605	1273605	0.611	611	"""osoba3"""
"""osoba3"""		1279.938	1279938	1280.383	1280383	0.445	445	"""osoba3"""
"""osoba3"""		1379.886	1379886	1382.433	1382433	2.547	2547	"""osoba3"""
"""osoba3"""		1386.037	1386037	1386.233	1386233	0.196	196	"""osoba3"""
"""osoba3"""		1423.523	1423523	1423.655	1423655	0.132	132	"""osoba3"""
"""osoba3"""		1433.347	1433347	1433.739	1433739	0.392	392	"""osoba3"""
"""osoba3"""		1455.073	1455073	1455.993	1455993	0.92	920	"""osoba3"""
"""osoba3"""		1490.136	1490136	1491.054	1491054	0.918	918	"""osoba3"""
"""osoba3"""		1507.24	1507240	1508.235	1508235	0.995	995	"""osoba3"""
"""osoba3"""		1511.238	1511238	1511.46	1511460	0.222	222	"""osoba3"""
"""osoba3"""		1515.248	1515248	1516.162	1516162	0.914	914	"""osoba3"""
"""osoba3"""		1518.52	1518520	1518.672	1518672	0.152	152	"""osoba3"""
"""osoba3"""		1524.371	1524371	1524.809	1524809	0.438	438	"""osoba3"""
"""osoba3"""		1562.916	1562916	1566.836	1566836	3.92	3920	"""osoba3"""
"""osoba3"""		1569.508	1569508	1576.716	1576716	7.208	7208	"""osoba3"""
"""osoba3"""		1606.336	1606336	1608.17	1608170	1.834	1834	"""osoba3"""
"""osoba3"""		1617.274	1617274	1620.278	1620278	3.004	3004	"""osoba3"" ""osoba3"""
"""osoba3"""		1621.424	1621424	1623.867	1623867	2.443	2443	"""osoba3"""
"""osoba3"""		1627.63	1627630	1627.829	1627829	0.199	199	"""osoba3"""
"""osoba3"""		1645.011	1645011	1647.049	1647049	2.038	2038	"""osoba3"""
"""osoba3"""		1708.036	1708036	1708.399	1708399	0.363	363	"""osoba3"""
"""osoba3"""		1712.144	1712144	1713.553	1713553	1.409	1409	"""osoba3"""
"""osoba3"""		1722.675	1722675	1723.703	1723703	1.028	1028	"""osoba3"""
"""osoba3"""		1737.569	1737569	1738.27	1738270	0.701	701	"""osoba3"""
"""osoba3"""		1740.366	1740366	1742.534	1742534	2.168	2168	"osoba3"
"""osoba3"""		1744.482	1744482	1745.247	1745247	0.765	765	"""osoba3"""
"""osoba3"""		1771.405	1771405	1771.6	1771600	0.195	195	"""osoba3"""
"""osoba3"""		1782.522	1782522	1786.115	1786115	3.593	3593	"""osoba3"""
"""osoba3"""		1790.625	1790625	1793.14	1793140	2.515	2515	"""osoba3"""
"""osoba3"""		1835.022	1835022	1836.208	1836208	1.186	1186	"""osoba3"""
"""osoba3"""		1857.041	1857041	1857.213	1857213	0.172	172	"""osoba3"""
"""osoba3"""		1863.079	1863079	1863.329	1863329	0.25	250	"""osoba3"""
"""osoba3"""		1874.008	1874008	1875.229	1875229	1.221	1221	"""osoba3"""
"""osoba3"""		1917.914	1917914	1919.053	1919053	1.139	1139	"""osoba3"""
"""osoba3"""		1922.669	1922669	1923.376	1923376	0.707	707	"""osoba3"""
"""osoba3"""		1933.982	1933982	1936.295	1936295	2.313	2313	"""osoba3"""
"""osoba3"""		1939.597	1939597	1941.504	1941504	1.907	1907	"""osoba3"""
"""osoba3"""		1946.548	1946548	1946.815	1946815	0.267	267	"""osoba3"""
"""osoba3"""		1951.955	1951955	1952.561	1952561	0.606	606	"""osoba3"""
"""osoba3"""		1957.421	1957421	1958.071	1958071	0.65	650	"""osoba3"""
"""osoba4"""		110.443	110443	112.745	112745	2.302	2302	"""osoba4"""
"""osoba4"""		117.82	117820	120.69	120690	2.87	2870	"""osoba4"""
"""osoba4"""		124.535	124535	125.18	125180	0.645	645	"""osoba4"""
"""osoba4"""		126.197	126197	126.297	126297	0.1	100	"osoba4"
"""osoba4"""		127.582	127582	130.244	130244	2.662	2662	"""osoba4"""
"""osoba4"""		134.367	134367	136.076	136076	1.709	1709	"""osoba4"""
"""osoba4"""		138.208	138208	140.205	140205	1.997	1997	"""osoba4"""
"""osoba4"""		156.493	156493	156.736	156736	0.243	243	"""osoba4"""
"""osoba4"""		159.466	159466	160.413	160413	0.947	947	"""osoba4"""
"""osoba4"""		175.91	175910	176.39	176390	0.48	480	"""osoba4"""
"""osoba4"""		178.844	178844	179.173	179173	0.329	329	"""osoba4"""
"""osoba4"""		201.888	201888	216.47	216470	14.582	14582	"""osoba4"""
"""osoba4"""		217.911	217911	235.254	235254	17.343	17343	"""osoba4"""
"""osoba4"""		242.675	242675	243.135	243135	0.46	460	"""osoba4"""
"""osoba4"""		244.39	244390	247.163	247163	2.773	2773	"""osoba4"""
"""osoba4"""		249.027	249027	249.554	249554	0.527	527	"osoba4"
"""osoba4"""		250.727	250727	252.345	252345	1.618	1618	"""osoba4"""
"""osoba4"""		253.719	253719	266.09	266090	12.371	12371	"""osoba4"""
"""osoba4"""		267.044	267044	269.395	269395	2.351	2351	"""osoba4"""
"""osoba4"""		270.907	270907	280.799	280799	9.892	9892	"""osoba4"""
"""osoba4"""		285.245	285245	285.558	285558	0.313	313	"""osoba4"""
"""osoba4"""		287.071	287071	289.549	289549	2.478	2478	"""osoba4"""
"""osoba4"""		291.838	291838	293.093	293093	1.255	1255	"""osoba4"""
"""osoba4"""		294.731	294731	296.433	296433	1.702	1702	"""osoba4"""
"""osoba4"""		305.311	305311	309.761	309761	4.45	4450	"""osoba4"""
"""osoba4"""		311.62	311620	312.44	312440	0.82	820	"""osoba4"""
"""osoba4"""		316.9	316900	318.21	318210	1.31	1310	"""osoba4"""
"""osoba4"""		321.726	321726	331.889	331889	10.163	10163	"""osoba4"""
"""osoba4"""		333.972	333972	334.345	334345	0.373	373	"""osoba4"""
"""osoba4"""		337.569	337569	338.103	338103	0.534	534	"""osoba4"""
"""osoba4"""		347.922	347922	348.739	348739	0.817	817	"""osoba4"""
"""osoba4"""		351.442	351442	362.218	362218	10.776	10776	"""osoba4"""
"""osoba4"""		363.499	363499	363.882	363882	0.383	383	"""osoba4"""
"""osoba4"""		367.315	367315	394.416	394416	27.101	27101	"""osoba4"""
"""osoba4"""		395.914	395914	396.476	396476	0.562	562	"""osoba4"""
"""osoba4"""		399.565	399565	410.86	410860	11.295	11295	"""osoba4"""
"""osoba4"""		412.081	412081	415.927	415927	3.846	3846	"""osoba4"""
"""osoba4"""		425.084	425084	427.827	427827	2.743	2743	"""osoba4"""
"""osoba4"""		436.518	436518	439.227	439227	2.709	2709	"""osoba4"""
"""osoba4"""		442.85	442850	443.64	443640	0.79	790	"""osoba4"""
"""osoba4"""		447.134	447134	472.59	472590	25.456	25456	"""osoba4"" ""osoba4"""
"""osoba4"""		473.617	473617	475.081	475081	1.464	1464	"""osoba4"""
"""osoba4"""		480.3	480300	481.62	481620	1.32	1320	"""osoba4"""
"""osoba4"""		483.471	483471	490.154	490154	6.683	6683	"""osoba4"""
"""osoba4"""		498.816	498816	505.8	505800	6.984	6984	"""osoba4"""
"""osoba4"""		506.954	506954	507.221	507221	0.267	267	"""osoba4"""
"""osoba4"""		509.608	509608	509.768	509768	0.16	160	"""osoba4"""
"""osoba4"""		524.703	524703	525.033	525033	0.33	330	"""osoba4"""
"""osoba4"""		533.95	533950	546.68	546680	12.73	12730	"""osoba4"""
"""osoba4"""		548.545	548545	580.5	580500	31.955	31955	"""osoba4"""
"""osoba4"""		581.836	581836	589.33	589330	7.494	7494	"""osoba4"""
"""osoba4"""		592.71	592710	593.222	593222	0.512	512	"""osoba4"""
"""osoba4"""		600.375	600375	602.47	602470	2.095	2095	"""osoba4"""
"""osoba4"""		603.94	603940	610.772	610772	6.832	6832	"""osoba4"" ""osoba4"" ""osoba4"""
"""osoba4"""		613.916	613916	616.1	616100	2.184	2184	"""osoba4"""
"""osoba4"""		621.076	621076	632.943	632943	11.867	11867	"""osoba4"""
"""osoba4"""		633.965	633965	645.95	645950	11.985	11985	"""osoba4""" """osoba4"""
"""osoba4"""		647.155	647155	647.766	647766	0.611	611	"""osoba4"""
"""osoba4"""		648.808	648808	650.935	650935	2.127	2127	"""osoba4"""
"""osoba4"""		656.085	656085	657.513	657513	1.428	1428	"""osoba4"""
"""osoba4"""		671.651	671651	672.879	672879	1.228	1228	"""osoba4"""
"""osoba4"""		675.596	675596	679.67	679670	4.074	4074	"""osoba4"""
"""osoba4"""		680.89	680890	682.18	682180	1.29	1290	"""osoba4"""
"""osoba4"""		690.418	690418	702.905	702905	12.487	12487	"""osoba4"""
"""osoba4"""		709.859	709859	720.31	720310	10.451	10451	"""osoba4"""
"""osoba4"""		722.743	722743	723.02	723020	0.277	277	"osoba4"
"""osoba4"""		726.358	726358	732.517	732517	6.159	6159	"""osoba4"""
"""osoba4"""		734.235	734235	738.0	738000	3.765	3765	"""osoba4"" ""osoba4"""
"""osoba4"""		740.262	740262	741.161	741161	0.899	899	"""osoba4"""
"""osoba4"""		748.699	748699	750.948	750948	2.249	2249	"""osoba4"""
"""osoba4"""		751.66	751660	764.301	764301	12.641	12641	"""osoba4"" ""osoba4"""
"""osoba4"""		765.076	765076	765.294	765294	0.218	218	"""osoba4"""
"""osoba4"""		771.604	771604	778.2	778200	6.596	6596	"""osoba4"""
"""osoba4"""		778.963	778963	781.64	781640	2.677	2677	"""osoba4"""
"""osoba4"""		783.75	783750	786.578	786578	2.828	2828	"""osoba4"""
"""osoba4"""		789.268	789268	791.617	791617	2.349	2349	"""osoba4"""
"""osoba4"""		794.596	794596	795.359	795359	0.763	763	"""osoba4"""
"""osoba4"""		798.981	798981	803.779	803779	4.798	4798	"""osoba4"""
"""osoba4"""		811.51	811510	811.805	811805	0.295	295	"""osoba4"""
"""osoba4"""		820.646	820646	821.632	821632	0.986	986	"""osoba4"""
"""osoba4"""		824.045	824045	824.247	824247	0.202	202	"""osoba4"""
"""osoba4"""		828.579	828579	828.913	828913	0.334	334	"""osoba4"""
"""osoba4"""		829.786	829786	832.49	832490	2.704	2704	"""osoba4"""
"""osoba4"""		840.129	840129	845.43	845430	5.301	5301	"""osoba4"""
"""osoba4"""		846.063	846063	861.87	861870	15.807	15807	"""osoba4"""
"""osoba4"""		865.719	865719	867.87	867870	2.151	2151	"""osoba4"""
"""osoba4"""		869.227	869227	869.344	869344	0.117	117	"osoba4"
"""osoba4"""		871.67	871670	872.134	872134	0.464	464	"""osoba4"""
"""osoba4"""		875.853	875853	882.02	882020	6.167	6167	"""osoba4"""
"""osoba4"""		883.463	883463	886.419	886419	2.956	2956	"""osoba4"""
"""osoba4"""		887.375	887375	908.882	908882	21.507	21507	"""osoba4"" ""osoba4"" ""osoba4"" ""osoba4"" ""osoba4"""
"""osoba4"""		909.823	909823	920.485	920485	10.662	10662	"""osoba4"""
"""osoba4"""		923.066	923066	957.67	957670	34.604	34604	"""osoba4"" ""osoba4"""
"""osoba4"""		962.937	962937	965.16	965160	2.223	2223	"""osoba4"""
"""osoba4"""		966.507	966507	971.47	971470	4.963	4963	"""osoba4"""
"""osoba4"""		972.88	972880	974.22	974220	1.34	1340	"""osoba4"""
"""osoba4"""		987.622	987622	988.801	988801	1.179	1179	"""osoba4"""
"""osoba4"""		998.768	998768	1000.948	1000948	2.18	2180	"""osoba4"""
"""osoba4"""		1001.906	1001906	1002.53	1002530	0.624	624	"""osoba4"""
"""osoba4"""		1005.573	1005573	1013.8	1013800	8.227	8227	"""osoba4"""
"""osoba4"""		1023.499	1023499	1023.724	1023724	0.225	225	"""osoba4"""
"""osoba4"""		1029.589	1029589	1035.876	1035876	6.287	6287	"""osoba4"" ""osoba4"""
"""osoba4"""		1038.326	1038326	1040.64	1040640	2.314	2314	"""osoba4"""
"""osoba4"""		1041.88	1041880	1045.59	1045590	3.71	3710	"""osoba4"""
"""osoba4"""		1046.705	1046705	1054.955	1054955	8.25	8250	"""osoba4"""
"""osoba4"""		1055.801	1055801	1069.161	1069161	13.36	13360	"""osoba4"""
"""osoba4"""		1078.48	1078480	1079.897	1079897	1.417	1417	"""osoba4"""
"""osoba4"""		1081.651	1081651	1090.889	1090889	9.238	9238	"""osoba4"""
"""osoba4"""		1092.737	1092737	1103.03	1103030	10.293	10293	"""osoba4"""
"""osoba4"""		1104.18	1104180	1120.14	1120140	15.96	15960	"""osoba4"""
"""osoba4"""		1121.238	1121238	1136.617	1136617	15.379	15379	"""osoba4"" ""osoba4"""
"""osoba4"""		1137.595	1137595	1139.992	1139992	2.397	2397	"""osoba4"""
"""osoba4"""		1141.187	1141187	1142.08	1142080	0.893	893	"""osoba4"""
"""osoba4"""		1143.761	1143761	1144.106	1144106	0.345	345	"""osoba4"""
"""osoba4"""		1145.725	1145725	1147.675	1147675	1.95	1950	"""osoba4"""
"""osoba4"""		1152.025	1152025	1154.308	1154308	2.283	2283	"""osoba4"""
"""osoba4"""		1156.977	1156977	1157.139	1157139	0.162	162	"osoba4"
"""osoba4"""		1159.225	1159225	1160.157	1160157	0.932	932	"""osoba4"""
"""osoba4"""		1162.602	1162602	1163.133	1163133	0.531	531	"""osoba4"""
"""osoba4"""		1165.453	1165453	1166.216	1166216	0.763	763	"""osoba4"""
"""osoba4"""		1171.614	1171614	1171.717	1171717	0.103	103	"""osoba4"""
"""osoba4"""		1173.656	1173656	1175.981	1175981	2.325	2325	"""osoba4"""
"""osoba4"""		1176.963	1176963	1178.375	1178375	1.412	1412	"""osoba4"""
"""osoba4"""		1183.022	1183022	1187.091	1187091	4.069	4069	"""osoba4"""
"""osoba4"""		1189.015	1189015	1197.22	1197220	8.205	8205	"""osoba4"""
"""osoba4"""		1202.469	1202469	1204.23	1204230	1.761	1761	"""osoba4"""
"""osoba4"""		1205.949	1205949	1206.387	1206387	0.438	438	"""osoba4"""
"""osoba4"""		1214.437	1214437	1226.808	1226808	12.371	12371	"""osoba4"" ""osoba4"" ""osoba4"""
"""osoba4"""		1230.799	1230799	1230.94	1230940	0.141	141	"""osoba4"""
"""osoba4"""		1237.83	1237830	1241.902	1241902	4.072	4072	"""osoba4"""
"""osoba4"""		1246.58	1246580	1247.17	1247170	0.59	590	"""osoba4"""
"""osoba4"""		1251.71	1251710	1258.34	1258340	6.63	6630	"""osoba4"" ""osoba4"" ""osoba4"""
"""osoba4"""		1262.08	1262080	1262.57	1262570	0.49	490	"""osoba4"""
"""osoba4"""		1265.998	1265998	1271.652	1271652	5.654	5654	"""osoba4"""
"""osoba4"""		1274.203	1274203	1279.07	1279070	4.867	4867	"""osoba4"""
"""osoba4"""		1281.06	1281060	1288.268	1288268	7.208	7208	"""osoba4"" ""osoba4"""
"""osoba4"""		1291.834	1291834	1293.11	1293110	1.276	1276	"""osoba4"""
"""osoba4"""		1295.347	1295347	1297.8	1297800	2.453	2453	"""osoba4"""
"""osoba4"""		1302.905	1302905	1303.217	1303217	0.312	312	"""osoba4"""
"""osoba4"""		1304.713	1304713	1305.907	1305907	1.194	1194	"""osoba4"""
"""osoba4"""		1313.39	1313390	1316.28	1316280	2.89	2890	"""osoba4"""
"""osoba4"""		1319.55	1319550	1321.247	1321247	1.697	1697	"""osoba4"""
"""osoba4"""		1322.412	1322412	1324.22	1324220	1.808	1808	"""osoba4"""
"""osoba4"""		1325.303	1325303	1326.014	1326014	0.711	711	"""osoba4"""
"""osoba4"""		1328.761	1328761	1330.99	1330990	2.229	2229	"""osoba4"""
"""osoba4"""		1333.067	1333067	1340.98	1340980	7.913	7913	"""osoba4"""
"""osoba4"""		1342.08	1342080	1343.566	1343566	1.486	1486	"""osoba4"""
"""osoba4"""		1346.301	1346301	1346.494	1346494	0.193	193	"""osoba4"""
"""osoba4"""		1351.088	1351088	1352.963	1352963	1.875	1875	"""osoba4"""
"""osoba4"""		1354.014	1354014	1363.713	1363713	9.699	9699	"""osoba4"""
"""osoba4"""		1368.51	1368510	1370.99	1370990	2.48	2480	"""osoba4"""
"""osoba4"""		1373.816	1373816	1375.152	1375152	1.336	1336	"""osoba4"""
"""osoba4"""		1382.616	1382616	1389.772	1389772	7.156	7156	"""osoba4"""
"""osoba4"""		1391.0	1391000	1391.529	1391529	0.529	529	"""osoba4"""
"""osoba4"""		1398.469	1398469	1407.082	1407082	8.613	8613	"""osoba4"""
"""osoba4"""		1408.675	1408675	1416.801	1416801	8.126	8126	"""osoba4"""
"""osoba4"""		1422.935	1422935	1429.34	1429340	6.405	6405	"""osoba4"""
"""osoba4"""		1434.139	1434139	1437.069	1437069	2.93	2930	"""osoba4"""
"""osoba4"""		1439.021	1439021	1440.551	1440551	1.53	1530	"""osoba4"""
"""osoba4"""		1441.857	1441857	1446.882	1446882	5.025	5025	"""osoba4"""
"""osoba4"""		1447.838	1447838	1465.415	1465415	17.577	17577	"""osoba4"" ""osoba4"" ""osoba4"""
"""osoba4"""		1466.934	1466934	1468.542	1468542	1.608	1608	"""osoba4"""
"""osoba4"""		1471.084	1471084	1478.852	1478852	7.768	7768	"""osoba4"""
"""osoba4"""		1484.136	1484136	1487.74	1487740	3.604	3604	"""osoba4"""
"""osoba4"""		1488.222	1488222	1489.78	1489780	1.558	1558	"""osoba4"""
"""osoba4"""		1491.47	1491470	1493.174	1493174	1.704	1704	"""osoba4"""
"""osoba4"""		1495.012	1495012	1495.453	1495453	0.441	441	"""osoba4"""
"""osoba4"""		1497.888	1497888	1503.583	1503583	5.695	5695	"""osoba4"" ""osoba4"""
"""osoba4"""		1506.894	1506894	1507.41	1507410	0.516	516	"""osoba4"""
"""osoba4"""		1510.445	1510445	1510.614	1510614	0.169	169	"""osoba4"""
"""osoba4"""		1512.252	1512252	1514.278	1514278	2.026	2026	"""osoba4"""
"""osoba4"""		1516.747	1516747	1522.165	1522165	5.418	5418	"""osoba4"""
"""osoba4"""		1525.547	1525547	1528.733	1528733	3.186	3186	"""osoba4"""
"""osoba4"""		1530.994	1530994	1534.215	1534215	3.221	3221	"""osoba4"""
"""osoba4"""		1539.385	1539385	1540.624	1540624	1.239	1239	"""osoba4"""
"""osoba4"""		1541.681	1541681	1542.429	1542429	0.748	748	"""osoba4"""
"""osoba4"""		1545.328	1545328	1551.59	1551590	6.262	6262	"""osoba4"""
"""osoba4"""		1554.801	1554801	1560.695	1560695	5.894	5894	"""osoba4"""
"""osoba4"""		1561.261	1561261	1562.567	1562567	1.306	1306	"""osoba4"""
"""osoba4"""		1581.093	1581093	1583.654	1583654	2.561	2561	"""osoba4"""
"""osoba4"""		1591.373	1591373	1591.86	1591860	0.487	487	"""osoba4"""
"""osoba4"""		1598.11	1598110	1604.539	1604539	6.429	6429	"""osoba4"" ""osoba4"""
"""osoba4"""		1605.907	1605907	1612.23	1612230	6.323	6323	"""osoba4"""
"""osoba4"""		1615.677	1615677	1616.57	1616570	0.893	893	"""osoba4"""
"""osoba4"""		1627.934	1627934	1636.455	1636455	8.521	8521	"""osoba4"""
"""osoba4"""		1636.986	1636986	1644.619	1644619	7.633	7633	"""osoba4"""
"""osoba4"""		1646.22	1646220	1661.847	1661847	15.627	15627	"""osoba4"""
"""osoba4"""		1667.376	1667376	1685.619	1685619	18.243	18243	"""osoba4"""
"""osoba4"""		1686.146	1686146	1700.911	1700911	14.765	14765	"""osoba4"" ""osoba4"""
"""osoba4"""		1701.805	1701805	1703.389	1703389	1.584	1584	"""osoba4"""
"""osoba4"""		1712.467	1712467	1718.409	1718409	5.942	5942	"""osoba4"""
"""osoba4"""		1719.502	1719502	1722.022	1722022	2.52	2520	"""osoba4"""
"""osoba4"""		1724.115	1724115	1728.894	1728894	4.779	4779	"""osoba4"""
"""osoba4"""		1731.668	1731668	1732.314	1732314	0.646	646	"""osoba4"""
"""osoba4"""		1734.852	1734852	1736.261	1736261	1.409	1409	"""osoba4"""
"""osoba4"""		1739.671	1739671	1740.431	1740431	0.76	760	"""osoba4"""
"""osoba4"""		1745.759	1745759	1759.539	1759539	13.78	13780	"""osoba4"""
"""osoba4"""		1760.438	1760438	1767.172	1767172	6.734	6734	"""osoba4"" ""osoba4"""
"""osoba4"""		1768.266	1768266	1770.031	1770031	1.765	1765	"""osoba4"""
"""osoba4"""		1770.973	1770973	1772.856	1772856	1.883	1883	"""osoba4"""
"""osoba4"""		1792.38	1792380	1802.69	1802690	10.31	10310	"""osoba4"""
"""osoba4"""		1804.885	1804885	1813.054	1813054	8.169	8169	"""osoba4"" ""osoba4"" ""osoba4"""
"""osoba4"""		1815.507	1815507	1815.635	1815635	0.128	128	"""osoba4"""
"""osoba4"""		1817.624	1817624	1818.561	1818561	0.937	937	"""osoba4"""
"""osoba4"""		1820.11	1820110	1822.168	1822168	2.058	2058	"""osoba4"""
"""osoba4"""		1829.241	1829241	1834.134	1834134	4.893	4893	"""osoba4"""
"""osoba4"""		1836.939	1836939	1838.066	1838066	1.127	1127	"""osoba4"""
"""osoba4"""		1840.594	1840594	1843.595	1843595	3.001	3001	"""osoba4"""
"""osoba4"""		1846.311	1846311	1846.472	1846472	0.161	161	"""osoba4"""
"""osoba4"""		1848.468	1848468	1852.025	1852025	3.557	3557	"""osoba4"""
"""osoba4"""		1862.659	1862659	1867.71	1867710	5.051	5051	"""osoba4"""
"""osoba4"""		1868.929	1868929	1869.681	1869681	0.752	752	"""osoba4"""
"""osoba4"""		1873.282	1873282	1887.504	1887504	14.222	14222	"""osoba4"""
"""osoba4"""		1888.49	1888490	1888.645	1888645	0.155	155	"""osoba4"""
"""osoba4"""		1890.599	1890599	1899.168	1899168	8.569	8569	"""osoba4"" ""osoba4"" ""osoba4"""
"""osoba4"""		1904.944	1904944	1908.335	1908335	3.391	3391	"""osoba4"""
"""osoba4"""		1909.389	1909389	1913.309	1913309	3.92	3920	"""osoba4"" ""osoba4"""
"""osoba4"""		1913.92	1913920	1916.467	1916467	2.547	2547	"""osoba4"""
"""osoba4"""		1919.256	1919256	1921.208	1921208	1.952	1952	"""osoba4"""
"""osoba4"""		1932.039	1932039	1932.482	1932482	0.443	443	"""osoba4"""
"""osoba4"""		1951.528	1951528	1952.054	1952054	0.526	526	"""osoba4"""
"""osoba4"""		1961.493	1961493	1969.76	1969760	8.267	8267	"""osoba4"""
