"default"		0.0	0	1.0	1000	1.0	1000	BEGIN
"default"		1620.3	1620300	1620.31	1621300	1.0	1000	END
""osoba4""		9.6	9600	36.9	36900	28.300001	28300	""osoba4""
""osoba2""		12.0	12000	12.6	12600	1.6000004	1600	""osoba2""
""osoba4""		13.500001	13500	36.9	36900	24.400002	24400	""osoba4""
""osoba4""		15.3	15300	36.9	36900	22.600002	22600	""osoba4""
""osoba4""		17.1	17100	36.9	36900	20.800001	20800	""osoba4""
""osoba1""		18.300001	18300	19.800001	19800	2.5	2500	""osoba1""
""osoba4""		21.6	21600	36.9	36900	16.300001	16300	""osoba4""
""osoba4""		23.1	23100	36.9	36900	14.800001	14800	""osoba4""
""osoba4""		26.400002	26400	36.9	36900	11.5	11500	""osoba4""
""osoba4""		30.6	30600	36.9	36900	7.300001	7300	""osoba4""
""osoba4""		33.0	33000	36.9	36900	4.9000015	4900	""osoba4""
""osoba1""		33.600002	33600	33.9	33900	1.2999992	1299	""osoba1""
""osoba1""		36.0	36000	37.800003	37800	2.800003	2800	""osoba1""
""osoba4""		43.800003	43800	47.7	47700	4.8999977	4899	""osoba4""
""osoba4""		45.300003	45300	47.7	47700	3.3999977	3399	""osoba4""
""osoba4""		47.4	47400	47.7	47700	1.2999992	1299	""osoba4""
""osoba2""		48.0	48000	48.600002	48600	1.6000023	1600	""osoba2""
""osoba4""		53.4	53400	65.700005	65700	13.300003	13300	""osoba4""
""osoba4""		57.600002	57600	65.700005	65700	9.100002	9100	""osoba4""
""osoba4""		58.800003	58800	65.700005	65700	7.9000015	7900	""osoba4""
""osoba4""		59.7	59700	65.700005	65700	7.000004	7000	""osoba4""
""osoba2""		62.4	62400	62.4	62400	1.0	1000	""osoba2""
""osoba1""		62.7	62700	66.9	66900	5.200001	5200	""osoba1""
""osoba4""		74.700005	74700	78.0	78000	4.2999954	4299	""osoba4""
""osoba4""		75.3	75300	78.0	78000	3.699997	3699	""osoba4""
""osoba4""		75.9	75900	78.0	78000	3.0999985	3099	""osoba4""
""osoba4""		76.5	76500	78.0	78000	2.5	2500	""osoba4""
""osoba4""		77.700005	77700	78.0	78000	1.2999954	1299	""osoba4""
""osoba1""		78.0	78000	78.600006	78600	1.6000061	1600	""osoba1""
""osoba2""		79.200005	79200	81.0	81000	2.7999954	2799	""osoba2""
""osoba4""		81.9	81900	101.700005	101700	20.800003	20800	""osoba4""
""osoba4""		83.4	83400	101.700005	101700	19.300003	19300	""osoba4""
""osoba4""		84.9	84900	101.700005	101700	17.800003	17800	""osoba4""
""osoba4""		85.8	85800	101.700005	101700	16.900002	16900	""osoba4""
""osoba2""		91.8	91800	92.4	92400	1.5999985	1599	""osoba2""
""osoba4""		91.8	91800	101.700005	101700	10.900002	10900	""osoba4""
""osoba4""		93.9	93900	101.700005	101700	8.800003	8800	""osoba4""
""osoba4""		94.8	94800	101.700005	101700	7.9000015	7900	""osoba4""
""osoba3""		96.600006	96600	96.9	96900	1.2999954	1299	""osoba3""
""osoba4""		96.600006	96600	101.700005	101700	6.0999985	6099	""osoba4""
""osoba2""		97.50001	97500	99.00001	99000	2.5	2500	""osoba2""
""osoba4""		97.8	97800	101.700005	101700	4.9000015	4900	""osoba4""
""osoba4""		100.200005	100200	101.700005	101700	2.5	2500	""osoba4""
""osoba4""		100.8	100800	101.700005	101700	1.9000015	1900	""osoba4""
""osoba1""		101.4	101400	107.100006	107100	6.7000046	6700	""osoba1""
""osoba4""		101.4	101400	101.700005	101700	1.300003	1300	""osoba4""
""osoba3""		108.9	108900	110.100006	110100	2.2000046	2200	""osoba3""
""osoba4""		111.3	111300	123.00001	123000	12.700005	12700	""osoba4""
""osoba4""		112.8	112800	123.00001	123000	11.200005	11200	""osoba4""
""osoba1""		115.200005	115200	115.200005	115200	1.0	1000	""osoba1""
""osoba2""		116.700005	116700	116.700005	116700	1.0	1000	""osoba2""
""osoba3""		117.3	117300	117.600006	117600	1.300003	1300	""osoba3""
""osoba4""		118.200005	118200	123.00001	123000	5.800003	5800	""osoba4""
""osoba4""		119.100006	119100	123.00001	123000	4.9000015	4900	""osoba4""
""osoba2""		121.50001	121500	122.100006	122100	1.5999985	1599	""osoba2""
""osoba3""		123.00001	123000	123.3	123300	1.2999954	1299	""osoba3""
""osoba4""		125.700005	125700	132.3	132300	7.5999985	7599	""osoba4""
""osoba4""		127.200005	127200	132.3	132300	6.0999985	6099	""osoba4""
""osoba4""		127.8	127800	132.3	132300	5.5	5500	""osoba4""
""osoba4""		130.5	130500	132.3	132300	2.800003	2800	""osoba4""
""osoba4""		131.1	131100	132.3	132300	2.199997	2199	""osoba4""
""osoba4""		132.0	132000	132.3	132300	1.300003	1300	""osoba4""
""osoba3""		132.6	132600	133.5	133500	1.8999939	1899	""osoba3""
""osoba4""		136.20001	136200	139.5	139500	4.299988	4299	""osoba4""
""osoba1""		136.5	136500	136.8	136800	1.300003	1300	""osoba1""
""osoba4""		136.8	136800	139.5	139500	3.699997	3699	""osoba4""
""osoba4""		138.0	138000	139.5	139500	2.5	2500	""osoba4""
""osoba4""		139.5	139500	139.5	139500	1.0	1000	""osoba4""
""osoba3""		139.8	139800	143.70001	143700	4.900009	4900	""osoba3""
""osoba1""		140.40001	140400	141.0	141000	1.5999908	1599	""osoba1""
""osoba4""		141.6	141600	141.6	141600	1.0	1000	""osoba4""
""osoba4""		150.0	150000	164.70001	164700	15.700012	15700	""osoba4""
""osoba4""		153.0	153000	164.70001	164700	12.700012	12700	""osoba4""
""osoba4""		154.8	154800	164.70001	164700	10.900009	10900	""osoba4""
""osoba4""		155.70001	155700	164.70001	164700	10.0	10000	""osoba4""
""osoba4""		156.6	156600	164.70001	164700	9.100006	9100	""osoba4""
""osoba4""		159.0	159000	164.70001	164700	6.700012	6700	""osoba4""
""osoba4""		161.70001	161700	164.70001	164700	4.0	4000	""osoba4""
""osoba4""		162.3	162300	164.70001	164700	3.4000092	3400	""osoba4""
""osoba3""		163.5	163500	165.0	165000	2.5	2500	""osoba3""
""osoba4""		171.6	171600	178.8	178800	8.199997	8199	""osoba4""
""osoba4""		175.20001	175200	178.8	178800	4.599991	4599	""osoba4""
""osoba2""		176.40001	176400	177.6	177600	2.199997	2199	""osoba2""
""osoba4""		176.40001	176400	178.8	178800	3.399994	3399	""osoba4""
""osoba1""		177.90001	177900	179.40001	179400	2.5	2500	""osoba1""
""osoba4""		177.90001	177900	178.8	178800	1.8999939	1899	""osoba4""
""osoba3""		183.6	183600	184.20001	184200	1.6000061	1600	""osoba3""
""osoba4""		183.6	183600	188.1	188100	5.5	5500	""osoba4""
""osoba4""		186.0	186000	188.1	188100	3.100006	3100	""osoba4""
""osoba2""		187.5	187500	190.8	190800	4.300003	4300	""osoba2""
""osoba4""		198.6	198600	204.6	204600	7.0	7000	""osoba4""
""osoba4""		204.00002	204000	204.6	204600	1.5999908	1599	""osoba4""
""osoba2""		204.3	204300	205.50002	205500	2.2000122	2200	""osoba2""
""osoba4""		207.00002	207000	210.6	210600	4.599991	4599	""osoba4""
""osoba4""		208.20001	208200	210.6	210600	3.399994	3399	""osoba4""
""osoba1""		209.1	209100	212.70001	212700	4.600006	4600	""osoba1""
""osoba4""		209.40001	209400	210.6	210600	2.199997	2199	""osoba4""
""osoba3""		210.3	210300	210.90001	210900	1.6000061	1600	""osoba3""
""osoba3""		218.70001	218700	219.6	219600	1.8999939	1899	""osoba3""
""osoba4""		220.20001	220200	236.1	236100	16.899994	16899	""osoba4""
""osoba4""		221.70001	221700	236.1	236100	15.399994	15399	""osoba4""
""osoba2""		222.3	222300	222.6	222600	1.300003	1300	""osoba2""
""osoba4""		223.8	223800	236.1	236100	13.300003	13300	""osoba4""
""osoba4""		227.40001	227400	236.1	236100	9.699997	9699	""osoba4""
""osoba4""		228.00002	228000	236.1	236100	9.099991	9099	""osoba4""
""osoba4""		229.50002	229500	236.1	236100	7.599991	7599	""osoba4""
""osoba4""		230.40001	230400	236.1	236100	6.699997	6699	""osoba4""
""osoba4""		232.50002	232500	236.1	236100	4.599991	4599	""osoba4""
""osoba3""		234.3	234300	236.40001	236400	3.100006	3100	""osoba3""
""osoba2""		235.20001	235200	235.20001	235200	1.0	1000	""osoba2""
""osoba4""		239.70001	239700	250.8	250800	12.099991	12099	""osoba4""
""osoba4""		240.6	240600	250.8	250800	11.199997	11199	""osoba4""
""osoba4""		243.3	243300	250.8	250800	8.5	8500	""osoba4""
""osoba4""		246.90001	246900	250.8	250800	4.899994	4899	""osoba4""
""osoba3""		247.8	247800	250.20001	250200	3.4000092	3400	""osoba3""
""osoba4""		248.1	248100	250.8	250800	3.699997	3699	""osoba4""
""osoba1""		250.20001	250200	251.70001	251700	2.5	2500	""osoba1""
""osoba4""		250.8	250800	250.8	250800	1.0	1000	""osoba4""
""osoba3""		252.3	252300	261.30002	261300	10.000015	10000	""osoba3""
""osoba2""		253.20001	253200	253.8	253800	1.5999908	1599	""osoba2""
""osoba4""		261.6	261600	261.6	261600	1.0	1000	""osoba4""
""osoba4""		271.2	271200	298.80002	298800	28.600006	28600	""osoba4""
""osoba4""		272.1	272100	298.80002	298800	27.700012	27700	""osoba4""
""osoba4""		273.6	273600	298.80002	298800	26.200012	26200	""osoba4""
""osoba4""		276.30002	276300	298.80002	298800	23.5	23500	""osoba4""
""osoba3""		277.5	277500	279.0	279000	2.5	2500	""osoba3""
""osoba4""		279.30002	279300	298.80002	298800	20.5	20500	""osoba4""
""osoba4""		281.7	281700	298.80002	298800	18.100006	18100	""osoba4""
""osoba4""		282.30002	282300	298.80002	298800	17.5	17500	""osoba4""
""osoba4""		283.80002	283800	298.80002	298800	16.0	16000	""osoba4""
""osoba3""		284.40002	284400	285.30002	285300	1.8999939	1899	""osoba3""
""osoba4""		284.40002	284400	298.80002	298800	15.399994	15399	""osoba4""
""osoba2""		285.0	285000	286.2	286200	2.2000122	2200	""osoba2""
""osoba3""		285.30002	285300	285.30002	285300	1.0	1000	""osoba3""
""osoba4""		290.40002	290400	298.80002	298800	9.399994	9399	""osoba4""
""osoba2""		291.0	291000	291.0	291000	1.0	1000	""osoba2""
""osoba2""		296.40002	296400	297.90002	297900	2.5	2500	""osoba2""
""osoba4""		296.40002	296400	298.80002	298800	3.399994	3399	""osoba4""
""osoba4""		297.90002	297900	298.80002	298800	1.8999939	1899	""osoba4""
""osoba3""		299.1	299100	300.90002	300900	2.8000183	2800	""osoba3""
""osoba4""		303.90002	303900	305.7	305700	2.7999878	2799	""osoba4""
""osoba4""		305.7	305700	305.7	305700	1.0	1000	""osoba4""
""osoba1""		306.0	306000	307.5	307500	2.5	2500	""osoba1""
""osoba4""		309.0	309000	313.5	313500	5.5	5500	""osoba4""
""osoba4""		310.5	310500	313.5	313500	4.0	4000	""osoba4""
""osoba3""		310.80002	310800	310.80002	310800	1.0	1000	""osoba3""
""osoba3""		312.90002	312900	313.80002	313800	1.8999939	1899	""osoba3""
""osoba4""		313.2	313200	313.5	313500	1.2999878	1299	""osoba4""
""osoba4""		320.1	320100	322.5	322500	3.399994	3399	""osoba4""
""osoba3""		321.6	321600	324.0	324000	3.399994	3399	""osoba3""
""osoba4""		333.0	333000	335.7	335700	3.7000122	3700	""osoba4""
""osoba4""		334.80002	334800	335.7	335700	1.8999939	1899	""osoba4""
""osoba3""		335.40002	335400	336.30002	336300	1.8999939	1899	""osoba3""
""osoba2""		337.2	337200	342.30002	342300	6.100006	6100	""osoba2""
""osoba3""		340.80002	340800	340.80002	340800	1.0	1000	""osoba3""
""osoba4""		352.80002	352800	360.0	360000	8.199982	8199	""osoba4""
""osoba4""		354.0	354000	360.0	360000	7.0	7000	""osoba4""
""osoba4""		355.5	355500	360.0	360000	5.5	5500	""osoba4""
""osoba4""		357.0	357000	360.0	360000	4.0	4000	""osoba4""
""osoba2""		359.7	359700	361.5	361500	2.7999878	2799	""osoba2""
""osoba4""		366.6	366600	386.7	386700	21.100006	21100	""osoba4""
""osoba1""		366.90002	366900	367.2	367200	1.2999878	1299	""osoba1""
""osoba4""		368.40002	368400	386.7	386700	19.299988	19299	""osoba4""
""osoba4""		370.80002	370800	386.7	386700	16.899994	16899	""osoba4""
""osoba4""		371.40002	371400	386.7	386700	16.299988	16299	""osoba4""
""osoba4""		375.0	375000	386.7	386700	12.700012	12700	""osoba4""
""osoba4""		375.90002	375900	386.7	386700	11.799988	11799	""osoba4""
""osoba4""		378.6	378600	386.7	386700	9.100006	9100	""osoba4""
""osoba4""		380.7	380700	386.7	386700	7.0	7000	""osoba4""
""osoba4""		381.30002	381300	386.7	386700	6.399994	6399	""osoba4""
""osoba4""		382.5	382500	386.7	386700	5.200012	5200	""osoba4""
""osoba4""		384.30002	384300	386.7	386700	3.399994	3399	""osoba4""
""osoba2""		385.50003	385500	386.1	386100	1.5999756	1599	""osoba2""
""osoba3""		386.7	386700	390.90002	390900	5.200012	5200	""osoba3""
""osoba1""		387.00003	387000	387.00003	387000	1.0	1000	""osoba1""
""osoba1""		389.7	389700	391.80002	391800	3.100006	3100	""osoba1""
""osoba4""		401.7	401700	409.2	409200	8.5	8500	""osoba4""
""osoba4""		403.2	403200	409.2	409200	7.0	7000	""osoba4""
""osoba4""		405.00003	405000	409.2	409200	5.1999817	5199	""osoba4""
""osoba1""		408.00003	408000	408.30002	408300	1.2999878	1299	""osoba1""
""osoba4""		408.30002	408300	409.2	409200	1.8999939	1899	""osoba4""
""osoba3""		408.6	408600	410.7	410700	3.100006	3100	""osoba3""
""osoba4""		418.80002	418800	444.6	444600	26.799988	26799	""osoba4""
""osoba4""		419.7	419700	444.6	444600	25.899994	25899	""osoba4""
""osoba4""		420.30002	420300	444.6	444600	25.299988	25299	""osoba4""
""osoba2""		422.1	422100	422.1	422100	1.0	1000	""osoba2""
""osoba4""		423.90002	423900	444.6	444600	21.699982	21699	""osoba4""
""osoba4""		425.7	425700	444.6	444600	19.899994	19899	""osoba4""
""osoba4""		428.7	428700	444.6	444600	16.899994	16899	""osoba4""
""osoba4""		431.40002	431400	444.6	444600	14.199982	14199	""osoba4""
""osoba2""		431.7	431700	432.00003	432000	1.3000183	1300	""osoba2""
""osoba4""		433.2	433200	444.6	444600	12.399994	12399	""osoba4""
""osoba3""		433.80002	433800	435.30002	435300	2.5	2500	""osoba3""
""osoba4""		437.1	437100	444.6	444600	8.5	8500	""osoba4""
""osoba1""		437.7	437700	437.7	437700	1.0	1000	""osoba1""
""osoba4""		440.1	440100	444.6	444600	5.5	5500	""osoba4""
""osoba4""		441.00003	441000	444.6	444600	4.5999756	4599	""osoba4""
""osoba2""		444.6	444600	449.1	449100	5.5	5500	""osoba2""
""osoba4""		447.30002	447300	447.90002	447900	1.6000061	1600	""osoba4""
""osoba4""		450.30002	450300	489.6	489600	40.299988	40299	""osoba4""
""osoba4""		451.80002	451800	489.6	489600	38.799988	38799	""osoba4""
""osoba4""		459.30002	459300	489.6	489600	31.299988	31299	""osoba4""
""osoba4""		461.40002	461400	489.6	489600	29.199982	29199	""osoba4""
""osoba4""		462.90002	462900	489.6	489600	27.699982	27699	""osoba4""
""osoba4""		463.80002	463800	489.6	489600	26.799988	26799	""osoba4""
""osoba4""		465.00003	465000	489.6	489600	25.599976	25599	""osoba4""
""osoba4""		465.90002	465900	489.6	489600	24.699982	24699	""osoba4""
""osoba4""		467.1	467100	489.6	489600	23.5	23500	""osoba4""
""osoba1""		471.00003	471000	471.00003	471000	1.0	1000	""osoba1""
""osoba2""		473.7	473700	473.7	473700	1.0	1000	""osoba2""
""osoba4""		475.80002	475800	489.6	489600	14.799988	14799	""osoba4""
""osoba4""		476.40002	476400	489.6	489600	14.199982	14199	""osoba4""
""osoba4""		479.1	479100	489.6	489600	11.5	11500	""osoba4""
""osoba4""		480.6	480600	489.6	489600	10.0	10000	""osoba4""
""osoba4""		482.7	482700	489.6	489600	7.899994	7899	""osoba4""
""osoba4""		485.1	485100	489.6	489600	5.5	5500	""osoba4""
""osoba4""		486.90002	486900	489.6	489600	3.6999817	3699	""osoba4""
""osoba2""		487.2	487200	491.1	491100	4.899994	4899	""osoba2""
""osoba4""		488.7	488700	489.6	489600	1.8999939	1899	""osoba4""
""osoba4""		495.6	495600	498.90002	498900	4.3000183	4300	""osoba4""
""osoba3""		498.6	498600	501.30002	501300	3.7000122	3700	""osoba3""
""osoba4""		498.90002	498900	498.90002	498900	1.0	1000	""osoba4""
""osoba4""		505.2	505200	528.0	528000	23.799988	23799	""osoba4""
""osoba2""		506.7	506700	508.50003	508500	2.8000183	2800	""osoba2""
""osoba2""		510.90002	510900	512.4	512400	2.5	2500	""osoba2""
""osoba4""		513.30005	513300	528.0	528000	15.699951	15699	""osoba4""
""osoba4""		514.80005	514800	528.0	528000	14.199951	14199	""osoba4""
""osoba4""		516.60004	516600	528.0	528000	12.399963	12399	""osoba4""
""osoba4""		518.10004	518100	528.0	528000	10.899963	10899	""osoba4""
""osoba4""		521.10004	521100	528.0	528000	7.8999634	7899	""osoba4""
""osoba4""		522.9	522900	528.0	528000	6.0999756	6099	""osoba4""
""osoba4""		525.60004	525600	528.0	528000	3.3999634	3399	""osoba4""
""osoba4""		526.5	526500	528.0	528000	2.5	2500	""osoba4""
""osoba4""		527.10004	527100	528.0	528000	1.8999634	1899	""osoba4""
""osoba2""		528.30005	528300	531.0	531000	3.6999512	3699	""osoba2""
""osoba4""		535.5	535500	549.0	549000	14.5	14500	""osoba4""
""osoba4""		536.4	536400	549.0	549000	13.599976	13599	""osoba4""
""osoba4""		537.60004	537600	549.0	549000	12.399963	12399	""osoba4""
""osoba4""		540.0	540000	549.0	549000	10.0	10000	""osoba4""
""osoba1""		540.60004	540600	541.2	541200	1.5999756	1599	""osoba1""
""osoba4""		542.4	542400	549.0	549000	7.5999756	7599	""osoba4""
""osoba2""		544.5	544500	545.10004	545100	1.6000366	1600	""osoba2""
""osoba3""		544.5	544500	545.7	545700	2.2000122	2200	""osoba3""
""osoba4""		544.5	544500	549.0	549000	5.5	5500	""osoba4""
""osoba4""		547.2	547200	549.0	549000	2.7999878	2799	""osoba4""
""osoba2""		547.80005	547800	551.10004	551100	4.299988	4299	""osoba2""
""osoba3""		547.80005	547800	549.0	549000	2.1999512	2199	""osoba3""
""osoba4""		547.80005	547800	549.0	549000	2.1999512	2199	""osoba4""
""osoba4""		559.2	559200	560.4	560400	2.2000122	2200	""osoba4""
""osoba2""		559.80005	559800	559.80005	559800	1.0	1000	""osoba2""
""osoba4""		560.10004	560100	560.4	560400	1.2999878	1299	""osoba4""
""osoba1""		561.0	561000	562.5	562500	2.5	2500	""osoba1""
""osoba4""		567.0	567000	605.4	605400	39.400024	39400	""osoba4""
""osoba4""		567.9	567900	605.4	605400	38.5	38500	""osoba4""
""osoba4""		570.30005	570300	605.4	605400	36.099976	36099	""osoba4""
""osoba4""		576.0	576000	605.4	605400	30.400024	30400	""osoba4""
""osoba4""		577.80005	577800	605.4	605400	28.599976	28599	""osoba4""
""osoba4""		581.10004	581100	605.4	605400	25.299988	25299	""osoba4""
""osoba4""		582.60004	582600	605.4	605400	23.799988	23799	""osoba4""
""osoba4""		584.7	584700	605.4	605400	21.700012	21700	""osoba4""
""osoba4""		585.30005	585300	605.4	605400	21.099976	21099	""osoba4""
""osoba4""		585.9	585900	605.4	605400	20.5	20500	""osoba4""
""osoba4""		587.10004	587100	605.4	605400	19.299988	19299	""osoba4""
""osoba4""		588.0	588000	605.4	605400	18.400024	18400	""osoba4""
""osoba4""		589.5	589500	605.4	605400	16.900024	16900	""osoba4""
""osoba4""		591.0	591000	605.4	605400	15.400024	15400	""osoba4""
""osoba1""		591.60004	591600	591.60004	591600	1.0	1000	""osoba1""
""osoba4""		591.9	591900	605.4	605400	14.5	14500	""osoba4""
""osoba4""		592.5	592500	605.4	605400	13.900024	13900	""osoba4""
""osoba2""		594.30005	594300	595.80005	595800	2.5	2500	""osoba2""
""osoba4""		597.30005	597300	605.4	605400	9.099976	9099	""osoba4""
""osoba4""		599.4	599400	605.4	605400	7.0	7000	""osoba4""
""osoba4""		601.5	601500	605.4	605400	4.9000244	4900	""osoba4""
""osoba4""		602.7	602700	605.4	605400	3.7000122	3700	""osoba4""
""osoba4""		604.5	604500	605.4	605400	1.9000244	1900	""osoba4""
""osoba1""		605.4	605400	606.30005	606300	1.9000244	1900	""osoba1""
""osoba2""		608.10004	608100	608.7	608700	1.5999756	1599	""osoba2""
""osoba4""		613.80005	613800	634.5	634500	21.699951	21699	""osoba4""
""osoba4""		615.30005	615300	634.5	634500	20.199951	20199	""osoba4""
""osoba4""		616.2	616200	634.5	634500	19.299988	19299	""osoba4""
""osoba4""		618.0	618000	634.5	634500	17.5	17500	""osoba4""
""osoba4""		619.5	619500	634.5	634500	16.0	16000	""osoba4""
""osoba1""		623.4	623400	623.7	623700	1.2999878	1299	""osoba1""
""osoba2""		623.7	623700	624.30005	624300	1.6000366	1600	""osoba2""
""osoba4""		623.7	623700	634.5	634500	11.799988	11799	""osoba4""
""osoba3""		628.80005	628800	631.2	631200	3.3999634	3399	""osoba3""
""osoba4""		629.10004	629100	634.5	634500	6.3999634	6399	""osoba4""
""osoba1""		633.30005	633300	633.30005	633300	1.0	1000	""osoba1""
""osoba2""		633.60004	633600	636.60004	636600	4.0	4000	""osoba2""
""osoba4""		633.60004	633600	634.5	634500	1.8999634	1899	""osoba4""
""osoba4""		637.5	637500	660.0	660000	23.5	23500	""osoba4""
""osoba4""		639.0	639000	660.0	660000	22.0	22000	""osoba4""
""osoba2""		640.5	640500	640.5	640500	1.0	1000	""osoba2""
""osoba1""		641.4	641400	641.4	641400	1.0	1000	""osoba1""
""osoba4""		642.60004	642600	660.0	660000	18.399963	18399	""osoba4""
""osoba4""		644.10004	644100	660.0	660000	16.899963	16899	""osoba4""
""osoba2""		646.80005	646800	647.4	647400	1.5999756	1599	""osoba2""
""osoba4""		646.80005	646800	660.0	660000	14.199951	14199	""osoba4""
""osoba4""		649.80005	649800	660.0	660000	11.199951	11199	""osoba4""
""osoba4""		650.7	650700	660.0	660000	10.299988	10299	""osoba4""
""osoba4""		651.9	651900	660.0	660000	9.099976	9099	""osoba4""
""osoba4""		652.5	652500	660.0	660000	8.5	8500	""osoba4""
""osoba4""		653.10004	653100	660.0	660000	7.8999634	7899	""osoba4""
""osoba4""		654.9	654900	660.0	660000	6.0999756	6099	""osoba4""
""osoba4""		656.10004	656100	660.0	660000	4.8999634	4899	""osoba4""
""osoba4""		656.7	656700	660.0	660000	4.299988	4299	""osoba4""
""osoba4""		658.5	658500	660.0	660000	2.5	2500	""osoba4""
""osoba4""		659.10004	659100	660.0	660000	1.8999634	1899	""osoba4""
""osoba1""		659.4	659400	660.0	660000	1.5999756	1599	""osoba1""
""osoba4""		663.9	663900	677.10004	677100	14.200012	14200	""osoba4""
""osoba4""		665.10004	665100	677.10004	677100	13.0	13000	""osoba4""
""osoba4""		666.60004	666600	677.10004	677100	11.5	11500	""osoba4""
""osoba4""		668.7	668700	677.10004	677100	9.400024	9400	""osoba4""
""osoba4""		672.60004	672600	677.10004	677100	5.5	5500	""osoba4""
""osoba4""		675.0	675000	677.10004	677100	3.1000366	3100	""osoba4""
""osoba4""		675.60004	675600	677.10004	677100	2.5	2500	""osoba4""
""osoba1""		677.4	677400	679.5	679500	3.0999756	3099	""osoba1""
""osoba4""		683.7	683700	727.80005	727800	45.100037	45100	""osoba4""
""osoba4""		686.10004	686100	727.80005	727800	42.700012	42700	""osoba4""
""osoba4""		687.30005	687300	727.80005	727800	41.5	41500	""osoba4""
""osoba4""		690.0	690000	727.80005	727800	38.80005	38800	""osoba4""
""osoba4""		690.60004	690600	727.80005	727800	38.200012	38200	""osoba4""
""osoba4""		691.5	691500	727.80005	727800	37.30005	37300	""osoba4""
""osoba4""		693.9	693900	727.80005	727800	34.900024	34900	""osoba4""
""osoba4""		696.30005	696300	727.80005	727800	32.5	32500	""osoba4""
""osoba4""		697.2	697200	727.80005	727800	31.600037	31600	""osoba4""
""osoba4""		698.10004	698100	727.80005	727800	30.700012	30700	""osoba4""
""osoba4""		702.0	702000	727.80005	727800	26.800049	26800	""osoba4""
""osoba4""		702.9	702900	727.80005	727800	25.900024	25900	""osoba4""
""osoba4""		704.4	704400	727.80005	727800	24.400024	24400	""osoba4""
""osoba4""		706.5	706500	727.80005	727800	22.300049	22300	""osoba4""
""osoba4""		707.4	707400	727.80005	727800	21.400024	21400	""osoba4""
""osoba4""		709.5	709500	727.80005	727800	19.300049	19300	""osoba4""
""osoba4""		710.10004	710100	727.80005	727800	18.700012	18700	""osoba4""
""osoba4""		712.5	712500	727.80005	727800	16.300049	16300	""osoba4""
""osoba1""		714.30005	714300	714.60004	714600	1.2999878	1299	""osoba1""
""osoba2""		714.30005	714300	714.9	714900	1.5999756	1599	""osoba2""
""osoba2""		718.80005	718800	721.5	721500	3.6999512	3699	""osoba2""
""osoba4""		720.9	720900	727.80005	727800	7.9000244	7900	""osoba4""
""osoba2""		721.5	721500	721.5	721500	1.0	1000	""osoba2""
""osoba4""		722.4	722400	727.80005	727800	6.4000244	6400	""osoba4""
""osoba4""		723.9	723900	727.80005	727800	4.9000244	4900	""osoba4""
""osoba4""		726.9	726900	727.80005	727800	1.9000244	1900	""osoba4""
""osoba2""		727.2	727200	728.4	728400	2.2000122	2200	""osoba2""
""osoba4""		730.5	730500	746.10004	746100	16.600037	16600	""osoba4""
""osoba1""		731.4	731400	731.7	731700	1.2999878	1299	""osoba1""
""osoba4""		734.10004	734100	746.10004	746100	13.0	13000	""osoba4""
""osoba4""		735.30005	735300	746.10004	746100	11.799988	11799	""osoba4""
""osoba4""		736.5	736500	746.10004	746100	10.600037	10600	""osoba4""
""osoba4""		738.0	738000	746.10004	746100	9.100037	9100	""osoba4""
""osoba4""		738.9	738900	746.10004	746100	8.200012	8200	""osoba4""
""osoba4""		739.80005	739800	746.10004	746100	7.299988	7299	""osoba4""
""osoba4""		740.4	740400	746.10004	746100	6.700012	6700	""osoba4""
""osoba3""		742.80005	742800	744.60004	744600	2.7999878	2799	""osoba3""
""osoba1""		743.4	743400	746.7	746700	4.299988	4299	""osoba1""
""osoba4""		754.80005	754800	757.2	757200	3.3999634	3399	""osoba4""
""osoba2""		757.5	757500	758.4	758400	1.9000244	1900	""osoba2""
""osoba4""		761.10004	761100	762.9	762900	2.7999878	2799	""osoba4""
""osoba1""		762.60004	762600	763.80005	763800	2.2000122	2200	""osoba1""
""osoba4""		762.60004	762600	762.9	762900	1.2999878	1299	""osoba4""
""osoba4""		768.0	768000	772.2	772200	5.200012	5200	""osoba4""
""osoba4""		769.80005	769800	772.2	772200	3.3999634	3399	""osoba4""
""osoba4""		770.7	770700	772.2	772200	2.5	2500	""osoba4""
""osoba1""		772.2	772200	777.00006	777000	5.800049	5800	""osoba1""
""osoba4""		774.60004	774600	776.10004	776100	2.5	2500	""osoba4""
""osoba4""		780.9	780900	793.50006	793500	13.600037	13600	""osoba4""
""osoba4""		783.9	783900	793.50006	793500	10.600037	10600	""osoba4""
""osoba4""		790.2	790200	793.50006	793500	4.300049	4300	""osoba4""
""osoba3""		793.50006	793500	795.00006	795000	2.5	2500	""osoba3""
""osoba4""		799.2	799200	816.00006	816000	17.800049	17800	""osoba4""
""osoba4""		800.10004	800100	816.00006	816000	16.900024	16900	""osoba4""
""osoba4""		803.7	803700	816.00006	816000	13.300049	13300	""osoba4""
""osoba2""		804.9	804900	804.9	804900	1.0	1000	""osoba2""
""osoba4""		806.4	806400	816.00006	816000	10.600037	10600	""osoba4""
""osoba4""		807.30005	807300	816.00006	816000	9.700012	9700	""osoba4""
""osoba4""		808.50006	808500	816.00006	816000	8.5	8500	""osoba4""
""osoba4""		809.4	809400	816.00006	816000	7.6000366	7600	""osoba4""
""osoba4""		810.60004	810600	816.00006	816000	6.4000244	6400	""osoba4""
""osoba1""		816.00006	816000	817.80005	817800	2.7999878	2799	""osoba1""
""osoba4""		818.10004	818100	836.7	836700	19.599976	19599	""osoba4""
""osoba4""		819.60004	819600	836.7	836700	18.099976	18099	""osoba4""
""osoba4""		820.2	820200	836.7	836700	17.5	17500	""osoba4""
""osoba4""		821.7	821700	836.7	836700	16.0	16000	""osoba4""
""osoba4""		823.50006	823500	836.7	836700	14.199951	14199	""osoba4""
""osoba1""		824.10004	824100	824.4	824400	1.2999878	1299	""osoba1""
""osoba4""		825.00006	825000	836.7	836700	12.699951	12699	""osoba4""
""osoba4""		826.2	826200	836.7	836700	11.5	11500	""osoba4""
""osoba1""		826.50006	826500	826.50006	826500	1.0	1000	""osoba1""
""osoba4""		826.80005	826800	836.7	836700	10.899963	10899	""osoba4""
""osoba4""		830.4	830400	836.7	836700	7.299988	7299	""osoba4""
""osoba4""		833.4	833400	836.7	836700	4.299988	4299	""osoba4""
""osoba3""		836.7	836700	838.2	838200	2.5	2500	""osoba3""
""osoba4""		839.4	839400	845.4	845400	7.0	7000	""osoba4""
""osoba4""		841.50006	841500	845.4	845400	4.8999634	4899	""osoba4""
""osoba3""		844.50006	844500	845.7	845700	2.1999512	2199	""osoba3""
""osoba4""		844.50006	844500	845.4	845400	1.8999634	1899	""osoba4""
""osoba1""		846.00006	846000	847.80005	847800	2.7999878	2799	""osoba1""
""osoba4""		849.30005	849300	868.2	868200	19.899963	19899	""osoba4""
""osoba4""		854.4	854400	868.2	868200	14.799988	14799	""osoba4""
""osoba3""		854.7	854700	854.7	854700	1.0	1000	""osoba3""
""osoba4""		855.30005	855300	868.2	868200	13.899963	13899	""osoba4""
""osoba4""		865.2	865200	868.2	868200	4.0	4000	""osoba4""
""osoba2""		866.4	866400	869.7	869700	4.299988	4299	""osoba2""
""osoba1""		867.60004	867600	868.2	868200	1.5999756	1599	""osoba1""
""osoba4""		877.2	877200	970.80005	970800	94.60004	94600	""osoba4""
""osoba2""		878.7	878700	879.30005	879300	1.6000366	1600	""osoba2""
""osoba3""		881.4	881400	881.4	881400	1.0	1000	""osoba3""
""osoba4""		881.7	881700	970.80005	970800	90.10004	90100	""osoba4""
""osoba4""		883.80005	883800	970.80005	970800	88.0	88000	""osoba4""
""osoba4""		886.2	886200	970.80005	970800	85.60004	85600	""osoba4""
""osoba4""		888.60004	888600	970.80005	970800	83.20001	83200	""osoba4""
""osoba4""		889.80005	889800	970.80005	970800	82.0	82000	""osoba4""
""osoba4""		892.80005	892800	970.80005	970800	79.0	79000	""osoba4""
""osoba4""		893.4	893400	970.80005	970800	78.400024	78400	""osoba4""
""osoba4""		895.80005	895800	970.80005	970800	76.0	76000	""osoba4""
""osoba3""		897.9	897900	897.9	897900	1.0	1000	""osoba3""
""osoba4""		899.10004	899100	970.80005	970800	72.70001	72700	""osoba4""
""osoba4""		900.60004	900600	970.80005	970800	71.20001	71200	""osoba4""
""osoba4""		901.80005	901800	970.80005	970800	70.0	70000	""osoba4""
""osoba3""		905.7	905700	909.00006	909000	4.300049	4300	""osoba3""
""osoba1""		906.60004	906600	906.60004	906600	1.0	1000	""osoba1""
""osoba4""		907.2	907200	970.80005	970800	64.60004	64600	""osoba4""
""osoba4""		908.7	908700	970.80005	970800	63.100037	63100	""osoba4""
""osoba4""		909.9	909900	970.80005	970800	61.900024	61900	""osoba4""
""osoba4""		914.10004	914100	970.80005	970800	57.700012	57700	""osoba4""
""osoba4""		915.00006	915000	970.80005	970800	56.799988	56799	""osoba4""
""osoba3""		916.2	916200	917.7	917700	2.5	2500	""osoba3""
""osoba3""		917.7	917700	917.7	917700	1.0	1000	""osoba3""
""osoba4""		920.10004	920100	970.80005	970800	51.700012	51700	""osoba4""
""osoba4""		924.30005	924300	970.80005	970800	47.5	47500	""osoba4""
""osoba3""		925.2	925200	925.50006	925500	1.3000488	1300	""osoba3""
""osoba4""		926.4	926400	970.80005	970800	45.400024	45400	""osoba4""
""osoba4""		928.50006	928500	970.80005	970800	43.299988	43299	""osoba4""
""osoba2""		929.10004	929100	929.10004	929100	1.0	1000	""osoba2""
""osoba4""		931.2	931200	970.80005	970800	40.600037	40600	""osoba4""
""osoba4""		935.4	935400	970.80005	970800	36.400024	36400	""osoba4""
""osoba1""		935.7	935700	936.00006	936000	1.3000488	1300	""osoba1""
""osoba2""		941.4	941400	942.60004	942600	2.2000122	2200	""osoba2""
""osoba4""		942.60004	942600	970.80005	970800	29.200012	29200	""osoba4""
""osoba4""		943.50006	943500	970.80005	970800	28.299988	28299	""osoba4""
""osoba4""		944.4	944400	970.80005	970800	27.400024	27400	""osoba4""
""osoba4""		945.9	945900	970.80005	970800	25.900024	25900	""osoba4""
""osoba1""		947.4	947400	948.9	948900	2.5	2500	""osoba1""
""osoba4""		950.10004	950100	970.80005	970800	21.700012	21700	""osoba4""
""osoba2""		955.50006	955500	955.50006	955500	1.0	1000	""osoba2""
""osoba4""		958.50006	958500	970.80005	970800	13.299988	13299	""osoba4""
""osoba4""		959.7	959700	970.80005	970800	12.100037	12100	""osoba4""
""osoba4""		960.30005	960300	970.80005	970800	11.5	11500	""osoba4""
""osoba4""		961.80005	961800	970.80005	970800	10.0	10000	""osoba4""
""osoba4""		963.00006	963000	970.80005	970800	8.799988	8799	""osoba4""
""osoba4""		963.60004	963600	970.80005	970800	8.200012	8200	""osoba4""
""osoba4""		965.10004	965100	970.80005	970800	6.700012	6700	""osoba4""
""osoba4""		967.80005	967800	970.80005	970800	4.0	4000	""osoba4""
""osoba4""		968.4	968400	970.80005	970800	3.4000244	3400	""osoba4""
""osoba1""		968.7	968700	971.10004	971100	3.4000244	3400	""osoba1""
""osoba1""		976.2	976200	980.4	980400	5.200012	5200	""osoba1""
""osoba4""		976.2	976200	988.50006	988500	13.300049	13300	""osoba4""
""osoba4""		981.60004	981600	988.50006	988500	7.9000244	7900	""osoba4""
""osoba2""		981.9	981900	982.50006	982500	1.6000366	1600	""osoba2""
""osoba4""		985.2	985200	988.50006	988500	4.300049	4300	""osoba4""
""osoba3""		985.50006	985500	991.2	991200	6.699951	6699	""osoba3""
""osoba4""		985.80005	985800	988.50006	988500	3.7000122	3700	""osoba4""
""osoba4""		1000.2	1000200	1003.2	1003200	4.0	4000	""osoba4""
""osoba1""		1000.80005	1000800	1005.9	1005900	6.0999756	6099	""osoba1""
""osoba4""		1002.9	1002900	1003.2	1003200	1.2999878	1299	""osoba4""
""osoba1""		1003.2	1003200	1005.9	1005900	3.7000122	3700	""osoba1""
""osoba3""		1008.9	1008900	1009.50006	1009500	1.6000366	1600	""osoba3""
""osoba4""		1011.00006	1011000	1044.0	1044000	33.99994	33999	""osoba4""
""osoba4""		1012.80005	1012800	1044.0	1044000	32.19995	32199	""osoba4""
""osoba4""		1016.10004	1016100	1044.0	1044000	28.899963	28899	""osoba4""
""osoba4""		1019.10004	1019100	1044.0	1044000	25.899963	25899	""osoba4""
""osoba4""		1023.30005	1023300	1044.0	1044000	21.699951	21699	""osoba4""
""osoba4""		1023.9	1023900	1044.0	1044000	21.099976	21099	""osoba4""
""osoba4""		1024.8	1024800	1044.0	1044000	20.199951	20199	""osoba4""
""osoba4""		1026.6001	1026600	1044.0	1044000	18.399902	18399	""osoba4""
""osoba4""		1028.1001	1028100	1044.0	1044000	16.899902	16899	""osoba4""
""osoba1""		1028.7001	1028700	1029.0	1029000	1.2999268	1299	""osoba1""
""osoba4""		1030.5	1030500	1044.0	1044000	14.5	14500	""osoba4""
""osoba4""		1033.5	1033500	1044.0	1044000	11.5	11500	""osoba4""
""osoba4""		1034.1001	1034100	1044.0	1044000	10.899902	10899	""osoba4""
""osoba3""		1034.4	1034400	1034.4	1034400	1.0	1000	""osoba3""
""osoba4""		1035.0	1035000	1044.0	1044000	10.0	10000	""osoba4""
""osoba4""		1036.2001	1036200	1044.0	1044000	8.799927	8799	""osoba4""
""osoba4""		1037.1001	1037100	1044.0	1044000	7.8999023	7899	""osoba4""
""osoba4""		1038.0	1038000	1044.0	1044000	7.0	7000	""osoba4""
""osoba2""		1038.6001	1038600	1038.6001	1038600	1.0	1000	""osoba2""
""osoba4""		1039.5	1039500	1044.0	1044000	5.5	5500	""osoba4""
""osoba4""		1041.3	1041300	1044.0	1044000	3.6999512	3699	""osoba4""
""osoba1""		1043.1001	1043100	1044.3	1044300	2.1999512	2199	""osoba1""
""osoba4""		1043.4	1043400	1044.0	1044000	1.5999756	1599	""osoba4""
""osoba4""		1050.6001	1050600	1051.8	1051800	2.1999512	2199	""osoba4""
""osoba1""		1051.5	1051500	1053.0	1053000	2.5	2500	""osoba1""
""osoba4""		1051.5	1051500	1051.8	1051800	1.3000488	1300	""osoba4""
""osoba4""		1058.7001	1058700	1060.5	1060500	2.7999268	2799	""osoba4""
""osoba4""		1059.6001	1059600	1060.5	1060500	1.8999023	1899	""osoba4""
""osoba4""		1062.6001	1062600	1068.3	1068300	6.699951	6699	""osoba4""
""osoba2""		1065.3	1065300	1068.6001	1068600	4.300049	4300	""osoba2""
""osoba1""		1065.9	1065900	1067.7001	1067700	2.8000488	2800	""osoba1""
""osoba4""		1077.9	1077900	1106.4	1106400	29.5	29500	""osoba4""
""osoba4""		1078.5	1078500	1106.4	1106400	28.900024	28900	""osoba4""
""osoba4""		1079.4	1079400	1106.4	1106400	28.0	28000	""osoba4""
""osoba4""		1083.3	1083300	1106.4	1106400	24.099976	24099	""osoba4""
""osoba4""		1084.2001	1084200	1106.4	1106400	23.199951	23199	""osoba4""
""osoba4""		1084.8	1084800	1106.4	1106400	22.599976	22599	""osoba4""
""osoba4""		1085.4	1085400	1106.4	1106400	22.0	22000	""osoba4""
""osoba4""		1087.5	1087500	1106.4	1106400	19.900024	19900	""osoba4""
""osoba2""		1087.8	1087800	1090.8	1090800	4.0	4000	""osoba2""
""osoba4""		1092.0	1092000	1106.4	1106400	15.400024	15400	""osoba4""
""osoba4""		1092.9	1092900	1106.4	1106400	14.5	14500	""osoba4""
""osoba4""		1094.4	1094400	1106.4	1106400	13.0	13000	""osoba4""
""osoba4""		1095.6001	1095600	1106.4	1106400	11.799927	11799	""osoba4""
""osoba4""		1097.4	1097400	1106.4	1106400	10.0	10000	""osoba4""
""osoba4""		1099.2001	1099200	1106.4	1106400	8.199951	8199	""osoba4""
""osoba4""		1100.7001	1100700	1106.4	1106400	6.699951	6699	""osoba4""
""osoba4""		1103.4	1103400	1106.4	1106400	4.0	4000	""osoba4""
""osoba4""		1104.0	1104000	1106.4	1106400	3.4000244	3400	""osoba4""
""osoba4""		1104.9	1104900	1106.4	1106400	2.5	2500	""osoba4""
""osoba1""		1106.4	1106400	1107.6001	1107600	2.2000732	2200	""osoba1""
""osoba3""		1107.9	1107900	1108.2001	1108200	1.3000488	1300	""osoba3""
""osoba1""		1110.6001	1110600	1111.2001	1111200	1.5999756	1599	""osoba1""
""osoba4""		1114.5	1114500	1126.2001	1126200	12.700073	12700	""osoba4""
""osoba4""		1115.1001	1115100	1126.2001	1126200	12.099976	12099	""osoba4""
""osoba3""		1117.5	1117500	1118.4	1118400	1.9000244	1900	""osoba3""
""osoba4""		1120.5	1120500	1126.2001	1126200	6.7000732	6700	""osoba4""
""osoba1""		1120.8	1120800	1123.8	1123800	4.0	4000	""osoba1""
""osoba4""		1125.9	1125900	1126.2001	1126200	1.3000488	1300	""osoba4""
""osoba2""		1126.5	1126500	1128.3	1128300	2.8000488	2800	""osoba2""
""osoba3""		1128.3	1128300	1128.9	1128900	1.5999756	1599	""osoba3""
""osoba2""		1130.7001	1130700	1130.7001	1130700	1.0	1000	""osoba2""
""osoba4""		1135.2001	1135200	1138.5	1138500	4.2999268	4299	""osoba4""
""osoba4""		1136.4	1136400	1138.5	1138500	3.0999756	3099	""osoba4""
""osoba4""		1137.0	1137000	1138.5	1138500	2.5	2500	""osoba4""
""osoba2""		1137.6001	1137600	1139.7001	1139700	3.0999756	3099	""osoba2""
""osoba4""		1148.4	1148400	1161.0	1161000	13.599976	13599	""osoba4""
""osoba1""		1149.3	1149300	1149.3	1149300	1.0	1000	""osoba1""
""osoba3""		1152.0	1152000	1152.6001	1152600	1.6000977	1600	""osoba3""
""osoba4""		1154.7001	1154700	1161.0	1161000	7.2999268	7299	""osoba4""
""osoba4""		1155.9	1155900	1161.0	1161000	6.0999756	6099	""osoba4""
""osoba4""		1157.1001	1157100	1161.0	1161000	4.8999023	4899	""osoba4""
""osoba4""		1158.3	1158300	1161.0	1161000	3.6999512	3699	""osoba4""
""osoba1""		1160.4	1160400	1162.5	1162500	3.0999756	3099	""osoba1""
""osoba3""		1161.3	1161300	1161.3	1161300	1.0	1000	""osoba3""
""osoba1""		1162.2001	1162200	1162.5	1162500	1.2999268	1299	""osoba1""
""osoba2""		1164.9	1164900	1165.5	1165500	1.5999756	1599	""osoba2""
""osoba4""		1168.8	1168800	1174.2001	1174200	6.4000244	6400	""osoba4""
""osoba4""		1170.6001	1170600	1174.2001	1174200	4.5999756	4599	""osoba4""
""osoba4""		1172.1001	1172100	1174.2001	1174200	3.0999756	3099	""osoba4""
""osoba4""		1172.7001	1172700	1174.2001	1174200	2.5	2500	""osoba4""
""osoba3""		1175.1001	1175100	1175.4	1175400	1.2999268	1299	""osoba3""
""osoba4""		1177.2001	1177200	1189.2001	1189200	13.0	13000	""osoba4""
""osoba4""		1179.0	1179000	1189.2001	1189200	11.200073	11200	""osoba4""
""osoba4""		1179.6001	1179600	1189.2001	1189200	10.599976	10599	""osoba4""
""osoba4""		1181.1001	1181100	1189.2001	1189200	9.099976	9099	""osoba4""
""osoba2""		1181.7001	1181700	1185.0	1185000	4.2999268	4299	""osoba2""
""osoba2""		1184.7001	1184700	1185.0	1185000	1.2999268	1299	""osoba2""
""osoba4""		1184.7001	1184700	1189.2001	1189200	5.5	5500	""osoba4""
""osoba4""		1188.0	1188000	1189.2001	1189200	2.2000732	2200	""osoba4""
""osoba1""		1188.3	1188300	1189.2001	1189200	1.9000244	1900	""osoba1""
""osoba4""		1192.5	1192500	1210.8	1210800	19.300049	19300	""osoba4""
""osoba4""		1193.4	1193400	1210.8	1210800	18.400024	18400	""osoba4""
""osoba4""		1194.9	1194900	1210.8	1210800	16.900024	16900	""osoba4""
""osoba3""		1196.1001	1196100	1196.7001	1196700	1.5999756	1599	""osoba3""
""osoba4""		1199.7001	1199700	1210.8	1210800	12.099976	12099	""osoba4""
""osoba4""		1200.6001	1200600	1210.8	1210800	11.199951	11199	""osoba4""
""osoba2""		1204.8	1204800	1204.8	1204800	1.0	1000	""osoba2""
""osoba3""		1206.3	1206300	1207.5	1207500	2.1999512	2199	""osoba3""
""osoba4""		1208.1001	1208100	1210.8	1210800	3.6999512	3699	""osoba4""
""osoba4""		1208.7001	1208700	1210.8	1210800	3.0999756	3099	""osoba4""
""osoba3""		1209.6001	1209600	1210.5	1210500	1.8999023	1899	""osoba3""
""osoba1""		1209.9	1209900	1213.5	1213500	4.5999756	4599	""osoba1""
""osoba4""		1218.6001	1218600	1222.2001	1222200	4.5999756	4599	""osoba4""
""osoba4""		1219.5	1219500	1222.2001	1222200	3.7000732	3700	""osoba4""
""osoba2""		1222.2001	1222200	1224.3	1224300	3.0999756	3099	""osoba2""
""osoba1""		1224.0	1224000	1224.6001	1224600	1.6000977	1600	""osoba1""
""osoba3""		1225.8	1225800	1225.8	1225800	1.0	1000	""osoba3""
""osoba4""		1233.3	1233300	1275.6001	1275600	43.30005	43300	""osoba4""
""osoba4""		1235.1001	1235100	1275.6001	1275600	41.5	41500	""osoba4""
""osoba4""		1235.7001	1235700	1275.6001	1275600	40.900024	40900	""osoba4""
""osoba4""		1236.9	1236900	1275.6001	1275600	39.700073	39700	""osoba4""
""osoba4""		1239.3	1239300	1275.6001	1275600	37.30005	37300	""osoba4""
""osoba3""		1243.2001	1243200	1245.0	1245000	2.7999268	2799	""osoba3""
""osoba4""		1243.2001	1243200	1275.6001	1275600	33.400024	33400	""osoba4""
""osoba4""		1245.3	1245300	1275.6001	1275600	31.300049	31300	""osoba4""
""osoba1""		1246.2001	1246200	1247.7001	1247700	2.5	2500	""osoba1""
""osoba4""		1249.2001	1249200	1275.6001	1275600	27.400024	27400	""osoba4""
""osoba4""		1250.4	1250400	1275.6001	1275600	26.200073	26200	""osoba4""
""osoba4""		1252.2001	1252200	1275.6001	1275600	24.400024	24400	""osoba4""
""osoba4""		1252.8	1252800	1275.6001	1275600	23.800049	23800	""osoba4""
""osoba4""		1254.0	1254000	1275.6001	1275600	22.600098	22600	""osoba4""
""osoba4""		1256.7001	1256700	1275.6001	1275600	19.900024	19900	""osoba4""
""osoba4""		1257.6001	1257600	1275.6001	1275600	19.0	19000	""osoba4""
""osoba1""		1259.7001	1259700	1260.3	1260300	1.5999756	1599	""osoba1""
""osoba4""		1262.1001	1262100	1275.6001	1275600	14.5	14500	""osoba4""
""osoba2""		1263.6001	1263600	1265.1001	1265100	2.5	2500	""osoba2""
""osoba4""		1267.5	1267500	1275.6001	1275600	9.100098	9100	""osoba4""
""osoba4""		1268.1001	1268100	1275.6001	1275600	8.5	8500	""osoba4""
""osoba1""		1268.7001	1268700	1268.7001	1268700	1.0	1000	""osoba1""
""osoba2""		1270.5	1270500	1270.5	1270500	1.0	1000	""osoba2""
""osoba4""		1271.1001	1271100	1275.6001	1275600	5.5	5500	""osoba4""
""osoba4""		1273.5	1273500	1275.6001	1275600	3.1000977	3100	""osoba4""
""osoba4""		1274.7001	1274700	1275.6001	1275600	1.9000244	1900	""osoba4""
""osoba2""		1275.0	1275000	1276.5	1276500	2.5	2500	""osoba2""
""osoba4""		1283.4	1283400	1292.7001	1292700	10.300049	10300	""osoba4""
""osoba1""		1284.3	1284300	1284.3	1284300	1.0	1000	""osoba1""
""osoba4""		1285.2001	1285200	1292.7001	1292700	8.5	8500	""osoba4""
""osoba4""		1287.0	1287000	1292.7001	1292700	6.7000732	6700	""osoba4""
""osoba1""		1287.3	1287300	1287.9	1287900	1.5999756	1599	""osoba1""
""osoba4""		1291.2001	1291200	1292.7001	1292700	2.5	2500	""osoba4""
""osoba2""		1291.8	1291800	1293.0	1293000	2.1999512	2199	""osoba2""
""osoba4""		1297.8	1297800	1351.2001	1351200	54.400024	54400	""osoba4""
""osoba4""		1300.2001	1300200	1351.2001	1351200	52.0	52000	""osoba4""
""osoba4""		1308.3	1308300	1351.2001	1351200	43.900024	43900	""osoba4""
""osoba4""		1309.8	1309800	1351.2001	1351200	42.400024	42400	""osoba4""
""osoba4""		1311.0	1311000	1351.2001	1351200	41.200073	41200	""osoba4""
""osoba4""		1313.4	1313400	1351.2001	1351200	38.80005	38800	""osoba4""
""osoba2""		1313.7001	1313700	1316.1001	1316100	3.4000244	3400	""osoba2""
""osoba4""		1314.9	1314900	1351.2001	1351200	37.30005	37300	""osoba4""
""osoba4""		1319.1001	1319100	1351.2001	1351200	33.099976	33099	""osoba4""
""osoba2""		1321.8	1321800	1321.8	1321800	1.0	1000	""osoba2""
""osoba4""		1322.1001	1322100	1351.2001	1351200	30.099976	30099	""osoba4""
""osoba4""		1324.8	1324800	1351.2001	1351200	27.400024	27400	""osoba4""
""osoba4""		1326.3	1326300	1351.2001	1351200	25.900024	25900	""osoba4""
""osoba4""		1327.2001	1327200	1351.2001	1351200	25.0	25000	""osoba4""
""osoba4""		1328.7001	1328700	1351.2001	1351200	23.5	23500	""osoba4""
""osoba4""		1329.9	1329900	1351.2001	1351200	22.300049	22300	""osoba4""
""osoba4""		1330.8	1330800	1351.2001	1351200	21.400024	21400	""osoba4""
""osoba4""		1331.4	1331400	1351.2001	1351200	20.800049	20800	""osoba4""
""osoba4""		1333.8	1333800	1351.2001	1351200	18.400024	18400	""osoba4""
""osoba3""		1334.7001	1334700	1335.6001	1335600	1.9000244	1900	""osoba3""
""osoba4""		1334.7001	1334700	1351.2001	1351200	17.5	17500	""osoba4""
""osoba4""		1337.4	1337400	1351.2001	1351200	14.800049	14800	""osoba4""
""osoba3""		1337.7001	1337700	1338.0	1338000	1.2999268	1299	""osoba3""
""osoba4""		1339.2001	1339200	1351.2001	1351200	13.0	13000	""osoba4""
""osoba1""		1340.4	1340400	1340.7001	1340700	1.3000488	1300	""osoba1""
""osoba4""		1340.4	1340400	1351.2001	1351200	11.800049	11800	""osoba4""
""osoba4""		1341.9	1341900	1351.2001	1351200	10.300049	10300	""osoba4""
""osoba4""		1343.7001	1343700	1351.2001	1351200	8.5	8500	""osoba4""
""osoba4""		1346.7001	1346700	1351.2001	1351200	5.5	5500	""osoba4""
""osoba2""		1347.3	1347300	1348.5	1348500	2.1999512	2199	""osoba2""
""osoba4""		1347.3	1347300	1351.2001	1351200	4.9000244	4900	""osoba4""
""osoba1""		1348.5	1348500	1351.8	1351800	4.300049	4300	""osoba1""
""osoba4""		1348.8	1348800	1351.2001	1351200	3.4000244	3400	""osoba4""
""osoba4""		1350.0	1350000	1351.2001	1351200	2.2000732	2200	""osoba4""
""osoba2""		1352.4	1352400	1352.4	1352400	1.0	1000	""osoba2""
""osoba4""		1358.4	1358400	1361.1001	1361100	3.7000732	3700	""osoba4""
""osoba1""		1361.1001	1361100	1361.4	1361400	1.2999268	1299	""osoba1""
""osoba4""		1363.8	1363800	1372.8	1372800	10.0	10000	""osoba4""
""osoba1""		1364.1001	1364100	1365.3	1365300	2.1999512	2199	""osoba1""
""osoba4""		1367.4	1367400	1372.8	1372800	6.4000244	6400	""osoba4""
""osoba4""		1368.9	1368900	1372.8	1372800	4.9000244	4900	""osoba4""
""osoba1""		1369.5	1369500	1370.1001	1370100	1.6000977	1600	""osoba1""
""osoba4""		1371.0	1371000	1372.8	1372800	2.8000488	2800	""osoba4""
""osoba4""		1371.6001	1371600	1372.8	1372800	2.1999512	2199	""osoba4""
""osoba4""		1372.2001	1372200	1372.8	1372800	1.5999756	1599	""osoba4""
""osoba2""		1372.8	1372800	1374.0	1374000	2.1999512	2199	""osoba2""
""osoba4""		1374.9	1374900	1402.5	1402500	28.599976	28599	""osoba4""
""osoba4""		1377.0	1377000	1402.5	1402500	26.5	26500	""osoba4""
""osoba4""		1378.8	1378800	1402.5	1402500	24.699951	24699	""osoba4""
""osoba4""		1379.7001	1379700	1402.5	1402500	23.799927	23799	""osoba4""
""osoba4""		1380.3	1380300	1402.5	1402500	23.199951	23199	""osoba4""
""osoba4""		1381.2001	1381200	1402.5	1402500	22.299927	22299	""osoba4""
""osoba4""		1383.6001	1383600	1402.5	1402500	19.899902	19899	""osoba4""
""osoba4""		1385.1001	1385100	1402.5	1402500	18.399902	18399	""osoba4""
""osoba4""		1386.3	1386300	1402.5	1402500	17.199951	17199	""osoba4""
""osoba4""		1386.9	1386900	1402.5	1402500	16.599976	16599	""osoba4""
""osoba4""		1393.2001	1393200	1402.5	1402500	10.299927	10299	""osoba4""
""osoba4""		1394.4	1394400	1402.5	1402500	9.099976	9099	""osoba4""
""osoba4""		1397.1001	1397100	1402.5	1402500	6.3999023	6399	""osoba4""
""osoba4""		1398.3	1398300	1402.5	1402500	5.199951	5199	""osoba4""
""osoba4""		1399.8	1399800	1402.5	1402500	3.6999512	3699	""osoba4""
""osoba4""		1400.4	1400400	1402.5	1402500	3.0999756	3099	""osoba4""
""osoba1""		1402.8	1402800	1403.7001	1403700	1.9000244	1900	""osoba1""
""osoba4""		1407.9	1407900	1437.6001	1437600	30.700073	30700	""osoba4""
""osoba4""		1410.0	1410000	1437.6001	1437600	28.600098	28600	""osoba4""
""osoba4""		1412.1001	1412100	1437.6001	1437600	26.5	26500	""osoba4""
""osoba4""		1413.9	1413900	1437.6001	1437600	24.700073	24700	""osoba4""
""osoba4""		1415.1001	1415100	1437.6001	1437600	23.5	23500	""osoba4""
""osoba4""		1416.0	1416000	1437.6001	1437600	22.600098	22600	""osoba4""
""osoba4""		1417.2001	1417200	1437.6001	1437600	21.400024	21400	""osoba4""
""osoba4""		1420.8	1420800	1437.6001	1437600	17.800049	17800	""osoba4""
""osoba4""		1423.8	1423800	1437.6001	1437600	14.800049	14800	""osoba4""
""osoba4""		1425.9	1425900	1437.6001	1437600	12.700073	12700	""osoba4""
""osoba3""		1428.0	1428000	1428.6001	1428600	1.6000977	1600	""osoba3""
""osoba1""		1428.3	1428300	1431.0	1431000	3.6999512	3699	""osoba1""
""osoba2""		1428.9	1428900	1430.1001	1430100	2.2000732	2200	""osoba2""
""osoba4""		1429.8	1429800	1437.6001	1437600	8.800049	8800	""osoba4""
""osoba4""		1432.5	1432500	1437.6001	1437600	6.1000977	6100	""osoba4""
""osoba4""		1433.4	1433400	1437.6001	1437600	5.2000732	5200	""osoba4""
""osoba1""		1433.7001	1433700	1434.9	1434900	2.1999512	2199	""osoba1""
""osoba4""		1437.0	1437000	1437.6001	1437600	1.6000977	1600	""osoba4""
""osoba2""		1437.6001	1437600	1439.7001	1439700	3.0999756	3099	""osoba2""
""osoba1""		1443.6001	1443600	1444.5	1444500	1.8999023	1899	""osoba1""
""osoba2""		1445.7001	1445700	1446.9	1446900	2.1999512	2199	""osoba2""
""osoba4""		1446.6001	1446600	1451.7001	1451700	6.0999756	6099	""osoba4""
""osoba4""		1447.5	1447500	1451.7001	1451700	5.2000732	5200	""osoba4""
""osoba1""		1449.3	1449300	1452.9	1452900	4.5999756	4599	""osoba1""
""osoba4""		1459.8	1459800	1462.8	1462800	4.0	4000	""osoba4""
""osoba2""		1462.5	1462500	1463.7001	1463700	2.2000732	2200	""osoba2""
""osoba3""		1464.6001	1464600	1464.6001	1464600	1.0	1000	""osoba3""
""osoba4""		1466.7001	1466700	1467.6001	1467600	1.9000244	1900	""osoba4""
""osoba3""		1467.0	1467000	1467.9	1467900	1.9000244	1900	""osoba3""
""osoba4""		1472.7001	1472700	1483.8	1483800	12.099976	12099	""osoba4""
""osoba4""		1474.5	1474500	1483.8	1483800	10.300049	10300	""osoba4""
""osoba4""		1475.1001	1475100	1483.8	1483800	9.699951	9699	""osoba4""
""osoba4""		1476.3	1476300	1483.8	1483800	8.5	8500	""osoba4""
""osoba4""		1477.8	1477800	1483.8	1483800	7.0	7000	""osoba4""
""osoba4""		1481.1001	1481100	1483.8	1483800	3.6999512	3699	""osoba4""
""osoba4""		1482.3	1482300	1483.8	1483800	2.5	2500	""osoba4""
""osoba2""		1483.2001	1483200	1484.1001	1484100	1.9000244	1900	""osoba2""
""osoba1""		1487.4	1487400	1487.4	1487400	1.0	1000	""osoba1""
""osoba3""		1487.7001	1487700	1488.6001	1488600	1.9000244	1900	""osoba3""
""osoba2""		1490.4	1490400	1491.9	1491900	2.5	2500	""osoba2""
""osoba3""		1491.9	1491900	1492.5	1492500	1.5999756	1599	""osoba3""
""osoba4""		1493.1001	1493100	1552.8	1552800	60.69995	60699	""osoba4""
""osoba4""		1494.3	1494300	1552.8	1552800	59.5	59500	""osoba4""
""osoba4""		1494.9	1494900	1552.8	1552800	58.900024	58900	""osoba4""
""osoba3""		1496.4	1496400	1496.4	1496400	1.0	1000	""osoba3""
""osoba4""		1497.3	1497300	1552.8	1552800	56.5	56500	""osoba4""
""osoba4""		1498.2001	1498200	1552.8	1552800	55.599976	55599	""osoba4""
""osoba4""		1499.4	1499400	1552.8	1552800	54.400024	54400	""osoba4""
""osoba4""		1504.2001	1504200	1552.8	1552800	49.599976	49599	""osoba4""
""osoba4""		1504.8	1504800	1552.8	1552800	49.0	49000	""osoba4""
""osoba4""		1507.2001	1507200	1552.8	1552800	46.599976	46599	""osoba4""
""osoba4""		1507.8	1507800	1552.8	1552800	46.0	46000	""osoba4""
""osoba3""		1509.0	1509000	1509.3	1509300	1.3000488	1300	""osoba3""
""osoba2""		1509.6001	1509600	1510.2001	1510200	1.5999756	1599	""osoba2""
""osoba4""		1511.1001	1511100	1552.8	1552800	42.69995	42699	""osoba4""
""osoba4""		1512.6001	1512600	1552.8	1552800	41.19995	41199	""osoba4""
""osoba4""		1514.4	1514400	1552.8	1552800	39.400024	39400	""osoba4""
""osoba4""		1515.9	1515900	1552.8	1552800	37.900024	37900	""osoba4""
""osoba4""		1520.4	1520400	1552.8	1552800	33.400024	33400	""osoba4""
""osoba4""		1526.1001	1526100	1552.8	1552800	27.699951	27699	""osoba4""
""osoba4""		1528.5	1528500	1552.8	1552800	25.300049	25300	""osoba4""
""osoba4""		1529.1001	1529100	1552.8	1552800	24.699951	24699	""osoba4""
""osoba4""		1530.6001	1530600	1552.8	1552800	23.199951	23199	""osoba4""
""osoba2""		1531.5	1531500	1531.5	1531500	1.0	1000	""osoba2""
""osoba2""		1533.6001	1533600	1536.0	1536000	3.3999023	3399	""osoba2""
""osoba4""		1535.4	1535400	1552.8	1552800	18.400024	18400	""osoba4""
""osoba4""		1536.6001	1536600	1552.8	1552800	17.199951	17199	""osoba4""
""osoba4""		1537.8	1537800	1552.8	1552800	16.0	16000	""osoba4""
""osoba1""		1539.9	1539900	1543.5001	1543500	4.6000977	4600	""osoba1""
""osoba4""		1539.9	1539900	1552.8	1552800	13.900024	13900	""osoba4""
""osoba4""		1544.7001	1544700	1552.8	1552800	9.099976	9099	""osoba4""
""osoba4""		1546.8	1546800	1552.8	1552800	7.0	7000	""osoba4""
""osoba4""		1548.6001	1548600	1552.8	1552800	5.199951	5199	""osoba4""
""osoba4""		1550.1001	1550100	1552.8	1552800	3.6999512	3699	""osoba4""
""osoba2""		1552.8	1552800	1553.1001	1553100	1.3000488	1300	""osoba2""
""osoba4""		1554.9	1554900	1577.7001	1577700	23.800049	23800	""osoba4""
""osoba3""		1556.7001	1556700	1556.7001	1556700	1.0	1000	""osoba3""
""osoba2""		1563.0001	1563000	1565.1001	1565100	3.0999756	3099	""osoba2""
""osoba4""		1566.9	1566900	1577.7001	1577700	11.800049	11800	""osoba4""
""osoba1""		1567.2001	1567200	1567.2001	1567200	1.0	1000	""osoba1""
""osoba4""		1567.5001	1567500	1577.7001	1577700	11.199951	11199	""osoba4""
""osoba4""		1569.0001	1569000	1577.7001	1577700	9.699951	9699	""osoba4""
""osoba4""		1569.9	1569900	1577.7001	1577700	8.800049	8800	""osoba4""
""osoba4""		1571.4	1571400	1577.7001	1577700	7.300049	7300	""osoba4""
""osoba4""		1572.3	1572300	1577.7001	1577700	6.4000244	6400	""osoba4""
""osoba4""		1573.2001	1573200	1577.7001	1577700	5.5	5500	""osoba4""
""osoba2""		1574.1001	1574100	1578.3	1578300	5.199951	5199	""osoba2""
""osoba4""		1574.7001	1574700	1577.7001	1577700	4.0	4000	""osoba4""
""osoba2""		1575.3	1575300	1578.3	1578300	4.0	4000	""osoba2""
""osoba4""		1589.1001	1589100	1597.8	1597800	9.699951	9699	""osoba4""
""osoba4""		1590.6001	1590600	1597.8	1597800	8.199951	8199	""osoba4""
""osoba4""		1591.2001	1591200	1597.8	1597800	7.5999756	7599	""osoba4""
""osoba4""		1592.4	1592400	1597.8	1597800	6.4000244	6400	""osoba4""
""osoba1""		1593.3	1593300	1593.6001	1593600	1.3000488	1300	""osoba1""
""osoba4""		1595.4	1595400	1597.8	1597800	3.4000244	3400	""osoba4""
""osoba1""		1597.8	1597800	1598.7001	1598700	1.9000244	1900	""osoba1""
""osoba4""		1603.2001	1603200	1614.3	1614300	12.099976	12099	""osoba4""
""osoba4""		1604.1001	1604100	1614.3	1614300	11.199951	11199	""osoba4""
""osoba4""		1607.7001	1607700	1614.3	1614300	7.5999756	7599	""osoba4""
""osoba4""		1608.9	1608900	1614.3	1614300	6.4000244	6400	""osoba4""
""osoba4""		1612.2001	1612200	1614.3	1614300	3.0999756	3099	""osoba4""
""osoba2""		1614.3	1614300	1614.9	1614900	1.5999756	1599	""osoba2""
""osoba4""		1617.6001	1617600	1618.2001	1618200	1.5999756	1599	""osoba4""
""osoba2""		1618.2001	1618200	1620.3	1620300	3.0999756	3099	""osoba2""
