"default"		0.0	0	1.0	1000	1.0	1000	BEGIN
"default"		1620.3	1620300	1620.31	1621300	1.0	1000	END
""osoba2""		9.3	9300	15.6	15600	7.3	7300	""osoba2""
""osoba2""		10.200001	10200	15.6	15600	6.3999996	6399	""osoba2""
""osoba2""		11.400001	11400	15.6	15600	5.2	5200	""osoba2""
""osoba4""		13.200001	13200	17.400002	17400	5.200001	5200	""osoba4""
""osoba4""		16.2	16200	17.400002	17400	2.2000008	2200	""osoba4""
""osoba2""		18.300001	18300	33.0	33000	15.699999	15699	""osoba2""
""osoba2""		20.1	20100	33.0	33000	13.9	13900	""osoba2""
""osoba3""		23.400002	23400	23.400002	23400	1.0	1000	""osoba3""
""osoba2""		23.7	23700	33.0	33000	10.299999	10299	""osoba2""
""osoba2""		26.400002	26400	33.0	33000	7.5999985	7599	""osoba2""
""osoba4""		26.400002	26400	34.800003	34800	9.400002	9400	""osoba4""
""osoba4""		31.500002	31500	34.800003	34800	4.300001	4300	""osoba4""
""osoba2""		42.9	42900	62.7	62700	20.8	20800	""osoba2""
""osoba2""		47.4	47400	62.7	62700	16.3	16299	""osoba2""
""osoba2""		48.0	48000	62.7	62700	15.700001	15700	""osoba2""
""osoba2""		48.9	48900	62.7	62700	14.799999	14799	""osoba2""
""osoba1""		49.500004	49500	51.9	51900	3.3999977	3399	""osoba1""
""osoba2""		55.500004	55500	62.7	62700	8.199997	8199	""osoba2""
""osoba2""		56.4	56400	62.7	62700	7.299999	7299	""osoba2""
""osoba3""		60.9	60900	63.600002	63600	3.7000008	3700	""osoba3""
""osoba4""		61.500004	61500	61.800003	61800	1.2999992	1299	""osoba4""
""osoba2""		68.700005	68700	89.4	89400	21.699997	21699	""osoba2""
""osoba3""		69.600006	69600	70.200005	70200	1.5999985	1599	""osoba3""
""osoba2""		71.700005	71700	89.4	89400	18.699997	18699	""osoba2""
""osoba2""		72.600006	72600	89.4	89400	17.799995	17799	""osoba2""
""osoba2""		75.3	75300	89.4	89400	15.099998	15099	""osoba2""
""osoba2""		76.5	76500	89.4	89400	13.900002	13900	""osoba2""
""osoba3""		77.4	77400	77.4	77400	1.0	1000	""osoba3""
""osoba2""		79.5	79500	89.4	89400	10.900002	10900	""osoba2""
""osoba2""		81.0	81000	89.4	89400	9.400002	9400	""osoba2""
""osoba2""		84.3	84300	89.4	89400	6.0999985	6099	""osoba2""
""osoba2""		87.3	87300	89.4	89400	3.0999985	3099	""osoba2""
""osoba2""		87.9	87900	89.4	89400	2.5	2500	""osoba2""
""osoba4""		89.700005	89700	96.3	96300	7.5999985	7599	""osoba4""
""osoba2""		93.9	93900	95.700005	95700	2.800003	2800	""osoba2""
""osoba2""		103.8	103800	116.700005	116700	13.900002	13900	""osoba2""
""osoba2""		105.3	105300	116.700005	116700	12.400002	12400	""osoba2""
""osoba2""		107.700005	107700	116.700005	116700	10.0	10000	""osoba2""
""osoba2""		109.50001	109500	116.700005	116700	8.199997	8199	""osoba2""
""osoba2""		111.9	111900	116.700005	116700	5.800003	5800	""osoba2""
""osoba2""		112.50001	112500	116.700005	116700	5.199997	5199	""osoba2""
""osoba2""		113.700005	113700	116.700005	116700	4.0	4000	""osoba2""
""osoba2""		114.9	114900	116.700005	116700	2.800003	2800	""osoba2""
""osoba4""		116.4	116400	118.200005	118200	2.800003	2800	""osoba4""
""osoba2""		116.700005	116700	116.700005	116700	1.0	1000	""osoba2""
""osoba1""		117.600006	117600	119.100006	119100	2.5	2500	""osoba1""
""osoba2""		120.3	120300	192.90001	192900	73.600006	73600	""osoba2""
""osoba2""		121.50001	121500	192.90001	192900	72.4	72400	""osoba2""
""osoba2""		123.600006	123600	192.90001	192900	70.3	70300	""osoba2""
""osoba3""		123.9	123900	124.8	124800	1.9000015	1900	""osoba3""
""osoba2""		128.40001	128400	192.90001	192900	65.5	65500	""osoba2""
""osoba2""		131.40001	131400	192.90001	192900	62.5	62500	""osoba2""
""osoba2""		132.6	132600	192.90001	192900	61.300003	61300	""osoba2""
""osoba2""		136.20001	136200	192.90001	192900	57.699997	57699	""osoba2""
""osoba2""		137.1	137100	192.90001	192900	56.800003	56800	""osoba2""
""osoba2""		138.0	138000	192.90001	192900	55.90001	55900	""osoba2""
""osoba2""		138.6	138600	192.90001	192900	55.300003	55300	""osoba2""
""osoba2""		139.5	139500	192.90001	192900	54.40001	54400	""osoba2""
""osoba2""		140.70001	140700	192.90001	192900	53.199997	53199	""osoba2""
""osoba2""		141.6	141600	192.90001	192900	52.300003	52300	""osoba2""
""osoba2""		145.5	145500	192.90001	192900	48.40001	48400	""osoba2""
""osoba2""		149.40001	149400	192.90001	192900	44.5	44500	""osoba2""
""osoba2""		150.6	150600	192.90001	192900	43.300003	43300	""osoba2""
""osoba2""		151.20001	151200	192.90001	192900	42.699997	42699	""osoba2""
""osoba2""		152.1	152100	192.90001	192900	41.800003	41800	""osoba2""
""osoba2""		153.6	153600	192.90001	192900	40.300003	40300	""osoba2""
""osoba2""		155.40001	155400	192.90001	192900	38.5	38500	""osoba2""
""osoba2""		157.8	157800	192.90001	192900	36.100006	36100	""osoba2""
""osoba3""		158.1	158100	158.1	158100	1.0	1000	""osoba3""
""osoba2""		158.40001	158400	192.90001	192900	35.5	35500	""osoba2""
""osoba2""		162.3	162300	192.90001	192900	31.600006	31600	""osoba2""
""osoba2""		164.70001	164700	192.90001	192900	29.199997	29199	""osoba2""
""osoba2""		167.40001	167400	192.90001	192900	26.5	26500	""osoba2""
""osoba2""		168.3	168300	192.90001	192900	25.600006	25600	""osoba2""
""osoba2""		169.5	169500	192.90001	192900	24.40001	24400	""osoba2""
""osoba2""		171.90001	171900	192.90001	192900	22.0	22000	""osoba2""
""osoba2""		172.5	172500	192.90001	192900	21.40001	21400	""osoba2""
""osoba2""		173.70001	173700	192.90001	192900	20.199997	20199	""osoba2""
""osoba2""		174.3	174300	192.90001	192900	19.600006	19600	""osoba2""
""osoba3""		178.5	178500	179.70001	179700	2.2000122	2200	""osoba3""
""osoba2""		180.90001	180900	192.90001	192900	13.0	13000	""osoba2""
""osoba2""		182.70001	182700	192.90001	192900	11.199997	11199	""osoba2""
""osoba4""		184.20001	184200	186.3	186300	3.0999908	3099	""osoba4""
""osoba2""		189.90001	189900	192.90001	192900	4.0	4000	""osoba2""
""osoba2""		190.8	190800	192.90001	192900	3.100006	3100	""osoba2""
""osoba1""		192.6	192600	193.20001	193200	1.6000061	1600	""osoba1""
""osoba2""		195.90001	195900	201.00002	201000	6.100006	6100	""osoba2""
""osoba2""		197.40001	197400	201.00002	201000	4.600006	4600	""osoba2""
""osoba3""		198.3	198300	198.3	198300	1.0	1000	""osoba3""
""osoba1""		201.00002	201000	204.3	204300	4.299988	4299	""osoba1""
""osoba3""		201.6	201600	202.8	202800	2.199997	2199	""osoba3""
""osoba2""		203.1	203100	223.20001	223200	21.100006	21100	""osoba2""
""osoba1""		204.00002	204000	204.3	204300	1.2999878	1299	""osoba1""
""osoba2""		206.1	206100	223.20001	223200	18.100006	18100	""osoba2""
""osoba2""		207.90001	207900	223.20001	223200	16.300003	16300	""osoba2""
""osoba2""		209.40001	209400	223.20001	223200	14.800003	14800	""osoba2""
""osoba2""		210.00002	210000	223.20001	223200	14.199997	14199	""osoba2""
""osoba3""		212.40001	212400	213.00002	213000	1.6000061	1600	""osoba3""
""osoba2""		216.6	216600	223.20001	223200	7.600006	7600	""osoba2""
""osoba2""		219.00002	219000	223.20001	223200	5.199997	5199	""osoba2""
""osoba2""		219.90001	219900	223.20001	223200	4.300003	4300	""osoba2""
""osoba3""		222.3	222300	223.50002	223500	2.2000122	2200	""osoba3""
""osoba2""		231.00002	231000	250.8	250800	20.799988	20799	""osoba2""
""osoba2""		231.90001	231900	250.8	250800	19.899994	19899	""osoba2""
""osoba2""		233.70001	233700	250.8	250800	18.09999	18099	""osoba2""
""osoba1""		236.40001	236400	237.90001	237900	2.5	2500	""osoba1""
""osoba2""		239.1	239100	250.8	250800	12.699997	12699	""osoba2""
""osoba2""		241.50002	241500	250.8	250800	10.299988	10299	""osoba2""
""osoba3""		242.70001	242700	245.1	245100	3.399994	3399	""osoba3""
""osoba2""		243.00002	243000	250.8	250800	8.799988	8799	""osoba2""
""osoba2""		246.00002	246000	250.8	250800	5.799988	5799	""osoba2""
""osoba2""		247.20001	247200	250.8	250800	4.599991	4599	""osoba2""
""osoba2""		248.1	248100	250.8	250800	3.699997	3699	""osoba2""
""osoba4""		249.6	249600	252.90001	252900	4.300003	4300	""osoba4""
""osoba2""		249.90001	249900	250.8	250800	1.8999939	1899	""osoba2""
""osoba3""		253.8	253800	255.90001	255900	3.100006	3100	""osoba3""
""osoba2""		255.90001	255900	274.80002	274800	19.90001	19900	""osoba2""
""osoba1""		256.2	256200	256.5	256500	1.2999878	1299	""osoba1""
""osoba2""		258.0	258000	274.80002	274800	17.800018	17800	""osoba2""
""osoba2""		258.6	258600	274.80002	274800	17.200012	17200	""osoba2""
""osoba2""		261.6	261600	274.80002	274800	14.200012	14200	""osoba2""
""osoba2""		263.1	263100	274.80002	274800	12.700012	12700	""osoba2""
""osoba2""		263.7	263700	274.80002	274800	12.100006	12100	""osoba2""
""osoba2""		266.7	266700	274.80002	274800	9.100006	9100	""osoba2""
""osoba2""		267.6	267600	274.80002	274800	8.200012	8200	""osoba2""
""osoba2""		270.0	270000	274.80002	274800	5.8000183	5800	""osoba2""
""osoba2""		273.0	273000	274.80002	274800	2.8000183	2800	""osoba2""
""osoba3""		274.80002	274800	279.0	279000	5.1999817	5199	""osoba3""
""osoba2""		278.7	278700	286.2	286200	8.5	8500	""osoba2""
""osoba4""		279.0	279000	279.30002	279300	1.3000183	1300	""osoba4""
""osoba2""		280.80002	280800	286.2	286200	6.399994	6399	""osoba2""
""osoba4""		283.80002	283800	288.0	288000	5.1999817	5199	""osoba4""
""osoba2""		285.6	285600	286.2	286200	1.6000061	1600	""osoba2""
""osoba4""		285.90002	285900	288.0	288000	3.0999756	3099	""osoba4""
""osoba2""		290.7	290700	292.5	292500	2.7999878	2799	""osoba2""
""osoba4""		291.6	291600	296.40002	296400	5.8000183	5800	""osoba4""
""osoba2""		304.2	304200	306.6	306600	3.399994	3399	""osoba2""
""osoba2""		305.40002	305400	306.6	306600	2.1999817	2199	""osoba2""
""osoba1""		306.6	306600	315.0	315000	9.399994	9399	""osoba1""
""osoba3""		307.80002	307800	308.1	308100	1.2999878	1299	""osoba3""
""osoba2""		311.40002	311400	330.6	330600	20.199982	20199	""osoba2""
""osoba2""		317.1	317100	330.6	330600	14.5	14500	""osoba2""
""osoba2""		321.6	321600	330.6	330600	10.0	10000	""osoba2""
""osoba2""		322.80002	322800	330.6	330600	8.799988	8799	""osoba2""
""osoba2""		324.0	324000	330.6	330600	7.600006	7600	""osoba2""
""osoba2""		325.2	325200	330.6	330600	6.399994	6399	""osoba2""
""osoba2""		326.1	326100	330.6	330600	5.5	5500	""osoba2""
""osoba2""		327.30002	327300	330.6	330600	4.299988	4299	""osoba2""
""osoba2""		329.1	329100	330.6	330600	2.5	2500	""osoba2""
""osoba2""		329.7	329700	330.6	330600	1.8999939	1899	""osoba2""
""osoba4""		331.2	331200	333.30002	333300	3.100006	3100	""osoba4""
""osoba1""		333.0	333000	335.7	335700	3.7000122	3700	""osoba1""
""osoba2""		335.7	335700	345.30002	345300	10.600006	10600	""osoba2""
""osoba2""		336.90002	336900	345.30002	345300	9.399994	9399	""osoba2""
""osoba1""		337.80002	337800	337.80002	337800	1.0	1000	""osoba1""
""osoba2""		339.30002	339300	345.30002	345300	7.0	7000	""osoba2""
""osoba4""		339.30002	339300	341.40002	341400	3.100006	3100	""osoba4""
""osoba1""		341.7	341700	342.30002	342300	1.6000061	1600	""osoba1""
""osoba2""		342.0	342000	345.30002	345300	4.3000183	4300	""osoba2""
""osoba4""		345.0	345000	351.0	351000	7.0	7000	""osoba4""
""osoba1""		348.30002	348300	350.1	350100	2.7999878	2799	""osoba1""
""osoba3""		348.6	348600	348.90002	348900	1.3000183	1300	""osoba3""
""osoba2""		358.5	358500	358.80002	358800	1.3000183	1300	""osoba2""
""osoba4""		358.80002	358800	360.0	360000	2.1999817	2199	""osoba4""
""osoba2""		363.0	363000	367.80002	367800	5.8000183	5800	""osoba2""
""osoba2""		363.90002	363900	367.80002	367800	4.899994	4899	""osoba2""
""osoba2""		365.1	365100	367.80002	367800	3.7000122	3700	""osoba2""
""osoba2""		366.30002	366300	367.80002	367800	2.5	2500	""osoba2""
""osoba4""		367.5	367500	369.30002	369300	2.8000183	2800	""osoba4""
""osoba3""		368.1	368100	372.90002	372900	5.8000183	5800	""osoba3""
""osoba4""		372.30002	372300	372.6	372600	1.2999878	1299	""osoba4""
""osoba2""		381.0	381000	382.2	382200	2.2000122	2200	""osoba2""
""osoba4""		381.6	381600	385.2	385200	4.600006	4600	""osoba4""
""osoba1""		384.0	384000	385.80002	385800	2.8000183	2800	""osoba1""
""osoba2""		387.00003	387000	394.2	394200	8.199982	8199	""osoba2""
""osoba2""		389.1	389100	394.2	394200	6.100006	6100	""osoba2""
""osoba2""		390.90002	390900	394.2	394200	4.299988	4299	""osoba2""
""osoba4""		393.6	393600	394.50003	394500	1.9000244	1900	""osoba4""
""osoba3""		395.7	395700	399.30002	399300	4.600006	4600	""osoba3""
""osoba1""		398.40002	398400	398.40002	398400	1.0	1000	""osoba1""
""osoba2""		406.80002	406800	409.50003	409500	3.7000122	3700	""osoba2""
""osoba2""		408.00003	408000	409.50003	409500	2.5	2500	""osoba2""
""osoba2""		409.2	409200	409.50003	409500	1.3000183	1300	""osoba2""
""osoba1""		409.50003	409500	411.30002	411300	2.7999878	2799	""osoba1""
""osoba2""		413.1	413100	416.1	416100	4.0	4000	""osoba2""
""osoba1""		416.40002	416400	417.30002	417300	1.8999939	1899	""osoba1""
""osoba3""		416.7	416700	417.00003	417000	1.3000183	1300	""osoba3""
""osoba2""		423.00003	423000	426.00003	426000	4.0	4000	""osoba2""
""osoba3""		423.90002	423900	430.2	430200	7.299988	7299	""osoba3""
""osoba2""		424.2	424200	426.00003	426000	2.8000183	2800	""osoba2""
""osoba3""		425.40002	425400	430.2	430200	5.799988	5799	""osoba3""
""osoba2""		433.2	433200	434.7	434700	2.5	2500	""osoba2""
""osoba3""		433.50003	433500	433.80002	433800	1.2999878	1299	""osoba3""
""osoba4""		435.00003	435000	436.2	436200	2.1999817	2199	""osoba4""
""osoba2""		438.90002	438900	460.50003	460500	22.600006	22600	""osoba2""
""osoba2""		441.90002	441900	460.50003	460500	19.600006	19600	""osoba2""
""osoba2""		444.30002	444300	460.50003	460500	17.200012	17200	""osoba2""
""osoba2""		448.2	448200	460.50003	460500	13.300018	13300	""osoba2""
""osoba2""		448.80002	448800	460.50003	460500	12.700012	12700	""osoba2""
""osoba2""		450.6	450600	460.50003	460500	10.900024	10900	""osoba2""
""osoba3""		450.90002	450900	451.2	451200	1.2999878	1299	""osoba3""
""osoba2""		452.40002	452400	460.50003	460500	9.100006	9100	""osoba2""
""osoba2""		453.30002	453300	460.50003	460500	8.200012	8200	""osoba2""
""osoba2""		455.40002	455400	460.50003	460500	6.100006	6100	""osoba2""
""osoba2""		456.6	456600	460.50003	460500	4.9000244	4900	""osoba2""
""osoba2""		458.7	458700	460.50003	460500	2.8000183	2800	""osoba2""
""osoba4""		459.6	459600	460.50003	460500	1.9000244	1900	""osoba4""
""osoba2""		463.2	463200	480.90002	480900	18.700012	18700	""osoba2""
""osoba2""		463.80002	463800	480.90002	480900	18.100006	18100	""osoba2""
""osoba2""		465.6	465600	480.90002	480900	16.300018	16300	""osoba2""
""osoba3""		465.6	465600	467.7	467700	3.100006	3100	""osoba3""
""osoba2""		467.7	467700	480.90002	480900	14.200012	14200	""osoba2""
""osoba3""		467.7	467700	467.7	467700	1.0	1000	""osoba3""
""osoba2""		468.30002	468300	480.90002	480900	13.600006	13600	""osoba2""
""osoba2""		470.40002	470400	480.90002	480900	11.5	11500	""osoba2""
""osoba4""		470.7	470700	470.7	470700	1.0	1000	""osoba4""
""osoba2""		471.00003	471000	480.90002	480900	10.899994	10899	""osoba2""
""osoba2""		474.30002	474300	480.90002	480900	7.600006	7600	""osoba2""
""osoba2""		475.80002	475800	480.90002	480900	6.100006	6100	""osoba2""
""osoba2""		478.2	478200	480.90002	480900	3.7000122	3700	""osoba2""
""osoba3""		479.7	479700	480.00003	480000	1.3000183	1300	""osoba3""
""osoba2""		480.00003	480000	480.90002	480900	1.8999939	1899	""osoba2""
""osoba1""		481.2	481200	482.40002	482400	2.2000122	2200	""osoba1""
""osoba2""		483.6	483600	498.6	498600	16.0	16000	""osoba2""
""osoba2""		484.2	484200	498.6	498600	15.399994	15399	""osoba2""
""osoba4""		485.40002	485400	485.7	485700	1.2999878	1299	""osoba4""
""osoba3""		486.6	486600	488.7	488700	3.100006	3100	""osoba3""
""osoba2""		488.7	488700	498.6	498600	10.899994	10899	""osoba2""
""osoba2""		489.90002	489900	498.6	498600	9.699982	9699	""osoba2""
""osoba2""		490.50003	490500	498.6	498600	9.099976	9099	""osoba2""
""osoba1""		492.00003	492000	495.00003	495000	4.0	4000	""osoba1""
""osoba2""		496.2	496200	498.6	498600	3.399994	3399	""osoba2""
""osoba2""		497.40002	497400	498.6	498600	2.1999817	2199	""osoba2""
""osoba4""		497.40002	497400	499.80002	499800	3.399994	3399	""osoba4""
""osoba2""		504.30002	504300	541.2	541200	37.899994	37899	""osoba2""
""osoba2""		504.90002	504900	541.2	541200	37.299988	37299	""osoba2""
""osoba2""		505.80002	505800	541.2	541200	36.399994	36399	""osoba2""
""osoba2""		508.50003	508500	541.2	541200	33.69998	33699	""osoba2""
""osoba2""		509.7	509700	541.2	541200	32.5	32500	""osoba2""
""osoba2""		510.30002	510300	541.2	541200	31.899994	31899	""osoba2""
""osoba2""		512.4	512400	541.2	541200	29.799988	29799	""osoba2""
""osoba2""		513.60004	513600	541.2	541200	28.599976	28599	""osoba2""
""osoba2""		514.2	514200	541.2	541200	28.0	28000	""osoba2""
""osoba1""		515.7	515700	516.60004	516600	1.9000244	1900	""osoba1""
""osoba2""		520.80005	520800	541.2	541200	21.399963	21399	""osoba2""
""osoba2""		522.0	522000	541.2	541200	20.200012	20200	""osoba2""
""osoba2""		523.2	523200	541.2	541200	19.0	19000	""osoba2""
""osoba3""		524.7	524700	524.7	524700	1.0	1000	""osoba3""
""osoba2""		525.60004	525600	541.2	541200	16.599976	16599	""osoba2""
""osoba1""		530.4	530400	531.30005	531300	1.9000244	1900	""osoba1""
""osoba1""		531.30005	531300	531.30005	531300	1.0	1000	""osoba1""
""osoba2""		532.2	532200	541.2	541200	10.0	10000	""osoba2""
""osoba3""		537.9	537900	538.80005	538800	1.9000244	1900	""osoba3""
""osoba2""		539.7	539700	541.2	541200	2.5	2500	""osoba2""
""osoba2""		540.30005	540300	541.2	541200	1.8999634	1899	""osoba2""
""osoba4""		540.30005	540300	541.80005	541800	2.5	2500	""osoba4""
""osoba1""		542.7	542700	544.2	544200	2.5	2500	""osoba1""
""osoba4""		546.9	546900	550.2	550200	4.299988	4299	""osoba4""
""osoba2""		557.10004	557100	583.80005	583800	27.700012	27700	""osoba2""
""osoba2""		558.0	558000	583.80005	583800	26.800049	26800	""osoba2""
""osoba2""		559.5	559500	583.80005	583800	25.300049	25300	""osoba2""
""osoba1""		560.7	560700	563.7	563700	4.0	4000	""osoba1""
""osoba2""		562.80005	562800	583.80005	583800	22.0	22000	""osoba2""
""osoba2""		565.2	565200	583.80005	583800	19.600037	19600	""osoba2""
""osoba2""		566.10004	566100	583.80005	583800	18.700012	18700	""osoba2""
""osoba2""		567.60004	567600	583.80005	583800	17.200012	17200	""osoba2""
""osoba2""		569.4	569400	583.80005	583800	15.400024	15400	""osoba2""
""osoba2""		571.80005	571800	583.80005	583800	13.0	13000	""osoba2""
""osoba2""		573.0	573000	583.80005	583800	11.800049	11800	""osoba2""
""osoba4""		573.60004	573600	573.60004	573600	1.0	1000	""osoba4""
""osoba2""		576.30005	576300	583.80005	583800	8.5	8500	""osoba2""
""osoba2""		577.2	577200	583.80005	583800	7.6000366	7600	""osoba2""
""osoba2""		577.80005	577800	583.80005	583800	7.0	7000	""osoba2""
""osoba2""		579.9	579900	583.80005	583800	4.9000244	4900	""osoba2""
""osoba2""		581.10004	581100	583.80005	583800	3.7000122	3700	""osoba2""
""osoba3""		582.30005	582300	584.7	584700	3.3999634	3399	""osoba3""
""osoba1""		582.9	582900	584.10004	584100	2.2000122	2200	""osoba1""
""osoba2""		591.60004	591600	604.80005	604800	14.200012	14200	""osoba2""
""osoba2""		594.30005	594300	604.80005	604800	11.5	11500	""osoba2""
""osoba2""		595.2	595200	604.80005	604800	10.600037	10600	""osoba2""
""osoba2""		597.0	597000	604.80005	604800	8.800049	8800	""osoba2""
""osoba4""		598.2	598200	605.4	605400	8.200012	8200	""osoba4""
""osoba1""		600.0	600000	600.60004	600600	1.6000366	1600	""osoba1""
""osoba2""		601.5	601500	604.80005	604800	4.300049	4300	""osoba2""
""osoba4""		601.5	601500	605.4	605400	4.9000244	4900	""osoba4""
""osoba4""		604.80005	604800	605.4	605400	1.5999756	1599	""osoba4""
""osoba2""		606.9	606900	634.2	634200	28.299988	28299	""osoba2""
""osoba2""		608.4	608400	634.2	634200	26.799988	26799	""osoba2""
""osoba1""		610.5	610500	611.10004	611100	1.6000366	1600	""osoba1""
""osoba2""		610.5	610500	634.2	634200	24.700012	24700	""osoba2""
""osoba2""		615.9	615900	634.2	634200	19.299988	19299	""osoba2""
""osoba4""		615.9	615900	618.60004	618600	3.7000122	3700	""osoba4""
""osoba2""		620.10004	620100	634.2	634200	15.099976	15099	""osoba2""
""osoba2""		623.7	623700	634.2	634200	11.5	11500	""osoba2""
""osoba2""		627.30005	627300	634.2	634200	7.8999634	7899	""osoba2""
""osoba2""		629.10004	629100	634.2	634200	6.0999756	6099	""osoba2""
""osoba2""		630.60004	630600	634.2	634200	4.5999756	4599	""osoba2""
""osoba2""		631.5	631500	634.2	634200	3.7000122	3700	""osoba2""
""osoba2""		633.30005	633300	634.2	634200	1.8999634	1899	""osoba2""
""osoba4""		633.30005	633300	634.2	634200	1.8999634	1899	""osoba4""
""osoba1""		633.60004	633600	637.5	637500	4.8999634	4899	""osoba1""
""osoba2""		639.0	639000	645.0	645000	7.0	7000	""osoba2""
""osoba2""		641.10004	641100	645.0	645000	4.8999634	4899	""osoba2""
""osoba2""		642.60004	642600	645.0	645000	3.3999634	3399	""osoba2""
""osoba3""		642.9	642900	647.10004	647100	5.200012	5200	""osoba3""
""osoba2""		652.5	652500	663.60004	663600	12.100037	12100	""osoba2""
""osoba2""		654.30005	654300	663.60004	663600	10.299988	10299	""osoba2""
""osoba2""		660.60004	660600	663.60004	663600	4.0	4000	""osoba2""
""osoba2""		661.80005	661800	663.60004	663600	2.7999878	2799	""osoba2""
""osoba2""		662.4	662400	663.60004	663600	2.2000122	2200	""osoba2""
""osoba4""		663.0	663000	667.5	667500	5.5	5500	""osoba4""
""osoba3""		663.60004	663600	664.5	664500	1.8999634	1899	""osoba3""
""osoba2""		675.0	675000	684.9	684900	10.900024	10900	""osoba2""
""osoba2""		676.2	676200	684.9	684900	9.700012	9700	""osoba2""
""osoba2""		677.4	677400	684.9	684900	8.5	8500	""osoba2""
""osoba2""		681.9	681900	684.9	684900	4.0	4000	""osoba2""
""osoba2""		682.5	682500	684.9	684900	3.4000244	3400	""osoba2""
""osoba4""		684.60004	684600	687.9	687900	4.299988	4299	""osoba4""
""osoba2""		684.9	684900	684.9	684900	1.0	1000	""osoba2""
""osoba2""		690.60004	690600	711.9	711900	22.299988	22299	""osoba2""
""osoba2""		691.2	691200	711.9	711900	21.700012	21700	""osoba2""
""osoba2""		693.60004	693600	711.9	711900	19.299988	19299	""osoba2""
""osoba2""		696.30005	696300	711.9	711900	16.599976	16599	""osoba2""
""osoba2""		697.80005	697800	711.9	711900	15.099976	15099	""osoba2""
""osoba2""		699.9	699900	711.9	711900	13.0	13000	""osoba2""
""osoba2""		702.0	702000	711.9	711900	10.900024	10900	""osoba2""
""osoba2""		702.60004	702600	711.9	711900	10.299988	10299	""osoba2""
""osoba2""		705.0	705000	711.9	711900	7.9000244	7900	""osoba2""
""osoba2""		705.9	705900	711.9	711900	7.0	7000	""osoba2""
""osoba4""		707.10004	707100	707.10004	707100	1.0	1000	""osoba4""
""osoba2""		707.7	707700	711.9	711900	5.200012	5200	""osoba2""
""osoba2""		709.5	709500	711.9	711900	3.4000244	3400	""osoba2""
""osoba1""		711.30005	711300	711.30005	711300	1.0	1000	""osoba1""
""osoba3""		711.60004	711600	711.9	711900	1.2999878	1299	""osoba3""
""osoba2""		711.9	711900	711.9	711900	1.0	1000	""osoba2""
""osoba2""		714.30005	714300	740.10004	740100	26.799988	26799	""osoba2""
""osoba1""		714.9	714900	714.9	714900	1.0	1000	""osoba1""
""osoba2""		717.9	717900	740.10004	740100	23.200012	23200	""osoba2""
""osoba2""		718.5	718500	740.10004	740100	22.600037	22600	""osoba2""
""osoba3""		718.80005	718800	720.0	720000	2.1999512	2199	""osoba3""
""osoba2""		720.9	720900	740.10004	740100	20.200012	20200	""osoba2""
""osoba2""		722.7	722700	740.10004	740100	18.400024	18400	""osoba2""
""osoba2""		723.30005	723300	740.10004	740100	17.799988	17799	""osoba2""
""osoba2""		723.9	723900	740.10004	740100	17.200012	17200	""osoba2""
""osoba2""		727.2	727200	740.10004	740100	13.900024	13900	""osoba2""
""osoba2""		728.7	728700	740.10004	740100	12.400024	12400	""osoba2""
""osoba2""		731.7	731700	740.10004	740100	9.400024	9400	""osoba2""
""osoba2""		734.10004	734100	740.10004	740100	7.0	7000	""osoba2""
""osoba3""		736.2	736200	737.10004	737100	1.9000244	1900	""osoba3""
""osoba4""		736.5	736500	740.10004	740100	4.6000366	4600	""osoba4""
""osoba1""		737.7	737700	738.30005	738300	1.6000366	1600	""osoba1""
""osoba2""		744.0	744000	748.80005	748800	5.800049	5800	""osoba2""
""osoba2""		746.7	746700	748.80005	748800	3.1000366	3100	""osoba2""
""osoba3""		747.0	747000	751.80005	751800	5.800049	5800	""osoba3""
""osoba2""		760.5	760500	765.60004	765600	6.1000366	6100	""osoba2""
""osoba2""		762.0	762000	765.60004	765600	4.6000366	4600	""osoba2""
""osoba2""		762.60004	762600	765.60004	765600	4.0	4000	""osoba2""
""osoba3""		764.7	764700	768.30005	768300	4.6000366	4600	""osoba3""
""osoba1""		766.2	766200	767.4	767400	2.2000122	2200	""osoba1""
""osoba4""		766.5	766500	766.80005	766800	1.3000488	1300	""osoba4""
""osoba2""		777.30005	777300	780.9	780900	4.5999756	4599	""osoba2""
""osoba4""		780.60004	780600	781.80005	781800	2.2000122	2200	""osoba4""
""osoba2""		780.9	780900	780.9	780900	1.0	1000	""osoba2""
""osoba2""		783.9	783900	800.4	800400	17.5	17500	""osoba2""
""osoba2""		786.00006	786000	800.4	800400	15.399963	15399	""osoba2""
""osoba2""		786.60004	786600	800.4	800400	14.799988	14799	""osoba2""
""osoba4""		786.9	786900	786.9	786900	1.0	1000	""osoba4""
""osoba2""		789.9	789900	800.4	800400	11.5	11500	""osoba2""
""osoba2""		791.10004	791100	800.4	800400	10.299988	10299	""osoba2""
""osoba2""		792.60004	792600	800.4	800400	8.799988	8799	""osoba2""
""osoba2""		794.10004	794100	800.4	800400	7.299988	7299	""osoba2""
""osoba2""		799.2	799200	800.4	800400	2.2000122	2200	""osoba2""
""osoba3""		799.2	799200	803.10004	803100	4.9000244	4900	""osoba3""
""osoba4""		806.7	806700	810.30005	810300	4.6000366	4600	""osoba4""
""osoba2""		807.9	807900	817.50006	817500	10.600037	10600	""osoba2""
""osoba4""		809.7	809700	810.30005	810300	1.6000366	1600	""osoba4""
""osoba2""		811.50006	811500	817.50006	817500	7.0	7000	""osoba2""
""osoba1""		812.10004	812100	812.4	812400	1.2999878	1299	""osoba1""
""osoba2""		813.30005	813300	817.50006	817500	5.200012	5200	""osoba2""
""osoba2""		814.2	814200	817.50006	817500	4.300049	4300	""osoba2""
""osoba3""		815.4	815400	819.00006	819000	4.6000366	4600	""osoba3""
""osoba2""		827.4	827400	840.30005	840300	13.900024	13900	""osoba2""
""osoba3""		828.00006	828000	828.00006	828000	1.0	1000	""osoba3""
""osoba2""		829.50006	829500	840.30005	840300	11.799988	11799	""osoba2""
""osoba2""		831.30005	831300	840.30005	840300	10.0	10000	""osoba2""
""osoba2""		832.80005	832800	840.30005	840300	8.5	8500	""osoba2""
""osoba2""		834.60004	834600	840.30005	840300	6.700012	6700	""osoba2""
""osoba2""		835.50006	835500	840.30005	840300	5.799988	5799	""osoba2""
""osoba2""		839.4	839400	840.30005	840300	1.9000244	1900	""osoba2""
""osoba4""		840.00006	840000	840.9	840900	1.8999634	1899	""osoba4""
""osoba2""		845.4	845400	857.4	857400	13.0	13000	""osoba2""
""osoba2""		846.30005	846300	857.4	857400	12.099976	12099	""osoba2""
""osoba4""		848.10004	848100	848.10004	848100	1.0	1000	""osoba4""
""osoba2""		848.4	848400	857.4	857400	10.0	10000	""osoba2""
""osoba2""		850.2	850200	857.4	857400	8.200012	8200	""osoba2""
""osoba2""		851.10004	851100	857.4	857400	7.299988	7299	""osoba2""
""osoba3""		852.60004	852600	852.9	852900	1.2999878	1299	""osoba3""
""osoba2""		855.60004	855600	857.4	857400	2.7999878	2799	""osoba2""
""osoba4""		856.80005	856800	863.7	863700	7.8999634	7899	""osoba4""
""osoba2""		862.2	862200	866.10004	866100	4.9000244	4900	""osoba2""
""osoba3""		865.2	865200	867.00006	867000	2.8000488	2800	""osoba3""
""osoba4""		868.2	868200	868.80005	868800	1.6000366	1600	""osoba4""
""osoba2""		878.4	878400	916.80005	916800	39.400024	39400	""osoba2""
""osoba2""		882.30005	882300	916.80005	916800	35.5	35500	""osoba2""
""osoba4""		882.30005	882300	882.30005	882300	1.0	1000	""osoba4""
""osoba2""		884.4	884400	916.80005	916800	33.400024	33400	""osoba2""
""osoba2""		885.00006	885000	916.80005	916800	32.799988	32799	""osoba2""
""osoba4""		885.9	885900	887.10004	887100	2.2000122	2200	""osoba4""
""osoba2""		889.2	889200	916.80005	916800	28.600037	28600	""osoba2""
""osoba3""		890.10004	890100	890.10004	890100	1.0	1000	""osoba3""
""osoba2""		894.60004	894600	916.80005	916800	23.200012	23200	""osoba2""
""osoba2""		895.50006	895500	916.80005	916800	22.299988	22299	""osoba2""
""osoba2""		899.7	899700	916.80005	916800	18.100037	18100	""osoba2""
""osoba4""		904.50006	904500	909.00006	909000	5.5	5500	""osoba4""
""osoba2""		906.00006	906000	916.80005	916800	11.799988	11799	""osoba2""
""osoba2""		907.2	907200	916.80005	916800	10.600037	10600	""osoba2""
""osoba2""		910.50006	910500	916.80005	916800	7.299988	7299	""osoba2""
""osoba2""		912.9	912900	916.80005	916800	4.9000244	4900	""osoba2""
""osoba2""		913.80005	913800	916.80005	916800	4.0	4000	""osoba2""
""osoba3""		914.4	914400	918.00006	918000	4.6000366	4600	""osoba3""
""osoba2""		915.30005	915300	916.80005	916800	2.5	2500	""osoba2""
""osoba3""		916.50006	916500	918.00006	918000	2.5	2500	""osoba3""
""osoba1""		919.80005	919800	923.7	923700	4.8999634	4899	""osoba1""
""osoba3""		922.2	922200	923.10004	923100	1.9000244	1900	""osoba3""
""osoba1""		930.9	930900	931.50006	931500	1.6000366	1600	""osoba1""
""osoba2""		930.9	930900	936.9	936900	7.0	7000	""osoba2""
""osoba2""		934.50006	934500	936.9	936900	3.3999634	3399	""osoba2""
""osoba1""		936.60004	936600	941.4	941400	5.799988	5799	""osoba1""
""osoba2""		936.9	936900	936.9	936900	1.0	1000	""osoba2""
""osoba3""		937.50006	937500	944.10004	944100	7.5999756	7599	""osoba3""
""osoba3""		942.60004	942600	944.10004	944100	2.5	2500	""osoba3""
""osoba2""		951.60004	951600	951.9	951900	1.2999878	1299	""osoba2""
""osoba3""		951.60004	951600	952.2	952200	1.5999756	1599	""osoba3""
""osoba2""		956.4	956400	959.4	959400	4.0	4000	""osoba2""
""osoba2""		957.00006	957000	959.4	959400	3.3999634	3399	""osoba2""
""osoba2""		958.50006	958500	959.4	959400	1.8999634	1899	""osoba2""
""osoba1""		959.7	959700	960.30005	960300	1.6000366	1600	""osoba1""
""osoba2""		963.00006	963000	987.9	987900	25.899963	25899	""osoba2""
""osoba2""		964.80005	964800	987.9	987900	24.099976	24099	""osoba2""
""osoba2""		965.7	965700	987.9	987900	23.200012	23200	""osoba2""
""osoba2""		966.30005	966300	987.9	987900	22.599976	22599	""osoba2""
""osoba2""		967.2	967200	987.9	987900	21.700012	21700	""osoba2""
""osoba2""		969.30005	969300	987.9	987900	19.599976	19599	""osoba2""
""osoba2""		970.2	970200	987.9	987900	18.700012	18700	""osoba2""
""osoba2""		970.80005	970800	987.9	987900	18.099976	18099	""osoba2""
""osoba2""		971.7	971700	987.9	987900	17.200012	17200	""osoba2""
""osoba2""		973.2	973200	987.9	987900	15.700012	15700	""osoba2""
""osoba2""		977.10004	977100	987.9	987900	11.799988	11799	""osoba2""
""osoba2""		977.7	977700	987.9	987900	11.200012	11200	""osoba2""
""osoba2""		978.30005	978300	987.9	987900	10.599976	10599	""osoba2""
""osoba2""		980.10004	980100	987.9	987900	8.799988	8799	""osoba2""
""osoba2""		981.30005	981300	987.9	987900	7.5999756	7599	""osoba2""
""osoba2""		981.9	981900	987.9	987900	7.0	7000	""osoba2""
""osoba3""		984.9	984900	984.9	984900	1.0	1000	""osoba3""
""osoba4""		984.9	984900	985.2	985200	1.2999878	1299	""osoba4""
""osoba1""		987.60004	987600	988.2	988200	1.5999756	1599	""osoba1""
""osoba2""		992.7	992700	1019.7	1019700	28.0	28000	""osoba2""
""osoba2""		999.00006	999000	1019.7	1019700	21.699951	21699	""osoba2""
""osoba2""		999.9	999900	1019.7	1019700	20.799988	20799	""osoba2""
""osoba2""		1000.80005	1000800	1019.7	1019700	19.899963	19899	""osoba2""
""osoba2""		1003.50006	1003500	1019.7	1019700	17.199951	17199	""osoba2""
""osoba2""		1004.4	1004400	1019.7	1019700	16.299988	16299	""osoba2""
""osoba2""		1006.80005	1006800	1019.7	1019700	13.899963	13899	""osoba2""
""osoba2""		1009.50006	1009500	1019.7	1019700	11.199951	11199	""osoba2""
""osoba2""		1011.60004	1011600	1019.7	1019700	9.099976	9099	""osoba2""
""osoba2""		1012.80005	1012800	1019.7	1019700	7.8999634	7899	""osoba2""
""osoba3""		1014.9	1014900	1015.2	1015200	1.2999878	1299	""osoba3""
""osoba2""		1017.60004	1017600	1019.7	1019700	3.0999756	3099	""osoba2""
""osoba2""		1018.50006	1018500	1019.7	1019700	2.1999512	2199	""osoba2""
""osoba3""		1018.50006	1018500	1020.60004	1020600	3.0999756	3099	""osoba3""
""osoba2""		1021.80005	1021800	1041.3	1041300	20.5	20500	""osoba2""
""osoba2""		1022.4	1022400	1041.3	1041300	19.900024	19900	""osoba2""
""osoba4""		1023.00006	1023000	1024.2001	1024200	2.2000122	2200	""osoba4""
""osoba1""		1023.9	1023900	1023.9	1023900	1.0	1000	""osoba1""
""osoba2""		1025.4	1025400	1041.3	1041300	16.900024	16900	""osoba2""
""osoba4""		1026.6001	1026600	1026.9	1026900	1.2999268	1299	""osoba4""
""osoba2""		1031.7001	1031700	1041.3	1041300	10.599976	10599	""osoba2""
""osoba3""		1032.3	1032300	1033.2001	1033200	1.9000244	1900	""osoba3""
""osoba2""		1034.1001	1034100	1041.3	1041300	8.199951	8199	""osoba2""
""osoba2""		1035.6001	1035600	1041.3	1041300	6.699951	6699	""osoba2""
""osoba2""		1037.1001	1037100	1041.3	1041300	5.199951	5199	""osoba2""
""osoba2""		1040.1001	1040100	1041.3	1041300	2.1999512	2199	""osoba2""
""osoba3""		1040.7001	1040700	1044.6001	1044600	4.9000244	4900	""osoba3""
""osoba4""		1046.7001	1046700	1047.6001	1047600	1.9000244	1900	""osoba4""
""osoba2""		1056.9	1056900	1059.0	1059000	3.0999756	3099	""osoba2""
""osoba3""		1057.2001	1057200	1059.3	1059300	3.0999756	3099	""osoba3""
""osoba2""		1066.8	1066800	1126.2001	1126200	60.400024	60400	""osoba2""
""osoba2""		1068.3	1068300	1126.2001	1126200	58.900024	58900	""osoba2""
""osoba1""		1069.2001	1069200	1069.5	1069500	1.2999268	1299	""osoba1""
""osoba2""		1069.2001	1069200	1126.2001	1126200	58.0	58000	""osoba2""
""osoba4""		1069.2001	1069200	1069.2001	1069200	1.0	1000	""osoba4""
""osoba2""		1070.7001	1070700	1126.2001	1126200	56.5	56500	""osoba2""
""osoba2""		1071.6001	1071600	1126.2001	1126200	55.599976	55599	""osoba2""
""osoba2""		1072.2001	1072200	1126.2001	1126200	55.0	55000	""osoba2""
""osoba2""		1072.8	1072800	1126.2001	1126200	54.400024	54400	""osoba2""
""osoba2""		1074.3	1074300	1126.2001	1126200	52.900024	52900	""osoba2""
""osoba2""		1075.5	1075500	1126.2001	1126200	51.700073	51700	""osoba2""
""osoba2""		1077.0	1077000	1126.2001	1126200	50.200073	50200	""osoba2""
""osoba2""		1078.8	1078800	1126.2001	1126200	48.400024	48400	""osoba2""
""osoba2""		1079.4	1079400	1126.2001	1126200	47.80005	47800	""osoba2""
""osoba2""		1081.8	1081800	1126.2001	1126200	45.400024	45400	""osoba2""
""osoba2""		1083.3	1083300	1126.2001	1126200	43.900024	43900	""osoba2""
""osoba3""		1086.0	1086000	1086.3	1086300	1.3000488	1300	""osoba3""
""osoba2""		1086.9	1086900	1126.2001	1126200	40.30005	40300	""osoba2""
""osoba2""		1090.2001	1090200	1126.2001	1126200	37.0	37000	""osoba2""
""osoba2""		1092.6001	1092600	1126.2001	1126200	34.599976	34599	""osoba2""
""osoba2""		1094.4	1094400	1126.2001	1126200	32.80005	32800	""osoba2""
""osoba2""		1096.8	1096800	1126.2001	1126200	30.400024	30400	""osoba2""
""osoba2""		1100.7001	1100700	1126.2001	1126200	26.5	26500	""osoba2""
""osoba2""		1101.9	1101900	1126.2001	1126200	25.300049	25300	""osoba2""
""osoba2""		1102.8	1102800	1126.2001	1126200	24.400024	24400	""osoba2""
""osoba4""		1102.8	1102800	1103.4	1103400	1.5999756	1599	""osoba4""
""osoba2""		1105.5	1105500	1126.2001	1126200	21.700073	21700	""osoba2""
""osoba2""		1107.0	1107000	1126.2001	1126200	20.200073	20200	""osoba2""
""osoba2""		1108.5	1108500	1126.2001	1126200	18.700073	18700	""osoba2""
""osoba2""		1110.3	1110300	1126.2001	1126200	16.900024	16900	""osoba2""
""osoba2""		1111.2001	1111200	1126.2001	1126200	16.0	16000	""osoba2""
""osoba2""		1112.7001	1112700	1126.2001	1126200	14.5	14500	""osoba2""
""osoba2""		1113.3	1113300	1126.2001	1126200	13.900024	13900	""osoba2""
""osoba2""		1116.0	1116000	1126.2001	1126200	11.200073	11200	""osoba2""
""osoba2""		1117.5	1117500	1126.2001	1126200	9.700073	9700	""osoba2""
""osoba4""		1117.8	1117800	1117.8	1117800	1.0	1000	""osoba4""
""osoba2""		1118.4	1118400	1126.2001	1126200	8.800049	8800	""osoba2""
""osoba2""		1120.2001	1120200	1126.2001	1126200	7.0	7000	""osoba2""
""osoba2""		1121.4	1121400	1126.2001	1126200	5.800049	5800	""osoba2""
""osoba2""		1124.1001	1124100	1126.2001	1126200	3.0999756	3099	""osoba2""
""osoba3""		1125.0	1125000	1129.2001	1129200	5.2000732	5200	""osoba3""
""osoba2""		1130.1001	1130100	1137.9	1137900	8.799927	8799	""osoba2""
""osoba2""		1131.3	1131300	1137.9	1137900	7.5999756	7599	""osoba2""
""osoba2""		1134.6001	1134600	1137.9	1137900	4.2999268	4299	""osoba2""
""osoba1""		1136.7001	1136700	1137.0	1137000	1.2999268	1299	""osoba1""
""osoba3""		1137.0	1137000	1139.1001	1139100	3.1000977	3100	""osoba3""
""osoba2""		1145.4	1145400	1150.2001	1150200	5.800049	5800	""osoba2""
""osoba2""		1146.6001	1146600	1150.2001	1150200	4.5999756	4599	""osoba2""
""osoba3""		1146.9	1146900	1153.8	1153800	7.9000244	7900	""osoba3""
""osoba3""		1147.8	1147800	1153.8	1153800	7.0	7000	""osoba3""
""osoba1""		1149.3	1149300	1149.9	1149900	1.5999756	1599	""osoba1""
""osoba2""		1149.6001	1149600	1150.2001	1150200	1.5999756	1599	""osoba2""
""osoba4""		1150.2001	1150200	1151.1001	1151100	1.9000244	1900	""osoba4""
""osoba2""		1162.8	1162800	1167.3	1167300	5.5	5500	""osoba2""
""osoba2""		1163.4	1163400	1167.3	1167300	4.9000244	4900	""osoba2""
""osoba4""		1164.3	1164300	1166.1001	1166100	2.8000488	2800	""osoba4""
""osoba4""		1165.2001	1165200	1166.1001	1166100	1.9000244	1900	""osoba4""
""osoba1""		1167.3	1167300	1169.1001	1169100	2.8000488	2800	""osoba1""
""osoba2""		1167.3	1167300	1167.3	1167300	1.0	1000	""osoba2""
""osoba4""		1169.7001	1169700	1171.5	1171500	2.7999268	2799	""osoba4""
""osoba2""		1177.8	1177800	1180.8	1180800	4.0	4000	""osoba2""
""osoba2""		1179.0	1179000	1180.8	1180800	2.8000488	2800	""osoba2""
""osoba3""		1179.3	1179300	1184.1001	1184100	5.800049	5800	""osoba3""
""osoba2""		1189.2001	1189200	1193.7001	1193700	5.5	5500	""osoba2""
""osoba2""		1190.1001	1190100	1193.7001	1193700	4.5999756	4599	""osoba2""
""osoba2""		1193.4	1193400	1193.7001	1193700	1.3000488	1300	""osoba2""
""osoba4""		1193.7001	1193700	1194.6001	1194600	1.9000244	1900	""osoba4""
""osoba2""		1197.9	1197900	1207.2001	1207200	10.300049	10300	""osoba2""
""osoba1""		1199.4	1199400	1200.6001	1200600	2.2000732	2200	""osoba1""
""osoba2""		1201.5	1201500	1207.2001	1207200	6.7000732	6700	""osoba2""
""osoba4""		1204.5	1204500	1224.6001	1224600	21.100098	21100	""osoba4""
""osoba4""		1208.1001	1208100	1224.6001	1224600	17.5	17500	""osoba4""
""osoba4""		1210.5	1210500	1224.6001	1224600	15.100098	15100	""osoba4""
""osoba4""		1212.3	1212300	1224.6001	1224600	13.300049	13300	""osoba4""
""osoba4""		1212.9	1212900	1224.6001	1224600	12.700073	12700	""osoba4""
""osoba4""		1215.3	1215300	1224.6001	1224600	10.300049	10300	""osoba4""
""osoba3""		1215.9	1215900	1215.9	1215900	1.0	1000	""osoba3""
""osoba4""		1217.4	1217400	1224.6001	1224600	8.200073	8200	""osoba4""
""osoba4""		1219.8	1219800	1224.6001	1224600	5.800049	5800	""osoba4""
""osoba4""		1221.3	1221300	1224.6001	1224600	4.300049	4300	""osoba4""
""osoba4""		1222.2001	1222200	1224.6001	1224600	3.4000244	3400	""osoba4""
""osoba4""		1223.7001	1223700	1224.6001	1224600	1.9000244	1900	""osoba4""
""osoba2""		1224.0	1224000	1249.8	1249800	26.800049	26800	""osoba2""
""osoba2""		1226.4	1226400	1249.8	1249800	24.400024	24400	""osoba2""
""osoba2""		1227.3	1227300	1249.8	1249800	23.5	23500	""osoba2""
""osoba2""		1228.2001	1228200	1249.8	1249800	22.599976	22599	""osoba2""
""osoba4""		1228.8	1228800	1229.1001	1229100	1.3000488	1300	""osoba4""
""osoba2""		1230.0	1230000	1249.8	1249800	20.800049	20800	""osoba2""
""osoba2""		1230.6001	1230600	1249.8	1249800	20.199951	20199	""osoba2""
""osoba2""		1232.4	1232400	1249.8	1249800	18.400024	18400	""osoba2""
""osoba2""		1235.1001	1235100	1249.8	1249800	15.699951	15699	""osoba2""
""osoba2""		1235.7001	1235700	1249.8	1249800	15.099976	15099	""osoba2""
""osoba2""		1236.9	1236900	1249.8	1249800	13.900024	13900	""osoba2""
""osoba2""		1238.1001	1238100	1249.8	1249800	12.699951	12699	""osoba2""
""osoba2""		1238.7001	1238700	1249.8	1249800	12.099976	12099	""osoba2""
""osoba2""		1239.3	1239300	1249.8	1249800	11.5	11500	""osoba2""
""osoba2""		1240.5	1240500	1249.8	1249800	10.300049	10300	""osoba2""
""osoba2""		1242.3	1242300	1249.8	1249800	8.5	8500	""osoba2""
""osoba2""		1243.5	1243500	1249.8	1249800	7.300049	7300	""osoba2""
""osoba2""		1245.0	1245000	1249.8	1249800	5.800049	5800	""osoba2""
""osoba2""		1247.1001	1247100	1249.8	1249800	3.6999512	3699	""osoba2""
""osoba2""		1248.3	1248300	1249.8	1249800	2.5	2500	""osoba2""
""osoba1""		1248.9	1248900	1248.9	1248900	1.0	1000	""osoba1""
""osoba2""		1249.2001	1249200	1249.8	1249800	1.5999756	1599	""osoba2""
""osoba3""		1249.8	1249800	1250.4	1250400	1.5999756	1599	""osoba3""
""osoba2""		1253.4	1253400	1259.7001	1259700	7.300049	7300	""osoba2""
""osoba2""		1255.2001	1255200	1259.7001	1259700	5.5	5500	""osoba2""
""osoba2""		1256.7001	1256700	1259.7001	1259700	4.0	4000	""osoba2""
""osoba1""		1258.8	1258800	1260.6001	1260600	2.8000488	2800	""osoba1""
""osoba2""		1267.8	1267800	1270.8	1270800	4.0	4000	""osoba2""
""osoba2""		1268.7001	1268700	1270.8	1270800	3.0999756	3099	""osoba2""
""osoba1""		1269.0	1269000	1272.0	1272000	4.0	4000	""osoba1""
""osoba2""		1269.3	1269300	1270.8	1270800	2.5	2500	""osoba2""
""osoba4""		1278.6001	1278600	1302.6001	1302600	25.0	25000	""osoba4""
""osoba4""		1280.4	1280400	1302.6001	1302600	23.200073	23200	""osoba4""
""osoba3""		1281.9	1281900	1282.5	1282500	1.5999756	1599	""osoba3""
""osoba4""		1282.8	1282800	1302.6001	1302600	20.800049	20800	""osoba4""
""osoba1""		1285.8	1285800	1286.1001	1286100	1.3000488	1300	""osoba1""
""osoba2""		1286.1001	1286100	1286.1001	1286100	1.0	1000	""osoba2""
""osoba4""		1287.6001	1287600	1302.6001	1302600	16.0	16000	""osoba4""
""osoba4""		1288.5	1288500	1302.6001	1302600	15.100098	15100	""osoba4""
""osoba4""		1290.0	1290000	1302.6001	1302600	13.600098	13600	""osoba4""
""osoba4""		1291.8	1291800	1302.6001	1302600	11.800049	11800	""osoba4""
""osoba4""		1292.4	1292400	1302.6001	1302600	11.200073	11200	""osoba4""
""osoba4""		1293.3	1293300	1302.6001	1302600	10.300049	10300	""osoba4""
""osoba4""		1293.9	1293900	1302.6001	1302600	9.700073	9700	""osoba4""
""osoba4""		1296.6001	1296600	1302.6001	1302600	7.0	7000	""osoba4""
""osoba4""		1300.2001	1300200	1302.6001	1302600	3.4000244	3400	""osoba4""
""osoba4""		1300.8	1300800	1302.6001	1302600	2.8000488	2800	""osoba4""
""osoba4""		1302.0	1302000	1302.6001	1302600	1.6000977	1600	""osoba4""
""osoba4""		1302.6001	1302600	1302.6001	1302600	1.0	1000	""osoba4""
""osoba3""		1303.5	1303500	1305.6001	1305600	3.1000977	3100	""osoba3""
""osoba2""		1304.7001	1304700	1312.5	1312500	8.799927	8799	""osoba2""
""osoba2""		1306.8	1306800	1312.5	1312500	6.699951	6699	""osoba2""
""osoba2""		1308.3	1308300	1312.5	1312500	5.199951	5199	""osoba2""
""osoba3""		1308.9	1308900	1309.2001	1309200	1.3000488	1300	""osoba3""
""osoba2""		1310.4	1310400	1312.5	1312500	3.0999756	3099	""osoba2""
""osoba2""		1312.2001	1312200	1312.5	1312500	1.2999268	1299	""osoba2""
""osoba4""		1312.2001	1312200	1358.4	1358400	47.19995	47199	""osoba4""
""osoba3""		1313.1001	1313100	1314.3	1314300	2.1999512	2199	""osoba3""
""osoba4""		1315.8	1315800	1358.4	1358400	43.599976	43599	""osoba4""
""osoba4""		1317.3	1317300	1358.4	1358400	42.099976	42099	""osoba4""
""osoba4""		1321.5	1321500	1358.4	1358400	37.900024	37900	""osoba4""
""osoba4""		1323.0	1323000	1358.4	1358400	36.400024	36400	""osoba4""
""osoba4""		1324.2001	1324200	1358.4	1358400	35.19995	35199	""osoba4""
""osoba4""		1327.2001	1327200	1358.4	1358400	32.19995	32199	""osoba4""
""osoba1""		1328.7001	1328700	1332.9	1332900	5.199951	5199	""osoba1""
""osoba2""		1329.3	1329300	1329.9	1329900	1.5999756	1599	""osoba2""
""osoba4""		1338.0	1338000	1358.4	1358400	21.400024	21400	""osoba4""
""osoba4""		1339.8	1339800	1358.4	1358400	19.599976	19599	""osoba4""
""osoba4""		1341.3	1341300	1358.4	1358400	18.099976	18099	""osoba4""
""osoba4""		1341.9	1341900	1358.4	1358400	17.5	17500	""osoba4""
""osoba4""		1343.1001	1343100	1358.4	1358400	16.299927	16299	""osoba4""
""osoba4""		1344.9	1344900	1358.4	1358400	14.5	14500	""osoba4""
""osoba4""		1346.1001	1346100	1358.4	1358400	13.299927	13299	""osoba4""
""osoba2""		1347.3	1347300	1347.9	1347900	1.5999756	1599	""osoba2""
""osoba4""		1350.0	1350000	1358.4	1358400	9.400024	9400	""osoba4""
""osoba2""		1351.2001	1351200	1351.5	1351500	1.2999268	1299	""osoba2""
""osoba4""		1351.2001	1351200	1358.4	1358400	8.199951	8199	""osoba4""
""osoba4""		1352.1001	1352100	1358.4	1358400	7.2999268	7299	""osoba4""
""osoba4""		1353.9	1353900	1358.4	1358400	5.5	5500	""osoba4""
""osoba4""		1354.5	1354500	1358.4	1358400	4.9000244	4900	""osoba4""
""osoba4""		1356.0	1356000	1358.4	1358400	3.4000244	3400	""osoba4""
""osoba4""		1356.9	1356900	1358.4	1358400	2.5	2500	""osoba4""
""osoba2""		1358.4	1358400	1367.1001	1367100	9.700073	9700	""osoba2""
""osoba2""		1359.9	1359900	1367.1001	1367100	8.200073	8200	""osoba2""
""osoba2""		1361.4	1361400	1367.1001	1367100	6.7000732	6700	""osoba2""
""osoba2""		1362.3	1362300	1367.1001	1367100	5.800049	5800	""osoba2""
""osoba2""		1362.9	1362900	1367.1001	1367100	5.2000732	5200	""osoba2""
""osoba2""		1364.7001	1364700	1367.1001	1367100	3.4000244	3400	""osoba2""
""osoba1""		1365.6001	1365600	1367.1001	1367100	2.5	2500	""osoba1""
""osoba2""		1365.6001	1365600	1367.1001	1367100	2.5	2500	""osoba2""
""osoba2""		1367.1001	1367100	1367.1001	1367100	1.0	1000	""osoba2""
""osoba4""		1368.6001	1368600	1371.9	1371900	4.2999268	4299	""osoba4""
""osoba4""		1369.5	1369500	1371.9	1371900	3.4000244	3400	""osoba4""
""osoba4""		1370.4	1370400	1371.9	1371900	2.5	2500	""osoba4""
""osoba2""		1371.9	1371900	1374.6001	1374600	3.7000732	3700	""osoba2""
""osoba2""		1373.1001	1373100	1374.6001	1374600	2.5	2500	""osoba2""
""osoba1""		1374.3	1374300	1374.6001	1374600	1.3000488	1300	""osoba1""
""osoba2""		1377.0	1377000	1379.7001	1379700	3.7000732	3700	""osoba2""
""osoba3""		1377.0	1377000	1381.5	1381500	5.5	5500	""osoba3""
""osoba3""		1380.9	1380900	1381.5	1381500	1.5999756	1599	""osoba3""
""osoba1""		1381.8	1381800	1385.7001	1385700	4.9000244	4900	""osoba1""
""osoba3""		1385.4	1385400	1387.5	1387500	3.0999756	3099	""osoba3""
""osoba4""		1396.8	1396800	1402.2001	1402200	6.4000244	6400	""osoba4""
""osoba4""		1397.7001	1397700	1402.2001	1402200	5.5	5500	""osoba4""
""osoba4""		1398.6001	1398600	1402.2001	1402200	4.5999756	4599	""osoba4""
""osoba4""		1399.5	1399500	1402.2001	1402200	3.7000732	3700	""osoba4""
""osoba3""		1401.6001	1401600	1404.9	1404900	4.2999268	4299	""osoba3""
""osoba1""		1404.0	1404000	1405.5	1405500	2.5	2500	""osoba1""
""osoba2""		1412.1001	1412100	1425.9	1425900	14.799927	14799	""osoba2""
""osoba2""		1414.2001	1414200	1425.9	1425900	12.699951	12699	""osoba2""
""osoba2""		1415.1001	1415100	1425.9	1425900	11.799927	11799	""osoba2""
""osoba2""		1415.7001	1415700	1425.9	1425900	11.199951	11199	""osoba2""
""osoba3""		1416.3	1416300	1416.3	1416300	1.0	1000	""osoba3""
""osoba4""		1416.3	1416300	1416.9	1416900	1.5999756	1599	""osoba4""
""osoba2""		1419.0	1419000	1425.9	1425900	7.9000244	7900	""osoba2""
""osoba2""		1422.6001	1422600	1425.9	1425900	4.2999268	4299	""osoba2""
""osoba4""		1424.1001	1424100	1426.8	1426800	3.6999512	3699	""osoba4""
""osoba2""		1424.4	1424400	1425.9	1425900	2.5	2500	""osoba2""
""osoba4""		1425.9	1425900	1426.8	1426800	1.9000244	1900	""osoba4""
""osoba3""		1427.1001	1427100	1427.7001	1427700	1.5999756	1599	""osoba3""
""osoba1""		1428.9	1428900	1431.3	1431300	3.4000244	3400	""osoba1""
""osoba4""		1430.1001	1430100	1431.0	1431000	1.8999023	1899	""osoba4""
""osoba4""		1434.9	1434900	1448.1001	1448100	14.200073	14200	""osoba4""
""osoba4""		1437.9	1437900	1448.1001	1448100	11.200073	11200	""osoba4""
""osoba4""		1439.7001	1439700	1448.1001	1448100	9.400024	9400	""osoba4""
""osoba4""		1440.9	1440900	1448.1001	1448100	8.200073	8200	""osoba4""
""osoba3""		1441.5	1441500	1442.4	1442400	1.9000244	1900	""osoba3""
""osoba4""		1443.3	1443300	1448.1001	1448100	5.800049	5800	""osoba4""
""osoba4""		1445.1001	1445100	1448.1001	1448100	4.0	4000	""osoba4""
""osoba4""		1446.0	1446000	1448.1001	1448100	3.1000977	3100	""osoba4""
""osoba2""		1446.9	1446900	1475.1001	1475100	29.200073	29200	""osoba2""
""osoba4""		1446.9	1446900	1448.1001	1448100	2.2000732	2200	""osoba4""
""osoba2""		1450.2001	1450200	1475.1001	1475100	25.900024	25900	""osoba2""
""osoba2""		1451.4	1451400	1475.1001	1475100	24.700073	24700	""osoba2""
""osoba3""		1452.0	1452000	1453.2001	1453200	2.2000732	2200	""osoba3""
""osoba2""		1454.4	1454400	1475.1001	1475100	21.700073	21700	""osoba2""
""osoba2""		1455.0	1455000	1475.1001	1475100	21.100098	21100	""osoba2""
""osoba2""		1456.5	1456500	1475.1001	1475100	19.600098	19600	""osoba2""
""osoba2""		1457.1001	1457100	1475.1001	1475100	19.0	19000	""osoba2""
""osoba2""		1458.6001	1458600	1475.1001	1475100	17.5	17500	""osoba2""
""osoba2""		1459.8	1459800	1475.1001	1475100	16.300049	16300	""osoba2""
""osoba2""		1460.7001	1460700	1475.1001	1475100	15.400024	15400	""osoba2""
""osoba2""		1462.5	1462500	1475.1001	1475100	13.600098	13600	""osoba2""
""osoba2""		1465.5	1465500	1475.1001	1475100	10.600098	10600	""osoba2""
""osoba2""		1469.7001	1469700	1475.1001	1475100	6.4000244	6400	""osoba2""
""osoba2""		1470.9	1470900	1475.1001	1475100	5.2000732	5200	""osoba2""
""osoba4""		1471.2001	1471200	1478.4	1478400	8.199951	8199	""osoba4""
""osoba4""		1477.5	1477500	1478.4	1478400	1.9000244	1900	""osoba4""
""osoba2""		1477.8	1477800	1494.0	1494000	17.199951	17199	""osoba2""
""osoba2""		1479.9	1479900	1494.0	1494000	15.099976	15099	""osoba2""
""osoba2""		1481.7001	1481700	1494.0	1494000	13.299927	13299	""osoba2""
""osoba4""		1483.8	1483800	1484.7001	1484700	1.9000244	1900	""osoba4""
""osoba4""		1484.7001	1484700	1484.7001	1484700	1.0	1000	""osoba4""
""osoba3""		1487.1001	1487100	1487.1001	1487100	1.0	1000	""osoba3""
""osoba2""		1487.4	1487400	1494.0	1494000	7.5999756	7599	""osoba2""
""osoba2""		1491.3	1491300	1494.0	1494000	3.6999512	3699	""osoba2""
""osoba3""		1492.2001	1492200	1496.7001	1496700	5.5	5500	""osoba3""
""osoba4""		1495.8	1495800	1498.5	1498500	3.6999512	3699	""osoba4""
""osoba4""		1497.6001	1497600	1498.5	1498500	1.8999023	1899	""osoba4""
""osoba4""		1498.2001	1498200	1498.5	1498500	1.2999268	1299	""osoba4""
""osoba1""		1498.5	1498500	1499.1001	1499100	1.6000977	1600	""osoba1""
""osoba2""		1499.1001	1499100	1499.1001	1499100	1.0	1000	""osoba2""
""osoba4""		1501.2001	1501200	1522.5	1522500	22.299927	22299	""osoba4""
""osoba4""		1503.6001	1503600	1522.5	1522500	19.899902	19899	""osoba4""
""osoba3""		1505.4	1505400	1506.3	1506300	1.9000244	1900	""osoba3""
""osoba4""		1505.4	1505400	1522.5	1522500	18.099976	18099	""osoba4""
""osoba4""		1508.1001	1508100	1522.5	1522500	15.399902	15399	""osoba4""
""osoba4""		1511.1001	1511100	1522.5	1522500	12.399902	12399	""osoba4""
""osoba3""		1511.4	1511400	1512.3	1512300	1.9000244	1900	""osoba3""
""osoba2""		1512.3	1512300	1513.2001	1513200	1.9000244	1900	""osoba2""
""osoba4""		1512.6001	1512600	1522.5	1522500	10.899902	10899	""osoba4""
""osoba4""		1514.4	1514400	1522.5	1522500	9.099976	9099	""osoba4""
""osoba4""		1516.5	1516500	1522.5	1522500	7.0	7000	""osoba4""
""osoba1""		1517.4	1517400	1518.9	1518900	2.5	2500	""osoba1""
""osoba4""		1519.8	1519800	1522.5	1522500	3.6999512	3699	""osoba4""
""osoba2""		1520.1001	1520100	1546.8	1546800	27.699951	27699	""osoba2""
""osoba1""		1521.9	1521900	1521.9	1521900	1.0	1000	""osoba1""
""osoba2""		1523.7001	1523700	1546.8	1546800	24.099976	24099	""osoba2""
""osoba2""		1525.5	1525500	1546.8	1546800	22.300049	22300	""osoba2""
""osoba2""		1526.1001	1526100	1546.8	1546800	21.699951	21699	""osoba2""
""osoba2""		1527.6001	1527600	1546.8	1546800	20.199951	20199	""osoba2""
""osoba2""		1531.5	1531500	1546.8	1546800	16.300049	16300	""osoba2""
""osoba2""		1532.7001	1532700	1546.8	1546800	15.099976	15099	""osoba2""
""osoba1""		1533.0	1533000	1533.6001	1533600	1.6000977	1600	""osoba1""
""osoba2""		1540.2001	1540200	1546.8	1546800	7.5999756	7599	""osoba2""
""osoba2""		1542.0001	1542000	1546.8	1546800	5.7999268	5799	""osoba2""
""osoba2""		1542.9	1542900	1546.8	1546800	4.9000244	4900	""osoba2""
""osoba2""		1543.5001	1543500	1546.8	1546800	4.2999268	4299	""osoba2""
""osoba4""		1544.7001	1544700	1561.2001	1561200	17.5	17500	""osoba4""
""osoba4""		1547.1001	1547100	1561.2001	1561200	15.099976	15099	""osoba4""
""osoba4""		1548.9	1548900	1561.2001	1561200	13.300049	13300	""osoba4""
""osoba4""		1549.5001	1549500	1561.2001	1561200	12.699951	12699	""osoba4""
""osoba4""		1551.6001	1551600	1561.2001	1561200	10.599976	10599	""osoba4""
""osoba4""		1552.2001	1552200	1561.2001	1561200	10.0	10000	""osoba4""
""osoba4""		1553.4	1553400	1561.2001	1561200	8.800049	8800	""osoba4""
""osoba4""		1557.0001	1557000	1561.2001	1561200	5.199951	5199	""osoba4""
""osoba4""		1557.9	1557900	1561.2001	1561200	4.300049	4300	""osoba4""
""osoba1""		1559.4	1559400	1560.9	1560900	2.5	2500	""osoba1""
""osoba3""		1561.2001	1561200	1561.8	1561800	1.5999756	1599	""osoba3""
""osoba4""		1566.6001	1566600	1597.8	1597800	32.19995	32199	""osoba4""
""osoba4""		1567.8	1567800	1597.8	1597800	31.0	31000	""osoba4""
""osoba4""		1569.3	1569300	1597.8	1597800	29.5	29500	""osoba4""
""osoba4""		1570.2001	1570200	1597.8	1597800	28.599976	28599	""osoba4""
""osoba4""		1573.5001	1573500	1597.8	1597800	25.299927	25299	""osoba4""
""osoba4""		1581.0001	1581000	1597.8	1597800	17.799927	17799	""osoba4""
""osoba2""		1581.3	1581300	1581.6001	1581600	1.3000488	1300	""osoba2""
""osoba4""		1583.4	1583400	1597.8	1597800	15.400024	15400	""osoba4""
""osoba4""		1586.1001	1586100	1597.8	1597800	12.699951	12699	""osoba4""
""osoba4""		1587.0001	1587000	1597.8	1597800	11.799927	11799	""osoba4""
""osoba2""		1587.9	1587900	1589.7001	1589700	2.8000488	2800	""osoba2""
""osoba4""		1590.3	1590300	1597.8	1597800	8.5	8500	""osoba4""
""osoba4""		1593.9	1593900	1597.8	1597800	4.9000244	4900	""osoba4""
""osoba4""		1594.8	1594800	1597.8	1597800	4.0	4000	""osoba4""
""osoba2""		1598.1001	1598100	1599.9	1599900	2.7999268	2799	""osoba2""
""osoba2""		1599.9	1599900	1599.9	1599900	1.0	1000	""osoba2""
""osoba4""		1600.5001	1600500	1602.0001	1602000	2.5	2500	""osoba4""
""osoba4""		1601.7001	1601700	1602.0001	1602000	1.3000488	1300	""osoba4""
""osoba1""		1602.3	1602300	1602.9	1602900	1.5999756	1599	""osoba1""
""osoba4""		1606.5001	1606500	1608.9	1608900	3.3999023	3399	""osoba4""
""osoba3""		1607.7001	1607700	1609.5001	1609500	2.8000488	2800	""osoba3""
""osoba4""		1611.3	1611300	1615.5001	1615500	5.2000732	5200	""osoba4""
""osoba4""		1614.0001	1614000	1615.5001	1615500	2.5	2500	""osoba4""
""osoba1""		1615.2001	1615200	1617.3	1617300	3.0999756	3099	""osoba1""
""osoba2""		1616.7001	1616700	1620.3	1620300	4.5999756	4599	""osoba2""
""osoba2""		1618.8	1618800	1620.3	1620300	2.5	2500	""osoba2""
""osoba3""		1618.8	1618800	1620.3	1620300	2.5	2500	""osoba3""
