"default"		0.0	0	1.0	1000	1.0	1000	BEGIN
"default"		1620.3	1620300	1620.31	1621300	1.0	1000	END
""osoba2""		7.5000005	7500	20.7	20700	14.200001	14200	""osoba2""
""osoba2""		8.400001	8400	20.7	20700	13.3	13300	""osoba2""
""osoba3""		8.700001	8700	11.1	11100	3.3999996	3399	""osoba3""
""osoba1""		9.6	9600	10.200001	10200	1.6000004	1600	""osoba1""
""osoba2""		10.200001	10200	20.7	20700	11.5	11500	""osoba2""
""osoba2""		12.0	12000	20.7	20700	9.700001	9700	""osoba2""
""osoba2""		12.900001	12900	20.7	20700	8.8	8800	""osoba2""
""osoba2""		15.000001	15000	20.7	20700	6.7	6700	""osoba2""
""osoba2""		15.900001	15900	20.7	20700	5.8	5800	""osoba2""
""osoba4""		16.5	16500	17.1	17100	1.6000004	1600	""osoba4""
""osoba2""		18.300001	18300	20.7	20700	3.3999996	3399	""osoba2""
""osoba2""		19.5	19500	20.7	20700	2.2000008	2200	""osoba2""
""osoba4""		20.400002	20400	23.400002	23400	4.0	4000	""osoba4""
""osoba4""		21.900002	21900	23.400002	23400	2.5	2500	""osoba4""
""osoba3""		23.400002	23400	47.7	47700	25.3	25300	""osoba3""
""osoba3""		24.6	24600	47.7	47700	24.1	24100	""osoba3""
""osoba3""		26.7	26700	47.7	47700	22.0	22000	""osoba3""
""osoba3""		27.300001	27300	47.7	47700	21.4	21400	""osoba3""
""osoba3""		29.1	29100	47.7	47700	19.6	19600	""osoba3""
""osoba2""		30.900002	30900	34.800003	34800	4.9000015	4900	""osoba2""
""osoba1""		32.100002	32100	32.100002	32100	1.0	1000	""osoba1""
""osoba2""		33.0	33000	34.800003	34800	2.800003	2800	""osoba2""
""osoba3""		33.300003	33300	47.7	47700	15.399998	15399	""osoba3""
""osoba4""		34.5	34500	36.0	36000	2.5	2500	""osoba4""
""osoba3""		37.2	37200	47.7	47700	11.5	11500	""osoba3""
""osoba3""		38.100002	38100	47.7	47700	10.599998	10599	""osoba3""
""osoba3""		40.5	40500	47.7	47700	8.200001	8200	""osoba3""
""osoba4""		41.7	41700	42.0	42000	1.2999992	1299	""osoba4""
""osoba3""		43.800003	43800	47.7	47700	4.8999977	4899	""osoba3""
""osoba2""		44.4	44400	51.000004	51000	7.6000023	7600	""osoba2""
""osoba3""		45.600002	45600	47.7	47700	3.0999985	3099	""osoba3""
""osoba2""		45.9	45900	51.000004	51000	6.1000023	6100	""osoba2""
""osoba4""		46.800003	46800	48.300003	48300	2.5	2500	""osoba4""
""osoba2""		51.000004	51000	51.000004	51000	1.0	1000	""osoba2""
""osoba1""		51.300003	51300	54.9	54900	4.5999985	4599	""osoba1""
""osoba3""		52.800003	52800	66.3	66300	14.5	14500	""osoba3""
""osoba1""		54.000004	54000	54.9	54900	1.8999977	1899	""osoba1""
""osoba3""		54.300003	54300	66.3	66300	13.0	13000	""osoba3""
""osoba3""		55.800003	55800	66.3	66300	11.5	11500	""osoba3""
""osoba3""		57.600002	57600	66.3	66300	9.700001	9700	""osoba3""
""osoba3""		58.2	58200	66.3	66300	9.100002	9100	""osoba3""
""osoba3""		60.300003	60300	66.3	66300	7.0	7000	""osoba3""
""osoba3""		62.100002	62100	66.3	66300	5.200001	5200	""osoba3""
""osoba3""		63.300003	63300	66.3	66300	4.0	4000	""osoba3""
""osoba3""		65.4	65400	66.3	66300	1.9000015	1900	""osoba3""
""osoba1""		66.0	66000	69.9	69900	4.9000015	4900	""osoba1""
""osoba3""		66.3	66300	66.3	66300	1.0	1000	""osoba3""
""osoba1""		67.200005	67200	69.9	69900	3.699997	3699	""osoba1""
""osoba3""		68.4	68400	89.100006	89100	21.700005	21700	""osoba3""
""osoba3""		72.9	72900	89.100006	89100	17.200005	17200	""osoba3""
""osoba3""		73.8	73800	89.100006	89100	16.300003	16300	""osoba3""
""osoba3""		75.3	75300	89.100006	89100	14.800003	14800	""osoba3""
""osoba1""		75.600006	75600	75.9	75900	1.2999954	1299	""osoba1""
""osoba3""		75.9	75900	89.100006	89100	14.200005	14200	""osoba3""
""osoba3""		80.100006	80100	89.100006	89100	10.0	10000	""osoba3""
""osoba3""		84.0	84000	89.100006	89100	6.100006	6100	""osoba3""
""osoba1""		84.3	84300	84.600006	84600	1.300003	1300	""osoba1""
""osoba3""		84.600006	84600	89.100006	89100	5.5	5500	""osoba3""
""osoba3""		85.8	85800	89.100006	89100	4.300003	4300	""osoba3""
""osoba3""		86.4	86400	89.100006	89100	3.7000046	3700	""osoba3""
""osoba3""		88.5	88500	89.100006	89100	1.6000061	1600	""osoba3""
""osoba1""		88.8	88800	96.3	96300	8.5	8500	""osoba1""
""osoba1""		91.5	91500	96.3	96300	5.800003	5800	""osoba1""
""osoba1""		93.9	93900	96.3	96300	3.4000015	3400	""osoba1""
""osoba1""		95.4	95400	96.3	96300	1.9000015	1900	""osoba1""
""osoba1""		96.0	96000	96.3	96300	1.300003	1300	""osoba1""
""osoba4""		96.0	96000	111.9	111900	16.900002	16900	""osoba4""
""osoba3""		96.3	96300	99.3	99300	4.0	4000	""osoba3""
""osoba2""		98.100006	98100	98.100006	98100	1.0	1000	""osoba2""
""osoba4""		98.100006	98100	111.9	111900	14.799995	14799	""osoba4""
""osoba3""		98.4	98400	99.3	99300	1.9000015	1900	""osoba3""
""osoba4""		99.9	99900	111.9	111900	13.0	13000	""osoba4""
""osoba4""		100.50001	100500	111.9	111900	12.399994	12399	""osoba4""
""osoba4""		101.100006	101100	111.9	111900	11.799995	11799	""osoba4""
""osoba3""		101.700005	101700	105.3	105300	4.5999985	4599	""osoba3""
""osoba4""		106.200005	106200	111.9	111900	6.699997	6699	""osoba4""
""osoba4""		108.00001	108000	111.9	111900	4.899994	4899	""osoba4""
""osoba4""		108.600006	108600	111.9	111900	4.2999954	4299	""osoba4""
""osoba4""		110.100006	110100	111.9	111900	2.7999954	2799	""osoba4""
""osoba2""		111.9	111900	124.8	124800	13.900002	13900	""osoba2""
""osoba2""		116.4	116400	124.8	124800	9.400002	9400	""osoba2""
""osoba2""		118.200005	118200	124.8	124800	7.5999985	7599	""osoba2""
""osoba3""		119.100006	119100	119.4	119400	1.2999954	1299	""osoba3""
""osoba2""		119.4	119400	124.8	124800	6.4000015	6400	""osoba2""
""osoba2""		120.600006	120600	124.8	124800	5.199997	5199	""osoba2""
""osoba2""		122.4	122400	124.8	124800	3.4000015	3400	""osoba2""
""osoba1""		124.50001	124500	137.1	137100	13.599998	13599	""osoba1""
""osoba2""		124.50001	124500	124.8	124800	1.2999954	1299	""osoba2""
""osoba1""		128.70001	128700	137.1	137100	9.399994	9399	""osoba1""
""osoba4""		130.20001	130200	137.70001	137700	8.5	8500	""osoba4""
""osoba4""		132.0	132000	137.70001	137700	6.700012	6700	""osoba4""
""osoba2""		135.0	135000	142.5	142500	8.5	8500	""osoba2""
""osoba4""		137.40001	137400	137.70001	137700	1.300003	1300	""osoba4""
""osoba2""		137.70001	137700	142.5	142500	5.799988	5799	""osoba2""
""osoba2""		138.90001	138900	142.5	142500	4.599991	4599	""osoba2""
""osoba2""		140.70001	140700	142.5	142500	2.7999878	2799	""osoba2""
""osoba1""		141.3	141300	141.6	141600	1.300003	1300	""osoba1""
""osoba4""		142.20001	142200	148.20001	148200	7.0	7000	""osoba4""
""osoba4""		143.1	143100	148.20001	148200	6.100006	6100	""osoba4""
""osoba4""		144.6	144600	148.20001	148200	4.600006	4600	""osoba4""
""osoba4""		145.20001	145200	148.20001	148200	4.0	4000	""osoba4""
""osoba2""		145.8	145800	146.1	146100	1.300003	1300	""osoba2""
""osoba3""		145.8	145800	175.20001	175200	30.40001	30400	""osoba3""
""osoba3""		149.40001	149400	175.20001	175200	26.800003	26800	""osoba3""
""osoba3""		150.0	150000	175.20001	175200	26.200012	26200	""osoba3""
""osoba1""		150.3	150300	150.3	150300	1.0	1000	""osoba1""
""osoba4""		150.6	150600	153.6	153600	4.0	4000	""osoba4""
""osoba4""		152.70001	152700	153.6	153600	1.8999939	1899	""osoba4""
""osoba1""		156.0	156000	156.0	156000	1.0	1000	""osoba1""
""osoba3""		156.0	156000	175.20001	175200	20.200012	20200	""osoba3""
""osoba2""		156.3	156300	156.6	156600	1.300003	1300	""osoba2""
""osoba3""		158.1	158100	175.20001	175200	18.100006	18100	""osoba3""
""osoba3""		159.0	159000	175.20001	175200	17.200012	17200	""osoba3""
""osoba3""		160.20001	160200	175.20001	175200	16.0	16000	""osoba3""
""osoba2""		161.70001	161700	162.0	162000	1.2999878	1299	""osoba2""
""osoba3""		161.70001	161700	175.20001	175200	14.5	14500	""osoba3""
""osoba3""		163.5	163500	175.20001	175200	12.700012	12700	""osoba3""
""osoba3""		164.1	164100	175.20001	175200	12.100006	12100	""osoba3""
""osoba3""		166.5	166500	175.20001	175200	9.700012	9700	""osoba3""
""osoba3""		168.3	168300	175.20001	175200	7.900009	7900	""osoba3""
""osoba3""		172.20001	172200	175.20001	175200	4.0	4000	""osoba3""
""osoba1""		173.70001	173700	175.20001	175200	2.5	2500	""osoba1""
""osoba3""		173.70001	173700	175.20001	175200	2.5	2500	""osoba3""
""osoba3""		174.6	174600	175.20001	175200	1.6000061	1600	""osoba3""
""osoba1""		174.90001	174900	175.20001	175200	1.300003	1300	""osoba1""
""osoba4""		174.90001	174900	186.0	186000	12.099991	12099	""osoba4""
""osoba4""		178.5	178500	186.0	186000	8.5	8500	""osoba4""
""osoba2""		180.3	180300	180.90001	180900	1.6000061	1600	""osoba2""
""osoba4""		182.1	182100	186.0	186000	4.899994	4899	""osoba4""
""osoba2""		184.5	184500	210.90001	210900	27.40001	27400	""osoba2""
""osoba4""		184.5	184500	186.0	186000	2.5	2500	""osoba4""
""osoba3""		185.70001	185700	186.6	186600	1.8999939	1899	""osoba3""
""osoba2""		188.40001	188400	210.90001	210900	23.5	23500	""osoba2""
""osoba2""		190.5	190500	210.90001	210900	21.40001	21400	""osoba2""
""osoba3""		190.8	190800	191.1	191100	1.300003	1300	""osoba3""
""osoba2""		192.3	192300	210.90001	210900	19.600006	19600	""osoba2""
""osoba1""		193.20001	193200	194.40001	194400	2.199997	2199	""osoba1""
""osoba2""		194.40001	194400	210.90001	210900	17.5	17500	""osoba2""
""osoba4""		195.00002	195000	195.90001	195900	1.8999939	1899	""osoba4""
""osoba1""		198.00002	198000	198.00002	198000	1.0	1000	""osoba1""
""osoba2""		201.00002	201000	210.90001	210900	10.899994	10899	""osoba2""
""osoba4""		201.90001	201900	204.00002	204000	3.100006	3100	""osoba4""
""osoba4""		202.50002	202500	204.00002	204000	2.5	2500	""osoba4""
""osoba2""		203.1	203100	210.90001	210900	8.800003	8800	""osoba2""
""osoba3""		208.8	208800	208.8	208800	1.0	1000	""osoba3""
""osoba2""		209.1	209100	210.90001	210900	2.800003	2800	""osoba2""
""osoba1""		210.00002	210000	231.6	231600	22.59999	22599	""osoba1""
""osoba1""		212.1	212100	231.6	231600	20.5	20500	""osoba1""
""osoba1""		215.40001	215400	231.6	231600	17.199997	17199	""osoba1""
""osoba1""		216.00002	216000	231.6	231600	16.59999	16599	""osoba1""
""osoba1""		216.6	216600	231.6	231600	16.0	16000	""osoba1""
""osoba1""		218.1	218100	231.6	231600	14.5	14500	""osoba1""
""osoba2""		218.70001	218700	219.3	219300	1.5999908	1599	""osoba2""
""osoba3""		222.3	222300	223.20001	223200	1.9000092	1900	""osoba3""
""osoba1""		224.1	224100	231.6	231600	8.5	8500	""osoba1""
""osoba1""		226.50002	226500	231.6	231600	6.099991	6099	""osoba1""
""osoba1""		227.40001	227400	231.6	231600	5.199997	5199	""osoba1""
""osoba1""		228.90001	228900	231.6	231600	3.699997	3699	""osoba1""
""osoba1""		229.8	229800	231.6	231600	2.800003	2800	""osoba1""
""osoba3""		230.1	230100	230.1	230100	1.0	1000	""osoba3""
""osoba4""		230.40001	230400	231.90001	231900	2.5	2500	""osoba4""
""osoba1""		230.70001	230700	231.6	231600	1.8999939	1899	""osoba1""
""osoba2""		232.50002	232500	242.40001	242400	10.899994	10899	""osoba2""
""osoba2""		233.1	233100	242.40001	242400	10.300003	10300	""osoba2""
""osoba2""		233.70001	233700	242.40001	242400	9.699997	9699	""osoba2""
""osoba4""		234.00002	234000	238.20001	238200	5.199997	5199	""osoba4""
""osoba3""		234.3	234300	236.40001	236400	3.100006	3100	""osoba3""
""osoba2""		237.90001	237900	242.40001	242400	5.5	5500	""osoba2""
""osoba4""		241.20001	241200	245.40001	245400	5.199997	5199	""osoba4""
""osoba2""		242.1	242100	242.40001	242400	1.300003	1300	""osoba2""
""osoba4""		242.1	242100	245.40001	245400	4.300003	4300	""osoba4""
""osoba3""		244.20001	244200	253.50002	253500	10.300003	10300	""osoba3""
""osoba4""		244.20001	244200	245.40001	245400	2.199997	2199	""osoba4""
""osoba3""		250.20001	250200	253.50002	253500	4.300003	4300	""osoba3""
""osoba4""		250.8	250800	255.90001	255900	6.100006	6100	""osoba4""
""osoba3""		251.70001	251700	253.50002	253500	2.800003	2800	""osoba3""
""osoba3""		252.90001	252900	253.50002	253500	1.6000061	1600	""osoba3""
""osoba4""		253.20001	253200	255.90001	255900	3.699997	3699	""osoba4""
""osoba1""		255.6	255600	259.2	259200	4.600006	4600	""osoba1""
""osoba1""		259.2	259200	259.2	259200	1.0	1000	""osoba1""
""osoba3""		259.80002	259800	263.7	263700	4.899994	4899	""osoba3""
""osoba4""		259.80002	259800	260.40002	260400	1.6000061	1600	""osoba4""
""osoba2""		263.40002	263400	274.80002	274800	12.399994	12399	""osoba2""
""osoba2""		267.90002	267900	274.80002	274800	7.899994	7899	""osoba2""
""osoba1""		268.2	268200	272.1	272100	4.899994	4899	""osoba1""
""osoba1""		270.0	270000	272.1	272100	3.100006	3100	""osoba1""
""osoba3""		270.6	270600	271.2	271200	1.6000061	1600	""osoba3""
""osoba2""		270.90002	270900	274.80002	274800	4.899994	4899	""osoba2""
""osoba1""		271.80002	271800	272.1	272100	1.2999878	1299	""osoba1""
""osoba4""		273.30002	273300	273.90002	273900	1.6000061	1600	""osoba4""
""osoba3""		273.90002	273900	280.80002	280800	7.899994	7899	""osoba3""
""osoba3""		276.30002	276300	280.80002	280800	5.5	5500	""osoba3""
""osoba2""		278.7	278700	278.7	278700	1.0	1000	""osoba2""
""osoba3""		278.7	278700	280.80002	280800	3.100006	3100	""osoba3""
""osoba1""		279.6	279600	280.5	280500	1.8999939	1899	""osoba1""
""osoba2""		280.80002	280800	298.80002	298800	19.0	19000	""osoba2""
""osoba2""		281.7	281700	298.80002	298800	18.100006	18100	""osoba2""
""osoba2""		282.6	282600	298.80002	298800	17.200012	17200	""osoba2""
""osoba2""		285.30002	285300	298.80002	298800	14.5	14500	""osoba2""
""osoba4""		285.30002	285300	285.30002	285300	1.0	1000	""osoba4""
""osoba2""		286.80002	286800	298.80002	298800	13.0	13000	""osoba2""
""osoba2""		288.30002	288300	298.80002	298800	11.5	11500	""osoba2""
""osoba2""		291.0	291000	298.80002	298800	8.800018	8800	""osoba2""
""osoba2""		293.40002	293400	298.80002	298800	6.399994	6399	""osoba2""
""osoba4""		294.0	294000	294.90002	294900	1.9000244	1900	""osoba4""
""osoba2""		294.30002	294300	298.80002	298800	5.5	5500	""osoba2""
""osoba2""		296.7	296700	298.80002	298800	3.100006	3100	""osoba2""
""osoba3""		298.80002	298800	301.2	301200	3.399994	3399	""osoba3""
""osoba4""		299.1	299100	312.90002	312900	14.800018	14800	""osoba4""
""osoba4""		302.40002	302400	312.90002	312900	11.5	11500	""osoba4""
""osoba4""		304.80002	304800	312.90002	312900	9.100006	9100	""osoba4""
""osoba3""		305.1	305100	307.5	307500	3.399994	3399	""osoba3""
""osoba2""		306.30002	306300	307.80002	307800	2.5	2500	""osoba2""
""osoba3""		306.30002	306300	307.5	307500	2.1999817	2199	""osoba3""
""osoba3""		307.2	307200	307.5	307500	1.2999878	1299	""osoba3""
""osoba4""		309.6	309600	312.90002	312900	4.3000183	4300	""osoba4""
""osoba1""		311.7	311700	311.7	311700	1.0	1000	""osoba1""
""osoba2""		311.7	311700	319.2	319200	8.5	8500	""osoba2""
""osoba4""		312.90002	312900	312.90002	312900	1.0	1000	""osoba4""
""osoba2""		314.1	314100	319.2	319200	6.100006	6100	""osoba2""
""osoba1""		315.0	315000	316.2	316200	2.2000122	2200	""osoba1""
""osoba2""		315.0	315000	319.2	319200	5.200012	5200	""osoba2""
""osoba4""		315.90002	315900	318.0	318000	3.0999756	3099	""osoba4""
""osoba2""		317.40002	317400	319.2	319200	2.7999878	2799	""osoba2""
""osoba4""		317.7	317700	318.0	318000	1.2999878	1299	""osoba4""
""osoba1""		318.90002	318900	321.90002	321900	4.0	4000	""osoba1""
""osoba1""		320.1	320100	321.90002	321900	2.8000183	2800	""osoba1""
""osoba3""		320.1	320100	324.90002	324900	5.8000183	5800	""osoba3""
""osoba4""		321.0	321000	345.6	345600	25.600006	25600	""osoba4""
""osoba4""		324.0	324000	345.6	345600	22.600006	22600	""osoba4""
""osoba4""		326.7	326700	345.6	345600	19.899994	19899	""osoba4""
""osoba4""		328.5	328500	345.6	345600	18.100006	18100	""osoba4""
""osoba4""		332.7	332700	345.6	345600	13.899994	13899	""osoba4""
""osoba4""		333.30002	333300	345.6	345600	13.299988	13299	""osoba4""
""osoba4""		334.2	334200	345.6	345600	12.399994	12399	""osoba4""
""osoba2""		334.80002	334800	338.7	338700	4.899994	4899	""osoba2""
""osoba2""		336.30002	336300	338.7	338700	3.399994	3399	""osoba2""
""osoba2""		338.40002	338400	338.7	338700	1.2999878	1299	""osoba2""
""osoba4""		338.7	338700	345.6	345600	7.899994	7899	""osoba4""
""osoba4""		339.90002	339900	345.6	345600	6.6999817	6699	""osoba4""
""osoba3""		345.90002	345900	347.7	347700	2.7999878	2799	""osoba3""
""osoba3""		346.80002	346800	347.7	347700	1.8999939	1899	""osoba3""
""osoba3""		347.40002	347400	347.7	347700	1.2999878	1299	""osoba3""
""osoba4""		347.7	347700	351.0	351000	4.299988	4299	""osoba4""
""osoba4""		350.1	350100	351.0	351000	1.8999939	1899	""osoba4""
""osoba1""		351.0	351000	364.80002	364800	14.800018	14800	""osoba1""
""osoba1""		352.2	352200	364.80002	364800	13.600006	13600	""osoba1""
""osoba1""		353.7	353700	364.80002	364800	12.100006	12100	""osoba1""
""osoba4""		354.0	354000	355.5	355500	2.5	2500	""osoba4""
""osoba4""		354.90002	354900	355.5	355500	1.5999756	1599	""osoba4""
""osoba1""		355.2	355200	364.80002	364800	10.600006	10600	""osoba1""
""osoba2""		358.5	358500	358.80002	358800	1.3000183	1300	""osoba2""
""osoba4""		358.80002	358800	359.40002	359400	1.6000061	1600	""osoba4""
""osoba1""		360.90002	360900	364.80002	364800	4.899994	4899	""osoba1""
""osoba4""		362.40002	362400	364.2	364200	2.7999878	2799	""osoba4""
""osoba2""		364.2	364200	380.40002	380400	17.200012	17200	""osoba2""
""osoba2""		365.7	365700	380.40002	380400	15.700012	15700	""osoba2""
""osoba2""		367.2	367200	380.40002	380400	14.200012	14200	""osoba2""
""osoba1""		368.7	368700	368.7	368700	1.0	1000	""osoba1""
""osoba2""		373.80002	373800	380.40002	380400	7.600006	7600	""osoba2""
""osoba4""		374.1	374100	374.1	374100	1.0	1000	""osoba4""
""osoba2""		378.0	378000	380.40002	380400	3.4000244	3400	""osoba2""
""osoba3""		378.0	378000	384.6	384600	7.600006	7600	""osoba3""
""osoba4""		381.0	381000	381.30002	381300	1.3000183	1300	""osoba4""
""osoba3""		382.80002	382800	384.6	384600	2.7999878	2799	""osoba3""
""osoba2""		384.30002	384300	389.1	389100	5.799988	5799	""osoba2""
""osoba2""		386.1	386100	389.1	389100	4.0	4000	""osoba2""
""osoba2""		387.6	387600	389.1	389100	2.5	2500	""osoba2""
""osoba4""		388.80002	388800	400.80002	400800	13.0	13000	""osoba4""
""osoba2""		389.1	389100	389.1	389100	1.0	1000	""osoba2""
""osoba4""		390.90002	390900	400.80002	400800	10.899994	10899	""osoba4""
""osoba4""		396.6	396600	400.80002	400800	5.200012	5200	""osoba4""
""osoba4""		397.2	397200	400.80002	400800	4.600006	4600	""osoba4""
""osoba4""		397.80002	397800	400.80002	400800	4.0	4000	""osoba4""
""osoba2""		398.40002	398400	410.1	410100	12.699982	12699	""osoba2""
""osoba4""		400.50003	400500	400.80002	400800	1.2999878	1299	""osoba4""
""osoba4""		404.1	404100	408.6	408600	5.5	5500	""osoba4""
""osoba3""		404.40002	404400	404.7	404700	1.2999878	1299	""osoba3""
""osoba2""		404.7	404700	410.1	410100	6.399994	6399	""osoba2""
""osoba4""		405.30002	405300	408.6	408600	4.299988	4299	""osoba4""
""osoba2""		408.30002	408300	410.1	410100	2.7999878	2799	""osoba2""
""osoba4""		408.6	408600	408.6	408600	1.0	1000	""osoba4""
""osoba2""		408.90002	408900	410.1	410100	2.1999817	2199	""osoba2""
""osoba2""		410.1	410100	410.1	410100	1.0	1000	""osoba2""
""osoba4""		410.7	410700	432.6	432600	22.899994	22899	""osoba4""
""osoba4""		411.6	411600	432.6	432600	22.0	22000	""osoba4""
""osoba1""		412.80002	412800	412.80002	412800	1.0	1000	""osoba1""
""osoba4""		413.40002	413400	432.6	432600	20.199982	20199	""osoba4""
""osoba2""		415.50003	415500	417.6	417600	3.0999756	3099	""osoba2""
""osoba2""		416.7	416700	417.6	417600	1.8999939	1899	""osoba2""
""osoba4""		417.00003	417000	432.6	432600	16.599976	16599	""osoba4""
""osoba1""		418.80002	418800	419.7	419700	1.8999939	1899	""osoba1""
""osoba4""		423.6	423600	432.6	432600	10.0	10000	""osoba4""
""osoba4""		428.40002	428400	432.6	432600	5.1999817	5199	""osoba4""
""osoba4""		429.00003	429000	432.6	432600	4.5999756	4599	""osoba4""
""osoba4""		430.50003	430500	432.6	432600	3.0999756	3099	""osoba4""
""osoba1""		432.6	432600	445.80002	445800	14.200012	14200	""osoba1""
""osoba1""		434.40002	434400	445.80002	445800	12.399994	12399	""osoba1""
""osoba1""		435.30002	435300	445.80002	445800	11.5	11500	""osoba1""
""osoba1""		437.40002	437400	445.80002	445800	9.399994	9399	""osoba1""
""osoba1""		438.90002	438900	445.80002	445800	7.899994	7899	""osoba1""
""osoba1""		441.00003	441000	445.80002	445800	5.799988	5799	""osoba1""
""osoba1""		442.80002	442800	445.80002	445800	4.0	4000	""osoba1""
""osoba3""		444.6	444600	446.1	446100	2.5	2500	""osoba3""
""osoba4""		446.40002	446400	450.30002	450300	4.899994	4899	""osoba4""
""osoba4""		447.6	447600	450.30002	450300	3.7000122	3700	""osoba4""
""osoba1""		447.90002	447900	456.90002	456900	10.0	10000	""osoba1""
""osoba1""		451.50003	451500	456.90002	456900	6.399994	6399	""osoba1""
""osoba1""		452.1	452100	456.90002	456900	5.8000183	5800	""osoba1""
""osoba2""		452.40002	452400	453.90002	453900	2.5	2500	""osoba2""
""osoba3""		456.00003	456000	456.00003	456000	1.0	1000	""osoba3""
""osoba1""		456.30002	456300	456.90002	456900	1.6000061	1600	""osoba1""
""osoba1""		456.90002	456900	456.90002	456900	1.0	1000	""osoba1""
""osoba2""		456.90002	456900	459.6	459600	3.6999817	3699	""osoba2""
""osoba4""		459.90002	459900	462.90002	462900	4.0	4000	""osoba4""
""osoba1""		461.40002	461400	467.40002	467400	7.0	7000	""osoba1""
""osoba1""		465.00003	465000	467.40002	467400	3.399994	3399	""osoba1""
""osoba4""		465.6	465600	478.80002	478800	14.200012	14200	""osoba4""
""osoba4""		468.90002	468900	478.80002	478800	10.899994	10899	""osoba4""
""osoba4""		469.80002	469800	478.80002	478800	10.0	10000	""osoba4""
""osoba2""		471.6	471600	474.00003	474000	3.4000244	3400	""osoba2""
""osoba4""		471.6	471600	478.80002	478800	8.200012	8200	""osoba4""
""osoba4""		474.90002	474900	478.80002	478800	4.899994	4899	""osoba4""
""osoba4""		476.40002	476400	478.80002	478800	3.399994	3399	""osoba4""
""osoba4""		478.2	478200	478.80002	478800	1.6000061	1600	""osoba4""
""osoba1""		478.80002	478800	486.6	486600	8.799988	8799	""osoba1""
""osoba1""		480.90002	480900	486.6	486600	6.6999817	6699	""osoba1""
""osoba4""		481.50003	481500	486.6	486600	6.0999756	6099	""osoba4""
""osoba4""		486.30002	486300	486.6	486600	1.2999878	1299	""osoba4""
""osoba2""		487.50003	487500	514.5	514500	27.99997	27999	""osoba2""
""osoba4""		489.6	489600	489.6	489600	1.0	1000	""osoba4""
""osoba1""		490.50003	490500	491.1	491100	1.5999756	1599	""osoba1""
""osoba2""		493.2	493200	514.5	514500	22.299988	22299	""osoba2""
""osoba2""		494.1	494100	514.5	514500	21.399994	21399	""osoba2""
""osoba1""		494.40002	494400	494.7	494700	1.2999878	1299	""osoba1""
""osoba2""		501.00003	501000	514.5	514500	14.4999695	14499	""osoba2""
""osoba2""		502.2	502200	514.5	514500	13.299988	13299	""osoba2""
""osoba2""		503.7	503700	514.5	514500	11.799988	11799	""osoba2""
""osoba4""		506.7	506700	506.7	506700	1.0	1000	""osoba4""
""osoba2""		507.6	507600	514.5	514500	7.899994	7899	""osoba2""
""osoba3""		508.50003	508500	508.80002	508800	1.2999878	1299	""osoba3""
""osoba4""		509.40002	509400	509.40002	509400	1.0	1000	""osoba4""
""osoba2""		510.00003	510000	514.5	514500	5.4999695	5499	""osoba2""
""osoba1""		511.50003	511500	512.7	512700	2.1999817	2199	""osoba1""
""osoba2""		511.80002	511800	514.5	514500	3.6999817	3699	""osoba2""
""osoba4""		512.4	512400	519.9	519900	8.5	8500	""osoba4""
""osoba3""		514.80005	514800	514.80005	514800	1.0	1000	""osoba3""
""osoba1""		517.2	517200	517.80005	517800	1.6000366	1600	""osoba1""
""osoba4""		519.30005	519300	519.9	519900	1.5999756	1599	""osoba4""
""osoba3""		519.9	519900	522.30005	522300	3.4000244	3400	""osoba3""
""osoba1""		521.7	521700	522.9	522900	2.2000122	2200	""osoba1""
""osoba2""		522.30005	522300	528.0	528000	6.699951	6699	""osoba2""
""osoba2""		524.10004	524100	528.0	528000	4.8999634	4899	""osoba2""
""osoba2""		526.5	526500	528.0	528000	2.5	2500	""osoba2""
""osoba2""		527.4	527400	528.0	528000	1.5999756	1599	""osoba2""
""osoba2""		528.0	528000	528.0	528000	1.0	1000	""osoba2""
""osoba3""		528.0	528000	537.60004	537600	10.600037	10600	""osoba3""
""osoba3""		531.0	531000	537.60004	537600	7.6000366	7600	""osoba3""
""osoba3""		531.60004	531600	537.60004	537600	7.0	7000	""osoba3""
""osoba3""		533.7	533700	537.60004	537600	4.9000244	4900	""osoba3""
""osoba1""		536.4	536400	550.80005	550800	15.400024	15400	""osoba1""
""osoba1""		539.10004	539100	550.80005	550800	12.700012	12700	""osoba1""
""osoba1""		540.0	540000	550.80005	550800	11.800049	11800	""osoba1""
""osoba1""		540.9	540900	550.80005	550800	10.900024	10900	""osoba1""
""osoba1""		542.10004	542100	550.80005	550800	9.700012	9700	""osoba1""
""osoba1""		544.5	544500	550.80005	550800	7.300049	7300	""osoba1""
""osoba4""		546.0	546000	546.9	546900	1.9000244	1900	""osoba4""
""osoba1""		546.30005	546300	550.80005	550800	5.5	5500	""osoba1""
""osoba3""		547.2	547200	547.2	547200	1.0	1000	""osoba3""
""osoba1""		548.10004	548100	550.80005	550800	3.7000122	3700	""osoba1""
""osoba1""		549.0	549000	550.80005	550800	2.8000488	2800	""osoba1""
""osoba2""		549.9	549900	570.9	570900	22.0	22000	""osoba2""
""osoba2""		553.5	553500	570.9	570900	18.400024	18400	""osoba2""
""osoba2""		557.4	557400	570.9	570900	14.5	14500	""osoba2""
""osoba2""		559.2	559200	570.9	570900	12.700012	12700	""osoba2""
""osoba2""		560.10004	560100	570.9	570900	11.799988	11799	""osoba2""
""osoba2""		561.30005	561300	570.9	570900	10.599976	10599	""osoba2""
""osoba2""		562.5	562500	570.9	570900	9.400024	9400	""osoba2""
""osoba2""		563.7	563700	570.9	570900	8.200012	8200	""osoba2""
""osoba4""		565.2	565200	565.2	565200	1.0	1000	""osoba4""
""osoba2""		565.80005	565800	570.9	570900	6.0999756	6099	""osoba2""
""osoba2""		568.2	568200	570.9	570900	3.7000122	3700	""osoba2""
""osoba4""		568.80005	568800	576.9	576900	9.099976	9099	""osoba4""
""osoba2""		569.7	569700	570.9	570900	2.2000122	2200	""osoba2""
""osoba4""		569.7	569700	576.9	576900	8.200012	8200	""osoba4""
""osoba4""		571.2	571200	576.9	576900	6.700012	6700	""osoba4""
""osoba3""		572.4	572400	573.30005	573300	1.9000244	1900	""osoba3""
""osoba1""		574.2	574200	576.30005	576300	3.1000366	3100	""osoba1""
""osoba4""		575.4	575400	576.9	576900	2.5	2500	""osoba4""
""osoba1""		576.30005	576300	576.30005	576300	1.0	1000	""osoba1""
""osoba3""		577.5	577500	588.60004	588600	12.100037	12100	""osoba3""
""osoba3""		581.4	581400	588.60004	588600	8.200012	8200	""osoba3""
""osoba4""		583.2	583200	583.2	583200	1.0	1000	""osoba4""
""osoba2""		585.60004	585600	590.4	590400	5.799988	5799	""osoba2""
""osoba1""		590.4	590400	591.30005	591300	1.9000244	1900	""osoba1""
""osoba3""		591.60004	591600	594.60004	594600	4.0	4000	""osoba3""
""osoba2""		593.7	593700	594.0	594000	1.2999878	1299	""osoba2""
""osoba1""		594.30005	594300	600.60004	600600	7.299988	7299	""osoba1""
""osoba1""		596.4	596400	600.60004	600600	5.200012	5200	""osoba1""
""osoba1""		598.5	598500	600.60004	600600	3.1000366	3100	""osoba1""
""osoba3""		599.4	599400	616.2	616200	17.799988	17799	""osoba3""
""osoba3""		602.10004	602100	616.2	616200	15.099976	15099	""osoba3""
""osoba3""		604.80005	604800	616.2	616200	12.399963	12399	""osoba3""
""osoba2""		606.30005	606300	606.60004	606600	1.2999878	1299	""osoba2""
""osoba3""		606.30005	606300	616.2	616200	10.899963	10899	""osoba3""
""osoba3""		609.0	609000	616.2	616200	8.200012	8200	""osoba3""
""osoba3""		610.5	610500	616.2	616200	6.700012	6700	""osoba3""
""osoba3""		612.9	612900	616.2	616200	4.299988	4299	""osoba3""
""osoba3""		614.7	614700	616.2	616200	2.5	2500	""osoba3""
""osoba2""		615.30005	615300	621.30005	621300	7.0	7000	""osoba2""
""osoba2""		617.4	617400	621.30005	621300	4.9000244	4900	""osoba2""
""osoba2""		618.9	618900	621.30005	621300	3.4000244	3400	""osoba2""
""osoba4""		621.60004	621600	629.4	629400	8.799988	8799	""osoba4""
""osoba4""		622.5	622500	629.4	629400	7.9000244	7900	""osoba4""
""osoba3""		622.80005	622800	623.4	623400	1.5999756	1599	""osoba3""
""osoba2""		624.9	624900	625.2	625200	1.2999878	1299	""osoba2""
""osoba3""		626.10004	626100	626.7	626700	1.5999756	1599	""osoba3""
""osoba4""		626.7	626700	629.4	629400	3.7000122	3700	""osoba4""
""osoba1""		629.4	629400	633.0	633000	4.5999756	4599	""osoba1""
""osoba1""		631.5	631500	633.0	633000	2.5	2500	""osoba1""
""osoba2""		633.30005	633300	644.10004	644100	11.799988	11799	""osoba2""
""osoba2""		635.7	635700	644.10004	644100	9.400024	9400	""osoba2""
""osoba1""		637.2	637200	637.2	637200	1.0	1000	""osoba1""
""osoba2""		638.10004	638100	644.10004	644100	7.0	7000	""osoba2""
""osoba2""		639.0	639000	644.10004	644100	6.1000366	6100	""osoba2""
""osoba2""		640.2	640200	644.10004	644100	4.9000244	4900	""osoba2""
""osoba1""		641.10004	641100	641.4	641400	1.2999878	1299	""osoba1""
""osoba3""		642.60004	642600	645.0	645000	3.3999634	3399	""osoba3""
""osoba4""		644.4	644400	667.5	667500	24.099976	24099	""osoba4""
""osoba2""		646.2	646200	651.30005	651300	6.1000366	6100	""osoba2""
""osoba4""		646.80005	646800	667.5	667500	21.699951	21699	""osoba4""
""osoba1""		647.7	647700	653.4	653400	6.700012	6700	""osoba1""
""osoba2""		647.7	647700	651.30005	651300	4.6000366	4600	""osoba2""
""osoba1""		650.7	650700	653.4	653400	3.7000122	3700	""osoba1""
""osoba4""		655.5	655500	667.5	667500	13.0	13000	""osoba4""
""osoba3""		656.10004	656100	656.10004	656100	1.0	1000	""osoba3""
""osoba4""		656.7	656700	667.5	667500	11.799988	11799	""osoba4""
""osoba4""		657.30005	657300	667.5	667500	11.199951	11199	""osoba4""
""osoba4""		658.2	658200	667.5	667500	10.299988	10299	""osoba4""
""osoba4""		662.7	662700	667.5	667500	5.799988	5799	""osoba4""
""osoba4""		665.4	665400	667.5	667500	3.0999756	3099	""osoba4""
""osoba1""		666.30005	666300	674.4	674400	9.099976	9099	""osoba1""
""osoba3""		668.4	668400	669.0	669000	1.5999756	1599	""osoba3""
""osoba2""		671.10004	671100	671.10004	671100	1.0	1000	""osoba2""
""osoba1""		672.60004	672600	674.4	674400	2.7999878	2799	""osoba1""
""osoba4""		673.2	673200	683.4	683400	11.200012	11200	""osoba4""
""osoba2""		677.10004	677100	678.0	678000	1.8999634	1899	""osoba2""
""osoba4""		679.2	679200	683.4	683400	5.200012	5200	""osoba4""
""osoba4""		680.7	680700	683.4	683400	3.7000122	3700	""osoba4""
""osoba2""		681.30005	681300	681.30005	681300	1.0	1000	""osoba2""
""osoba4""		681.30005	681300	683.4	683400	3.0999756	3099	""osoba4""
""osoba1""		681.60004	681600	695.4	695400	14.799988	14799	""osoba1""
""osoba1""		685.5	685500	695.4	695400	10.900024	10900	""osoba1""
""osoba4""		685.80005	685800	688.2	688200	3.3999634	3399	""osoba4""
""osoba1""		686.10004	686100	695.4	695400	10.299988	10299	""osoba1""
""osoba2""		686.7	686700	687.60004	687600	1.9000244	1900	""osoba2""
""osoba1""		691.2	691200	695.4	695400	5.200012	5200	""osoba1""
""osoba1""		691.80005	691800	695.4	695400	4.5999756	4599	""osoba1""
""osoba1""		694.5	694500	695.4	695400	1.9000244	1900	""osoba1""
""osoba4""		695.10004	695100	723.30005	723300	29.200012	29200	""osoba4""
""osoba2""		696.60004	696600	697.5	697500	1.8999634	1899	""osoba2""
""osoba4""		696.60004	696600	723.30005	723300	27.700012	27700	""osoba4""
""osoba1""		698.7	698700	699.0	699000	1.2999878	1299	""osoba1""
""osoba4""		700.5	700500	723.30005	723300	23.800049	23800	""osoba4""
""osoba4""		701.4	701400	723.30005	723300	22.900024	22900	""osoba4""
""osoba4""		703.2	703200	723.30005	723300	21.100037	21100	""osoba4""
""osoba4""		704.10004	704100	723.30005	723300	20.200012	20200	""osoba4""
""osoba4""		705.60004	705600	723.30005	723300	18.700012	18700	""osoba4""
""osoba2""		706.80005	706800	706.80005	706800	1.0	1000	""osoba2""
""osoba4""		707.7	707700	723.30005	723300	16.600037	16600	""osoba4""
""osoba4""		708.9	708900	723.30005	723300	15.400024	15400	""osoba4""
""osoba4""		711.0	711000	723.30005	723300	13.300049	13300	""osoba4""
""osoba4""		711.9	711900	723.30005	723300	12.400024	12400	""osoba4""
""osoba4""		712.5	712500	723.30005	723300	11.800049	11800	""osoba4""
""osoba2""		713.10004	713100	718.80005	718800	6.700012	6700	""osoba2""
""osoba3""		714.60004	714600	715.80005	715800	2.2000122	2200	""osoba3""
""osoba4""		714.60004	714600	723.30005	723300	9.700012	9700	""osoba4""
""osoba4""		716.4	716400	723.30005	723300	7.9000244	7900	""osoba4""
""osoba2""		717.9	717900	718.80005	718800	1.9000244	1900	""osoba2""
""osoba4""		718.5	718500	723.30005	723300	5.800049	5800	""osoba4""
""osoba2""		718.80005	718800	718.80005	718800	1.0	1000	""osoba2""
""osoba3""		720.0	720000	720.30005	720300	1.3000488	1300	""osoba3""
""osoba4""		721.80005	721800	723.30005	723300	2.5	2500	""osoba4""
""osoba3""		722.4	722400	729.0	729000	7.5999756	7599	""osoba3""
""osoba3""		724.80005	724800	729.0	729000	5.199951	5199	""osoba3""
""osoba1""		725.4	725400	742.2	742200	17.799988	17799	""osoba1""
""osoba3""		728.10004	728100	729.0	729000	1.8999634	1899	""osoba3""
""osoba1""		728.4	728400	742.2	742200	14.799988	14799	""osoba1""
""osoba2""		730.2	730200	735.0	735000	5.799988	5799	""osoba2""
""osoba1""		732.30005	732300	742.2	742200	10.899963	10899	""osoba1""
""osoba4""		732.30005	732300	733.5	733500	2.1999512	2199	""osoba4""
""osoba3""		734.7	734700	735.60004	735600	1.9000244	1900	""osoba3""
""osoba3""		738.9	738900	750.0	750000	12.099976	12099	""osoba3""
""osoba1""		741.60004	741600	742.2	742200	1.5999756	1599	""osoba1""
""osoba4""		741.60004	741600	744.60004	744600	4.0	4000	""osoba4""
""osoba3""		741.9	741900	750.0	750000	9.099976	9099	""osoba3""
""osoba3""		744.60004	744600	750.0	750000	6.3999634	6399	""osoba3""
""osoba2""		746.10004	746100	746.4	746400	1.2999878	1299	""osoba2""
""osoba4""		747.0	747000	747.30005	747300	1.3000488	1300	""osoba4""
""osoba3""		749.7	749700	750.0	750000	1.2999878	1299	""osoba3""
""osoba4""		750.0	750000	760.5	760500	11.5	11500	""osoba4""
""osoba4""		752.4	752400	760.5	760500	9.099976	9099	""osoba4""
""osoba3""		752.7	752700	753.30005	753300	1.6000366	1600	""osoba3""
""osoba4""		753.9	753900	760.5	760500	7.5999756	7599	""osoba4""
""osoba4""		754.80005	754800	760.5	760500	6.699951	6699	""osoba4""
""osoba4""		759.0	759000	760.5	760500	2.5	2500	""osoba4""
""osoba2""		759.30005	759300	770.10004	770100	11.799988	11799	""osoba2""
""osoba4""		760.5	760500	760.5	760500	1.0	1000	""osoba4""
""osoba2""		761.4	761400	770.10004	770100	9.700012	9700	""osoba2""
""osoba2""		765.30005	765300	770.10004	770100	5.799988	5799	""osoba2""
""osoba2""		766.5	766500	770.10004	770100	4.6000366	4600	""osoba2""
""osoba1""		766.80005	766800	768.9	768900	3.0999756	3099	""osoba1""
""osoba3""		767.7	767700	787.50006	787500	20.800049	20800	""osoba3""
""osoba1""		768.9	768900	768.9	768900	1.0	1000	""osoba1""
""osoba2""		768.9	768900	770.10004	770100	2.2000122	2200	""osoba2""
""osoba4""		768.9	768900	770.10004	770100	2.2000122	2200	""osoba4""
""osoba3""		771.30005	771300	787.50006	787500	17.200012	17200	""osoba3""
""osoba3""		772.2	772200	787.50006	787500	16.300049	16300	""osoba3""
""osoba3""		773.7	773700	787.50006	787500	14.800049	14800	""osoba3""
""osoba1""		776.10004	776100	780.30005	780300	5.200012	5200	""osoba1""
""osoba4""		777.9	777900	777.9	777900	1.0	1000	""osoba4""
""osoba3""		778.80005	778800	787.50006	787500	9.700012	9700	""osoba3""
""osoba1""		779.10004	779100	780.30005	780300	2.2000122	2200	""osoba1""
""osoba3""		782.4	782400	787.50006	787500	6.1000366	6100	""osoba3""
""osoba2""		782.7	782700	782.7	782700	1.0	1000	""osoba2""
""osoba3""		783.60004	783600	787.50006	787500	4.9000244	4900	""osoba3""
""osoba3""		785.10004	785100	787.50006	787500	3.4000244	3400	""osoba3""
""osoba3""		787.50006	787500	787.50006	787500	1.0	1000	""osoba3""
""osoba1""		789.00006	789000	790.50006	790500	2.5	2500	""osoba1""
""osoba2""		789.00006	789000	795.60004	795600	7.5999756	7599	""osoba2""
""osoba3""		792.60004	792600	810.9	810900	19.299988	19299	""osoba3""
""osoba3""		796.50006	796500	810.9	810900	15.399963	15399	""osoba3""
""osoba4""		797.4	797400	797.7	797700	1.2999878	1299	""osoba4""
""osoba3""		798.9	798900	810.9	810900	13.0	13000	""osoba3""
""osoba3""		800.7	800700	810.9	810900	11.200012	11200	""osoba3""
""osoba2""		801.60004	801600	801.60004	801600	1.0	1000	""osoba2""
""osoba3""		802.50006	802500	810.9	810900	9.399963	9399	""osoba3""
""osoba3""		804.30005	804300	810.9	810900	7.5999756	7599	""osoba3""
""osoba3""		809.4	809400	810.9	810900	2.5	2500	""osoba3""
""osoba2""		809.7	809700	811.80005	811800	3.1000366	3100	""osoba2""
""osoba4""		811.80005	811800	820.2	820200	9.399963	9399	""osoba4""
""osoba4""		814.50006	814500	820.2	820200	6.699951	6699	""osoba4""
""osoba4""		815.10004	815100	820.2	820200	6.0999756	6099	""osoba4""
""osoba4""		818.10004	818100	820.2	820200	3.0999756	3099	""osoba4""
""osoba4""		818.7	818700	820.2	820200	2.5	2500	""osoba4""
""osoba4""		819.60004	819600	820.2	820200	1.5999756	1599	""osoba4""
""osoba1""		820.2	820200	822.9	822900	3.7000122	3700	""osoba1""
""osoba4""		820.2	820200	820.2	820200	1.0	1000	""osoba4""
""osoba3""		820.50006	820500	840.30005	840300	20.799988	20799	""osoba3""
""osoba3""		828.00006	828000	840.30005	840300	13.299988	13299	""osoba3""
""osoba3""		828.60004	828600	840.30005	840300	12.700012	12700	""osoba3""
""osoba3""		829.80005	829800	840.30005	840300	11.5	11500	""osoba3""
""osoba3""		831.30005	831300	840.30005	840300	10.0	10000	""osoba3""
""osoba3""		831.9	831900	840.30005	840300	9.400024	9400	""osoba3""
""osoba3""		833.7	833700	840.30005	840300	7.6000366	7600	""osoba3""
""osoba3""		834.30005	834300	840.30005	840300	7.0	7000	""osoba3""
""osoba3""		835.50006	835500	840.30005	840300	5.799988	5799	""osoba3""
""osoba4""		836.7	836700	837.00006	837000	1.3000488	1300	""osoba4""
""osoba2""		839.4	839400	844.2	844200	5.799988	5799	""osoba2""
""osoba1""		840.00006	840000	840.00006	840000	1.0	1000	""osoba1""
""osoba2""		841.50006	841500	844.2	844200	3.6999512	3699	""osoba2""
""osoba2""		843.60004	843600	844.2	844200	1.5999756	1599	""osoba2""
""osoba3""		844.2	844200	848.4	848400	5.200012	5200	""osoba3""
""osoba3""		845.10004	845100	848.4	848400	4.299988	4299	""osoba3""
""osoba3""		845.7	845700	848.4	848400	3.7000122	3700	""osoba3""
""osoba3""		846.60004	846600	848.4	848400	2.7999878	2799	""osoba3""
""osoba1""		847.80005	847800	857.7	857700	10.899963	10899	""osoba1""
""osoba1""		850.50006	850500	857.7	857700	8.199951	8199	""osoba1""
""osoba1""		852.00006	852000	857.7	857700	6.699951	6699	""osoba1""
""osoba1""		853.2	853200	857.7	857700	5.5	5500	""osoba1""
""osoba1""		854.7	854700	857.7	857700	4.0	4000	""osoba1""
""osoba1""		855.9	855900	857.7	857700	2.7999878	2799	""osoba1""
""osoba4""		855.9	855900	859.80005	859800	4.9000244	4900	""osoba4""
""osoba4""		858.00006	858000	859.80005	859800	2.7999878	2799	""osoba4""
""osoba2""		860.10004	860100	867.60004	867600	8.5	8500	""osoba2""
""osoba2""		861.30005	861300	867.60004	867600	7.299988	7299	""osoba2""
""osoba2""		861.9	861900	867.60004	867600	6.700012	6700	""osoba2""
""osoba2""		865.80005	865800	867.60004	867600	2.7999878	2799	""osoba2""
""osoba2""		866.4	866400	867.60004	867600	2.2000122	2200	""osoba2""
""osoba4""		867.9	867900	876.60004	876600	9.700012	9700	""osoba4""
""osoba4""		869.4	869400	876.60004	876600	8.200012	8200	""osoba4""
""osoba1""		870.60004	870600	870.60004	870600	1.0	1000	""osoba1""
""osoba4""		871.2	871200	876.60004	876600	6.4000244	6400	""osoba4""
""osoba1""		874.80005	874800	876.60004	876600	2.7999878	2799	""osoba1""
""osoba4""		874.80005	874800	876.60004	876600	2.7999878	2799	""osoba4""
""osoba3""		876.60004	876600	883.2	883200	7.5999756	7599	""osoba3""
""osoba3""		878.4	878400	883.2	883200	5.799988	5799	""osoba3""
""osoba4""		879.60004	879600	880.50006	880500	1.9000244	1900	""osoba4""
""osoba3""		882.00006	882000	883.2	883200	2.1999512	2199	""osoba3""
""osoba1""		882.60004	882600	883.2	883200	1.5999756	1599	""osoba1""
""osoba4""		883.80005	883800	896.10004	896100	13.299988	13299	""osoba4""
""osoba4""		884.4	884400	896.10004	896100	12.700012	12700	""osoba4""
""osoba3""		886.2	886200	886.2	886200	1.0	1000	""osoba3""
""osoba4""		886.80005	886800	896.10004	896100	10.299988	10299	""osoba4""
""osoba3""		892.2	892200	892.50006	892500	1.3000488	1300	""osoba3""
""osoba4""		894.60004	894600	896.10004	896100	2.5	2500	""osoba4""
""osoba4""		895.2	895200	896.10004	896100	1.9000244	1900	""osoba4""
""osoba2""		896.4	896400	896.4	896400	1.0	1000	""osoba2""
""osoba3""		896.7	896700	914.7	914700	19.0	19000	""osoba3""
""osoba3""		898.80005	898800	914.7	914700	16.899963	16899	""osoba3""
""osoba2""		899.10004	899100	901.80005	901800	3.7000122	3700	""osoba2""
""osoba2""		901.80005	901800	901.80005	901800	1.0	1000	""osoba2""
""osoba3""		902.4	902400	914.7	914700	13.299988	13299	""osoba3""
""osoba3""		904.2	904200	914.7	914700	11.5	11500	""osoba3""
""osoba3""		906.30005	906300	914.7	914700	9.399963	9399	""osoba3""
""osoba3""		906.9	906900	914.7	914700	8.799988	8799	""osoba3""
""osoba4""		907.80005	907800	911.10004	911100	4.299988	4299	""osoba4""
""osoba3""		913.2	913200	914.7	914700	2.5	2500	""osoba3""
""osoba4""		913.50006	913500	926.7	926700	14.199951	14199	""osoba4""
""osoba2""		915.9	915900	915.9	915900	1.0	1000	""osoba2""
""osoba4""		915.9	915900	926.7	926700	11.799988	11799	""osoba4""
""osoba4""		918.9	918900	926.7	926700	8.799988	8799	""osoba4""
""osoba4""		924.30005	924300	926.7	926700	3.3999634	3399	""osoba4""
""osoba1""		926.4	926400	928.80005	928800	3.4000244	3400	""osoba1""
""osoba1""		927.9	927900	928.80005	928800	1.9000244	1900	""osoba1""
""osoba1""		928.50006	928500	928.80005	928800	1.2999878	1299	""osoba1""
""osoba4""		928.80005	928800	950.7	950700	22.899963	22899	""osoba4""
""osoba4""		931.2	931200	950.7	950700	20.5	20500	""osoba4""
""osoba4""		931.80005	931800	950.7	950700	19.899963	19899	""osoba4""
""osoba1""		932.7	932700	932.7	932700	1.0	1000	""osoba1""
""osoba2""		932.7	932700	932.7	932700	1.0	1000	""osoba2""
""osoba4""		934.80005	934800	950.7	950700	16.899963	16899	""osoba4""
""osoba4""		939.30005	939300	950.7	950700	12.399963	12399	""osoba4""
""osoba4""		941.10004	941100	950.7	950700	10.599976	10599	""osoba4""
""osoba4""		942.60004	942600	950.7	950700	9.099976	9099	""osoba4""
""osoba4""		944.10004	944100	950.7	950700	7.5999756	7599	""osoba4""
""osoba4""		946.2	946200	950.7	950700	5.5	5500	""osoba4""
""osoba4""		948.60004	948600	950.7	950700	3.0999756	3099	""osoba4""
""osoba3""		950.10004	950100	953.7	953700	4.5999756	4599	""osoba3""
""osoba3""		952.50006	952500	953.7	953700	2.1999512	2199	""osoba3""
""osoba4""		953.4	953400	957.9	957900	5.5	5500	""osoba4""
""osoba4""		954.9	954900	957.9	957900	4.0	4000	""osoba4""
""osoba1""		955.50006	955500	963.30005	963300	8.799988	8799	""osoba1""
""osoba1""		956.4	956400	963.30005	963300	7.9000244	7900	""osoba1""
""osoba4""		956.4	956400	957.9	957900	2.5	2500	""osoba4""
""osoba2""		956.7	956700	957.00006	957000	1.3000488	1300	""osoba2""
""osoba3""		957.00006	957000	957.60004	957600	1.5999756	1599	""osoba3""
""osoba1""		958.80005	958800	963.30005	963300	5.5	5500	""osoba1""
""osoba1""		959.7	959700	963.30005	963300	4.6000366	4600	""osoba1""
""osoba4""		960.60004	960600	964.50006	964500	4.9000244	4900	""osoba4""
""osoba2""		960.9	960900	960.9	960900	1.0	1000	""osoba2""
""osoba4""		962.10004	962100	964.50006	964500	3.4000244	3400	""osoba4""
""osoba4""		963.30005	963300	964.50006	964500	2.2000122	2200	""osoba4""
""osoba2""		964.2	964200	977.10004	977100	13.900024	13900	""osoba2""
""osoba2""		965.7	965700	977.10004	977100	12.400024	12400	""osoba2""
""osoba3""		966.00006	966000	968.10004	968100	3.0999756	3099	""osoba3""
""osoba2""		971.4	971400	977.10004	977100	6.700012	6700	""osoba2""
""osoba4""		972.9	972900	972.9	972900	1.0	1000	""osoba4""
""osoba3""		973.50006	973500	973.80005	973800	1.2999878	1299	""osoba3""
""osoba2""		974.4	974400	977.10004	977100	3.7000122	3700	""osoba2""
""osoba2""		975.60004	975600	977.10004	977100	2.5	2500	""osoba2""
""osoba4""		976.50006	976500	1021.50006	1021500	46.0	46000	""osoba4""
""osoba4""		978.00006	978000	1021.50006	1021500	44.5	44500	""osoba4""
""osoba4""		980.4	980400	1021.50006	1021500	42.100037	42100	""osoba4""
""osoba4""		982.2	982200	1021.50006	1021500	40.30005	40300	""osoba4""
""osoba2""		982.80005	982800	984.9	984900	3.0999756	3099	""osoba2""
""osoba1""		989.4	989400	990.30005	990300	1.9000244	1900	""osoba1""
""osoba4""		989.7	989700	1021.50006	1021500	32.80005	32800	""osoba4""
""osoba2""		991.2	991200	991.50006	991500	1.3000488	1300	""osoba2""
""osoba4""		991.50006	991500	1021.50006	1021500	31.0	31000	""osoba4""
""osoba4""		992.4	992400	1021.50006	1021500	30.100037	30100	""osoba4""
""osoba2""		994.2	994200	1001.10004	1001100	7.9000244	7900	""osoba2""
""osoba4""		996.00006	996000	1021.50006	1021500	26.5	26500	""osoba4""
""osoba2""		999.9	999900	1001.10004	1001100	2.2000122	2200	""osoba2""
""osoba3""		1000.50006	1000500	1002.30005	1002300	2.7999878	2799	""osoba3""
""osoba1""		1001.4	1001400	1003.2	1003200	2.7999878	2799	""osoba1""
""osoba3""		1002.30005	1002300	1002.30005	1002300	1.0	1000	""osoba3""
""osoba4""		1002.9	1002900	1021.50006	1021500	19.600037	19600	""osoba4""
""osoba3""		1005.30005	1005300	1007.10004	1007100	2.7999878	2799	""osoba3""
""osoba4""		1008.9	1008900	1021.50006	1021500	13.600037	13600	""osoba4""
""osoba4""		1009.50006	1009500	1021.50006	1021500	13.0	13000	""osoba4""
""osoba4""		1010.10004	1010100	1021.50006	1021500	12.400024	12400	""osoba4""
""osoba1""		1011.9	1011900	1011.9	1011900	1.0	1000	""osoba1""
""osoba1""		1014.00006	1014000	1014.00006	1014000	1.0	1000	""osoba1""
""osoba4""		1014.30005	1014300	1021.50006	1021500	8.200012	8200	""osoba4""
""osoba1""		1016.10004	1016100	1018.80005	1018800	3.7000122	3700	""osoba1""
""osoba3""		1017.00006	1017000	1021.80005	1021800	5.799988	5799	""osoba3""
""osoba1""		1017.60004	1017600	1018.80005	1018800	2.2000122	2200	""osoba1""
""osoba4""		1017.60004	1017600	1021.50006	1021500	4.9000244	4900	""osoba4""
""osoba3""		1018.50006	1018500	1021.80005	1021800	4.299988	4299	""osoba3""
""osoba3""		1021.2	1021200	1021.80005	1021800	1.6000366	1600	""osoba3""
""osoba1""		1021.80005	1021800	1025.7001	1025700	4.9000244	4900	""osoba1""
""osoba1""		1025.4	1025400	1025.7001	1025700	1.3000488	1300	""osoba1""
""osoba2""		1025.4	1025400	1035.9	1035900	11.5	11500	""osoba2""
""osoba2""		1026.3	1026300	1035.9	1035900	10.599976	10599	""osoba2""
""osoba2""		1029.3	1029300	1035.9	1035900	7.5999756	7599	""osoba2""
""osoba1""		1032.6001	1032600	1039.5	1039500	7.8999023	7899	""osoba1""
""osoba2""		1032.9	1032900	1035.9	1035900	4.0	4000	""osoba2""
""osoba2""		1034.4	1034400	1035.9	1035900	2.5	2500	""osoba2""
""osoba1""		1037.1001	1037100	1039.5	1039500	3.3999023	3399	""osoba1""
""osoba3""		1039.5	1039500	1051.8	1051800	13.300049	13300	""osoba3""
""osoba3""		1040.7001	1040700	1051.8	1051800	12.099976	12099	""osoba3""
""osoba3""		1041.3	1041300	1051.8	1051800	11.5	11500	""osoba3""
""osoba2""		1041.9	1041900	1043.4	1043400	2.5	2500	""osoba2""
""osoba2""		1043.4	1043400	1043.4	1043400	1.0	1000	""osoba2""
""osoba3""		1044.6001	1044600	1051.8	1051800	8.199951	8199	""osoba3""
""osoba3""		1045.5	1045500	1051.8	1051800	7.300049	7300	""osoba3""
""osoba4""		1046.4	1046400	1048.5	1048500	3.0999756	3099	""osoba4""
""osoba2""		1050.3	1050300	1050.3	1050300	1.0	1000	""osoba2""
""osoba3""		1050.3	1050300	1051.8	1051800	2.5	2500	""osoba3""
""osoba3""		1050.9	1050900	1051.8	1051800	1.9000244	1900	""osoba3""
""osoba3""		1051.5	1051500	1051.8	1051800	1.3000488	1300	""osoba3""
""osoba4""		1051.5	1051500	1062.9	1062900	12.400024	12400	""osoba4""
""osoba4""		1053.6001	1053600	1062.9	1062900	10.299927	10299	""osoba4""
""osoba4""		1056.9	1056900	1062.9	1062900	7.0	7000	""osoba4""
""osoba2""		1058.7001	1058700	1061.1001	1061100	3.4000244	3400	""osoba2""
""osoba4""		1058.7001	1058700	1062.9	1062900	5.199951	5199	""osoba4""
""osoba2""		1059.3	1059300	1061.1001	1061100	2.8000488	2800	""osoba2""
""osoba4""		1059.3	1059300	1062.9	1062900	4.5999756	4599	""osoba4""
""osoba4""		1062.0	1062000	1062.9	1062900	1.9000244	1900	""osoba4""
""osoba3""		1062.6001	1062600	1083.9	1083900	22.299927	22299	""osoba3""
""osoba3""		1064.1001	1064100	1083.9	1083900	20.799927	20799	""osoba3""
""osoba4""		1068.3	1068300	1068.3	1068300	1.0	1000	""osoba4""
""osoba1""		1069.2001	1069200	1069.5	1069500	1.2999268	1299	""osoba1""
""osoba3""		1071.3	1071300	1083.9	1083900	13.599976	13599	""osoba3""
""osoba3""		1074.9	1074900	1083.9	1083900	10.0	10000	""osoba3""
""osoba3""		1076.7001	1076700	1083.9	1083900	8.199951	8199	""osoba3""
""osoba3""		1077.6001	1077600	1083.9	1083900	7.2999268	7299	""osoba3""
""osoba2""		1078.2001	1078200	1089.3	1089300	12.099976	12099	""osoba2""
""osoba3""		1079.4	1079400	1083.9	1083900	5.5	5500	""osoba3""
""osoba2""		1079.7001	1079700	1089.3	1089300	10.599976	10599	""osoba2""
""osoba2""		1086.0	1086000	1089.3	1089300	4.300049	4300	""osoba2""
""osoba4""		1086.3	1086300	1086.9	1086900	1.5999756	1599	""osoba4""
""osoba2""		1088.1001	1088100	1089.3	1089300	2.1999512	2199	""osoba2""
""osoba1""		1089.0	1089000	1090.2001	1090200	2.2000732	2200	""osoba1""
""osoba3""		1090.2001	1090200	1094.4	1094400	5.199951	5199	""osoba3""
""osoba3""		1092.0	1092000	1094.4	1094400	3.4000244	3400	""osoba3""
""osoba3""		1093.8	1093800	1094.4	1094400	1.5999756	1599	""osoba3""
""osoba4""		1094.7001	1094700	1097.1001	1097100	3.4000244	3400	""osoba4""
""osoba2""		1095.0	1095000	1118.7001	1118700	24.700073	24700	""osoba2""
""osoba4""		1096.8	1096800	1097.1001	1097100	1.3000488	1300	""osoba4""
""osoba2""		1098.9	1098900	1118.7001	1118700	20.800049	20800	""osoba2""
""osoba2""		1100.7001	1100700	1118.7001	1118700	19.0	19000	""osoba2""
""osoba2""		1104.9	1104900	1118.7001	1118700	14.800049	14800	""osoba2""
""osoba1""		1105.5	1105500	1105.8	1105800	1.3000488	1300	""osoba1""
""osoba4""		1106.7001	1106700	1106.7001	1106700	1.0	1000	""osoba4""
""osoba4""		1109.4	1109400	1109.7001	1109700	1.3000488	1300	""osoba4""
""osoba2""		1110.9	1110900	1118.7001	1118700	8.800049	8800	""osoba2""
""osoba2""		1112.7001	1112700	1118.7001	1118700	7.0	7000	""osoba2""
""osoba2""		1115.4	1115400	1118.7001	1118700	4.300049	4300	""osoba2""
""osoba2""		1116.0	1116000	1118.7001	1118700	3.7000732	3700	""osoba2""
""osoba2""		1116.6001	1116600	1118.7001	1118700	3.0999756	3099	""osoba2""
""osoba3""		1118.4	1118400	1121.1001	1121100	3.7000732	3700	""osoba3""
""osoba1""		1118.7001	1118700	1119.3	1119300	1.5999756	1599	""osoba1""
""osoba1""		1119.3	1119300	1119.3	1119300	1.0	1000	""osoba1""
""osoba3""		1119.9	1119900	1121.1001	1121100	2.2000732	2200	""osoba3""
""osoba4""		1120.2001	1120200	1131.0	1131000	11.799927	11799	""osoba4""
""osoba4""		1122.0	1122000	1131.0	1131000	10.0	10000	""osoba4""
""osoba1""		1123.5	1123500	1124.7001	1124700	2.2000732	2200	""osoba1""
""osoba4""		1126.5	1126500	1131.0	1131000	5.5	5500	""osoba4""
""osoba3""		1127.7001	1127700	1128.6001	1128600	1.9000244	1900	""osoba3""
""osoba4""		1129.8	1129800	1131.0	1131000	2.1999512	2199	""osoba4""
""osoba2""		1131.3	1131300	1134.0	1134000	3.6999512	3699	""osoba2""
""osoba2""		1133.7001	1133700	1134.0	1134000	1.2999268	1299	""osoba2""
""osoba1""		1134.0	1134000	1134.9	1134900	1.9000244	1900	""osoba1""
""osoba3""		1134.3	1134300	1145.1001	1145100	11.800049	11800	""osoba3""
""osoba4""		1134.3	1134300	1135.5	1135500	2.1999512	2199	""osoba4""
""osoba3""		1136.7001	1136700	1145.1001	1145100	9.400024	9400	""osoba3""
""osoba3""		1137.6001	1137600	1145.1001	1145100	8.5	8500	""osoba3""
""osoba3""		1138.8	1138800	1145.1001	1145100	7.300049	7300	""osoba3""
""osoba3""		1139.7001	1139700	1145.1001	1145100	6.4000244	6400	""osoba3""
""osoba3""		1140.3	1140300	1145.1001	1145100	5.800049	5800	""osoba3""
""osoba3""		1142.4	1142400	1145.1001	1145100	3.7000732	3700	""osoba3""
""osoba4""		1143.6001	1143600	1152.0	1152000	9.399902	9399	""osoba4""
""osoba4""		1146.0	1146000	1152.0	1152000	7.0	7000	""osoba4""
""osoba4""		1146.6001	1146600	1152.0	1152000	6.3999023	6399	""osoba4""
""osoba4""		1147.5	1147500	1152.0	1152000	5.5	5500	""osoba4""
""osoba3""		1148.4	1148400	1150.2001	1150200	2.8000488	2800	""osoba3""
""osoba2""		1150.2001	1150200	1150.5	1150500	1.2999268	1299	""osoba2""
""osoba3""		1152.3	1152300	1160.1001	1160100	8.800049	8800	""osoba3""
""osoba3""		1152.9	1152900	1160.1001	1160100	8.200073	8200	""osoba3""
""osoba3""		1155.6001	1155600	1160.1001	1160100	5.5	5500	""osoba3""
""osoba1""		1158.0	1158000	1158.0	1158000	1.0	1000	""osoba1""
""osoba3""		1158.0	1158000	1160.1001	1160100	3.1000977	3100	""osoba3""
""osoba4""		1160.1001	1160100	1170.9	1170900	11.799927	11799	""osoba4""
""osoba4""		1162.5	1162500	1170.9	1170900	9.400024	9400	""osoba4""
""osoba4""		1163.1001	1163100	1170.9	1170900	8.799927	8799	""osoba4""
""osoba2""		1164.3	1164300	1165.8	1165800	2.5	2500	""osoba2""
""osoba4""		1164.6001	1164600	1170.9	1170900	7.2999268	7299	""osoba4""
""osoba4""		1167.6001	1167600	1170.9	1170900	4.2999268	4299	""osoba4""
""osoba4""		1168.5	1168500	1170.9	1170900	3.4000244	3400	""osoba4""
""osoba4""		1169.4	1169400	1170.9	1170900	2.5	2500	""osoba4""
""osoba2""		1170.6001	1170600	1175.7001	1175700	6.0999756	6099	""osoba2""
""osoba2""		1173.6001	1173600	1175.7001	1175700	3.0999756	3099	""osoba2""
""osoba2""		1174.2001	1174200	1175.7001	1175700	2.5	2500	""osoba2""
""osoba3""		1175.7001	1175700	1181.1001	1181100	6.4000244	6400	""osoba3""
""osoba3""		1177.5	1177500	1181.1001	1181100	4.6000977	4600	""osoba3""
""osoba3""		1180.2001	1180200	1181.1001	1181100	1.9000244	1900	""osoba3""
""osoba2""		1181.1001	1181100	1187.1001	1187100	7.0	7000	""osoba2""
""osoba2""		1185.6001	1185600	1187.1001	1187100	2.5	2500	""osoba2""
""osoba3""		1187.1001	1187100	1201.2001	1201200	15.099976	15099	""osoba3""
""osoba1""		1191.9	1191900	1193.4	1193400	2.5	2500	""osoba1""
""osoba4""		1194.3	1194300	1194.3	1194300	1.0	1000	""osoba4""
""osoba3""		1194.6001	1194600	1201.2001	1201200	7.5999756	7599	""osoba3""
""osoba3""		1195.2001	1195200	1201.2001	1201200	7.0	7000	""osoba3""
""osoba3""		1195.8	1195800	1201.2001	1201200	6.4000244	6400	""osoba3""
""osoba3""		1196.7001	1196700	1201.2001	1201200	5.5	5500	""osoba3""
""osoba2""		1197.6001	1197600	1197.6001	1197600	1.0	1000	""osoba2""
""osoba3""		1198.5	1198500	1201.2001	1201200	3.7000732	3700	""osoba3""
""osoba3""		1199.1001	1199100	1201.2001	1201200	3.0999756	3099	""osoba3""
""osoba3""		1200.0	1200000	1201.2001	1201200	2.2000732	2200	""osoba3""
""osoba2""		1200.6001	1200600	1206.0	1206000	6.3999023	6399	""osoba2""
""osoba3""		1201.2001	1201200	1201.2001	1201200	1.0	1000	""osoba3""
""osoba2""		1202.1001	1202100	1206.0	1206000	4.8999023	4899	""osoba2""
""osoba2""		1202.7001	1202700	1206.0	1206000	4.2999268	4299	""osoba2""
""osoba2""		1205.1001	1205100	1206.0	1206000	1.8999023	1899	""osoba2""
""osoba3""		1205.1001	1205100	1212.3	1212300	8.199951	8199	""osoba3""
""osoba3""		1206.9	1206900	1212.3	1212300	6.4000244	6400	""osoba3""
""osoba3""		1208.1001	1208100	1212.3	1212300	5.199951	5199	""osoba3""
""osoba4""		1208.4	1208400	1209.3	1209300	1.9000244	1900	""osoba4""
""osoba2""		1210.8	1210800	1215.6001	1215600	5.800049	5800	""osoba2""
""osoba2""		1211.4	1211400	1215.6001	1215600	5.2000732	5200	""osoba2""
""osoba3""		1212.0	1212000	1212.3	1212300	1.3000488	1300	""osoba3""
""osoba3""		1214.7001	1214700	1214.7001	1214700	1.0	1000	""osoba3""
""osoba4""		1214.7001	1214700	1218.9	1218900	5.199951	5199	""osoba4""
""osoba3""		1217.7001	1217700	1222.8	1222800	6.0999756	6099	""osoba3""
""osoba2""		1219.8	1219800	1221.3	1221300	2.5	2500	""osoba2""
""osoba3""		1220.4	1220400	1222.8	1222800	3.4000244	3400	""osoba3""
""osoba2""		1220.7001	1220700	1221.3	1221300	1.5999756	1599	""osoba2""
""osoba1""		1223.1001	1223100	1229.1001	1229100	7.0	7000	""osoba1""
""osoba1""		1225.5	1225500	1229.1001	1229100	4.6000977	4600	""osoba1""
""osoba1""		1226.7001	1226700	1229.1001	1229100	3.4000244	3400	""osoba1""
""osoba1""		1228.2001	1228200	1229.1001	1229100	1.9000244	1900	""osoba1""
""osoba3""		1228.8	1228800	1229.1001	1229100	1.3000488	1300	""osoba3""
""osoba4""		1228.8	1228800	1235.4	1235400	7.5999756	7599	""osoba4""
""osoba3""		1232.4	1232400	1242.9	1242900	11.5	11500	""osoba3""
""osoba4""		1232.4	1232400	1235.4	1235400	4.0	4000	""osoba4""
""osoba3""		1236.3	1236300	1242.9	1242900	7.5999756	7599	""osoba3""
""osoba1""		1238.7001	1238700	1239.0	1239000	1.2999268	1299	""osoba1""
""osoba2""		1241.4	1241400	1253.4	1253400	13.0	13000	""osoba2""
""osoba3""		1242.6001	1242600	1242.9	1242900	1.2999268	1299	""osoba3""
""osoba2""		1244.1001	1244100	1253.4	1253400	10.299927	10299	""osoba2""
""osoba2""		1246.8	1246800	1253.4	1253400	7.5999756	7599	""osoba2""
""osoba3""		1247.7001	1247700	1248.3	1248300	1.5999756	1599	""osoba3""
""osoba1""		1248.0	1248000	1249.5	1249500	2.5	2500	""osoba1""
""osoba1""		1249.2001	1249200	1249.5	1249500	1.2999268	1299	""osoba1""
""osoba2""		1251.6001	1251600	1253.4	1253400	2.7999268	2799	""osoba2""
""osoba3""		1251.9	1251900	1259.1001	1259100	8.200073	8200	""osoba3""
""osoba2""		1253.4	1253400	1253.4	1253400	1.0	1000	""osoba2""
""osoba3""		1254.6001	1254600	1259.1001	1259100	5.5	5500	""osoba3""
""osoba3""		1258.2001	1258200	1259.1001	1259100	1.9000244	1900	""osoba3""
""osoba1""		1259.1001	1259100	1266.9	1266900	8.799927	8799	""osoba1""
""osoba1""		1260.6001	1260600	1266.9	1266900	7.2999268	7299	""osoba1""
""osoba1""		1263.9	1263900	1266.9	1266900	4.0	4000	""osoba1""
""osoba3""		1264.2001	1264200	1264.2001	1264200	1.0	1000	""osoba3""
""osoba1""		1265.7001	1265700	1266.9	1266900	2.1999512	2199	""osoba1""
""osoba3""		1267.5	1267500	1276.5	1276500	10.0	10000	""osoba3""
""osoba4""		1268.7001	1268700	1268.7001	1268700	1.0	1000	""osoba4""
""osoba3""		1269.6001	1269600	1276.5	1276500	7.8999023	7899	""osoba3""
""osoba3""		1270.8	1270800	1276.5	1276500	6.699951	6699	""osoba3""
""osoba3""		1273.5	1273500	1276.5	1276500	4.0	4000	""osoba3""
""osoba4""		1273.8	1273800	1273.8	1273800	1.0	1000	""osoba4""
""osoba3""		1276.2001	1276200	1276.5	1276500	1.2999268	1299	""osoba3""
""osoba1""		1276.5	1276500	1289.7001	1289700	14.200073	14200	""osoba1""
""osoba1""		1280.4	1280400	1289.7001	1289700	10.300049	10300	""osoba1""
""osoba1""		1283.7001	1283700	1289.7001	1289700	7.0	7000	""osoba1""
""osoba3""		1285.5	1285500	1298.7001	1298700	14.200073	14200	""osoba3""
""osoba4""		1287.0	1287000	1288.2001	1288200	2.2000732	2200	""osoba4""
""osoba1""		1287.3	1287300	1289.7001	1289700	3.4000244	3400	""osoba1""
""osoba1""		1289.1001	1289100	1289.7001	1289700	1.5999756	1599	""osoba1""
""osoba3""		1292.7001	1292700	1298.7001	1298700	7.0	7000	""osoba3""
""osoba3""		1293.9	1293900	1298.7001	1298700	5.800049	5800	""osoba3""
""osoba3""		1294.5	1294500	1298.7001	1298700	5.2000732	5200	""osoba3""
""osoba1""		1296.9	1296900	1299.3	1299300	3.4000244	3400	""osoba1""
""osoba1""		1298.4	1298400	1299.3	1299300	1.9000244	1900	""osoba1""
""osoba4""		1299.0	1299000	1308.6001	1308600	10.600098	10600	""osoba4""
""osoba4""		1300.2001	1300200	1308.6001	1308600	9.400024	9400	""osoba4""
""osoba4""		1300.8	1300800	1308.6001	1308600	8.800049	8800	""osoba4""
""osoba1""		1301.4	1301400	1302.3	1302300	1.9000244	1900	""osoba1""
""osoba4""		1304.4	1304400	1308.6001	1308600	5.2000732	5200	""osoba4""
""osoba4""		1305.3	1305300	1308.6001	1308600	4.300049	4300	""osoba4""
""osoba4""		1307.7001	1307700	1308.6001	1308600	1.9000244	1900	""osoba4""
""osoba2""		1308.6001	1308600	1313.4	1313400	5.7999268	5799	""osoba2""
""osoba2""		1310.4	1310400	1313.4	1313400	4.0	4000	""osoba2""
""osoba4""		1310.7001	1310700	1310.7001	1310700	1.0	1000	""osoba4""
""osoba2""		1311.3	1311300	1313.4	1313400	3.0999756	3099	""osoba2""
""osoba1""		1312.5	1312500	1326.6001	1326600	15.100098	15100	""osoba1""
""osoba3""		1312.5	1312500	1316.7001	1316700	5.2000732	5200	""osoba3""
""osoba1""		1321.8	1321800	1326.6001	1326600	5.800049	5800	""osoba1""
""osoba3""		1326.0	1326000	1330.8	1330800	5.800049	5800	""osoba3""
""osoba3""		1328.4	1328400	1330.8	1330800	3.4000244	3400	""osoba3""
""osoba3""		1329.0	1329000	1330.8	1330800	2.8000488	2800	""osoba3""
""osoba4""		1330.2001	1330200	1336.5	1336500	7.2999268	7299	""osoba4""
""osoba2""		1331.1001	1331100	1332.0	1332000	1.8999023	1899	""osoba2""
""osoba1""		1334.1001	1334100	1334.4	1334400	1.2999268	1299	""osoba1""
""osoba2""		1335.3	1335300	1345.8	1345800	11.5	11500	""osoba2""
""osoba2""		1339.2001	1339200	1345.8	1345800	7.5999756	7599	""osoba2""
""osoba4""		1340.1001	1340100	1343.7001	1343700	4.5999756	4599	""osoba4""
""osoba2""		1341.6001	1341600	1345.8	1345800	5.199951	5199	""osoba2""
""osoba4""		1341.9	1341900	1343.7001	1343700	2.8000488	2800	""osoba4""
""osoba4""		1342.8	1342800	1343.7001	1343700	1.9000244	1900	""osoba4""
""osoba2""		1343.1001	1343100	1345.8	1345800	3.6999512	3699	""osoba2""
""osoba3""		1345.8	1345800	1348.2001	1348200	3.4000244	3400	""osoba3""
""osoba3""		1347.3	1347300	1348.2001	1348200	1.9000244	1900	""osoba3""
""osoba1""		1347.6001	1347600	1348.8	1348800	2.1999512	2199	""osoba1""
""osoba2""		1348.8	1348800	1350.0	1350000	2.1999512	2199	""osoba2""
""osoba3""		1350.3	1350300	1357.8	1357800	8.5	8500	""osoba3""
""osoba3""		1351.5	1351500	1357.8	1357800	7.300049	7300	""osoba3""
""osoba3""		1352.7001	1352700	1357.8	1357800	6.0999756	6099	""osoba3""
""osoba3""		1354.2001	1354200	1357.8	1357800	4.5999756	4599	""osoba3""
""osoba1""		1354.8	1354800	1356.3	1356300	2.5	2500	""osoba1""
""osoba2""		1357.5	1357500	1360.2001	1360200	3.7000732	3700	""osoba2""
""osoba2""		1358.7001	1358700	1360.2001	1360200	2.5	2500	""osoba2""
""osoba4""		1359.3	1359300	1363.5	1363500	5.199951	5199	""osoba4""
""osoba4""		1362.6001	1362600	1363.5	1363500	1.8999023	1899	""osoba4""
""osoba3""		1363.8	1363800	1367.4	1367400	4.5999756	4599	""osoba3""
""osoba2""		1364.4	1364400	1365.6001	1365600	2.2000732	2200	""osoba2""
""osoba1""		1366.2001	1366200	1366.8	1366800	1.5999756	1599	""osoba1""
""osoba4""		1366.8	1366800	1373.4	1373400	7.5999756	7599	""osoba4""
""osoba4""		1368.6001	1368600	1373.4	1373400	5.7999268	5799	""osoba4""
""osoba4""		1369.8	1369800	1373.4	1373400	4.5999756	4599	""osoba4""
""osoba3""		1370.4	1370400	1370.4	1370400	1.0	1000	""osoba3""
""osoba4""		1371.0	1371000	1373.4	1373400	3.4000244	3400	""osoba4""
""osoba3""		1372.8	1372800	1392.3	1392300	20.5	20500	""osoba3""
""osoba3""		1374.9	1374900	1392.3	1392300	18.400024	18400	""osoba3""
""osoba3""		1377.0	1377000	1392.3	1392300	16.300049	16300	""osoba3""
""osoba4""		1379.1001	1379100	1379.1001	1379100	1.0	1000	""osoba4""
""osoba3""		1379.4	1379400	1392.3	1392300	13.900024	13900	""osoba3""
""osoba3""		1380.6001	1380600	1392.3	1392300	12.699951	12699	""osoba3""
""osoba2""		1382.7001	1382700	1382.7001	1382700	1.0	1000	""osoba2""
""osoba3""		1383.6001	1383600	1392.3	1392300	9.699951	9699	""osoba3""
""osoba3""		1384.2001	1384200	1392.3	1392300	9.099976	9099	""osoba3""
""osoba3""		1386.0	1386000	1392.3	1392300	7.300049	7300	""osoba3""
""osoba3""		1388.1001	1388100	1392.3	1392300	5.199951	5199	""osoba3""
""osoba2""		1388.4	1388400	1390.2001	1390200	2.8000488	2800	""osoba2""
""osoba2""		1390.2001	1390200	1390.2001	1390200	1.0	1000	""osoba2""
""osoba4""		1390.5	1390500	1394.7001	1394700	5.2000732	5200	""osoba4""
""osoba1""		1392.6001	1392600	1396.8	1396800	5.199951	5199	""osoba1""
""osoba2""		1393.5	1393500	1394.4	1394400	1.9000244	1900	""osoba2""
""osoba4""		1394.1001	1394100	1394.7001	1394700	1.5999756	1599	""osoba4""
""osoba1""		1395.3	1395300	1396.8	1396800	2.5	2500	""osoba1""
""osoba3""		1395.3	1395300	1407.0	1407000	12.699951	12699	""osoba3""
""osoba3""		1398.6001	1398600	1407.0	1407000	9.399902	9399	""osoba3""
""osoba3""		1399.5	1399500	1407.0	1407000	8.5	8500	""osoba3""
""osoba3""		1402.2001	1402200	1407.0	1407000	5.7999268	5799	""osoba3""
""osoba4""		1404.0	1404000	1411.5	1411500	8.5	8500	""osoba4""
""osoba4""		1406.1001	1406100	1411.5	1411500	6.3999023	6399	""osoba4""
""osoba4""		1408.5	1408500	1411.5	1411500	4.0	4000	""osoba4""
""osoba2""		1411.5	1411500	1413.9	1413900	3.4000244	3400	""osoba2""
""osoba4""		1411.5	1411500	1411.5	1411500	1.0	1000	""osoba4""
""osoba1""		1412.7001	1412700	1413.6001	1413600	1.9000244	1900	""osoba1""
""osoba2""		1413.0	1413000	1413.9	1413900	1.9000244	1900	""osoba2""
""osoba3""		1413.9	1413900	1418.7001	1418700	5.800049	5800	""osoba3""
""osoba3""		1415.1001	1415100	1418.7001	1418700	4.5999756	4599	""osoba3""
""osoba2""		1416.0	1416000	1416.6001	1416600	1.6000977	1600	""osoba2""
""osoba3""		1417.5	1417500	1418.7001	1418700	2.2000732	2200	""osoba3""
""osoba2""		1419.3	1419300	1423.5	1423500	5.199951	5199	""osoba2""
""osoba2""		1420.8	1420800	1423.5	1423500	3.6999512	3699	""osoba2""
""osoba3""		1422.3	1422300	1429.2001	1429200	7.9000244	7900	""osoba3""
""osoba4""		1422.6001	1422600	1422.9	1422900	1.2999268	1299	""osoba4""
""osoba1""		1422.9	1422900	1425.6001	1425600	3.7000732	3700	""osoba1""
""osoba2""		1423.2001	1423200	1423.5	1423500	1.2999268	1299	""osoba2""
""osoba1""		1424.7001	1424700	1425.6001	1425600	1.9000244	1900	""osoba1""
""osoba3""		1425.0	1425000	1429.2001	1429200	5.2000732	5200	""osoba3""
""osoba4""		1425.6001	1425600	1426.2001	1426200	1.5999756	1599	""osoba4""
""osoba2""		1428.0	1428000	1428.9	1428900	1.9000244	1900	""osoba2""
""osoba4""		1429.5	1429500	1447.8	1447800	19.300049	19300	""osoba4""
""osoba4""		1433.1001	1433100	1447.8	1447800	15.699951	15699	""osoba4""
""osoba4""		1434.0	1434000	1447.8	1447800	14.800049	14800	""osoba4""
""osoba3""		1437.0	1437000	1438.5	1438500	2.5	2500	""osoba3""
""osoba4""		1437.3	1437300	1447.8	1447800	11.5	11500	""osoba4""
""osoba4""		1438.2001	1438200	1447.8	1447800	10.599976	10599	""osoba4""
""osoba3""		1441.5	1441500	1442.1001	1442100	1.6000977	1600	""osoba3""
""osoba2""		1441.8	1441800	1442.4	1442400	1.5999756	1599	""osoba2""
""osoba4""		1444.2001	1444200	1447.8	1447800	4.5999756	4599	""osoba4""
""osoba4""		1445.4	1445400	1447.8	1447800	3.4000244	3400	""osoba4""
""osoba1""		1447.8	1447800	1451.4	1451400	4.5999756	4599	""osoba1""
""osoba2""		1449.3	1449300	1450.5	1450500	2.1999512	2199	""osoba2""
""osoba4""		1449.9	1449900	1458.6001	1458600	9.700073	9700	""osoba4""
""osoba1""		1451.1001	1451100	1451.4	1451400	1.2999268	1299	""osoba1""
""osoba4""		1451.4	1451400	1458.6001	1458600	8.200073	8200	""osoba4""
""osoba2""		1452.9	1452900	1455.9	1455900	4.0	4000	""osoba2""
""osoba2""		1454.4	1454400	1455.9	1455900	2.5	2500	""osoba2""
""osoba4""		1455.0	1455000	1458.6001	1458600	4.6000977	4600	""osoba4""
""osoba2""		1455.9	1455900	1455.9	1455900	1.0	1000	""osoba2""
""osoba4""		1456.8	1456800	1458.6001	1458600	2.8000488	2800	""osoba4""
""osoba1""		1457.7001	1457700	1458.3	1458300	1.5999756	1599	""osoba1""
""osoba4""		1457.7001	1457700	1458.6001	1458600	1.9000244	1900	""osoba4""
""osoba3""		1458.6001	1458600	1477.2001	1477200	19.599976	19599	""osoba3""
""osoba3""		1460.7001	1460700	1477.2001	1477200	17.5	17500	""osoba3""
""osoba4""		1460.7001	1460700	1460.7001	1460700	1.0	1000	""osoba4""
""osoba3""		1464.0	1464000	1477.2001	1477200	14.200073	14200	""osoba3""
""osoba3""		1464.6001	1464600	1477.2001	1477200	13.599976	13599	""osoba3""
""osoba1""		1465.8	1465800	1467.6001	1467600	2.8000488	2800	""osoba1""
""osoba3""		1470.6001	1470600	1477.2001	1477200	7.5999756	7599	""osoba3""
""osoba3""		1475.4	1475400	1477.2001	1477200	2.8000488	2800	""osoba3""
""osoba1""		1476.3	1476300	1481.7001	1481700	6.4000244	6400	""osoba1""
""osoba2""		1477.5	1477500	1477.8	1477800	1.3000488	1300	""osoba2""
""osoba1""		1479.3	1479300	1481.7001	1481700	3.4000244	3400	""osoba1""
""osoba3""		1481.1001	1481100	1491.3	1491300	11.199951	11199	""osoba3""
""osoba3""		1482.3	1482300	1491.3	1491300	10.0	10000	""osoba3""
""osoba4""		1483.2001	1483200	1484.1001	1484100	1.9000244	1900	""osoba4""
""osoba3""		1484.4	1484400	1491.3	1491300	7.9000244	7900	""osoba3""
""osoba1""		1488.0	1488000	1488.0	1488000	1.0	1000	""osoba1""
""osoba4""		1488.0	1488000	1488.6001	1488600	1.6000977	1600	""osoba4""
""osoba3""		1488.3	1488300	1491.3	1491300	4.0	4000	""osoba3""
""osoba3""		1490.1001	1490100	1491.3	1491300	2.1999512	2199	""osoba3""
""osoba3""		1491.0	1491000	1491.3	1491300	1.3000488	1300	""osoba3""
""osoba4""		1491.6001	1491600	1509.6001	1509600	19.0	19000	""osoba4""
""osoba4""		1493.1001	1493100	1509.6001	1509600	17.5	17500	""osoba4""
""osoba4""		1495.2001	1495200	1509.6001	1509600	15.400024	15400	""osoba4""
""osoba4""		1497.9	1497900	1509.6001	1509600	12.700073	12700	""osoba4""
""osoba2""		1498.5	1498500	1502.4	1502400	4.9000244	4900	""osoba2""
""osoba4""		1499.7001	1499700	1509.6001	1509600	10.900024	10900	""osoba4""
""osoba3""		1501.5	1501500	1501.5	1501500	1.0	1000	""osoba3""
""osoba2""		1502.1001	1502100	1502.4	1502400	1.2999268	1299	""osoba2""
""osoba4""		1502.4	1502400	1509.6001	1509600	8.200073	8200	""osoba4""
""osoba4""		1505.7001	1505700	1509.6001	1509600	4.9000244	4900	""osoba4""
""osoba1""		1509.9	1509900	1521.9	1521900	13.0	13000	""osoba1""
""osoba1""		1511.7001	1511700	1521.9	1521900	11.199951	11199	""osoba1""
""osoba1""		1512.3	1512300	1521.9	1521900	10.599976	10599	""osoba1""
""osoba4""		1512.3	1512300	1513.2001	1513200	1.9000244	1900	""osoba4""
""osoba1""		1512.9	1512900	1521.9	1521900	10.0	10000	""osoba1""
""osoba4""		1513.2001	1513200	1513.2001	1513200	1.0	1000	""osoba4""
""osoba1""		1514.4	1514400	1521.9	1521900	8.5	8500	""osoba1""
""osoba3""		1515.0	1515000	1515.0	1515000	1.0	1000	""osoba3""
""osoba1""		1517.4	1517400	1521.9	1521900	5.5	5500	""osoba1""
""osoba1""		1519.2001	1519200	1521.9	1521900	3.6999512	3699	""osoba1""
""osoba3""		1519.5	1519500	1534.8	1534800	16.300049	16300	""osoba3""
""osoba2""		1520.1001	1520100	1521.3	1521300	2.1999512	2199	""osoba2""
""osoba3""		1524.0	1524000	1534.8	1534800	11.800049	11800	""osoba3""
""osoba3""		1524.6001	1524600	1534.8	1534800	11.199951	11199	""osoba3""
""osoba3""		1527.3	1527300	1534.8	1534800	8.5	8500	""osoba3""
""osoba1""		1527.6001	1527600	1527.6001	1527600	1.0	1000	""osoba1""
""osoba3""		1529.1001	1529100	1534.8	1534800	6.699951	6699	""osoba3""
""osoba3""		1530.3	1530300	1534.8	1534800	5.5	5500	""osoba3""
""osoba3""		1533.0	1533000	1534.8	1534800	2.8000488	2800	""osoba3""
""osoba3""		1533.6001	1533600	1534.8	1534800	2.1999512	2199	""osoba3""
""osoba2""		1534.5	1534500	1542.6001	1542600	9.100098	9100	""osoba2""
""osoba2""		1536.3	1536300	1542.6001	1542600	7.300049	7300	""osoba2""
""osoba4""		1536.3	1536300	1536.6001	1536600	1.3000488	1300	""osoba4""
""osoba3""		1538.1001	1538100	1539.6001	1539600	2.5	2500	""osoba3""
""osoba2""		1538.7001	1538700	1542.6001	1542600	4.9000244	4900	""osoba2""
""osoba3""		1539.0001	1539000	1539.6001	1539600	1.5999756	1599	""osoba3""
""osoba4""		1541.1001	1541100	1551.3	1551300	11.199951	11199	""osoba4""
""osoba3""		1543.5001	1543500	1545.3	1545300	2.7999268	2799	""osoba3""
""osoba3""		1544.4	1544400	1545.3	1545300	1.9000244	1900	""osoba3""
""osoba4""		1546.5001	1546500	1551.3	1551300	5.7999268	5799	""osoba4""
""osoba2""		1548.0001	1548000	1548.3	1548300	1.2999268	1299	""osoba2""
""osoba4""		1548.0001	1548000	1551.3	1551300	4.2999268	4299	""osoba4""
""osoba4""		1550.4	1550400	1551.3	1551300	1.9000244	1900	""osoba4""
""osoba3""		1551.0001	1551000	1554.0001	1554000	4.0	4000	""osoba3""
""osoba3""		1553.4	1553400	1554.0001	1554000	1.6000977	1600	""osoba3""
""osoba2""		1554.0001	1554000	1575.9	1575900	22.899902	22899	""osoba2""
""osoba3""		1554.0001	1554000	1554.0001	1554000	1.0	1000	""osoba3""
""osoba4""		1555.2001	1555200	1557.3	1557300	3.0999756	3099	""osoba4""
""osoba4""		1557.0001	1557000	1557.3	1557300	1.2999268	1299	""osoba4""
""osoba2""		1558.5001	1558500	1575.9	1575900	18.399902	18399	""osoba2""
""osoba3""		1558.8	1558800	1558.8	1558800	1.0	1000	""osoba3""
""osoba1""		1560.6001	1560600	1560.9	1560900	1.2999268	1299	""osoba1""
""osoba2""		1563.0001	1563000	1575.9	1575900	13.899902	13899	""osoba2""
""osoba2""		1564.5001	1564500	1575.9	1575900	12.399902	12399	""osoba2""
""osoba2""		1569.6001	1569600	1575.9	1575900	7.2999268	7299	""osoba2""
""osoba2""		1570.2001	1570200	1575.9	1575900	6.699951	6699	""osoba2""
""osoba2""		1570.8	1570800	1575.9	1575900	6.0999756	6099	""osoba2""
""osoba4""		1572.3	1572300	1572.6001	1572600	1.3000488	1300	""osoba4""
""osoba1""		1575.6001	1575600	1578.6001	1578600	4.0	4000	""osoba1""
""osoba1""		1577.1001	1577100	1578.6001	1578600	2.5	2500	""osoba1""
""osoba4""		1577.4	1577400	1577.4	1577400	1.0	1000	""osoba4""
""osoba2""		1578.9	1578900	1606.5001	1606500	28.600098	28600	""osoba2""
""osoba2""		1581.3	1581300	1606.5001	1606500	26.200073	26200	""osoba2""
""osoba2""		1583.7001	1583700	1606.5001	1606500	23.800049	23800	""osoba2""
""osoba1""		1585.2001	1585200	1586.1001	1586100	1.9000244	1900	""osoba1""
""osoba2""		1587.0001	1587000	1606.5001	1606500	20.5	20500	""osoba2""
""osoba2""		1590.3	1590300	1606.5001	1606500	17.200073	17200	""osoba2""
""osoba4""		1590.3	1590300	1596.0001	1596000	6.7000732	6700	""osoba4""
""osoba2""		1591.8	1591800	1606.5001	1606500	15.700073	15700	""osoba2""
""osoba4""		1591.8	1591800	1596.0001	1596000	5.2000732	5200	""osoba4""
""osoba4""		1593.9	1593900	1596.0001	1596000	3.1000977	3100	""osoba4""
""osoba2""		1594.8	1594800	1606.5001	1606500	12.700073	12700	""osoba2""
""osoba2""		1597.8	1597800	1606.5001	1606500	9.700073	9700	""osoba2""
""osoba3""		1598.1001	1598100	1598.7001	1598700	1.5999756	1599	""osoba3""
""osoba2""		1598.7001	1598700	1606.5001	1606500	8.800049	8800	""osoba2""
""osoba2""		1603.2001	1603200	1606.5001	1606500	4.300049	4300	""osoba2""
""osoba1""		1603.5001	1603500	1608.6001	1608600	6.0999756	6099	""osoba1""
""osoba3""		1603.5001	1603500	1616.7001	1616700	14.199951	14199	""osoba3""
""osoba4""		1604.4	1604400	1605.0001	1605000	1.6000977	1600	""osoba4""
""osoba2""		1605.3	1605300	1606.5001	1606500	2.2000732	2200	""osoba2""
""osoba2""		1606.5001	1606500	1606.5001	1606500	1.0	1000	""osoba2""
""osoba1""		1607.7001	1607700	1608.6001	1608600	1.9000244	1900	""osoba1""
""osoba3""		1608.0001	1608000	1616.7001	1616700	9.699951	9699	""osoba3""
""osoba4""		1608.3	1608300	1608.9	1608900	1.5999756	1599	""osoba4""
""osoba3""		1610.4	1610400	1616.7001	1616700	7.300049	7300	""osoba3""
""osoba3""		1611.3	1611300	1616.7001	1616700	6.4000244	6400	""osoba3""
""osoba3""		1612.8	1612800	1616.7001	1616700	4.9000244	4900	""osoba3""
""osoba1""		1615.2001	1615200	1620.3	1620300	6.0999756	6099	""osoba1""
""osoba3""		1615.5001	1615500	1616.7001	1616700	2.1999512	2199	""osoba3""
""osoba1""		1618.2001	1618200	1620.3	1620300	3.0999756	3099	""osoba1""
""osoba3""		1619.7001	1619700	1620.3	1620300	1.5999756	1599	""osoba3""
