"default"		0.0	0	1.0	1000	1.0	1000	BEGIN
"default"		1620.3	1620300	1620.31	1621300	1.0	1000	END
""osoba2""		6.0	6000	8.1	8100	3.1000004	3100	""osoba2""
""osoba3""		7.5000005	7500	18.6	18600	12.1	12100	""osoba3""
""osoba2""		8.1	8100	8.1	8100	1.0	1000	""osoba2""
""osoba3""		9.3	9300	18.6	18600	10.3	10300	""osoba3""
""osoba3""		11.400001	11400	18.6	18600	8.2	8200	""osoba3""
""osoba3""		12.900001	12900	18.6	18600	6.7	6700	""osoba3""
""osoba3""		15.3	15300	18.6	18600	4.3	4300	""osoba3""
""osoba3""		15.900001	15900	18.6	18600	3.6999998	3699	""osoba3""
""osoba3""		18.0	18000	18.6	18600	1.6000004	1600	""osoba3""
""osoba1""		18.300001	18300	86.4	86400	69.1	69100	""osoba1""
""osoba1""		21.0	21000	86.4	86400	66.4	66400	""osoba1""
""osoba1""		22.5	22500	86.4	86400	64.9	64900	""osoba1""
""osoba1""		24.0	24000	86.4	86400	63.4	63400	""osoba1""
""osoba1""		27.900002	27900	86.4	86400	59.5	59500	""osoba1""
""osoba1""		28.500002	28500	86.4	86400	58.9	58900	""osoba1""
""osoba1""		30.000002	30000	86.4	86400	57.4	57400	""osoba1""
""osoba1""		30.900002	30900	86.4	86400	56.5	56500	""osoba1""
""osoba3""		32.7	32700	33.0	33000	1.2999992	1299	""osoba3""
""osoba1""		34.2	34200	86.4	86400	53.2	53200	""osoba1""
""osoba1""		37.800003	37800	86.4	86400	49.6	49600	""osoba1""
""osoba1""		40.5	40500	86.4	86400	46.9	46900	""osoba1""
""osoba1""		41.4	41400	86.4	86400	46.0	46000	""osoba1""
""osoba1""		46.800003	46800	86.4	86400	40.6	40600	""osoba1""
""osoba1""		53.100002	53100	86.4	86400	34.3	34300	""osoba1""
""osoba4""		53.7	53700	54.000004	54000	1.300003	1300	""osoba4""
""osoba1""		54.9	54900	86.4	86400	32.5	32500	""osoba1""
""osoba1""		56.4	56400	86.4	86400	31.0	31000	""osoba1""
""osoba1""		62.7	62700	86.4	86400	24.7	24700	""osoba1""
""osoba1""		64.200005	64200	86.4	86400	23.199997	23199	""osoba1""
""osoba1""		66.0	66000	86.4	86400	21.400002	21400	""osoba1""
""osoba1""		66.600006	66600	86.4	86400	20.799995	20799	""osoba1""
""osoba1""		67.5	67500	86.4	86400	19.900002	19900	""osoba1""
""osoba1""		69.0	69000	86.4	86400	18.400002	18400	""osoba1""
""osoba1""		69.9	69900	86.4	86400	17.5	17500	""osoba1""
""osoba1""		71.700005	71700	86.4	86400	15.699997	15699	""osoba1""
""osoba1""		73.5	73500	86.4	86400	13.900002	13900	""osoba1""
""osoba1""		75.0	75000	86.4	86400	12.400002	12400	""osoba1""
""osoba1""		77.4	77400	86.4	86400	10.0	10000	""osoba1""
""osoba3""		78.0	78000	79.5	79500	2.5	2500	""osoba3""
""osoba4""		82.200005	82200	83.100006	83100	1.9000015	1900	""osoba4""
""osoba1""		83.100006	83100	86.4	86400	4.2999954	4299	""osoba1""
""osoba2""		83.4	83400	83.4	83400	1.0	1000	""osoba2""
""osoba1""		84.3	84300	86.4	86400	3.0999985	3099	""osoba1""
""osoba1""		86.100006	86100	86.4	86400	1.2999954	1299	""osoba1""
""osoba4""		86.100006	86100	106.200005	106200	21.099998	21099	""osoba4""
""osoba4""		87.3	87300	106.200005	106200	19.900002	19900	""osoba4""
""osoba4""		88.200005	88200	106.200005	106200	19.0	19000	""osoba4""
""osoba4""		90.9	90900	106.200005	106200	16.300003	16300	""osoba4""
""osoba1""		93.600006	93600	93.9	93900	1.2999954	1299	""osoba1""
""osoba4""		96.0	96000	106.200005	106200	11.200005	11200	""osoba4""
""osoba4""		97.200005	97200	106.200005	106200	10.0	10000	""osoba4""
""osoba4""		97.8	97800	106.200005	106200	9.400002	9400	""osoba4""
""osoba3""		99.00001	99000	100.8	100800	2.7999954	2799	""osoba3""
""osoba4""		104.100006	104100	106.200005	106200	3.0999985	3099	""osoba4""
""osoba4""		104.700005	104700	106.200005	106200	2.5	2500	""osoba4""
""osoba1""		105.3	105300	108.3	108300	4.0	4000	""osoba1""
""osoba1""		107.4	107400	108.3	108300	1.9000015	1900	""osoba1""
""osoba3""		107.4	107400	120.00001	120000	13.600006	13600	""osoba3""
""osoba3""		109.50001	109500	120.00001	120000	11.5	11500	""osoba3""
""osoba3""		113.700005	113700	120.00001	120000	7.300003	7300	""osoba3""
""osoba3""		117.9	117900	120.00001	120000	3.100006	3100	""osoba3""
""osoba1""		120.00001	120000	130.20001	130200	11.200005	11200	""osoba1""
""osoba1""		121.8	121800	130.20001	130200	9.400009	9400	""osoba1""
""osoba4""		122.100006	122100	122.4	122400	1.2999954	1299	""osoba4""
""osoba1""		123.00001	123000	130.20001	130200	8.200005	8200	""osoba1""
""osoba3""		123.600006	123600	124.200005	124200	1.5999985	1599	""osoba3""
""osoba1""		124.200005	124200	130.20001	130200	7.0000076	7000	""osoba1""
""osoba1""		124.8	124800	130.20001	130200	6.400009	6400	""osoba1""
""osoba1""		126.3	126300	130.20001	130200	4.900009	4900	""osoba1""
""osoba4""		126.9	126900	152.1	152100	26.200005	26200	""osoba4""
""osoba4""		128.1	128100	152.1	152100	25.0	25000	""osoba4""
""osoba1""		128.70001	128700	130.20001	130200	2.5	2500	""osoba1""
""osoba4""		130.20001	130200	152.1	152100	22.899994	22899	""osoba4""
""osoba4""		131.40001	131400	152.1	152100	21.699997	21699	""osoba4""
""osoba4""		134.70001	134700	152.1	152100	18.399994	18399	""osoba4""
""osoba4""		135.3	135300	152.1	152100	17.800003	17800	""osoba4""
""osoba4""		137.70001	137700	152.1	152100	15.399994	15399	""osoba4""
""osoba4""		139.5	139500	152.1	152100	13.600006	13600	""osoba4""
""osoba4""		140.70001	140700	152.1	152100	12.399994	12399	""osoba4""
""osoba4""		142.20001	142200	152.1	152100	10.899994	10899	""osoba4""
""osoba4""		143.1	143100	152.1	152100	10.0	10000	""osoba4""
""osoba4""		145.20001	145200	152.1	152100	7.899994	7899	""osoba4""
""osoba3""		146.70001	146700	146.70001	146700	1.0	1000	""osoba3""
""osoba4""		146.70001	146700	152.1	152100	6.399994	6399	""osoba4""
""osoba4""		147.90001	147900	152.1	152100	5.199997	5199	""osoba4""
""osoba4""		150.3	150300	152.1	152100	2.800003	2800	""osoba4""
""osoba1""		150.90001	150900	156.6	156600	6.699997	6699	""osoba1""
""osoba4""		151.8	151800	152.1	152100	1.300003	1300	""osoba4""
""osoba1""		153.0	153000	156.6	156600	4.600006	4600	""osoba1""
""osoba1""		156.0	156000	156.6	156600	1.6000061	1600	""osoba1""
""osoba2""		156.90001	156900	165.0	165000	9.099991	9099	""osoba2""
""osoba2""		158.40001	158400	165.0	165000	7.599991	7599	""osoba2""
""osoba2""		159.3	159300	165.0	165000	6.699997	6699	""osoba2""
""osoba2""		162.3	162300	165.0	165000	3.699997	3699	""osoba2""
""osoba3""		162.90001	162900	177.6	177600	15.699997	15699	""osoba3""
""osoba2""		163.8	163800	165.0	165000	2.199997	2199	""osoba2""
""osoba3""		165.3	165300	177.6	177600	13.300003	13300	""osoba3""
""osoba3""		167.1	167100	177.6	177600	11.5	11500	""osoba3""
""osoba4""		167.70001	167700	168.6	168600	1.8999939	1899	""osoba4""
""osoba3""		171.3	171300	177.6	177600	7.300003	7300	""osoba3""
""osoba3""		173.1	173100	177.6	177600	5.5	5500	""osoba3""
""osoba1""		175.8	175800	217.20001	217200	42.40001	42400	""osoba1""
""osoba1""		178.8	178800	217.20001	217200	39.40001	39400	""osoba1""
""osoba1""		183.90001	183900	217.20001	217200	34.300003	34300	""osoba1""
""osoba1""		184.8	184800	217.20001	217200	33.40001	33400	""osoba1""
""osoba1""		186.3	186300	217.20001	217200	31.90001	31900	""osoba1""
""osoba1""		186.90001	186900	217.20001	217200	31.300003	31300	""osoba1""
""osoba1""		187.8	187800	217.20001	217200	30.40001	30400	""osoba1""
""osoba1""		190.5	190500	217.20001	217200	27.700012	27700	""osoba1""
""osoba1""		193.8	193800	217.20001	217200	24.40001	24400	""osoba1""
""osoba1""		195.3	195300	217.20001	217200	22.90001	22900	""osoba1""
""osoba1""		202.20001	202200	217.20001	217200	16.0	16000	""osoba1""
""osoba1""		203.1	203100	217.20001	217200	15.100006	15100	""osoba1""
""osoba1""		204.3	204300	217.20001	217200	13.900009	13900	""osoba1""
""osoba1""		205.50002	205500	217.20001	217200	12.699997	12699	""osoba1""
""osoba1""		206.1	206100	217.20001	217200	12.100006	12100	""osoba1""
""osoba1""		210.90001	210900	217.20001	217200	7.300003	7300	""osoba1""
""osoba3""		211.8	211800	211.8	211800	1.0	1000	""osoba3""
""osoba1""		214.20001	214200	217.20001	217200	4.0	4000	""osoba1""
""osoba1""		215.1	215100	217.20001	217200	3.100006	3100	""osoba1""
""osoba3""		216.00002	216000	229.8	229800	14.799988	14799	""osoba3""
""osoba1""		217.20001	217200	217.20001	217200	1.0	1000	""osoba1""
""osoba2""		218.1	218100	218.1	218100	1.0	1000	""osoba2""
""osoba3""		220.20001	220200	229.8	229800	10.599991	10599	""osoba3""
""osoba3""		220.8	220800	229.8	229800	10.0	10000	""osoba3""
""osoba3""		223.50002	223500	229.8	229800	7.299988	7299	""osoba3""
""osoba3""		224.1	224100	229.8	229800	6.699997	6699	""osoba3""
""osoba3""		225.90001	225900	229.8	229800	4.899994	4899	""osoba3""
""osoba3""		227.40001	227400	229.8	229800	3.399994	3399	""osoba3""
""osoba3""		228.3	228300	229.8	229800	2.5	2500	""osoba3""
""osoba1""		228.90001	228900	260.7	260700	32.800003	32800	""osoba1""
""osoba1""		229.8	229800	260.7	260700	31.90001	31900	""osoba1""
""osoba3""		229.8	229800	229.8	229800	1.0	1000	""osoba3""
""osoba1""		230.40001	230400	260.7	260700	31.300003	31300	""osoba1""
""osoba1""		235.50002	235500	260.7	260700	26.199997	26199	""osoba1""
""osoba1""		237.90001	237900	260.7	260700	23.800003	23800	""osoba1""
""osoba1""		239.1	239100	260.7	260700	22.600006	22600	""osoba1""
""osoba1""		240.3	240300	260.7	260700	21.40001	21400	""osoba1""
""osoba1""		243.90001	243900	260.7	260700	17.800003	17800	""osoba1""
""osoba1""		248.40001	248400	260.7	260700	13.300003	13300	""osoba1""
""osoba1""		249.90001	249900	260.7	260700	11.800003	11800	""osoba1""
""osoba4""		250.20001	250200	250.20001	250200	1.0	1000	""osoba4""
""osoba1""		257.40002	257400	260.7	260700	4.299988	4299	""osoba1""
""osoba1""		259.5	259500	260.7	260700	2.2000122	2200	""osoba1""
""osoba3""		260.40002	260400	261.6	261600	2.1999817	2199	""osoba3""
""osoba3""		261.6	261600	261.6	261600	1.0	1000	""osoba3""
""osoba4""		261.90002	261900	266.40002	266400	5.5	5500	""osoba4""
""osoba4""		263.1	263100	266.40002	266400	4.3000183	4300	""osoba4""
""osoba4""		264.0	264000	266.40002	266400	3.4000244	3400	""osoba4""
""osoba1""		264.6	264600	280.5	280500	16.899994	16899	""osoba1""
""osoba1""		270.30002	270300	280.5	280500	11.199982	11199	""osoba1""
""osoba1""		271.2	271200	280.5	280500	10.299988	10299	""osoba1""
""osoba1""		275.40002	275400	280.5	280500	6.0999756	6099	""osoba1""
""osoba1""		276.0	276000	280.5	280500	5.5	5500	""osoba1""
""osoba1""		276.6	276600	280.5	280500	4.899994	4899	""osoba1""
""osoba2""		279.6	279600	283.80002	283800	5.200012	5200	""osoba2""
""osoba1""		280.5	280500	280.5	280500	1.0	1000	""osoba1""
""osoba2""		282.6	282600	283.80002	283800	2.2000122	2200	""osoba2""
""osoba1""		282.90002	282900	308.1	308100	26.199982	26199	""osoba1""
""osoba4""		285.6	285600	285.6	285600	1.0	1000	""osoba4""
""osoba1""		288.0	288000	308.1	308100	21.100006	21100	""osoba1""
""osoba3""		288.90002	288900	290.1	290100	2.1999817	2199	""osoba3""
""osoba1""		291.90002	291900	308.1	308100	17.199982	17199	""osoba1""
""osoba1""		293.1	293100	308.1	308100	16.0	16000	""osoba1""
""osoba1""		294.0	294000	308.1	308100	15.100006	15100	""osoba1""
""osoba1""		296.7	296700	308.1	308100	12.399994	12399	""osoba1""
""osoba1""		297.90002	297900	308.1	308100	11.199982	11199	""osoba1""
""osoba1""		299.1	299100	308.1	308100	10.0	10000	""osoba1""
""osoba3""		301.2	301200	303.90002	303900	3.7000122	3700	""osoba3""
""osoba1""		302.1	302100	308.1	308100	7.0	7000	""osoba1""
""osoba1""		303.30002	303300	308.1	308100	5.799988	5799	""osoba1""
""osoba3""		303.6	303600	303.90002	303900	1.3000183	1300	""osoba3""
""osoba1""		306.0	306000	308.1	308100	3.100006	3100	""osoba1""
""osoba3""		307.2	307200	319.80002	319800	13.600006	13600	""osoba3""
""osoba3""		311.40002	311400	319.80002	319800	9.399994	9399	""osoba3""
""osoba3""		312.30002	312300	319.80002	319800	8.5	8500	""osoba3""
""osoba3""		312.90002	312900	319.80002	319800	7.899994	7899	""osoba3""
""osoba3""		313.80002	313800	319.80002	319800	7.0	7000	""osoba3""
""osoba3""		314.40002	314400	319.80002	319800	6.399994	6399	""osoba3""
""osoba1""		315.30002	315300	316.5	316500	2.1999817	2199	""osoba1""
""osoba3""		319.2	319200	319.80002	319800	1.6000061	1600	""osoba3""
""osoba1""		319.80002	319800	341.7	341700	22.899994	22899	""osoba1""
""osoba1""		322.2	322200	341.7	341700	20.5	20500	""osoba1""
""osoba2""		322.5	322500	325.80002	325800	4.3000183	4300	""osoba2""
""osoba1""		327.90002	327900	341.7	341700	14.799988	14799	""osoba1""
""osoba4""		330.30002	330300	332.40002	332400	3.100006	3100	""osoba4""
""osoba1""		331.80002	331800	341.7	341700	10.899994	10899	""osoba1""
""osoba1""		334.5	334500	341.7	341700	8.200012	8200	""osoba1""
""osoba1""		337.5	337500	341.7	341700	5.200012	5200	""osoba1""
""osoba4""		340.2	340200	345.0	345000	5.799988	5799	""osoba4""
""osoba1""		340.80002	340800	341.7	341700	1.8999939	1899	""osoba1""
""osoba3""		343.2	343200	372.6	372600	30.399994	30399	""osoba3""
""osoba4""		343.2	343200	345.0	345000	2.7999878	2799	""osoba4""
""osoba3""		344.1	344100	372.6	372600	29.5	29500	""osoba3""
""osoba4""		344.1	344100	345.0	345000	1.8999939	1899	""osoba4""
""osoba3""		346.5	346500	372.6	372600	27.100006	27100	""osoba3""
""osoba3""		347.1	347100	372.6	372600	26.5	26500	""osoba3""
""osoba1""		347.7	347700	348.30002	348300	1.6000061	1600	""osoba1""
""osoba4""		349.5	349500	350.40002	350400	1.9000244	1900	""osoba4""
""osoba3""		351.90002	351900	372.6	372600	21.699982	21699	""osoba3""
""osoba1""		352.5	352500	353.1	353100	1.6000061	1600	""osoba1""
""osoba3""		355.2	355200	372.6	372600	18.399994	18399	""osoba3""
""osoba3""		357.6	357600	372.6	372600	16.0	16000	""osoba3""
""osoba2""		357.90002	357900	358.2	358200	1.2999878	1299	""osoba2""
""osoba4""		357.90002	357900	358.5	358500	1.5999756	1599	""osoba4""
""osoba3""		360.0	360000	372.6	372600	13.600006	13600	""osoba3""
""osoba1""		365.7	365700	366.90002	366900	2.2000122	2200	""osoba1""
""osoba3""		367.80002	367800	372.6	372600	5.799988	5799	""osoba3""
""osoba3""		370.2	370200	372.6	372600	3.399994	3399	""osoba3""
""osoba3""		372.0	372000	372.6	372600	1.6000061	1600	""osoba3""
""osoba2""		372.30002	372300	372.90002	372900	1.6000061	1600	""osoba2""
""osoba4""		372.30002	372300	386.7	386700	15.399994	15399	""osoba4""
""osoba4""		374.40002	374400	386.7	386700	13.299988	13299	""osoba4""
""osoba4""		375.30002	375300	386.7	386700	12.399994	12399	""osoba4""
""osoba4""		376.2	376200	386.7	386700	11.5	11500	""osoba4""
""osoba4""		377.40002	377400	386.7	386700	10.299988	10299	""osoba4""
""osoba4""		378.30002	378300	386.7	386700	9.399994	9399	""osoba4""
""osoba4""		379.5	379500	386.7	386700	8.200012	8200	""osoba4""
""osoba4""		380.40002	380400	386.7	386700	7.299988	7299	""osoba4""
""osoba4""		382.2	382200	386.7	386700	5.5	5500	""osoba4""
""osoba1""		382.5	382500	409.50003	409500	28.00003	28000	""osoba1""
""osoba2""		386.40002	386400	387.6	387600	2.1999817	2199	""osoba2""
""osoba1""		388.80002	388800	409.50003	409500	21.700012	21700	""osoba1""
""osoba1""		392.7	392700	409.50003	409500	17.800018	17800	""osoba1""
""osoba1""		393.30002	393300	409.50003	409500	17.200012	17200	""osoba1""
""osoba3""		393.6	393600	394.2	394200	1.6000061	1600	""osoba3""
""osoba1""		398.1	398100	409.50003	409500	12.400024	12400	""osoba1""
""osoba4""		402.90002	402900	404.7	404700	2.7999878	2799	""osoba4""
""osoba1""		403.80002	403800	409.50003	409500	6.700012	6700	""osoba1""
""osoba4""		404.7	404700	404.7	404700	1.0	1000	""osoba4""
""osoba1""		405.30002	405300	409.50003	409500	5.200012	5200	""osoba1""
""osoba3""		406.50003	406500	414.00003	414000	8.5	8500	""osoba3""
""osoba3""		407.7	407700	414.00003	414000	7.3000183	7300	""osoba3""
""osoba1""		408.30002	408300	409.50003	409500	2.2000122	2200	""osoba1""
""osoba3""		408.30002	408300	414.00003	414000	6.700012	6700	""osoba3""
""osoba3""		411.00003	411000	414.00003	414000	4.0	4000	""osoba3""
""osoba3""		412.80002	412800	414.00003	414000	2.2000122	2200	""osoba3""
""osoba2""		413.40002	413400	413.40002	413400	1.0	1000	""osoba2""
""osoba4""		414.00003	414000	433.80002	433800	20.799988	20799	""osoba4""
""osoba4""		415.2	415200	433.80002	433800	19.600006	19600	""osoba4""
""osoba4""		416.1	416100	433.80002	433800	18.700012	18700	""osoba4""
""osoba4""		418.80002	418800	433.80002	433800	16.0	16000	""osoba4""
""osoba4""		419.40002	419400	433.80002	433800	15.399994	15399	""osoba4""
""osoba1""		420.6	420600	420.6	420600	1.0	1000	""osoba1""
""osoba4""		420.90002	420900	433.80002	433800	13.899994	13899	""osoba4""
""osoba4""		421.50003	421500	433.80002	433800	13.299988	13299	""osoba4""
""osoba1""		423.00003	423000	423.00003	423000	1.0	1000	""osoba1""
""osoba4""		423.90002	423900	433.80002	433800	10.899994	10899	""osoba4""
""osoba4""		426.30002	426300	433.80002	433800	8.5	8500	""osoba4""
""osoba3""		429.00003	429000	429.6	429600	1.5999756	1599	""osoba3""
""osoba4""		430.50003	430500	433.80002	433800	4.299988	4299	""osoba4""
""osoba4""		431.40002	431400	433.80002	433800	3.399994	3399	""osoba4""
""osoba4""		432.30002	432300	433.80002	433800	2.5	2500	""osoba4""
""osoba1""		434.40002	434400	436.2	436200	2.7999878	2799	""osoba1""
""osoba2""		435.6	435600	450.30002	450300	15.700012	15700	""osoba2""
""osoba2""		438.00003	438000	450.30002	450300	13.299988	13299	""osoba2""
""osoba2""		438.90002	438900	450.30002	450300	12.399994	12399	""osoba2""
""osoba2""		439.50003	439500	450.30002	450300	11.799988	11799	""osoba2""
""osoba2""		441.00003	441000	450.30002	450300	10.299988	10299	""osoba2""
""osoba1""		441.6	441600	444.30002	444300	3.7000122	3700	""osoba1""
""osoba4""		442.2	442200	442.50003	442500	1.3000183	1300	""osoba4""
""osoba2""		444.90002	444900	450.30002	450300	6.399994	6399	""osoba2""
""osoba2""		447.00003	447000	450.30002	450300	4.299988	4299	""osoba2""
""osoba2""		448.80002	448800	450.30002	450300	2.5	2500	""osoba2""
""osoba1""		449.1	449100	449.1	449100	1.0	1000	""osoba1""
""osoba4""		449.7	449700	465.6	465600	16.899994	16899	""osoba4""
""osoba4""		451.2	451200	465.6	465600	15.399994	15399	""osoba4""
""osoba4""		452.1	452100	465.6	465600	14.5	14500	""osoba4""
""osoba4""		453.00003	453000	465.6	465600	13.599976	13599	""osoba4""
""osoba4""		453.90002	453900	465.6	465600	12.699982	12699	""osoba4""
""osoba4""		457.2	457200	465.6	465600	9.399994	9399	""osoba4""
""osoba4""		457.80002	457800	465.6	465600	8.799988	8799	""osoba4""
""osoba3""		458.1	458100	458.40002	458400	1.3000183	1300	""osoba3""
""osoba4""		460.50003	460500	465.6	465600	6.0999756	6099	""osoba4""
""osoba4""		461.40002	461400	465.6	465600	5.1999817	5199	""osoba4""
""osoba1""		462.6	462600	468.30002	468300	6.700012	6700	""osoba1""
""osoba4""		463.80002	463800	465.6	465600	2.7999878	2799	""osoba4""
""osoba4""		464.40002	464400	465.6	465600	2.1999817	2199	""osoba4""
""osoba4""		465.00003	465000	465.6	465600	1.5999756	1599	""osoba4""
""osoba1""		465.30002	465300	468.30002	468300	4.0	4000	""osoba1""
""osoba1""		468.00003	468000	468.30002	468300	1.2999878	1299	""osoba1""
""osoba3""		468.30002	468300	475.80002	475800	8.5	8500	""osoba3""
""osoba3""		470.40002	470400	475.80002	475800	6.399994	6399	""osoba3""
""osoba3""		471.00003	471000	475.80002	475800	5.799988	5799	""osoba3""
""osoba3""		472.2	472200	475.80002	475800	4.600006	4600	""osoba3""
""osoba3""		473.40002	473400	475.80002	475800	3.399994	3399	""osoba3""
""osoba1""		475.50003	475500	478.50003	478500	4.0	4000	""osoba1""
""osoba3""		475.80002	475800	475.80002	475800	1.0	1000	""osoba3""
""osoba1""		476.7	476700	478.50003	478500	2.8000183	2800	""osoba1""
""osoba1""		477.90002	477900	478.50003	478500	1.6000061	1600	""osoba1""
""osoba2""		479.1	479100	482.7	482700	4.600006	4600	""osoba2""
""osoba4""		479.1	479100	480.6	480600	2.5	2500	""osoba4""
""osoba2""		480.90002	480900	482.7	482700	2.7999878	2799	""osoba2""
""osoba2""		481.80002	481800	482.7	482700	1.8999939	1899	""osoba2""
""osoba2""		482.7	482700	482.7	482700	1.0	1000	""osoba2""
""osoba4""		482.7	482700	489.00003	489000	7.3000183	7300	""osoba4""
""osoba2""		485.40002	485400	487.2	487200	2.7999878	2799	""osoba2""
""osoba4""		486.6	486600	489.00003	489000	3.4000244	3400	""osoba4""
""osoba3""		487.50003	487500	494.1	494100	7.5999756	7599	""osoba3""
""osoba3""		489.90002	489900	494.1	494100	5.1999817	5199	""osoba3""
""osoba2""		490.50003	490500	499.80002	499800	10.299988	10299	""osoba2""
""osoba2""		491.40002	491400	499.80002	499800	9.399994	9399	""osoba2""
""osoba3""		491.7	491700	494.1	494100	3.399994	3399	""osoba3""
""osoba2""		498.30002	498300	499.80002	499800	2.5	2500	""osoba2""
""osoba3""		498.6	498600	498.6	498600	1.0	1000	""osoba3""
""osoba2""		498.90002	498900	499.80002	499800	1.8999939	1899	""osoba2""
""osoba4""		499.50003	499500	502.80002	502800	4.299988	4299	""osoba4""
""osoba4""		500.7	500700	502.80002	502800	3.100006	3100	""osoba4""
""osoba4""		501.6	501600	502.80002	502800	2.2000122	2200	""osoba4""
""osoba1""		502.80002	502800	507.00003	507000	5.200012	5200	""osoba1""
""osoba1""		504.6	504600	507.00003	507000	3.4000244	3400	""osoba1""
""osoba2""		505.50003	505500	514.5	514500	9.9999695	9999	""osoba2""
""osoba1""		505.80002	505800	507.00003	507000	2.2000122	2200	""osoba1""
""osoba2""		507.90002	507900	514.5	514500	7.5999756	7599	""osoba2""
""osoba2""		510.30002	510300	514.5	514500	5.1999817	5199	""osoba2""
""osoba2""		511.80002	511800	514.5	514500	3.6999817	3699	""osoba2""
""osoba2""		513.0	513000	514.5	514500	2.5	2500	""osoba2""
""osoba4""		515.10004	515100	518.4	518400	4.299988	4299	""osoba4""
""osoba3""		515.7	515700	516.0	516000	1.2999878	1299	""osoba3""
""osoba4""		516.0	516000	518.4	518400	3.4000244	3400	""osoba4""
""osoba4""		516.9	516900	518.4	518400	2.5	2500	""osoba4""
""osoba2""		517.2	517200	537.30005	537300	21.100037	21100	""osoba2""
""osoba2""		522.30005	522300	537.30005	537300	16.0	16000	""osoba2""
""osoba2""		523.2	523200	537.30005	537300	15.100037	15100	""osoba2""
""osoba3""		523.2	523200	523.2	523200	1.0	1000	""osoba3""
""osoba2""		524.7	524700	537.30005	537300	13.600037	13600	""osoba2""
""osoba2""		525.30005	525300	537.30005	537300	13.0	13000	""osoba2""
""osoba3""		526.80005	526800	527.4	527400	1.5999756	1599	""osoba3""
""osoba2""		528.0	528000	537.30005	537300	10.300049	10300	""osoba2""
""osoba2""		530.10004	530100	537.30005	537300	8.200012	8200	""osoba2""
""osoba2""		531.9	531900	537.30005	537300	6.4000244	6400	""osoba2""
""osoba3""		534.9	534900	535.5	535500	1.5999756	1599	""osoba3""
""osoba2""		535.2	535200	537.30005	537300	3.1000366	3100	""osoba2""
""osoba1""		537.30005	537300	545.7	545700	9.399963	9399	""osoba1""
""osoba1""		538.80005	538800	545.7	545700	7.8999634	7899	""osoba1""
""osoba3""		540.30005	540300	541.2	541200	1.8999634	1899	""osoba3""
""osoba1""		540.9	540900	545.7	545700	5.799988	5799	""osoba1""
""osoba1""		543.30005	543300	545.7	545700	3.3999634	3399	""osoba1""
""osoba1""		544.5	544500	545.7	545700	2.2000122	2200	""osoba1""
""osoba2""		546.0	546000	566.7	566700	21.700012	21700	""osoba2""
""osoba2""		549.9	549900	566.7	566700	17.799988	17799	""osoba2""
""osoba1""		551.10004	551100	551.7	551700	1.5999756	1599	""osoba1""
""osoba2""		555.0	555000	566.7	566700	12.700012	12700	""osoba2""
""osoba2""		556.2	556200	566.7	566700	11.5	11500	""osoba2""
""osoba2""		558.30005	558300	566.7	566700	9.399963	9399	""osoba2""
""osoba4""		558.30005	558300	579.30005	579300	22.0	22000	""osoba4""
""osoba1""		558.9	558900	559.5	559500	1.5999756	1599	""osoba1""
""osoba2""		561.30005	561300	566.7	566700	6.3999634	6399	""osoba2""
""osoba4""		561.9	561900	579.30005	579300	18.400024	18400	""osoba4""
""osoba2""		562.5	562500	566.7	566700	5.200012	5200	""osoba2""
""osoba4""		564.0	564000	579.30005	579300	16.300049	16300	""osoba4""
""osoba2""		566.7	566700	566.7	566700	1.0	1000	""osoba2""
""osoba4""		566.7	566700	579.30005	579300	13.600037	13600	""osoba4""
""osoba1""		569.10004	569100	569.4	569400	1.2999878	1299	""osoba1""
""osoba4""		570.30005	570300	579.30005	579300	10.0	10000	""osoba4""
""osoba4""		571.2	571200	579.30005	579300	9.100037	9100	""osoba4""
""osoba4""		571.80005	571800	579.30005	579300	8.5	8500	""osoba4""
""osoba4""		573.0	573000	579.30005	579300	7.300049	7300	""osoba4""
""osoba4""		574.80005	574800	579.30005	579300	5.5	5500	""osoba4""
""osoba4""		577.2	577200	579.30005	579300	3.1000366	3100	""osoba4""
""osoba2""		579.30005	579300	603.30005	603300	25.0	25000	""osoba2""
""osoba2""		580.80005	580800	603.30005	603300	23.5	23500	""osoba2""
""osoba2""		585.60004	585600	603.30005	603300	18.700012	18700	""osoba2""
""osoba3""		586.5	586500	586.5	586500	1.0	1000	""osoba3""
""osoba2""		588.0	588000	603.30005	603300	16.300049	16300	""osoba2""
""osoba2""		588.9	588900	603.30005	603300	15.400024	15400	""osoba2""
""osoba2""		592.80005	592800	603.30005	603300	11.5	11500	""osoba2""
""osoba1""		593.7	593700	593.7	593700	1.0	1000	""osoba1""
""osoba2""		595.2	595200	603.30005	603300	9.100037	9100	""osoba2""
""osoba2""		597.30005	597300	603.30005	603300	7.0	7000	""osoba2""
""osoba1""		599.7	599700	612.9	612900	14.200012	14200	""osoba1""
""osoba4""		599.7	599700	600.0	600000	1.2999878	1299	""osoba4""
""osoba2""		600.60004	600600	603.30005	603300	3.7000122	3700	""osoba2""
""osoba1""		606.30005	606300	612.9	612900	7.5999756	7599	""osoba1""
""osoba1""		610.5	610500	612.9	612900	3.4000244	3400	""osoba1""
""osoba2""		610.80005	610800	622.2	622200	12.399963	12399	""osoba2""
""osoba2""		613.80005	613800	622.2	622200	9.399963	9399	""osoba2""
""osoba2""		614.4	614400	622.2	622200	8.799988	8799	""osoba2""
""osoba2""		619.5	619500	622.2	622200	3.7000122	3700	""osoba2""
""osoba2""		620.7	620700	622.2	622200	2.5	2500	""osoba2""
""osoba1""		621.30005	621300	646.2	646200	25.899963	25899	""osoba1""
""osoba1""		624.9	624900	646.2	646200	22.299988	22299	""osoba1""
""osoba1""		626.4	626400	646.2	646200	20.799988	20799	""osoba1""
""osoba3""		628.5	628500	629.10004	629100	1.6000366	1600	""osoba3""
""osoba1""		630.30005	630300	646.2	646200	16.899963	16899	""osoba1""
""osoba1""		633.30005	633300	646.2	646200	13.899963	13899	""osoba1""
""osoba1""		635.10004	635100	646.2	646200	12.099976	12099	""osoba1""
""osoba3""		636.0	636000	636.0	636000	1.0	1000	""osoba3""
""osoba2""		636.30005	636300	636.60004	636600	1.2999878	1299	""osoba2""
""osoba1""		637.5	637500	646.2	646200	9.700012	9700	""osoba1""
""osoba1""		638.10004	638100	646.2	646200	9.099976	9099	""osoba1""
""osoba1""		641.10004	641100	646.2	646200	6.0999756	6099	""osoba1""
""osoba1""		645.0	645000	646.2	646200	2.2000122	2200	""osoba1""
""osoba4""		645.9	645900	653.10004	653100	8.200012	8200	""osoba4""
""osoba4""		648.30005	648300	653.10004	653100	5.799988	5799	""osoba4""
""osoba4""		650.10004	650100	653.10004	653100	4.0	4000	""osoba4""
""osoba1""		653.10004	653100	656.4	656400	4.299988	4299	""osoba1""
""osoba1""		654.30005	654300	656.4	656400	3.0999756	3099	""osoba1""
""osoba4""		655.80005	655800	682.2	682200	27.399963	27399	""osoba4""
""osoba1""		656.4	656400	656.4	656400	1.0	1000	""osoba1""
""osoba4""		659.7	659700	682.2	682200	23.5	23500	""osoba4""
""osoba4""		660.30005	660300	682.2	682200	22.899963	22899	""osoba4""
""osoba3""		662.4	662400	662.7	662700	1.2999878	1299	""osoba3""
""osoba4""		663.60004	663600	682.2	682200	19.599976	19599	""osoba4""
""osoba4""		664.80005	664800	682.2	682200	18.399963	18399	""osoba4""
""osoba4""		666.0	666000	682.2	682200	17.200012	17200	""osoba4""
""osoba4""		666.9	666900	682.2	682200	16.299988	16299	""osoba4""
""osoba4""		669.60004	669600	682.2	682200	13.599976	13599	""osoba4""
""osoba1""		670.5	670500	672.60004	672600	3.1000366	3100	""osoba1""
""osoba3""		676.5	676500	677.10004	677100	1.6000366	1600	""osoba3""
""osoba2""		680.10004	680100	695.10004	695100	16.0	16000	""osoba2""
""osoba3""		680.4	680400	680.4	680400	1.0	1000	""osoba3""
""osoba2""		684.9	684900	695.10004	695100	11.200012	11200	""osoba2""
""osoba2""		685.80005	685800	695.10004	695100	10.299988	10299	""osoba2""
""osoba1""		686.10004	686100	688.5	688500	3.3999634	3399	""osoba1""
""osoba1""		687.0	687000	688.5	688500	2.5	2500	""osoba1""
""osoba4""		687.0	687000	687.0	687000	1.0	1000	""osoba4""
""osoba2""		687.30005	687300	695.10004	695100	8.799988	8799	""osoba2""
""osoba2""		693.30005	693300	695.10004	695100	2.7999878	2799	""osoba2""
""osoba3""		694.2	694200	698.7	698700	5.5	5500	""osoba3""
""osoba1""		694.5	694500	694.5	694500	1.0	1000	""osoba1""
""osoba3""		697.5	697500	698.7	698700	2.2000122	2200	""osoba3""
""osoba2""		698.10004	698100	742.80005	742800	45.700012	45700	""osoba2""
""osoba3""		698.4	698400	698.7	698700	1.2999878	1299	""osoba3""
""osoba2""		704.10004	704100	742.80005	742800	39.700012	39700	""osoba2""
""osoba2""		708.30005	708300	742.80005	742800	35.5	35500	""osoba2""
""osoba2""		710.7	710700	742.80005	742800	33.100037	33100	""osoba2""
""osoba2""		711.30005	711300	742.80005	742800	32.5	32500	""osoba2""
""osoba1""		713.10004	713100	713.4	713400	1.2999878	1299	""osoba1""
""osoba2""		715.5	715500	742.80005	742800	28.300049	28300	""osoba2""
""osoba2""		716.7	716700	742.80005	742800	27.100037	27100	""osoba2""
""osoba2""		718.2	718200	742.80005	742800	25.600037	25600	""osoba2""
""osoba2""		720.0	720000	742.80005	742800	23.800049	23800	""osoba2""
""osoba2""		724.2	724200	742.80005	742800	19.600037	19600	""osoba2""
""osoba2""		725.10004	725100	742.80005	742800	18.700012	18700	""osoba2""
""osoba1""		726.9	726900	726.9	726900	1.0	1000	""osoba1""
""osoba2""		726.9	726900	742.80005	742800	16.900024	16900	""osoba2""
""osoba2""		728.7	728700	742.80005	742800	15.100037	15100	""osoba2""
""osoba1""		730.80005	730800	734.4	734400	4.5999756	4599	""osoba1""
""osoba2""		730.80005	730800	742.80005	742800	13.0	13000	""osoba2""
""osoba2""		732.9	732900	742.80005	742800	10.900024	10900	""osoba2""
""osoba1""		733.2	733200	734.4	734400	2.2000122	2200	""osoba1""
""osoba2""		736.2	736200	742.80005	742800	7.6000366	7600	""osoba2""
""osoba2""		736.80005	736800	742.80005	742800	7.0	7000	""osoba2""
""osoba2""		738.0	738000	742.80005	742800	5.800049	5800	""osoba2""
""osoba2""		740.4	740400	742.80005	742800	3.4000244	3400	""osoba2""
""osoba2""		741.0	741000	742.80005	742800	2.8000488	2800	""osoba2""
""osoba3""		741.60004	741600	741.60004	741600	1.0	1000	""osoba3""
""osoba1""		742.5	742500	757.5	757500	16.0	16000	""osoba1""
""osoba1""		744.0	744000	757.5	757500	14.5	14500	""osoba1""
""osoba1""		746.7	746700	757.5	757500	11.799988	11799	""osoba1""
""osoba1""		748.2	748200	757.5	757500	10.299988	10299	""osoba1""
""osoba1""		750.30005	750300	757.5	757500	8.199951	8199	""osoba1""
""osoba1""		751.2	751200	757.5	757500	7.299988	7299	""osoba1""
""osoba1""		753.60004	753600	757.5	757500	4.8999634	4899	""osoba1""
""osoba4""		753.9	753900	753.9	753900	1.0	1000	""osoba4""
""osoba3""		754.2	754200	761.10004	761100	7.9000244	7900	""osoba3""
""osoba1""		755.10004	755100	757.5	757500	3.3999634	3399	""osoba1""
""osoba1""		757.2	757200	757.5	757500	1.2999878	1299	""osoba1""
""osoba3""		757.2	757200	761.10004	761100	4.9000244	4900	""osoba3""
""osoba3""		760.2	760200	761.10004	761100	1.9000244	1900	""osoba3""
""osoba1""		760.5	760500	772.2	772200	12.700012	12700	""osoba1""
""osoba1""		762.9	762900	772.2	772200	10.299988	10299	""osoba1""
""osoba1""		765.60004	765600	772.2	772200	7.5999756	7599	""osoba1""
""osoba1""		767.10004	767100	772.2	772200	6.0999756	6099	""osoba1""
""osoba1""		768.9	768900	772.2	772200	4.299988	4299	""osoba1""
""osoba4""		772.50006	772500	804.30005	804300	32.799988	32799	""osoba4""
""osoba3""		773.10004	773100	775.2	775200	3.0999756	3099	""osoba3""
""osoba4""		778.80005	778800	804.30005	804300	26.5	26500	""osoba4""
""osoba4""		783.30005	783300	804.30005	804300	22.0	22000	""osoba4""
""osoba1""		783.9	783900	783.9	783900	1.0	1000	""osoba1""
""osoba4""		787.2	787200	804.30005	804300	18.100037	18100	""osoba4""
""osoba4""		789.9	789900	804.30005	804300	15.400024	15400	""osoba4""
""osoba4""		791.4	791400	804.30005	804300	13.900024	13900	""osoba4""
""osoba4""		794.7	794700	804.30005	804300	10.600037	10600	""osoba4""
""osoba4""		798.00006	798000	804.30005	804300	7.299988	7299	""osoba4""
""osoba2""		800.7	800700	806.4	806400	6.700012	6700	""osoba2""
""osoba2""		801.9	801900	806.4	806400	5.5	5500	""osoba2""
""osoba3""		806.4	806400	815.4	815400	10.0	10000	""osoba3""
""osoba3""		808.2	808200	815.4	815400	8.200012	8200	""osoba3""
""osoba3""		810.60004	810600	815.4	815400	5.799988	5799	""osoba3""
""osoba3""		811.80005	811800	815.4	815400	4.5999756	4599	""osoba3""
""osoba1""		814.50006	814500	816.9	816900	3.3999634	3399	""osoba1""
""osoba4""		816.00006	816000	824.10004	824100	9.099976	9099	""osoba4""
""osoba1""		816.9	816900	816.9	816900	1.0	1000	""osoba1""
""osoba4""		821.10004	821100	824.10004	824100	4.0	4000	""osoba4""
""osoba4""		821.7	821700	824.10004	824100	3.4000244	3400	""osoba4""
""osoba4""		822.9	822900	824.10004	824100	2.2000122	2200	""osoba4""
""osoba1""		823.2	823200	854.10004	854100	31.900024	31900	""osoba1""
""osoba1""		827.10004	827100	854.10004	854100	28.0	28000	""osoba1""
""osoba1""		828.60004	828600	854.10004	854100	26.5	26500	""osoba1""
""osoba1""		829.80005	829800	854.10004	854100	25.299988	25299	""osoba1""
""osoba1""		833.10004	833100	854.10004	854100	22.0	22000	""osoba1""
""osoba1""		834.30005	834300	854.10004	854100	20.799988	20799	""osoba1""
""osoba1""		835.80005	835800	854.10004	854100	19.299988	19299	""osoba1""
""osoba1""		836.7	836700	854.10004	854100	18.400024	18400	""osoba1""
""osoba1""		838.50006	838500	854.10004	854100	16.599976	16599	""osoba1""
""osoba3""		838.80005	838800	842.4	842400	4.5999756	4599	""osoba3""
""osoba2""		840.00006	840000	840.60004	840600	1.5999756	1599	""osoba2""
""osoba1""		840.30005	840300	854.10004	854100	14.799988	14799	""osoba1""
""osoba1""		841.80005	841800	854.10004	854100	13.299988	13299	""osoba1""
""osoba2""		842.7	842700	845.10004	845100	3.4000244	3400	""osoba2""
""osoba1""		844.80005	844800	854.10004	854100	10.299988	10299	""osoba1""
""osoba1""		850.50006	850500	854.10004	854100	4.5999756	4599	""osoba1""
""osoba1""		852.9	852900	854.10004	854100	2.2000122	2200	""osoba1""
""osoba3""		853.80005	853800	875.7	875700	22.899963	22899	""osoba3""
""osoba3""		854.7	854700	875.7	875700	22.0	22000	""osoba3""
""osoba3""		855.30005	855300	875.7	875700	21.399963	21399	""osoba3""
""osoba3""		856.2	856200	875.7	875700	20.5	20500	""osoba3""
""osoba3""		857.7	857700	875.7	875700	19.0	19000	""osoba3""
""osoba3""		858.9	858900	875.7	875700	17.799988	17799	""osoba3""
""osoba3""		861.00006	861000	875.7	875700	15.699951	15699	""osoba3""
""osoba1""		861.60004	861600	861.60004	861600	1.0	1000	""osoba1""
""osoba3""		862.50006	862500	875.7	875700	14.199951	14199	""osoba3""
""osoba3""		865.2	865200	875.7	875700	11.5	11500	""osoba3""
""osoba3""		867.60004	867600	875.7	875700	9.099976	9099	""osoba3""
""osoba3""		871.80005	871800	875.7	875700	4.8999634	4899	""osoba3""
""osoba1""		875.10004	875100	887.7	887700	13.599976	13599	""osoba1""
""osoba1""		876.60004	876600	887.7	887700	12.099976	12099	""osoba1""
""osoba1""		879.30005	879300	887.7	887700	9.399963	9399	""osoba1""
""osoba3""		880.2	880200	881.10004	881100	1.9000244	1900	""osoba3""
""osoba2""		881.4	881400	881.4	881400	1.0	1000	""osoba2""
""osoba2""		886.2	886200	888.60004	888600	3.4000244	3400	""osoba2""
""osoba1""		887.10004	887100	887.7	887700	1.5999756	1599	""osoba1""
""osoba3""		888.9	888900	904.2	904200	16.299988	16299	""osoba3""
""osoba3""		889.80005	889800	904.2	904200	15.399963	15399	""osoba3""
""osoba3""		891.30005	891300	904.2	904200	13.899963	13899	""osoba3""
""osoba1""		892.50006	892500	894.00006	894000	2.5	2500	""osoba1""
""osoba3""		892.50006	892500	904.2	904200	12.699951	12699	""osoba3""
""osoba3""		894.60004	894600	904.2	904200	10.599976	10599	""osoba3""
""osoba3""		895.2	895200	904.2	904200	10.0	10000	""osoba3""
""osoba3""		897.60004	897600	904.2	904200	7.5999756	7599	""osoba3""
""osoba3""		898.50006	898500	904.2	904200	6.699951	6699	""osoba3""
""osoba3""		899.10004	899100	904.2	904200	6.0999756	6099	""osoba3""
""osoba3""		902.10004	902100	904.2	904200	3.0999756	3099	""osoba3""
""osoba3""		903.9	903900	904.2	904200	1.2999878	1299	""osoba3""
""osoba1""		904.2	904200	935.4	935400	32.200012	32200	""osoba1""
""osoba1""		906.9	906900	935.4	935400	29.5	29500	""osoba1""
""osoba3""		909.00006	909000	909.00006	909000	1.0	1000	""osoba3""
""osoba4""		910.80005	910800	911.10004	911100	1.2999878	1299	""osoba4""
""osoba1""		911.10004	911100	935.4	935400	25.299988	25299	""osoba1""
""osoba3""		911.4	911400	913.2	913200	2.7999878	2799	""osoba3""
""osoba1""		913.2	913200	935.4	935400	23.200012	23200	""osoba1""
""osoba1""		914.10004	914100	935.4	935400	22.299988	22299	""osoba1""
""osoba1""		915.9	915900	935.4	935400	20.5	20500	""osoba1""
""osoba2""		915.9	915900	916.50006	916500	1.6000366	1600	""osoba2""
""osoba1""		917.10004	917100	935.4	935400	19.299988	19299	""osoba1""
""osoba4""		918.9	918900	919.50006	919500	1.6000366	1600	""osoba4""
""osoba1""		920.4	920400	935.4	935400	16.0	16000	""osoba1""
""osoba1""		921.30005	921300	935.4	935400	15.099976	15099	""osoba1""
""osoba1""		923.10004	923100	935.4	935400	13.299988	13299	""osoba1""
""osoba3""		924.00006	924000	926.4	926400	3.3999634	3399	""osoba3""
""osoba1""		924.30005	924300	935.4	935400	12.099976	12099	""osoba1""
""osoba1""		927.60004	927600	935.4	935400	8.799988	8799	""osoba1""
""osoba1""		929.10004	929100	935.4	935400	7.299988	7299	""osoba1""
""osoba1""		929.7	929700	935.4	935400	6.700012	6700	""osoba1""
""osoba1""		930.9	930900	935.4	935400	5.5	5500	""osoba1""
""osoba1""		931.80005	931800	935.4	935400	4.5999756	4599	""osoba1""
""osoba4""		933.60004	933600	937.2	937200	4.5999756	4599	""osoba4""
""osoba2""		933.9	933900	933.9	933900	1.0	1000	""osoba2""
""osoba3""		933.9	933900	940.2	940200	7.299988	7299	""osoba3""
""osoba4""		936.60004	936600	937.2	937200	1.5999756	1599	""osoba4""
""osoba2""		940.2	940200	948.30005	948300	9.100037	9100	""osoba2""
""osoba3""		940.2	940200	940.2	940200	1.0	1000	""osoba3""
""osoba2""		942.60004	942600	948.30005	948300	6.700012	6700	""osoba2""
""osoba2""		944.10004	944100	948.30005	948300	5.200012	5200	""osoba2""
""osoba2""		945.00006	945000	948.30005	948300	4.299988	4299	""osoba2""
""osoba2""		945.9	945900	948.30005	948300	3.4000244	3400	""osoba2""
""osoba2""		946.50006	946500	948.30005	948300	2.7999878	2799	""osoba2""
""osoba2""		947.4	947400	948.30005	948300	1.9000244	1900	""osoba2""
""osoba1""		948.30005	948300	972.30005	972300	25.0	25000	""osoba1""
""osoba1""		948.9	948900	972.30005	972300	24.400024	24400	""osoba1""
""osoba1""		949.50006	949500	972.30005	972300	23.799988	23799	""osoba1""
""osoba2""		950.7	950700	953.4	953400	3.7000122	3700	""osoba2""
""osoba1""		951.30005	951300	972.30005	972300	22.0	22000	""osoba1""
""osoba3""		962.4	962400	964.2	964200	2.7999878	2799	""osoba3""
""osoba3""		964.2	964200	964.2	964200	1.0	1000	""osoba3""
""osoba1""		964.80005	964800	972.30005	972300	8.5	8500	""osoba1""
""osoba1""		965.4	965400	972.30005	972300	7.9000244	7900	""osoba1""
""osoba1""		966.30005	966300	972.30005	972300	7.0	7000	""osoba1""
""osoba1""		972.30005	972300	972.30005	972300	1.0	1000	""osoba1""
""osoba3""		972.30005	972300	981.30005	981300	10.0	10000	""osoba3""
""osoba3""		973.80005	973800	981.30005	981300	8.5	8500	""osoba3""
""osoba4""		974.10004	974100	976.2	976200	3.0999756	3099	""osoba4""
""osoba3""		977.7	977700	981.30005	981300	4.6000366	4600	""osoba3""
""osoba3""		981.00006	981000	981.30005	981300	1.2999878	1299	""osoba3""
""osoba4""		981.60004	981600	985.2	985200	4.5999756	4599	""osoba4""
""osoba4""		983.4	983400	985.2	985200	2.7999878	2799	""osoba4""
""osoba1""		984.30005	984300	994.50006	994500	11.200012	11200	""osoba1""
""osoba1""		985.80005	985800	994.50006	994500	9.700012	9700	""osoba1""
""osoba1""		986.4	986400	994.50006	994500	9.100037	9100	""osoba1""
""osoba1""		987.00006	987000	994.50006	994500	8.5	8500	""osoba1""
""osoba1""		988.2	988200	994.50006	994500	7.300049	7300	""osoba1""
""osoba1""		989.10004	989100	994.50006	994500	6.4000244	6400	""osoba1""
""osoba1""		990.00006	990000	994.50006	994500	5.5	5500	""osoba1""
""osoba1""		991.50006	991500	994.50006	994500	4.0	4000	""osoba1""
""osoba1""		992.7	992700	994.50006	994500	2.8000488	2800	""osoba1""
""osoba4""		993.30005	993300	999.9	999900	7.5999756	7599	""osoba4""
""osoba4""		995.7	995700	999.9	999900	5.200012	5200	""osoba4""
""osoba4""		997.2	997200	999.9	999900	3.7000122	3700	""osoba4""
""osoba4""		998.4	998400	999.9	999900	2.5	2500	""osoba4""
""osoba1""		999.30005	999300	1011.9	1011900	13.599976	13599	""osoba1""
""osoba2""		999.60004	999600	1001.4	1001400	2.7999878	2799	""osoba2""
""osoba4""		999.60004	999600	999.9	999900	1.2999878	1299	""osoba4""
""osoba2""		1001.4	1001400	1001.4	1001400	1.0	1000	""osoba2""
""osoba3""		1004.7	1004700	1005.00006	1005000	1.3000488	1300	""osoba3""
""osoba1""		1007.10004	1007100	1011.9	1011900	5.799988	5799	""osoba1""
""osoba2""		1007.10004	1007100	1009.50006	1009500	3.4000244	3400	""osoba2""
""osoba2""		1008.30005	1008300	1009.50006	1009500	2.2000122	2200	""osoba2""
""osoba1""		1008.60004	1008600	1011.9	1011900	4.299988	4299	""osoba1""
""osoba4""		1011.60004	1011600	1011.9	1011900	1.2999878	1299	""osoba4""
""osoba3""		1012.80005	1012800	1042.2001	1042200	30.400024	30400	""osoba3""
""osoba3""		1015.50006	1015500	1042.2001	1042200	27.700012	27700	""osoba3""
""osoba3""		1016.10004	1016100	1042.2001	1042200	27.100037	27100	""osoba3""
""osoba3""		1017.30005	1017300	1042.2001	1042200	25.900024	25900	""osoba3""
""osoba3""		1019.4	1019400	1042.2001	1042200	23.800049	23800	""osoba3""
""osoba3""		1020.9	1020900	1042.2001	1042200	22.300049	22300	""osoba3""
""osoba3""		1021.80005	1021800	1042.2001	1042200	21.400024	21400	""osoba3""
""osoba4""		1023.00006	1023000	1023.00006	1023000	1.0	1000	""osoba4""
""osoba3""		1023.60004	1023600	1042.2001	1042200	19.600037	19600	""osoba3""
""osoba3""		1024.5	1024500	1042.2001	1042200	18.700073	18700	""osoba3""
""osoba3""		1025.1001	1025100	1042.2001	1042200	18.099976	18099	""osoba3""
""osoba3""		1025.7001	1025700	1042.2001	1042200	17.5	17500	""osoba3""
""osoba4""		1027.2001	1027200	1027.2001	1027200	1.0	1000	""osoba4""
""osoba1""		1028.7001	1028700	1028.7001	1028700	1.0	1000	""osoba1""
""osoba3""		1029.0	1029000	1042.2001	1042200	14.200073	14200	""osoba3""
""osoba3""		1032.3	1032300	1042.2001	1042200	10.900024	10900	""osoba3""
""osoba3""		1033.5	1033500	1042.2001	1042200	9.700073	9700	""osoba3""
""osoba3""		1036.8	1036800	1042.2001	1042200	6.4000244	6400	""osoba3""
""osoba1""		1037.7001	1037700	1037.7001	1037700	1.0	1000	""osoba1""
""osoba3""		1037.7001	1037700	1042.2001	1042200	5.5	5500	""osoba3""
""osoba3""		1038.6001	1038600	1042.2001	1042200	4.5999756	4599	""osoba3""
""osoba3""		1039.2001	1039200	1042.2001	1042200	4.0	4000	""osoba3""
""osoba3""		1041.0	1041000	1042.2001	1042200	2.2000732	2200	""osoba3""
""osoba4""		1041.9	1041900	1057.2001	1057200	16.300049	16300	""osoba4""
""osoba4""		1043.4	1043400	1057.2001	1057200	14.800049	14800	""osoba4""
""osoba4""		1046.4	1046400	1057.2001	1057200	11.800049	11800	""osoba4""
""osoba4""		1047.9	1047900	1057.2001	1057200	10.300049	10300	""osoba4""
""osoba4""		1050.0	1050000	1057.2001	1057200	8.200073	8200	""osoba4""
""osoba4""		1050.6001	1050600	1057.2001	1057200	7.5999756	7599	""osoba4""
""osoba4""		1051.5	1051500	1057.2001	1057200	6.7000732	6700	""osoba4""
""osoba4""		1052.7001	1052700	1057.2001	1057200	5.5	5500	""osoba4""
""osoba4""		1054.2001	1054200	1057.2001	1057200	4.0	4000	""osoba4""
""osoba1""		1056.6001	1056600	1094.7001	1094700	39.099976	39099	""osoba1""
""osoba1""		1058.4	1058400	1094.7001	1094700	37.30005	37300	""osoba1""
""osoba1""		1060.2001	1060200	1094.7001	1094700	35.5	35500	""osoba1""
""osoba1""		1061.4	1061400	1094.7001	1094700	34.30005	34300	""osoba1""
""osoba1""		1062.6001	1062600	1094.7001	1094700	33.099976	33099	""osoba1""
""osoba3""		1062.6001	1062600	1062.9	1062900	1.2999268	1299	""osoba3""
""osoba1""		1064.4	1064400	1094.7001	1094700	31.300049	31300	""osoba1""
""osoba4""		1067.1001	1067100	1068.3	1068300	2.1999512	2199	""osoba4""
""osoba1""		1070.4	1070400	1094.7001	1094700	25.300049	25300	""osoba1""
""osoba1""		1073.1001	1073100	1094.7001	1094700	22.599976	22599	""osoba1""
""osoba3""		1073.4	1073400	1073.7001	1073700	1.3000488	1300	""osoba3""
""osoba1""		1074.6001	1074600	1094.7001	1094700	21.099976	21099	""osoba1""
""osoba1""		1076.4	1076400	1094.7001	1094700	19.300049	19300	""osoba1""
""osoba1""		1077.3	1077300	1094.7001	1094700	18.400024	18400	""osoba1""
""osoba1""		1081.5	1081500	1094.7001	1094700	14.200073	14200	""osoba1""
""osoba1""		1083.0	1083000	1094.7001	1094700	12.700073	12700	""osoba1""
""osoba1""		1084.5	1084500	1094.7001	1094700	11.200073	11200	""osoba1""
""osoba1""		1086.6001	1086600	1094.7001	1094700	9.099976	9099	""osoba1""
""osoba1""		1089.6001	1089600	1094.7001	1094700	6.0999756	6099	""osoba1""
""osoba1""		1090.2001	1090200	1094.7001	1094700	5.5	5500	""osoba1""
""osoba3""		1092.0	1092000	1099.8	1099800	8.800049	8800	""osoba3""
""osoba3""		1095.3	1095300	1099.8	1099800	5.5	5500	""osoba3""
""osoba3""		1096.8	1096800	1099.8	1099800	4.0	4000	""osoba3""
""osoba3""		1098.3	1098300	1099.8	1099800	2.5	2500	""osoba3""
""osoba3""		1099.2001	1099200	1099.8	1099800	1.5999756	1599	""osoba3""
""osoba1""		1099.8	1099800	1107.3	1107300	8.5	8500	""osoba1""
""osoba1""		1101.3	1101300	1107.3	1107300	7.0	7000	""osoba1""
""osoba2""		1103.4	1103400	1105.2001	1105200	2.8000488	2800	""osoba2""
""osoba1""		1104.3	1104300	1107.3	1107300	4.0	4000	""osoba1""
""osoba2""		1105.2001	1105200	1105.2001	1105200	1.0	1000	""osoba2""
""osoba3""		1105.5	1105500	1119.0	1119000	14.5	14500	""osoba3""
""osoba1""		1106.7001	1106700	1107.3	1107300	1.5999756	1599	""osoba1""
""osoba3""		1110.9	1110900	1119.0	1119000	9.099976	9099	""osoba3""
""osoba3""		1111.5	1111500	1119.0	1119000	8.5	8500	""osoba3""
""osoba3""		1113.3	1113300	1119.0	1119000	6.699951	6699	""osoba3""
""osoba1""		1114.5	1114500	1114.5	1114500	1.0	1000	""osoba1""
""osoba3""		1114.5	1114500	1119.0	1119000	5.5	5500	""osoba3""
""osoba1""		1119.0	1119000	1124.7001	1124700	6.7000732	6700	""osoba1""
""osoba3""		1119.0	1119000	1119.0	1119000	1.0	1000	""osoba3""
""osoba1""		1119.6001	1119600	1124.7001	1124700	6.0999756	6099	""osoba1""
""osoba4""		1122.6001	1122600	1131.6001	1131600	10.0	10000	""osoba4""
""osoba1""		1123.5	1123500	1124.7001	1124700	2.2000732	2200	""osoba1""
""osoba4""		1127.1001	1127100	1131.6001	1131600	5.5	5500	""osoba4""
""osoba2""		1127.7001	1127700	1137.3	1137300	10.599976	10599	""osoba2""
""osoba2""		1134.3	1134300	1137.3	1137300	4.0	4000	""osoba2""
""osoba2""		1136.7001	1136700	1137.3	1137300	1.5999756	1599	""osoba2""
""osoba1""		1137.3	1137300	1141.5	1141500	5.199951	5199	""osoba1""
""osoba2""		1137.3	1137300	1137.3	1137300	1.0	1000	""osoba2""
""osoba1""		1139.1001	1139100	1141.5	1141500	3.3999023	3399	""osoba1""
""osoba1""		1140.3	1140300	1141.5	1141500	2.1999512	2199	""osoba1""
""osoba2""		1140.9	1140900	1144.2001	1144200	4.300049	4300	""osoba2""
""osoba2""		1143.0	1143000	1144.2001	1144200	2.2000732	2200	""osoba2""
""osoba1""		1143.6001	1143600	1146.3	1146300	3.6999512	3699	""osoba1""
""osoba4""		1144.8	1144800	1149.6001	1149600	5.800049	5800	""osoba4""
""osoba3""		1148.1001	1148100	1154.7001	1154700	7.5999756	7599	""osoba3""
""osoba3""		1150.2001	1150200	1154.7001	1154700	5.5	5500	""osoba3""
""osoba3""		1151.4	1151400	1154.7001	1154700	4.300049	4300	""osoba3""
""osoba1""		1152.6001	1152600	1152.9	1152900	1.2999268	1299	""osoba1""
""osoba2""		1154.7001	1154700	1156.2001	1156200	2.5	2500	""osoba2""
""osoba1""		1155.3	1155300	1165.5	1165500	11.199951	11199	""osoba1""
""osoba1""		1160.1001	1160100	1165.5	1165500	6.3999023	6399	""osoba1""
""osoba1""		1163.4	1163400	1165.5	1165500	3.0999756	3099	""osoba1""
""osoba4""		1164.3	1164300	1177.8	1177800	14.5	14500	""osoba4""
""osoba4""		1166.7001	1166700	1177.8	1177800	12.099976	12099	""osoba4""
""osoba4""		1167.3	1167300	1177.8	1177800	11.5	11500	""osoba4""
""osoba4""		1169.1001	1169100	1177.8	1177800	9.699951	9699	""osoba4""
""osoba4""		1169.7001	1169700	1177.8	1177800	9.099976	9099	""osoba4""
""osoba1""		1175.1001	1175100	1194.0	1194000	19.899902	19899	""osoba1""
""osoba1""		1178.7001	1178700	1194.0	1194000	16.299927	16299	""osoba1""
""osoba3""		1179.0	1179000	1179.9	1179900	1.9000244	1900	""osoba3""
""osoba1""		1182.3	1182300	1194.0	1194000	12.699951	12699	""osoba1""
""osoba1""		1185.9	1185900	1194.0	1194000	9.099976	9099	""osoba1""
""osoba2""		1187.7001	1187700	1189.2001	1189200	2.5	2500	""osoba2""
""osoba4""		1191.6001	1191600	1191.6001	1191600	1.0	1000	""osoba4""
""osoba3""		1192.5	1192500	1193.4	1193400	1.9000244	1900	""osoba3""
""osoba1""		1193.7001	1193700	1194.0	1194000	1.2999268	1299	""osoba1""
""osoba4""		1194.0	1194000	1218.9	1218900	25.900024	25900	""osoba4""
""osoba4""		1195.8	1195800	1218.9	1218900	24.099976	24099	""osoba4""
""osoba2""		1196.7001	1196700	1196.7001	1196700	1.0	1000	""osoba2""
""osoba4""		1200.0	1200000	1218.9	1218900	19.900024	19900	""osoba4""
""osoba4""		1201.5	1201500	1218.9	1218900	18.400024	18400	""osoba4""
""osoba4""		1203.9	1203900	1218.9	1218900	16.0	16000	""osoba4""
""osoba4""		1205.4	1205400	1218.9	1218900	14.5	14500	""osoba4""
""osoba4""		1206.0	1206000	1218.9	1218900	13.900024	13900	""osoba4""
""osoba4""		1206.6001	1206600	1218.9	1218900	13.299927	13299	""osoba4""
""osoba4""		1207.8	1207800	1218.9	1218900	12.099976	12099	""osoba4""
""osoba4""		1209.3	1209300	1218.9	1218900	10.599976	10599	""osoba4""
""osoba1""		1210.5	1210500	1211.1001	1211100	1.6000977	1600	""osoba1""
""osoba3""		1213.5	1213500	1215.0	1215000	2.5	2500	""osoba3""
""osoba1""		1213.8	1213800	1234.8	1234800	22.0	22000	""osoba1""
""osoba1""		1215.3	1215300	1234.8	1234800	20.5	20500	""osoba1""
""osoba1""		1222.2001	1222200	1234.8	1234800	13.599976	13599	""osoba1""
""osoba1""		1225.8	1225800	1234.8	1234800	10.0	10000	""osoba1""
""osoba1""		1226.7001	1226700	1234.8	1234800	9.099976	9099	""osoba1""
""osoba1""		1228.5	1228500	1234.8	1234800	7.300049	7300	""osoba1""
""osoba1""		1232.1001	1232100	1234.8	1234800	3.6999512	3699	""osoba1""
""osoba1""		1232.7001	1232700	1234.8	1234800	3.0999756	3099	""osoba1""
""osoba2""		1233.6001	1233600	1233.6001	1233600	1.0	1000	""osoba2""
""osoba4""		1234.8	1234800	1263.0	1263000	29.199951	29199	""osoba4""
""osoba4""		1236.0	1236000	1263.0	1263000	28.0	28000	""osoba4""
""osoba4""		1237.5	1237500	1263.0	1263000	26.5	26500	""osoba4""
""osoba4""		1241.4	1241400	1263.0	1263000	22.599976	22599	""osoba4""
""osoba4""		1243.5	1243500	1263.0	1263000	20.5	20500	""osoba4""
""osoba4""		1245.0	1245000	1263.0	1263000	19.0	19000	""osoba4""
""osoba3""		1246.5	1246500	1246.8	1246800	1.3000488	1300	""osoba3""
""osoba4""		1248.9	1248900	1263.0	1263000	15.099976	15099	""osoba4""
""osoba4""		1250.7001	1250700	1263.0	1263000	13.299927	13299	""osoba4""
""osoba4""		1256.4	1256400	1263.0	1263000	7.5999756	7599	""osoba4""
""osoba4""		1261.5	1261500	1263.0	1263000	2.5	2500	""osoba4""
""osoba2""		1263.0	1263000	1277.1001	1277100	15.100098	15100	""osoba2""
""osoba2""		1264.2001	1264200	1277.1001	1277100	13.900024	13900	""osoba2""
""osoba1""		1264.5	1264500	1264.8	1264800	1.3000488	1300	""osoba1""
""osoba4""		1266.6001	1266600	1267.5	1267500	1.8999023	1899	""osoba4""
""osoba2""		1267.2001	1267200	1277.1001	1277100	10.900024	10900	""osoba2""
""osoba2""		1268.4	1268400	1277.1001	1277100	9.700073	9700	""osoba2""
""osoba2""		1269.6001	1269600	1277.1001	1277100	8.5	8500	""osoba2""
""osoba2""		1273.2001	1273200	1277.1001	1277100	4.9000244	4900	""osoba2""
""osoba2""		1274.1001	1274100	1277.1001	1277100	4.0	4000	""osoba2""
""osoba2""		1275.3	1275300	1277.1001	1277100	2.8000488	2800	""osoba2""
""osoba2""		1276.2001	1276200	1277.1001	1277100	1.9000244	1900	""osoba2""
""osoba4""		1277.4	1277400	1282.2001	1282200	5.800049	5800	""osoba4""
""osoba4""		1280.4	1280400	1282.2001	1282200	2.8000488	2800	""osoba4""
""osoba3""		1281.9	1281900	1287.9	1287900	7.0	7000	""osoba3""
""osoba3""		1283.1001	1283100	1287.9	1287900	5.7999268	5799	""osoba3""
""osoba3""		1284.9	1284900	1287.9	1287900	4.0	4000	""osoba3""
""osoba1""		1285.5	1285500	1285.5	1285500	1.0	1000	""osoba1""
""osoba3""		1286.7001	1286700	1287.9	1287900	2.1999512	2199	""osoba3""
""osoba4""		1286.7001	1286700	1290.9	1290900	5.199951	5199	""osoba4""
""osoba2""		1289.1001	1289100	1292.1001	1292100	4.0	4000	""osoba2""
""osoba1""		1289.4	1289400	1289.4	1289400	1.0	1000	""osoba1""
""osoba4""		1289.4	1289400	1290.9	1290900	2.5	2500	""osoba4""
""osoba1""		1292.4	1292400	1325.1001	1325100	33.700073	33700	""osoba1""
""osoba1""		1296.3	1296300	1325.1001	1325100	29.800049	29800	""osoba1""
""osoba1""		1297.8	1297800	1325.1001	1325100	28.300049	28300	""osoba1""
""osoba3""		1298.1001	1298100	1298.7001	1298700	1.5999756	1599	""osoba3""
""osoba1""		1298.4	1298400	1325.1001	1325100	27.700073	27700	""osoba1""
""osoba1""		1300.2001	1300200	1325.1001	1325100	25.900024	25900	""osoba1""
""osoba1""		1304.1001	1304100	1325.1001	1325100	22.0	22000	""osoba1""
""osoba1""		1305.0	1305000	1325.1001	1325100	21.100098	21100	""osoba1""
""osoba1""		1305.9	1305900	1325.1001	1325100	20.200073	20200	""osoba1""
""osoba1""		1307.4	1307400	1325.1001	1325100	18.700073	18700	""osoba1""
""osoba1""		1308.9	1308900	1325.1001	1325100	17.200073	17200	""osoba1""
""osoba1""		1311.0	1311000	1325.1001	1325100	15.100098	15100	""osoba1""
""osoba1""		1313.1001	1313100	1325.1001	1325100	13.0	13000	""osoba1""
""osoba3""		1317.0	1317000	1317.9	1317900	1.9000244	1900	""osoba3""
""osoba4""		1319.1001	1319100	1319.4	1319400	1.2999268	1299	""osoba4""
""osoba4""		1324.5	1324500	1359.0	1359000	35.5	35500	""osoba4""
""osoba1""		1324.8	1324800	1325.1001	1325100	1.3000488	1300	""osoba1""
""osoba4""		1327.2001	1327200	1359.0	1359000	32.799927	32799	""osoba4""
""osoba4""		1327.8	1327800	1359.0	1359000	32.19995	32199	""osoba4""
""osoba1""		1329.3	1329300	1330.2001	1330200	1.9000244	1900	""osoba1""
""osoba4""		1331.7001	1331700	1359.0	1359000	28.299927	28299	""osoba4""
""osoba4""		1333.2001	1333200	1359.0	1359000	26.799927	26799	""osoba4""
""osoba4""		1335.6001	1335600	1359.0	1359000	24.399902	24399	""osoba4""
""osoba4""		1336.8	1336800	1359.0	1359000	23.199951	23199	""osoba4""
""osoba4""		1337.4	1337400	1359.0	1359000	22.599976	22599	""osoba4""
""osoba4""		1339.5	1339500	1359.0	1359000	20.5	20500	""osoba4""
""osoba4""		1345.2001	1345200	1359.0	1359000	14.799927	14799	""osoba4""
""osoba4""		1349.1001	1349100	1359.0	1359000	10.899902	10899	""osoba4""
""osoba4""		1350.0	1350000	1359.0	1359000	10.0	10000	""osoba4""
""osoba2""		1350.9	1350900	1351.2001	1351200	1.3000488	1300	""osoba2""
""osoba1""		1353.0	1353000	1354.5	1354500	2.5	2500	""osoba1""
""osoba1""		1358.1001	1358100	1378.2001	1378200	21.099976	21099	""osoba1""
""osoba4""		1358.1001	1358100	1359.0	1359000	1.8999023	1899	""osoba4""
""osoba1""		1362.3	1362300	1378.2001	1378200	16.900024	16900	""osoba1""
""osoba1""		1364.4	1364400	1378.2001	1378200	14.800049	14800	""osoba1""
""osoba1""		1366.5	1366500	1378.2001	1378200	12.700073	12700	""osoba1""
""osoba1""		1368.3	1368300	1378.2001	1378200	10.900024	10900	""osoba1""
""osoba1""		1370.7001	1370700	1378.2001	1378200	8.5	8500	""osoba1""
""osoba1""		1373.7001	1373700	1378.2001	1378200	5.5	5500	""osoba1""
""osoba2""		1376.4	1376400	1395.0	1395000	19.599976	19599	""osoba2""
""osoba4""		1379.4	1379400	1379.7001	1379700	1.3000488	1300	""osoba4""
""osoba2""		1381.2001	1381200	1395.0	1395000	14.799927	14799	""osoba2""
""osoba3""		1382.7001	1382700	1382.7001	1382700	1.0	1000	""osoba3""
""osoba2""		1384.5	1384500	1395.0	1395000	11.5	11500	""osoba2""
""osoba2""		1386.0	1386000	1395.0	1395000	10.0	10000	""osoba2""
""osoba2""		1388.1001	1388100	1395.0	1395000	7.8999023	7899	""osoba2""
""osoba1""		1389.3	1389300	1391.4	1391400	3.0999756	3099	""osoba1""
""osoba3""		1394.4	1394400	1397.1001	1397100	3.7000732	3700	""osoba3""
""osoba1""		1396.8	1396800	1415.4	1415400	19.599976	19599	""osoba1""
""osoba3""		1396.8	1396800	1397.1001	1397100	1.3000488	1300	""osoba3""
""osoba1""		1400.1001	1400100	1415.4	1415400	16.299927	16299	""osoba1""
""osoba1""		1404.6001	1404600	1415.4	1415400	11.799927	11799	""osoba1""
""osoba1""		1406.4	1406400	1415.4	1415400	10.0	10000	""osoba1""
""osoba1""		1409.1001	1409100	1415.4	1415400	7.2999268	7299	""osoba1""
""osoba2""		1410.0	1410000	1411.2001	1411200	2.2000732	2200	""osoba2""
""osoba1""		1412.7001	1412700	1415.4	1415400	3.6999512	3699	""osoba1""
""osoba1""		1413.9	1413900	1415.4	1415400	2.5	2500	""osoba1""
""osoba4""		1414.2001	1414200	1424.4	1424400	11.199951	11199	""osoba4""
""osoba4""		1416.3	1416300	1424.4	1424400	9.099976	9099	""osoba4""
""osoba4""		1416.9	1416900	1424.4	1424400	8.5	8500	""osoba4""
""osoba4""		1421.1001	1421100	1424.4	1424400	4.2999268	4299	""osoba4""
""osoba4""		1422.0	1422000	1424.4	1424400	3.4000244	3400	""osoba4""
""osoba4""		1424.1001	1424100	1424.4	1424400	1.2999268	1299	""osoba4""
""osoba1""		1425.0	1425000	1438.2001	1438200	14.200073	14200	""osoba1""
""osoba2""		1425.0	1425000	1425.3	1425300	1.3000488	1300	""osoba2""
""osoba1""		1428.3	1428300	1438.2001	1438200	10.900024	10900	""osoba1""
""osoba1""		1429.5	1429500	1438.2001	1438200	9.700073	9700	""osoba1""
""osoba1""		1430.1001	1430100	1438.2001	1438200	9.099976	9099	""osoba1""
""osoba4""		1430.1001	1430100	1431.0	1431000	1.8999023	1899	""osoba4""
""osoba1""		1431.0	1431000	1438.2001	1438200	8.200073	8200	""osoba1""
""osoba1""		1434.0	1434000	1438.2001	1438200	5.2000732	5200	""osoba1""
""osoba1""		1435.2001	1435200	1438.2001	1438200	4.0	4000	""osoba1""
""osoba3""		1437.6001	1437600	1441.5	1441500	4.8999023	4899	""osoba3""
""osoba3""		1439.4	1439400	1441.5	1441500	3.0999756	3099	""osoba3""
""osoba4""		1440.3	1440300	1442.7001	1442700	3.4000244	3400	""osoba4""
""osoba2""		1443.0	1443000	1466.1001	1466100	24.100098	24100	""osoba2""
""osoba2""		1443.9	1443900	1466.1001	1466100	23.200073	23200	""osoba2""
""osoba1""		1444.8	1444800	1448.4	1448400	4.5999756	4599	""osoba1""
""osoba1""		1445.4	1445400	1448.4	1448400	4.0	4000	""osoba1""
""osoba2""		1446.9	1446900	1466.1001	1466100	20.200073	20200	""osoba2""
""osoba2""		1447.8	1447800	1466.1001	1466100	19.300049	19300	""osoba2""
""osoba1""		1448.1001	1448100	1448.4	1448400	1.2999268	1299	""osoba1""
""osoba2""		1449.3	1449300	1466.1001	1466100	17.800049	17800	""osoba2""
""osoba2""		1449.9	1449900	1466.1001	1466100	17.200073	17200	""osoba2""
""osoba2""		1451.4	1451400	1466.1001	1466100	15.700073	15700	""osoba2""
""osoba2""		1452.3	1452300	1466.1001	1466100	14.800049	14800	""osoba2""
""osoba2""		1452.9	1452900	1466.1001	1466100	14.200073	14200	""osoba2""
""osoba4""		1453.5	1453500	1454.1001	1454100	1.6000977	1600	""osoba4""
""osoba3""		1454.1001	1454100	1454.4	1454400	1.2999268	1299	""osoba3""
""osoba1""		1455.3	1455300	1455.3	1455300	1.0	1000	""osoba1""
""osoba2""		1456.5	1456500	1466.1001	1466100	10.600098	10600	""osoba2""
""osoba3""		1456.8	1456800	1457.1001	1457100	1.3000488	1300	""osoba3""
""osoba2""		1457.7001	1457700	1466.1001	1466100	9.400024	9400	""osoba2""
""osoba2""		1459.2001	1459200	1466.1001	1466100	7.9000244	7900	""osoba2""
""osoba2""		1462.2001	1462200	1466.1001	1466100	4.9000244	4900	""osoba2""
""osoba3""		1462.5	1462500	1462.5	1462500	1.0	1000	""osoba3""
""osoba2""		1464.3	1464300	1466.1001	1466100	2.8000488	2800	""osoba2""
""osoba2""		1466.1001	1466100	1466.1001	1466100	1.0	1000	""osoba2""
""osoba3""		1466.1001	1466100	1476.9	1476900	11.799927	11799	""osoba3""
""osoba3""		1467.9	1467900	1476.9	1476900	10.0	10000	""osoba3""
""osoba3""		1468.8	1468800	1476.9	1476900	9.099976	9099	""osoba3""
""osoba3""		1473.0	1473000	1476.9	1476900	4.9000244	4900	""osoba3""
""osoba1""		1474.2001	1474200	1479.6001	1479600	6.4000244	6400	""osoba1""
""osoba4""		1475.7001	1475700	1477.2001	1477200	2.5	2500	""osoba4""
""osoba1""		1478.1001	1478100	1479.6001	1479600	2.5	2500	""osoba1""
""osoba1""		1479.3	1479300	1479.6001	1479600	1.3000488	1300	""osoba1""
""osoba3""		1479.3	1479300	1483.8	1483800	5.5	5500	""osoba3""
""osoba3""		1481.4	1481400	1483.8	1483800	3.4000244	3400	""osoba3""
""osoba3""		1482.3	1482300	1483.8	1483800	2.5	2500	""osoba3""
""osoba4""		1483.5	1483500	1489.8	1489800	7.300049	7300	""osoba4""
""osoba1""		1485.6001	1485600	1534.2001	1534200	49.599976	49599	""osoba1""
""osoba4""		1486.2001	1486200	1489.8	1489800	4.5999756	4599	""osoba4""
""osoba4""		1486.8	1486800	1489.8	1489800	4.0	4000	""osoba4""
""osoba1""		1487.4	1487400	1534.2001	1534200	47.80005	47800	""osoba1""
""osoba4""		1488.6001	1488600	1489.8	1489800	2.1999512	2199	""osoba4""
""osoba1""		1490.4	1490400	1534.2001	1534200	44.80005	44800	""osoba1""
""osoba1""		1491.3	1491300	1534.2001	1534200	43.900024	43900	""osoba1""
""osoba1""		1491.9	1491900	1534.2001	1534200	43.30005	43300	""osoba1""
""osoba1""		1493.4	1493400	1534.2001	1534200	41.80005	41800	""osoba1""
""osoba1""		1494.6001	1494600	1534.2001	1534200	40.599976	40599	""osoba1""
""osoba1""		1497.0	1497000	1534.2001	1534200	38.200073	38200	""osoba1""
""osoba1""		1498.5	1498500	1534.2001	1534200	36.700073	36700	""osoba1""
""osoba1""		1501.5	1501500	1534.2001	1534200	33.700073	33700	""osoba1""
""osoba3""		1501.5	1501500	1502.1001	1502100	1.6000977	1600	""osoba3""
""osoba1""		1503.0	1503000	1534.2001	1534200	32.200073	32200	""osoba1""
""osoba1""		1505.4	1505400	1534.2001	1534200	29.800049	29800	""osoba1""
""osoba1""		1506.3	1506300	1534.2001	1534200	28.900024	28900	""osoba1""
""osoba1""		1507.5	1507500	1534.2001	1534200	27.700073	27700	""osoba1""
""osoba2""		1507.8	1507800	1511.1001	1511100	4.300049	4300	""osoba2""
""osoba3""		1508.4	1508400	1508.7001	1508700	1.3000488	1300	""osoba3""
""osoba4""		1509.9	1509900	1510.2001	1510200	1.3000488	1300	""osoba4""
""osoba1""		1512.3	1512300	1534.2001	1534200	22.900024	22900	""osoba1""
""osoba1""		1513.2001	1513200	1534.2001	1534200	22.0	22000	""osoba1""
""osoba1""		1513.8	1513800	1534.2001	1534200	21.400024	21400	""osoba1""
""osoba1""		1515.0	1515000	1534.2001	1534200	20.200073	20200	""osoba1""
""osoba1""		1517.4	1517400	1534.2001	1534200	17.800049	17800	""osoba1""
""osoba1""		1518.6001	1518600	1534.2001	1534200	16.599976	16599	""osoba1""
""osoba1""		1519.8	1519800	1534.2001	1534200	15.400024	15400	""osoba1""
""osoba4""		1521.3	1521300	1521.3	1521300	1.0	1000	""osoba4""
""osoba1""		1521.6001	1521600	1534.2001	1534200	13.599976	13599	""osoba1""
""osoba1""		1523.4	1523400	1534.2001	1534200	11.800049	11800	""osoba1""
""osoba1""		1524.0	1524000	1534.2001	1534200	11.200073	11200	""osoba1""
""osoba1""		1525.8	1525800	1534.2001	1534200	9.400024	9400	""osoba1""
""osoba1""		1526.7001	1526700	1534.2001	1534200	8.5	8500	""osoba1""
""osoba1""		1527.9	1527900	1534.2001	1534200	7.300049	7300	""osoba1""
""osoba1""		1531.8	1531800	1534.2001	1534200	3.4000244	3400	""osoba1""
""osoba4""		1533.6001	1533600	1542.9	1542900	10.299927	10299	""osoba4""
""osoba4""		1535.1001	1535100	1542.9	1542900	8.799927	8799	""osoba4""
""osoba4""		1536.0	1536000	1542.9	1542900	7.9000244	7900	""osoba4""
""osoba4""		1538.7001	1538700	1542.9	1542900	5.199951	5199	""osoba4""
""osoba4""		1539.3	1539300	1542.9	1542900	4.5999756	4599	""osoba4""
""osoba4""		1540.5001	1540500	1542.9	1542900	3.3999023	3399	""osoba4""
""osoba1""		1541.4	1541400	1555.2001	1555200	14.800049	14800	""osoba1""
""osoba4""		1541.7001	1541700	1542.9	1542900	2.1999512	2199	""osoba4""
""osoba1""		1545.0001	1545000	1555.2001	1555200	11.199951	11199	""osoba1""
""osoba1""		1546.2001	1546200	1555.2001	1555200	10.0	10000	""osoba1""
""osoba3""		1549.8	1549800	1550.4	1550400	1.5999756	1599	""osoba3""
""osoba1""		1551.9	1551900	1555.2001	1555200	4.300049	4300	""osoba1""
""osoba1""		1554.6001	1554600	1555.2001	1555200	1.5999756	1599	""osoba1""
""osoba4""		1554.9	1554900	1561.8	1561800	7.9000244	7900	""osoba4""
""osoba4""		1555.8	1555800	1561.8	1561800	7.0	7000	""osoba4""
""osoba4""		1556.4	1556400	1561.8	1561800	6.4000244	6400	""osoba4""
""osoba2""		1557.3	1557300	1558.2001	1558200	1.9000244	1900	""osoba2""
""osoba4""		1559.4	1559400	1561.8	1561800	3.4000244	3400	""osoba4""
""osoba1""		1562.1001	1562100	1588.8	1588800	27.699951	27699	""osoba1""
""osoba1""		1563.3	1563300	1588.8	1588800	26.5	26500	""osoba1""
""osoba1""		1565.4	1565400	1588.8	1588800	24.400024	24400	""osoba1""
""osoba1""		1566.9	1566900	1588.8	1588800	22.900024	22900	""osoba1""
""osoba1""		1569.6001	1569600	1588.8	1588800	20.199951	20199	""osoba1""
""osoba1""		1570.2001	1570200	1588.8	1588800	19.599976	19599	""osoba1""
""osoba3""		1570.8	1570800	1574.1001	1574100	4.300049	4300	""osoba3""
""osoba3""		1571.7001	1571700	1574.1001	1574100	3.4000244	3400	""osoba3""
""osoba1""		1572.0001	1572000	1588.8	1588800	17.799927	17799	""osoba1""
""osoba1""		1574.4	1574400	1588.8	1588800	15.400024	15400	""osoba1""
""osoba1""		1575.9	1575900	1588.8	1588800	13.900024	13900	""osoba1""
""osoba1""		1579.5001	1579500	1588.8	1588800	10.299927	10299	""osoba1""
""osoba1""		1581.0001	1581000	1588.8	1588800	8.799927	8799	""osoba1""
""osoba1""		1583.7001	1583700	1588.8	1588800	6.0999756	6099	""osoba1""
""osoba1""		1587.6001	1587600	1588.8	1588800	2.1999512	2199	""osoba1""
""osoba2""		1587.9	1587900	1595.1001	1595100	8.200073	8200	""osoba2""
""osoba1""		1588.5001	1588500	1588.8	1588800	1.2999268	1299	""osoba1""
""osoba2""		1590.6001	1590600	1595.1001	1595100	5.5	5500	""osoba2""
""osoba1""		1591.8	1591800	1591.8	1591800	1.0	1000	""osoba1""
""osoba2""		1593.9	1593900	1595.1001	1595100	2.2000732	2200	""osoba2""
""osoba3""		1593.9	1593900	1596.6001	1596600	3.7000732	3700	""osoba3""
""osoba1""		1596.6001	1596600	1620.3	1620300	24.699951	24699	""osoba1""
""osoba1""		1597.8	1597800	1620.3	1620300	23.5	23500	""osoba1""
""osoba1""		1599.0001	1599000	1620.3	1620300	22.299927	22299	""osoba1""
""osoba1""		1601.1001	1601100	1620.3	1620300	20.199951	20199	""osoba1""
""osoba3""		1603.8	1603800	1604.7001	1604700	1.9000244	1900	""osoba3""
""osoba1""		1605.0001	1605000	1620.3	1620300	16.299927	16299	""osoba1""
""osoba1""		1605.6001	1605600	1620.3	1620300	15.699951	15699	""osoba1""
""osoba1""		1606.8	1606800	1620.3	1620300	14.5	14500	""osoba1""
""osoba1""		1608.3	1608300	1620.3	1620300	13.0	13000	""osoba1""
""osoba1""		1610.1001	1610100	1620.3	1620300	11.199951	11199	""osoba1""
""osoba1""		1610.7001	1610700	1620.3	1620300	10.599976	10599	""osoba1""
""osoba1""		1611.9	1611900	1620.3	1620300	9.400024	9400	""osoba1""
""osoba1""		1614.3	1614300	1620.3	1620300	7.0	7000	""osoba1""
""osoba1""		1615.5001	1615500	1620.3	1620300	5.7999268	5799	""osoba1""
""osoba1""		1616.1001	1616100	1620.3	1620300	5.199951	5199	""osoba1""
""osoba4""		1617.0001	1617000	1620.3	1620300	4.2999268	4299	""osoba4""
