"default"		0.0	0	1.0	1000	1.0	1000	BEGIN
"default"		1620.3	1620300	1620.31	1621300	1.0	1000	END
""osoba1""		6.3	6300	45.300003	45300	40.000004	40000	""osoba1""
""osoba1""		8.1	8100	45.300003	45300	38.200005	38200	""osoba1""
""osoba1""		10.5	10500	45.300003	45300	35.800003	35800	""osoba1""
""osoba1""		14.700001	14700	45.300003	45300	31.600002	31600	""osoba1""
""osoba1""		18.300001	18300	45.300003	45300	28.000002	28000	""osoba1""
""osoba1""		21.0	21000	45.300003	45300	25.300003	25300	""osoba1""
""osoba4""		21.0	21000	21.900002	21900	1.9000015	1900	""osoba4""
""osoba1""		23.400002	23400	45.300003	45300	22.900002	22900	""osoba1""
""osoba1""		25.800001	25800	45.300003	45300	20.500002	20500	""osoba1""
""osoba1""		26.7	26700	45.300003	45300	19.600002	19600	""osoba1""
""osoba1""		28.800001	28800	45.300003	45300	17.500002	17500	""osoba1""
""osoba1""		31.500002	31500	45.300003	45300	14.800001	14800	""osoba1""
""osoba4""		32.100002	32100	33.9	33900	2.7999992	2799	""osoba4""
""osoba2""		35.7	35700	37.2	37200	2.5	2500	""osoba2""
""osoba1""		36.9	36900	45.300003	45300	9.400002	9400	""osoba1""
""osoba4""		44.4	44400	53.7	53700	10.299999	10299	""osoba4""
""osoba4""		45.9	45900	53.7	53700	8.799999	8799	""osoba4""
""osoba4""		46.5	46500	53.7	53700	8.200001	8200	""osoba4""
""osoba4""		48.600002	48600	53.7	53700	6.0999985	6099	""osoba4""
""osoba4""		49.2	49200	53.7	53700	5.5	5500	""osoba4""
""osoba1""		51.300003	51300	57.000004	57000	6.700001	6700	""osoba1""
""osoba4""		51.600002	51600	53.7	53700	3.0999985	3099	""osoba4""
""osoba4""		55.800003	55800	67.200005	67200	12.400002	12400	""osoba4""
""osoba4""		57.9	57900	67.200005	67200	10.300003	10300	""osoba4""
""osoba4""		61.2	61200	67.200005	67200	7.000004	7000	""osoba4""
""osoba4""		61.800003	61800	67.200005	67200	6.4000015	6400	""osoba4""
""osoba4""		62.7	62700	67.200005	67200	5.500004	5500	""osoba4""
""osoba1""		65.700005	65700	79.8	79800	15.099998	15099	""osoba1""
""osoba1""		68.100006	68100	79.8	79800	12.699997	12699	""osoba1""
""osoba1""		69.600006	69600	79.8	79800	11.199997	11199	""osoba1""
""osoba1""		71.4	71400	79.8	79800	9.400002	9400	""osoba1""
""osoba1""		73.200005	73200	79.8	79800	7.5999985	7599	""osoba1""
""osoba1""		75.600006	75600	79.8	79800	5.199997	5199	""osoba1""
""osoba1""		77.700005	77700	79.8	79800	3.0999985	3099	""osoba1""
""osoba1""		78.600006	78600	79.8	79800	2.199997	2199	""osoba1""
""osoba4""		78.9	78900	84.9	84900	7.0	7000	""osoba4""
""osoba2""		84.0	84000	90.9	90900	7.9000015	7900	""osoba2""
""osoba2""		86.4	86400	90.9	90900	5.5	5500	""osoba2""
""osoba2""		87.3	87300	90.9	90900	4.5999985	4599	""osoba2""
""osoba2""		88.200005	88200	90.9	90900	3.699997	3699	""osoba2""
""osoba1""		90.3	90300	104.100006	104100	14.800003	14800	""osoba1""
""osoba2""		90.600006	90600	90.9	90900	1.2999954	1299	""osoba2""
""osoba1""		92.100006	92100	104.100006	104100	13.0	13000	""osoba1""
""osoba1""		93.0	93000	104.100006	104100	12.100006	12100	""osoba1""
""osoba4""		99.00001	99000	100.8	100800	2.7999954	2799	""osoba4""
""osoba2""		102.9	102900	108.600006	108600	6.7000046	6700	""osoba2""
""osoba1""		104.100006	104100	104.100006	104100	1.0	1000	""osoba1""
""osoba2""		106.8	106800	108.600006	108600	2.800003	2800	""osoba2""
""osoba1""		108.00001	108000	115.200005	115200	8.199997	8199	""osoba1""
""osoba1""		109.50001	109500	115.200005	115200	6.699997	6699	""osoba1""
""osoba1""		110.100006	110100	115.200005	115200	6.0999985	6099	""osoba1""
""osoba4""		111.3	111300	112.50001	112500	2.2000046	2200	""osoba4""
""osoba3""		114.3	114300	120.9	120900	7.5999985	7599	""osoba3""
""osoba3""		120.3	120300	120.9	120900	1.5999985	1599	""osoba3""
""osoba1""		120.600006	120600	124.50001	124500	4.9000015	4900	""osoba1""
""osoba3""		120.9	120900	120.9	120900	1.0	1000	""osoba3""
""osoba4""		123.00001	123000	127.200005	127200	5.199997	5199	""osoba4""
""osoba2""		124.50001	124500	150.3	150300	26.799995	26799	""osoba2""
""osoba2""		126.9	126900	150.3	150300	24.400002	24400	""osoba2""
""osoba1""		127.200005	127200	128.70001	128700	2.5000076	2500	""osoba1""
""osoba2""		129.3	129300	150.3	150300	22.0	22000	""osoba2""
""osoba3""		129.6	129600	131.1	131100	2.5	2500	""osoba3""
""osoba2""		132.90001	132900	150.3	150300	18.399994	18399	""osoba2""
""osoba2""		134.1	134100	150.3	150300	17.199997	17199	""osoba2""
""osoba1""		134.70001	134700	135.3	135300	1.5999908	1599	""osoba1""
""osoba2""		135.6	135600	150.3	150300	15.699997	15699	""osoba2""
""osoba2""		136.8	136800	150.3	150300	14.5	14500	""osoba2""
""osoba1""		139.5	139500	140.40001	140400	1.9000092	1900	""osoba1""
""osoba4""		140.40001	140400	140.70001	140700	1.300003	1300	""osoba4""
""osoba2""		143.1	143100	150.3	150300	8.199997	8199	""osoba2""
""osoba2""		144.6	144600	150.3	150300	6.699997	6699	""osoba2""
""osoba2""		146.70001	146700	150.3	150300	4.599991	4599	""osoba2""
""osoba1""		147.3	147300	161.40001	161400	15.100006	15100	""osoba1""
""osoba1""		149.1	149100	161.40001	161400	13.300003	13300	""osoba1""
""osoba2""		149.70001	149700	150.3	150300	1.5999908	1599	""osoba2""
""osoba1""		151.5	151500	161.40001	161400	10.900009	10900	""osoba1""
""osoba1""		153.0	153000	161.40001	161400	9.400009	9400	""osoba1""
""osoba1""		156.90001	156900	161.40001	161400	5.5	5500	""osoba1""
""osoba1""		157.5	157500	161.40001	161400	4.900009	4900	""osoba1""
""osoba1""		158.1	158100	161.40001	161400	4.300003	4300	""osoba1""
""osoba3""		159.0	159000	175.20001	175200	17.200012	17200	""osoba3""
""osoba1""		159.6	159600	161.40001	161400	2.800003	2800	""osoba1""
""osoba2""		160.5	160500	162.0	162000	2.5	2500	""osoba2""
""osoba3""		164.70001	164700	175.20001	175200	11.5	11500	""osoba3""
""osoba3""		165.3	165300	175.20001	175200	10.900009	10900	""osoba3""
""osoba3""		166.5	166500	175.20001	175200	9.700012	9700	""osoba3""
""osoba3""		169.5	169500	175.20001	175200	6.700012	6700	""osoba3""
""osoba3""		170.1	170100	175.20001	175200	6.100006	6100	""osoba3""
""osoba3""		170.70001	170700	175.20001	175200	5.5	5500	""osoba3""
""osoba3""		171.90001	171900	175.20001	175200	4.300003	4300	""osoba3""
""osoba2""		172.8	172800	173.70001	173700	1.9000092	1900	""osoba2""
""osoba3""		172.8	172800	175.20001	175200	3.4000092	3400	""osoba3""
""osoba1""		174.6	174600	197.1	197100	23.5	23500	""osoba1""
""osoba2""		178.5	178500	182.1	182100	4.600006	4600	""osoba2""
""osoba1""		178.8	178800	197.1	197100	19.300003	19300	""osoba1""
""osoba1""		180.90001	180900	197.1	197100	17.199997	17199	""osoba1""
""osoba1""		185.40001	185400	197.1	197100	12.699997	12699	""osoba1""
""osoba3""		188.40001	188400	198.6	198600	11.199997	11199	""osoba3""
""osoba1""		191.1	191100	197.1	197100	7.0	7000	""osoba1""
""osoba1""		195.90001	195900	197.1	197100	2.199997	2199	""osoba1""
""osoba3""		196.50002	196500	198.6	198600	3.0999908	3099	""osoba3""
""osoba2""		198.3	198300	215.1	215100	17.800003	17800	""osoba2""
""osoba3""		198.3	198300	198.6	198600	1.300003	1300	""osoba3""
""osoba2""		201.00002	201000	215.1	215100	15.099991	15099	""osoba2""
""osoba2""		202.8	202800	215.1	215100	13.300003	13300	""osoba2""
""osoba2""		204.00002	204000	215.1	215100	12.099991	12099	""osoba2""
""osoba1""		204.90001	204900	207.90001	207900	4.0	4000	""osoba1""
""osoba1""		206.40001	206400	207.90001	207900	2.5	2500	""osoba1""
""osoba2""		206.70001	206700	215.1	215100	9.399994	9399	""osoba2""
""osoba2""		207.6	207600	215.1	215100	8.5	8500	""osoba2""
""osoba1""		207.90001	207900	207.90001	207900	1.0	1000	""osoba1""
""osoba4""		209.40001	209400	211.8	211800	3.399994	3399	""osoba4""
""osoba1""		210.90001	210900	229.8	229800	19.899994	19899	""osoba1""
""osoba3""		210.90001	210900	210.90001	210900	1.0	1000	""osoba3""
""osoba4""		214.20001	214200	219.00002	219000	5.800003	5800	""osoba4""
""osoba1""		218.70001	218700	229.8	229800	12.099991	12099	""osoba1""
""osoba1""		220.50002	220500	229.8	229800	10.299988	10299	""osoba1""
""osoba1""		221.1	221100	229.8	229800	9.699997	9699	""osoba1""
""osoba1""		223.20001	223200	229.8	229800	7.599991	7599	""osoba1""
""osoba1""		224.40001	224400	229.8	229800	6.399994	6399	""osoba1""
""osoba1""		227.1	227100	229.8	229800	3.699997	3699	""osoba1""
""osoba2""		228.00002	228000	237.6	237600	10.599991	10599	""osoba2""
""osoba1""		229.50002	229500	229.8	229800	1.2999878	1299	""osoba1""
""osoba2""		231.6	231600	237.6	237600	7.0	7000	""osoba2""
""osoba2""		232.50002	232500	237.6	237600	6.099991	6099	""osoba2""
""osoba2""		233.40001	233400	237.6	237600	5.199997	5199	""osoba2""
""osoba2""		234.00002	234000	237.6	237600	4.599991	4599	""osoba2""
""osoba2""		237.00002	237000	237.6	237600	1.5999908	1599	""osoba2""
""osoba1""		237.6	237600	278.40002	278400	41.80002	41800	""osoba1""
""osoba3""		237.90001	237900	238.20001	238200	1.300003	1300	""osoba3""
""osoba1""		239.40001	239400	278.40002	278400	40.000015	40000	""osoba1""
""osoba1""		240.6	240600	278.40002	278400	38.80002	38800	""osoba1""
""osoba3""		240.6	240600	242.40001	242400	2.800003	2800	""osoba3""
""osoba1""		246.00002	246000	278.40002	278400	33.40001	33400	""osoba1""
""osoba1""		251.1	251100	278.40002	278400	28.300018	28300	""osoba1""
""osoba1""		254.40001	254400	278.40002	278400	25.000015	25000	""osoba1""
""osoba1""		255.3	255300	278.40002	278400	24.100021	24100	""osoba1""
""osoba1""		256.2	256200	278.40002	278400	23.200012	23200	""osoba1""
""osoba1""		257.7	257700	278.40002	278400	21.700012	21700	""osoba1""
""osoba1""		258.6	258600	278.40002	278400	20.800018	20800	""osoba1""
""osoba1""		259.80002	259800	278.40002	278400	19.600006	19600	""osoba1""
""osoba1""		260.7	260700	278.40002	278400	18.700012	18700	""osoba1""
""osoba1""		263.40002	263400	278.40002	278400	16.0	16000	""osoba1""
""osoba1""		264.90002	264900	278.40002	278400	14.5	14500	""osoba1""
""osoba1""		266.1	266100	278.40002	278400	13.300018	13300	""osoba1""
""osoba1""		268.2	268200	278.40002	278400	11.200012	11200	""osoba1""
""osoba1""		268.80002	268800	278.40002	278400	10.600006	10600	""osoba1""
""osoba1""		269.7	269700	278.40002	278400	9.700012	9700	""osoba1""
""osoba1""		270.90002	270900	278.40002	278400	8.5	8500	""osoba1""
""osoba1""		273.0	273000	278.40002	278400	6.4000244	6400	""osoba1""
""osoba1""		273.6	273600	278.40002	278400	5.8000183	5800	""osoba1""
""osoba2""		275.40002	275400	283.80002	283800	9.399994	9399	""osoba2""
""osoba1""		276.90002	276900	278.40002	278400	2.5	2500	""osoba1""
""osoba2""		277.2	277200	283.80002	283800	7.600006	7600	""osoba2""
""osoba2""		280.2	280200	283.80002	283800	4.600006	4600	""osoba2""
""osoba2""		282.6	282600	283.80002	283800	2.2000122	2200	""osoba2""
""osoba1""		283.5	283500	287.7	287700	5.200012	5200	""osoba1""
""osoba2""		283.5	283500	283.80002	283800	1.3000183	1300	""osoba2""
""osoba1""		285.30002	285300	287.7	287700	3.399994	3399	""osoba1""
""osoba1""		286.5	286500	287.7	287700	2.2000122	2200	""osoba1""
""osoba2""		287.1	287100	291.30002	291300	5.200012	5200	""osoba2""
""osoba2""		289.5	289500	291.30002	291300	2.8000183	2800	""osoba2""
""osoba4""		290.1	290100	291.30002	291300	2.2000122	2200	""osoba4""
""osoba1""		291.30002	291300	319.2	319200	28.899994	28899	""osoba1""
""osoba1""		293.1	293100	319.2	319200	27.100006	27100	""osoba1""
""osoba1""		293.7	293700	319.2	319200	26.5	26500	""osoba1""
""osoba1""		295.5	295500	319.2	319200	24.700012	24700	""osoba1""
""osoba1""		297.30002	297300	319.2	319200	22.899994	22899	""osoba1""
""osoba2""		297.6	297600	298.2	298200	1.6000061	1600	""osoba2""
""osoba1""		301.5	301500	319.2	319200	18.700012	18700	""osoba1""
""osoba3""		301.5	301500	302.1	302100	1.6000061	1600	""osoba3""
""osoba1""		303.0	303000	319.2	319200	17.200012	17200	""osoba1""
""osoba4""		304.5	304500	304.5	304500	1.0	1000	""osoba4""
""osoba1""		305.40002	305400	319.2	319200	14.799988	14799	""osoba1""
""osoba1""		309.30002	309300	319.2	319200	10.899994	10899	""osoba1""
""osoba2""		312.30002	312300	312.6	312600	1.2999878	1299	""osoba2""
""osoba1""		312.6	312600	319.2	319200	7.600006	7600	""osoba1""
""osoba4""		312.6	312600	312.90002	312900	1.3000183	1300	""osoba4""
""osoba1""		313.80002	313800	319.2	319200	6.399994	6399	""osoba1""
""osoba1""		315.0	315000	319.2	319200	5.200012	5200	""osoba1""
""osoba2""		318.30002	318300	318.30002	318300	1.0	1000	""osoba2""
""osoba3""		318.30002	318300	346.2	346200	28.899994	28899	""osoba3""
""osoba3""		320.1	320100	346.2	346200	27.100006	27100	""osoba3""
""osoba3""		321.30002	321300	346.2	346200	25.899994	25899	""osoba3""
""osoba3""		324.0	324000	346.2	346200	23.200012	23200	""osoba3""
""osoba3""		327.6	327600	346.2	346200	19.600006	19600	""osoba3""
""osoba3""		328.5	328500	346.2	346200	18.700012	18700	""osoba3""
""osoba3""		329.40002	329400	346.2	346200	17.799988	17799	""osoba3""
""osoba3""		332.1	332100	346.2	346200	15.100006	15100	""osoba3""
""osoba3""		335.7	335700	346.2	346200	11.5	11500	""osoba3""
""osoba3""		336.6	336600	346.2	346200	10.600006	10600	""osoba3""
""osoba3""		338.1	338100	346.2	346200	9.100006	9100	""osoba3""
""osoba3""		342.90002	342900	346.2	346200	4.299988	4299	""osoba3""
""osoba3""		344.1	344100	346.2	346200	3.100006	3100	""osoba3""
""osoba3""		345.30002	345300	346.2	346200	1.8999939	1899	""osoba3""
""osoba2""		346.80002	346800	368.40002	368400	22.600006	22600	""osoba2""
""osoba2""		348.6	348600	368.40002	368400	20.800018	20800	""osoba2""
""osoba3""		350.7	350700	350.7	350700	1.0	1000	""osoba3""
""osoba2""		351.90002	351900	368.40002	368400	17.5	17500	""osoba2""
""osoba2""		354.6	354600	368.40002	368400	14.800018	14800	""osoba2""
""osoba2""		355.5	355500	368.40002	368400	13.900024	13900	""osoba2""
""osoba2""		357.30002	357300	368.40002	368400	12.100006	12100	""osoba2""
""osoba2""		357.90002	357900	368.40002	368400	11.5	11500	""osoba2""
""osoba4""		359.7	359700	360.30002	360300	1.6000061	1600	""osoba4""
""osoba2""		361.2	361200	368.40002	368400	8.200012	8200	""osoba2""
""osoba2""		361.80002	361800	368.40002	368400	7.600006	7600	""osoba2""
""osoba2""		364.2	364200	368.40002	368400	5.200012	5200	""osoba2""
""osoba2""		365.1	365100	368.40002	368400	4.3000183	4300	""osoba2""
""osoba2""		366.30002	366300	368.40002	368400	3.100006	3100	""osoba2""
""osoba2""		367.5	367500	368.40002	368400	1.9000244	1900	""osoba2""
""osoba4""		368.7	368700	382.80002	382800	15.100006	15100	""osoba4""
""osoba4""		370.80002	370800	382.80002	382800	13.0	13000	""osoba4""
""osoba4""		371.40002	371400	382.80002	382800	12.399994	12399	""osoba4""
""osoba4""		372.90002	372900	382.80002	382800	10.899994	10899	""osoba4""
""osoba4""		375.0	375000	382.80002	382800	8.800018	8800	""osoba4""
""osoba4""		379.2	379200	382.80002	382800	4.600006	4600	""osoba4""
""osoba1""		382.80002	382800	436.50003	436500	54.700012	54700	""osoba1""
""osoba1""		387.30002	387300	436.50003	436500	50.200012	50200	""osoba1""
""osoba1""		390.00003	390000	436.50003	436500	47.5	47500	""osoba1""
""osoba1""		393.90002	393900	436.50003	436500	43.600006	43600	""osoba1""
""osoba1""		395.1	395100	436.50003	436500	42.400024	42400	""osoba1""
""osoba1""		396.00003	396000	436.50003	436500	41.5	41500	""osoba1""
""osoba1""		396.6	396600	436.50003	436500	40.900024	40900	""osoba1""
""osoba1""		401.40002	401400	436.50003	436500	36.100006	36100	""osoba1""
""osoba1""		406.80002	406800	436.50003	436500	30.700012	30700	""osoba1""
""osoba1""		408.00003	408000	436.50003	436500	29.5	29500	""osoba1""
""osoba3""		410.1	410100	410.1	410100	1.0	1000	""osoba3""
""osoba1""		410.7	410700	436.50003	436500	26.800018	26800	""osoba1""
""osoba1""		411.6	411600	436.50003	436500	25.900024	25900	""osoba1""
""osoba1""		415.2	415200	436.50003	436500	22.300018	22300	""osoba1""
""osoba1""		416.1	416100	436.50003	436500	21.400024	21400	""osoba1""
""osoba1""		420.00003	420000	436.50003	436500	17.5	17500	""osoba1""
""osoba1""		420.90002	420900	436.50003	436500	16.600006	16600	""osoba1""
""osoba4""		421.80002	421800	426.6	426600	5.799988	5799	""osoba4""
""osoba1""		422.40002	422400	436.50003	436500	15.100006	15100	""osoba1""
""osoba4""		422.7	422700	426.6	426600	4.899994	4899	""osoba4""
""osoba3""		424.2	424200	425.1	425100	1.8999939	1899	""osoba3""
""osoba1""		424.80002	424800	436.50003	436500	12.700012	12700	""osoba1""
""osoba1""		431.1	431100	436.50003	436500	6.4000244	6400	""osoba1""
""osoba1""		434.40002	434400	436.50003	436500	3.100006	3100	""osoba1""
""osoba4""		434.7	434700	447.90002	447900	14.200012	14200	""osoba4""
""osoba4""		435.6	435600	447.90002	447900	13.300018	13300	""osoba4""
""osoba1""		436.2	436200	436.50003	436500	1.3000183	1300	""osoba1""
""osoba4""		438.90002	438900	447.90002	447900	10.0	10000	""osoba4""
""osoba4""		441.30002	441300	447.90002	447900	7.600006	7600	""osoba4""
""osoba4""		442.2	442200	447.90002	447900	6.700012	6700	""osoba4""
""osoba4""		444.90002	444900	447.90002	447900	4.0	4000	""osoba4""
""osoba4""		445.50003	445500	447.90002	447900	3.399994	3399	""osoba4""
""osoba2""		446.1	446100	446.1	446100	1.0	1000	""osoba2""
""osoba4""		447.30002	447300	447.90002	447900	1.6000061	1600	""osoba4""
""osoba1""		447.90002	447900	450.6	450600	3.6999817	3699	""osoba1""
""osoba1""		449.7	449700	450.6	450600	1.8999939	1899	""osoba1""
""osoba1""		450.30002	450300	450.6	450600	1.2999878	1299	""osoba1""
""osoba4""		450.6	450600	477.90002	477900	28.300018	28300	""osoba4""
""osoba2""		450.90002	450900	452.40002	452400	2.5	2500	""osoba2""
""osoba2""		455.1	455100	459.30002	459300	5.200012	5200	""osoba2""
""osoba2""		459.30002	459300	459.30002	459300	1.0	1000	""osoba2""
""osoba4""		459.30002	459300	477.90002	477900	19.600006	19600	""osoba4""
""osoba4""		460.50003	460500	477.90002	477900	18.399994	18399	""osoba4""
""osoba4""		465.30002	465300	477.90002	477900	13.600006	13600	""osoba4""
""osoba1""		466.50003	466500	467.1	467100	1.5999756	1599	""osoba1""
""osoba4""		469.2	469200	477.90002	477900	9.700012	9700	""osoba4""
""osoba4""		471.30002	471300	477.90002	477900	7.600006	7600	""osoba4""
""osoba3""		473.1	473100	473.7	473700	1.6000061	1600	""osoba3""
""osoba2""		474.90002	474900	475.50003	475500	1.6000061	1600	""osoba2""
""osoba1""		475.80002	475800	491.40002	491400	16.600006	16600	""osoba1""
""osoba1""		477.6	477600	491.40002	491400	14.800018	14800	""osoba1""
""osoba1""		480.00003	480000	491.40002	491400	12.399994	12399	""osoba1""
""osoba1""		481.2	481200	491.40002	491400	11.200012	11200	""osoba1""
""osoba1""		482.1	482100	491.40002	491400	10.300018	10300	""osoba1""
""osoba1""		485.7	485700	491.40002	491400	6.700012	6700	""osoba1""
""osoba1""		487.2	487200	491.40002	491400	5.200012	5200	""osoba1""
""osoba3""		487.50003	487500	487.50003	487500	1.0	1000	""osoba3""
""osoba1""		487.80002	487800	491.40002	491400	4.600006	4600	""osoba1""
""osoba1""		489.6	489600	491.40002	491400	2.8000183	2800	""osoba1""
""osoba3""		489.90002	489900	505.80002	505800	16.899994	16899	""osoba3""
""osoba3""		492.30002	492300	505.80002	505800	14.5	14500	""osoba3""
""osoba3""		493.80002	493800	505.80002	505800	13.0	13000	""osoba3""
""osoba3""		494.40002	494400	505.80002	505800	12.399994	12399	""osoba3""
""osoba3""		495.6	495600	505.80002	505800	11.200012	11200	""osoba3""
""osoba3""		497.40002	497400	505.80002	505800	9.399994	9399	""osoba3""
""osoba3""		498.90002	498900	505.80002	505800	7.899994	7899	""osoba3""
""osoba4""		498.90002	498900	498.90002	498900	1.0	1000	""osoba4""
""osoba3""		500.7	500700	505.80002	505800	6.100006	6100	""osoba3""
""osoba3""		501.90002	501900	505.80002	505800	4.899994	4899	""osoba3""
""osoba3""		503.40002	503400	505.80002	505800	3.399994	3399	""osoba3""
""osoba2""		504.30002	504300	514.80005	514800	11.5000305	11500	""osoba2""
""osoba3""		504.30002	504300	505.80002	505800	2.5	2500	""osoba3""
""osoba3""		505.2	505200	505.80002	505800	1.6000061	1600	""osoba3""
""osoba2""		507.90002	507900	514.80005	514800	7.9000244	7900	""osoba2""
""osoba2""		508.80002	508800	514.80005	514800	7.0000305	7000	""osoba2""
""osoba2""		510.6	510600	514.80005	514800	5.2000427	5200	""osoba2""
""osoba2""		511.2	511200	514.80005	514800	4.6000366	4600	""osoba2""
""osoba2""		511.80002	511800	514.80005	514800	4.0000305	4000	""osoba2""
""osoba2""		513.30005	513300	514.80005	514800	2.5	2500	""osoba2""
""osoba1""		513.60004	513600	514.80005	514800	2.2000122	2200	""osoba1""
""osoba2""		514.2	514200	514.80005	514800	1.6000366	1600	""osoba2""
""osoba3""		514.80005	514800	535.80005	535800	22.0	22000	""osoba3""
""osoba3""		516.9	516900	535.80005	535800	19.900024	19900	""osoba3""
""osoba1""		519.60004	519600	522.0	522000	3.3999634	3399	""osoba1""
""osoba3""		520.80005	520800	535.80005	535800	16.0	16000	""osoba3""
""osoba3""		523.2	523200	535.80005	535800	13.600037	13600	""osoba3""
""osoba3""		526.5	526500	535.80005	535800	10.300049	10300	""osoba3""
""osoba1""		529.2	529200	529.80005	529800	1.6000366	1600	""osoba1""
""osoba3""		531.9	531900	535.80005	535800	4.9000244	4900	""osoba3""
""osoba3""		533.7	533700	535.80005	535800	3.1000366	3100	""osoba3""
""osoba1""		534.9	534900	559.5	559500	25.599976	25599	""osoba1""
""osoba3""		535.2	535200	535.80005	535800	1.6000366	1600	""osoba3""
""osoba1""		536.10004	536100	559.5	559500	24.399963	24399	""osoba1""
""osoba1""		538.80005	538800	559.5	559500	21.699951	21699	""osoba1""
""osoba1""		540.9	540900	559.5	559500	19.599976	19599	""osoba1""
""osoba1""		543.0	543000	559.5	559500	17.5	17500	""osoba1""
""osoba1""		543.9	543900	559.5	559500	16.599976	16599	""osoba1""
""osoba1""		545.4	545400	559.5	559500	15.099976	15099	""osoba1""
""osoba1""		546.9	546900	559.5	559500	13.599976	13599	""osoba1""
""osoba3""		548.10004	548100	550.80005	550800	3.7000122	3700	""osoba3""
""osoba1""		552.9	552900	559.5	559500	7.5999756	7599	""osoba1""
""osoba1""		555.30005	555300	559.5	559500	5.199951	5199	""osoba1""
""osoba1""		555.9	555900	559.5	559500	4.5999756	4599	""osoba1""
""osoba2""		557.4	557400	559.5	559500	3.0999756	3099	""osoba2""
""osoba1""		557.7	557700	559.5	559500	2.7999878	2799	""osoba1""
""osoba4""		559.5	559500	584.10004	584100	25.600037	25600	""osoba4""
""osoba4""		560.7	560700	584.10004	584100	24.400024	24400	""osoba4""
""osoba4""		561.9	561900	584.10004	584100	23.200012	23200	""osoba4""
""osoba1""		562.2	562200	564.0	564000	2.7999878	2799	""osoba1""
""osoba1""		562.80005	562800	564.0	564000	2.1999512	2199	""osoba1""
""osoba4""		563.4	563400	584.10004	584100	21.700012	21700	""osoba4""
""osoba4""		564.60004	564600	584.10004	584100	20.5	20500	""osoba4""
""osoba2""		564.9	564900	565.2	565200	1.2999878	1299	""osoba2""
""osoba4""		566.4	566400	584.10004	584100	18.700012	18700	""osoba4""
""osoba3""		566.7	566700	566.7	566700	1.0	1000	""osoba3""
""osoba1""		568.80005	568800	569.4	569400	1.5999756	1599	""osoba1""
""osoba4""		568.80005	568800	584.10004	584100	16.299988	16299	""osoba4""
""osoba4""		571.80005	571800	584.10004	584100	13.299988	13299	""osoba4""
""osoba2""		573.0	573000	573.9	573900	1.9000244	1900	""osoba2""
""osoba4""		576.0	576000	584.10004	584100	9.100037	9100	""osoba4""
""osoba4""		576.60004	576600	584.10004	584100	8.5	8500	""osoba4""
""osoba4""		577.2	577200	584.10004	584100	7.9000244	7900	""osoba4""
""osoba4""		579.60004	579600	584.10004	584100	5.5	5500	""osoba4""
""osoba4""		580.2	580200	584.10004	584100	4.9000244	4900	""osoba4""
""osoba4""		583.2	583200	584.10004	584100	1.9000244	1900	""osoba4""
""osoba1""		584.4	584400	629.7	629700	46.299988	46299	""osoba1""
""osoba3""		587.7	587700	589.5	589500	2.7999878	2799	""osoba3""
""osoba2""		590.4	590400	591.0	591000	1.5999756	1599	""osoba2""
""osoba1""		595.5	595500	629.7	629700	35.200012	35200	""osoba1""
""osoba1""		598.5	598500	629.7	629700	32.200012	32200	""osoba1""
""osoba1""		599.4	599400	629.7	629700	31.299988	31299	""osoba1""
""osoba4""		599.4	599400	600.0	600000	1.5999756	1599	""osoba4""
""osoba1""		601.5	601500	629.7	629700	29.200012	29200	""osoba1""
""osoba1""		602.4	602400	629.7	629700	28.299988	28299	""osoba1""
""osoba4""		602.7	602700	603.9	603900	2.2000122	2200	""osoba4""
""osoba4""		603.30005	603300	603.9	603900	1.5999756	1599	""osoba4""
""osoba1""		603.9	603900	629.7	629700	26.799988	26799	""osoba1""
""osoba3""		610.2	610200	610.80005	610800	1.6000366	1600	""osoba3""
""osoba1""		613.5	613500	629.7	629700	17.200012	17200	""osoba1""
""osoba1""		615.0	615000	629.7	629700	15.700012	15700	""osoba1""
""osoba1""		615.9	615900	629.7	629700	14.799988	14799	""osoba1""
""osoba4""		616.5	616500	618.60004	618600	3.1000366	3100	""osoba4""
""osoba1""		621.60004	621600	629.7	629700	9.099976	9099	""osoba1""
""osoba1""		622.80005	622800	629.7	629700	7.8999634	7899	""osoba1""
""osoba1""		623.4	623400	629.7	629700	7.299988	7299	""osoba1""
""osoba1""		624.0	624000	629.7	629700	6.700012	6700	""osoba1""
""osoba1""		625.2	625200	629.7	629700	5.5	5500	""osoba1""
""osoba1""		625.80005	625800	629.7	629700	4.8999634	4899	""osoba1""
""osoba1""		628.80005	628800	629.7	629700	1.8999634	1899	""osoba1""
""osoba4""		629.10004	629100	637.2	637200	9.099976	9099	""osoba4""
""osoba1""		629.4	629400	629.7	629700	1.2999878	1299	""osoba1""
""osoba4""		632.4	632400	637.2	637200	5.799988	5799	""osoba4""
""osoba1""		636.0	636000	665.10004	665100	30.100037	30100	""osoba1""
""osoba1""		639.9	639900	665.10004	665100	26.200012	26200	""osoba1""
""osoba1""		640.80005	640800	665.10004	665100	25.299988	25299	""osoba1""
""osoba3""		640.80005	640800	641.10004	641100	1.2999878	1299	""osoba3""
""osoba1""		641.7	641700	665.10004	665100	24.400024	24400	""osoba1""
""osoba1""		642.9	642900	665.10004	665100	23.200012	23200	""osoba1""
""osoba1""		645.9	645900	665.10004	665100	20.200012	20200	""osoba1""
""osoba1""		653.10004	653100	665.10004	665100	13.0	13000	""osoba1""
""osoba1""		656.4	656400	665.10004	665100	9.700012	9700	""osoba1""
""osoba3""		656.4	656400	658.5	658500	3.0999756	3099	""osoba3""
""osoba1""		657.0	657000	665.10004	665100	9.100037	9100	""osoba1""
""osoba1""		659.4	659400	665.10004	665100	6.700012	6700	""osoba1""
""osoba1""		660.30005	660300	665.10004	665100	5.799988	5799	""osoba1""
""osoba1""		660.9	660900	665.10004	665100	5.200012	5200	""osoba1""
""osoba3""		665.10004	665100	675.60004	675600	11.5	11500	""osoba3""
""osoba3""		666.9	666900	675.60004	675600	9.700012	9700	""osoba3""
""osoba1""		667.2	667200	667.2	667200	1.0	1000	""osoba1""
""osoba3""		669.30005	669300	675.60004	675600	7.299988	7299	""osoba3""
""osoba3""		670.2	670200	675.60004	675600	6.4000244	6400	""osoba3""
""osoba4""		672.0	672000	672.60004	672600	1.6000366	1600	""osoba4""
""osoba3""		673.2	673200	675.60004	675600	3.4000244	3400	""osoba3""
""osoba3""		674.10004	674100	675.60004	675600	2.5	2500	""osoba3""
""osoba2""		675.0	675000	675.30005	675300	1.3000488	1300	""osoba2""
""osoba1""		675.60004	675600	703.5	703500	28.899963	28899	""osoba1""
""osoba1""		678.0	678000	703.5	703500	26.5	26500	""osoba1""
""osoba1""		678.60004	678600	703.5	703500	25.899963	25899	""osoba1""
""osoba1""		679.5	679500	703.5	703500	25.0	25000	""osoba1""
""osoba1""		681.9	681900	703.5	703500	22.599976	22599	""osoba1""
""osoba1""		682.80005	682800	703.5	703500	21.699951	21699	""osoba1""
""osoba1""		684.9	684900	703.5	703500	19.599976	19599	""osoba1""
""osoba2""		686.7	686700	687.30005	687300	1.6000366	1600	""osoba2""
""osoba1""		693.30005	693300	703.5	703500	11.199951	11199	""osoba1""
""osoba1""		695.10004	695100	703.5	703500	9.399963	9399	""osoba1""
""osoba1""		695.7	695700	703.5	703500	8.799988	8799	""osoba1""
""osoba1""		697.5	697500	703.5	703500	7.0	7000	""osoba1""
""osoba4""		699.9	699900	700.80005	700800	1.9000244	1900	""osoba4""
""osoba1""		702.30005	702300	703.5	703500	2.1999512	2199	""osoba1""
""osoba3""		703.5	703500	711.60004	711600	9.100037	9100	""osoba3""
""osoba3""		705.0	705000	711.60004	711600	7.6000366	7600	""osoba3""
""osoba2""		706.5	706500	708.60004	708600	3.1000366	3100	""osoba2""
""osoba4""		708.0	708000	708.0	708000	1.0	1000	""osoba4""
""osoba1""		709.80005	709800	715.80005	715800	7.0	7000	""osoba1""
""osoba1""		711.30005	711300	715.80005	715800	5.5	5500	""osoba1""
""osoba3""		711.30005	711300	711.60004	711600	1.2999878	1299	""osoba3""
""osoba4""		714.60004	714600	719.10004	719100	5.5	5500	""osoba4""
""osoba1""		719.10004	719100	721.2	721200	3.0999756	3099	""osoba1""
""osoba1""		720.9	720900	721.2	721200	1.2999878	1299	""osoba1""
""osoba2""		721.2	721200	728.10004	728100	7.9000244	7900	""osoba2""
""osoba2""		723.60004	723600	728.10004	728100	5.5	5500	""osoba2""
""osoba2""		724.5	724500	728.10004	728100	4.6000366	4600	""osoba2""
""osoba1""		726.30005	726300	726.30005	726300	1.0	1000	""osoba1""
""osoba2""		727.2	727200	728.10004	728100	1.9000244	1900	""osoba2""
""osoba4""		728.10004	728100	730.80005	730800	3.7000122	3700	""osoba4""
""osoba4""		729.0	729000	730.80005	730800	2.8000488	2800	""osoba4""
""osoba1""		729.60004	729600	731.4	731400	2.7999878	2799	""osoba1""
""osoba4""		730.5	730500	730.80005	730800	1.3000488	1300	""osoba4""
""osoba2""		731.7	731700	735.9	735900	5.200012	5200	""osoba2""
""osoba3""		732.30005	732300	732.60004	732600	1.2999878	1299	""osoba3""
""osoba1""		736.5	736500	792.60004	792600	57.100037	57100	""osoba1""
""osoba3""		738.30005	738300	738.9	738900	1.5999756	1599	""osoba3""
""osoba1""		739.5	739500	792.60004	792600	54.100037	54100	""osoba1""
""osoba1""		741.0	741000	792.60004	792600	52.600037	52600	""osoba1""
""osoba1""		742.2	742200	792.60004	792600	51.400024	51400	""osoba1""
""osoba1""		745.2	745200	792.60004	792600	48.400024	48400	""osoba1""
""osoba1""		747.9	747900	792.60004	792600	45.700012	45700	""osoba1""
""osoba1""		749.10004	749100	792.60004	792600	44.5	44500	""osoba1""
""osoba2""		749.4	749400	749.4	749400	1.0	1000	""osoba2""
""osoba1""		752.10004	752100	792.60004	792600	41.5	41500	""osoba1""
""osoba2""		753.9	753900	754.2	754200	1.2999878	1299	""osoba2""
""osoba1""		755.10004	755100	792.60004	792600	38.5	38500	""osoba1""
""osoba1""		758.7	758700	792.60004	792600	34.900024	34900	""osoba1""
""osoba1""		759.9	759900	792.60004	792600	33.700012	33700	""osoba1""
""osoba1""		760.5	760500	792.60004	792600	33.100037	33100	""osoba1""
""osoba1""		762.30005	762300	792.60004	792600	31.299988	31299	""osoba1""
""osoba1""		763.5	763500	792.60004	792600	30.100037	30100	""osoba1""
""osoba1""		765.60004	765600	792.60004	792600	28.0	28000	""osoba1""
""osoba1""		771.30005	771300	792.60004	792600	22.299988	22299	""osoba1""
""osoba1""		773.4	773400	792.60004	792600	20.200012	20200	""osoba1""
""osoba1""		777.30005	777300	792.60004	792600	16.299988	16299	""osoba1""
""osoba1""		778.2	778200	792.60004	792600	15.400024	15400	""osoba1""
""osoba1""		779.4	779400	792.60004	792600	14.200012	14200	""osoba1""
""osoba1""		780.00006	780000	792.60004	792600	13.599976	13599	""osoba1""
""osoba1""		780.60004	780600	792.60004	792600	13.0	13000	""osoba1""
""osoba1""		782.4	782400	792.60004	792600	11.200012	11200	""osoba1""
""osoba1""		783.00006	783000	792.60004	792600	10.599976	10599	""osoba1""
""osoba1""		784.50006	784500	792.60004	792600	9.099976	9099	""osoba1""
""osoba2""		786.9	786900	788.4	788400	2.5	2500	""osoba2""
""osoba3""		791.7	791700	813.30005	813300	22.600037	22600	""osoba3""
""osoba3""		796.80005	796800	813.30005	813300	17.5	17500	""osoba3""
""osoba3""		799.2	799200	813.30005	813300	15.100037	15100	""osoba3""
""osoba3""		799.80005	799800	813.30005	813300	14.5	14500	""osoba3""
""osoba1""		801.30005	801300	802.50006	802500	2.2000122	2200	""osoba1""
""osoba3""		804.60004	804600	813.30005	813300	9.700012	9700	""osoba3""
""osoba3""		805.80005	805800	813.30005	813300	8.5	8500	""osoba3""
""osoba1""		806.7	806700	809.7	809700	4.0	4000	""osoba1""
""osoba3""		807.30005	807300	813.30005	813300	7.0	7000	""osoba3""
""osoba1""		808.2	808200	809.7	809700	2.5	2500	""osoba1""
""osoba3""		809.4	809400	813.30005	813300	4.9000244	4900	""osoba3""
""osoba1""		809.7	809700	809.7	809700	1.0	1000	""osoba1""
""osoba3""		810.60004	810600	813.30005	813300	3.7000122	3700	""osoba3""
""osoba1""		811.80005	811800	878.7	878700	67.89996	67899	""osoba1""
""osoba3""		811.80005	811800	813.30005	813300	2.5	2500	""osoba3""
""osoba1""		814.2	814200	878.7	878700	65.5	65500	""osoba1""
""osoba1""		814.80005	814800	878.7	878700	64.89996	64899	""osoba1""
""osoba1""		815.4	815400	878.7	878700	64.29999	64299	""osoba1""
""osoba1""		816.00006	816000	878.7	878700	63.69995	63699	""osoba1""
""osoba3""		818.4	818400	818.4	818400	1.0	1000	""osoba3""
""osoba1""		819.30005	819300	878.7	878700	60.399963	60399	""osoba1""
""osoba1""		820.2	820200	878.7	878700	59.5	59500	""osoba1""
""osoba1""		821.10004	821100	878.7	878700	58.599976	58599	""osoba1""
""osoba1""		822.30005	822300	878.7	878700	57.399963	57399	""osoba1""
""osoba1""		823.50006	823500	878.7	878700	56.19995	56199	""osoba1""
""osoba1""		826.50006	826500	878.7	878700	53.19995	53199	""osoba1""
""osoba1""		827.10004	827100	878.7	878700	52.599976	52599	""osoba1""
""osoba1""		828.9	828900	878.7	878700	50.799988	50799	""osoba1""
""osoba1""		829.50006	829500	878.7	878700	50.19995	50199	""osoba1""
""osoba1""		831.30005	831300	878.7	878700	48.399963	48399	""osoba1""
""osoba1""		834.60004	834600	878.7	878700	45.099976	45099	""osoba1""
""osoba1""		835.80005	835800	878.7	878700	43.899963	43899	""osoba1""
""osoba1""		836.4	836400	878.7	878700	43.299988	43299	""osoba1""
""osoba1""		838.80005	838800	878.7	878700	40.899963	40899	""osoba1""
""osoba2""		840.30005	840300	840.60004	840600	1.2999878	1299	""osoba2""
""osoba1""		842.4	842400	878.7	878700	37.299988	37299	""osoba1""
""osoba1""		843.60004	843600	878.7	878700	36.099976	36099	""osoba1""
""osoba1""		845.10004	845100	878.7	878700	34.599976	34599	""osoba1""
""osoba1""		846.60004	846600	878.7	878700	33.099976	33099	""osoba1""
""osoba1""		847.2	847200	878.7	878700	32.5	32500	""osoba1""
""osoba1""		848.10004	848100	878.7	878700	31.599976	31599	""osoba1""
""osoba1""		849.00006	849000	878.7	878700	30.699951	30699	""osoba1""
""osoba2""		849.30005	849300	849.30005	849300	1.0	1000	""osoba2""
""osoba4""		852.60004	852600	852.60004	852600	1.0	1000	""osoba4""
""osoba1""		853.50006	853500	878.7	878700	26.199951	26199	""osoba1""
""osoba3""		854.10004	854100	856.50006	856500	3.4000244	3400	""osoba3""
""osoba3""		855.00006	855000	856.50006	856500	2.5	2500	""osoba3""
""osoba3""		855.60004	855600	856.50006	856500	1.9000244	1900	""osoba3""
""osoba1""		855.9	855900	878.7	878700	23.799988	23799	""osoba1""
""osoba1""		857.4	857400	878.7	878700	22.299988	22299	""osoba1""
""osoba2""		857.4	857400	859.50006	859500	3.1000366	3100	""osoba2""
""osoba1""		858.9	858900	878.7	878700	20.799988	20799	""osoba1""
""osoba1""		860.4	860400	878.7	878700	19.299988	19299	""osoba1""
""osoba1""		861.30005	861300	878.7	878700	18.399963	18399	""osoba1""
""osoba1""		865.2	865200	878.7	878700	14.5	14500	""osoba1""
""osoba2""		865.80005	865800	865.80005	865800	1.0	1000	""osoba2""
""osoba1""		867.30005	867300	878.7	878700	12.399963	12399	""osoba1""
""osoba1""		869.7	869700	878.7	878700	10.0	10000	""osoba1""
""osoba4""		871.80005	871800	874.2	874200	3.3999634	3399	""osoba4""
""osoba1""		873.60004	873600	878.7	878700	6.0999756	6099	""osoba1""
""osoba3""		873.60004	873600	874.2	874200	1.5999756	1599	""osoba3""
""osoba1""		876.60004	876600	878.7	878700	3.0999756	3099	""osoba1""
""osoba1""		877.80005	877800	878.7	878700	1.8999634	1899	""osoba1""
""osoba4""		878.10004	878100	885.00006	885000	7.9000244	7900	""osoba4""
""osoba4""		879.9	879900	885.00006	885000	6.1000366	6100	""osoba4""
""osoba4""		880.50006	880500	885.00006	885000	5.5	5500	""osoba4""
""osoba4""		882.9	882900	885.00006	885000	3.1000366	3100	""osoba4""
""osoba4""		883.50006	883500	885.00006	885000	2.5	2500	""osoba4""
""osoba3""		884.10004	884100	898.2	898200	15.099976	15099	""osoba3""
""osoba4""		884.4	884400	885.00006	885000	1.6000366	1600	""osoba4""
""osoba3""		886.50006	886500	898.2	898200	12.699951	12699	""osoba3""
""osoba3""		887.7	887700	898.2	898200	11.5	11500	""osoba3""
""osoba3""		891.60004	891600	898.2	898200	7.5999756	7599	""osoba3""
""osoba3""		893.7	893700	898.2	898200	5.5	5500	""osoba3""
""osoba1""		894.60004	894600	894.60004	894600	1.0	1000	""osoba1""
""osoba3""		894.60004	894600	898.2	898200	4.5999756	4599	""osoba3""
""osoba3""		897.00006	897000	898.2	898200	2.1999512	2199	""osoba3""
""osoba2""		898.50006	898500	906.9	906900	9.399963	9399	""osoba2""
""osoba2""		899.4	899400	906.9	906900	8.5	8500	""osoba2""
""osoba4""		900.00006	900000	901.80005	901800	2.7999878	2799	""osoba4""
""osoba2""		903.00006	903000	906.9	906900	4.8999634	4899	""osoba2""
""osoba2""		903.9	903900	906.9	906900	4.0	4000	""osoba2""
""osoba2""		906.00006	906000	906.9	906900	1.8999634	1899	""osoba2""
""osoba3""		906.9	906900	915.30005	915300	9.400024	9400	""osoba3""
""osoba3""		907.80005	907800	915.30005	915300	8.5	8500	""osoba3""
""osoba4""		907.80005	907800	908.7	908700	1.8999634	1899	""osoba4""
""osoba3""		909.60004	909600	915.30005	915300	6.700012	6700	""osoba3""
""osoba2""		911.4	911400	911.4	911400	1.0	1000	""osoba2""
""osoba3""		913.50006	913500	915.30005	915300	2.7999878	2799	""osoba3""
""osoba3""		914.10004	914100	915.30005	915300	2.2000122	2200	""osoba3""
""osoba1""		915.60004	915600	921.9	921900	7.299988	7299	""osoba1""
""osoba1""		918.60004	918600	921.9	921900	4.299988	4299	""osoba1""
""osoba1""		919.2	919200	921.9	921900	3.7000122	3700	""osoba1""
""osoba4""		920.7	920700	923.10004	923100	3.4000244	3400	""osoba4""
""osoba2""		923.10004	923100	930.9	930900	8.799988	8799	""osoba2""
""osoba1""		924.60004	924600	925.50006	925500	1.9000244	1900	""osoba1""
""osoba2""		926.7	926700	930.9	930900	5.200012	5200	""osoba2""
""osoba2""		928.80005	928800	930.9	930900	3.0999756	3099	""osoba2""
""osoba2""		930.00006	930000	930.9	930900	1.8999634	1899	""osoba2""
""osoba3""		930.60004	930600	933.30005	933300	3.7000122	3700	""osoba3""
""osoba1""		930.9	930900	932.4	932400	2.5	2500	""osoba1""
""osoba4""		933.00006	933000	946.2	946200	14.199951	14199	""osoba4""
""osoba4""		935.4	935400	946.2	946200	11.799988	11799	""osoba4""
""osoba4""		936.60004	936600	946.2	946200	10.599976	10599	""osoba4""
""osoba4""		937.80005	937800	946.2	946200	9.399963	9399	""osoba4""
""osoba4""		938.7	938700	946.2	946200	8.5	8500	""osoba4""
""osoba4""		939.60004	939600	946.2	946200	7.5999756	7599	""osoba4""
""osoba4""		941.7	941700	946.2	946200	5.5	5500	""osoba4""
""osoba4""		942.60004	942600	946.2	946200	4.5999756	4599	""osoba4""
""osoba1""		945.30005	945300	950.7	950700	6.3999634	6399	""osoba1""
""osoba2""		948.30005	948300	951.9	951900	4.5999756	4599	""osoba2""
""osoba1""		948.60004	948600	950.7	950700	3.0999756	3099	""osoba1""
""osoba1""		950.10004	950100	950.7	950700	1.5999756	1599	""osoba1""
""osoba4""		951.30005	951300	954.00006	954000	3.7000122	3700	""osoba4""
""osoba1""		954.30005	954300	956.10004	956100	2.7999878	2799	""osoba1""
""osoba3""		954.60004	954600	977.7	977700	24.099976	24099	""osoba3""
""osoba3""		958.2	958200	977.7	977700	20.5	20500	""osoba3""
""osoba3""		958.80005	958800	977.7	977700	19.899963	19899	""osoba3""
""osoba3""		960.60004	960600	977.7	977700	18.099976	18099	""osoba3""
""osoba4""		961.2	961200	961.2	961200	1.0	1000	""osoba4""
""osoba3""		963.00006	963000	977.7	977700	15.699951	15699	""osoba3""
""osoba3""		964.80005	964800	977.7	977700	13.899963	13899	""osoba3""
""osoba1""		965.7	965700	966.9	966900	2.2000122	2200	""osoba1""
""osoba3""		969.00006	969000	977.7	977700	9.699951	9699	""osoba3""
""osoba3""		970.50006	970500	977.7	977700	8.199951	8199	""osoba3""
""osoba3""		974.7	974700	977.7	977700	4.0	4000	""osoba3""
""osoba3""		976.80005	976800	977.7	977700	1.8999634	1899	""osoba3""
""osoba1""		977.7	977700	1010.7	1010700	34.0	34000	""osoba1""
""osoba1""		978.30005	978300	1010.7	1010700	33.399963	33399	""osoba1""
""osoba1""		980.4	980400	1010.7	1010700	31.299988	31299	""osoba1""
""osoba1""		981.00006	981000	1010.7	1010700	30.699951	30699	""osoba1""
""osoba1""		982.50006	982500	1010.7	1010700	29.199951	29199	""osoba1""
""osoba3""		983.10004	983100	983.10004	983100	1.0	1000	""osoba3""
""osoba3""		985.50006	985500	987.00006	987000	2.5	2500	""osoba3""
""osoba1""		987.9	987900	1010.7	1010700	23.799988	23799	""osoba1""
""osoba1""		989.7	989700	1010.7	1010700	22.0	22000	""osoba1""
""osoba1""		991.80005	991800	1010.7	1010700	19.899963	19899	""osoba1""
""osoba1""		992.7	992700	1010.7	1010700	19.0	19000	""osoba1""
""osoba1""		995.10004	995100	1010.7	1010700	16.599976	16599	""osoba1""
""osoba1""		996.30005	996300	1010.7	1010700	15.399963	15399	""osoba1""
""osoba1""		999.9	999900	1010.7	1010700	11.799988	11799	""osoba1""
""osoba1""		1001.4	1001400	1010.7	1010700	10.299988	10299	""osoba1""
""osoba1""		1003.50006	1003500	1010.7	1010700	8.199951	8199	""osoba1""
""osoba1""		1004.10004	1004100	1010.7	1010700	7.5999756	7599	""osoba1""
""osoba1""		1004.7	1004700	1010.7	1010700	7.0	7000	""osoba1""
""osoba1""		1006.50006	1006500	1010.7	1010700	5.199951	5199	""osoba1""
""osoba2""		1008.00006	1008000	1017.60004	1017600	10.599976	10599	""osoba2""
""osoba2""		1009.80005	1009800	1017.60004	1017600	8.799988	8799	""osoba2""
""osoba1""		1010.10004	1010100	1010.7	1010700	1.5999756	1599	""osoba1""
""osoba2""		1013.4	1013400	1017.60004	1017600	5.200012	5200	""osoba2""
""osoba2""		1014.30005	1014300	1017.60004	1017600	4.299988	4299	""osoba2""
""osoba2""		1014.9	1014900	1017.60004	1017600	3.7000122	3700	""osoba2""
""osoba4""		1017.00006	1017000	1026.9	1026900	10.899963	10899	""osoba4""
""osoba3""		1021.2	1021200	1022.10004	1022100	1.9000244	1900	""osoba3""
""osoba4""		1024.2001	1024200	1026.9	1026900	3.6999512	3699	""osoba4""
""osoba2""		1024.8	1024800	1029.3	1029300	5.5	5500	""osoba2""
""osoba3""		1026.0	1026000	1027.2001	1027200	2.2000732	2200	""osoba3""
""osoba2""		1028.4	1028400	1029.3	1029300	1.9000244	1900	""osoba2""
""osoba1""		1029.6001	1029600	1059.3	1059300	30.699951	30699	""osoba1""
""osoba3""		1030.8	1030800	1032.3	1032300	2.5	2500	""osoba3""
""osoba1""		1033.5	1033500	1059.3	1059300	26.800049	26800	""osoba1""
""osoba4""		1033.8	1033800	1033.8	1033800	1.0	1000	""osoba4""
""osoba1""		1036.2001	1036200	1059.3	1059300	24.099976	24099	""osoba1""
""osoba1""		1037.7001	1037700	1059.3	1059300	22.599976	22599	""osoba1""
""osoba1""		1038.9	1038900	1059.3	1059300	21.400024	21400	""osoba1""
""osoba2""		1040.4	1040400	1041.3	1041300	1.9000244	1900	""osoba2""
""osoba1""		1045.2001	1045200	1059.3	1059300	15.099976	15099	""osoba1""
""osoba1""		1046.7001	1046700	1059.3	1059300	13.599976	13599	""osoba1""
""osoba1""		1047.9	1047900	1059.3	1059300	12.400024	12400	""osoba1""
""osoba1""		1048.8	1048800	1059.3	1059300	11.5	11500	""osoba1""
""osoba1""		1051.5	1051500	1059.3	1059300	8.800049	8800	""osoba1""
""osoba1""		1052.1001	1052100	1059.3	1059300	8.199951	8199	""osoba1""
""osoba1""		1052.7001	1052700	1059.3	1059300	7.5999756	7599	""osoba1""
""osoba1""		1053.9	1053900	1059.3	1059300	6.4000244	6400	""osoba1""
""osoba2""		1055.4	1055400	1055.4	1055400	1.0	1000	""osoba2""
""osoba1""		1056.3	1056300	1059.3	1059300	4.0	4000	""osoba1""
""osoba1""		1056.9	1056900	1059.3	1059300	3.4000244	3400	""osoba1""
""osoba3""		1058.4	1058400	1065.6001	1065600	8.200073	8200	""osoba3""
""osoba1""		1065.0	1065000	1088.4	1088400	24.400024	24400	""osoba1""
""osoba1""		1068.6001	1068600	1088.4	1088400	20.799927	20799	""osoba1""
""osoba1""		1070.4	1070400	1088.4	1088400	19.0	19000	""osoba1""
""osoba1""		1071.9	1071900	1088.4	1088400	17.5	17500	""osoba1""
""osoba1""		1073.4	1073400	1088.4	1088400	16.0	16000	""osoba1""
""osoba1""		1074.0	1074000	1088.4	1088400	15.400024	15400	""osoba1""
""osoba1""		1075.8	1075800	1088.4	1088400	13.599976	13599	""osoba1""
""osoba1""		1076.4	1076400	1088.4	1088400	13.0	13000	""osoba1""
""osoba3""		1076.7001	1076700	1077.0	1077000	1.2999268	1299	""osoba3""
""osoba1""		1078.5	1078500	1088.4	1088400	10.900024	10900	""osoba1""
""osoba1""		1079.4	1079400	1088.4	1088400	10.0	10000	""osoba1""
""osoba1""		1082.1001	1082100	1088.4	1088400	7.2999268	7299	""osoba1""
""osoba1""		1083.3	1083300	1088.4	1088400	6.0999756	6099	""osoba1""
""osoba1""		1083.9	1083900	1088.4	1088400	5.5	5500	""osoba1""
""osoba4""		1084.2001	1084200	1085.1001	1085100	1.9000244	1900	""osoba4""
""osoba1""		1086.3	1086300	1088.4	1088400	3.0999756	3099	""osoba1""
""osoba1""		1087.8	1087800	1088.4	1088400	1.5999756	1599	""osoba1""
""osoba1""		1088.4	1088400	1088.4	1088400	1.0	1000	""osoba1""
""osoba3""		1088.4	1088400	1102.5	1102500	15.099976	15099	""osoba3""
""osoba3""		1089.9	1089900	1102.5	1102500	13.599976	13599	""osoba3""
""osoba3""		1090.5	1090500	1102.5	1102500	13.0	13000	""osoba3""
""osoba4""		1090.5	1090500	1091.4	1091400	1.9000244	1900	""osoba4""
""osoba1""		1090.8	1090800	1092.3	1092300	2.5	2500	""osoba1""
""osoba2""		1092.3	1092300	1092.6001	1092600	1.3000488	1300	""osoba2""
""osoba3""		1093.8	1093800	1102.5	1102500	9.699951	9699	""osoba3""
""osoba2""		1095.0	1095000	1095.3	1095300	1.3000488	1300	""osoba2""
""osoba1""		1095.9	1095900	1096.5	1096500	1.5999756	1599	""osoba1""
""osoba2""		1097.4	1097400	1097.7001	1097700	1.3000488	1300	""osoba2""
""osoba3""		1100.4	1100400	1102.5	1102500	3.0999756	3099	""osoba3""
""osoba4""		1100.7001	1100700	1103.4	1103400	3.6999512	3699	""osoba4""
""osoba1""		1101.3	1101300	1122.9	1122900	22.599976	22599	""osoba1""
""osoba1""		1104.6001	1104600	1122.9	1122900	19.299927	19299	""osoba1""
""osoba1""		1105.2001	1105200	1122.9	1122900	18.699951	18699	""osoba1""
""osoba1""		1108.8	1108800	1122.9	1122900	15.099976	15099	""osoba1""
""osoba1""		1110.0	1110000	1122.9	1122900	13.900024	13900	""osoba1""
""osoba1""		1110.9	1110900	1122.9	1122900	13.0	13000	""osoba1""
""osoba1""		1112.1001	1112100	1122.9	1122900	11.799927	11799	""osoba1""
""osoba1""		1114.5	1114500	1122.9	1122900	9.400024	9400	""osoba1""
""osoba1""		1115.1001	1115100	1122.9	1122900	8.799927	8799	""osoba1""
""osoba1""		1116.6001	1116600	1122.9	1122900	7.2999268	7299	""osoba1""
""osoba1""		1117.5	1117500	1122.9	1122900	6.4000244	6400	""osoba1""
""osoba3""		1118.4	1118400	1119.3	1119300	1.9000244	1900	""osoba3""
""osoba4""		1118.4	1118400	1120.2001	1120200	2.8000488	2800	""osoba4""
""osoba2""		1118.7001	1118700	1119.9	1119900	2.1999512	2199	""osoba2""
""osoba4""		1120.2001	1120200	1120.2001	1120200	1.0	1000	""osoba4""
""osoba1""		1122.3	1122300	1122.9	1122900	1.5999756	1599	""osoba1""
""osoba1""		1122.9	1122900	1122.9	1122900	1.0	1000	""osoba1""
""osoba3""		1123.2001	1123200	1125.3	1125300	3.0999756	3099	""osoba3""
""osoba2""		1124.1001	1124100	1137.3	1137300	14.199951	14199	""osoba2""
""osoba2""		1125.0	1125000	1137.3	1137300	13.300049	13300	""osoba2""
""osoba2""		1128.9	1128900	1137.3	1137300	9.400024	9400	""osoba2""
""osoba2""		1131.9	1131900	1137.3	1137300	6.4000244	6400	""osoba2""
""osoba4""		1134.9	1134900	1135.5	1135500	1.5999756	1599	""osoba4""
""osoba1""		1136.4	1136400	1141.8	1141800	6.4000244	6400	""osoba1""
""osoba2""		1136.4	1136400	1137.3	1137300	1.9000244	1900	""osoba2""
""osoba1""		1138.5	1138500	1141.8	1141800	4.300049	4300	""osoba1""
""osoba2""		1140.3	1140300	1152.0	1152000	12.699951	12699	""osoba2""
""osoba4""		1142.4	1142400	1145.1001	1145100	3.7000732	3700	""osoba4""
""osoba2""		1143.9	1143900	1152.0	1152000	9.099976	9099	""osoba2""
""osoba4""		1143.9	1143900	1145.1001	1145100	2.2000732	2200	""osoba4""
""osoba2""		1146.0	1146000	1152.0	1152000	7.0	7000	""osoba2""
""osoba2""		1148.7001	1148700	1152.0	1152000	4.2999268	4299	""osoba2""
""osoba3""		1149.9	1149900	1150.5	1150500	1.5999756	1599	""osoba3""
""osoba1""		1150.8	1150800	1159.8	1159800	10.0	10000	""osoba1""
""osoba2""		1150.8	1150800	1152.0	1152000	2.1999512	2199	""osoba2""
""osoba2""		1152.0	1152000	1152.0	1152000	1.0	1000	""osoba2""
""osoba1""		1152.6001	1152600	1159.8	1159800	8.199951	8199	""osoba1""
""osoba1""		1155.3	1155300	1159.8	1159800	5.5	5500	""osoba1""
""osoba1""		1156.5	1156500	1159.8	1159800	4.300049	4300	""osoba1""
""osoba1""		1159.5	1159500	1159.8	1159800	1.3000488	1300	""osoba1""
""osoba4""		1159.8	1159800	1169.7001	1169700	10.900024	10900	""osoba4""
""osoba1""		1161.9	1161900	1163.1001	1163100	2.2000732	2200	""osoba1""
""osoba4""		1162.8	1162800	1169.7001	1169700	7.9000244	7900	""osoba4""
""osoba4""		1164.6001	1164600	1169.7001	1169700	6.0999756	6099	""osoba4""
""osoba1""		1165.8	1165800	1213.8	1213800	49.0	49000	""osoba1""
""osoba4""		1165.8	1165800	1169.7001	1169700	4.9000244	4900	""osoba4""
""osoba3""		1170.6001	1170600	1170.6001	1170600	1.0	1000	""osoba3""
""osoba1""		1171.2001	1171200	1213.8	1213800	43.599976	43599	""osoba1""
""osoba1""		1175.1001	1175100	1213.8	1213800	39.69995	39699	""osoba1""
""osoba2""		1176.0	1176000	1177.5	1177500	2.5	2500	""osoba2""
""osoba1""		1177.2001	1177200	1213.8	1213800	37.599976	37599	""osoba1""
""osoba3""		1177.5	1177500	1177.8	1177800	1.3000488	1300	""osoba3""
""osoba1""		1181.4	1181400	1213.8	1213800	33.400024	33400	""osoba1""
""osoba1""		1182.6001	1182600	1213.8	1213800	32.19995	32199	""osoba1""
""osoba1""		1184.1001	1184100	1213.8	1213800	30.699951	30699	""osoba1""
""osoba4""		1187.4	1187400	1188.0	1188000	1.5999756	1599	""osoba4""
""osoba1""		1188.0	1188000	1213.8	1213800	26.800049	26800	""osoba1""
""osoba1""		1188.9	1188900	1213.8	1213800	25.900024	25900	""osoba1""
""osoba3""		1191.0	1191000	1191.6001	1191600	1.6000977	1600	""osoba3""
""osoba4""		1194.6001	1194600	1196.1001	1196100	2.5	2500	""osoba4""
""osoba1""		1195.5	1195500	1213.8	1213800	19.300049	19300	""osoba1""
""osoba1""		1196.1001	1196100	1213.8	1213800	18.699951	18699	""osoba1""
""osoba1""		1198.2001	1198200	1213.8	1213800	16.599976	16599	""osoba1""
""osoba1""		1203.3	1203300	1213.8	1213800	11.5	11500	""osoba1""
""osoba1""		1206.3	1206300	1213.8	1213800	8.5	8500	""osoba1""
""osoba1""		1208.1001	1208100	1213.8	1213800	6.699951	6699	""osoba1""
""osoba1""		1210.5	1210500	1213.8	1213800	4.300049	4300	""osoba1""
""osoba1""		1211.4	1211400	1213.8	1213800	3.4000244	3400	""osoba1""
""osoba4""		1211.7001	1211700	1220.1001	1220100	9.400024	9400	""osoba4""
""osoba2""		1215.6001	1215600	1215.6001	1215600	1.0	1000	""osoba2""
""osoba4""		1215.9	1215900	1220.1001	1220100	5.2000732	5200	""osoba4""
""osoba4""		1217.1001	1217100	1220.1001	1220100	4.0	4000	""osoba4""
""osoba1""		1218.9	1218900	1232.7001	1232700	14.800049	14800	""osoba1""
""osoba3""		1219.5	1219500	1221.0	1221000	2.5	2500	""osoba3""
""osoba1""		1224.9	1224900	1232.7001	1232700	8.800049	8800	""osoba1""
""osoba1""		1230.3	1230300	1232.7001	1232700	3.4000244	3400	""osoba1""
""osoba4""		1231.8	1231800	1264.5	1264500	33.69995	33699	""osoba4""
""osoba4""		1233.0	1233000	1264.5	1264500	32.5	32500	""osoba4""
""osoba3""		1234.8	1234800	1235.7001	1235700	1.9000244	1900	""osoba3""
""osoba4""		1236.0	1236000	1264.5	1264500	29.5	29500	""osoba4""
""osoba4""		1238.4	1238400	1264.5	1264500	27.099976	27099	""osoba4""
""osoba2""		1238.7001	1238700	1239.3	1239300	1.5999756	1599	""osoba2""
""osoba4""		1242.6001	1242600	1264.5	1264500	22.899902	22899	""osoba4""
""osoba4""		1244.7001	1244700	1264.5	1264500	20.799927	20799	""osoba4""
""osoba4""		1248.6001	1248600	1264.5	1264500	16.899902	16899	""osoba4""
""osoba4""		1249.5	1249500	1264.5	1264500	16.0	16000	""osoba4""
""osoba4""		1251.6001	1251600	1264.5	1264500	13.899902	13899	""osoba4""
""osoba4""		1254.3	1254300	1264.5	1264500	11.199951	11199	""osoba4""
""osoba4""		1255.2001	1255200	1264.5	1264500	10.299927	10299	""osoba4""
""osoba4""		1256.1001	1256100	1264.5	1264500	9.399902	9399	""osoba4""
""osoba1""		1259.4	1259400	1263.9	1263900	5.5	5500	""osoba1""
""osoba4""		1260.0	1260000	1264.5	1264500	5.5	5500	""osoba4""
""osoba4""		1260.6001	1260600	1264.5	1264500	4.8999023	4899	""osoba4""
""osoba1""		1260.9	1260900	1263.9	1263900	4.0	4000	""osoba1""
""osoba4""		1262.7001	1262700	1264.5	1264500	2.7999268	2799	""osoba4""
""osoba3""		1264.8	1264800	1270.8	1270800	7.0	7000	""osoba3""
""osoba3""		1269.0	1269000	1270.8	1270800	2.8000488	2800	""osoba3""
""osoba3""		1269.9	1269900	1270.8	1270800	1.9000244	1900	""osoba3""
""osoba3""		1270.5	1270500	1270.8	1270800	1.3000488	1300	""osoba3""
""osoba1""		1270.8	1270800	1280.7001	1280700	10.900024	10900	""osoba1""
""osoba1""		1272.0	1272000	1280.7001	1280700	9.700073	9700	""osoba1""
""osoba1""		1272.6001	1272600	1280.7001	1280700	9.099976	9099	""osoba1""
""osoba3""		1273.2001	1273200	1278.0	1278000	5.7999268	5799	""osoba3""
""osoba1""		1274.4	1274400	1280.7001	1280700	7.300049	7300	""osoba1""
""osoba3""		1276.2001	1276200	1278.0	1278000	2.7999268	2799	""osoba3""
""osoba1""		1276.5	1276500	1280.7001	1280700	5.2000732	5200	""osoba1""
""osoba3""		1277.4	1277400	1278.0	1278000	1.5999756	1599	""osoba3""
""osoba4""		1277.7001	1277700	1287.3	1287300	10.599976	10599	""osoba4""
""osoba4""		1279.2001	1279200	1287.3	1287300	9.099976	9099	""osoba4""
""osoba4""		1283.4	1283400	1287.3	1287300	4.9000244	4900	""osoba4""
""osoba4""		1285.2001	1285200	1287.3	1287300	3.0999756	3099	""osoba4""
""osoba3""		1287.3	1287300	1296.0	1296000	9.699951	9699	""osoba3""
""osoba4""		1287.3	1287300	1287.3	1287300	1.0	1000	""osoba4""
""osoba3""		1289.4	1289400	1296.0	1296000	7.5999756	7599	""osoba3""
""osoba4""		1291.5	1291500	1294.5	1294500	4.0	4000	""osoba4""
""osoba3""		1292.1001	1292100	1296.0	1296000	4.8999023	4899	""osoba3""
""osoba3""		1293.0	1293000	1296.0	1296000	4.0	4000	""osoba3""
""osoba4""		1293.3	1293300	1294.5	1294500	2.1999512	2199	""osoba4""
""osoba3""		1294.2001	1294200	1296.0	1296000	2.7999268	2799	""osoba3""
""osoba1""		1294.8	1294800	1308.9	1308900	15.099976	15099	""osoba1""
""osoba1""		1298.4	1298400	1308.9	1308900	11.5	11500	""osoba1""
""osoba1""		1300.2001	1300200	1308.9	1308900	9.699951	9699	""osoba1""
""osoba1""		1301.1001	1301100	1308.9	1308900	8.799927	8799	""osoba1""
""osoba1""		1302.0	1302000	1308.9	1308900	7.9000244	7900	""osoba1""
""osoba4""		1304.4	1304400	1304.4	1304400	1.0	1000	""osoba4""
""osoba1""		1304.7001	1304700	1308.9	1308900	5.199951	5199	""osoba1""
""osoba3""		1304.7001	1304700	1304.7001	1304700	1.0	1000	""osoba3""
""osoba1""		1305.3	1305300	1308.9	1308900	4.5999756	4599	""osoba1""
""osoba1""		1306.2001	1306200	1308.9	1308900	3.6999512	3699	""osoba1""
""osoba3""		1307.4	1307400	1316.7001	1316700	10.300049	10300	""osoba3""
""osoba3""		1309.8	1309800	1316.7001	1316700	7.9000244	7900	""osoba3""
""osoba1""		1311.0	1311000	1311.3	1311300	1.3000488	1300	""osoba1""
""osoba3""		1311.3	1311300	1316.7001	1316700	6.4000244	6400	""osoba3""
""osoba2""		1311.9	1311900	1311.9	1311900	1.0	1000	""osoba2""
""osoba3""		1314.6001	1314600	1316.7001	1316700	3.0999756	3099	""osoba3""
""osoba2""		1315.2001	1315200	1315.5	1315500	1.2999268	1299	""osoba2""
""osoba1""		1316.7001	1316700	1347.9	1347900	32.19995	32199	""osoba1""
""osoba1""		1318.2001	1318200	1347.9	1347900	30.699951	30699	""osoba1""
""osoba1""		1318.8	1318800	1347.9	1347900	30.099976	30099	""osoba1""
""osoba1""		1319.7001	1319700	1347.9	1347900	29.199951	29199	""osoba1""
""osoba1""		1321.5	1321500	1347.9	1347900	27.400024	27400	""osoba1""
""osoba1""		1322.7001	1322700	1347.9	1347900	26.199951	26199	""osoba1""
""osoba3""		1323.0	1323000	1325.1001	1325100	3.1000977	3100	""osoba3""
""osoba1""		1323.9	1323900	1347.9	1347900	25.0	25000	""osoba1""
""osoba1""		1326.6001	1326600	1347.9	1347900	22.299927	22299	""osoba1""
""osoba1""		1327.2001	1327200	1347.9	1347900	21.699951	21699	""osoba1""
""osoba1""		1332.3	1332300	1347.9	1347900	16.599976	16599	""osoba1""
""osoba1""		1333.2001	1333200	1347.9	1347900	15.699951	15699	""osoba1""
""osoba1""		1333.8	1333800	1347.9	1347900	15.099976	15099	""osoba1""
""osoba1""		1335.0	1335000	1347.9	1347900	13.900024	13900	""osoba1""
""osoba1""		1338.0	1338000	1347.9	1347900	10.900024	10900	""osoba1""
""osoba1""		1338.6001	1338600	1347.9	1347900	10.299927	10299	""osoba1""
""osoba1""		1343.4	1343400	1347.9	1347900	5.5	5500	""osoba1""
""osoba1""		1344.9	1344900	1347.9	1347900	4.0	4000	""osoba1""
""osoba1""		1345.5	1345500	1347.9	1347900	3.4000244	3400	""osoba1""
""osoba4""		1345.8	1345800	1352.7001	1352700	7.9000244	7900	""osoba4""
""osoba4""		1349.4	1349400	1352.7001	1352700	4.300049	4300	""osoba4""
""osoba3""		1350.9	1350900	1365.6001	1365600	15.700073	15700	""osoba3""
""osoba4""		1352.4	1352400	1352.7001	1352700	1.3000488	1300	""osoba4""
""osoba3""		1353.6001	1353600	1365.6001	1365600	13.0	13000	""osoba3""
""osoba3""		1355.4	1355400	1365.6001	1365600	11.200073	11200	""osoba3""
""osoba3""		1358.1001	1358100	1365.6001	1365600	8.5	8500	""osoba3""
""osoba3""		1360.5	1360500	1365.6001	1365600	6.1000977	6100	""osoba3""
""osoba3""		1361.7001	1361700	1365.6001	1365600	4.9000244	4900	""osoba3""
""osoba1""		1365.6001	1365600	1398.3	1398300	33.69995	33699	""osoba1""
""osoba1""		1367.7001	1367700	1398.3	1398300	31.599976	31599	""osoba1""
""osoba1""		1368.9	1368900	1398.3	1398300	30.400024	30400	""osoba1""
""osoba1""		1376.7001	1376700	1398.3	1398300	22.599976	22599	""osoba1""
""osoba1""		1378.8	1378800	1398.3	1398300	20.5	20500	""osoba1""
""osoba1""		1380.6001	1380600	1398.3	1398300	18.699951	18699	""osoba1""
""osoba1""		1381.8	1381800	1398.3	1398300	17.5	17500	""osoba1""
""osoba1""		1382.7001	1382700	1398.3	1398300	16.599976	16599	""osoba1""
""osoba2""		1383.0	1383000	1383.9	1383900	1.9000244	1900	""osoba2""
""osoba1""		1392.3	1392300	1398.3	1398300	7.0	7000	""osoba1""
""osoba1""		1396.8	1396800	1398.3	1398300	2.5	2500	""osoba1""
""osoba1""		1398.0	1398000	1398.3	1398300	1.3000488	1300	""osoba1""
""osoba3""		1398.3	1398300	1404.3	1404300	7.0	7000	""osoba3""
""osoba1""		1401.6001	1401600	1407.3	1407300	6.699951	6699	""osoba1""
""osoba1""		1402.5	1402500	1407.3	1407300	5.800049	5800	""osoba1""
""osoba2""		1405.2001	1405200	1409.4	1409400	5.199951	5199	""osoba2""
""osoba1""		1410.0	1410000	1416.9	1416900	7.9000244	7900	""osoba1""
""osoba1""		1412.1001	1412100	1416.9	1416900	5.7999268	5799	""osoba1""
""osoba1""		1415.4	1415400	1416.9	1416900	2.5	2500	""osoba1""
""osoba1""		1416.0	1416000	1416.9	1416900	1.9000244	1900	""osoba1""
""osoba2""		1416.3	1416300	1433.4	1433400	18.099976	18099	""osoba2""
""osoba4""		1417.8	1417800	1419.6001	1419600	2.8000488	2800	""osoba4""
""osoba2""		1419.0	1419000	1433.4	1433400	15.400024	15400	""osoba2""
""osoba4""		1419.6001	1419600	1419.6001	1419600	1.0	1000	""osoba4""
""osoba2""		1420.2001	1420200	1433.4	1433400	14.199951	14199	""osoba2""
""osoba2""		1422.3	1422300	1433.4	1433400	12.099976	12099	""osoba2""
""osoba1""		1426.5	1426500	1427.1001	1427100	1.6000977	1600	""osoba1""
""osoba2""		1429.8	1429800	1433.4	1433400	4.5999756	4599	""osoba2""
""osoba2""		1430.4	1430400	1433.4	1433400	4.0	4000	""osoba2""
""osoba1""		1433.1001	1433100	1476.3	1476300	44.19995	44199	""osoba1""
""osoba1""		1434.0	1434000	1476.3	1476300	43.30005	43300	""osoba1""
""osoba1""		1436.7001	1436700	1476.3	1476300	40.599976	40599	""osoba1""
""osoba1""		1439.4	1439400	1476.3	1476300	37.900024	37900	""osoba1""
""osoba1""		1440.3	1440300	1476.3	1476300	37.0	37000	""osoba1""
""osoba4""		1442.1001	1442100	1442.1001	1442100	1.0	1000	""osoba4""
""osoba1""		1443.3	1443300	1476.3	1476300	34.0	34000	""osoba1""
""osoba1""		1445.4	1445400	1476.3	1476300	31.900024	31900	""osoba1""
""osoba1""		1446.3	1446300	1476.3	1476300	31.0	31000	""osoba1""
""osoba1""		1446.9	1446900	1476.3	1476300	30.400024	30400	""osoba1""
""osoba1""		1447.5	1447500	1476.3	1476300	29.800049	29800	""osoba1""
""osoba1""		1448.1001	1448100	1476.3	1476300	29.199951	29199	""osoba1""
""osoba1""		1449.6001	1449600	1476.3	1476300	27.699951	27699	""osoba1""
""osoba1""		1452.9	1452900	1476.3	1476300	24.400024	24400	""osoba1""
""osoba1""		1463.7001	1463700	1476.3	1476300	13.599976	13599	""osoba1""
""osoba1""		1467.6001	1467600	1476.3	1476300	9.699951	9699	""osoba1""
""osoba2""		1468.2001	1468200	1470.9	1470900	3.6999512	3699	""osoba2""
""osoba1""		1469.4	1469400	1476.3	1476300	7.9000244	7900	""osoba1""
""osoba1""		1472.7001	1472700	1476.3	1476300	4.5999756	4599	""osoba1""
""osoba1""		1473.6001	1473600	1476.3	1476300	3.6999512	3699	""osoba1""
""osoba1""		1474.5	1474500	1476.3	1476300	2.8000488	2800	""osoba1""
""osoba1""		1475.7001	1475700	1476.3	1476300	1.5999756	1599	""osoba1""
""osoba2""		1476.3	1476300	1482.6001	1482600	7.300049	7300	""osoba2""
""osoba2""		1477.8	1477800	1482.6001	1482600	5.800049	5800	""osoba2""
""osoba2""		1479.0	1479000	1482.6001	1482600	4.6000977	4600	""osoba2""
""osoba2""		1480.2001	1480200	1482.6001	1482600	3.4000244	3400	""osoba2""
""osoba2""		1481.7001	1481700	1482.6001	1482600	1.9000244	1900	""osoba2""
""osoba4""		1482.9	1482900	1483.8	1483800	1.9000244	1900	""osoba4""
""osoba1""		1483.8	1483800	1488.3	1488300	5.5	5500	""osoba1""
""osoba4""		1485.9	1485900	1491.9	1491900	7.0	7000	""osoba4""
""osoba1""		1487.4	1487400	1488.3	1488300	1.9000244	1900	""osoba1""
""osoba4""		1487.4	1487400	1491.9	1491900	5.5	5500	""osoba4""
""osoba4""		1490.1001	1490100	1491.9	1491900	2.7999268	2799	""osoba4""
""osoba4""		1490.7001	1490700	1491.9	1491900	2.1999512	2199	""osoba4""
""osoba3""		1492.8	1492800	1493.4	1493400	1.5999756	1599	""osoba3""
""osoba1""		1493.1001	1493100	1495.8	1495800	3.6999512	3699	""osoba1""
""osoba1""		1495.2001	1495200	1495.8	1495800	1.5999756	1599	""osoba1""
""osoba2""		1495.5	1495500	1498.8	1498800	4.300049	4300	""osoba2""
""osoba1""		1495.8	1495800	1495.8	1495800	1.0	1000	""osoba1""
""osoba4""		1498.8	1498800	1507.5	1507500	9.699951	9699	""osoba4""
""osoba4""		1500.0	1500000	1507.5	1507500	8.5	8500	""osoba4""
""osoba3""		1501.2001	1501200	1501.2001	1501200	1.0	1000	""osoba3""
""osoba2""		1502.1001	1502100	1503.6001	1503600	2.5	2500	""osoba2""
""osoba4""		1502.1001	1502100	1507.5	1507500	6.3999023	6399	""osoba4""
""osoba1""		1505.7001	1505700	1509.6001	1509600	4.9000244	4900	""osoba1""
""osoba4""		1505.7001	1505700	1507.5	1507500	2.7999268	2799	""osoba4""
""osoba2""		1509.0	1509000	1521.3	1521300	13.300049	13300	""osoba2""
""osoba2""		1516.2001	1516200	1521.3	1521300	6.0999756	6099	""osoba2""
""osoba2""		1517.7001	1517700	1521.3	1521300	4.5999756	4599	""osoba2""
""osoba2""		1518.3	1518300	1521.3	1521300	4.0	4000	""osoba2""
""osoba1""		1521.3	1521300	1523.1001	1523100	2.8000488	2800	""osoba1""
""osoba2""		1521.3	1521300	1521.3	1521300	1.0	1000	""osoba2""
""osoba1""		1522.2001	1522200	1523.1001	1523100	1.9000244	1900	""osoba1""
""osoba4""		1523.4	1523400	1537.2001	1537200	14.800049	14800	""osoba4""
""osoba4""		1525.2001	1525200	1537.2001	1537200	13.0	13000	""osoba4""
""osoba4""		1526.1001	1526100	1537.2001	1537200	12.099976	12099	""osoba4""
""osoba3""		1527.0	1527000	1528.5	1528500	2.5	2500	""osoba3""
""osoba4""		1530.6001	1530600	1537.2001	1537200	7.5999756	7599	""osoba4""
""osoba4""		1532.1001	1532100	1537.2001	1537200	6.0999756	6099	""osoba4""
""osoba4""		1536.9	1536900	1537.2001	1537200	1.3000488	1300	""osoba4""
""osoba3""		1537.2001	1537200	1539.9	1539900	3.6999512	3699	""osoba3""
""osoba3""		1538.7001	1538700	1539.9	1539900	2.1999512	2199	""osoba3""
""osoba1""		1539.9	1539900	1543.2001	1543200	4.300049	4300	""osoba1""
""osoba1""		1541.1001	1541100	1543.2001	1543200	3.0999756	3099	""osoba1""
""osoba1""		1541.7001	1541700	1543.2001	1543200	2.5	2500	""osoba1""
""osoba1""		1542.3	1542300	1543.2001	1543200	1.9000244	1900	""osoba1""
""osoba4""		1542.6001	1542600	1548.9	1548900	7.2999268	7299	""osoba4""
""osoba4""		1544.4	1544400	1548.9	1548900	5.5	5500	""osoba4""
""osoba4""		1545.0001	1545000	1548.9	1548900	4.8999023	4899	""osoba4""
""osoba4""		1546.5001	1546500	1548.9	1548900	3.3999023	3399	""osoba4""
""osoba4""		1548.9	1548900	1548.9	1548900	1.0	1000	""osoba4""
""osoba1""		1549.2001	1549200	1554.6001	1554600	6.4000244	6400	""osoba1""
""osoba1""		1549.8	1549800	1554.6001	1554600	5.800049	5800	""osoba1""
""osoba1""		1551.3	1551300	1554.6001	1554600	4.300049	4300	""osoba1""
""osoba1""		1551.9	1551900	1554.6001	1554600	3.7000732	3700	""osoba1""
""osoba1""		1553.1001	1553100	1554.6001	1554600	2.5	2500	""osoba1""
""osoba3""		1553.4	1553400	1556.7001	1556700	4.300049	4300	""osoba3""
""osoba2""		1555.2001	1555200	1563.6001	1563600	9.400024	9400	""osoba2""
""osoba1""		1557.3	1557300	1557.3	1557300	1.0	1000	""osoba1""
""osoba2""		1558.2001	1558200	1563.6001	1563600	6.4000244	6400	""osoba2""
""osoba2""		1558.8	1558800	1563.6001	1563600	5.800049	5800	""osoba2""
""osoba3""		1559.4	1559400	1560.6001	1560600	2.2000732	2200	""osoba3""
""osoba1""		1563.0001	1563000	1568.4	1568400	6.3999023	6399	""osoba1""
""osoba1""		1565.4	1565400	1568.4	1568400	4.0	4000	""osoba1""
""osoba1""		1566.6001	1566600	1568.4	1568400	2.7999268	2799	""osoba1""
""osoba3""		1566.9	1566900	1576.2001	1576200	10.300049	10300	""osoba3""
""osoba3""		1569.9	1569900	1576.2001	1576200	7.300049	7300	""osoba3""
""osoba3""		1572.0001	1572000	1576.2001	1576200	5.199951	5199	""osoba3""
""osoba3""		1572.6001	1572600	1576.2001	1576200	4.5999756	4599	""osoba3""
""osoba3""		1573.8	1573800	1576.2001	1576200	3.4000244	3400	""osoba3""
""osoba3""		1575.9	1575900	1576.2001	1576200	1.3000488	1300	""osoba3""
""osoba1""		1576.2001	1576200	1580.1001	1580100	4.9000244	4900	""osoba1""
""osoba2""		1578.3	1578300	1578.9	1578900	1.5999756	1599	""osoba2""
""osoba1""		1579.5001	1579500	1580.1001	1580100	1.5999756	1599	""osoba1""
""osoba3""		1579.8	1579800	1581.3	1581300	2.5	2500	""osoba3""
""osoba4""		1580.7001	1580700	1590.9	1590900	11.199951	11199	""osoba4""
""osoba1""		1584.6001	1584600	1586.7001	1586700	3.0999756	3099	""osoba1""
""osoba4""		1586.7001	1586700	1590.9	1590900	5.199951	5199	""osoba4""
""osoba1""		1591.2001	1591200	1595.1001	1595100	4.9000244	4900	""osoba1""
""osoba3""		1595.1001	1595100	1605.6001	1605600	11.5	11500	""osoba3""
""osoba3""		1596.9	1596900	1605.6001	1605600	9.700073	9700	""osoba3""
""osoba3""		1598.4	1598400	1605.6001	1605600	8.200073	8200	""osoba3""
""osoba3""		1599.3	1599300	1605.6001	1605600	7.300049	7300	""osoba3""
""osoba3""		1601.1001	1601100	1605.6001	1605600	5.5	5500	""osoba3""
""osoba3""		1602.3	1602300	1605.6001	1605600	4.300049	4300	""osoba3""
""osoba3""		1604.1001	1604100	1605.6001	1605600	2.5	2500	""osoba3""
""osoba3""		1605.6001	1605600	1605.6001	1605600	1.0	1000	""osoba3""
""osoba1""		1606.2001	1606200	1620.3	1620300	15.099976	15099	""osoba1""
""osoba2""		1607.4	1607400	1609.2001	1609200	2.8000488	2800	""osoba2""
""osoba1""		1608.0001	1608000	1620.3	1620300	13.299927	13299	""osoba1""
""osoba2""		1608.6001	1608600	1609.2001	1609200	1.5999756	1599	""osoba2""
""osoba1""		1614.9	1614900	1620.3	1620300	6.4000244	6400	""osoba1""
""osoba1""		1616.1001	1616100	1620.3	1620300	5.199951	5199	""osoba1""
