"default"		0.0	0	1.0	1000	1.0	1000	BEGIN
"default"		1620.3	1620300	1620.31	1621300	1.0	1000	END
""osoba1""		5.7000003	5700	9.6	9600	4.9	4900	""osoba1""
""osoba4""		5.7000003	5700	7.5000005	7500	2.8000002	2800	""osoba4""
""osoba1""		6.6000004	6600	9.6	9600	4.0	4000	""osoba1""
""osoba4""		7.5000005	7500	7.5000005	7500	1.0	1000	""osoba4""
""osoba2""		9.6	9600	12.900001	12900	4.3	4300	""osoba2""
""osoba2""		11.400001	11400	12.900001	12900	2.5	2500	""osoba2""
""osoba2""		12.6	12600	12.900001	12900	1.3000002	1300	""osoba2""
""osoba1""		13.500001	13500	22.800001	22800	10.3	10300	""osoba1""
""osoba1""		17.7	17700	22.800001	22800	6.1000004	6100	""osoba1""
""osoba1""		20.1	20100	22.800001	22800	3.7000008	3700	""osoba1""
""osoba1""		20.7	20700	22.800001	22800	3.1000004	3100	""osoba1""
""osoba2""		20.7	20700	31.500002	31500	11.800001	11800	""osoba2""
""osoba2""		23.1	23100	31.500002	31500	9.400002	9400	""osoba2""
""osoba2""		26.1	26100	31.500002	31500	6.4000015	6400	""osoba2""
""osoba1""		26.7	26700	41.7	41700	16.0	16000	""osoba1""
""osoba3""		30.900002	30900	31.2	31200	1.2999992	1299	""osoba3""
""osoba1""		32.4	32400	41.7	41700	10.299999	10299	""osoba1""
""osoba1""		33.600002	33600	41.7	41700	9.099998	9099	""osoba1""
""osoba1""		37.5	37500	41.7	41700	5.200001	5200	""osoba1""
""osoba1""		38.4	38400	41.7	41700	4.299999	4299	""osoba1""
""osoba1""		39.0	39000	41.7	41700	3.7000008	3700	""osoba1""
""osoba3""		40.800003	40800	42.300003	42300	2.5	2500	""osoba3""
""osoba2""		42.0	42000	45.300003	45300	4.300003	4300	""osoba2""
""osoba2""		43.5	43500	45.300003	45300	2.800003	2800	""osoba2""
""osoba2""		44.7	44700	45.300003	45300	1.6000023	1600	""osoba2""
""osoba1""		45.0	45000	50.7	50700	6.700001	6700	""osoba1""
""osoba3""		50.100002	50100	55.800003	55800	6.700001	6700	""osoba3""
""osoba3""		51.9	51900	55.800003	55800	4.9000015	4900	""osoba3""
""osoba3""		54.9	54900	55.800003	55800	1.9000015	1900	""osoba3""
""osoba4""		55.800003	55800	69.9	69900	15.099998	15099	""osoba4""
""osoba4""		57.9	57900	69.9	69900	13.0	13000	""osoba4""
""osoba4""		58.500004	58500	69.9	69900	12.399998	12399	""osoba4""
""osoba4""		60.9	60900	69.9	69900	10.0	10000	""osoba4""
""osoba4""		63.300003	63300	69.9	69900	7.5999985	7599	""osoba4""
""osoba4""		63.9	63900	69.9	69900	7.0	7000	""osoba4""
""osoba4""		66.600006	66600	69.9	69900	4.2999954	4299	""osoba4""
""osoba3""		68.100006	68100	73.8	73800	6.699997	6699	""osoba3""
""osoba3""		69.600006	69600	73.8	73800	5.199997	5199	""osoba3""
""osoba4""		69.9	69900	69.9	69900	1.0	1000	""osoba4""
""osoba3""		70.8	70800	73.8	73800	4.0	4000	""osoba3""
""osoba2""		72.600006	72600	110.100006	110100	38.5	38500	""osoba2""
""osoba3""		72.600006	72600	73.8	73800	2.199997	2199	""osoba3""
""osoba1""		73.5	73500	75.0	75000	2.5	2500	""osoba1""
""osoba2""		78.3	78300	110.100006	110100	32.800003	32800	""osoba2""
""osoba2""		81.0	81000	110.100006	110100	30.100006	30100	""osoba2""
""osoba2""		81.600006	81600	110.100006	110100	29.5	29500	""osoba2""
""osoba2""		85.200005	85200	110.100006	110100	25.900002	25900	""osoba2""
""osoba1""		87.0	87000	87.0	87000	1.0	1000	""osoba1""
""osoba2""		87.0	87000	110.100006	110100	24.100006	24100	""osoba2""
""osoba3""		87.0	87000	88.200005	88200	2.2000046	2200	""osoba3""
""osoba2""		88.8	88800	110.100006	110100	22.300003	22300	""osoba2""
""osoba2""		89.4	89400	110.100006	110100	21.700005	21700	""osoba2""
""osoba2""		91.8	91800	110.100006	110100	19.300003	19300	""osoba2""
""osoba4""		92.4	92400	92.4	92400	1.0	1000	""osoba4""
""osoba2""		94.200005	94200	110.100006	110100	16.900002	16900	""osoba2""
""osoba2""		95.4	95400	110.100006	110100	15.700005	15700	""osoba2""
""osoba2""		96.600006	96600	110.100006	110100	14.5	14500	""osoba2""
""osoba2""		98.700005	98700	110.100006	110100	12.400002	12400	""osoba2""
""osoba2""		100.50001	100500	110.100006	110100	10.599998	10599	""osoba2""
""osoba2""		102.00001	102000	110.100006	110100	9.099998	9099	""osoba2""
""osoba2""		105.00001	105000	110.100006	110100	6.0999985	6099	""osoba2""
""osoba2""		107.700005	107700	110.100006	110100	3.4000015	3400	""osoba2""
""osoba1""		108.3	108300	115.8	115800	8.5	8500	""osoba1""
""osoba1""		109.200005	109200	115.8	115800	7.5999985	7599	""osoba1""
""osoba2""		109.50001	109500	110.100006	110100	1.5999985	1599	""osoba2""
""osoba1""		111.00001	111000	115.8	115800	5.7999954	5799	""osoba1""
""osoba4""		111.00001	111000	111.9	111900	1.8999939	1899	""osoba4""
""osoba1""		113.100006	113100	115.8	115800	3.699997	3699	""osoba1""
""osoba1""		114.9	114900	115.8	115800	1.9000015	1900	""osoba1""
""osoba4""		116.100006	116100	136.8	136800	21.699997	21699	""osoba4""
""osoba4""		120.00001	120000	136.8	136800	17.799995	17799	""osoba4""
""osoba4""		121.200005	121200	136.8	136800	16.599998	16599	""osoba4""
""osoba4""		124.50001	124500	136.8	136800	13.299995	13299	""osoba4""
""osoba4""		125.700005	125700	136.8	136800	12.099998	12099	""osoba4""
""osoba4""		127.8	127800	136.8	136800	10.0	10000	""osoba4""
""osoba4""		128.70001	128700	136.8	136800	9.099991	9099	""osoba4""
""osoba4""		130.8	130800	136.8	136800	7.0	7000	""osoba4""
""osoba4""		131.70001	131700	136.8	136800	6.099991	6099	""osoba4""
""osoba4""		132.90001	132900	136.8	136800	4.899994	4899	""osoba4""
""osoba4""		135.0	135000	136.8	136800	2.800003	2800	""osoba4""
""osoba4""		135.6	135600	136.8	136800	2.199997	2199	""osoba4""
""osoba1""		135.90001	135900	146.40001	146400	11.5	11500	""osoba1""
""osoba1""		138.6	138600	146.40001	146400	8.800003	8800	""osoba1""
""osoba1""		140.40001	140400	146.40001	146400	7.0	7000	""osoba1""
""osoba1""		141.3	141300	146.40001	146400	6.100006	6100	""osoba1""
""osoba1""		142.5	142500	146.40001	146400	4.900009	4900	""osoba1""
""osoba1""		143.40001	143400	146.40001	146400	4.0	4000	""osoba1""
""osoba1""		144.3	144300	146.40001	146400	3.100006	3100	""osoba1""
""osoba2""		144.3	144300	144.3	144300	1.0	1000	""osoba2""
""osoba4""		144.90001	144900	172.20001	172200	28.300003	28300	""osoba4""
""osoba1""		145.8	145800	146.40001	146400	1.6000061	1600	""osoba1""
""osoba4""		151.20001	151200	172.20001	172200	22.0	22000	""osoba4""
""osoba4""		152.1	152100	172.20001	172200	21.100006	21100	""osoba4""
""osoba4""		153.90001	153900	172.20001	172200	19.300003	19300	""osoba4""
""osoba4""		155.40001	155400	172.20001	172200	17.800003	17800	""osoba4""
""osoba4""		156.3	156300	172.20001	172200	16.90001	16900	""osoba4""
""osoba4""		157.8	157800	172.20001	172200	15.400009	15400	""osoba4""
""osoba4""		159.3	159300	172.20001	172200	13.900009	13900	""osoba4""
""osoba4""		159.90001	159900	172.20001	172200	13.300003	13300	""osoba4""
""osoba4""		161.70001	161700	172.20001	172200	11.5	11500	""osoba4""
""osoba4""		162.6	162600	172.20001	172200	10.600006	10600	""osoba4""
""osoba4""		163.8	163800	172.20001	172200	9.400009	9400	""osoba4""
""osoba4""		167.1	167100	172.20001	172200	6.100006	6100	""osoba4""
""osoba4""		168.6	168600	172.20001	172200	4.600006	4600	""osoba4""
""osoba3""		171.0	171000	210.00002	210000	40.000015	40000	""osoba3""
""osoba4""		171.0	171000	172.20001	172200	2.2000122	2200	""osoba4""
""osoba3""		179.70001	179700	210.00002	210000	31.300003	31300	""osoba3""
""osoba3""		182.40001	182400	210.00002	210000	28.600006	28600	""osoba3""
""osoba3""		183.90001	183900	210.00002	210000	27.100006	27100	""osoba3""
""osoba2""		185.40001	185400	186.90001	186900	2.5	2500	""osoba2""
""osoba4""		185.40001	185400	189.90001	189900	5.5	5500	""osoba4""
""osoba3""		193.8	193800	210.00002	210000	17.200012	17200	""osoba3""
""osoba1""		195.3	195300	195.90001	195900	1.6000061	1600	""osoba1""
""osoba3""		197.40001	197400	210.00002	210000	13.600006	13600	""osoba3""
""osoba3""		199.20001	199200	210.00002	210000	11.800003	11800	""osoba3""
""osoba1""		203.40001	203400	206.40001	206400	4.0	4000	""osoba1""
""osoba3""		203.40001	203400	210.00002	210000	7.600006	7600	""osoba3""
""osoba3""		207.90001	207900	210.00002	210000	3.100006	3100	""osoba3""
""osoba1""		208.50002	208500	223.50002	223500	16.0	16000	""osoba1""
""osoba2""		209.1	209100	209.1	209100	1.0	1000	""osoba2""
""osoba1""		210.6	210600	223.50002	223500	13.900009	13900	""osoba1""
""osoba1""		214.50002	214500	223.50002	223500	10.0	10000	""osoba1""
""osoba1""		215.40001	215400	223.50002	223500	9.100006	9100	""osoba1""
""osoba1""		216.6	216600	223.50002	223500	7.900009	7900	""osoba1""
""osoba1""		218.70001	218700	223.50002	223500	5.800003	5800	""osoba1""
""osoba1""		219.90001	219900	223.50002	223500	4.600006	4600	""osoba1""
""osoba3""		222.3	222300	223.8	223800	2.5	2500	""osoba3""
""osoba1""		223.20001	223200	223.50002	223500	1.300003	1300	""osoba1""
""osoba4""		223.8	223800	226.8	226800	4.0	4000	""osoba4""
""osoba3""		226.20001	226200	251.70001	251700	26.5	26500	""osoba3""
""osoba4""		226.20001	226200	226.8	226800	1.5999908	1599	""osoba4""
""osoba1""		226.8	226800	228.3	228300	2.5	2500	""osoba1""
""osoba3""		228.00002	228000	251.70001	251700	24.699997	24699	""osoba3""
""osoba1""		231.3	231300	231.3	231300	1.0	1000	""osoba1""
""osoba3""		233.1	233100	251.70001	251700	19.600006	19600	""osoba3""
""osoba3""		233.70001	233700	251.70001	251700	19.0	19000	""osoba3""
""osoba3""		234.90001	234900	251.70001	251700	17.800003	17800	""osoba3""
""osoba3""		235.8	235800	251.70001	251700	16.90001	16900	""osoba3""
""osoba1""		236.70001	236700	237.3	237300	1.5999908	1599	""osoba1""
""osoba3""		238.50002	238500	251.70001	251700	14.199997	14199	""osoba3""
""osoba3""		240.6	240600	251.70001	251700	12.100006	12100	""osoba3""
""osoba3""		243.90001	243900	251.70001	251700	8.800003	8800	""osoba3""
""osoba3""		245.1	245100	251.70001	251700	7.600006	7600	""osoba3""
""osoba3""		246.6	246600	251.70001	251700	6.100006	6100	""osoba3""
""osoba1""		249.6	249600	254.40001	254400	5.800003	5800	""osoba1""
""osoba3""		254.40001	254400	262.80002	262800	9.400009	9400	""osoba3""
""osoba3""		256.2	256200	262.80002	262800	7.600006	7600	""osoba3""
""osoba1""		258.6	258600	306.0	306000	48.399994	48399	""osoba1""
""osoba1""		262.2	262200	306.0	306000	44.799988	44799	""osoba1""
""osoba3""		262.2	262200	262.80002	262800	1.6000061	1600	""osoba3""
""osoba1""		263.7	263700	306.0	306000	43.299988	43299	""osoba1""
""osoba2""		264.0	264000	264.90002	264900	1.9000244	1900	""osoba2""
""osoba1""		265.80002	265800	306.0	306000	41.19998	41199	""osoba1""
""osoba1""		267.90002	267900	306.0	306000	39.099976	39099	""osoba1""
""osoba1""		268.5	268500	306.0	306000	38.5	38500	""osoba1""
""osoba3""		269.40002	269400	269.40002	269400	1.0	1000	""osoba3""
""osoba1""		270.6	270600	306.0	306000	36.399994	36399	""osoba1""
""osoba1""		271.80002	271800	306.0	306000	35.19998	35199	""osoba1""
""osoba1""		273.6	273600	306.0	306000	33.399994	33399	""osoba1""
""osoba1""		275.40002	275400	306.0	306000	31.599976	31599	""osoba1""
""osoba2""		275.7	275700	276.30002	276300	1.6000061	1600	""osoba2""
""osoba1""		276.30002	276300	306.0	306000	30.699982	30699	""osoba1""
""osoba2""		276.30002	276300	276.30002	276300	1.0	1000	""osoba2""
""osoba1""		278.1	278100	306.0	306000	28.899994	28899	""osoba1""
""osoba1""		282.0	282000	306.0	306000	25.0	25000	""osoba1""
""osoba4""		286.2	286200	291.90002	291900	6.700012	6700	""osoba4""
""osoba1""		287.40002	287400	306.0	306000	19.599976	19599	""osoba1""
""osoba4""		287.40002	287400	291.90002	291900	5.5	5500	""osoba4""
""osoba1""		291.6	291600	306.0	306000	15.399994	15399	""osoba1""
""osoba1""		293.7	293700	306.0	306000	13.299988	13299	""osoba1""
""osoba4""		294.30002	294300	294.6	294600	1.2999878	1299	""osoba4""
""osoba3""		294.6	294600	294.6	294600	1.0	1000	""osoba3""
""osoba1""		297.30002	297300	306.0	306000	9.699982	9699	""osoba1""
""osoba4""		299.7	299700	300.0	300000	1.2999878	1299	""osoba4""
""osoba3""		302.40002	302400	302.7	302700	1.2999878	1299	""osoba3""
""osoba2""		303.6	303600	308.7	308700	6.100006	6100	""osoba2""
""osoba1""		304.80002	304800	306.0	306000	2.1999817	2199	""osoba1""
""osoba2""		304.80002	304800	308.7	308700	4.899994	4899	""osoba2""
""osoba3""		305.7	305700	306.0	306000	1.2999878	1299	""osoba3""
""osoba4""		306.0	306000	307.2	307200	2.2000122	2200	""osoba4""
""osoba2""		307.2	307200	308.7	308700	2.5	2500	""osoba2""
""osoba2""		308.40002	308400	308.7	308700	1.2999878	1299	""osoba2""
""osoba1""		308.7	308700	315.0	315000	7.299988	7299	""osoba1""
""osoba1""		309.90002	309900	315.0	315000	6.0999756	6099	""osoba1""
""osoba1""		310.5	310500	315.0	315000	5.5	5500	""osoba1""
""osoba4""		315.30002	315300	320.1	320100	5.799988	5799	""osoba4""
""osoba4""		316.2	316200	320.1	320100	4.899994	4899	""osoba4""
""osoba4""		317.7	317700	320.1	320100	3.399994	3399	""osoba4""
""osoba3""		318.6	318600	324.30002	324300	6.700012	6700	""osoba3""
""osoba1""		319.80002	319800	321.30002	321300	2.5	2500	""osoba1""
""osoba3""		319.80002	319800	324.30002	324300	5.5	5500	""osoba3""
""osoba1""		323.7	323700	326.7	326700	4.0	4000	""osoba1""
""osoba4""		325.2	325200	325.2	325200	1.0	1000	""osoba4""
""osoba4""		327.30002	327300	329.1	329100	2.7999878	2799	""osoba4""
""osoba3""		327.90002	327900	330.30002	330300	3.399994	3399	""osoba3""
""osoba1""		330.30002	330300	345.0	345000	15.699982	15699	""osoba1""
""osoba1""		330.90002	330900	345.0	345000	15.099976	15099	""osoba1""
""osoba1""		333.0	333000	345.0	345000	13.0	13000	""osoba1""
""osoba1""		334.5	334500	345.0	345000	11.5	11500	""osoba1""
""osoba1""		336.0	336000	345.0	345000	10.0	10000	""osoba1""
""osoba1""		337.2	337200	345.0	345000	8.799988	8799	""osoba1""
""osoba1""		337.80002	337800	345.0	345000	8.199982	8199	""osoba1""
""osoba1""		338.7	338700	345.0	345000	7.299988	7299	""osoba1""
""osoba3""		338.7	338700	341.7	341700	4.0	4000	""osoba3""
""osoba1""		339.6	339600	345.0	345000	6.399994	6399	""osoba1""
""osoba1""		341.1	341100	345.0	345000	4.899994	4899	""osoba1""
""osoba3""		341.40002	341400	341.7	341700	1.2999878	1299	""osoba3""
""osoba1""		343.2	343200	345.0	345000	2.7999878	2799	""osoba1""
""osoba3""		344.40002	344400	350.7	350700	7.299988	7299	""osoba3""
""osoba3""		345.6	345600	350.7	350700	6.100006	6100	""osoba3""
""osoba3""		348.30002	348300	350.7	350700	3.399994	3399	""osoba3""
""osoba2""		348.90002	348900	357.30002	357300	9.399994	9399	""osoba2""
""osoba3""		349.2	349200	350.7	350700	2.5	2500	""osoba3""
""osoba2""		353.7	353700	357.30002	357300	4.600006	4600	""osoba2""
""osoba2""		354.6	354600	357.30002	357300	3.7000122	3700	""osoba2""
""osoba2""		355.80002	355800	357.30002	357300	2.5	2500	""osoba2""
""osoba3""		356.40002	356400	362.40002	362400	7.0	7000	""osoba3""
""osoba4""		356.40002	356400	357.30002	357300	1.8999939	1899	""osoba4""
""osoba1""		356.7	356700	387.90002	387900	32.200012	32200	""osoba1""
""osoba1""		358.80002	358800	387.90002	387900	30.100006	30100	""osoba1""
""osoba1""		359.40002	359400	387.90002	387900	29.5	29500	""osoba1""
""osoba1""		360.6	360600	387.90002	387900	28.300018	28300	""osoba1""
""osoba1""		363.6	363600	387.90002	387900	25.300018	25300	""osoba1""
""osoba1""		364.5	364500	387.90002	387900	24.400024	24400	""osoba1""
""osoba1""		367.2	367200	387.90002	387900	21.700012	21700	""osoba1""
""osoba1""		368.1	368100	387.90002	387900	20.800018	20800	""osoba1""
""osoba3""		368.40002	368400	371.7	371700	4.299988	4299	""osoba3""
""osoba2""		368.7	368700	372.90002	372900	5.200012	5200	""osoba2""
""osoba1""		370.5	370500	387.90002	387900	18.400024	18400	""osoba1""
""osoba1""		374.40002	374400	387.90002	387900	14.5	14500	""osoba1""
""osoba1""		375.0	375000	387.90002	387900	13.900024	13900	""osoba1""
""osoba1""		376.2	376200	387.90002	387900	12.700012	12700	""osoba1""
""osoba1""		377.40002	377400	387.90002	387900	11.5	11500	""osoba1""
""osoba1""		378.30002	378300	387.90002	387900	10.600006	10600	""osoba1""
""osoba1""		384.6	384600	387.90002	387900	4.3000183	4300	""osoba1""
""osoba1""		387.00003	387000	387.90002	387900	1.8999939	1899	""osoba1""
""osoba4""		387.30002	387300	415.80002	415800	29.5	29500	""osoba4""
""osoba4""		388.80002	388800	415.80002	415800	28.0	28000	""osoba4""
""osoba4""		391.80002	391800	415.80002	415800	25.0	25000	""osoba4""
""osoba2""		392.1	392100	392.1	392100	1.0	1000	""osoba2""
""osoba4""		393.6	393600	415.80002	415800	23.200012	23200	""osoba4""
""osoba4""		395.1	395100	415.80002	415800	21.700012	21700	""osoba4""
""osoba4""		396.00003	396000	415.80002	415800	20.799988	20799	""osoba4""
""osoba4""		398.7	398700	415.80002	415800	18.100006	18100	""osoba4""
""osoba4""		399.90002	399900	415.80002	415800	16.899994	16899	""osoba4""
""osoba4""		400.80002	400800	415.80002	415800	16.0	16000	""osoba4""
""osoba4""		402.90002	402900	415.80002	415800	13.899994	13899	""osoba4""
""osoba1""		404.7	404700	404.7	404700	1.0	1000	""osoba1""
""osoba4""		405.90002	405900	415.80002	415800	10.899994	10899	""osoba4""
""osoba4""		406.50003	406500	415.80002	415800	10.299988	10299	""osoba4""
""osoba4""		408.90002	408900	415.80002	415800	7.899994	7899	""osoba4""
""osoba4""		410.40002	410400	415.80002	415800	6.399994	6399	""osoba4""
""osoba2""		412.2	412200	412.2	412200	1.0	1000	""osoba2""
""osoba3""		412.2	412200	415.2	415200	4.0	4000	""osoba3""
""osoba1""		416.1	416100	439.2	439200	24.100006	24100	""osoba1""
""osoba1""		416.7	416700	439.2	439200	23.5	23500	""osoba1""
""osoba3""		418.80002	418800	418.80002	418800	1.0	1000	""osoba3""
""osoba1""		419.7	419700	439.2	439200	20.5	20500	""osoba1""
""osoba4""		420.00003	420000	420.30002	420300	1.2999878	1299	""osoba4""
""osoba2""		422.1	422100	422.7	422700	1.6000061	1600	""osoba2""
""osoba1""		422.40002	422400	439.2	439200	17.799988	17799	""osoba1""
""osoba1""		423.90002	423900	439.2	439200	16.299988	16299	""osoba1""
""osoba1""		424.80002	424800	439.2	439200	15.399994	15399	""osoba1""
""osoba1""		426.30002	426300	439.2	439200	13.899994	13899	""osoba1""
""osoba1""		427.2	427200	439.2	439200	13.0	13000	""osoba1""
""osoba2""		430.80002	430800	432.00003	432000	2.2000122	2200	""osoba2""
""osoba1""		431.1	431100	439.2	439200	9.100006	9100	""osoba1""
""osoba1""		432.30002	432300	439.2	439200	7.899994	7899	""osoba1""
""osoba1""		433.50003	433500	439.2	439200	6.6999817	6699	""osoba1""
""osoba1""		435.90002	435900	439.2	439200	4.299988	4299	""osoba1""
""osoba1""		436.80002	436800	439.2	439200	3.399994	3399	""osoba1""
""osoba1""		438.30002	438300	439.2	439200	1.8999939	1899	""osoba1""
""osoba2""		439.2	439200	441.30002	441300	3.100006	3100	""osoba2""
""osoba4""		439.80002	439800	445.50003	445500	6.700012	6700	""osoba4""
""osoba3""		441.90002	441900	443.1	443100	2.1999817	2199	""osoba3""
""osoba4""		444.6	444600	445.50003	445500	1.9000244	1900	""osoba4""
""osoba1""		445.2	445200	447.30002	447300	3.100006	3100	""osoba1""
""osoba1""		446.40002	446400	447.30002	447300	1.8999939	1899	""osoba1""
""osoba3""		446.7	446700	463.50003	463500	17.800018	17800	""osoba3""
""osoba1""		449.40002	449400	449.7	449700	1.2999878	1299	""osoba1""
""osoba3""		450.90002	450900	463.50003	463500	13.600006	13600	""osoba3""
""osoba3""		451.50003	451500	463.50003	463500	13.0	13000	""osoba3""
""osoba3""		453.6	453600	463.50003	463500	10.900024	10900	""osoba3""
""osoba3""		457.80002	457800	463.50003	463500	6.700012	6700	""osoba3""
""osoba1""		459.30002	459300	468.6	468600	10.299988	10299	""osoba1""
""osoba1""		460.2	460200	468.6	468600	9.399994	9399	""osoba1""
""osoba3""		460.80002	460800	463.50003	463500	3.7000122	3700	""osoba3""
""osoba1""		465.90002	465900	468.6	468600	3.6999817	3699	""osoba1""
""osoba2""		468.00003	468000	469.80002	469800	2.7999878	2799	""osoba2""
""osoba3""		468.30002	468300	475.2	475200	7.899994	7899	""osoba3""
""osoba3""		471.90002	471900	475.2	475200	4.299988	4299	""osoba3""
""osoba2""		472.50003	472500	479.40002	479400	7.899994	7899	""osoba2""
""osoba2""		477.00003	477000	479.40002	479400	3.399994	3399	""osoba2""
""osoba1""		478.2	478200	501.6	501600	24.399994	24399	""osoba1""
""osoba2""		478.80002	478800	479.40002	479400	1.6000061	1600	""osoba2""
""osoba1""		479.1	479100	501.6	501600	23.5	23500	""osoba1""
""osoba1""		480.00003	480000	501.6	501600	22.599976	22599	""osoba1""
""osoba1""		480.6	480600	501.6	501600	22.0	22000	""osoba1""
""osoba1""		482.7	482700	501.6	501600	19.899994	19899	""osoba1""
""osoba2""		482.7	482700	483.6	483600	1.8999939	1899	""osoba2""
""osoba1""		485.40002	485400	501.6	501600	17.199982	17199	""osoba1""
""osoba1""		486.6	486600	501.6	501600	16.0	16000	""osoba1""
""osoba1""		487.2	487200	501.6	501600	15.399994	15399	""osoba1""
""osoba1""		489.00003	489000	501.6	501600	13.599976	13599	""osoba1""
""osoba1""		490.80002	490800	501.6	501600	11.799988	11799	""osoba1""
""osoba1""		493.2	493200	501.6	501600	9.399994	9399	""osoba1""
""osoba1""		494.1	494100	501.6	501600	8.5	8500	""osoba1""
""osoba4""		494.7	494700	496.50003	496500	2.8000183	2800	""osoba4""
""osoba4""		496.2	496200	496.50003	496500	1.3000183	1300	""osoba4""
""osoba1""		498.30002	498300	501.6	501600	4.299988	4299	""osoba1""
""osoba4""		500.1	500100	505.2	505200	6.100006	6100	""osoba4""
""osoba4""		504.30002	504300	505.2	505200	1.8999939	1899	""osoba4""
""osoba1""		505.2	505200	508.2	508200	4.0	4000	""osoba1""
""osoba1""		507.30002	507300	508.2	508200	1.8999939	1899	""osoba1""
""osoba2""		509.40002	509400	512.7	512700	4.299988	4299	""osoba2""
""osoba1""		510.30002	510300	510.90002	510900	1.6000061	1600	""osoba1""
""osoba2""		511.80002	511800	512.7	512700	1.8999939	1899	""osoba2""
""osoba4""		511.80002	511800	523.80005	523800	13.0000305	13000	""osoba4""
""osoba4""		514.2	514200	523.80005	523800	10.600037	10600	""osoba4""
""osoba4""		516.0	516000	523.80005	523800	8.800049	8800	""osoba4""
""osoba4""		516.9	516900	523.80005	523800	7.9000244	7900	""osoba4""
""osoba4""		518.10004	518100	523.80005	523800	6.700012	6700	""osoba4""
""osoba4""		519.60004	519600	523.80005	523800	5.200012	5200	""osoba4""
""osoba4""		520.2	520200	523.80005	523800	4.6000366	4600	""osoba4""
""osoba3""		521.10004	521100	522.0	522000	1.8999634	1899	""osoba3""
""osoba1""		522.60004	522600	570.0	570000	48.399963	48399	""osoba1""
""osoba1""		523.80005	523800	570.0	570000	47.19995	47199	""osoba1""
""osoba1""		525.30005	525300	570.0	570000	45.69995	45699	""osoba1""
""osoba1""		528.30005	528300	570.0	570000	42.69995	42699	""osoba1""
""osoba1""		529.80005	529800	570.0	570000	41.19995	41199	""osoba1""
""osoba1""		531.30005	531300	570.0	570000	39.69995	39699	""osoba1""
""osoba1""		534.30005	534300	570.0	570000	36.69995	36699	""osoba1""
""osoba1""		535.5	535500	570.0	570000	35.5	35500	""osoba1""
""osoba1""		537.0	537000	570.0	570000	34.0	34000	""osoba1""
""osoba1""		540.60004	540600	570.0	570000	30.399963	30399	""osoba1""
""osoba1""		543.30005	543300	570.0	570000	27.699951	27699	""osoba1""
""osoba1""		544.80005	544800	570.0	570000	26.199951	26199	""osoba1""
""osoba1""		545.4	545400	570.0	570000	25.599976	25599	""osoba1""
""osoba1""		548.4	548400	570.0	570000	22.599976	22599	""osoba1""
""osoba1""		550.5	550500	570.0	570000	20.5	20500	""osoba1""
""osoba1""		552.0	552000	570.0	570000	19.0	19000	""osoba1""
""osoba2""		552.60004	552600	552.9	552900	1.2999878	1299	""osoba2""
""osoba1""		553.80005	553800	570.0	570000	17.199951	17199	""osoba1""
""osoba1""		556.2	556200	570.0	570000	14.799988	14799	""osoba1""
""osoba1""		557.4	557400	570.0	570000	13.599976	13599	""osoba1""
""osoba1""		559.2	559200	570.0	570000	11.799988	11799	""osoba1""
""osoba1""		561.60004	561600	570.0	570000	9.399963	9399	""osoba1""
""osoba4""		562.2	562200	564.0	564000	2.7999878	2799	""osoba4""
""osoba1""		563.10004	563100	570.0	570000	7.8999634	7899	""osoba1""
""osoba1""		564.9	564900	570.0	570000	6.0999756	6099	""osoba1""
""osoba1""		566.10004	566100	570.0	570000	4.8999634	4899	""osoba1""
""osoba1""		566.7	566700	570.0	570000	4.299988	4299	""osoba1""
""osoba1""		569.4	569400	570.0	570000	1.5999756	1599	""osoba1""
""osoba2""		569.7	569700	572.10004	572100	3.4000244	3400	""osoba2""
""osoba2""		571.2	571200	572.10004	572100	1.9000244	1900	""osoba2""
""osoba1""		572.10004	572100	576.60004	576600	5.5	5500	""osoba1""
""osoba2""		572.10004	572100	572.10004	572100	1.0	1000	""osoba2""
""osoba1""		573.60004	573600	576.60004	576600	4.0	4000	""osoba1""
""osoba1""		574.2	574200	576.60004	576600	3.4000244	3400	""osoba1""
""osoba1""		574.80005	574800	576.60004	576600	2.7999878	2799	""osoba1""
""osoba1""		575.4	575400	576.60004	576600	2.2000122	2200	""osoba1""
""osoba3""		576.60004	576600	586.5	586500	10.899963	10899	""osoba3""
""osoba3""		578.4	578400	586.5	586500	9.099976	9099	""osoba3""
""osoba2""		579.0	579000	579.30005	579300	1.3000488	1300	""osoba2""
""osoba3""		579.0	579000	586.5	586500	8.5	8500	""osoba3""
""osoba3""		581.4	581400	586.5	586500	6.0999756	6099	""osoba3""
""osoba1""		582.60004	582600	603.9	603900	22.299988	22299	""osoba1""
""osoba1""		584.7	584700	603.9	603900	20.200012	20200	""osoba1""
""osoba1""		592.2	592200	603.9	603900	12.700012	12700	""osoba1""
""osoba4""		592.5	592500	592.80005	592800	1.3000488	1300	""osoba4""
""osoba3""		594.30005	594300	594.30005	594300	1.0	1000	""osoba3""
""osoba1""		596.10004	596100	603.9	603900	8.799988	8799	""osoba1""
""osoba1""		597.0	597000	603.9	603900	7.9000244	7900	""osoba1""
""osoba1""		597.60004	597600	603.9	603900	7.299988	7299	""osoba1""
""osoba1""		598.5	598500	603.9	603900	6.4000244	6400	""osoba1""
""osoba1""		599.7	599700	603.9	603900	5.200012	5200	""osoba1""
""osoba2""		602.7	602700	609.0	609000	7.299988	7299	""osoba2""
""osoba2""		607.80005	607800	609.0	609000	2.1999512	2199	""osoba2""
""osoba1""		608.7	608700	612.0	612000	4.299988	4299	""osoba1""
""osoba1""		611.4	611400	612.0	612000	1.5999756	1599	""osoba1""
""osoba4""		611.7	611700	613.2	613200	2.5	2500	""osoba4""
""osoba2""		612.9	612900	643.2	643200	31.299988	31299	""osoba2""
""osoba2""		615.30005	615300	643.2	643200	28.899963	28899	""osoba2""
""osoba4""		615.30005	615300	615.30005	615300	1.0	1000	""osoba4""
""osoba1""		615.60004	615600	618.60004	618600	4.0	4000	""osoba1""
""osoba1""		617.7	617700	618.60004	618600	1.9000244	1900	""osoba1""
""osoba2""		617.7	617700	643.2	643200	26.5	26500	""osoba2""
""osoba2""		620.4	620400	643.2	643200	23.799988	23799	""osoba2""
""osoba2""		621.0	621000	643.2	643200	23.200012	23200	""osoba2""
""osoba2""		624.0	624000	643.2	643200	20.200012	20200	""osoba2""
""osoba2""		624.9	624900	643.2	643200	19.299988	19299	""osoba2""
""osoba2""		625.80005	625800	643.2	643200	18.399963	18399	""osoba2""
""osoba2""		626.4	626400	643.2	643200	17.799988	17799	""osoba2""
""osoba2""		631.80005	631800	643.2	643200	12.399963	12399	""osoba2""
""osoba3""		632.7	632700	633.0	633000	1.2999878	1299	""osoba3""
""osoba4""		633.9	633900	637.5	637500	4.5999756	4599	""osoba4""
""osoba2""		636.0	636000	643.2	643200	8.200012	8200	""osoba2""
""osoba4""		636.0	636000	637.5	637500	2.5	2500	""osoba4""
""osoba1""		637.5	637500	637.5	637500	1.0	1000	""osoba1""
""osoba2""		638.4	638400	643.2	643200	5.799988	5799	""osoba2""
""osoba3""		639.30005	639300	639.30005	639300	1.0	1000	""osoba3""
""osoba4""		640.80005	640800	643.5	643500	3.6999512	3699	""osoba4""
""osoba1""		643.2	643200	656.4	656400	14.200012	14200	""osoba1""
""osoba1""		647.10004	647100	656.4	656400	10.299988	10299	""osoba1""
""osoba1""		648.30005	648300	656.4	656400	9.099976	9099	""osoba1""
""osoba1""		650.10004	650100	656.4	656400	7.299988	7299	""osoba1""
""osoba1""		652.2	652200	656.4	656400	5.200012	5200	""osoba1""
""osoba1""		653.4	653400	656.4	656400	4.0	4000	""osoba1""
""osoba1""		654.9	654900	656.4	656400	2.5	2500	""osoba1""
""osoba2""		656.10004	656100	660.30005	660300	5.200012	5200	""osoba2""
""osoba2""		658.80005	658800	660.30005	660300	2.5	2500	""osoba2""
""osoba4""		659.10004	659100	672.60004	672600	14.5	14500	""osoba4""
""osoba1""		663.9	663900	664.80005	664800	1.9000244	1900	""osoba1""
""osoba4""		663.9	663900	672.60004	672600	9.700012	9700	""osoba4""
""osoba4""		665.10004	665100	672.60004	672600	8.5	8500	""osoba4""
""osoba4""		667.2	667200	672.60004	672600	6.4000244	6400	""osoba4""
""osoba2""		667.80005	667800	668.7	668700	1.8999634	1899	""osoba2""
""osoba4""		669.9	669900	672.60004	672600	3.7000122	3700	""osoba4""
""osoba1""		671.10004	671100	689.7	689700	19.599976	19599	""osoba1""
""osoba4""		671.7	671700	672.60004	672600	1.9000244	1900	""osoba4""
""osoba1""		672.60004	672600	689.7	689700	18.099976	18099	""osoba1""
""osoba1""		677.10004	677100	689.7	689700	13.599976	13599	""osoba1""
""osoba1""		678.60004	678600	689.7	689700	12.099976	12099	""osoba1""
""osoba1""		681.60004	681600	689.7	689700	9.099976	9099	""osoba1""
""osoba1""		684.0	684000	689.7	689700	6.700012	6700	""osoba1""
""osoba3""		685.2	685200	696.30005	696300	12.100037	12100	""osoba3""
""osoba1""		685.5	685500	689.7	689700	5.200012	5200	""osoba1""
""osoba1""		686.7	686700	689.7	689700	4.0	4000	""osoba1""
""osoba3""		690.9	690900	696.30005	696300	6.4000244	6400	""osoba3""
""osoba3""		691.80005	691800	696.30005	696300	5.5	5500	""osoba3""
""osoba3""		693.30005	693300	696.30005	696300	4.0	4000	""osoba3""
""osoba3""		693.9	693900	696.30005	696300	3.4000244	3400	""osoba3""
""osoba1""		694.80005	694800	706.5	706500	12.699951	12699	""osoba1""
""osoba3""		695.4	695400	696.30005	696300	1.9000244	1900	""osoba3""
""osoba1""		696.0	696000	706.5	706500	11.5	11500	""osoba1""
""osoba1""		702.0	702000	706.5	706500	5.5	5500	""osoba1""
""osoba1""		702.9	702900	706.5	706500	4.5999756	4599	""osoba1""
""osoba3""		705.30005	705300	710.7	710700	6.3999634	6399	""osoba3""
""osoba3""		708.0	708000	710.7	710700	3.7000122	3700	""osoba3""
""osoba3""		709.5	709500	710.7	710700	2.2000122	2200	""osoba3""
""osoba2""		711.0	711000	720.0	720000	10.0	10000	""osoba2""
""osoba2""		714.0	714000	720.0	720000	7.0	7000	""osoba2""
""osoba2""		716.4	716400	720.0	720000	4.5999756	4599	""osoba2""
""osoba3""		718.2	718200	730.80005	730800	13.600037	13600	""osoba3""
""osoba3""		720.9	720900	730.80005	730800	10.900024	10900	""osoba3""
""osoba3""		721.5	721500	730.80005	730800	10.300049	10300	""osoba3""
""osoba3""		724.2	724200	730.80005	730800	7.6000366	7600	""osoba3""
""osoba3""		726.60004	726600	730.80005	730800	5.200012	5200	""osoba3""
""osoba1""		727.2	727200	768.30005	768300	42.100037	42100	""osoba1""
""osoba3""		728.10004	728100	730.80005	730800	3.7000122	3700	""osoba3""
""osoba1""		729.9	729900	768.30005	768300	39.400024	39400	""osoba1""
""osoba3""		730.80005	730800	730.80005	730800	1.0	1000	""osoba3""
""osoba1""		732.30005	732300	768.30005	768300	37.0	37000	""osoba1""
""osoba4""		732.9	732900	732.9	732900	1.0	1000	""osoba4""
""osoba1""		733.5	733500	768.30005	768300	35.80005	35800	""osoba1""
""osoba3""		738.30005	738300	738.30005	738300	1.0	1000	""osoba3""
""osoba1""		739.5	739500	768.30005	768300	29.800049	29800	""osoba1""
""osoba3""		741.0	741000	741.60004	741600	1.6000366	1600	""osoba3""
""osoba1""		742.80005	742800	768.30005	768300	26.5	26500	""osoba1""
""osoba1""		743.4	743400	768.30005	768300	25.900024	25900	""osoba1""
""osoba1""		745.5	745500	768.30005	768300	23.800049	23800	""osoba1""
""osoba1""		746.7	746700	768.30005	768300	22.600037	22600	""osoba1""
""osoba1""		747.60004	747600	768.30005	768300	21.700012	21700	""osoba1""
""osoba1""		749.10004	749100	768.30005	768300	20.200012	20200	""osoba1""
""osoba1""		751.2	751200	768.30005	768300	18.100037	18100	""osoba1""
""osoba1""		752.10004	752100	768.30005	768300	17.200012	17200	""osoba1""
""osoba1""		755.10004	755100	768.30005	768300	14.200012	14200	""osoba1""
""osoba1""		755.7	755700	768.30005	768300	13.600037	13600	""osoba1""
""osoba1""		758.10004	758100	768.30005	768300	11.200012	11200	""osoba1""
""osoba3""		758.10004	758100	758.10004	758100	1.0	1000	""osoba3""
""osoba1""		760.2	760200	768.30005	768300	9.100037	9100	""osoba1""
""osoba1""		762.0	762000	768.30005	768300	7.300049	7300	""osoba1""
""osoba1""		763.5	763500	768.30005	768300	5.800049	5800	""osoba1""
""osoba1""		764.7	764700	768.30005	768300	4.6000366	4600	""osoba1""
""osoba1""		765.30005	765300	768.30005	768300	4.0	4000	""osoba1""
""osoba1""		766.5	766500	768.30005	768300	2.8000488	2800	""osoba1""
""osoba1""		767.4	767400	768.30005	768300	1.9000244	1900	""osoba1""
""osoba2""		767.7	767700	785.10004	785100	18.400024	18400	""osoba2""
""osoba2""		769.50006	769500	785.10004	785100	16.599976	16599	""osoba2""
""osoba2""		770.4	770400	785.10004	785100	15.700012	15700	""osoba2""
""osoba2""		771.30005	771300	785.10004	785100	14.799988	14799	""osoba2""
""osoba2""		773.7	773700	785.10004	785100	12.400024	12400	""osoba2""
""osoba2""		774.30005	774300	785.10004	785100	11.799988	11799	""osoba2""
""osoba2""		775.2	775200	785.10004	785100	10.900024	10900	""osoba2""
""osoba2""		777.30005	777300	785.10004	785100	8.799988	8799	""osoba2""
""osoba2""		779.4	779400	785.10004	785100	6.700012	6700	""osoba2""
""osoba2""		782.4	782400	785.10004	785100	3.7000122	3700	""osoba2""
""osoba2""		783.00006	783000	785.10004	785100	3.0999756	3099	""osoba2""
""osoba4""		785.10004	785100	787.80005	787800	3.7000122	3700	""osoba4""
""osoba4""		787.50006	787500	787.80005	787800	1.2999878	1299	""osoba4""
""osoba1""		787.80005	787800	840.00006	840000	53.200012	53200	""osoba1""
""osoba1""		790.2	790200	840.00006	840000	50.80005	50800	""osoba1""
""osoba1""		791.10004	791100	840.00006	840000	49.900024	49900	""osoba1""
""osoba4""		792.30005	792300	793.2	793200	1.8999634	1899	""osoba4""
""osoba1""		794.10004	794100	840.00006	840000	46.900024	46900	""osoba1""
""osoba1""		799.2	799200	840.00006	840000	41.80005	41800	""osoba1""
""osoba2""		799.50006	799500	799.80005	799800	1.2999878	1299	""osoba2""
""osoba1""		800.4	800400	840.00006	840000	40.600037	40600	""osoba1""
""osoba3""		802.50006	802500	802.80005	802800	1.2999878	1299	""osoba3""
""osoba1""		803.7	803700	840.00006	840000	37.30005	37300	""osoba1""
""osoba1""		804.9	804900	840.00006	840000	36.100037	36100	""osoba1""
""osoba1""		809.7	809700	840.00006	840000	31.300049	31300	""osoba1""
""osoba1""		811.80005	811800	840.00006	840000	29.200012	29200	""osoba1""
""osoba1""		817.2	817200	840.00006	840000	23.800049	23800	""osoba1""
""osoba1""		819.9	819900	840.00006	840000	21.100037	21100	""osoba1""
""osoba1""		821.7	821700	840.00006	840000	19.300049	19300	""osoba1""
""osoba1""		822.9	822900	840.00006	840000	18.100037	18100	""osoba1""
""osoba1""		823.80005	823800	840.00006	840000	17.200012	17200	""osoba1""
""osoba4""		826.80005	826800	827.10004	827100	1.2999878	1299	""osoba4""
""osoba1""		828.30005	828300	840.00006	840000	12.700012	12700	""osoba1""
""osoba1""		828.9	828900	840.00006	840000	12.100037	12100	""osoba1""
""osoba1""		830.7	830700	840.00006	840000	10.300049	10300	""osoba1""
""osoba1""		835.2	835200	840.00006	840000	5.800049	5800	""osoba1""
""osoba1""		836.4	836400	840.00006	840000	4.6000366	4600	""osoba1""
""osoba4""		836.4	836400	844.80005	844800	9.400024	9400	""osoba4""
""osoba1""		837.30005	837300	840.00006	840000	3.7000122	3700	""osoba1""
""osoba4""		837.30005	837300	844.80005	844800	8.5	8500	""osoba4""
""osoba1""		839.7	839700	840.00006	840000	1.3000488	1300	""osoba1""
""osoba4""		843.00006	843000	844.80005	844800	2.7999878	2799	""osoba4""
""osoba1""		844.80005	844800	850.50006	850500	6.700012	6700	""osoba1""
""osoba1""		846.9	846900	850.50006	850500	4.6000366	4600	""osoba1""
""osoba1""		847.80005	847800	850.50006	850500	3.7000122	3700	""osoba1""
""osoba2""		848.4	848400	852.00006	852000	4.6000366	4600	""osoba2""
""osoba3""		851.10004	851100	856.50006	856500	6.4000244	6400	""osoba3""
""osoba3""		854.10004	854100	856.50006	856500	3.4000244	3400	""osoba3""
""osoba1""		855.30005	855300	855.60004	855600	1.2999878	1299	""osoba1""
""osoba2""		856.2	856200	859.80005	859800	4.6000366	4600	""osoba2""
""osoba2""		858.30005	858300	859.80005	859800	2.5	2500	""osoba2""
""osoba1""		860.10004	860100	865.2	865200	6.0999756	6099	""osoba1""
""osoba1""		860.7	860700	865.2	865200	5.5	5500	""osoba1""
""osoba1""		863.7	863700	865.2	865200	2.5	2500	""osoba1""
""osoba1""		864.9	864900	865.2	865200	1.2999878	1299	""osoba1""
""osoba3""		864.9	864900	865.2	865200	1.2999878	1299	""osoba3""
""osoba4""		865.50006	865500	867.9	867900	3.3999634	3399	""osoba4""
""osoba4""		866.7	866700	867.9	867900	2.2000122	2200	""osoba4""
""osoba1""		868.2	868200	870.60004	870600	3.4000244	3400	""osoba1""
""osoba1""		869.10004	869100	870.60004	870600	2.5	2500	""osoba1""
""osoba4""		870.00006	870000	880.80005	880800	11.799988	11799	""osoba4""
""osoba4""		872.4	872400	880.80005	880800	9.400024	9400	""osoba4""
""osoba4""		873.9	873900	880.80005	880800	7.9000244	7900	""osoba4""
""osoba3""		875.10004	875100	875.7	875700	1.5999756	1599	""osoba3""
""osoba4""		875.10004	875100	880.80005	880800	6.700012	6700	""osoba4""
""osoba1""		876.60004	876600	877.2	877200	1.5999756	1599	""osoba1""
""osoba4""		878.10004	878100	880.80005	880800	3.7000122	3700	""osoba4""
""osoba4""		879.60004	879600	880.80005	880800	2.2000122	2200	""osoba4""
""osoba1""		879.9	879900	889.80005	889800	10.900024	10900	""osoba1""
""osoba1""		886.2	886200	889.80005	889800	4.6000366	4600	""osoba1""
""osoba1""		886.80005	886800	889.80005	889800	4.0	4000	""osoba1""
""osoba1""		888.60004	888600	889.80005	889800	2.2000122	2200	""osoba1""
""osoba2""		889.2	889200	898.2	898200	10.0	10000	""osoba2""
""osoba2""		890.7	890700	898.2	898200	8.5	8500	""osoba2""
""osoba2""		891.60004	891600	898.2	898200	7.5999756	7599	""osoba2""
""osoba2""		894.9	894900	898.2	898200	4.299988	4299	""osoba2""
""osoba1""		895.2	895200	929.7	929700	35.5	35500	""osoba1""
""osoba1""		896.10004	896100	929.7	929700	34.599976	34599	""osoba1""
""osoba1""		897.00006	897000	929.7	929700	33.69995	33699	""osoba1""
""osoba2""		897.00006	897000	898.2	898200	2.1999512	2199	""osoba2""
""osoba1""		899.4	899400	929.7	929700	31.299988	31299	""osoba1""
""osoba1""		901.50006	901500	929.7	929700	29.199951	29199	""osoba1""
""osoba1""		903.9	903900	929.7	929700	26.799988	26799	""osoba1""
""osoba1""		905.7	905700	929.7	929700	25.0	25000	""osoba1""
""osoba1""		906.9	906900	929.7	929700	23.799988	23799	""osoba1""
""osoba1""		907.50006	907500	929.7	929700	23.199951	23199	""osoba1""
""osoba1""		908.10004	908100	929.7	929700	22.599976	22599	""osoba1""
""osoba1""		910.2	910200	929.7	929700	20.5	20500	""osoba1""
""osoba1""		910.80005	910800	929.7	929700	19.899963	19899	""osoba1""
""osoba1""		912.60004	912600	929.7	929700	18.099976	18099	""osoba1""
""osoba3""		913.80005	913800	913.80005	913800	1.0	1000	""osoba3""
""osoba1""		915.00006	915000	929.7	929700	15.699951	15699	""osoba1""
""osoba1""		915.60004	915600	929.7	929700	15.099976	15099	""osoba1""
""osoba1""		916.2	916200	929.7	929700	14.5	14500	""osoba1""
""osoba4""		917.10004	917100	919.2	919200	3.0999756	3099	""osoba4""
""osoba1""		917.7	917700	929.7	929700	13.0	13000	""osoba1""
""osoba4""		918.30005	918300	919.2	919200	1.8999634	1899	""osoba4""
""osoba1""		918.9	918900	929.7	929700	11.799988	11799	""osoba1""
""osoba1""		921.30005	921300	929.7	929700	9.399963	9399	""osoba1""
""osoba1""		924.30005	924300	929.7	929700	6.3999634	6399	""osoba1""
""osoba2""		924.60004	924600	924.60004	924600	1.0	1000	""osoba2""
""osoba1""		927.30005	927300	929.7	929700	3.3999634	3399	""osoba1""
""osoba1""		928.2	928200	929.7	929700	2.5	2500	""osoba1""
""osoba4""		928.80005	928800	933.9	933900	6.0999756	6099	""osoba4""
""osoba1""		929.7	929700	929.7	929700	1.0	1000	""osoba1""
""osoba4""		929.7	929700	933.9	933900	5.200012	5200	""osoba4""
""osoba4""		931.2	931200	933.9	933900	3.7000122	3700	""osoba4""
""osoba4""		932.4	932400	933.9	933900	2.5	2500	""osoba4""
""osoba1""		933.60004	933600	955.50006	955500	22.900024	22900	""osoba1""
""osoba3""		934.80005	934800	934.80005	934800	1.0	1000	""osoba3""
""osoba3""		937.80005	937800	939.30005	939300	2.5	2500	""osoba3""
""osoba1""		942.9	942900	955.50006	955500	13.600037	13600	""osoba1""
""osoba1""		943.80005	943800	955.50006	955500	12.700012	12700	""osoba1""
""osoba1""		946.2	946200	955.50006	955500	10.300049	10300	""osoba1""
""osoba1""		948.00006	948000	955.50006	955500	8.5	8500	""osoba1""
""osoba1""		948.9	948900	955.50006	955500	7.6000366	7600	""osoba1""
""osoba1""		950.7	950700	955.50006	955500	5.800049	5800	""osoba1""
""osoba4""		951.00006	951000	951.9	951900	1.8999634	1899	""osoba4""
""osoba1""		952.80005	952800	955.50006	955500	3.7000122	3700	""osoba1""
""osoba3""		954.00006	954000	969.00006	969000	16.0	16000	""osoba3""
""osoba1""		955.50006	955500	955.50006	955500	1.0	1000	""osoba1""
""osoba3""		956.4	956400	969.00006	969000	13.600037	13600	""osoba3""
""osoba3""		957.00006	957000	969.00006	969000	13.0	13000	""osoba3""
""osoba1""		959.4	959400	959.4	959400	1.0	1000	""osoba1""
""osoba3""		959.7	959700	969.00006	969000	10.300049	10300	""osoba3""
""osoba3""		961.2	961200	969.00006	969000	8.800049	8800	""osoba3""
""osoba1""		963.30005	963300	963.9	963900	1.5999756	1599	""osoba1""
""osoba1""		966.9	966900	977.7	977700	11.799988	11799	""osoba1""
""osoba1""		970.80005	970800	977.7	977700	7.8999634	7899	""osoba1""
""osoba4""		971.4	971400	971.7	971700	1.2999878	1299	""osoba4""
""osoba1""		972.60004	972600	977.7	977700	6.0999756	6099	""osoba1""
""osoba1""		974.10004	974100	977.7	977700	4.5999756	4599	""osoba1""
""osoba1""		975.30005	975300	977.7	977700	3.3999634	3399	""osoba1""
""osoba4""		976.50006	976500	982.2	982200	6.699951	6699	""osoba4""
""osoba1""		976.80005	976800	977.7	977700	1.8999634	1899	""osoba1""
""osoba3""		979.2	979200	981.60004	981600	3.4000244	3400	""osoba3""
""osoba1""		981.60004	981600	1023.60004	1023600	43.0	43000	""osoba1""
""osoba4""		981.60004	981600	982.2	982200	1.5999756	1599	""osoba4""
""osoba1""		984.60004	984600	1023.60004	1023600	40.0	40000	""osoba1""
""osoba2""		985.80005	985800	987.00006	987000	2.2000122	2200	""osoba2""
""osoba1""		986.10004	986100	1023.60004	1023600	38.5	38500	""osoba1""
""osoba1""		987.00006	987000	1023.60004	1023600	37.599976	37599	""osoba1""
""osoba3""		987.60004	987600	989.10004	989100	2.5	2500	""osoba3""
""osoba1""		988.80005	988800	1023.60004	1023600	35.799988	35799	""osoba1""
""osoba1""		996.00006	996000	1023.60004	1023600	28.599976	28599	""osoba1""
""osoba1""		996.9	996900	1023.60004	1023600	27.700012	27700	""osoba1""
""osoba1""		997.50006	997500	1023.60004	1023600	27.099976	27099	""osoba1""
""osoba1""		998.10004	998100	1023.60004	1023600	26.5	26500	""osoba1""
""osoba4""		998.7	998700	998.7	998700	1.0	1000	""osoba4""
""osoba1""		999.9	999900	1023.60004	1023600	24.700012	24700	""osoba1""
""osoba1""		1000.80005	1000800	1023.60004	1023600	23.799988	23799	""osoba1""
""osoba1""		1001.7	1001700	1023.60004	1023600	22.900024	22900	""osoba1""
""osoba1""		1005.30005	1005300	1023.60004	1023600	19.299988	19299	""osoba1""
""osoba1""		1005.9	1005900	1023.60004	1023600	18.700012	18700	""osoba1""
""osoba1""		1008.00006	1008000	1023.60004	1023600	16.599976	16599	""osoba1""
""osoba1""		1009.50006	1009500	1023.60004	1023600	15.099976	15099	""osoba1""
""osoba1""		1010.10004	1010100	1023.60004	1023600	14.5	14500	""osoba1""
""osoba1""		1015.80005	1015800	1023.60004	1023600	8.799988	8799	""osoba1""
""osoba1""		1018.50006	1018500	1023.60004	1023600	6.0999756	6099	""osoba1""
""osoba1""		1019.4	1019400	1023.60004	1023600	5.200012	5200	""osoba1""
""osoba1""		1020.30005	1020300	1023.60004	1023600	4.299988	4299	""osoba1""
""osoba3""		1021.2	1021200	1029.3	1029300	9.100037	9100	""osoba3""
""osoba1""		1022.4	1022400	1023.60004	1023600	2.2000122	2200	""osoba1""
""osoba3""		1024.8	1024800	1029.3	1029300	5.5	5500	""osoba3""
""osoba4""		1025.7001	1025700	1025.7001	1025700	1.0	1000	""osoba4""
""osoba3""		1027.2001	1027200	1029.3	1029300	3.0999756	3099	""osoba3""
""osoba3""		1028.1001	1028100	1029.3	1029300	2.1999512	2199	""osoba3""
""osoba1""		1028.7001	1028700	1035.9	1035900	8.199951	8199	""osoba1""
""osoba3""		1028.7001	1028700	1029.3	1029300	1.5999756	1599	""osoba3""
""osoba1""		1030.5	1030500	1035.9	1035900	6.4000244	6400	""osoba1""
""osoba2""		1035.0	1035000	1038.6001	1038600	4.6000977	4600	""osoba2""
""osoba2""		1037.7001	1037700	1038.6001	1038600	1.9000244	1900	""osoba2""
""osoba2""		1038.3	1038300	1038.6001	1038600	1.3000488	1300	""osoba2""
""osoba3""		1038.3	1038300	1048.8	1048800	11.5	11500	""osoba3""
""osoba3""		1040.1001	1040100	1048.8	1048800	9.699951	9699	""osoba3""
""osoba3""		1041.0	1041000	1048.8	1048800	8.800049	8800	""osoba3""
""osoba1""		1041.6001	1041600	1042.5	1042500	1.8999023	1899	""osoba1""
""osoba3""		1041.6001	1041600	1048.8	1048800	8.199951	8199	""osoba3""
""osoba1""		1042.2001	1042200	1042.5	1042500	1.2999268	1299	""osoba1""
""osoba3""		1043.7001	1043700	1048.8	1048800	6.0999756	6099	""osoba3""
""osoba3""		1045.2001	1045200	1048.8	1048800	4.5999756	4599	""osoba3""
""osoba3""		1047.3	1047300	1048.8	1048800	2.5	2500	""osoba3""
""osoba4""		1048.5	1048500	1068.0	1068000	20.5	20500	""osoba4""
""osoba4""		1052.1001	1052100	1068.0	1068000	16.899902	16899	""osoba4""
""osoba4""		1053.9	1053900	1068.0	1068000	15.099976	15099	""osoba4""
""osoba4""		1056.9	1056900	1068.0	1068000	12.099976	12099	""osoba4""
""osoba1""		1057.5	1057500	1058.4	1058400	1.9000244	1900	""osoba1""
""osoba2""		1061.4	1061400	1062.0	1062000	1.5999756	1599	""osoba2""
""osoba2""		1065.3	1065300	1069.5	1069500	5.199951	5199	""osoba2""
""osoba1""		1068.3	1068300	1074.6001	1074600	7.300049	7300	""osoba1""
""osoba2""		1069.5	1069500	1069.5	1069500	1.0	1000	""osoba2""
""osoba1""		1073.1001	1073100	1074.6001	1074600	2.5	2500	""osoba1""
""osoba2""		1073.4	1073400	1074.0	1074000	1.5999756	1599	""osoba2""
""osoba1""		1073.7001	1073700	1074.6001	1074600	1.9000244	1900	""osoba1""
""osoba3""		1074.3	1074300	1079.4	1079400	6.0999756	6099	""osoba3""
""osoba3""		1077.6001	1077600	1079.4	1079400	2.7999268	2799	""osoba3""
""osoba3""		1078.5	1078500	1079.4	1079400	1.9000244	1900	""osoba3""
""osoba1""		1078.8	1078800	1079.1001	1079100	1.3000488	1300	""osoba1""
""osoba2""		1079.4	1079400	1082.7001	1082700	4.300049	4300	""osoba2""
""osoba2""		1080.9	1080900	1082.7001	1082700	2.8000488	2800	""osoba2""
""osoba4""		1082.1001	1082100	1088.7001	1088700	7.5999756	7599	""osoba4""
""osoba2""		1082.4	1082400	1082.7001	1082700	1.3000488	1300	""osoba2""
""osoba4""		1084.5	1084500	1088.7001	1088700	5.2000732	5200	""osoba4""
""osoba1""		1087.2001	1087200	1119.0	1119000	32.799927	32799	""osoba1""
""osoba1""		1089.3	1089300	1119.0	1119000	30.699951	30699	""osoba1""
""osoba1""		1090.5	1090500	1119.0	1119000	29.5	29500	""osoba1""
""osoba1""		1091.7001	1091700	1119.0	1119000	28.299927	28299	""osoba1""
""osoba1""		1093.8	1093800	1119.0	1119000	26.199951	26199	""osoba1""
""osoba1""		1095.6001	1095600	1119.0	1119000	24.399902	24399	""osoba1""
""osoba1""		1098.9	1098900	1119.0	1119000	21.099976	21099	""osoba1""
""osoba1""		1100.7001	1100700	1119.0	1119000	19.299927	19299	""osoba1""
""osoba4""		1101.0	1101000	1101.6001	1101600	1.6000977	1600	""osoba4""
""osoba1""		1102.5	1102500	1119.0	1119000	17.5	17500	""osoba1""
""osoba1""		1103.7001	1103700	1119.0	1119000	16.299927	16299	""osoba1""
""osoba1""		1104.9	1104900	1119.0	1119000	15.099976	15099	""osoba1""
""osoba1""		1106.1001	1106100	1119.0	1119000	13.899902	13899	""osoba1""
""osoba3""		1107.9	1107900	1109.1001	1109100	2.2000732	2200	""osoba3""
""osoba1""		1108.8	1108800	1119.0	1119000	11.199951	11199	""osoba1""
""osoba3""		1108.8	1108800	1109.1001	1109100	1.3000488	1300	""osoba3""
""osoba1""		1110.0	1110000	1119.0	1119000	10.0	10000	""osoba1""
""osoba1""		1111.5	1111500	1119.0	1119000	8.5	8500	""osoba1""
""osoba1""		1113.3	1113300	1119.0	1119000	6.699951	6699	""osoba1""
""osoba1""		1116.6001	1116600	1119.0	1119000	3.3999023	3399	""osoba1""
""osoba4""		1118.1001	1118100	1122.6001	1122600	5.5	5500	""osoba4""
""osoba1""		1118.7001	1118700	1119.0	1119000	1.2999268	1299	""osoba1""
""osoba4""		1120.2001	1120200	1122.6001	1122600	3.4000244	3400	""osoba4""
""osoba4""		1120.8	1120800	1122.6001	1122600	2.8000488	2800	""osoba4""
""osoba4""		1121.4	1121400	1122.6001	1122600	2.2000732	2200	""osoba4""
""osoba3""		1122.3	1122300	1123.2001	1123200	1.9000244	1900	""osoba3""
""osoba3""		1123.2001	1123200	1123.2001	1123200	1.0	1000	""osoba3""
""osoba2""		1123.5	1123500	1127.7001	1127700	5.2000732	5200	""osoba2""
""osoba2""		1124.7001	1124700	1127.7001	1127700	4.0	4000	""osoba2""
""osoba1""		1127.4	1127400	1135.2001	1135200	8.800049	8800	""osoba1""
""osoba3""		1127.4	1127400	1128.0	1128000	1.5999756	1599	""osoba3""
""osoba1""		1128.3	1128300	1135.2001	1135200	7.9000244	7900	""osoba1""
""osoba1""		1133.4	1133400	1135.2001	1135200	2.8000488	2800	""osoba1""
""osoba2""		1133.7001	1133700	1144.8	1144800	12.099976	12099	""osoba2""
""osoba3""		1134.0	1134000	1135.2001	1135200	2.2000732	2200	""osoba3""
""osoba2""		1137.3	1137300	1144.8	1144800	8.5	8500	""osoba2""
""osoba2""		1138.5	1138500	1144.8	1144800	7.300049	7300	""osoba2""
""osoba1""		1140.9	1140900	1140.9	1140900	1.0	1000	""osoba1""
""osoba2""		1143.3	1143300	1144.8	1144800	2.5	2500	""osoba2""
""osoba4""		1145.4	1145400	1147.2001	1147200	2.8000488	2800	""osoba4""
""osoba4""		1146.0	1146000	1147.2001	1147200	2.2000732	2200	""osoba4""
""osoba1""		1146.6001	1146600	1149.6001	1149600	4.0	4000	""osoba1""
""osoba1""		1149.0	1149000	1149.6001	1149600	1.6000977	1600	""osoba1""
""osoba3""		1149.0	1149000	1158.9	1158900	10.900024	10900	""osoba3""
""osoba3""		1150.5	1150500	1158.9	1158900	9.400024	9400	""osoba3""
""osoba3""		1151.1001	1151100	1158.9	1158900	8.799927	8799	""osoba3""
""osoba3""		1153.8	1153800	1158.9	1158900	6.0999756	6099	""osoba3""
""osoba3""		1154.7001	1154700	1158.9	1158900	5.199951	5199	""osoba3""
""osoba1""		1158.3	1158300	1170.3	1170300	13.0	13000	""osoba1""
""osoba1""		1161.3	1161300	1170.3	1170300	10.0	10000	""osoba1""
""osoba2""		1161.9	1161900	1161.9	1161900	1.0	1000	""osoba2""
""osoba1""		1162.8	1162800	1170.3	1170300	8.5	8500	""osoba1""
""osoba1""		1166.4	1166400	1170.3	1170300	4.9000244	4900	""osoba1""
""osoba1""		1167.3	1167300	1170.3	1170300	4.0	4000	""osoba1""
""osoba1""		1168.2001	1168200	1170.3	1170300	3.0999756	3099	""osoba1""
""osoba1""		1169.1001	1169100	1170.3	1170300	2.1999512	2199	""osoba1""
""osoba2""		1169.4	1169400	1195.2001	1195200	26.800049	26800	""osoba2""
""osoba2""		1171.8	1171800	1195.2001	1195200	24.400024	24400	""osoba2""
""osoba2""		1173.0	1173000	1195.2001	1195200	23.200073	23200	""osoba2""
""osoba2""		1176.3	1176300	1195.2001	1195200	19.900024	19900	""osoba2""
""osoba3""		1179.0	1179000	1179.0	1179000	1.0	1000	""osoba3""
""osoba1""		1181.1001	1181100	1181.7001	1181700	1.5999756	1599	""osoba1""
""osoba2""		1184.4	1184400	1195.2001	1195200	11.800049	11800	""osoba2""
""osoba4""		1185.0	1185000	1185.0	1185000	1.0	1000	""osoba4""
""osoba2""		1188.9	1188900	1195.2001	1195200	7.300049	7300	""osoba2""
""osoba3""		1188.9	1188900	1188.9	1188900	1.0	1000	""osoba3""
""osoba2""		1190.7001	1190700	1195.2001	1195200	5.5	5500	""osoba2""
""osoba1""		1192.8	1192800	1192.8	1192800	1.0	1000	""osoba1""
""osoba2""		1194.0	1194000	1195.2001	1195200	2.2000732	2200	""osoba2""
""osoba2""		1194.6001	1194600	1195.2001	1195200	1.5999756	1599	""osoba2""
""osoba4""		1194.6001	1194600	1210.8	1210800	17.199951	17199	""osoba4""
""osoba4""		1196.4	1196400	1210.8	1210800	15.400024	15400	""osoba4""
""osoba1""		1197.0	1197000	1201.2001	1201200	5.2000732	5200	""osoba1""
""osoba4""		1198.2001	1198200	1210.8	1210800	13.599976	13599	""osoba4""
""osoba4""		1199.7001	1199700	1210.8	1210800	12.099976	12099	""osoba4""
""osoba1""		1200.3	1200300	1201.2001	1201200	1.9000244	1900	""osoba1""
""osoba3""		1200.6001	1200600	1203.0	1203000	3.3999023	3399	""osoba3""
""osoba4""		1202.1001	1202100	1210.8	1210800	9.699951	9699	""osoba4""
""osoba3""		1202.7001	1202700	1203.0	1203000	1.2999268	1299	""osoba3""
""osoba4""		1202.7001	1202700	1210.8	1210800	9.099976	9099	""osoba4""
""osoba4""		1205.4	1205400	1210.8	1210800	6.4000244	6400	""osoba4""
""osoba4""		1206.0	1206000	1210.8	1210800	5.800049	5800	""osoba4""
""osoba4""		1208.4	1208400	1210.8	1210800	3.4000244	3400	""osoba4""
""osoba4""		1210.2001	1210200	1210.8	1210800	1.5999756	1599	""osoba4""
""osoba1""		1210.5	1210500	1217.4	1217400	7.9000244	7900	""osoba1""
""osoba1""		1211.4	1211400	1217.4	1217400	7.0	7000	""osoba1""
""osoba1""		1213.2001	1213200	1217.4	1217400	5.199951	5199	""osoba1""
""osoba1""		1213.8	1213800	1217.4	1217400	4.5999756	4599	""osoba1""
""osoba3""		1215.9	1215900	1227.9	1227900	13.0	13000	""osoba3""
""osoba3""		1218.6001	1218600	1227.9	1227900	10.299927	10299	""osoba3""
""osoba3""		1221.0	1221000	1227.9	1227900	7.9000244	7900	""osoba3""
""osoba3""		1222.5	1222500	1227.9	1227900	6.4000244	6400	""osoba3""
""osoba3""		1223.7001	1223700	1227.9	1227900	5.199951	5199	""osoba3""
""osoba1""		1224.3	1224300	1230.0	1230000	6.699951	6699	""osoba1""
""osoba1""		1225.2001	1225200	1230.0	1230000	5.7999268	5799	""osoba1""
""osoba3""		1226.4	1226400	1227.9	1227900	2.5	2500	""osoba3""
""osoba1""		1227.0	1227000	1230.0	1230000	4.0	4000	""osoba1""
""osoba3""		1227.3	1227300	1227.9	1227900	1.5999756	1599	""osoba3""
""osoba2""		1227.9	1227900	1234.2001	1234200	7.300049	7300	""osoba2""
""osoba2""		1231.2001	1231200	1234.2001	1234200	4.0	4000	""osoba2""
""osoba2""		1232.1001	1232100	1234.2001	1234200	3.0999756	3099	""osoba2""
""osoba1""		1233.6001	1233600	1256.4	1256400	23.799927	23799	""osoba1""
""osoba2""		1233.9	1233900	1234.2001	1234200	1.3000488	1300	""osoba2""
""osoba4""		1235.1001	1235100	1236.9	1236900	2.7999268	2799	""osoba4""
""osoba1""		1236.3	1236300	1256.4	1256400	21.099976	21099	""osoba1""
""osoba4""		1236.3	1236300	1236.9	1236900	1.5999756	1599	""osoba4""
""osoba1""		1239.0	1239000	1256.4	1256400	18.400024	18400	""osoba1""
""osoba1""		1239.9	1239900	1256.4	1256400	17.5	17500	""osoba1""
""osoba4""		1242.3	1242300	1245.3	1245300	4.0	4000	""osoba4""
""osoba1""		1243.8	1243800	1256.4	1256400	13.599976	13599	""osoba1""
""osoba4""		1244.1001	1244100	1245.3	1245300	2.1999512	2199	""osoba4""
""osoba2""		1244.7001	1244700	1245.0	1245000	1.2999268	1299	""osoba2""
""osoba1""		1245.3	1245300	1256.4	1256400	12.099976	12099	""osoba1""
""osoba1""		1248.6001	1248600	1256.4	1256400	8.799927	8799	""osoba1""
""osoba3""		1248.6001	1248600	1248.6001	1248600	1.0	1000	""osoba3""
""osoba1""		1251.3	1251300	1256.4	1256400	6.0999756	6099	""osoba1""
""osoba1""		1252.2001	1252200	1256.4	1256400	5.199951	5199	""osoba1""
""osoba1""		1252.8	1252800	1256.4	1256400	4.5999756	4599	""osoba1""
""osoba1""		1254.6001	1254600	1256.4	1256400	2.7999268	2799	""osoba1""
""osoba4""		1255.8	1255800	1267.2001	1267200	12.400024	12400	""osoba4""
""osoba4""		1258.8	1258800	1267.2001	1267200	9.400024	9400	""osoba4""
""osoba3""		1260.3	1260300	1260.3	1260300	1.0	1000	""osoba3""
""osoba4""		1261.5	1261500	1267.2001	1267200	6.7000732	6700	""osoba4""
""osoba4""		1264.2001	1264200	1267.2001	1267200	4.0	4000	""osoba4""
""osoba4""		1264.8	1264800	1267.2001	1267200	3.4000244	3400	""osoba4""
""osoba1""		1266.0	1266000	1284.9	1284900	19.900024	19900	""osoba1""
""osoba1""		1266.9	1266900	1284.9	1284900	19.0	19000	""osoba1""
""osoba4""		1267.2001	1267200	1267.2001	1267200	1.0	1000	""osoba4""
""osoba1""		1269.3	1269300	1284.9	1284900	16.599976	16599	""osoba1""
""osoba1""		1270.8	1270800	1284.9	1284900	15.099976	15099	""osoba1""
""osoba1""		1273.2001	1273200	1284.9	1284900	12.699951	12699	""osoba1""
""osoba1""		1274.7001	1274700	1284.9	1284900	11.199951	11199	""osoba1""
""osoba1""		1276.2001	1276200	1284.9	1284900	9.699951	9699	""osoba1""
""osoba1""		1277.7001	1277700	1284.9	1284900	8.199951	8199	""osoba1""
""osoba1""		1278.9	1278900	1284.9	1284900	7.0	7000	""osoba1""
""osoba1""		1281.6001	1281600	1284.9	1284900	4.2999268	4299	""osoba1""
""osoba2""		1282.5	1282500	1285.8	1285800	4.300049	4300	""osoba2""
""osoba3""		1286.4	1286400	1297.5	1297500	12.099976	12099	""osoba3""
""osoba3""		1287.9	1287900	1297.5	1297500	10.599976	10599	""osoba3""
""osoba1""		1288.2001	1288200	1290.3	1290300	3.0999756	3099	""osoba1""
""osoba1""		1289.1001	1289100	1290.3	1290300	2.1999512	2199	""osoba1""
""osoba3""		1289.1001	1289100	1297.5	1297500	9.399902	9399	""osoba3""
""osoba1""		1296.0	1296000	1301.7001	1301700	6.7000732	6700	""osoba1""
""osoba3""		1296.3	1296300	1297.5	1297500	2.1999512	2199	""osoba3""
""osoba1""		1299.3	1299300	1301.7001	1301700	3.4000244	3400	""osoba1""
""osoba1""		1300.5	1300500	1301.7001	1301700	2.2000732	2200	""osoba1""
""osoba2""		1301.4	1301400	1306.2001	1306200	5.800049	5800	""osoba2""
""osoba2""		1303.5	1303500	1306.2001	1306200	3.7000732	3700	""osoba2""
""osoba2""		1305.3	1305300	1306.2001	1306200	1.9000244	1900	""osoba2""
""osoba4""		1306.2001	1306200	1308.9	1308900	3.6999512	3699	""osoba4""
""osoba1""		1307.1001	1307100	1322.1001	1322100	16.0	16000	""osoba1""
""osoba1""		1308.0	1308000	1322.1001	1322100	15.100098	15100	""osoba1""
""osoba4""		1308.6001	1308600	1308.9	1308900	1.2999268	1299	""osoba4""
""osoba1""		1310.1001	1310100	1322.1001	1322100	13.0	13000	""osoba1""
""osoba1""		1311.0	1311000	1322.1001	1322100	12.100098	12100	""osoba1""
""osoba1""		1314.6001	1314600	1322.1001	1322100	8.5	8500	""osoba1""
""osoba1""		1317.6001	1317600	1322.1001	1322100	5.5	5500	""osoba1""
""osoba2""		1319.4	1319400	1323.0	1323000	4.5999756	4599	""osoba2""
""osoba1""		1320.3	1320300	1322.1001	1322100	2.8000488	2800	""osoba1""
""osoba1""		1321.5	1321500	1322.1001	1322100	1.6000977	1600	""osoba1""
""osoba4""		1323.3	1323300	1337.1001	1337100	14.800049	14800	""osoba4""
""osoba1""		1324.2001	1324200	1324.5	1324500	1.2999268	1299	""osoba1""
""osoba4""		1326.3	1326300	1337.1001	1337100	11.800049	11800	""osoba4""
""osoba1""		1326.9	1326900	1328.7001	1328700	2.8000488	2800	""osoba1""
""osoba4""		1326.9	1326900	1337.1001	1337100	11.200073	11200	""osoba4""
""osoba1""		1327.8	1327800	1328.7001	1328700	1.9000244	1900	""osoba1""
""osoba4""		1328.1001	1328100	1337.1001	1337100	10.0	10000	""osoba4""
""osoba4""		1332.9	1332900	1337.1001	1337100	5.2000732	5200	""osoba4""
""osoba3""		1333.2001	1333200	1339.2001	1339200	7.0	7000	""osoba3""
""osoba1""		1337.1001	1337100	1337.4	1337400	1.2999268	1299	""osoba1""
""osoba3""		1338.9	1338900	1339.2001	1339200	1.3000488	1300	""osoba3""
""osoba2""		1339.5	1339500	1341.6001	1341600	3.1000977	3100	""osoba2""
""osoba1""		1340.4	1340400	1358.7001	1358700	19.300049	19300	""osoba1""
""osoba1""		1342.8	1342800	1358.7001	1358700	16.900024	16900	""osoba1""
""osoba1""		1343.7001	1343700	1358.7001	1358700	16.0	16000	""osoba1""
""osoba1""		1345.2001	1345200	1358.7001	1358700	14.5	14500	""osoba1""
""osoba1""		1345.8	1345800	1358.7001	1358700	13.900024	13900	""osoba1""
""osoba1""		1347.6001	1347600	1358.7001	1358700	12.099976	12099	""osoba1""
""osoba2""		1349.4	1349400	1350.3	1350300	1.9000244	1900	""osoba2""
""osoba4""		1350.6001	1350600	1352.7001	1352700	3.0999756	3099	""osoba4""
""osoba1""		1352.7001	1352700	1358.7001	1358700	7.0	7000	""osoba1""
""osoba1""		1355.4	1355400	1358.7001	1358700	4.300049	4300	""osoba1""
""osoba4""		1358.1001	1358100	1358.1001	1358100	1.0	1000	""osoba4""
""osoba2""		1358.4	1358400	1363.5	1363500	6.0999756	6099	""osoba2""
""osoba2""		1360.2001	1360200	1363.5	1363500	4.2999268	4299	""osoba2""
""osoba2""		1361.1001	1361100	1363.5	1363500	3.3999023	3399	""osoba2""
""osoba2""		1361.7001	1361700	1363.5	1363500	2.7999268	2799	""osoba2""
""osoba4""		1362.3	1362300	1387.8	1387800	26.5	26500	""osoba4""
""osoba4""		1367.7001	1367700	1387.8	1387800	21.099976	21099	""osoba4""
""osoba4""		1369.8	1369800	1387.8	1387800	19.0	19000	""osoba4""
""osoba1""		1373.4	1373400	1375.2001	1375200	2.8000488	2800	""osoba1""
""osoba4""		1376.7001	1376700	1387.8	1387800	12.099976	12099	""osoba4""
""osoba4""		1379.1001	1379100	1387.8	1387800	9.699951	9699	""osoba4""
""osoba4""		1380.3	1380300	1387.8	1387800	8.5	8500	""osoba4""
""osoba4""		1381.8	1381800	1387.8	1387800	7.0	7000	""osoba4""
""osoba4""		1384.2001	1384200	1387.8	1387800	4.5999756	4599	""osoba4""
""osoba4""		1384.8	1384800	1387.8	1387800	4.0	4000	""osoba4""
""osoba1""		1385.1001	1385100	1390.5	1390500	6.3999023	6399	""osoba1""
""osoba1""		1389.3	1389300	1390.5	1390500	2.1999512	2199	""osoba1""
""osoba2""		1390.5	1390500	1395.0	1395000	5.5	5500	""osoba2""
""osoba2""		1392.0	1392000	1395.0	1395000	4.0	4000	""osoba2""
""osoba2""		1392.6001	1392600	1395.0	1395000	3.3999023	3399	""osoba2""
""osoba2""		1393.5	1393500	1395.0	1395000	2.5	2500	""osoba2""
""osoba1""		1395.9	1395900	1440.9	1440900	46.0	46000	""osoba1""
""osoba1""		1397.4	1397400	1440.9	1440900	44.5	44500	""osoba1""
""osoba1""		1398.9	1398900	1440.9	1440900	43.0	43000	""osoba1""
""osoba1""		1399.5	1399500	1440.9	1440900	42.400024	42400	""osoba1""
""osoba1""		1400.1001	1400100	1440.9	1440900	41.799927	41799	""osoba1""
""osoba1""		1401.6001	1401600	1440.9	1440900	40.299927	40299	""osoba1""
""osoba1""		1405.2001	1405200	1440.9	1440900	36.69995	36699	""osoba1""
""osoba1""		1405.8	1405800	1440.9	1440900	36.099976	36099	""osoba1""
""osoba4""		1408.2001	1408200	1417.2001	1417200	10.0	10000	""osoba4""
""osoba1""		1408.8	1408800	1440.9	1440900	33.099976	33099	""osoba1""
""osoba4""		1410.0	1410000	1417.2001	1417200	8.200073	8200	""osoba4""
""osoba4""		1410.9	1410900	1417.2001	1417200	7.300049	7300	""osoba4""
""osoba1""		1411.2001	1411200	1440.9	1440900	30.699951	30699	""osoba1""
""osoba4""		1412.4	1412400	1417.2001	1417200	5.800049	5800	""osoba4""
""osoba4""		1413.0	1413000	1417.2001	1417200	5.2000732	5200	""osoba4""
""osoba4""		1414.8	1414800	1417.2001	1417200	3.4000244	3400	""osoba4""
""osoba1""		1415.7001	1415700	1440.9	1440900	26.199951	26199	""osoba1""
""osoba1""		1416.9	1416900	1440.9	1440900	25.0	25000	""osoba1""
""osoba1""		1418.1001	1418100	1440.9	1440900	23.799927	23799	""osoba1""
""osoba1""		1420.2001	1420200	1440.9	1440900	21.699951	21699	""osoba1""
""osoba1""		1421.1001	1421100	1440.9	1440900	20.799927	20799	""osoba1""
""osoba1""		1423.8	1423800	1440.9	1440900	18.099976	18099	""osoba1""
""osoba1""		1424.4	1424400	1440.9	1440900	17.5	17500	""osoba1""
""osoba1""		1425.0	1425000	1440.9	1440900	16.900024	16900	""osoba1""
""osoba2""		1425.6001	1425600	1425.6001	1425600	1.0	1000	""osoba2""
""osoba1""		1427.7001	1427700	1440.9	1440900	14.199951	14199	""osoba1""
""osoba1""		1429.8	1429800	1440.9	1440900	12.099976	12099	""osoba1""
""osoba1""		1430.4	1430400	1440.9	1440900	11.5	11500	""osoba1""
""osoba1""		1432.2001	1432200	1440.9	1440900	9.699951	9699	""osoba1""
""osoba1""		1435.5	1435500	1440.9	1440900	6.4000244	6400	""osoba1""
""osoba3""		1437.6001	1437600	1437.6001	1437600	1.0	1000	""osoba3""
""osoba1""		1439.7001	1439700	1440.9	1440900	2.1999512	2199	""osoba1""
""osoba2""		1440.0	1440000	1453.8	1453800	14.800049	14800	""osoba2""
""osoba2""		1443.0	1443000	1453.8	1453800	11.800049	11800	""osoba2""
""osoba2""		1444.8	1444800	1453.8	1453800	10.0	10000	""osoba2""
""osoba2""		1445.7001	1445700	1453.8	1453800	9.099976	9099	""osoba2""
""osoba2""		1448.4	1448400	1453.8	1453800	6.4000244	6400	""osoba2""
""osoba2""		1449.3	1449300	1453.8	1453800	5.5	5500	""osoba2""
""osoba2""		1451.4	1451400	1453.8	1453800	3.4000244	3400	""osoba2""
""osoba4""		1453.8	1453800	1480.8	1480800	28.0	28000	""osoba4""
""osoba4""		1455.6001	1455600	1480.8	1480800	26.199951	26199	""osoba4""
""osoba4""		1456.5	1456500	1480.8	1480800	25.300049	25300	""osoba4""
""osoba4""		1457.4	1457400	1480.8	1480800	24.400024	24400	""osoba4""
""osoba4""		1458.6001	1458600	1480.8	1480800	23.199951	23199	""osoba4""
""osoba4""		1460.4	1460400	1480.8	1480800	21.400024	21400	""osoba4""
""osoba4""		1462.5	1462500	1480.8	1480800	19.300049	19300	""osoba4""
""osoba1""		1463.7001	1463700	1463.7001	1463700	1.0	1000	""osoba1""
""osoba4""		1463.7001	1463700	1480.8	1480800	18.099976	18099	""osoba4""
""osoba4""		1464.6001	1464600	1480.8	1480800	17.199951	17199	""osoba4""
""osoba4""		1465.2001	1465200	1480.8	1480800	16.599976	16599	""osoba4""
""osoba4""		1465.8	1465800	1480.8	1480800	16.0	16000	""osoba4""
""osoba1""		1466.7001	1466700	1466.7001	1466700	1.0	1000	""osoba1""
""osoba4""		1467.9	1467900	1480.8	1480800	13.900024	13900	""osoba4""
""osoba4""		1468.5	1468500	1480.8	1480800	13.300049	13300	""osoba4""
""osoba4""		1469.7001	1469700	1480.8	1480800	12.099976	12099	""osoba4""
""osoba4""		1470.9	1470900	1480.8	1480800	10.900024	10900	""osoba4""
""osoba4""		1471.8	1471800	1480.8	1480800	10.0	10000	""osoba4""
""osoba4""		1473.3	1473300	1480.8	1480800	8.5	8500	""osoba4""
""osoba1""		1474.5	1474500	1474.8	1474800	1.3000488	1300	""osoba1""
""osoba4""		1478.7001	1478700	1480.8	1480800	3.0999756	3099	""osoba4""
""osoba4""		1479.6001	1479600	1480.8	1480800	2.1999512	2199	""osoba4""
""osoba1""		1480.5	1480500	1491.3	1491300	11.800049	11800	""osoba1""
""osoba4""		1480.8	1480800	1480.8	1480800	1.0	1000	""osoba4""
""osoba1""		1483.5	1483500	1491.3	1491300	8.800049	8800	""osoba1""
""osoba1""		1484.1001	1484100	1491.3	1491300	8.199951	8199	""osoba1""
""osoba1""		1485.9	1485900	1491.3	1491300	6.4000244	6400	""osoba1""
""osoba1""		1487.7001	1487700	1491.3	1491300	4.5999756	4599	""osoba1""
""osoba1""		1488.6001	1488600	1491.3	1491300	3.6999512	3699	""osoba1""
""osoba1""		1489.8	1489800	1491.3	1491300	2.5	2500	""osoba1""
""osoba3""		1490.4	1490400	1494.9	1494900	5.5	5500	""osoba3""
""osoba3""		1492.2001	1492200	1494.9	1494900	3.6999512	3699	""osoba3""
""osoba1""		1493.4	1493400	1514.7001	1514700	22.300049	22300	""osoba1""
""osoba3""		1493.4	1493400	1494.9	1494900	2.5	2500	""osoba3""
""osoba1""		1494.9	1494900	1514.7001	1514700	20.800049	20800	""osoba1""
""osoba1""		1501.2001	1501200	1514.7001	1514700	14.5	14500	""osoba1""
""osoba1""		1502.1001	1502100	1514.7001	1514700	13.599976	13599	""osoba1""
""osoba1""		1503.0	1503000	1514.7001	1514700	12.700073	12700	""osoba1""
""osoba3""		1503.9	1503900	1504.5	1504500	1.5999756	1599	""osoba3""
""osoba1""		1507.2001	1507200	1514.7001	1514700	8.5	8500	""osoba1""
""osoba1""		1509.0	1509000	1514.7001	1514700	6.7000732	6700	""osoba1""
""osoba1""		1510.5	1510500	1514.7001	1514700	5.2000732	5200	""osoba1""
""osoba4""		1511.1001	1511100	1511.4	1511400	1.2999268	1299	""osoba4""
""osoba1""		1513.8	1513800	1514.7001	1514700	1.9000244	1900	""osoba1""
""osoba2""		1513.8	1513800	1524.6001	1524600	11.800049	11800	""osoba2""
""osoba2""		1517.7001	1517700	1524.6001	1524600	7.9000244	7900	""osoba2""
""osoba2""		1519.5	1519500	1524.6001	1524600	6.1000977	6100	""osoba2""
""osoba2""		1522.2001	1522200	1524.6001	1524600	3.4000244	3400	""osoba2""
""osoba4""		1522.5	1522500	1525.5	1525500	4.0	4000	""osoba4""
""osoba1""		1523.4	1523400	1533.9	1533900	11.5	11500	""osoba1""
""osoba2""		1524.6001	1524600	1524.6001	1524600	1.0	1000	""osoba2""
""osoba4""		1524.9	1524900	1525.5	1525500	1.5999756	1599	""osoba4""
""osoba1""		1525.2001	1525200	1533.9	1533900	9.699951	9699	""osoba1""
""osoba1""		1527.6001	1527600	1533.9	1533900	7.2999268	7299	""osoba1""
""osoba1""		1529.1001	1529100	1533.9	1533900	5.7999268	5799	""osoba1""
""osoba1""		1530.0	1530000	1533.9	1533900	4.9000244	4900	""osoba1""
""osoba1""		1530.9	1530900	1533.9	1533900	4.0	4000	""osoba1""
""osoba1""		1531.5	1531500	1533.9	1533900	3.4000244	3400	""osoba1""
""osoba3""		1533.6001	1533600	1536.9	1536900	4.2999268	4299	""osoba3""
""osoba2""		1535.4	1535400	1542.9	1542900	8.5	8500	""osoba2""
""osoba1""		1536.6001	1536600	1536.9	1536900	1.2999268	1299	""osoba1""
""osoba3""		1536.6001	1536600	1536.9	1536900	1.2999268	1299	""osoba3""
""osoba2""		1538.7001	1538700	1542.9	1542900	5.199951	5199	""osoba2""
""osoba2""		1539.9	1539900	1542.9	1542900	4.0	4000	""osoba2""
""osoba3""		1540.5001	1540500	1550.4	1550400	10.899902	10899	""osoba3""
""osoba3""		1542.9	1542900	1550.4	1550400	8.5	8500	""osoba3""
""osoba3""		1543.8	1543800	1550.4	1550400	7.5999756	7599	""osoba3""
""osoba3""		1544.4	1544400	1550.4	1550400	7.0	7000	""osoba3""
""osoba3""		1548.6001	1548600	1550.4	1550400	2.7999268	2799	""osoba3""
""osoba1""		1550.4	1550400	1556.7001	1556700	7.300049	7300	""osoba1""
""osoba3""		1557.0001	1557000	1572.0001	1572000	16.0	16000	""osoba3""
""osoba3""		1558.8	1558800	1572.0001	1572000	14.200073	14200	""osoba3""
""osoba3""		1559.4	1559400	1572.0001	1572000	13.600098	13600	""osoba3""
""osoba3""		1561.2001	1561200	1572.0001	1572000	11.800049	11800	""osoba3""
""osoba3""		1562.1001	1562100	1572.0001	1572000	10.900024	10900	""osoba3""
""osoba3""		1563.0001	1563000	1572.0001	1572000	10.0	10000	""osoba3""
""osoba1""		1564.2001	1564200	1564.5001	1564500	1.3000488	1300	""osoba1""
""osoba3""		1569.3	1569300	1572.0001	1572000	3.7000732	3700	""osoba3""
""osoba3""		1570.8	1570800	1572.0001	1572000	2.2000732	2200	""osoba3""
""osoba3""		1571.7001	1571700	1572.0001	1572000	1.3000488	1300	""osoba3""
""osoba1""		1572.3	1572300	1582.5001	1582500	11.200073	11200	""osoba1""
""osoba1""		1573.5001	1573500	1582.5001	1582500	10.0	10000	""osoba1""
""osoba1""		1574.7001	1574700	1582.5001	1582500	8.800049	8800	""osoba1""
""osoba1""		1575.3	1575300	1582.5001	1582500	8.200073	8200	""osoba1""
""osoba1""		1576.2001	1576200	1582.5001	1582500	7.300049	7300	""osoba1""
""osoba1""		1577.7001	1577700	1582.5001	1582500	5.800049	5800	""osoba1""
""osoba3""		1578.9	1578900	1578.9	1578900	1.0	1000	""osoba3""
""osoba1""		1579.5001	1579500	1582.5001	1582500	4.0	4000	""osoba1""
""osoba1""		1582.5001	1582500	1582.5001	1582500	1.0	1000	""osoba1""
""osoba3""		1582.8	1582800	1589.7001	1589700	7.9000244	7900	""osoba3""
""osoba1""		1584.6001	1584600	1597.8	1597800	14.199951	14199	""osoba1""
""osoba3""		1586.4	1586400	1589.7001	1589700	4.300049	4300	""osoba3""
""osoba2""		1588.2001	1588200	1588.2001	1588200	1.0	1000	""osoba2""
""osoba1""		1589.7001	1589700	1597.8	1597800	9.099976	9099	""osoba1""
""osoba1""		1590.3	1590300	1597.8	1597800	8.5	8500	""osoba1""
""osoba1""		1592.1001	1592100	1597.8	1597800	6.699951	6699	""osoba1""
""osoba4""		1593.6001	1593600	1594.2001	1594200	1.5999756	1599	""osoba4""
""osoba1""		1593.9	1593900	1597.8	1597800	4.9000244	4900	""osoba1""
""osoba3""		1596.0001	1596000	1596.0001	1596000	1.0	1000	""osoba3""
""osoba1""		1597.8	1597800	1597.8	1597800	1.0	1000	""osoba1""
""osoba4""		1597.8	1597800	1620.3	1620300	23.5	23500	""osoba4""
""osoba2""		1598.1001	1598100	1598.4	1598400	1.2999268	1299	""osoba2""
""osoba4""		1600.5001	1600500	1620.3	1620300	20.799927	20799	""osoba4""
""osoba4""		1601.4	1601400	1620.3	1620300	19.900024	19900	""osoba4""
""osoba4""		1603.2001	1603200	1620.3	1620300	18.099976	18099	""osoba4""
""osoba4""		1604.1001	1604100	1620.3	1620300	17.199951	17199	""osoba4""
""osoba4""		1606.5001	1606500	1620.3	1620300	14.799927	14799	""osoba4""
""osoba4""		1607.7001	1607700	1620.3	1620300	13.599976	13599	""osoba4""
""osoba4""		1610.1001	1610100	1620.3	1620300	11.199951	11199	""osoba4""
""osoba4""		1611.0001	1611000	1620.3	1620300	10.299927	10299	""osoba4""
""osoba4""		1611.9	1611900	1620.3	1620300	9.400024	9400	""osoba4""
""osoba4""		1613.4	1613400	1620.3	1620300	7.9000244	7900	""osoba4""
""osoba4""		1614.9	1614900	1620.3	1620300	6.4000244	6400	""osoba4""
""osoba4""		1615.5001	1615500	1620.3	1620300	5.7999268	5799	""osoba4""
""osoba4""		1616.4	1616400	1620.3	1620300	4.9000244	4900	""osoba4""
""osoba4""		1617.3	1617300	1620.3	1620300	4.0	4000	""osoba4""
