"default"		0.0	0	1.0	1000	1.0	1000	BEGIN
"default"		1620.3	1620300	1620.31	1621300	1.0	1000	END
""osoba3""		6.6000004	6600	8.400001	8400	2.8000002	2800	""osoba3""
""osoba3""		7.5000005	7500	8.400001	8400	1.9000001	1900	""osoba3""
""osoba1""		7.8	7800	11.400001	11400	4.6000004	4600	""osoba1""
""osoba2""		11.400001	11400	23.1	23100	12.7	12700	""osoba2""
""osoba2""		15.3	15300	23.1	23100	8.8	8800	""osoba2""
""osoba2""		18.300001	18300	23.1	23100	5.799999	5799	""osoba2""
""osoba1""		19.5	19500	19.800001	19800	1.3000011	1300	""osoba1""
""osoba2""		19.5	19500	23.1	23100	4.6000004	4600	""osoba2""
""osoba1""		23.1	23100	23.400002	23400	1.3000011	1300	""osoba1""
""osoba3""		23.7	23700	39.600002	39600	16.900002	16900	""osoba3""
""osoba3""		24.900002	24900	39.600002	39600	15.700001	15700	""osoba3""
""osoba3""		26.7	26700	39.600002	39600	13.900002	13900	""osoba3""
""osoba3""		31.2	31200	39.600002	39600	9.400002	9400	""osoba3""
""osoba1""		32.4	32400	32.4	32400	1.0	1000	""osoba1""
""osoba3""		33.300003	33300	39.600002	39600	7.299999	7299	""osoba3""
""osoba3""		33.9	33900	39.600002	39600	6.700001	6700	""osoba3""
""osoba3""		35.4	35400	39.600002	39600	5.200001	5200	""osoba3""
""osoba2""		39.0	39000	42.0	42000	4.0	4000	""osoba2""
""osoba1""		39.9	39900	58.500004	58500	19.600002	19600	""osoba1""
""osoba1""		43.800003	43800	58.500004	58500	15.700001	15700	""osoba1""
""osoba4""		45.0	45000	45.0	45000	1.0	1000	""osoba4""
""osoba1""		45.600002	45600	58.500004	58500	13.900002	13900	""osoba1""
""osoba1""		47.100002	47100	58.500004	58500	12.400002	12400	""osoba1""
""osoba1""		47.7	47700	58.500004	58500	11.800003	11800	""osoba1""
""osoba1""		48.300003	48300	58.500004	58500	11.200001	11200	""osoba1""
""osoba3""		49.800003	49800	49.800003	49800	1.0	1000	""osoba3""
""osoba1""		50.100002	50100	58.500004	58500	9.400002	9400	""osoba1""
""osoba1""		51.9	51900	58.500004	58500	7.6000023	7600	""osoba1""
""osoba1""		54.9	54900	58.500004	58500	4.6000023	4600	""osoba1""
""osoba4""		57.000004	57000	64.5	64500	8.499996	8499	""osoba4""
""osoba4""		59.4	59400	64.5	64500	6.0999985	6099	""osoba4""
""osoba4""		60.9	60900	64.5	64500	4.5999985	4599	""osoba4""
""osoba4""		62.100002	62100	64.5	64500	3.3999977	3399	""osoba4""
""osoba2""		63.300003	63300	71.700005	71700	9.400002	9400	""osoba2""
""osoba4""		63.600002	63600	64.5	64500	1.8999977	1899	""osoba4""
""osoba2""		65.100006	65100	71.700005	71700	7.5999985	7599	""osoba2""
""osoba2""		66.9	66900	71.700005	71700	5.800003	5800	""osoba2""
""osoba1""		67.8	67800	72.0	72000	5.199997	5199	""osoba1""
""osoba1""		68.700005	68700	72.0	72000	4.2999954	4299	""osoba1""
""osoba2""		69.0	69000	71.700005	71700	3.7000046	3700	""osoba2""
""osoba2""		70.5	70500	71.700005	71700	2.2000046	2200	""osoba2""
""osoba1""		71.100006	71100	72.0	72000	1.8999939	1899	""osoba1""
""osoba4""		71.100006	71100	96.3	96300	26.199997	26199	""osoba4""
""osoba4""		75.0	75000	96.3	96300	22.300003	22300	""osoba4""
""osoba4""		76.8	76800	96.3	96300	20.5	20500	""osoba4""
""osoba4""		77.4	77400	96.3	96300	19.900002	19900	""osoba4""
""osoba4""		78.0	78000	96.3	96300	19.300003	19300	""osoba4""
""osoba4""		78.600006	78600	96.3	96300	18.699997	18699	""osoba4""
""osoba4""		82.200005	82200	96.3	96300	15.099998	15099	""osoba4""
""osoba4""		83.700005	83700	96.3	96300	13.599998	13599	""osoba4""
""osoba4""		87.600006	87600	96.3	96300	9.699997	9699	""osoba4""
""osoba4""		88.5	88500	96.3	96300	8.800003	8800	""osoba4""
""osoba4""		91.5	91500	96.3	96300	5.800003	5800	""osoba4""
""osoba4""		92.700005	92700	96.3	96300	4.5999985	4599	""osoba4""
""osoba4""		93.3	93300	96.3	96300	4.0	4000	""osoba4""
""osoba1""		93.600006	93600	95.4	95400	2.7999954	2799	""osoba1""
""osoba4""		94.5	94500	96.3	96300	2.800003	2800	""osoba4""
""osoba3""		96.9	96900	98.100006	98100	2.2000046	2200	""osoba3""
""osoba2""		97.50001	97500	99.600006	99600	3.0999985	3099	""osoba2""
""osoba2""		99.00001	99000	99.600006	99600	1.5999985	1599	""osoba2""
""osoba2""		99.600006	99600	99.600006	99600	1.0	1000	""osoba2""
""osoba4""		99.9	99900	112.50001	112500	13.600006	13600	""osoba4""
""osoba1""		100.50001	100500	101.4	101400	1.8999939	1899	""osoba1""
""osoba4""		102.9	102900	112.50001	112500	10.600006	10600	""osoba4""
""osoba4""		103.8	103800	112.50001	112500	9.700005	9700	""osoba4""
""osoba4""		105.00001	105000	112.50001	112500	8.5	8500	""osoba4""
""osoba4""		108.00001	108000	112.50001	112500	5.5	5500	""osoba4""
""osoba4""		108.9	108900	112.50001	112500	4.600006	4600	""osoba4""
""osoba1""		112.200005	112200	126.600006	126600	15.400002	15400	""osoba1""
""osoba1""		115.8	115800	126.600006	126600	11.800003	11800	""osoba1""
""osoba1""		116.700005	116700	126.600006	126600	10.900002	10900	""osoba1""
""osoba1""		118.8	118800	126.600006	126600	8.800003	8800	""osoba1""
""osoba1""		120.00001	120000	126.600006	126600	7.5999985	7599	""osoba1""
""osoba4""		120.600006	120600	127.200005	127200	7.5999985	7599	""osoba4""
""osoba1""		124.8	124800	126.600006	126600	2.800003	2800	""osoba1""
""osoba4""		124.8	124800	127.200005	127200	3.4000015	3400	""osoba4""
""osoba2""		125.4	125400	135.6	135600	11.200005	11200	""osoba2""
""osoba2""		126.9	126900	135.6	135600	9.700005	9700	""osoba2""
""osoba3""		127.8	127800	128.1	128100	1.300003	1300	""osoba3""
""osoba2""		129.90001	129900	135.6	135600	6.699997	6699	""osoba2""
""osoba2""		130.8	130800	135.6	135600	5.800003	5800	""osoba2""
""osoba1""		131.1	131100	131.70001	131700	1.6000061	1600	""osoba1""
""osoba4""		132.90001	132900	162.6	162600	30.699997	30699	""osoba4""
""osoba4""		133.8	133800	162.6	162600	29.800003	29800	""osoba4""
""osoba2""		134.40001	134400	135.6	135600	2.199997	2199	""osoba2""
""osoba2""		135.0	135000	135.6	135600	1.6000061	1600	""osoba2""
""osoba4""		135.90001	135900	162.6	162600	27.699997	27699	""osoba4""
""osoba4""		138.6	138600	162.6	162600	25.0	25000	""osoba4""
""osoba2""		138.90001	138900	139.8	139800	1.8999939	1899	""osoba2""
""osoba4""		139.20001	139200	162.6	162600	24.399994	24399	""osoba4""
""osoba4""		143.1	143100	162.6	162600	20.5	20500	""osoba4""
""osoba1""		145.8	145800	146.1	146100	1.300003	1300	""osoba1""
""osoba4""		147.0	147000	162.6	162600	16.600006	16600	""osoba4""
""osoba4""		149.1	149100	162.6	162600	14.5	14500	""osoba4""
""osoba4""		150.6	150600	162.6	162600	13.0	13000	""osoba4""
""osoba1""		152.40001	152400	156.3	156300	4.899994	4899	""osoba1""
""osoba1""		155.1	155100	156.3	156300	2.199997	2199	""osoba1""
""osoba1""		156.3	156300	156.3	156300	1.0	1000	""osoba1""
""osoba4""		158.70001	158700	162.6	162600	4.899994	4899	""osoba4""
""osoba3""		160.5	160500	162.0	162000	2.5	2500	""osoba3""
""osoba1""		160.8	160800	165.90001	165900	6.100006	6100	""osoba1""
""osoba4""		160.8	160800	162.6	162600	2.800003	2800	""osoba4""
""osoba3""		165.0	165000	175.5	175500	11.5	11500	""osoba3""
""osoba3""		167.1	167100	175.5	175500	9.399994	9399	""osoba3""
""osoba3""		168.0	168000	175.5	175500	8.5	8500	""osoba3""
""osoba4""		168.0	168000	168.3	168300	1.300003	1300	""osoba4""
""osoba3""		169.5	169500	175.5	175500	7.0	7000	""osoba3""
""osoba3""		170.1	170100	175.5	175500	6.399994	6399	""osoba3""
""osoba3""		170.70001	170700	175.5	175500	5.799988	5799	""osoba3""
""osoba3""		171.3	171300	175.5	175500	5.199997	5199	""osoba3""
""osoba3""		171.90001	171900	175.5	175500	4.599991	4599	""osoba3""
""osoba1""		172.5	172500	172.5	172500	1.0	1000	""osoba1""
""osoba3""		174.0	174000	175.5	175500	2.5	2500	""osoba3""
""osoba3""		174.90001	174900	175.5	175500	1.5999908	1599	""osoba3""
""osoba2""		175.20001	175200	230.40001	230400	56.199997	56199	""osoba2""
""osoba3""		175.5	175500	175.5	175500	1.0	1000	""osoba3""
""osoba2""		178.5	178500	230.40001	230400	52.90001	52900	""osoba2""
""osoba2""		180.90001	180900	230.40001	230400	50.5	50500	""osoba2""
""osoba1""		184.20001	184200	186.0	186000	2.7999878	2799	""osoba1""
""osoba3""		186.3	186300	186.6	186600	1.300003	1300	""osoba3""
""osoba2""		191.70001	191700	230.40001	230400	39.699997	39699	""osoba2""
""osoba2""		193.20001	193200	230.40001	230400	38.199997	38199	""osoba2""
""osoba2""		195.90001	195900	230.40001	230400	35.5	35500	""osoba2""
""osoba2""		197.1	197100	230.40001	230400	34.300003	34300	""osoba2""
""osoba2""		198.90001	198900	230.40001	230400	32.5	32500	""osoba2""
""osoba2""		199.8	199800	230.40001	230400	31.600006	31600	""osoba2""
""osoba2""		200.70001	200700	230.40001	230400	30.699997	30699	""osoba2""
""osoba2""		204.00002	204000	230.40001	230400	27.399994	27399	""osoba2""
""osoba2""		205.20001	205200	230.40001	230400	26.199997	26199	""osoba2""
""osoba2""		206.1	206100	230.40001	230400	25.300003	25300	""osoba2""
""osoba2""		207.3	207300	230.40001	230400	24.100006	24100	""osoba2""
""osoba2""		210.6	210600	230.40001	230400	20.800003	20800	""osoba2""
""osoba2""		214.8	214800	230.40001	230400	16.600006	16600	""osoba2""
""osoba2""		217.8	217800	230.40001	230400	13.600006	13600	""osoba2""
""osoba2""		218.40001	218400	230.40001	230400	13.0	13000	""osoba2""
""osoba2""		220.8	220800	230.40001	230400	10.600006	10600	""osoba2""
""osoba2""		222.6	222600	230.40001	230400	8.800003	8800	""osoba2""
""osoba3""		224.70001	224700	225.90001	225900	2.199997	2199	""osoba3""
""osoba2""		227.70001	227700	230.40001	230400	3.699997	3699	""osoba2""
""osoba1""		229.8	229800	245.70001	245700	16.90001	16900	""osoba1""
""osoba3""		229.8	229800	230.70001	230700	1.9000092	1900	""osoba3""
""osoba1""		231.6	231600	245.70001	245700	15.100006	15100	""osoba1""
""osoba1""		232.20001	232200	245.70001	245700	14.5	14500	""osoba1""
""osoba1""		234.6	234600	245.70001	245700	12.100006	12100	""osoba1""
""osoba1""		237.3	237300	245.70001	245700	9.400009	9400	""osoba1""
""osoba1""		239.1	239100	245.70001	245700	7.600006	7600	""osoba1""
""osoba1""		240.6	240600	245.70001	245700	6.100006	6100	""osoba1""
""osoba2""		243.00002	243000	267.0	267000	24.999985	24999	""osoba2""
""osoba1""		243.3	243300	245.70001	245700	3.4000092	3400	""osoba1""
""osoba1""		244.50002	244500	245.70001	245700	2.199997	2199	""osoba1""
""osoba2""		247.20001	247200	267.0	267000	20.799988	20799	""osoba2""
""osoba1""		248.70001	248700	248.70001	248700	1.0	1000	""osoba1""
""osoba2""		250.50002	250500	267.0	267000	17.499985	17499	""osoba2""
""osoba2""		251.40001	251400	267.0	267000	16.59999	16599	""osoba2""
""osoba1""		251.70001	251700	252.3	252300	1.5999908	1599	""osoba1""
""osoba2""		252.3	252300	267.0	267000	15.699997	15699	""osoba2""
""osoba2""		252.90001	252900	267.0	267000	15.099991	15099	""osoba2""
""osoba2""		255.3	255300	267.0	267000	12.699997	12699	""osoba2""
""osoba2""		261.30002	261300	267.0	267000	6.6999817	6699	""osoba2""
""osoba2""		263.1	263100	267.0	267000	4.899994	4899	""osoba2""
""osoba2""		264.90002	264900	267.0	267000	3.0999756	3099	""osoba2""
""osoba2""		265.80002	265800	267.0	267000	2.1999817	2199	""osoba2""
""osoba2""		266.40002	266400	267.0	267000	1.5999756	1599	""osoba2""
""osoba1""		266.7	266700	287.1	287100	21.399994	21399	""osoba1""
""osoba3""		267.30002	267300	270.30002	270300	4.0	4000	""osoba3""
""osoba1""		268.80002	268800	287.1	287100	19.299988	19299	""osoba1""
""osoba1""		272.1	272100	287.1	287100	16.0	16000	""osoba1""
""osoba4""		272.1	272100	274.2	274200	3.100006	3100	""osoba4""
""osoba4""		273.0	273000	274.2	274200	2.2000122	2200	""osoba4""
""osoba1""		273.6	273600	287.1	287100	14.5	14500	""osoba1""
""osoba1""		276.30002	276300	287.1	287100	11.799988	11799	""osoba1""
""osoba1""		276.90002	276900	287.1	287100	11.199982	11199	""osoba1""
""osoba1""		277.80002	277800	287.1	287100	10.299988	10299	""osoba1""
""osoba2""		279.30002	279300	280.80002	280800	2.5	2500	""osoba2""
""osoba2""		280.5	280500	280.80002	280800	1.3000183	1300	""osoba2""
""osoba1""		280.80002	280800	287.1	287100	7.299988	7299	""osoba1""
""osoba3""		282.6	282600	282.6	282600	1.0	1000	""osoba3""
""osoba1""		286.2	286200	287.1	287100	1.8999939	1899	""osoba1""
""osoba2""		287.40002	287400	289.2	289200	2.7999878	2799	""osoba2""
""osoba3""		288.0	288000	291.6	291600	4.600006	4600	""osoba3""
""osoba3""		290.40002	290400	291.6	291600	2.1999817	2199	""osoba3""
""osoba1""		291.30002	291300	301.5	301500	11.199982	11199	""osoba1""
""osoba3""		291.6	291600	291.6	291600	1.0	1000	""osoba3""
""osoba1""		296.1	296100	301.5	301500	6.399994	6399	""osoba1""
""osoba4""		297.6	297600	299.7	299700	3.100006	3100	""osoba4""
""osoba1""		298.2	298200	301.5	301500	4.299988	4299	""osoba1""
""osoba4""		298.2	298200	299.7	299700	2.5	2500	""osoba4""
""osoba4""		299.1	299100	299.7	299700	1.6000061	1600	""osoba4""
""osoba4""		299.7	299700	299.7	299700	1.0	1000	""osoba4""
""osoba1""		300.30002	300300	301.5	301500	2.1999817	2199	""osoba1""
""osoba1""		300.90002	300900	301.5	301500	1.5999756	1599	""osoba1""
""osoba4""		301.80002	301800	305.1	305100	4.299988	4299	""osoba4""
""osoba1""		305.1	305100	306.90002	306900	2.8000183	2800	""osoba1""
""osoba2""		306.30002	306300	322.5	322500	17.199982	17199	""osoba2""
""osoba2""		307.80002	307800	322.5	322500	15.699982	15699	""osoba2""
""osoba2""		312.0	312000	322.5	322500	11.5	11500	""osoba2""
""osoba2""		312.90002	312900	322.5	322500	10.599976	10599	""osoba2""
""osoba2""		314.1	314100	322.5	322500	9.399994	9399	""osoba2""
""osoba2""		314.7	314700	322.5	322500	8.799988	8799	""osoba2""
""osoba2""		315.30002	315300	322.5	322500	8.199982	8199	""osoba2""
""osoba2""		316.80002	316800	322.5	322500	6.6999817	6699	""osoba2""
""osoba1""		317.40002	317400	320.7	320700	4.299988	4299	""osoba1""
""osoba2""		318.90002	318900	322.5	322500	4.5999756	4599	""osoba2""
""osoba1""		319.2	319200	320.7	320700	2.5	2500	""osoba1""
""osoba4""		322.2	322200	326.1	326100	4.899994	4899	""osoba4""
""osoba4""		323.7	323700	326.1	326100	3.399994	3399	""osoba4""
""osoba1""		326.40002	326400	335.7	335700	10.299988	10299	""osoba1""
""osoba1""		327.6	327600	335.7	335700	9.100006	9100	""osoba1""
""osoba1""		330.0	330000	335.7	335700	6.700012	6700	""osoba1""
""osoba1""		330.6	330600	335.7	335700	6.100006	6100	""osoba1""
""osoba1""		331.5	331500	335.7	335700	5.200012	5200	""osoba1""
""osoba4""		332.1	332100	332.40002	332400	1.3000183	1300	""osoba4""
""osoba1""		333.0	333000	335.7	335700	3.7000122	3700	""osoba1""
""osoba1""		333.90002	333900	335.7	335700	2.7999878	2799	""osoba1""
""osoba2""		334.80002	334800	354.0	354000	20.199982	20199	""osoba2""
""osoba4""		335.40002	335400	335.40002	335400	1.0	1000	""osoba4""
""osoba2""		340.2	340200	354.0	354000	14.799988	14799	""osoba2""
""osoba2""		342.90002	342900	354.0	354000	12.099976	12099	""osoba2""
""osoba2""		345.0	345000	354.0	354000	10.0	10000	""osoba2""
""osoba2""		346.2	346200	354.0	354000	8.799988	8799	""osoba2""
""osoba2""		347.1	347100	354.0	354000	7.899994	7899	""osoba2""
""osoba2""		347.7	347700	354.0	354000	7.299988	7299	""osoba2""
""osoba2""		351.30002	351300	354.0	354000	3.6999817	3699	""osoba2""
""osoba2""		352.5	352500	354.0	354000	2.5	2500	""osoba2""
""osoba3""		353.40002	353400	353.7	353700	1.2999878	1299	""osoba3""
""osoba1""		353.7	353700	355.2	355200	2.5	2500	""osoba1""
""osoba4""		354.0	354000	366.6	366600	13.600006	13600	""osoba4""
""osoba4""		356.1	356100	366.6	366600	11.5	11500	""osoba4""
""osoba1""		358.2	358200	361.2	361200	4.0	4000	""osoba1""
""osoba1""		359.1	359100	361.2	361200	3.100006	3100	""osoba1""
""osoba4""		359.7	359700	366.6	366600	7.899994	7899	""osoba4""
""osoba3""		366.0	366000	369.6	369600	4.600006	4600	""osoba3""
""osoba3""		368.7	368700	369.6	369600	1.8999939	1899	""osoba3""
""osoba4""		368.7	368700	370.80002	370800	3.100006	3100	""osoba4""
""osoba1""		369.0	369000	383.7	383700	15.700012	15700	""osoba1""
""osoba1""		370.5	370500	383.7	383700	14.200012	14200	""osoba1""
""osoba4""		370.5	370500	370.80002	370800	1.3000183	1300	""osoba4""
""osoba1""		372.30002	372300	383.7	383700	12.399994	12399	""osoba1""
""osoba1""		373.80002	373800	383.7	383700	10.899994	10899	""osoba1""
""osoba1""		375.6	375600	383.7	383700	9.100006	9100	""osoba1""
""osoba1""		376.5	376500	383.7	383700	8.200012	8200	""osoba1""
""osoba1""		378.90002	378900	383.7	383700	5.799988	5799	""osoba1""
""osoba1""		379.80002	379800	383.7	383700	4.899994	4899	""osoba1""
""osoba2""		381.6	381600	383.40002	383400	2.8000183	2800	""osoba2""
""osoba4""		381.6	381600	409.50003	409500	28.900024	28900	""osoba4""
""osoba4""		385.50003	385500	409.50003	409500	25.0	25000	""osoba4""
""osoba1""		386.1	386100	386.1	386100	1.0	1000	""osoba1""
""osoba4""		388.2	388200	409.50003	409500	22.300018	22300	""osoba4""
""osoba3""		389.1	389100	390.90002	390900	2.8000183	2800	""osoba3""
""osoba3""		390.90002	390900	390.90002	390900	1.0	1000	""osoba3""
""osoba4""		391.50003	391500	409.50003	409500	19.0	19000	""osoba4""
""osoba4""		392.1	392100	409.50003	409500	18.400024	18400	""osoba4""
""osoba4""		393.6	393600	409.50003	409500	16.900024	16900	""osoba4""
""osoba4""		394.80002	394800	409.50003	409500	15.700012	15700	""osoba4""
""osoba4""		397.50003	397500	409.50003	409500	13.0	13000	""osoba4""
""osoba4""		398.7	398700	409.50003	409500	11.800018	11800	""osoba4""
""osoba4""		399.6	399600	409.50003	409500	10.900024	10900	""osoba4""
""osoba4""		400.2	400200	409.50003	409500	10.300018	10300	""osoba4""
""osoba4""		404.7	404700	409.50003	409500	5.8000183	5800	""osoba4""
""osoba2""		408.00003	408000	413.1	413100	6.0999756	6099	""osoba2""
""osoba1""		409.80002	409800	410.1	410100	1.2999878	1299	""osoba1""
""osoba1""		412.2	412200	417.30002	417300	6.100006	6100	""osoba1""
""osoba1""		414.30002	414300	417.30002	417300	4.0	4000	""osoba1""
""osoba1""		415.50003	415500	417.30002	417300	2.7999878	2799	""osoba1""
""osoba1""		416.40002	416400	417.30002	417300	1.8999939	1899	""osoba1""
""osoba3""		417.00003	417000	420.00003	420000	4.0	4000	""osoba3""
""osoba2""		418.80002	418800	430.50003	430500	12.700012	12700	""osoba2""
""osoba4""		418.80002	418800	419.1	419100	1.2999878	1299	""osoba4""
""osoba3""		420.00003	420000	420.00003	420000	1.0	1000	""osoba3""
""osoba2""		421.2	421200	430.50003	430500	10.300018	10300	""osoba2""
""osoba2""		423.30002	423300	430.50003	430500	8.200012	8200	""osoba2""
""osoba1""		425.40002	425400	458.1	458100	33.69998	33699	""osoba1""
""osoba4""		427.50003	427500	427.50003	427500	1.0	1000	""osoba4""
""osoba1""		429.30002	429300	458.1	458100	29.799988	29799	""osoba1""
""osoba1""		431.7	431700	458.1	458100	27.399994	27399	""osoba1""
""osoba1""		432.30002	432300	458.1	458100	26.799988	26799	""osoba1""
""osoba1""		434.40002	434400	458.1	458100	24.699982	24699	""osoba1""
""osoba2""		434.7	434700	435.30002	435300	1.6000061	1600	""osoba2""
""osoba1""		437.40002	437400	458.1	458100	21.699982	21699	""osoba1""
""osoba1""		438.6	438600	458.1	458100	20.5	20500	""osoba1""
""osoba1""		440.1	440100	458.1	458100	19.0	19000	""osoba1""
""osoba4""		442.80002	442800	443.7	443700	1.8999939	1899	""osoba4""
""osoba1""		443.1	443100	458.1	458100	16.0	16000	""osoba1""
""osoba1""		445.80002	445800	458.1	458100	13.299988	13299	""osoba1""
""osoba1""		448.2	448200	458.1	458100	10.899994	10899	""osoba1""
""osoba1""		452.1	452100	458.1	458100	7.0	7000	""osoba1""
""osoba4""		453.00003	453000	453.00003	453000	1.0	1000	""osoba4""
""osoba1""		453.30002	453300	458.1	458100	5.799988	5799	""osoba1""
""osoba1""		455.1	455100	458.1	458100	4.0	4000	""osoba1""
""osoba2""		457.80002	457800	483.30002	483300	26.5	26500	""osoba2""
""osoba2""		459.30002	459300	483.30002	483300	25.0	25000	""osoba2""
""osoba1""		468.90002	468900	469.50003	469500	1.6000061	1600	""osoba1""
""osoba2""		469.2	469200	483.30002	483300	15.100006	15100	""osoba2""
""osoba2""		470.40002	470400	483.30002	483300	13.899994	13899	""osoba2""
""osoba2""		471.00003	471000	483.30002	483300	13.299988	13299	""osoba2""
""osoba2""		475.80002	475800	483.30002	483300	8.5	8500	""osoba2""
""osoba4""		477.30002	477300	480.90002	480900	4.600006	4600	""osoba4""
""osoba2""		478.80002	478800	483.30002	483300	5.5	5500	""osoba2""
""osoba1""		480.00003	480000	487.80002	487800	8.799988	8799	""osoba1""
""osoba4""		480.00003	480000	480.90002	480900	1.8999939	1899	""osoba4""
""osoba2""		481.50003	481500	483.30002	483300	2.7999878	2799	""osoba2""
""osoba1""		482.40002	482400	487.80002	487800	6.399994	6399	""osoba1""
""osoba1""		483.6	483600	487.80002	487800	5.200012	5200	""osoba1""
""osoba2""		485.40002	485400	496.50003	496500	12.100006	12100	""osoba2""
""osoba1""		486.00003	486000	487.80002	487800	2.7999878	2799	""osoba1""
""osoba3""		493.50003	493500	503.40002	503400	10.899994	10899	""osoba3""
""osoba1""		494.7	494700	494.7	494700	1.0	1000	""osoba1""
""osoba3""		497.7	497700	503.40002	503400	6.700012	6700	""osoba3""
""osoba3""		499.50003	499500	503.40002	503400	4.899994	4899	""osoba3""
""osoba2""		500.40002	500400	500.40002	500400	1.0	1000	""osoba2""
""osoba3""		501.00003	501000	503.40002	503400	3.399994	3399	""osoba3""
""osoba3""		501.6	501600	503.40002	503400	2.8000183	2800	""osoba3""
""osoba1""		502.2	502200	523.2	523200	22.0	22000	""osoba1""
""osoba1""		507.00003	507000	523.2	523200	17.199982	17199	""osoba1""
""osoba1""		510.90002	510900	523.2	523200	13.299988	13299	""osoba1""
""osoba3""		511.80002	511800	512.10004	512100	1.3000183	1300	""osoba3""
""osoba2""		516.9	516900	517.80005	517800	1.9000244	1900	""osoba2""
""osoba4""		523.5	523500	527.4	527400	4.9000244	4900	""osoba4""
""osoba4""		524.10004	524100	527.4	527400	4.299988	4299	""osoba4""
""osoba3""		525.0	525000	531.30005	531300	7.300049	7300	""osoba3""
""osoba4""		525.30005	525300	527.4	527400	3.0999756	3099	""osoba4""
""osoba3""		525.9	525900	531.30005	531300	6.4000244	6400	""osoba3""
""osoba3""		526.5	526500	531.30005	531300	5.800049	5800	""osoba3""
""osoba4""		526.80005	526800	527.4	527400	1.5999756	1599	""osoba4""
""osoba2""		528.0	528000	529.5	529500	2.5	2500	""osoba2""
""osoba3""		530.4	530400	531.30005	531300	1.9000244	1900	""osoba3""
""osoba4""		530.7	530700	567.30005	567300	37.600037	37600	""osoba4""
""osoba3""		531.30005	531300	531.30005	531300	1.0	1000	""osoba3""
""osoba4""		533.7	533700	567.30005	567300	34.600037	34600	""osoba4""
""osoba4""		534.60004	534600	567.30005	567300	33.700012	33700	""osoba4""
""osoba4""		535.5	535500	567.30005	567300	32.80005	32800	""osoba4""
""osoba4""		537.0	537000	567.30005	567300	31.300049	31300	""osoba4""
""osoba4""		540.0	540000	567.30005	567300	28.300049	28300	""osoba4""
""osoba4""		542.4	542400	567.30005	567300	25.900024	25900	""osoba4""
""osoba4""		543.60004	543600	567.30005	567300	24.700012	24700	""osoba4""
""osoba4""		545.4	545400	567.30005	567300	22.900024	22900	""osoba4""
""osoba4""		549.0	549000	567.30005	567300	19.300049	19300	""osoba4""
""osoba4""		552.60004	552600	567.30005	567300	15.700012	15700	""osoba4""
""osoba4""		554.10004	554100	567.30005	567300	14.200012	14200	""osoba4""
""osoba4""		555.0	555000	567.30005	567300	13.300049	13300	""osoba4""
""osoba4""		561.0	561000	567.30005	567300	7.300049	7300	""osoba4""
""osoba2""		561.60004	561600	561.9	561900	1.2999878	1299	""osoba2""
""osoba4""		565.2	565200	567.30005	567300	3.1000366	3100	""osoba4""
""osoba2""		567.30005	567300	570.60004	570600	4.299988	4299	""osoba2""
""osoba2""		569.4	569400	570.60004	570600	2.2000122	2200	""osoba2""
""osoba3""		570.30005	570300	574.5	574500	5.199951	5199	""osoba3""
""osoba4""		570.60004	570600	571.2	571200	1.5999756	1599	""osoba4""
""osoba3""		572.4	572400	574.5	574500	3.0999756	3099	""osoba3""
""osoba3""		573.30005	573300	574.5	574500	2.1999512	2199	""osoba3""
""osoba1""		574.2	574200	609.30005	609300	36.100037	36100	""osoba1""
""osoba2""		574.2	574200	574.80005	574800	1.6000366	1600	""osoba2""
""osoba1""		576.60004	576600	609.30005	609300	33.700012	33700	""osoba1""
""osoba1""		577.5	577500	609.30005	609300	32.80005	32800	""osoba1""
""osoba1""		578.4	578400	609.30005	609300	31.900024	31900	""osoba1""
""osoba1""		579.9	579900	609.30005	609300	30.400024	30400	""osoba1""
""osoba1""		586.80005	586800	609.30005	609300	23.5	23500	""osoba1""
""osoba1""		588.0	588000	609.30005	609300	22.300049	22300	""osoba1""
""osoba1""		590.10004	590100	609.30005	609300	20.200012	20200	""osoba1""
""osoba1""		590.7	590700	609.30005	609300	19.600037	19600	""osoba1""
""osoba4""		593.4	593400	594.60004	594600	2.2000122	2200	""osoba4""
""osoba1""		594.30005	594300	609.30005	609300	16.0	16000	""osoba1""
""osoba1""		594.9	594900	609.30005	609300	15.400024	15400	""osoba1""
""osoba1""		595.5	595500	609.30005	609300	14.800049	14800	""osoba1""
""osoba1""		596.10004	596100	609.30005	609300	14.200012	14200	""osoba1""
""osoba4""		597.9	597900	598.80005	598800	1.9000244	1900	""osoba4""
""osoba1""		598.2	598200	609.30005	609300	12.100037	12100	""osoba1""
""osoba1""		600.0	600000	609.30005	609300	10.300049	10300	""osoba1""
""osoba1""		600.9	600900	609.30005	609300	9.400024	9400	""osoba1""
""osoba1""		601.5	601500	609.30005	609300	8.800049	8800	""osoba1""
""osoba1""		607.80005	607800	609.30005	609300	2.5	2500	""osoba1""
""osoba2""		609.9	609900	617.10004	617100	8.200012	8200	""osoba2""
""osoba4""		612.9	612900	612.9	612900	1.0	1000	""osoba4""
""osoba2""		613.5	613500	617.10004	617100	4.6000366	4600	""osoba2""
""osoba2""		614.10004	614100	617.10004	617100	4.0	4000	""osoba2""
""osoba2""		616.2	616200	617.10004	617100	1.9000244	1900	""osoba2""
""osoba4""		617.10004	617100	621.60004	621600	5.5	5500	""osoba4""
""osoba4""		619.5	619500	621.60004	621600	3.1000366	3100	""osoba4""
""osoba1""		619.80005	619800	631.80005	631800	13.0	13000	""osoba1""
""osoba3""		621.30005	621300	623.7	623700	3.3999634	3399	""osoba3""
""osoba1""		623.10004	623100	631.80005	631800	9.700012	9700	""osoba1""
""osoba3""		623.10004	623100	623.7	623700	1.5999756	1599	""osoba3""
""osoba1""		626.10004	626100	631.80005	631800	6.700012	6700	""osoba1""
""osoba1""		626.7	626700	631.80005	631800	6.1000366	6100	""osoba1""
""osoba1""		629.4	629400	631.80005	631800	3.4000244	3400	""osoba1""
""osoba3""		630.0	630000	630.0	630000	1.0	1000	""osoba3""
""osoba4""		632.10004	632100	636.60004	636600	5.5	5500	""osoba4""
""osoba4""		633.0	633000	636.60004	636600	4.6000366	4600	""osoba4""
""osoba4""		633.60004	633600	636.60004	636600	4.0	4000	""osoba4""
""osoba4""		634.5	634500	636.60004	636600	3.1000366	3100	""osoba4""
""osoba4""		635.10004	635100	636.60004	636600	2.5	2500	""osoba4""
""osoba1""		636.0	636000	654.60004	654600	19.600037	19600	""osoba1""
""osoba1""		637.80005	637800	654.60004	654600	17.799988	17799	""osoba1""
""osoba1""		640.80005	640800	654.60004	654600	14.799988	14799	""osoba1""
""osoba1""		642.30005	642300	654.60004	654600	13.299988	13299	""osoba1""
""osoba4""		642.30005	642300	642.30005	642300	1.0	1000	""osoba4""
""osoba3""		642.60004	642600	643.2	643200	1.5999756	1599	""osoba3""
""osoba1""		642.9	642900	654.60004	654600	12.700012	12700	""osoba1""
""osoba1""		644.4	644400	654.60004	654600	11.200012	11200	""osoba1""
""osoba1""		645.60004	645600	654.60004	654600	10.0	10000	""osoba1""
""osoba1""		646.2	646200	654.60004	654600	9.400024	9400	""osoba1""
""osoba1""		648.0	648000	654.60004	654600	7.6000366	7600	""osoba1""
""osoba1""		649.5	649500	654.60004	654600	6.1000366	6100	""osoba1""
""osoba1""		650.10004	650100	654.60004	654600	5.5	5500	""osoba1""
""osoba1""		651.30005	651300	654.60004	654600	4.299988	4299	""osoba1""
""osoba1""		654.0	654000	654.60004	654600	1.6000366	1600	""osoba1""
""osoba2""		654.9	654900	665.4	665400	11.5	11500	""osoba2""
""osoba2""		657.60004	657600	665.4	665400	8.799988	8799	""osoba2""
""osoba1""		658.5	658500	659.10004	659100	1.6000366	1600	""osoba1""
""osoba2""		659.4	659400	665.4	665400	7.0	7000	""osoba2""
""osoba1""		662.4	662400	668.10004	668100	6.700012	6700	""osoba1""
""osoba1""		663.60004	663600	668.10004	668100	5.5	5500	""osoba1""
""osoba2""		663.60004	663600	665.4	665400	2.7999878	2799	""osoba2""
""osoba4""		663.9	663900	663.9	663900	1.0	1000	""osoba4""
""osoba2""		664.2	664200	665.4	665400	2.2000122	2200	""osoba2""
""osoba1""		667.5	667500	668.10004	668100	1.6000366	1600	""osoba1""
""osoba2""		668.4	668400	697.2	697200	29.799988	29799	""osoba2""
""osoba2""		671.4	671400	697.2	697200	26.799988	26799	""osoba2""
""osoba2""		673.5	673500	697.2	697200	24.700012	24700	""osoba2""
""osoba4""		673.80005	673800	675.30005	675300	2.5	2500	""osoba4""
""osoba2""		677.7	677700	697.2	697200	20.5	20500	""osoba2""
""osoba2""		678.9	678900	697.2	697200	19.299988	19299	""osoba2""
""osoba2""		679.5	679500	697.2	697200	18.700012	18700	""osoba2""
""osoba2""		681.0	681000	697.2	697200	17.200012	17200	""osoba2""
""osoba2""		681.60004	681600	697.2	697200	16.599976	16599	""osoba2""
""osoba2""		682.5	682500	697.2	697200	15.700012	15700	""osoba2""
""osoba2""		683.10004	683100	697.2	697200	15.099976	15099	""osoba2""
""osoba2""		684.0	684000	697.2	697200	14.200012	14200	""osoba2""
""osoba2""		684.9	684900	697.2	697200	13.299988	13299	""osoba2""
""osoba1""		687.0	687000	687.30005	687300	1.3000488	1300	""osoba1""
""osoba3""		687.9	687900	687.9	687900	1.0	1000	""osoba3""
""osoba2""		688.80005	688800	697.2	697200	9.399963	9399	""osoba2""
""osoba2""		690.60004	690600	697.2	697200	7.5999756	7599	""osoba2""
""osoba1""		691.2	691200	724.5	724500	34.299988	34299	""osoba1""
""osoba2""		693.30005	693300	697.2	697200	4.8999634	4899	""osoba2""
""osoba1""		693.60004	693600	724.5	724500	31.899963	31899	""osoba1""
""osoba1""		694.80005	694800	724.5	724500	30.699951	30699	""osoba1""
""osoba2""		695.10004	695100	697.2	697200	3.0999756	3099	""osoba2""
""osoba2""		696.60004	696600	697.2	697200	1.5999756	1599	""osoba2""
""osoba1""		696.9	696900	724.5	724500	28.599976	28599	""osoba1""
""osoba4""		699.30005	699300	700.2	700200	1.8999634	1899	""osoba4""
""osoba1""		701.7	701700	724.5	724500	23.799988	23799	""osoba1""
""osoba3""		703.5	703500	705.30005	705300	2.8000488	2800	""osoba3""
""osoba1""		710.4	710400	724.5	724500	15.099976	15099	""osoba1""
""osoba1""		714.9	714900	724.5	724500	10.599976	10599	""osoba1""
""osoba1""		715.80005	715800	724.5	724500	9.699951	9699	""osoba1""
""osoba1""		719.10004	719100	724.5	724500	6.3999634	6399	""osoba1""
""osoba1""		720.9	720900	724.5	724500	4.5999756	4599	""osoba1""
""osoba1""		721.80005	721800	724.5	724500	3.6999512	3699	""osoba1""
""osoba1""		723.0	723000	724.5	724500	2.5	2500	""osoba1""
""osoba4""		723.0	723000	744.0	744000	22.0	22000	""osoba4""
""osoba3""		724.5	724500	725.10004	725100	1.6000366	1600	""osoba3""
""osoba4""		729.9	729900	744.0	744000	15.099976	15099	""osoba4""
""osoba4""		731.10004	731100	744.0	744000	13.899963	13899	""osoba4""
""osoba1""		732.30005	732300	732.30005	732300	1.0	1000	""osoba1""
""osoba4""		734.10004	734100	744.0	744000	10.899963	10899	""osoba4""
""osoba4""		735.30005	735300	744.0	744000	9.699951	9699	""osoba4""
""osoba4""		737.10004	737100	744.0	744000	7.8999634	7899	""osoba4""
""osoba4""		737.7	737700	744.0	744000	7.299988	7299	""osoba4""
""osoba4""		739.5	739500	744.0	744000	5.5	5500	""osoba4""
""osoba2""		743.4	743400	744.60004	744600	2.2000122	2200	""osoba2""
""osoba1""		744.60004	744600	747.9	747900	4.299988	4299	""osoba1""
""osoba3""		746.7	746700	747.30005	747300	1.6000366	1600	""osoba3""
""osoba4""		747.0	747000	767.4	767400	21.400024	21400	""osoba4""
""osoba4""		747.9	747900	767.4	767400	20.5	20500	""osoba4""
""osoba4""		750.0	750000	767.4	767400	18.400024	18400	""osoba4""
""osoba4""		751.2	751200	767.4	767400	17.200012	17200	""osoba4""
""osoba3""		752.4	752400	754.2	754200	2.7999878	2799	""osoba3""
""osoba1""		753.9	753900	754.2	754200	1.2999878	1299	""osoba1""
""osoba4""		756.0	756000	767.4	767400	12.400024	12400	""osoba4""
""osoba4""		759.30005	759300	767.4	767400	9.099976	9099	""osoba4""
""osoba4""		760.5	760500	767.4	767400	7.9000244	7900	""osoba4""
""osoba4""		762.0	762000	767.4	767400	6.4000244	6400	""osoba4""
""osoba4""		763.80005	763800	767.4	767400	4.5999756	4599	""osoba4""
""osoba4""		764.7	764700	767.4	767400	3.7000122	3700	""osoba4""
""osoba1""		766.80005	766800	770.4	770400	4.5999756	4599	""osoba1""
""osoba1""		768.30005	768300	770.4	770400	3.0999756	3099	""osoba1""
""osoba3""		768.30005	768300	794.4	794400	27.099976	27099	""osoba3""
""osoba3""		773.7	773700	794.4	794400	21.700012	21700	""osoba3""
""osoba3""		775.80005	775800	794.4	794400	19.599976	19599	""osoba3""
""osoba3""		777.00006	777000	794.4	794400	18.399963	18399	""osoba3""
""osoba1""		783.9	783900	785.10004	785100	2.2000122	2200	""osoba1""
""osoba3""		783.9	783900	794.4	794400	11.5	11500	""osoba3""
""osoba3""		787.50006	787500	794.4	794400	7.8999634	7899	""osoba3""
""osoba3""		789.00006	789000	794.4	794400	6.3999634	6399	""osoba3""
""osoba3""		791.10004	791100	794.4	794400	4.299988	4299	""osoba3""
""osoba3""		792.00006	792000	794.4	794400	3.3999634	3399	""osoba3""
""osoba3""		792.9	792900	794.4	794400	2.5	2500	""osoba3""
""osoba1""		794.10004	794100	815.10004	815100	22.0	22000	""osoba1""
""osoba1""		795.60004	795600	815.10004	815100	20.5	20500	""osoba1""
""osoba3""		799.50006	799500	800.4	800400	1.8999634	1899	""osoba3""
""osoba1""		800.7	800700	815.10004	815100	15.400024	15400	""osoba1""
""osoba1""		802.2	802200	815.10004	815100	13.900024	13900	""osoba1""
""osoba1""		803.4	803400	815.10004	815100	12.700012	12700	""osoba1""
""osoba3""		804.30005	804300	804.30005	804300	1.0	1000	""osoba3""
""osoba1""		804.60004	804600	815.10004	815100	11.5	11500	""osoba1""
""osoba1""		805.50006	805500	815.10004	815100	10.599976	10599	""osoba1""
""osoba1""		809.4	809400	815.10004	815100	6.700012	6700	""osoba1""
""osoba1""		810.60004	810600	815.10004	815100	5.5	5500	""osoba1""
""osoba1""		814.50006	814500	815.10004	815100	1.5999756	1599	""osoba1""
""osoba2""		814.50006	814500	820.80005	820800	7.299988	7299	""osoba2""
""osoba2""		816.30005	816300	820.80005	820800	5.5	5500	""osoba2""
""osoba2""		817.80005	817800	820.80005	820800	4.0	4000	""osoba2""
""osoba2""		818.4	818400	820.80005	820800	3.4000244	3400	""osoba2""
""osoba3""		818.7	818700	831.9	831900	14.200012	14200	""osoba3""
""osoba2""		819.9	819900	820.80005	820800	1.9000244	1900	""osoba2""
""osoba3""		819.9	819900	831.9	831900	13.0	13000	""osoba3""
""osoba3""		822.60004	822600	831.9	831900	10.299988	10299	""osoba3""
""osoba1""		823.50006	823500	823.50006	823500	1.0	1000	""osoba1""
""osoba3""		826.50006	826500	831.9	831900	6.3999634	6399	""osoba3""
""osoba3""		828.00006	828000	831.9	831900	4.8999634	4899	""osoba3""
""osoba3""		829.2	829200	831.9	831900	3.7000122	3700	""osoba3""
""osoba3""		829.80005	829800	831.9	831900	3.0999756	3099	""osoba3""
""osoba4""		832.2	832200	898.2	898200	67.0	67000	""osoba4""
""osoba4""		832.80005	832800	898.2	898200	66.39996	66399	""osoba4""
""osoba1""		833.7	833700	833.7	833700	1.0	1000	""osoba1""
""osoba1""		836.10004	836100	836.10004	836100	1.0	1000	""osoba1""
""osoba4""		837.60004	837600	898.2	898200	61.599976	61599	""osoba4""
""osoba4""		841.50006	841500	898.2	898200	57.69995	57699	""osoba4""
""osoba4""		843.00006	843000	898.2	898200	56.19995	56199	""osoba4""
""osoba4""		844.50006	844500	898.2	898200	54.69995	54699	""osoba4""
""osoba4""		849.00006	849000	898.2	898200	50.19995	50199	""osoba4""
""osoba4""		851.7	851700	898.2	898200	47.5	47500	""osoba4""
""osoba4""		852.60004	852600	898.2	898200	46.599976	46599	""osoba4""
""osoba4""		855.60004	855600	898.2	898200	43.599976	43599	""osoba4""
""osoba2""		856.50006	856500	856.50006	856500	1.0	1000	""osoba2""
""osoba4""		856.50006	856500	898.2	898200	42.69995	42699	""osoba4""
""osoba4""		859.50006	859500	898.2	898200	39.69995	39699	""osoba4""
""osoba4""		860.7	860700	898.2	898200	38.5	38500	""osoba4""
""osoba4""		863.7	863700	898.2	898200	35.5	35500	""osoba4""
""osoba4""		864.60004	864600	898.2	898200	34.599976	34599	""osoba4""
""osoba4""		866.10004	866100	898.2	898200	33.099976	33099	""osoba4""
""osoba4""		866.7	866700	898.2	898200	32.5	32500	""osoba4""
""osoba4""		867.30005	867300	898.2	898200	31.899963	31899	""osoba4""
""osoba4""		868.2	868200	898.2	898200	31.0	31000	""osoba4""
""osoba4""		868.80005	868800	898.2	898200	30.399963	30399	""osoba4""
""osoba4""		871.2	871200	898.2	898200	28.0	28000	""osoba4""
""osoba4""		872.10004	872100	898.2	898200	27.099976	27099	""osoba4""
""osoba4""		873.9	873900	898.2	898200	25.299988	25299	""osoba4""
""osoba4""		874.80005	874800	898.2	898200	24.399963	24399	""osoba4""
""osoba1""		875.10004	875100	875.4	875400	1.2999878	1299	""osoba1""
""osoba4""		878.10004	878100	898.2	898200	21.099976	21099	""osoba4""
""osoba4""		878.7	878700	898.2	898200	20.5	20500	""osoba4""
""osoba4""		879.60004	879600	898.2	898200	19.599976	19599	""osoba4""
""osoba4""		880.2	880200	898.2	898200	19.0	19000	""osoba4""
""osoba4""		883.80005	883800	898.2	898200	15.399963	15399	""osoba4""
""osoba1""		884.4	884400	884.4	884400	1.0	1000	""osoba1""
""osoba4""		885.30005	885300	898.2	898200	13.899963	13899	""osoba4""
""osoba4""		886.2	886200	898.2	898200	13.0	13000	""osoba4""
""osoba1""		888.60004	888600	888.60004	888600	1.0	1000	""osoba1""
""osoba4""		890.4	890400	898.2	898200	8.799988	8799	""osoba4""
""osoba4""		891.30005	891300	898.2	898200	7.8999634	7899	""osoba4""
""osoba2""		892.80005	892800	893.10004	893100	1.2999878	1299	""osoba2""
""osoba4""		894.60004	894600	898.2	898200	4.5999756	4599	""osoba4""
""osoba4""		895.80005	895800	898.2	898200	3.3999634	3399	""osoba4""
""osoba4""		897.30005	897300	898.2	898200	1.8999634	1899	""osoba4""
""osoba2""		898.2	898200	934.50006	934500	37.30005	37300	""osoba2""
""osoba2""		899.7	899700	934.50006	934500	35.80005	35800	""osoba2""
""osoba2""		904.2	904200	934.50006	934500	31.300049	31300	""osoba2""
""osoba2""		905.4	905400	934.50006	934500	30.100037	30100	""osoba2""
""osoba2""		907.80005	907800	934.50006	934500	27.700012	27700	""osoba2""
""osoba2""		909.60004	909600	934.50006	934500	25.900024	25900	""osoba2""
""osoba2""		911.7	911700	934.50006	934500	23.800049	23800	""osoba2""
""osoba2""		914.10004	914100	934.50006	934500	21.400024	21400	""osoba2""
""osoba2""		915.00006	915000	934.50006	934500	20.5	20500	""osoba2""
""osoba4""		915.30005	915300	917.7	917700	3.3999634	3399	""osoba4""
""osoba2""		917.7	917700	934.50006	934500	17.800049	17800	""osoba2""
""osoba2""		919.2	919200	934.50006	934500	16.300049	16300	""osoba2""
""osoba1""		919.50006	919500	923.7	923700	5.199951	5199	""osoba1""
""osoba1""		922.50006	922500	923.7	923700	2.1999512	2199	""osoba1""
""osoba2""		924.60004	924600	934.50006	934500	10.900024	10900	""osoba2""
""osoba2""		926.10004	926100	934.50006	934500	9.400024	9400	""osoba2""
""osoba1""		927.00006	927000	927.00006	927000	1.0	1000	""osoba1""
""osoba2""		927.9	927900	934.50006	934500	7.6000366	7600	""osoba2""
""osoba2""		928.80005	928800	934.50006	934500	6.700012	6700	""osoba2""
""osoba2""		929.4	929400	934.50006	934500	6.1000366	6100	""osoba2""
""osoba4""		929.7	929700	930.60004	930600	1.9000244	1900	""osoba4""
""osoba2""		930.60004	930600	934.50006	934500	4.9000244	4900	""osoba2""
""osoba1""		932.4	932400	943.2	943200	11.799988	11799	""osoba1""
""osoba2""		932.4	932400	934.50006	934500	3.1000366	3100	""osoba2""
""osoba3""		932.7	932700	933.9	933900	2.2000122	2200	""osoba3""
""osoba1""		933.9	933900	943.2	943200	10.299988	10299	""osoba1""
""osoba1""		935.4	935400	943.2	943200	8.799988	8799	""osoba1""
""osoba1""		937.80005	937800	943.2	943200	6.3999634	6399	""osoba1""
""osoba1""		939.9	939900	943.2	943200	4.299988	4299	""osoba1""
""osoba2""		942.30005	942300	948.9	948900	7.5999756	7599	""osoba2""
""osoba1""		943.2	943200	943.2	943200	1.0	1000	""osoba1""
""osoba2""		943.2	943200	948.9	948900	6.700012	6700	""osoba2""
""osoba2""		945.00006	945000	948.9	948900	4.8999634	4899	""osoba2""
""osoba1""		947.10004	947100	1011.00006	1011000	64.900024	64900	""osoba1""
""osoba2""		948.30005	948300	948.9	948900	1.5999756	1599	""osoba2""
""osoba1""		948.60004	948600	1011.00006	1011000	63.400024	63400	""osoba1""
""osoba1""		949.80005	949800	1011.00006	1011000	62.200012	62200	""osoba1""
""osoba2""		951.30005	951300	951.30005	951300	1.0	1000	""osoba2""
""osoba1""		953.4	953400	1011.00006	1011000	58.600037	58600	""osoba1""
""osoba1""		955.2	955200	1011.00006	1011000	56.80005	56800	""osoba1""
""osoba1""		960.60004	960600	1011.00006	1011000	51.400024	51400	""osoba1""
""osoba1""		964.50006	964500	1011.00006	1011000	47.5	47500	""osoba1""
""osoba2""		964.80005	964800	966.9	966900	3.0999756	3099	""osoba2""
""osoba2""		966.00006	966000	966.9	966900	1.8999634	1899	""osoba2""
""osoba1""		966.9	966900	1011.00006	1011000	45.100037	45100	""osoba1""
""osoba1""		968.7	968700	1011.00006	1011000	43.30005	43300	""osoba1""
""osoba1""		969.30005	969300	1011.00006	1011000	42.700012	42700	""osoba1""
""osoba1""		970.2	970200	1011.00006	1011000	41.80005	41800	""osoba1""
""osoba1""		971.4	971400	1011.00006	1011000	40.600037	40600	""osoba1""
""osoba1""		972.30005	972300	1011.00006	1011000	39.700012	39700	""osoba1""
""osoba1""		973.80005	973800	1011.00006	1011000	38.200012	38200	""osoba1""
""osoba3""		973.80005	973800	976.2	976200	3.3999634	3399	""osoba3""
""osoba1""		977.4	977400	1011.00006	1011000	34.600037	34600	""osoba1""
""osoba1""		981.60004	981600	1011.00006	1011000	30.400024	30400	""osoba1""
""osoba1""		982.80005	982800	1011.00006	1011000	29.200012	29200	""osoba1""
""osoba1""		984.60004	984600	1011.00006	1011000	27.400024	27400	""osoba1""
""osoba1""		985.80005	985800	1011.00006	1011000	26.200012	26200	""osoba1""
""osoba1""		986.4	986400	1011.00006	1011000	25.600037	25600	""osoba1""
""osoba3""		986.4	986400	986.7	986700	1.2999878	1299	""osoba3""
""osoba4""		993.30005	993300	994.2	994200	1.8999634	1899	""osoba4""
""osoba1""		995.4	995400	1011.00006	1011000	16.600037	16600	""osoba1""
""osoba1""		996.60004	996600	1011.00006	1011000	15.400024	15400	""osoba1""
""osoba1""		998.10004	998100	1011.00006	1011000	13.900024	13900	""osoba1""
""osoba1""		1003.50006	1003500	1011.00006	1011000	8.5	8500	""osoba1""
""osoba1""		1004.7	1004700	1011.00006	1011000	7.300049	7300	""osoba1""
""osoba4""		1004.7	1004700	1006.80005	1006800	3.1000366	3100	""osoba4""
""osoba1""		1008.00006	1008000	1011.00006	1011000	4.0	4000	""osoba1""
""osoba1""		1008.9	1008900	1011.00006	1011000	3.1000366	3100	""osoba1""
""osoba1""		1010.10004	1010100	1011.00006	1011000	1.9000244	1900	""osoba1""
""osoba3""		1010.4	1010400	1035.6001	1035600	26.200073	26200	""osoba3""
""osoba2""		1012.80005	1012800	1012.80005	1012800	1.0	1000	""osoba2""
""osoba3""		1012.80005	1012800	1035.6001	1035600	23.800049	23800	""osoba3""
""osoba4""		1014.00006	1014000	1014.9	1014900	1.8999634	1899	""osoba4""
""osoba4""		1014.60004	1014600	1014.9	1014900	1.2999878	1299	""osoba4""
""osoba3""		1014.9	1014900	1035.6001	1035600	21.700073	21700	""osoba3""
""osoba1""		1015.80005	1015800	1016.4	1016400	1.5999756	1599	""osoba1""
""osoba3""		1018.50006	1018500	1035.6001	1035600	18.100037	18100	""osoba3""
""osoba3""		1020.60004	1020600	1035.6001	1035600	16.000061	16000	""osoba3""
""osoba3""		1023.00006	1023000	1035.6001	1035600	13.600037	13600	""osoba3""
""osoba3""		1023.60004	1023600	1035.6001	1035600	13.000061	13000	""osoba3""
""osoba3""		1024.5	1024500	1035.6001	1035600	12.100098	12100	""osoba3""
""osoba3""		1025.4	1025400	1035.6001	1035600	11.200073	11200	""osoba3""
""osoba1""		1025.7001	1025700	1026.6001	1026600	1.9000244	1900	""osoba1""
""osoba3""		1028.4	1028400	1035.6001	1035600	8.200073	8200	""osoba3""
""osoba1""		1029.9	1029900	1031.7001	1031700	2.8000488	2800	""osoba1""
""osoba4""		1035.6001	1035600	1045.5	1045500	10.899902	10899	""osoba4""
""osoba4""		1036.5	1036500	1045.5	1045500	10.0	10000	""osoba4""
""osoba4""		1037.1001	1037100	1045.5	1045500	9.399902	9399	""osoba4""
""osoba4""		1039.2001	1039200	1045.5	1045500	7.2999268	7299	""osoba4""
""osoba4""		1040.1001	1040100	1045.5	1045500	6.3999023	6399	""osoba4""
""osoba1""		1044.6001	1044600	1058.1001	1058100	14.5	14500	""osoba1""
""osoba1""		1046.4	1046400	1058.1001	1058100	12.700073	12700	""osoba1""
""osoba1""		1048.2001	1048200	1058.1001	1058100	10.900024	10900	""osoba1""
""osoba1""		1050.0	1050000	1058.1001	1058100	9.100098	9100	""osoba1""
""osoba1""		1051.8	1051800	1058.1001	1058100	7.300049	7300	""osoba1""
""osoba1""		1053.0	1053000	1058.1001	1058100	6.1000977	6100	""osoba1""
""osoba1""		1053.6001	1053600	1058.1001	1058100	5.5	5500	""osoba1""
""osoba1""		1055.1001	1055100	1058.1001	1058100	4.0	4000	""osoba1""
""osoba1""		1056.3	1056300	1058.1001	1058100	2.8000488	2800	""osoba1""
""osoba4""		1056.9	1056900	1066.2001	1066200	10.300049	10300	""osoba4""
""osoba4""		1057.8	1057800	1066.2001	1066200	9.400024	9400	""osoba4""
""osoba1""		1058.1001	1058100	1058.1001	1058100	1.0	1000	""osoba1""
""osoba4""		1059.0	1059000	1066.2001	1066200	8.200073	8200	""osoba4""
""osoba4""		1059.9	1059900	1066.2001	1066200	7.300049	7300	""osoba4""
""osoba1""		1064.7001	1064700	1079.4	1079400	15.699951	15699	""osoba1""
""osoba4""		1065.0	1065000	1066.2001	1066200	2.2000732	2200	""osoba4""
""osoba4""		1065.9	1065900	1066.2001	1066200	1.3000488	1300	""osoba4""
""osoba1""		1066.5	1066500	1079.4	1079400	13.900024	13900	""osoba1""
""osoba1""		1067.7001	1067700	1079.4	1079400	12.699951	12699	""osoba1""
""osoba1""		1072.2001	1072200	1079.4	1079400	8.199951	8199	""osoba1""
""osoba1""		1074.3	1074300	1079.4	1079400	6.0999756	6099	""osoba1""
""osoba2""		1075.5	1075500	1075.8	1075800	1.3000488	1300	""osoba2""
""osoba1""		1076.1001	1076100	1079.4	1079400	4.2999268	4299	""osoba1""
""osoba1""		1077.3	1077300	1079.4	1079400	3.0999756	3099	""osoba1""
""osoba1""		1078.8	1078800	1079.4	1079400	1.5999756	1599	""osoba1""
""osoba4""		1079.1001	1079100	1084.2001	1084200	6.0999756	6099	""osoba4""
""osoba4""		1080.6001	1080600	1084.2001	1084200	4.5999756	4599	""osoba4""
""osoba4""		1082.7001	1082700	1084.2001	1084200	2.5	2500	""osoba4""
""osoba1""		1084.2001	1084200	1088.4	1088400	5.199951	5199	""osoba1""
""osoba1""		1085.7001	1085700	1088.4	1088400	3.6999512	3699	""osoba1""
""osoba1""		1086.6001	1086600	1088.4	1088400	2.7999268	2799	""osoba1""
""osoba1""		1087.5	1087500	1088.4	1088400	1.9000244	1900	""osoba1""
""osoba1""		1088.1001	1088100	1088.4	1088400	1.2999268	1299	""osoba1""
""osoba2""		1088.4	1088400	1093.8	1093800	6.4000244	6400	""osoba2""
""osoba2""		1090.2001	1090200	1093.8	1093800	4.5999756	4599	""osoba2""
""osoba2""		1091.4	1091400	1093.8	1093800	3.4000244	3400	""osoba2""
""osoba2""		1092.6001	1092600	1093.8	1093800	2.1999512	2199	""osoba2""
""osoba3""		1093.8	1093800	1105.2001	1105200	12.400024	12400	""osoba3""
""osoba1""		1094.7001	1094700	1094.7001	1094700	1.0	1000	""osoba1""
""osoba3""		1096.2001	1096200	1105.2001	1105200	10.0	10000	""osoba3""
""osoba3""		1097.4	1097400	1105.2001	1105200	8.800049	8800	""osoba3""
""osoba3""		1099.2001	1099200	1105.2001	1105200	7.0	7000	""osoba3""
""osoba3""		1100.1001	1100100	1105.2001	1105200	6.0999756	6099	""osoba3""
""osoba1""		1100.7001	1100700	1100.7001	1100700	1.0	1000	""osoba1""
""osoba3""		1101.6001	1101600	1105.2001	1105200	4.5999756	4599	""osoba3""
""osoba1""		1104.3	1104300	1135.2001	1135200	31.900024	31900	""osoba1""
""osoba1""		1109.4	1109400	1135.2001	1135200	26.800049	26800	""osoba1""
""osoba1""		1110.6001	1110600	1135.2001	1135200	25.599976	25599	""osoba1""
""osoba1""		1111.8	1111800	1135.2001	1135200	24.400024	24400	""osoba1""
""osoba1""		1112.7001	1112700	1135.2001	1135200	23.5	23500	""osoba1""
""osoba1""		1115.1001	1115100	1135.2001	1135200	21.099976	21099	""osoba1""
""osoba1""		1118.4	1118400	1135.2001	1135200	17.800049	17800	""osoba1""
""osoba1""		1120.5	1120500	1135.2001	1135200	15.700073	15700	""osoba1""
""osoba1""		1121.1001	1121100	1135.2001	1135200	15.099976	15099	""osoba1""
""osoba1""		1122.3	1122300	1135.2001	1135200	13.900024	13900	""osoba1""
""osoba1""		1126.5	1126500	1135.2001	1135200	9.700073	9700	""osoba1""
""osoba1""		1128.3	1128300	1135.2001	1135200	7.9000244	7900	""osoba1""
""osoba1""		1129.2001	1129200	1135.2001	1135200	7.0	7000	""osoba1""
""osoba1""		1130.7001	1130700	1135.2001	1135200	5.5	5500	""osoba1""
""osoba1""		1131.3	1131300	1135.2001	1135200	4.9000244	4900	""osoba1""
""osoba1""		1133.7001	1133700	1135.2001	1135200	2.5	2500	""osoba1""
""osoba1""		1134.3	1134300	1135.2001	1135200	1.9000244	1900	""osoba1""
""osoba2""		1134.6001	1134600	1141.5	1141500	7.8999023	7899	""osoba2""
""osoba2""		1136.7001	1136700	1141.5	1141500	5.7999268	5799	""osoba2""
""osoba2""		1138.5	1138500	1141.5	1141500	4.0	4000	""osoba2""
""osoba3""		1141.2001	1141200	1146.0	1146000	5.7999268	5799	""osoba3""
""osoba3""		1142.7001	1142700	1146.0	1146000	4.2999268	4299	""osoba3""
""osoba1""		1143.6001	1143600	1155.6001	1155600	13.0	13000	""osoba1""
""osoba4""		1146.0	1146000	1146.3	1146300	1.3000488	1300	""osoba4""
""osoba1""		1147.8	1147800	1155.6001	1155600	8.800049	8800	""osoba1""
""osoba1""		1152.0	1152000	1155.6001	1155600	4.6000977	4600	""osoba1""
""osoba1""		1153.2001	1153200	1155.6001	1155600	3.4000244	3400	""osoba1""
""osoba4""		1153.5	1153500	1167.3	1167300	14.800049	14800	""osoba4""
""osoba4""		1154.7001	1154700	1167.3	1167300	13.599976	13599	""osoba4""
""osoba1""		1155.0	1155000	1155.6001	1155600	1.6000977	1600	""osoba1""
""osoba3""		1157.4	1157400	1157.4	1157400	1.0	1000	""osoba3""
""osoba4""		1158.0	1158000	1167.3	1167300	10.300049	10300	""osoba4""
""osoba3""		1159.8	1159800	1160.1001	1160100	1.3000488	1300	""osoba3""
""osoba4""		1163.4	1163400	1167.3	1167300	4.9000244	4900	""osoba4""
""osoba4""		1165.5	1165500	1167.3	1167300	2.8000488	2800	""osoba4""
""osoba1""		1167.6001	1167600	1177.8	1177800	11.199951	11199	""osoba1""
""osoba3""		1168.5	1168500	1168.5	1168500	1.0	1000	""osoba3""
""osoba4""		1169.7001	1169700	1170.3	1170300	1.5999756	1599	""osoba4""
""osoba1""		1170.6001	1170600	1177.8	1177800	8.199951	8199	""osoba1""
""osoba1""		1172.4	1172400	1177.8	1177800	6.4000244	6400	""osoba1""
""osoba3""		1174.5	1174500	1175.7001	1175700	2.2000732	2200	""osoba3""
""osoba1""		1174.8	1174800	1177.8	1177800	4.0	4000	""osoba1""
""osoba1""		1177.2001	1177200	1177.8	1177800	1.5999756	1599	""osoba1""
""osoba1""		1177.8	1177800	1177.8	1177800	1.0	1000	""osoba1""
""osoba3""		1177.8	1177800	1185.0	1185000	8.199951	8199	""osoba3""
""osoba3""		1179.3	1179300	1185.0	1185000	6.699951	6699	""osoba3""
""osoba3""		1179.9	1179900	1185.0	1185000	6.0999756	6099	""osoba3""
""osoba2""		1182.3	1182300	1185.3	1185300	4.0	4000	""osoba2""
""osoba3""		1182.3	1182300	1185.0	1185000	3.6999512	3699	""osoba3""
""osoba1""		1183.2001	1183200	1198.2001	1198200	16.0	16000	""osoba1""
""osoba2""		1184.4	1184400	1185.3	1185300	1.9000244	1900	""osoba2""
""osoba1""		1187.4	1187400	1198.2001	1198200	11.800049	11800	""osoba1""
""osoba1""		1188.3	1188300	1198.2001	1198200	10.900024	10900	""osoba1""
""osoba1""		1191.3	1191300	1198.2001	1198200	7.9000244	7900	""osoba1""
""osoba1""		1192.2001	1192200	1198.2001	1198200	7.0	7000	""osoba1""
""osoba1""		1192.8	1192800	1198.2001	1198200	6.4000244	6400	""osoba1""
""osoba1""		1194.3	1194300	1198.2001	1198200	4.9000244	4900	""osoba1""
""osoba1""		1197.3	1197300	1198.2001	1198200	1.9000244	1900	""osoba1""
""osoba4""		1198.5	1198500	1203.9	1203900	6.4000244	6400	""osoba4""
""osoba1""		1200.9	1200900	1202.1001	1202100	2.2000732	2200	""osoba1""
""osoba3""		1203.9	1203900	1205.4	1205400	2.5	2500	""osoba3""
""osoba4""		1203.9	1203900	1203.9	1203900	1.0	1000	""osoba4""
""osoba1""		1204.8	1204800	1208.7001	1208700	4.9000244	4900	""osoba1""
""osoba2""		1206.0	1206000	1209.9	1209900	4.9000244	4900	""osoba2""
""osoba3""		1209.0	1209000	1213.5	1213500	5.5	5500	""osoba3""
""osoba3""		1210.8	1210800	1213.5	1213500	3.6999512	3699	""osoba3""
""osoba3""		1211.4	1211400	1213.5	1213500	3.0999756	3099	""osoba3""
""osoba3""		1212.3	1212300	1213.5	1213500	2.1999512	2199	""osoba3""
""osoba1""		1212.9	1212900	1221.9	1221900	10.0	10000	""osoba1""
""osoba1""		1216.8	1216800	1221.9	1221900	6.0999756	6099	""osoba1""
""osoba1""		1217.7001	1217700	1221.9	1221900	5.199951	5199	""osoba1""
""osoba1""		1219.8	1219800	1221.9	1221900	3.0999756	3099	""osoba1""
""osoba2""		1221.6001	1221600	1225.5	1225500	4.8999023	4899	""osoba2""
""osoba1""		1224.0	1224000	1260.6001	1260600	37.600098	37600	""osoba1""
""osoba1""		1224.6001	1224600	1260.6001	1260600	37.0	37000	""osoba1""
""osoba2""		1224.9	1224900	1225.5	1225500	1.5999756	1599	""osoba2""
""osoba1""		1226.7001	1226700	1260.6001	1260600	34.900024	34900	""osoba1""
""osoba1""		1228.5	1228500	1260.6001	1260600	33.100098	33100	""osoba1""
""osoba1""		1232.7001	1232700	1260.6001	1260600	28.900024	28900	""osoba1""
""osoba1""		1233.6001	1233600	1260.6001	1260600	28.0	28000	""osoba1""
""osoba1""		1237.8	1237800	1260.6001	1260600	23.800049	23800	""osoba1""
""osoba4""		1239.9	1239900	1242.3	1242300	3.4000244	3400	""osoba4""
""osoba4""		1241.7001	1241700	1242.3	1242300	1.5999756	1599	""osoba4""
""osoba1""		1242.0	1242000	1260.6001	1260600	19.600098	19600	""osoba1""
""osoba1""		1243.8	1243800	1260.6001	1260600	17.800049	17800	""osoba1""
""osoba1""		1244.4	1244400	1260.6001	1260600	17.200073	17200	""osoba1""
""osoba2""		1246.2001	1246200	1247.7001	1247700	2.5	2500	""osoba2""
""osoba1""		1247.1001	1247100	1260.6001	1260600	14.5	14500	""osoba1""
""osoba1""		1248.6001	1248600	1260.6001	1260600	13.0	13000	""osoba1""
""osoba1""		1252.8	1252800	1260.6001	1260600	8.800049	8800	""osoba1""
""osoba1""		1253.4	1253400	1260.6001	1260600	8.200073	8200	""osoba1""
""osoba1""		1254.0	1254000	1260.6001	1260600	7.6000977	7600	""osoba1""
""osoba3""		1254.3	1254300	1256.1001	1256100	2.8000488	2800	""osoba3""
""osoba1""		1260.3	1260300	1260.6001	1260600	1.3000488	1300	""osoba1""
""osoba3""		1260.9	1260900	1264.5	1264500	4.5999756	4599	""osoba3""
""osoba4""		1262.4	1262400	1294.5	1294500	33.099976	33099	""osoba4""
""osoba3""		1263.3	1263300	1264.5	1264500	2.1999512	2199	""osoba3""
""osoba4""		1265.7001	1265700	1294.5	1294500	29.799927	29799	""osoba4""
""osoba4""		1269.9	1269900	1294.5	1294500	25.599976	25599	""osoba4""
""osoba2""		1271.1001	1271100	1271.7001	1271700	1.5999756	1599	""osoba2""
""osoba1""		1272.6001	1272600	1273.2001	1273200	1.5999756	1599	""osoba1""
""osoba4""		1275.3	1275300	1294.5	1294500	20.199951	20199	""osoba4""
""osoba4""		1276.8	1276800	1294.5	1294500	18.699951	18699	""osoba4""
""osoba1""		1277.1001	1277100	1277.1001	1277100	1.0	1000	""osoba1""
""osoba3""		1277.1001	1277100	1278.3	1278300	2.1999512	2199	""osoba3""
""osoba2""		1278.3	1278300	1278.3	1278300	1.0	1000	""osoba2""
""osoba4""		1279.2001	1279200	1294.5	1294500	16.299927	16299	""osoba4""
""osoba4""		1280.7001	1280700	1294.5	1294500	14.799927	14799	""osoba4""
""osoba4""		1282.8	1282800	1294.5	1294500	12.699951	12699	""osoba4""
""osoba4""		1285.2001	1285200	1294.5	1294500	10.299927	10299	""osoba4""
""osoba4""		1285.8	1285800	1294.5	1294500	9.699951	9699	""osoba4""
""osoba1""		1286.1001	1286100	1286.4	1286400	1.2999268	1299	""osoba1""
""osoba4""		1289.1001	1289100	1294.5	1294500	6.3999023	6399	""osoba4""
""osoba4""		1290.9	1290900	1294.5	1294500	4.5999756	4599	""osoba4""
""osoba4""		1292.7001	1292700	1294.5	1294500	2.7999268	2799	""osoba4""
""osoba4""		1294.2001	1294200	1294.5	1294500	1.2999268	1299	""osoba4""
""osoba2""		1294.5	1294500	1303.2001	1303200	9.700073	9700	""osoba2""
""osoba3""		1294.8	1294800	1294.8	1294800	1.0	1000	""osoba3""
""osoba2""		1297.2001	1297200	1303.2001	1303200	7.0	7000	""osoba2""
""osoba1""		1297.5	1297500	1297.5	1297500	1.0	1000	""osoba1""
""osoba2""		1298.1001	1298100	1303.2001	1303200	6.0999756	6099	""osoba2""
""osoba4""		1299.3	1299300	1299.6001	1299600	1.3000488	1300	""osoba4""
""osoba2""		1302.3	1302300	1303.2001	1303200	1.9000244	1900	""osoba2""
""osoba2""		1302.9	1302900	1303.2001	1303200	1.3000488	1300	""osoba2""
""osoba4""		1302.9	1302900	1307.1001	1307100	5.2000732	5200	""osoba4""
""osoba4""		1305.6001	1305600	1307.1001	1307100	2.5	2500	""osoba4""
""osoba4""		1306.2001	1306200	1307.1001	1307100	1.9000244	1900	""osoba4""
""osoba4""		1307.1001	1307100	1307.1001	1307100	1.0	1000	""osoba4""
""osoba2""		1307.7001	1307700	1322.4	1322400	15.699951	15699	""osoba2""
""osoba2""		1309.5	1309500	1322.4	1322400	13.900024	13900	""osoba2""
""osoba2""		1311.6001	1311600	1322.4	1322400	11.799927	11799	""osoba2""
""osoba2""		1313.7001	1313700	1322.4	1322400	9.699951	9699	""osoba2""
""osoba1""		1314.3	1314300	1314.9	1314900	1.5999756	1599	""osoba1""
""osoba4""		1318.8	1318800	1320.0	1320000	2.1999512	2199	""osoba4""
""osoba2""		1319.4	1319400	1322.4	1322400	4.0	4000	""osoba2""
""osoba2""		1320.9	1320900	1322.4	1322400	2.5	2500	""osoba2""
""osoba4""		1322.4	1322400	1329.0	1329000	7.5999756	7599	""osoba4""
""osoba4""		1323.9	1323900	1329.0	1329000	6.0999756	6099	""osoba4""
""osoba4""		1325.1001	1325100	1329.0	1329000	4.8999023	4899	""osoba4""
""osoba4""		1325.7001	1325700	1329.0	1329000	4.2999268	4299	""osoba4""
""osoba1""		1327.5	1327500	1328.1001	1328100	1.6000977	1600	""osoba1""
""osoba3""		1329.0	1329000	1331.4	1331400	3.4000244	3400	""osoba3""
""osoba3""		1329.9	1329900	1331.4	1331400	2.5	2500	""osoba3""
""osoba3""		1331.1001	1331100	1331.4	1331400	1.2999268	1299	""osoba3""
""osoba4""		1331.1001	1331100	1338.3	1338300	8.199951	8199	""osoba4""
""osoba4""		1332.0	1332000	1338.3	1338300	7.300049	7300	""osoba4""
""osoba4""		1335.3	1335300	1338.3	1338300	4.0	4000	""osoba4""
""osoba4""		1336.5	1336500	1338.3	1338300	2.8000488	2800	""osoba4""
""osoba1""		1338.3	1338300	1339.8	1339800	2.5	2500	""osoba1""
""osoba4""		1338.3	1338300	1338.3	1338300	1.0	1000	""osoba4""
""osoba2""		1339.2001	1339200	1347.0	1347000	8.799927	8799	""osoba2""
""osoba2""		1341.0	1341000	1347.0	1347000	7.0	7000	""osoba2""
""osoba2""		1341.6001	1341600	1347.0	1347000	6.3999023	6399	""osoba2""
""osoba4""		1341.9	1341900	1342.8	1342800	1.9000244	1900	""osoba4""
""osoba1""		1342.8	1342800	1343.1001	1343100	1.3000488	1300	""osoba1""
""osoba2""		1344.9	1344900	1347.0	1347000	3.0999756	3099	""osoba2""
""osoba1""		1346.7001	1346700	1350.0	1350000	4.2999268	4299	""osoba1""
""osoba1""		1349.4	1349400	1350.0	1350000	1.5999756	1599	""osoba1""
""osoba4""		1350.0	1350000	1386.3	1386300	37.30005	37300	""osoba4""
""osoba4""		1351.2001	1351200	1386.3	1386300	36.099976	36099	""osoba4""
""osoba4""		1353.0	1353000	1386.3	1386300	34.30005	34300	""osoba4""
""osoba4""		1357.5	1357500	1386.3	1386300	29.800049	29800	""osoba4""
""osoba4""		1362.6001	1362600	1386.3	1386300	24.699951	24699	""osoba4""
""osoba4""		1364.7001	1364700	1386.3	1386300	22.599976	22599	""osoba4""
""osoba4""		1365.6001	1365600	1386.3	1386300	21.699951	21699	""osoba4""
""osoba4""		1366.2001	1366200	1386.3	1386300	21.099976	21099	""osoba4""
""osoba1""		1366.8	1366800	1367.1001	1367100	1.3000488	1300	""osoba1""
""osoba4""		1371.0	1371000	1386.3	1386300	16.300049	16300	""osoba4""
""osoba4""		1371.9	1371900	1386.3	1386300	15.400024	15400	""osoba4""
""osoba4""		1372.5	1372500	1386.3	1386300	14.800049	14800	""osoba4""
""osoba4""		1376.1001	1376100	1386.3	1386300	11.199951	11199	""osoba4""
""osoba4""		1379.7001	1379700	1386.3	1386300	7.5999756	7599	""osoba4""
""osoba3""		1380.3	1380300	1383.3	1383300	4.0	4000	""osoba3""
""osoba4""		1384.5	1384500	1386.3	1386300	2.8000488	2800	""osoba4""
""osoba1""		1385.7001	1385700	1388.7001	1388700	4.0	4000	""osoba1""
""osoba1""		1388.7001	1388700	1388.7001	1388700	1.0	1000	""osoba1""
""osoba4""		1388.7001	1388700	1395.3	1395300	7.5999756	7599	""osoba4""
""osoba4""		1390.5	1390500	1395.3	1395300	5.800049	5800	""osoba4""
""osoba1""		1392.9	1392900	1425.9	1425900	34.0	34000	""osoba1""
""osoba4""		1392.9	1392900	1395.3	1395300	3.4000244	3400	""osoba4""
""osoba4""		1395.0	1395000	1395.3	1395300	1.3000488	1300	""osoba4""
""osoba1""		1396.5	1396500	1425.9	1425900	30.400024	30400	""osoba1""
""osoba1""		1397.4	1397400	1425.9	1425900	29.5	29500	""osoba1""
""osoba1""		1399.2001	1399200	1425.9	1425900	27.699951	27699	""osoba1""
""osoba1""		1400.7001	1400700	1425.9	1425900	26.199951	26199	""osoba1""
""osoba1""		1401.3	1401300	1425.9	1425900	25.599976	25599	""osoba1""
""osoba1""		1402.2001	1402200	1425.9	1425900	24.699951	24699	""osoba1""
""osoba1""		1405.2001	1405200	1425.9	1425900	21.699951	21699	""osoba1""
""osoba2""		1407.0	1407000	1408.8	1408800	2.8000488	2800	""osoba2""
""osoba1""		1407.3	1407300	1425.9	1425900	19.599976	19599	""osoba1""
""osoba1""		1410.3	1410300	1425.9	1425900	16.599976	16599	""osoba1""
""osoba1""		1413.3	1413300	1425.9	1425900	13.599976	13599	""osoba1""
""osoba1""		1413.9	1413900	1425.9	1425900	13.0	13000	""osoba1""
""osoba1""		1414.5	1414500	1425.9	1425900	12.400024	12400	""osoba1""
""osoba3""		1418.4	1418400	1418.7001	1418700	1.3000488	1300	""osoba3""
""osoba1""		1418.7001	1418700	1425.9	1425900	8.199951	8199	""osoba1""
""osoba1""		1423.2001	1423200	1425.9	1425900	3.6999512	3699	""osoba1""
""osoba3""		1423.5	1423500	1428.3	1428300	5.800049	5800	""osoba3""
""osoba1""		1425.3	1425300	1425.9	1425900	1.5999756	1599	""osoba1""
""osoba1""		1428.3	1428300	1445.4	1445400	18.099976	18099	""osoba1""
""osoba1""		1429.8	1429800	1445.4	1445400	16.599976	16599	""osoba1""
""osoba4""		1430.1001	1430100	1430.1001	1430100	1.0	1000	""osoba4""
""osoba1""		1431.3	1431300	1445.4	1445400	15.099976	15099	""osoba1""
""osoba1""		1434.9	1434900	1445.4	1445400	11.5	11500	""osoba1""
""osoba1""		1437.9	1437900	1445.4	1445400	8.5	8500	""osoba1""
""osoba1""		1439.4	1439400	1445.4	1445400	7.0	7000	""osoba1""
""osoba1""		1442.7001	1442700	1445.4	1445400	3.6999512	3699	""osoba1""
""osoba1""		1443.3	1443300	1445.4	1445400	3.0999756	3099	""osoba1""
""osoba2""		1443.9	1443900	1466.7001	1466700	23.800049	23800	""osoba2""
""osoba2""		1446.3	1446300	1466.7001	1466700	21.400024	21400	""osoba2""
""osoba2""		1447.2001	1447200	1466.7001	1466700	20.5	20500	""osoba2""
""osoba2""		1447.8	1447800	1466.7001	1466700	19.900024	19900	""osoba2""
""osoba2""		1449.9	1449900	1466.7001	1466700	17.800049	17800	""osoba2""
""osoba2""		1452.9	1452900	1466.7001	1466700	14.800049	14800	""osoba2""
""osoba1""		1453.2001	1453200	1454.7001	1454700	2.5	2500	""osoba1""
""osoba3""		1453.5	1453500	1453.5	1453500	1.0	1000	""osoba3""
""osoba2""		1455.6001	1455600	1466.7001	1466700	12.099976	12099	""osoba2""
""osoba2""		1457.1001	1457100	1466.7001	1466700	10.599976	10599	""osoba2""
""osoba2""		1460.1001	1460100	1466.7001	1466700	7.5999756	7599	""osoba2""
""osoba1""		1461.6001	1461600	1461.6001	1461600	1.0	1000	""osoba1""
""osoba2""		1462.2001	1462200	1466.7001	1466700	5.5	5500	""osoba2""
""osoba2""		1464.3	1464300	1466.7001	1466700	3.4000244	3400	""osoba2""
""osoba4""		1466.7001	1466700	1467.0	1467000	1.2999268	1299	""osoba4""
""osoba3""		1467.0	1467000	1478.4	1478400	12.400024	12400	""osoba3""
""osoba2""		1475.4	1475400	1478.7001	1478700	4.300049	4300	""osoba2""
""osoba2""		1476.0	1476000	1478.7001	1478700	3.7000732	3700	""osoba2""
""osoba3""		1476.9	1476900	1478.4	1478400	2.5	2500	""osoba3""
""osoba3""		1477.5	1477500	1478.4	1478400	1.9000244	1900	""osoba3""
""osoba2""		1478.1001	1478100	1478.7001	1478700	1.5999756	1599	""osoba2""
""osoba4""		1478.4	1478400	1482.9	1482900	5.5	5500	""osoba4""
""osoba4""		1480.8	1480800	1482.9	1482900	3.0999756	3099	""osoba4""
""osoba2""		1482.9	1482900	1500.9	1500900	19.0	19000	""osoba2""
""osoba2""		1485.3	1485300	1500.9	1500900	16.599976	16599	""osoba2""
""osoba2""		1485.9	1485900	1500.9	1500900	16.0	16000	""osoba2""
""osoba2""		1486.5	1486500	1500.9	1500900	15.400024	15400	""osoba2""
""osoba2""		1487.1001	1487100	1500.9	1500900	14.799927	14799	""osoba2""
""osoba3""		1488.3	1488300	1488.6001	1488600	1.3000488	1300	""osoba3""
""osoba2""		1494.0	1494000	1500.9	1500900	7.9000244	7900	""osoba2""
""osoba3""		1494.6001	1494600	1495.8	1495800	2.1999512	2199	""osoba3""
""osoba2""		1494.9	1494900	1500.9	1500900	7.0	7000	""osoba2""
""osoba4""		1495.2001	1495200	1498.5	1498500	4.2999268	4299	""osoba4""
""osoba1""		1496.1001	1496100	1498.8	1498800	3.6999512	3699	""osoba1""
""osoba1""		1500.9	1500900	1520.7001	1520700	20.800049	20800	""osoba1""
""osoba1""		1502.4	1502400	1520.7001	1520700	19.300049	19300	""osoba1""
""osoba1""		1505.4	1505400	1520.7001	1520700	16.300049	16300	""osoba1""
""osoba1""		1506.0	1506000	1520.7001	1520700	15.700073	15700	""osoba1""
""osoba2""		1506.3	1506300	1506.3	1506300	1.0	1000	""osoba2""
""osoba1""		1509.9	1509900	1520.7001	1520700	11.800049	11800	""osoba1""
""osoba1""		1510.5	1510500	1520.7001	1520700	11.200073	11200	""osoba1""
""osoba2""		1513.5	1513500	1514.7001	1514700	2.2000732	2200	""osoba2""
""osoba1""		1514.7001	1514700	1520.7001	1520700	7.0	7000	""osoba1""
""osoba1""		1515.3	1515300	1520.7001	1520700	6.4000244	6400	""osoba1""
""osoba4""		1515.9	1515900	1516.5	1516500	1.5999756	1599	""osoba4""
""osoba1""		1517.1001	1517100	1520.7001	1520700	4.5999756	4599	""osoba1""
""osoba3""		1518.0	1518000	1525.5	1525500	8.5	8500	""osoba3""
""osoba4""		1521.9	1521900	1522.5	1522500	1.5999756	1599	""osoba4""
""osoba3""		1523.7001	1523700	1525.5	1525500	2.7999268	2799	""osoba3""
""osoba3""		1524.6001	1524600	1525.5	1525500	1.8999023	1899	""osoba3""
""osoba2""		1525.5	1525500	1531.8	1531800	7.300049	7300	""osoba2""
""osoba3""		1525.5	1525500	1525.5	1525500	1.0	1000	""osoba3""
""osoba2""		1527.6001	1527600	1531.8	1531800	5.199951	5199	""osoba2""
""osoba2""		1528.8	1528800	1531.8	1531800	4.0	4000	""osoba2""
""osoba2""		1529.7001	1529700	1531.8	1531800	3.0999756	3099	""osoba2""
""osoba4""		1532.7001	1532700	1581.0001	1581000	49.30005	49300	""osoba4""
""osoba1""		1533.6001	1533600	1533.9	1533900	1.2999268	1299	""osoba1""
""osoba4""		1533.6001	1533600	1581.0001	1581000	48.400024	48400	""osoba4""
""osoba2""		1533.9	1533900	1533.9	1533900	1.0	1000	""osoba2""
""osoba4""		1535.1001	1535100	1581.0001	1581000	46.900024	46900	""osoba4""
""osoba4""		1535.7001	1535700	1581.0001	1581000	46.30005	46300	""osoba4""
""osoba4""		1539.0001	1539000	1581.0001	1581000	43.0	43000	""osoba4""
""osoba4""		1541.1001	1541100	1581.0001	1581000	40.900024	40900	""osoba4""
""osoba1""		1542.6001	1542600	1547.7001	1547700	6.0999756	6099	""osoba1""
""osoba4""		1547.1001	1547100	1581.0001	1581000	34.900024	34900	""osoba4""
""osoba4""		1553.7001	1553700	1581.0001	1581000	28.300049	28300	""osoba4""
""osoba1""		1554.9	1554900	1557.3	1557300	3.4000244	3400	""osoba1""
""osoba4""		1554.9	1554900	1581.0001	1581000	27.100098	27100	""osoba4""
""osoba2""		1558.5001	1558500	1559.1001	1559100	1.5999756	1599	""osoba2""
""osoba4""		1563.6001	1563600	1581.0001	1581000	18.400024	18400	""osoba4""
""osoba4""		1567.5001	1567500	1581.0001	1581000	14.5	14500	""osoba4""
""osoba4""		1569.0001	1569000	1581.0001	1581000	13.0	13000	""osoba4""
""osoba3""		1569.6001	1569600	1569.9	1569900	1.2999268	1299	""osoba3""
""osoba4""		1572.0001	1572000	1581.0001	1581000	10.0	10000	""osoba4""
""osoba4""		1573.2001	1573200	1581.0001	1581000	8.800049	8800	""osoba4""
""osoba4""		1575.6001	1575600	1581.0001	1581000	6.4000244	6400	""osoba4""
""osoba2""		1576.5001	1576500	1594.2001	1594200	18.699951	18699	""osoba2""
""osoba4""		1576.8	1576800	1581.0001	1581000	5.2000732	5200	""osoba4""
""osoba2""		1577.7001	1577700	1594.2001	1594200	17.5	17500	""osoba2""
""osoba4""		1577.7001	1577700	1581.0001	1581000	4.300049	4300	""osoba4""
""osoba2""		1579.5001	1579500	1594.2001	1594200	15.699951	15699	""osoba2""
""osoba2""		1583.1001	1583100	1594.2001	1594200	12.099976	12099	""osoba2""
""osoba2""		1586.4	1586400	1594.2001	1594200	8.800049	8800	""osoba2""
""osoba1""		1587.3	1587300	1587.6001	1587600	1.3000488	1300	""osoba1""
""osoba2""		1587.3	1587300	1594.2001	1594200	7.9000244	7900	""osoba2""
""osoba4""		1587.6001	1587600	1588.2001	1588200	1.5999756	1599	""osoba4""
""osoba2""		1589.4	1589400	1594.2001	1594200	5.800049	5800	""osoba2""
""osoba3""		1589.7001	1589700	1589.7001	1589700	1.0	1000	""osoba3""
""osoba1""		1591.5001	1591500	1592.1001	1592100	1.5999756	1599	""osoba1""
""osoba1""		1592.1001	1592100	1592.1001	1592100	1.0	1000	""osoba1""
""osoba2""		1593.9	1593900	1594.2001	1594200	1.3000488	1300	""osoba2""
""osoba1""		1594.2001	1594200	1603.5001	1603500	10.300049	10300	""osoba1""
""osoba1""		1596.6001	1596600	1603.5001	1603500	7.9000244	7900	""osoba1""
""osoba1""		1598.1001	1598100	1603.5001	1603500	6.4000244	6400	""osoba1""
""osoba1""		1599.3	1599300	1603.5001	1603500	5.2000732	5200	""osoba1""
""osoba4""		1600.2001	1600200	1600.2001	1600200	1.0	1000	""osoba4""
""osoba1""		1601.1001	1601100	1603.5001	1603500	3.4000244	3400	""osoba1""
""osoba1""		1601.7001	1601700	1603.5001	1603500	2.8000488	2800	""osoba1""
""osoba3""		1602.9	1602900	1620.3	1620300	18.400024	18400	""osoba3""
""osoba3""		1604.7001	1604700	1620.3	1620300	16.599976	16599	""osoba3""
""osoba3""		1605.6001	1605600	1620.3	1620300	15.699951	15699	""osoba3""
""osoba3""		1606.2001	1606200	1620.3	1620300	15.099976	15099	""osoba3""
""osoba1""		1608.6001	1608600	1610.4	1610400	2.7999268	2799	""osoba1""
""osoba1""		1610.1001	1610100	1610.4	1610400	1.2999268	1299	""osoba1""
""osoba3""		1610.1001	1610100	1620.3	1620300	11.199951	11199	""osoba3""
""osoba2""		1612.2001	1612200	1613.1001	1613100	1.9000244	1900	""osoba2""
""osoba3""		1614.6001	1614600	1620.3	1620300	6.699951	6699	""osoba3""
""osoba3""		1619.7001	1619700	1620.3	1620300	1.5999756	1599	""osoba3""
