"default"		0.0	0	1.0	1000	1.0	1000	BEGIN
"default"		1620.3	1620300	1620.31	1621300	1.0	1000	END
""osoba2""		6.6000004	6600	36.9	36900	31.300001	31300	""osoba2""
""osoba2""		7.2000003	7200	36.9	36900	30.7	30700	""osoba2""
""osoba2""		8.700001	8700	36.9	36900	29.2	29200	""osoba2""
""osoba2""		9.900001	9900	36.9	36900	28.0	28000	""osoba2""
""osoba1""		11.1	11100	11.700001	11700	1.6000004	1600	""osoba1""
""osoba2""		11.700001	11700	36.9	36900	26.2	26200	""osoba2""
""osoba4""		12.0	12000	12.900001	12900	1.9000006	1900	""osoba4""
""osoba2""		14.1	14100	36.9	36900	23.800001	23800	""osoba2""
""osoba4""		15.000001	15000	15.900001	15900	1.8999996	1899	""osoba4""
""osoba2""		15.900001	15900	36.9	36900	22.0	22000	""osoba2""
""osoba1""		17.1	17100	17.1	17100	1.0	1000	""osoba1""
""osoba2""		18.6	18600	36.9	36900	19.300001	19300	""osoba2""
""osoba1""		21.6	21600	21.6	21600	1.0	1000	""osoba1""
""osoba2""		24.300001	24300	36.9	36900	13.6	13600	""osoba2""
""osoba2""		27.6	27600	36.9	36900	10.300001	10300	""osoba2""
""osoba1""		27.900002	27900	30.300001	30300	3.3999996	3399	""osoba1""
""osoba2""		31.2	31200	36.9	36900	6.700001	6700	""osoba2""
""osoba2""		33.600002	33600	36.9	36900	4.299999	4299	""osoba2""
""osoba2""		35.7	35700	36.9	36900	2.2000008	2200	""osoba2""
""osoba2""		36.600002	36600	36.9	36900	1.2999992	1299	""osoba2""
""osoba4""		36.600002	36600	52.800003	52800	17.2	17200	""osoba4""
""osoba4""		39.0	39000	52.800003	52800	14.800003	14800	""osoba4""
""osoba4""		39.9	39900	52.800003	52800	13.900002	13900	""osoba4""
""osoba4""		41.7	41700	52.800003	52800	12.100002	12100	""osoba4""
""osoba4""		47.100002	47100	52.800003	52800	6.700001	6700	""osoba4""
""osoba4""		48.300003	48300	52.800003	52800	5.5	5500	""osoba4""
""osoba4""		49.500004	49500	52.800003	52800	4.299999	4299	""osoba4""
""osoba4""		50.100002	50100	52.800003	52800	3.7000008	3700	""osoba4""
""osoba1""		51.300003	51300	79.5	79500	29.199997	29199	""osoba1""
""osoba1""		56.100002	56100	79.5	79500	24.399998	24399	""osoba1""
""osoba1""		57.000004	57000	79.5	79500	23.499996	23499	""osoba1""
""osoba1""		57.9	57900	79.5	79500	22.599998	22599	""osoba1""
""osoba3""		60.000004	60000	60.300003	60300	1.2999992	1299	""osoba3""
""osoba1""		63.300003	63300	79.5	79500	17.199997	17199	""osoba1""
""osoba3""		63.300003	63300	63.600002	63600	1.2999992	1299	""osoba3""
""osoba2""		63.600002	63600	66.0	66000	3.3999977	3399	""osoba2""
""osoba1""		64.8	64800	79.5	79500	15.699997	15699	""osoba1""
""osoba1""		65.700005	65700	79.5	79500	14.799995	14799	""osoba1""
""osoba2""		65.700005	65700	66.0	66000	1.2999954	1299	""osoba2""
""osoba1""		67.8	67800	79.5	79500	12.699997	12699	""osoba1""
""osoba1""		69.3	69300	79.5	79500	11.199997	11199	""osoba1""
""osoba1""		70.5	70500	79.5	79500	10.0	10000	""osoba1""
""osoba1""		71.4	71400	79.5	79500	9.099998	9099	""osoba1""
""osoba1""		72.0	72000	79.5	79500	8.5	8500	""osoba1""
""osoba1""		73.5	73500	79.5	79500	7.0	7000	""osoba1""
""osoba2""		73.8	73800	73.8	73800	1.0	1000	""osoba2""
""osoba1""		74.700005	74700	79.5	79500	5.7999954	5799	""osoba1""
""osoba1""		75.9	75900	79.5	79500	4.5999985	4599	""osoba1""
""osoba2""		77.100006	77100	83.700005	83700	7.5999985	7599	""osoba2""
""osoba1""		77.4	77400	79.5	79500	3.0999985	3099	""osoba1""
""osoba1""		79.5	79500	79.5	79500	1.0	1000	""osoba1""
""osoba2""		79.5	79500	83.700005	83700	5.2000046	5200	""osoba2""
""osoba4""		80.100006	80100	80.4	80400	1.2999954	1299	""osoba4""
""osoba2""		82.200005	82200	83.700005	83700	2.5	2500	""osoba2""
""osoba4""		82.8	82800	111.600006	111600	29.800003	29800	""osoba4""
""osoba2""		83.100006	83100	83.700005	83700	1.5999985	1599	""osoba2""
""osoba1""		84.0	84000	85.5	85500	2.5	2500	""osoba1""
""osoba4""		87.3	87300	111.600006	111600	25.300003	25300	""osoba4""
""osoba4""		88.8	88800	111.600006	111600	23.800003	23800	""osoba4""
""osoba2""		89.100006	89100	89.700005	89700	1.5999985	1599	""osoba2""
""osoba4""		89.4	89400	111.600006	111600	23.200005	23200	""osoba4""
""osoba2""		89.700005	89700	89.700005	89700	1.0	1000	""osoba2""
""osoba4""		90.9	90900	111.600006	111600	21.700005	21700	""osoba4""
""osoba4""		91.8	91800	111.600006	111600	20.800003	20800	""osoba4""
""osoba4""		93.9	93900	111.600006	111600	18.700005	18700	""osoba4""
""osoba4""		95.100006	95100	111.600006	111600	17.5	17500	""osoba4""
""osoba3""		96.9	96900	96.9	96900	1.0	1000	""osoba3""
""osoba4""		96.9	96900	111.600006	111600	15.700005	15700	""osoba4""
""osoba4""		98.4	98400	111.600006	111600	14.200005	14200	""osoba4""
""osoba4""		99.600006	99600	111.600006	111600	13.0	13000	""osoba4""
""osoba4""		101.4	101400	111.600006	111600	11.200005	11200	""osoba4""
""osoba4""		105.9	105900	111.600006	111600	6.7000046	6700	""osoba4""
""osoba4""		108.600006	108600	111.600006	111600	4.0	4000	""osoba4""
""osoba1""		109.200005	109200	114.9	114900	6.699997	6699	""osoba1""
""osoba1""		114.3	114300	114.9	114900	1.5999985	1599	""osoba1""
""osoba3""		115.200005	115200	122.700005	122700	8.5	8500	""osoba3""
""osoba4""		118.200005	118200	118.200005	118200	1.0	1000	""osoba4""
""osoba1""		120.00001	120000	120.00001	120000	1.0	1000	""osoba1""
""osoba4""		121.8	121800	145.8	145800	25.0	25000	""osoba4""
""osoba4""		122.700005	122700	145.8	145800	24.099998	24099	""osoba4""
""osoba4""		124.200005	124200	145.8	145800	22.599998	22599	""osoba4""
""osoba3""		124.8	124800	128.1	128100	4.300003	4300	""osoba3""
""osoba4""		127.8	127800	145.8	145800	19.0	19000	""osoba4""
""osoba4""		131.40001	131400	145.8	145800	15.399994	15399	""osoba4""
""osoba4""		132.3	132300	145.8	145800	14.5	14500	""osoba4""
""osoba4""		133.20001	133200	145.8	145800	13.599991	13599	""osoba4""
""osoba4""		133.8	133800	145.8	145800	13.0	13000	""osoba4""
""osoba4""		134.40001	134400	145.8	145800	12.399994	12399	""osoba4""
""osoba4""		136.5	136500	145.8	145800	10.300003	10300	""osoba4""
""osoba4""		137.40001	137400	145.8	145800	9.399994	9399	""osoba4""
""osoba4""		140.1	140100	145.8	145800	6.699997	6699	""osoba4""
""osoba1""		140.40001	140400	140.40001	140400	1.0	1000	""osoba1""
""osoba4""		141.90001	141900	145.8	145800	4.899994	4899	""osoba4""
""osoba4""		143.40001	143400	145.8	145800	3.399994	3399	""osoba4""
""osoba2""		146.1	146100	147.90001	147900	2.800003	2800	""osoba2""
""osoba2""		147.3	147300	147.90001	147900	1.6000061	1600	""osoba2""
""osoba1""		147.6	147600	152.40001	152400	5.800003	5800	""osoba1""
""osoba1""		149.70001	149700	152.40001	152400	3.699997	3699	""osoba1""
""osoba3""		150.90001	150900	155.40001	155400	5.5	5500	""osoba3""
""osoba3""		154.8	154800	155.40001	155400	1.6000061	1600	""osoba3""
""osoba2""		155.40001	155400	172.5	172500	18.09999	18099	""osoba2""
""osoba2""		156.90001	156900	172.5	172500	16.59999	16599	""osoba2""
""osoba2""		159.6	159600	172.5	172500	13.899994	13899	""osoba2""
""osoba2""		160.5	160500	172.5	172500	13.0	13000	""osoba2""
""osoba2""		161.40001	161400	172.5	172500	12.099991	12099	""osoba2""
""osoba4""		161.40001	161400	162.3	162300	1.8999939	1899	""osoba4""
""osoba2""		168.0	168000	172.5	172500	5.5	5500	""osoba2""
""osoba2""		168.90001	168900	172.5	172500	4.599991	4599	""osoba2""
""osoba1""		169.8	169800	192.90001	192900	24.100006	24100	""osoba1""
""osoba3""		170.1	170100	172.20001	172200	3.100006	3100	""osoba3""
""osoba1""		174.90001	174900	192.90001	192900	19.0	19000	""osoba1""
""osoba1""		175.8	175800	192.90001	192900	18.100006	18100	""osoba1""
""osoba3""		177.3	177300	178.5	178500	2.199997	2199	""osoba3""
""osoba1""		179.40001	179400	192.90001	192900	14.5	14500	""osoba1""
""osoba1""		180.6	180600	192.90001	192900	13.300003	13300	""osoba1""
""osoba4""		185.1	185100	185.1	185100	1.0	1000	""osoba4""
""osoba1""		185.40001	185400	192.90001	192900	8.5	8500	""osoba1""
""osoba1""		187.5	187500	192.90001	192900	6.400009	6400	""osoba1""
""osoba1""		188.70001	188700	192.90001	192900	5.199997	5199	""osoba1""
""osoba1""		192.3	192300	192.90001	192900	1.6000061	1600	""osoba1""
""osoba4""		192.90001	192900	207.6	207600	15.699997	15699	""osoba4""
""osoba4""		195.3	195300	207.6	207600	13.300003	13300	""osoba4""
""osoba4""		196.20001	196200	207.6	207600	12.399994	12399	""osoba4""
""osoba2""		196.50002	196500	197.40001	197400	1.8999939	1899	""osoba2""
""osoba4""		199.20001	199200	207.6	207600	9.399994	9399	""osoba4""
""osoba3""		200.40001	200400	203.40001	203400	4.0	4000	""osoba3""
""osoba4""		200.40001	200400	207.6	207600	8.199997	8199	""osoba4""
""osoba3""		201.3	201300	203.40001	203400	3.100006	3100	""osoba3""
""osoba3""		202.50002	202500	203.40001	203400	1.8999939	1899	""osoba3""
""osoba3""		203.1	203100	203.40001	203400	1.300003	1300	""osoba3""
""osoba4""		203.1	203100	207.6	207600	5.5	5500	""osoba4""
""osoba4""		205.50002	205500	207.6	207600	3.0999908	3099	""osoba4""
""osoba1""		205.8	205800	207.00002	207000	2.2000122	2200	""osoba1""
""osoba4""		206.40001	206400	207.6	207600	2.199997	2199	""osoba4""
""osoba1""		206.70001	206700	207.00002	207000	1.300003	1300	""osoba1""
""osoba4""		207.3	207300	207.6	207600	1.300003	1300	""osoba4""
""osoba3""		208.20001	208200	219.3	219300	12.099991	12099	""osoba3""
""osoba3""		209.70001	209700	219.3	219300	10.599991	10599	""osoba3""
""osoba3""		210.90001	210900	219.3	219300	9.399994	9399	""osoba3""
""osoba3""		212.1	212100	219.3	219300	8.199997	8199	""osoba3""
""osoba3""		214.8	214800	219.3	219300	5.5	5500	""osoba3""
""osoba1""		215.1	215100	215.40001	215400	1.300003	1300	""osoba1""
""osoba3""		216.3	216300	219.3	219300	4.0	4000	""osoba3""
""osoba3""		218.1	218100	219.3	219300	2.199997	2199	""osoba3""
""osoba3""		218.70001	218700	219.3	219300	1.5999908	1599	""osoba3""
""osoba4""		219.00002	219000	232.50002	232500	14.5	14500	""osoba4""
""osoba4""		220.20001	220200	232.50002	232500	13.300003	13300	""osoba4""
""osoba4""		221.40001	221400	232.50002	232500	12.100006	12100	""osoba4""
""osoba4""		222.3	222300	232.50002	232500	11.200012	11200	""osoba4""
""osoba4""		224.1	224100	232.50002	232500	9.400009	9400	""osoba4""
""osoba4""		225.6	225600	232.50002	232500	7.900009	7900	""osoba4""
""osoba3""		229.8	229800	231.3	231300	2.5	2500	""osoba3""
""osoba2""		230.1	230100	237.3	237300	8.199997	8199	""osoba2""
""osoba1""		232.20001	232200	233.40001	233400	2.199997	2199	""osoba1""
""osoba1""		237.3	237300	241.8	241800	5.5	5500	""osoba1""
""osoba3""		237.90001	237900	237.90001	237900	1.0	1000	""osoba3""
""osoba4""		240.90001	240900	247.50002	247500	7.600006	7600	""osoba4""
""osoba4""		242.40001	242400	247.50002	247500	6.100006	6100	""osoba4""
""osoba4""		243.00002	243000	247.50002	247500	5.5	5500	""osoba4""
""osoba1""		244.50002	244500	244.8	244800	1.2999878	1299	""osoba1""
""osoba4""		246.3	246300	247.50002	247500	2.2000122	2200	""osoba4""
""osoba4""		247.20001	247200	247.50002	247500	1.300003	1300	""osoba4""
""osoba1""		247.50002	247500	258.6	258600	12.099991	12099	""osoba1""
""osoba1""		249.6	249600	258.6	258600	10.0	10000	""osoba1""
""osoba1""		250.20001	250200	258.6	258600	9.399994	9399	""osoba1""
""osoba1""		251.70001	251700	258.6	258600	7.899994	7899	""osoba1""
""osoba1""		254.40001	254400	258.6	258600	5.199997	5199	""osoba1""
""osoba2""		255.90001	255900	255.90001	255900	1.0	1000	""osoba2""
""osoba1""		256.5	256500	258.6	258600	3.100006	3100	""osoba1""
""osoba1""		257.1	257100	258.6	258600	2.5	2500	""osoba1""
""osoba3""		257.1	257100	266.7	266700	10.600006	10600	""osoba3""
""osoba1""		258.0	258000	258.6	258600	1.6000061	1600	""osoba1""
""osoba3""		260.40002	260400	266.7	266700	7.299988	7299	""osoba3""
""osoba2""		261.0	261000	261.0	261000	1.0	1000	""osoba2""
""osoba3""		262.5	262500	266.7	266700	5.200012	5200	""osoba3""
""osoba3""		265.5	265500	266.7	266700	2.2000122	2200	""osoba3""
""osoba4""		265.80002	265800	274.2	274200	9.399994	9399	""osoba4""
""osoba4""		268.2	268200	274.2	274200	7.0	7000	""osoba4""
""osoba4""		270.0	270000	274.2	274200	5.200012	5200	""osoba4""
""osoba4""		270.6	270600	274.2	274200	4.600006	4600	""osoba4""
""osoba4""		271.5	271500	274.2	274200	3.7000122	3700	""osoba4""
""osoba3""		272.40002	272400	272.40002	272400	1.0	1000	""osoba3""
""osoba4""		272.40002	272400	274.2	274200	2.7999878	2799	""osoba4""
""osoba4""		273.6	273600	274.2	274200	1.6000061	1600	""osoba4""
""osoba1""		274.5	274500	281.7	281700	8.200012	8200	""osoba1""
""osoba1""		278.1	278100	281.7	281700	4.600006	4600	""osoba1""
""osoba3""		278.7	278700	298.5	298500	20.799988	20799	""osoba3""
""osoba1""		279.0	279000	281.7	281700	3.7000122	3700	""osoba1""
""osoba3""		282.6	282600	298.5	298500	16.899994	16899	""osoba3""
""osoba3""		285.30002	285300	298.5	298500	14.199982	14199	""osoba3""
""osoba3""		285.90002	285900	298.5	298500	13.599976	13599	""osoba3""
""osoba3""		288.0	288000	298.5	298500	11.5	11500	""osoba3""
""osoba2""		295.2	295200	298.5	298500	4.299988	4299	""osoba2""
""osoba1""		297.0	297000	316.80002	316800	20.800018	20800	""osoba1""
""osoba1""		301.5	301500	316.80002	316800	16.300018	16300	""osoba1""
""osoba3""		303.90002	303900	305.7	305700	2.7999878	2799	""osoba3""
""osoba3""		305.1	305100	305.7	305700	1.6000061	1600	""osoba3""
""osoba1""		305.40002	305400	316.80002	316800	12.399994	12399	""osoba1""
""osoba1""		306.30002	306300	316.80002	316800	11.5	11500	""osoba1""
""osoba1""		307.5	307500	316.80002	316800	10.300018	10300	""osoba1""
""osoba2""		311.7	311700	313.2	313200	2.5	2500	""osoba2""
""osoba2""		315.6	315600	327.90002	327900	13.300018	13300	""osoba2""
""osoba2""		317.7	317700	327.90002	327900	11.200012	11200	""osoba2""
""osoba2""		318.6	318600	327.90002	327900	10.300018	10300	""osoba2""
""osoba2""		319.5	319500	327.90002	327900	9.400024	9400	""osoba2""
""osoba4""		319.80002	319800	320.1	320100	1.2999878	1299	""osoba4""
""osoba2""		327.0	327000	327.90002	327900	1.9000244	1900	""osoba2""
""osoba4""		327.0	327000	330.30002	330300	4.3000183	4300	""osoba4""
""osoba1""		327.6	327600	327.6	327600	1.0	1000	""osoba1""
""osoba4""		328.80002	328800	330.30002	330300	2.5	2500	""osoba4""
""osoba3""		330.0	330000	336.0	336000	7.0	7000	""osoba3""
""osoba3""		331.5	331500	336.0	336000	5.5	5500	""osoba3""
""osoba3""		333.90002	333900	336.0	336000	3.0999756	3099	""osoba3""
""osoba4""		336.30002	336300	339.90002	339900	4.600006	4600	""osoba4""
""osoba4""		337.5	337500	339.90002	339900	3.4000244	3400	""osoba4""
""osoba4""		338.40002	338400	339.90002	339900	2.5	2500	""osoba4""
""osoba2""		339.30002	339300	346.2	346200	7.899994	7899	""osoba2""
""osoba2""		344.1	344100	346.2	346200	3.100006	3100	""osoba2""
""osoba4""		345.30002	345300	357.90002	357900	13.600006	13600	""osoba4""
""osoba1""		345.6	345600	345.6	345600	1.0	1000	""osoba1""
""osoba4""		347.40002	347400	357.90002	357900	11.5	11500	""osoba4""
""osoba1""		349.2	349200	349.2	349200	1.0	1000	""osoba1""
""osoba4""		349.5	349500	357.90002	357900	9.400024	9400	""osoba4""
""osoba4""		353.1	353100	357.90002	357900	5.8000183	5800	""osoba4""
""osoba3""		356.7	356700	368.1	368100	12.399994	12399	""osoba3""
""osoba1""		357.6	357600	360.6	360600	4.0	4000	""osoba1""
""osoba2""		359.7	359700	360.90002	360900	2.2000122	2200	""osoba2""
""osoba1""		360.6	360600	360.6	360600	1.0	1000	""osoba1""
""osoba3""		362.40002	362400	368.1	368100	6.6999817	6699	""osoba3""
""osoba1""		365.7	365700	403.2	403200	38.5	38500	""osoba1""
""osoba3""		368.1	368100	368.1	368100	1.0	1000	""osoba3""
""osoba1""		370.2	370200	403.2	403200	34.0	34000	""osoba1""
""osoba1""		375.90002	375900	403.2	403200	28.299988	28299	""osoba1""
""osoba1""		377.1	377100	403.2	403200	27.100006	27100	""osoba1""
""osoba1""		379.5	379500	403.2	403200	24.700012	24700	""osoba1""
""osoba1""		380.7	380700	403.2	403200	23.5	23500	""osoba1""
""osoba1""		382.2	382200	403.2	403200	22.0	22000	""osoba1""
""osoba1""		383.7	383700	403.2	403200	20.5	20500	""osoba1""
""osoba1""		384.6	384600	403.2	403200	19.600006	19600	""osoba1""
""osoba1""		385.2	385200	403.2	403200	19.0	19000	""osoba1""
""osoba1""		386.40002	386400	403.2	403200	17.799988	17799	""osoba1""
""osoba1""		387.30002	387300	403.2	403200	16.899994	16899	""osoba1""
""osoba1""		389.40002	389400	403.2	403200	14.799988	14799	""osoba1""
""osoba3""		390.00003	390000	390.00003	390000	1.0	1000	""osoba3""
""osoba1""		390.30002	390300	403.2	403200	13.899994	13899	""osoba1""
""osoba1""		390.90002	390900	403.2	403200	13.299988	13299	""osoba1""
""osoba1""		394.50003	394500	403.2	403200	9.699982	9699	""osoba1""
""osoba1""		395.7	395700	403.2	403200	8.5	8500	""osoba1""
""osoba1""		397.2	397200	403.2	403200	7.0	7000	""osoba1""
""osoba4""		403.80002	403800	408.6	408600	5.799988	5799	""osoba4""
""osoba3""		404.40002	404400	404.7	404700	1.2999878	1299	""osoba3""
""osoba4""		404.7	404700	408.6	408600	4.899994	4899	""osoba4""
""osoba4""		407.7	407700	408.6	408600	1.8999939	1899	""osoba4""
""osoba1""		408.30002	408300	427.80002	427800	20.5	20500	""osoba1""
""osoba1""		410.40002	410400	427.80002	427800	18.399994	18399	""osoba1""
""osoba4""		412.50003	412500	413.7	413700	2.1999817	2199	""osoba4""
""osoba1""		414.30002	414300	427.80002	427800	14.5	14500	""osoba1""
""osoba1""		420.90002	420900	427.80002	427800	7.899994	7899	""osoba1""
""osoba1""		421.80002	421800	427.80002	427800	7.0	7000	""osoba1""
""osoba1""		423.30002	423300	427.80002	427800	5.5	5500	""osoba1""
""osoba2""		423.90002	423900	426.00003	426000	3.100006	3100	""osoba2""
""osoba2""		424.80002	424800	426.00003	426000	2.2000122	2200	""osoba2""
""osoba4""		426.00003	426000	434.40002	434400	9.399994	9399	""osoba4""
""osoba1""		426.90002	426900	427.80002	427800	1.8999939	1899	""osoba1""
""osoba4""		429.00003	429000	434.40002	434400	6.399994	6399	""osoba4""
""osoba4""		430.50003	430500	434.40002	434400	4.899994	4899	""osoba4""
""osoba2""		432.6	432600	453.00003	453000	21.400024	21400	""osoba2""
""osoba4""		433.80002	433800	434.40002	434400	1.6000061	1600	""osoba4""
""osoba2""		435.6	435600	453.00003	453000	18.400024	18400	""osoba2""
""osoba2""		436.2	436200	453.00003	453000	17.800018	17800	""osoba2""
""osoba2""		438.30002	438300	453.00003	453000	15.700012	15700	""osoba2""
""osoba2""		439.2	439200	453.00003	453000	14.800018	14800	""osoba2""
""osoba2""		442.2	442200	453.00003	453000	11.800018	11800	""osoba2""
""osoba2""		444.00003	444000	453.00003	453000	10.0	10000	""osoba2""
""osoba2""		444.6	444600	453.00003	453000	9.400024	9400	""osoba2""
""osoba3""		445.50003	445500	445.80002	445800	1.2999878	1299	""osoba3""
""osoba2""		446.40002	446400	453.00003	453000	7.600006	7600	""osoba2""
""osoba1""		448.50003	448500	457.80002	457800	10.299988	10299	""osoba1""
""osoba1""		450.6	450600	457.80002	457800	8.200012	8200	""osoba1""
""osoba2""		450.90002	450900	453.00003	453000	3.100006	3100	""osoba2""
""osoba1""		451.2	451200	457.80002	457800	7.600006	7600	""osoba1""
""osoba1""		456.30002	456300	457.80002	457800	2.5	2500	""osoba1""
""osoba3""		456.90002	456900	496.50003	496500	40.600006	40600	""osoba3""
""osoba3""		459.90002	459900	496.50003	496500	37.600006	37600	""osoba3""
""osoba3""		461.7	461700	496.50003	496500	35.80002	35800	""osoba3""
""osoba4""		462.90002	462900	465.30002	465300	3.399994	3399	""osoba4""
""osoba3""		463.80002	463800	496.50003	496500	33.700012	33700	""osoba3""
""osoba3""		464.40002	464400	496.50003	496500	33.100006	33100	""osoba3""
""osoba3""		465.00003	465000	496.50003	496500	32.5	32500	""osoba3""
""osoba4""		465.30002	465300	465.30002	465300	1.0	1000	""osoba4""
""osoba1""		466.2	466200	467.40002	467400	2.2000122	2200	""osoba1""
""osoba1""		473.7	473700	479.1	479100	6.399994	6399	""osoba1""
""osoba3""		479.40002	479400	496.50003	496500	18.100006	18100	""osoba3""
""osoba3""		481.2	481200	496.50003	496500	16.300018	16300	""osoba3""
""osoba2""		482.1	482100	482.40002	482400	1.3000183	1300	""osoba2""
""osoba3""		482.1	482100	496.50003	496500	15.400024	15400	""osoba3""
""osoba3""		484.50003	484500	496.50003	496500	13.0	13000	""osoba3""
""osoba3""		485.1	485100	496.50003	496500	12.400024	12400	""osoba3""
""osoba3""		486.00003	486000	496.50003	496500	11.5	11500	""osoba3""
""osoba3""		488.7	488700	496.50003	496500	8.800018	8800	""osoba3""
""osoba3""		491.1	491100	496.50003	496500	6.4000244	6400	""osoba3""
""osoba1""		492.00003	492000	524.7	524700	33.69998	33699	""osoba1""
""osoba3""		492.30002	492300	496.50003	496500	5.200012	5200	""osoba3""
""osoba3""		493.2	493200	496.50003	496500	4.3000183	4300	""osoba3""
""osoba1""		493.80002	493800	524.7	524700	31.899994	31899	""osoba1""
""osoba3""		493.80002	493800	496.50003	496500	3.7000122	3700	""osoba3""
""osoba2""		495.00003	495000	498.90002	498900	4.899994	4899	""osoba2""
""osoba2""		497.40002	497400	498.90002	498900	2.5	2500	""osoba2""
""osoba1""		497.7	497700	524.7	524700	28.0	28000	""osoba1""
""osoba1""		501.6	501600	524.7	524700	24.100006	24100	""osoba1""
""osoba2""		503.1	503100	507.00003	507000	4.9000244	4900	""osoba2""
""osoba1""		505.2	505200	524.7	524700	20.5	20500	""osoba1""
""osoba1""		506.1	506100	524.7	524700	19.600006	19600	""osoba1""
""osoba2""		506.40002	506400	507.00003	507000	1.6000061	1600	""osoba2""
""osoba1""		507.00003	507000	524.7	524700	18.699982	18699	""osoba1""
""osoba1""		507.6	507600	524.7	524700	18.100006	18100	""osoba1""
""osoba4""		508.80002	508800	510.30002	510300	2.5	2500	""osoba4""
""osoba1""		511.2	511200	524.7	524700	14.5	14500	""osoba1""
""osoba1""		514.5	514500	524.7	524700	11.200012	11200	""osoba1""
""osoba1""		515.10004	515100	524.7	524700	10.599976	10599	""osoba1""
""osoba1""		520.80005	520800	524.7	524700	4.8999634	4899	""osoba1""
""osoba1""		521.4	521400	524.7	524700	4.299988	4299	""osoba1""
""osoba1""		522.60004	522600	524.7	524700	3.0999756	3099	""osoba1""
""osoba2""		522.60004	522600	522.60004	522600	1.0	1000	""osoba2""
""osoba4""		524.4	524400	534.9	534900	11.5	11500	""osoba4""
""osoba4""		526.80005	526800	534.9	534900	9.099976	9099	""osoba4""
""osoba4""		527.4	527400	534.9	534900	8.5	8500	""osoba4""
""osoba1""		534.9	534900	540.30005	540300	6.4000244	6400	""osoba1""
""osoba3""		535.2	535200	535.80005	535800	1.6000366	1600	""osoba3""
""osoba1""		538.5	538500	540.30005	540300	2.8000488	2800	""osoba1""
""osoba4""		539.7	539700	555.60004	555600	16.900024	16900	""osoba4""
""osoba1""		540.30005	540300	540.30005	540300	1.0	1000	""osoba1""
""osoba4""		541.2	541200	555.60004	555600	15.400024	15400	""osoba4""
""osoba1""		542.4	542400	545.7	545700	4.299988	4299	""osoba1""
""osoba4""		543.60004	543600	555.60004	555600	13.0	13000	""osoba4""
""osoba1""		543.9	543900	545.7	545700	2.7999878	2799	""osoba1""
""osoba4""		544.80005	544800	555.60004	555600	11.799988	11799	""osoba4""
""osoba1""		545.4	545400	545.7	545700	1.2999878	1299	""osoba1""
""osoba4""		547.5	547500	555.60004	555600	9.100037	9100	""osoba4""
""osoba4""		551.4	551400	555.60004	555600	5.200012	5200	""osoba4""
""osoba4""		552.30005	552300	555.60004	555600	4.299988	4299	""osoba4""
""osoba4""		553.2	553200	555.60004	555600	3.4000244	3400	""osoba4""
""osoba4""		554.7	554700	555.60004	555600	1.9000244	1900	""osoba4""
""osoba1""		555.9	555900	586.2	586200	31.299988	31299	""osoba1""
""osoba1""		558.30005	558300	586.2	586200	28.899963	28899	""osoba1""
""osoba1""		559.2	559200	586.2	586200	28.0	28000	""osoba1""
""osoba1""		561.60004	561600	586.2	586200	25.599976	25599	""osoba1""
""osoba3""		562.2	562200	562.2	562200	1.0	1000	""osoba3""
""osoba1""		562.80005	562800	586.2	586200	24.399963	24399	""osoba1""
""osoba2""		562.80005	562800	563.10004	563100	1.2999878	1299	""osoba2""
""osoba1""		563.7	563700	586.2	586200	23.5	23500	""osoba1""
""osoba1""		564.9	564900	586.2	586200	22.299988	22299	""osoba1""
""osoba2""		568.80005	568800	570.9	570900	3.0999756	3099	""osoba2""
""osoba1""		570.0	570000	586.2	586200	17.200012	17200	""osoba1""
""osoba2""		570.0	570000	570.9	570900	1.9000244	1900	""osoba2""
""osoba1""		573.0	573000	586.2	586200	14.200012	14200	""osoba1""
""osoba1""		573.9	573900	586.2	586200	13.299988	13299	""osoba1""
""osoba3""		573.9	573900	574.5	574500	1.5999756	1599	""osoba3""
""osoba1""		575.4	575400	586.2	586200	11.799988	11799	""osoba1""
""osoba1""		576.0	576000	586.2	586200	11.200012	11200	""osoba1""
""osoba4""		577.5	577500	578.7	578700	2.2000122	2200	""osoba4""
""osoba1""		578.10004	578100	586.2	586200	9.099976	9099	""osoba1""
""osoba1""		580.2	580200	586.2	586200	7.0	7000	""osoba1""
""osoba3""		583.2	583200	583.2	583200	1.0	1000	""osoba3""
""osoba1""		584.4	584400	586.2	586200	2.7999878	2799	""osoba1""
""osoba1""		585.0	585000	586.2	586200	2.2000122	2200	""osoba1""
""osoba4""		585.30005	585300	589.2	589200	4.8999634	4899	""osoba4""
""osoba3""		586.5	586500	586.5	586500	1.0	1000	""osoba3""
""osoba4""		587.4	587400	589.2	589200	2.7999878	2799	""osoba4""
""osoba4""		588.0	588000	589.2	589200	2.2000122	2200	""osoba4""
""osoba1""		588.9	588900	599.10004	599100	11.200012	11200	""osoba1""
""osoba1""		593.10004	593100	599.10004	599100	7.0	7000	""osoba1""
""osoba1""		597.0	597000	599.10004	599100	3.1000366	3100	""osoba1""
""osoba1""		598.2	598200	599.10004	599100	1.9000244	1900	""osoba1""
""osoba4""		598.5	598500	607.80005	607800	10.300049	10300	""osoba4""
""osoba4""		602.4	602400	607.80005	607800	6.4000244	6400	""osoba4""
""osoba4""		604.2	604200	607.80005	607800	4.6000366	4600	""osoba4""
""osoba3""		605.4	605400	612.60004	612600	8.200012	8200	""osoba3""
""osoba2""		605.7	605700	607.80005	607800	3.1000366	3100	""osoba2""
""osoba3""		606.60004	606600	612.60004	612600	7.0	7000	""osoba3""
""osoba4""		606.9	606900	607.80005	607800	1.9000244	1900	""osoba4""
""osoba3""		609.9	609900	612.60004	612600	3.7000122	3700	""osoba3""
""osoba2""		611.10004	611100	612.30005	612300	2.2000122	2200	""osoba2""
""osoba2""		612.30005	612300	612.30005	612300	1.0	1000	""osoba2""
""osoba3""		612.60004	612600	612.60004	612600	1.0	1000	""osoba3""
""osoba1""		612.9	612900	617.7	617700	5.799988	5799	""osoba1""
""osoba4""		616.5	616500	629.10004	629100	13.600037	13600	""osoba4""
""osoba4""		620.10004	620100	629.10004	629100	10.0	10000	""osoba4""
""osoba4""		620.7	620700	629.10004	629100	9.400024	9400	""osoba4""
""osoba4""		621.30005	621300	629.10004	629100	8.799988	8799	""osoba4""
""osoba4""		622.2	622200	629.10004	629100	7.9000244	7900	""osoba4""
""osoba4""		626.4	626400	629.10004	629100	3.7000122	3700	""osoba4""
""osoba4""		627.9	627900	629.10004	629100	2.2000122	2200	""osoba4""
""osoba1""		628.2	628200	638.10004	638100	10.900024	10900	""osoba1""
""osoba1""		630.0	630000	638.10004	638100	9.100037	9100	""osoba1""
""osoba1""		631.80005	631800	638.10004	638100	7.299988	7299	""osoba1""
""osoba1""		632.7	632700	638.10004	638100	6.4000244	6400	""osoba1""
""osoba3""		633.30005	633300	633.60004	633600	1.2999878	1299	""osoba3""
""osoba1""		635.10004	635100	638.10004	638100	4.0	4000	""osoba1""
""osoba1""		636.0	636000	638.10004	638100	3.1000366	3100	""osoba1""
""osoba1""		637.2	637200	638.10004	638100	1.9000244	1900	""osoba1""
""osoba2""		638.10004	638100	671.7	671700	34.599976	34599	""osoba2""
""osoba2""		640.2	640200	671.7	671700	32.5	32500	""osoba2""
""osoba2""		641.4	641400	671.7	671700	31.299988	31299	""osoba2""
""osoba3""		641.7	641700	641.7	641700	1.0	1000	""osoba3""
""osoba2""		642.30005	642300	671.7	671700	30.399963	30399	""osoba2""
""osoba2""		643.2	643200	671.7	671700	29.5	29500	""osoba2""
""osoba2""		644.7	644700	671.7	671700	28.0	28000	""osoba2""
""osoba2""		646.5	646500	671.7	671700	26.200012	26200	""osoba2""
""osoba2""		650.10004	650100	671.7	671700	22.599976	22599	""osoba2""
""osoba2""		653.4	653400	671.7	671700	19.299988	19299	""osoba2""
""osoba2""		654.0	654000	671.7	671700	18.700012	18700	""osoba2""
""osoba2""		654.60004	654600	671.7	671700	18.099976	18099	""osoba2""
""osoba2""		655.2	655200	671.7	671700	17.5	17500	""osoba2""
""osoba2""		655.80005	655800	671.7	671700	16.899963	16899	""osoba2""
""osoba2""		656.4	656400	671.7	671700	16.299988	16299	""osoba2""
""osoba4""		656.7	656700	657.0	657000	1.2999878	1299	""osoba4""
""osoba2""		657.60004	657600	671.7	671700	15.099976	15099	""osoba2""
""osoba2""		658.5	658500	671.7	671700	14.200012	14200	""osoba2""
""osoba1""		661.80005	661800	662.7	662700	1.8999634	1899	""osoba1""
""osoba2""		667.80005	667800	671.7	671700	4.8999634	4899	""osoba2""
""osoba2""		668.7	668700	671.7	671700	4.0	4000	""osoba2""
""osoba3""		671.10004	671100	686.10004	686100	16.0	16000	""osoba3""
""osoba2""		671.4	671400	671.7	671700	1.2999878	1299	""osoba2""
""osoba1""		672.30005	672300	672.30005	672300	1.0	1000	""osoba1""
""osoba3""		672.30005	672300	686.10004	686100	14.799988	14799	""osoba3""
""osoba3""		674.7	674700	686.10004	686100	12.400024	12400	""osoba3""
""osoba4""		675.0	675000	683.4	683400	9.400024	9400	""osoba4""
""osoba1""		676.2	676200	676.2	676200	1.0	1000	""osoba1""
""osoba3""		679.5	679500	686.10004	686100	7.6000366	7600	""osoba3""
""osoba4""		680.10004	680100	683.4	683400	4.299988	4299	""osoba4""
""osoba3""		681.9	681900	686.10004	686100	5.200012	5200	""osoba3""
""osoba1""		682.5	682500	708.60004	708600	27.100037	27100	""osoba1""
""osoba3""		686.10004	686100	686.10004	686100	1.0	1000	""osoba3""
""osoba1""		686.4	686400	708.60004	708600	23.200012	23200	""osoba1""
""osoba1""		689.10004	689100	708.60004	708600	20.5	20500	""osoba1""
""osoba1""		691.80005	691800	708.60004	708600	17.799988	17799	""osoba1""
""osoba1""		693.60004	693600	708.60004	708600	16.0	16000	""osoba1""
""osoba4""		694.5	694500	697.5	697500	4.0	4000	""osoba4""
""osoba1""		694.80005	694800	708.60004	708600	14.799988	14799	""osoba1""
""osoba1""		696.9	696900	708.60004	708600	12.700012	12700	""osoba1""
""osoba4""		696.9	696900	697.5	697500	1.5999756	1599	""osoba4""
""osoba1""		699.30005	699300	708.60004	708600	10.299988	10299	""osoba1""
""osoba2""		699.30005	699300	699.60004	699600	1.2999878	1299	""osoba2""
""osoba4""		702.30005	702300	702.30005	702300	1.0	1000	""osoba4""
""osoba1""		703.2	703200	708.60004	708600	6.4000244	6400	""osoba1""
""osoba1""		704.7	704700	708.60004	708600	4.9000244	4900	""osoba1""
""osoba2""		705.60004	705600	732.0	732000	27.399963	27399	""osoba2""
""osoba1""		706.5	706500	708.60004	708600	3.1000366	3100	""osoba1""
""osoba2""		708.9	708900	732.0	732000	24.099976	24099	""osoba2""
""osoba2""		710.10004	710100	732.0	732000	22.899963	22899	""osoba2""
""osoba2""		711.0	711000	732.0	732000	22.0	22000	""osoba2""
""osoba2""		713.10004	713100	732.0	732000	19.899963	19899	""osoba2""
""osoba2""		714.0	714000	732.0	732000	19.0	19000	""osoba2""
""osoba2""		716.4	716400	732.0	732000	16.599976	16599	""osoba2""
""osoba2""		717.0	717000	732.0	732000	16.0	16000	""osoba2""
""osoba2""		717.9	717900	732.0	732000	15.099976	15099	""osoba2""
""osoba2""		720.30005	720300	732.0	732000	12.699951	12699	""osoba2""
""osoba2""		720.9	720900	732.0	732000	12.099976	12099	""osoba2""
""osoba4""		720.9	720900	721.5	721500	1.5999756	1599	""osoba4""
""osoba2""		724.2	724200	732.0	732000	8.799988	8799	""osoba2""
""osoba1""		730.2	730200	734.4	734400	5.200012	5200	""osoba1""
""osoba2""		730.2	730200	732.0	732000	2.7999878	2799	""osoba2""
""osoba3""		732.30005	732300	732.60004	732600	1.2999878	1299	""osoba3""
""osoba4""		732.60004	732600	737.7	737700	6.0999756	6099	""osoba4""
""osoba4""		736.2	736200	737.7	737700	2.5	2500	""osoba4""
""osoba4""		737.7	737700	737.7	737700	1.0	1000	""osoba4""
""osoba2""		738.0	738000	738.60004	738600	1.6000366	1600	""osoba2""
""osoba3""		738.60004	738600	780.00006	780000	42.400024	42400	""osoba3""
""osoba3""		739.5	739500	780.00006	780000	41.50006	41500	""osoba3""
""osoba3""		741.60004	741600	780.00006	780000	39.400024	39400	""osoba3""
""osoba3""		742.2	742200	780.00006	780000	38.80005	38800	""osoba3""
""osoba1""		744.60004	744600	747.30005	747300	3.7000122	3700	""osoba1""
""osoba3""		744.60004	744600	780.00006	780000	36.400024	36400	""osoba3""
""osoba3""		745.5	745500	780.00006	780000	35.50006	35500	""osoba3""
""osoba1""		745.80005	745800	747.30005	747300	2.5	2500	""osoba1""
""osoba3""		746.10004	746100	780.00006	780000	34.900024	34900	""osoba3""
""osoba1""		746.7	746700	747.30005	747300	1.6000366	1600	""osoba1""
""osoba3""		748.80005	748800	780.00006	780000	32.200012	32200	""osoba3""
""osoba3""		749.4	749400	780.00006	780000	31.600037	31600	""osoba3""
""osoba1""		750.30005	750300	751.2	751200	1.8999634	1899	""osoba1""
""osoba2""		750.30005	750300	750.9	750900	1.5999756	1599	""osoba2""
""osoba3""		752.4	752400	780.00006	780000	28.600037	28600	""osoba3""
""osoba3""		754.5	754500	780.00006	780000	26.500061	26500	""osoba3""
""osoba3""		755.4	755400	780.00006	780000	25.600037	25600	""osoba3""
""osoba3""		756.0	756000	780.00006	780000	25.000061	25000	""osoba3""
""osoba3""		757.80005	757800	780.00006	780000	23.200012	23200	""osoba3""
""osoba1""		758.4	758400	758.4	758400	1.0	1000	""osoba1""
""osoba2""		758.7	758700	758.7	758700	1.0	1000	""osoba2""
""osoba3""		759.0	759000	780.00006	780000	22.000061	22000	""osoba3""
""osoba3""		762.30005	762300	780.00006	780000	18.700012	18700	""osoba3""
""osoba3""		766.80005	766800	780.00006	780000	14.200012	14200	""osoba3""
""osoba3""		767.4	767400	780.00006	780000	13.600037	13600	""osoba3""
""osoba3""		769.50006	769500	780.00006	780000	11.5	11500	""osoba3""
""osoba4""		770.10004	770100	770.10004	770100	1.0	1000	""osoba4""
""osoba3""		770.7	770700	780.00006	780000	10.300049	10300	""osoba3""
""osoba3""		777.9	777900	780.00006	780000	3.1000366	3100	""osoba3""
""osoba1""		778.2	778200	805.50006	805500	28.300049	28300	""osoba1""
""osoba3""		779.4	779400	780.00006	780000	1.6000366	1600	""osoba3""
""osoba1""		780.30005	780300	805.50006	805500	26.200012	26200	""osoba1""
""osoba1""		780.9	780900	805.50006	805500	25.600037	25600	""osoba1""
""osoba1""		782.4	782400	805.50006	805500	24.100037	24100	""osoba1""
""osoba1""		784.80005	784800	805.50006	805500	21.700012	21700	""osoba1""
""osoba2""		785.4	785400	786.30005	786300	1.9000244	1900	""osoba2""
""osoba1""		790.2	790200	805.50006	805500	16.300049	16300	""osoba1""
""osoba1""		791.10004	791100	805.50006	805500	15.400024	15400	""osoba1""
""osoba1""		792.30005	792300	805.50006	805500	14.200012	14200	""osoba1""
""osoba1""		793.2	793200	805.50006	805500	13.300049	13300	""osoba1""
""osoba1""		793.80005	793800	805.50006	805500	12.700012	12700	""osoba1""
""osoba3""		797.10004	797100	801.30005	801300	5.200012	5200	""osoba3""
""osoba1""		800.10004	800100	805.50006	805500	6.4000244	6400	""osoba1""
""osoba1""		801.9	801900	805.50006	805500	4.6000366	4600	""osoba1""
""osoba1""		804.9	804900	805.50006	805500	1.6000366	1600	""osoba1""
""osoba3""		805.50006	805500	816.30005	816300	11.799988	11799	""osoba3""
""osoba3""		807.30005	807300	816.30005	816300	10.0	10000	""osoba3""
""osoba3""		808.2	808200	816.30005	816300	9.100037	9100	""osoba3""
""osoba3""		810.9	810900	816.30005	816300	6.4000244	6400	""osoba3""
""osoba3""		814.50006	814500	816.30005	816300	2.7999878	2799	""osoba3""
""osoba3""		815.4	815400	816.30005	816300	1.9000244	1900	""osoba3""
""osoba1""		815.7	815700	842.7	842700	28.0	28000	""osoba1""
""osoba4""		816.60004	816600	817.50006	817500	1.9000244	1900	""osoba4""
""osoba1""		818.4	818400	842.7	842700	25.299988	25299	""osoba1""
""osoba1""		821.7	821700	842.7	842700	22.0	22000	""osoba1""
""osoba1""		822.30005	822300	842.7	842700	21.399963	21399	""osoba1""
""osoba1""		823.50006	823500	842.7	842700	20.199951	20199	""osoba1""
""osoba1""		824.10004	824100	842.7	842700	19.599976	19599	""osoba1""
""osoba1""		824.7	824700	842.7	842700	19.0	19000	""osoba1""
""osoba1""		826.2	826200	842.7	842700	17.5	17500	""osoba1""
""osoba1""		828.9	828900	842.7	842700	14.799988	14799	""osoba1""
""osoba2""		831.30005	831300	831.30005	831300	1.0	1000	""osoba2""
""osoba1""		831.60004	831600	842.7	842700	12.099976	12099	""osoba1""
""osoba1""		834.30005	834300	842.7	842700	9.399963	9399	""osoba1""
""osoba1""		836.4	836400	842.7	842700	7.299988	7299	""osoba1""
""osoba1""		837.30005	837300	842.7	842700	6.3999634	6399	""osoba1""
""osoba1""		838.50006	838500	842.7	842700	5.199951	5199	""osoba1""
""osoba1""		839.10004	839100	842.7	842700	4.5999756	4599	""osoba1""
""osoba1""		841.50006	841500	842.7	842700	2.1999512	2199	""osoba1""
""osoba2""		841.80005	841800	852.60004	852600	11.799988	11799	""osoba2""
""osoba2""		843.60004	843600	852.60004	852600	10.0	10000	""osoba2""
""osoba2""		844.2	844200	852.60004	852600	9.400024	9400	""osoba2""
""osoba2""		845.7	845700	852.60004	852600	7.9000244	7900	""osoba2""
""osoba1""		851.4	851400	860.4	860400	10.0	10000	""osoba1""
""osoba1""		853.80005	853800	860.4	860400	7.5999756	7599	""osoba1""
""osoba1""		854.7	854700	860.4	860400	6.700012	6700	""osoba1""
""osoba1""		855.30005	855300	860.4	860400	6.0999756	6099	""osoba1""
""osoba1""		858.60004	858600	860.4	860400	2.7999878	2799	""osoba1""
""osoba1""		860.4	860400	860.4	860400	1.0	1000	""osoba1""
""osoba2""		860.4	860400	865.50006	865500	6.1000366	6100	""osoba2""
""osoba2""		862.2	862200	865.50006	865500	4.300049	4300	""osoba2""
""osoba2""		864.00006	864000	865.50006	865500	2.5	2500	""osoba2""
""osoba1""		865.50006	865500	893.4	893400	28.899963	28899	""osoba1""
""osoba1""		866.4	866400	893.4	893400	28.0	28000	""osoba1""
""osoba1""		867.00006	867000	893.4	893400	27.399963	27399	""osoba1""
""osoba1""		867.60004	867600	893.4	893400	26.799988	26799	""osoba1""
""osoba1""		868.2	868200	893.4	893400	26.200012	26200	""osoba1""
""osoba4""		869.10004	869100	869.10004	869100	1.0	1000	""osoba4""
""osoba1""		869.7	869700	893.4	893400	24.700012	24700	""osoba1""
""osoba1""		870.60004	870600	893.4	893400	23.799988	23799	""osoba1""
""osoba1""		872.7	872700	893.4	893400	21.700012	21700	""osoba1""
""osoba1""		875.10004	875100	893.4	893400	19.299988	19299	""osoba1""
""osoba3""		877.80005	877800	879.9	879900	3.0999756	3099	""osoba3""
""osoba2""		878.4	878400	878.4	878400	1.0	1000	""osoba2""
""osoba1""		878.7	878700	893.4	893400	15.700012	15700	""osoba1""
""osoba1""		882.30005	882300	893.4	893400	12.099976	12099	""osoba1""
""osoba2""		884.10004	884100	884.7	884700	1.5999756	1599	""osoba2""
""osoba3""		884.4	884400	884.7	884700	1.2999878	1299	""osoba3""
""osoba1""		886.2	886200	893.4	893400	8.200012	8200	""osoba1""
""osoba4""		887.7	887700	887.7	887700	1.0	1000	""osoba4""
""osoba1""		890.7	890700	893.4	893400	3.7000122	3700	""osoba1""
""osoba1""		891.9	891900	893.4	893400	2.5	2500	""osoba1""
""osoba2""		893.7	893700	897.60004	897600	4.9000244	4900	""osoba2""
""osoba2""		896.7	896700	897.60004	897600	1.9000244	1900	""osoba2""
""osoba2""		897.30005	897300	897.60004	897600	1.2999878	1299	""osoba2""
""osoba4""		897.60004	897600	913.80005	913800	17.200012	17200	""osoba4""
""osoba1""		898.50006	898500	899.4	899400	1.8999634	1899	""osoba1""
""osoba2""		899.7	899700	901.2	901200	2.5	2500	""osoba2""
""osoba4""		904.2	904200	913.80005	913800	10.600037	10600	""osoba4""
""osoba4""		907.2	907200	913.80005	913800	7.6000366	7600	""osoba4""
""osoba1""		908.10004	908100	908.10004	908100	1.0	1000	""osoba1""
""osoba4""		908.7	908700	913.80005	913800	6.1000366	6100	""osoba4""
""osoba4""		909.30005	909300	913.80005	913800	5.5	5500	""osoba4""
""osoba4""		909.9	909900	913.80005	913800	4.9000244	4900	""osoba4""
""osoba4""		910.80005	910800	913.80005	913800	4.0	4000	""osoba4""
""osoba4""		911.4	911400	913.80005	913800	3.4000244	3400	""osoba4""
""osoba2""		913.50006	913500	915.9	915900	3.3999634	3399	""osoba2""
""osoba2""		915.00006	915000	915.9	915900	1.8999634	1899	""osoba2""
""osoba4""		915.9	915900	929.7	929700	14.799988	14799	""osoba4""
""osoba4""		918.30005	918300	929.7	929700	12.399963	12399	""osoba4""
""osoba4""		919.2	919200	929.7	929700	11.5	11500	""osoba4""
""osoba4""		920.10004	920100	929.7	929700	10.599976	10599	""osoba4""
""osoba4""		920.7	920700	929.7	929700	10.0	10000	""osoba4""
""osoba4""		923.7	923700	929.7	929700	7.0	7000	""osoba4""
""osoba4""		926.10004	926100	929.7	929700	4.5999756	4599	""osoba4""
""osoba4""		927.30005	927300	929.7	929700	3.3999634	3399	""osoba4""
""osoba1""		927.9	927900	942.00006	942000	15.100037	15100	""osoba1""
""osoba4""		929.7	929700	929.7	929700	1.0	1000	""osoba4""
""osoba1""		933.30005	933300	942.00006	942000	9.700012	9700	""osoba1""
""osoba1""		934.50006	934500	942.00006	942000	8.5	8500	""osoba1""
""osoba1""		941.10004	941100	942.00006	942000	1.9000244	1900	""osoba1""
""osoba3""		942.00006	942000	950.10004	950100	9.099976	9099	""osoba3""
""osoba4""		942.00006	942000	943.50006	943500	2.5	2500	""osoba4""
""osoba3""		946.2	946200	950.10004	950100	4.9000244	4900	""osoba3""
""osoba3""		947.7	947700	950.10004	950100	3.4000244	3400	""osoba3""
""osoba3""		949.2	949200	950.10004	950100	1.9000244	1900	""osoba3""
""osoba1""		950.4	950400	953.10004	953100	3.7000122	3700	""osoba1""
""osoba1""		951.60004	951600	953.10004	953100	2.5	2500	""osoba1""
""osoba3""		952.2	952200	957.30005	957300	6.1000366	6100	""osoba3""
""osoba3""		954.30005	954300	957.30005	957300	4.0	4000	""osoba3""
""osoba3""		954.9	954900	957.30005	957300	3.4000244	3400	""osoba3""
""osoba3""		957.00006	957000	957.30005	957300	1.2999878	1299	""osoba3""
""osoba1""		957.30005	957300	972.60004	972600	16.299988	16299	""osoba1""
""osoba1""		960.30005	960300	972.60004	972600	13.299988	13299	""osoba1""
""osoba1""		961.80005	961800	972.60004	972600	11.799988	11799	""osoba1""
""osoba1""		964.2	964200	972.60004	972600	9.400024	9400	""osoba1""
""osoba1""		966.60004	966600	972.60004	972600	7.0	7000	""osoba1""
""osoba4""		967.80005	967800	976.50006	976500	9.700012	9700	""osoba4""
""osoba4""		973.80005	973800	976.50006	976500	3.7000122	3700	""osoba4""
""osoba4""		974.7	974700	976.50006	976500	2.8000488	2800	""osoba4""
""osoba1""		976.2	976200	1017.60004	1017600	42.400024	42400	""osoba1""
""osoba1""		978.30005	978300	1017.60004	1017600	40.299988	40299	""osoba1""
""osoba1""		979.2	979200	1017.60004	1017600	39.400024	39400	""osoba1""
""osoba1""		981.60004	981600	1017.60004	1017600	37.0	37000	""osoba1""
""osoba1""		983.10004	983100	1017.60004	1017600	35.5	35500	""osoba1""
""osoba1""		984.60004	984600	1017.60004	1017600	34.0	34000	""osoba1""
""osoba1""		985.80005	985800	1017.60004	1017600	32.799988	32799	""osoba1""
""osoba1""		989.7	989700	1017.60004	1017600	28.900024	28900	""osoba1""
""osoba1""		990.9	990900	1017.60004	1017600	27.700012	27700	""osoba1""
""osoba1""		992.4	992400	1017.60004	1017600	26.200012	26200	""osoba1""
""osoba2""		992.4	992400	994.2	994200	2.7999878	2799	""osoba2""
""osoba1""		995.7	995700	1017.60004	1017600	22.900024	22900	""osoba1""
""osoba1""		998.10004	998100	1017.60004	1017600	20.5	20500	""osoba1""
""osoba1""		999.30005	999300	1017.60004	1017600	19.299988	19299	""osoba1""
""osoba1""		1000.50006	1000500	1017.60004	1017600	18.099976	18099	""osoba1""
""osoba1""		1001.10004	1001100	1017.60004	1017600	17.5	17500	""osoba1""
""osoba1""		1003.2	1003200	1017.60004	1017600	15.400024	15400	""osoba1""
""osoba1""		1006.50006	1006500	1017.60004	1017600	12.099976	12099	""osoba1""
""osoba1""		1007.4	1007400	1017.60004	1017600	11.200012	11200	""osoba1""
""osoba1""		1008.30005	1008300	1017.60004	1017600	10.299988	10299	""osoba1""
""osoba1""		1009.2	1009200	1017.60004	1017600	9.400024	9400	""osoba1""
""osoba1""		1009.80005	1009800	1017.60004	1017600	8.799988	8799	""osoba1""
""osoba1""		1014.9	1014900	1017.60004	1017600	3.7000122	3700	""osoba1""
""osoba1""		1016.10004	1016100	1017.60004	1017600	2.5	2500	""osoba1""
""osoba3""		1016.10004	1016100	1024.8	1024800	9.700012	9700	""osoba3""
""osoba1""		1017.00006	1017000	1017.60004	1017600	1.5999756	1599	""osoba1""
""osoba3""		1019.4	1019400	1024.8	1024800	6.4000244	6400	""osoba3""
""osoba3""		1020.00006	1020000	1024.8	1024800	5.799988	5799	""osoba3""
""osoba3""		1023.00006	1023000	1024.8	1024800	2.7999878	2799	""osoba3""
""osoba3""		1023.60004	1023600	1024.8	1024800	2.2000122	2200	""osoba3""
""osoba1""		1025.1001	1025100	1040.7001	1040700	16.599976	16599	""osoba1""
""osoba1""		1026.0	1026000	1040.7001	1040700	15.700073	15700	""osoba1""
""osoba1""		1027.5	1027500	1040.7001	1040700	14.200073	14200	""osoba1""
""osoba1""		1029.9	1029900	1040.7001	1040700	11.800049	11800	""osoba1""
""osoba1""		1034.1001	1034100	1040.7001	1040700	7.5999756	7599	""osoba1""
""osoba3""		1034.1001	1034100	1042.5	1042500	9.399902	9399	""osoba3""
""osoba1""		1036.8	1036800	1040.7001	1040700	4.9000244	4900	""osoba1""
""osoba3""		1036.8	1036800	1042.5	1042500	6.699951	6699	""osoba3""
""osoba1""		1037.7001	1037700	1040.7001	1040700	4.0	4000	""osoba1""
""osoba1""		1039.8	1039800	1040.7001	1040700	1.9000244	1900	""osoba1""
""osoba3""		1039.8	1039800	1042.5	1042500	3.6999512	3699	""osoba3""
""osoba4""		1043.1001	1043100	1043.7001	1043700	1.5999756	1599	""osoba4""
""osoba1""		1044.0	1044000	1054.8	1054800	11.800049	11800	""osoba1""
""osoba1""		1044.9	1044900	1054.8	1054800	10.900024	10900	""osoba1""
""osoba3""		1049.4	1049400	1050.9	1050900	2.5	2500	""osoba3""
""osoba1""		1049.7001	1049700	1054.8	1054800	6.0999756	6099	""osoba1""
""osoba1""		1053.6001	1053600	1054.8	1054800	2.1999512	2199	""osoba1""
""osoba4""		1053.9	1053900	1055.4	1055400	2.5	2500	""osoba4""
""osoba3""		1055.1001	1055100	1083.3	1083300	29.199951	29199	""osoba3""
""osoba3""		1056.3	1056300	1083.3	1083300	28.0	28000	""osoba3""
""osoba3""		1056.9	1056900	1083.3	1083300	27.400024	27400	""osoba3""
""osoba2""		1057.5	1057500	1060.2001	1060200	3.7000732	3700	""osoba2""
""osoba3""		1062.6001	1062600	1083.3	1083300	21.699951	21699	""osoba3""
""osoba3""		1065.0	1065000	1083.3	1083300	19.300049	19300	""osoba3""
""osoba3""		1065.6001	1065600	1083.3	1083300	18.699951	18699	""osoba3""
""osoba1""		1066.8	1066800	1067.4	1067400	1.5999756	1599	""osoba1""
""osoba3""		1066.8	1066800	1083.3	1083300	17.5	17500	""osoba3""
""osoba3""		1069.5	1069500	1083.3	1083300	14.800049	14800	""osoba3""
""osoba3""		1072.2001	1072200	1083.3	1083300	12.099976	12099	""osoba3""
""osoba3""		1074.9	1074900	1083.3	1083300	9.400024	9400	""osoba3""
""osoba3""		1078.2001	1078200	1083.3	1083300	6.0999756	6099	""osoba3""
""osoba3""		1080.0	1080000	1083.3	1083300	4.300049	4300	""osoba3""
""osoba4""		1081.8	1081800	1083.9	1083900	3.0999756	3099	""osoba4""
""osoba2""		1084.8	1084800	1110.3	1110300	26.5	26500	""osoba2""
""osoba1""		1085.1001	1085100	1085.7001	1085700	1.5999756	1599	""osoba1""
""osoba2""		1090.5	1090500	1110.3	1110300	20.800049	20800	""osoba2""
""osoba2""		1092.3	1092300	1110.3	1110300	19.0	19000	""osoba2""
""osoba2""		1093.5	1093500	1110.3	1110300	17.800049	17800	""osoba2""
""osoba2""		1095.3	1095300	1110.3	1110300	16.0	16000	""osoba2""
""osoba2""		1096.8	1096800	1110.3	1110300	14.5	14500	""osoba2""
""osoba2""		1097.7001	1097700	1110.3	1110300	13.599976	13599	""osoba2""
""osoba2""		1098.3	1098300	1110.3	1110300	13.0	13000	""osoba2""
""osoba2""		1100.1001	1100100	1110.3	1110300	11.199951	11199	""osoba2""
""osoba3""		1100.4	1100400	1102.8	1102800	3.4000244	3400	""osoba3""
""osoba2""		1106.1001	1106100	1110.3	1110300	5.199951	5199	""osoba2""
""osoba4""		1108.2001	1108200	1129.2001	1129200	22.0	22000	""osoba4""
""osoba4""		1110.0	1110000	1129.2001	1129200	20.200073	20200	""osoba4""
""osoba2""		1110.3	1110300	1110.3	1110300	1.0	1000	""osoba2""
""osoba4""		1111.2001	1111200	1129.2001	1129200	19.0	19000	""osoba4""
""osoba4""		1112.7001	1112700	1129.2001	1129200	17.5	17500	""osoba4""
""osoba4""		1119.9	1119900	1129.2001	1129200	10.300049	10300	""osoba4""
""osoba4""		1121.7001	1121700	1129.2001	1129200	8.5	8500	""osoba4""
""osoba4""		1123.8	1123800	1129.2001	1129200	6.4000244	6400	""osoba4""
""osoba1""		1129.2001	1129200	1141.2001	1141200	13.0	13000	""osoba1""
""osoba1""		1130.7001	1130700	1141.2001	1141200	11.5	11500	""osoba1""
""osoba1""		1131.9	1131900	1141.2001	1141200	10.300049	10300	""osoba1""
""osoba3""		1132.2001	1132200	1134.6001	1134600	3.4000244	3400	""osoba3""
""osoba1""		1135.8	1135800	1141.2001	1141200	6.4000244	6400	""osoba1""
""osoba1""		1137.6001	1137600	1141.2001	1141200	4.5999756	4599	""osoba1""
""osoba4""		1139.7001	1139700	1143.0	1143000	4.2999268	4299	""osoba4""
""osoba3""		1141.8	1141800	1149.0	1149000	8.199951	8199	""osoba3""
""osoba3""		1144.5	1144500	1149.0	1149000	5.5	5500	""osoba3""
""osoba2""		1145.1001	1145100	1146.3	1146300	2.1999512	2199	""osoba2""
""osoba3""		1148.1001	1148100	1149.0	1149000	1.8999023	1899	""osoba3""
""osoba2""		1149.3	1149300	1152.0	1152000	3.6999512	3699	""osoba2""
""osoba2""		1152.0	1152000	1152.0	1152000	1.0	1000	""osoba2""
""osoba1""		1152.3	1152300	1192.2001	1192200	40.900024	40900	""osoba1""
""osoba4""		1152.3	1152300	1153.5	1153500	2.1999512	2199	""osoba4""
""osoba1""		1154.1001	1154100	1192.2001	1192200	39.099976	39099	""osoba1""
""osoba1""		1159.5	1159500	1192.2001	1192200	33.700073	33700	""osoba1""
""osoba1""		1160.1001	1160100	1192.2001	1192200	33.099976	33099	""osoba1""
""osoba1""		1160.7001	1160700	1192.2001	1192200	32.5	32500	""osoba1""
""osoba1""		1163.1001	1163100	1192.2001	1192200	30.099976	30099	""osoba1""
""osoba1""		1167.0	1167000	1192.2001	1192200	26.200073	26200	""osoba1""
""osoba1""		1170.3	1170300	1192.2001	1192200	22.900024	22900	""osoba1""
""osoba1""		1171.2001	1171200	1192.2001	1192200	22.0	22000	""osoba1""
""osoba4""		1173.3	1173300	1173.3	1173300	1.0	1000	""osoba4""
""osoba1""		1176.0	1176000	1192.2001	1192200	17.200073	17200	""osoba1""
""osoba1""		1177.5	1177500	1192.2001	1192200	15.700073	15700	""osoba1""
""osoba1""		1179.0	1179000	1192.2001	1192200	14.200073	14200	""osoba1""
""osoba1""		1180.5	1180500	1192.2001	1192200	12.700073	12700	""osoba1""
""osoba1""		1182.6001	1182600	1192.2001	1192200	10.599976	10599	""osoba1""
""osoba1""		1183.5	1183500	1192.2001	1192200	9.700073	9700	""osoba1""
""osoba1""		1184.7001	1184700	1192.2001	1192200	8.5	8500	""osoba1""
""osoba4""		1184.7001	1184700	1186.2001	1186200	2.5	2500	""osoba4""
""osoba1""		1185.6001	1185600	1192.2001	1192200	7.5999756	7599	""osoba1""
""osoba2""		1185.6001	1185600	1188.0	1188000	3.3999023	3399	""osoba2""
""osoba1""		1189.5	1189500	1192.2001	1192200	3.7000732	3700	""osoba1""
""osoba1""		1191.3	1191300	1192.2001	1192200	1.9000244	1900	""osoba1""
""osoba3""		1191.6001	1191600	1193.7001	1193700	3.0999756	3099	""osoba3""
""osoba4""		1191.6001	1191600	1191.6001	1191600	1.0	1000	""osoba4""
""osoba2""		1194.0	1194000	1203.0	1203000	10.0	10000	""osoba2""
""osoba2""		1195.5	1195500	1203.0	1203000	8.5	8500	""osoba2""
""osoba2""		1197.3	1197300	1203.0	1203000	6.699951	6699	""osoba2""
""osoba1""		1198.2001	1198200	1198.5	1198500	1.2999268	1299	""osoba1""
""osoba3""		1199.4	1199400	1212.0	1212000	13.599976	13599	""osoba3""
""osoba2""		1199.7001	1199700	1203.0	1203000	4.2999268	4299	""osoba2""
""osoba3""		1208.4	1208400	1212.0	1212000	4.5999756	4599	""osoba3""
""osoba3""		1209.0	1209000	1212.0	1212000	4.0	4000	""osoba3""
""osoba1""		1211.1001	1211100	1246.8	1246800	36.69995	36699	""osoba1""
""osoba3""		1211.1001	1211100	1212.0	1212000	1.8999023	1899	""osoba3""
""osoba1""		1213.5	1213500	1246.8	1246800	34.30005	34300	""osoba1""
""osoba1""		1216.2001	1216200	1246.8	1246800	31.599976	31599	""osoba1""
""osoba1""		1217.7001	1217700	1246.8	1246800	30.099976	30099	""osoba1""
""osoba3""		1218.9	1218900	1219.5	1219500	1.5999756	1599	""osoba3""
""osoba1""		1222.8	1222800	1246.8	1246800	25.0	25000	""osoba1""
""osoba1""		1223.7001	1223700	1246.8	1246800	24.099976	24099	""osoba1""
""osoba1""		1224.3	1224300	1246.8	1246800	23.5	23500	""osoba1""
""osoba1""		1226.4	1226400	1246.8	1246800	21.400024	21400	""osoba1""
""osoba1""		1227.6001	1227600	1246.8	1246800	20.199951	20199	""osoba1""
""osoba1""		1228.8	1228800	1246.8	1246800	19.0	19000	""osoba1""
""osoba3""		1230.3	1230300	1230.9	1230900	1.5999756	1599	""osoba3""
""osoba2""		1231.8	1231800	1231.8	1231800	1.0	1000	""osoba2""
""osoba1""		1232.7001	1232700	1246.8	1246800	15.099976	15099	""osoba1""
""osoba1""		1237.8	1237800	1246.8	1246800	10.0	10000	""osoba1""
""osoba1""		1239.0	1239000	1246.8	1246800	8.800049	8800	""osoba1""
""osoba1""		1240.8	1240800	1246.8	1246800	7.0	7000	""osoba1""
""osoba3""		1242.6001	1242600	1244.1001	1244100	2.5	2500	""osoba3""
""osoba3""		1243.5	1243500	1244.1001	1244100	1.6000977	1600	""osoba3""
""osoba1""		1244.1001	1244100	1246.8	1246800	3.6999512	3699	""osoba1""
""osoba4""		1244.7001	1244700	1245.0	1245000	1.2999268	1299	""osoba4""
""osoba1""		1245.0	1245000	1246.8	1246800	2.8000488	2800	""osoba1""
""osoba1""		1246.8	1246800	1246.8	1246800	1.0	1000	""osoba1""
""osoba2""		1247.1001	1247100	1264.5	1264500	18.399902	18399	""osoba2""
""osoba2""		1248.3	1248300	1264.5	1264500	17.199951	17199	""osoba2""
""osoba2""		1250.7001	1250700	1264.5	1264500	14.799927	14799	""osoba2""
""osoba2""		1251.3	1251300	1264.5	1264500	14.199951	14199	""osoba2""
""osoba4""		1251.9	1251900	1252.5	1252500	1.5999756	1599	""osoba4""
""osoba1""		1253.4	1253400	1253.7001	1253700	1.3000488	1300	""osoba1""
""osoba2""		1254.9	1254900	1264.5	1264500	10.599976	10599	""osoba2""
""osoba2""		1255.8	1255800	1264.5	1264500	9.699951	9699	""osoba2""
""osoba1""		1257.6001	1257600	1257.9	1257900	1.2999268	1299	""osoba1""
""osoba2""		1260.9	1260900	1264.5	1264500	4.5999756	4599	""osoba2""
""osoba2""		1262.1001	1262100	1264.5	1264500	3.3999023	3399	""osoba2""
""osoba3""		1263.0	1263000	1298.1001	1298100	36.100098	36100	""osoba3""
""osoba2""		1263.9	1263900	1264.5	1264500	1.5999756	1599	""osoba2""
""osoba1""		1265.1001	1265100	1268.7001	1268700	4.5999756	4599	""osoba1""
""osoba3""		1266.6001	1266600	1298.1001	1298100	32.5	32500	""osoba3""
""osoba1""		1267.2001	1267200	1268.7001	1268700	2.5	2500	""osoba1""
""osoba3""		1269.6001	1269600	1298.1001	1298100	29.5	29500	""osoba3""
""osoba3""		1271.4	1271400	1298.1001	1298100	27.700073	27700	""osoba3""
""osoba3""		1273.2001	1273200	1298.1001	1298100	25.900024	25900	""osoba3""
""osoba3""		1274.4	1274400	1298.1001	1298100	24.700073	24700	""osoba3""
""osoba2""		1275.6001	1275600	1275.9	1275900	1.2999268	1299	""osoba2""
""osoba3""		1276.5	1276500	1298.1001	1298100	22.600098	22600	""osoba3""
""osoba3""		1280.1001	1280100	1298.1001	1298100	19.0	19000	""osoba3""
""osoba3""		1284.9	1284900	1298.1001	1298100	14.200073	14200	""osoba3""
""osoba2""		1285.5	1285500	1286.1001	1286100	1.6000977	1600	""osoba2""
""osoba3""		1289.4	1289400	1298.1001	1298100	9.700073	9700	""osoba3""
""osoba3""		1293.9	1293900	1298.1001	1298100	5.2000732	5200	""osoba3""
""osoba3""		1294.8	1294800	1298.1001	1298100	4.300049	4300	""osoba3""
""osoba3""		1295.7001	1295700	1298.1001	1298100	3.4000244	3400	""osoba3""
""osoba1""		1297.8	1297800	1305.0	1305000	8.199951	8199	""osoba1""
""osoba2""		1297.8	1297800	1298.1001	1298100	1.3000488	1300	""osoba2""
""osoba1""		1299.9	1299900	1305.0	1305000	6.0999756	6099	""osoba1""
""osoba1""		1304.7001	1304700	1305.0	1305000	1.2999268	1299	""osoba1""
""osoba3""		1305.6001	1305600	1305.6001	1305600	1.0	1000	""osoba3""
""osoba4""		1305.9	1305900	1325.1001	1325100	20.200073	20200	""osoba4""
""osoba1""		1308.0	1308000	1309.8	1309800	2.8000488	2800	""osoba1""
""osoba4""		1308.0	1308000	1325.1001	1325100	18.100098	18100	""osoba4""
""osoba4""		1310.7001	1310700	1325.1001	1325100	15.400024	15400	""osoba4""
""osoba4""		1311.3	1311300	1325.1001	1325100	14.800049	14800	""osoba4""
""osoba3""		1311.9	1311900	1313.4	1313400	2.5	2500	""osoba3""
""osoba4""		1312.2001	1312200	1325.1001	1325100	13.900024	13900	""osoba4""
""osoba4""		1314.3	1314300	1325.1001	1325100	11.800049	11800	""osoba4""
""osoba4""		1314.9	1314900	1325.1001	1325100	11.200073	11200	""osoba4""
""osoba4""		1316.7001	1316700	1325.1001	1325100	9.400024	9400	""osoba4""
""osoba3""		1317.0	1317000	1317.0	1317000	1.0	1000	""osoba3""
""osoba4""		1317.6001	1317600	1325.1001	1325100	8.5	8500	""osoba4""
""osoba4""		1318.2001	1318200	1325.1001	1325100	7.9000244	7900	""osoba4""
""osoba4""		1320.0	1320000	1325.1001	1325100	6.1000977	6100	""osoba4""
""osoba4""		1320.6001	1320600	1325.1001	1325100	5.5	5500	""osoba4""
""osoba4""		1324.8	1324800	1325.1001	1325100	1.3000488	1300	""osoba4""
""osoba2""		1325.4	1325400	1326.3	1326300	1.9000244	1900	""osoba2""
""osoba1""		1326.3	1326300	1332.6001	1332600	7.300049	7300	""osoba1""
""osoba4""		1328.7001	1328700	1328.7001	1328700	1.0	1000	""osoba4""
""osoba1""		1329.0	1329000	1332.6001	1332600	4.6000977	4600	""osoba1""
""osoba3""		1329.3	1329300	1329.9	1329900	1.5999756	1599	""osoba3""
""osoba1""		1330.8	1330800	1332.6001	1332600	2.8000488	2800	""osoba1""
""osoba3""		1332.6001	1332600	1342.8	1342800	11.199951	11199	""osoba3""
""osoba3""		1334.4	1334400	1342.8	1342800	9.400024	9400	""osoba3""
""osoba3""		1336.8	1336800	1342.8	1342800	7.0	7000	""osoba3""
""osoba3""		1337.7001	1337700	1342.8	1342800	6.0999756	6099	""osoba3""
""osoba3""		1338.9	1338900	1342.8	1342800	4.9000244	4900	""osoba3""
""osoba3""		1341.0	1341000	1342.8	1342800	2.8000488	2800	""osoba3""
""osoba4""		1342.2001	1342200	1400.4	1400400	59.19995	59199	""osoba4""
""osoba4""		1343.4	1343400	1400.4	1400400	58.0	58000	""osoba4""
""osoba4""		1344.3	1344300	1400.4	1400400	57.099976	57099	""osoba4""
""osoba1""		1346.7001	1346700	1348.2001	1348200	2.5	2500	""osoba1""
""osoba1""		1347.9	1347900	1348.2001	1348200	1.3000488	1300	""osoba1""
""osoba4""		1348.2001	1348200	1400.4	1400400	53.19995	53199	""osoba4""
""osoba4""		1349.1001	1349100	1400.4	1400400	52.299927	52299	""osoba4""
""osoba4""		1350.3	1350300	1400.4	1400400	51.099976	51099	""osoba4""
""osoba4""		1353.3	1353300	1400.4	1400400	48.099976	48099	""osoba4""
""osoba4""		1354.2001	1354200	1400.4	1400400	47.19995	47199	""osoba4""
""osoba4""		1356.6001	1356600	1400.4	1400400	44.799927	44799	""osoba4""
""osoba4""		1358.7001	1358700	1400.4	1400400	42.69995	42699	""osoba4""
""osoba4""		1360.8	1360800	1400.4	1400400	40.599976	40599	""osoba4""
""osoba4""		1362.0	1362000	1400.4	1400400	39.400024	39400	""osoba4""
""osoba4""		1364.1001	1364100	1400.4	1400400	37.299927	37299	""osoba4""
""osoba4""		1364.7001	1364700	1400.4	1400400	36.69995	36699	""osoba4""
""osoba4""		1365.3	1365300	1400.4	1400400	36.099976	36099	""osoba4""
""osoba4""		1365.9	1365900	1400.4	1400400	35.5	35500	""osoba4""
""osoba4""		1369.2001	1369200	1400.4	1400400	32.19995	32199	""osoba4""
""osoba1""		1370.7001	1370700	1371.0	1371000	1.2999268	1299	""osoba1""
""osoba4""		1372.2001	1372200	1400.4	1400400	29.199951	29199	""osoba4""
""osoba4""		1374.0	1374000	1400.4	1400400	27.400024	27400	""osoba4""
""osoba2""		1376.4	1376400	1377.0	1377000	1.5999756	1599	""osoba2""
""osoba2""		1379.4	1379400	1379.4	1379400	1.0	1000	""osoba2""
""osoba4""		1380.9	1380900	1400.4	1400400	20.5	20500	""osoba4""
""osoba2""		1382.4	1382400	1382.4	1382400	1.0	1000	""osoba2""
""osoba4""		1382.4	1382400	1400.4	1400400	19.0	19000	""osoba4""
""osoba4""		1384.5	1384500	1400.4	1400400	16.900024	16900	""osoba4""
""osoba4""		1385.7001	1385700	1400.4	1400400	15.699951	15699	""osoba4""
""osoba4""		1389.9	1389900	1400.4	1400400	11.5	11500	""osoba4""
""osoba4""		1390.8	1390800	1400.4	1400400	10.599976	10599	""osoba4""
""osoba4""		1392.3	1392300	1400.4	1400400	9.099976	9099	""osoba4""
""osoba3""		1393.8	1393800	1395.6001	1395600	2.8000488	2800	""osoba3""
""osoba4""		1395.0	1395000	1400.4	1400400	6.4000244	6400	""osoba4""
""osoba1""		1400.1001	1400100	1405.8	1405800	6.699951	6699	""osoba1""
""osoba1""		1402.2001	1402200	1405.8	1405800	4.5999756	4599	""osoba1""
""osoba1""		1402.8	1402800	1405.8	1405800	4.0	4000	""osoba1""
""osoba2""		1403.1001	1403100	1404.0	1404000	1.8999023	1899	""osoba2""
""osoba4""		1405.5	1405500	1414.8	1414800	10.300049	10300	""osoba4""
""osoba4""		1407.3	1407300	1414.8	1414800	8.5	8500	""osoba4""
""osoba4""		1408.2001	1408200	1414.8	1414800	7.5999756	7599	""osoba4""
""osoba2""		1412.1001	1412100	1427.1001	1427100	16.0	16000	""osoba2""
""osoba2""		1413.0	1413000	1427.1001	1427100	15.100098	15100	""osoba2""
""osoba4""		1413.3	1413300	1414.8	1414800	2.5	2500	""osoba4""
""osoba2""		1415.7001	1415700	1427.1001	1427100	12.400024	12400	""osoba2""
""osoba2""		1418.1001	1418100	1427.1001	1427100	10.0	10000	""osoba2""
""osoba3""		1420.8	1420800	1420.8	1420800	1.0	1000	""osoba3""
""osoba2""		1423.8	1423800	1427.1001	1427100	4.300049	4300	""osoba2""
""osoba2""		1424.4	1424400	1427.1001	1427100	3.7000732	3700	""osoba2""
""osoba2""		1425.9	1425900	1427.1001	1427100	2.2000732	2200	""osoba2""
""osoba3""		1426.8	1426800	1428.6001	1428600	2.8000488	2800	""osoba3""
""osoba4""		1429.5	1429500	1434.0	1434000	5.5	5500	""osoba4""
""osoba3""		1432.8	1432800	1441.5	1441500	9.699951	9699	""osoba3""
""osoba3""		1435.8	1435800	1441.5	1441500	6.699951	6699	""osoba3""
""osoba3""		1438.2001	1438200	1441.5	1441500	4.2999268	4299	""osoba3""
""osoba1""		1439.7001	1439700	1450.8	1450800	12.099976	12099	""osoba1""
""osoba1""		1440.9	1440900	1450.8	1450800	10.900024	10900	""osoba1""
""osoba1""		1445.4	1445400	1450.8	1450800	6.4000244	6400	""osoba1""
""osoba1""		1446.6001	1446600	1450.8	1450800	5.199951	5199	""osoba1""
""osoba1""		1448.1001	1448100	1450.8	1450800	3.6999512	3699	""osoba1""
""osoba1""		1449.0	1449000	1450.8	1450800	2.8000488	2800	""osoba1""
""osoba1""		1449.9	1449900	1450.8	1450800	1.9000244	1900	""osoba1""
""osoba4""		1449.9	1449900	1454.1001	1454100	5.2000732	5200	""osoba4""
""osoba4""		1452.3	1452300	1454.1001	1454100	2.8000488	2800	""osoba4""
""osoba1""		1452.9	1452900	1476.3	1476300	24.400024	24400	""osoba1""
""osoba3""		1454.1001	1454100	1456.2001	1456200	3.0999756	3099	""osoba3""
""osoba1""		1455.3	1455300	1476.3	1476300	22.0	22000	""osoba1""
""osoba1""		1459.2001	1459200	1476.3	1476300	18.099976	18099	""osoba1""
""osoba1""		1462.5	1462500	1476.3	1476300	14.800049	14800	""osoba1""
""osoba1""		1464.3	1464300	1476.3	1476300	13.0	13000	""osoba1""
""osoba1""		1465.2001	1465200	1476.3	1476300	12.099976	12099	""osoba1""
""osoba1""		1467.0	1467000	1476.3	1476300	10.300049	10300	""osoba1""
""osoba1""		1467.9	1467900	1476.3	1476300	9.400024	9400	""osoba1""
""osoba1""		1468.5	1468500	1476.3	1476300	8.800049	8800	""osoba1""
""osoba1""		1470.0	1470000	1476.3	1476300	7.300049	7300	""osoba1""
""osoba1""		1471.2001	1471200	1476.3	1476300	6.0999756	6099	""osoba1""
""osoba3""		1473.3	1473300	1473.3	1473300	1.0	1000	""osoba3""
""osoba1""		1473.9	1473900	1476.3	1476300	3.4000244	3400	""osoba1""
""osoba1""		1474.8	1474800	1476.3	1476300	2.5	2500	""osoba1""
""osoba3""		1476.3	1476300	1499.4	1499400	24.099976	24099	""osoba3""
""osoba3""		1477.5	1477500	1499.4	1499400	22.900024	22900	""osoba3""
""osoba3""		1479.0	1479000	1499.4	1499400	21.400024	21400	""osoba3""
""osoba2""		1481.4	1481400	1484.7001	1484700	4.300049	4300	""osoba2""
""osoba3""		1481.4	1481400	1499.4	1499400	19.0	19000	""osoba3""
""osoba3""		1487.7001	1487700	1499.4	1499400	12.699951	12699	""osoba3""
""osoba2""		1488.0	1488000	1488.6001	1488600	1.6000977	1600	""osoba2""
""osoba4""		1489.2001	1489200	1489.2001	1489200	1.0	1000	""osoba4""
""osoba1""		1491.9	1491900	1491.9	1491900	1.0	1000	""osoba1""
""osoba2""		1493.4	1493400	1494.9	1494900	2.5	2500	""osoba2""
""osoba3""		1495.8	1495800	1499.4	1499400	4.5999756	4599	""osoba3""
""osoba3""		1497.9	1497900	1499.4	1499400	2.5	2500	""osoba3""
""osoba4""		1499.4	1499400	1506.9	1506900	8.5	8500	""osoba4""
""osoba4""		1500.6001	1500600	1506.9	1506900	7.2999268	7299	""osoba4""
""osoba1""		1502.1001	1502100	1505.1001	1505100	4.0	4000	""osoba1""
""osoba1""		1504.2001	1504200	1505.1001	1505100	1.9000244	1900	""osoba1""
""osoba4""		1505.7001	1505700	1506.9	1506900	2.1999512	2199	""osoba4""
""osoba4""		1506.9	1506900	1506.9	1506900	1.0	1000	""osoba4""
""osoba1""		1507.2001	1507200	1509.9	1509900	3.6999512	3699	""osoba1""
""osoba1""		1508.4	1508400	1509.9	1509900	2.5	2500	""osoba1""
""osoba3""		1509.9	1509900	1511.7001	1511700	2.8000488	2800	""osoba3""
""osoba4""		1511.4	1511400	1514.7001	1514700	4.300049	4300	""osoba4""
""osoba4""		1512.3	1512300	1514.7001	1514700	3.4000244	3400	""osoba4""
""osoba1""		1513.8	1513800	1529.7001	1529700	16.900024	16900	""osoba1""
""osoba1""		1515.9	1515900	1529.7001	1529700	14.800049	14800	""osoba1""
""osoba1""		1518.0	1518000	1529.7001	1529700	12.700073	12700	""osoba1""
""osoba1""		1518.6001	1518600	1529.7001	1529700	12.099976	12099	""osoba1""
""osoba1""		1519.5	1519500	1529.7001	1529700	11.200073	11200	""osoba1""
""osoba1""		1520.1001	1520100	1529.7001	1529700	10.599976	10599	""osoba1""
""osoba1""		1524.3	1524300	1529.7001	1529700	6.4000244	6400	""osoba1""
""osoba1""		1529.1001	1529100	1529.7001	1529700	1.5999756	1599	""osoba1""
""osoba2""		1529.4	1529400	1533.0	1533000	4.5999756	4599	""osoba2""
""osoba2""		1530.9	1530900	1533.0	1533000	3.0999756	3099	""osoba2""
""osoba2""		1531.5	1531500	1533.0	1533000	2.5	2500	""osoba2""
""osoba2""		1532.1001	1532100	1533.0	1533000	1.8999023	1899	""osoba2""
""osoba1""		1532.4	1532400	1533.9	1533900	2.5	2500	""osoba1""
""osoba4""		1533.0	1533000	1557.6001	1557600	25.600098	25600	""osoba4""
""osoba1""		1533.6001	1533600	1533.9	1533900	1.2999268	1299	""osoba1""
""osoba4""		1535.1001	1535100	1557.6001	1557600	23.5	23500	""osoba4""
""osoba3""		1535.7001	1535700	1536.6001	1536600	1.9000244	1900	""osoba3""
""osoba1""		1537.2001	1537200	1537.8	1537800	1.5999756	1599	""osoba1""
""osoba4""		1539.6001	1539600	1557.6001	1557600	19.0	19000	""osoba4""
""osoba4""		1540.2001	1540200	1557.6001	1557600	18.400024	18400	""osoba4""
""osoba4""		1541.7001	1541700	1557.6001	1557600	16.900024	16900	""osoba4""
""osoba4""		1542.6001	1542600	1557.6001	1557600	16.0	16000	""osoba4""
""osoba4""		1549.2001	1549200	1557.6001	1557600	9.400024	9400	""osoba4""
""osoba4""		1550.1001	1550100	1557.6001	1557600	8.5	8500	""osoba4""
""osoba4""		1551.0001	1551000	1557.6001	1557600	7.5999756	7599	""osoba4""
""osoba3""		1551.3	1551300	1551.3	1551300	1.0	1000	""osoba3""
""osoba4""		1552.2001	1552200	1557.6001	1557600	6.4000244	6400	""osoba4""
""osoba4""		1554.0001	1554000	1557.6001	1557600	4.5999756	4599	""osoba4""
""osoba4""		1555.5001	1555500	1557.6001	1557600	3.0999756	3099	""osoba4""
""osoba3""		1557.3	1557300	1569.6001	1569600	13.300049	13300	""osoba3""
""osoba3""		1557.9	1557900	1569.6001	1569600	12.700073	12700	""osoba3""
""osoba3""		1561.5001	1561500	1569.6001	1569600	9.099976	9099	""osoba3""
""osoba3""		1564.8	1564800	1569.6001	1569600	5.800049	5800	""osoba3""
""osoba3""		1568.7001	1568700	1569.6001	1569600	1.9000244	1900	""osoba3""
""osoba1""		1569.9	1569900	1575.0001	1575000	6.1000977	6100	""osoba1""
""osoba1""		1570.5001	1570500	1575.0001	1575000	5.5	5500	""osoba1""
""osoba1""		1572.6001	1572600	1575.0001	1575000	3.4000244	3400	""osoba1""
""osoba1""		1573.5001	1573500	1575.0001	1575000	2.5	2500	""osoba1""
""osoba4""		1574.7001	1574700	1597.8	1597800	24.099976	24099	""osoba4""
""osoba4""		1577.7001	1577700	1597.8	1597800	21.099976	21099	""osoba4""
""osoba4""		1580.7001	1580700	1597.8	1597800	18.099976	18099	""osoba4""
""osoba3""		1584.3	1584300	1584.6001	1584600	1.3000488	1300	""osoba3""
""osoba4""		1587.9	1587900	1597.8	1597800	10.900024	10900	""osoba4""
""osoba4""		1588.8	1588800	1597.8	1597800	10.0	10000	""osoba4""
""osoba4""		1589.7001	1589700	1597.8	1597800	9.099976	9099	""osoba4""
""osoba4""		1590.9	1590900	1597.8	1597800	7.9000244	7900	""osoba4""
""osoba4""		1592.1001	1592100	1597.8	1597800	6.699951	6699	""osoba4""
""osoba4""		1593.0001	1593000	1597.8	1597800	5.7999268	5799	""osoba4""
""osoba1""		1593.3	1593300	1593.3	1593300	1.0	1000	""osoba1""
""osoba4""		1594.5001	1594500	1597.8	1597800	4.2999268	4299	""osoba4""
""osoba4""		1596.3	1596300	1597.8	1597800	2.5	2500	""osoba4""
""osoba2""		1596.9	1596900	1601.1001	1601100	5.2000732	5200	""osoba2""
""osoba1""		1599.0001	1599000	1611.6001	1611600	13.599976	13599	""osoba1""
""osoba1""		1602.9	1602900	1611.6001	1611600	9.700073	9700	""osoba1""
""osoba1""		1605.0001	1605000	1611.6001	1611600	7.5999756	7599	""osoba1""
""osoba1""		1605.6001	1605600	1611.6001	1611600	7.0	7000	""osoba1""
""osoba1""		1606.2001	1606200	1611.6001	1611600	6.4000244	6400	""osoba1""
""osoba2""		1608.3	1608300	1608.6001	1608600	1.3000488	1300	""osoba2""
""osoba4""		1610.7001	1610700	1615.8	1615800	6.0999756	6099	""osoba4""
""osoba4""		1613.1001	1613100	1615.8	1615800	3.6999512	3699	""osoba4""
""osoba1""		1615.2001	1615200	1615.8	1615800	1.5999756	1599	""osoba1""
""osoba2""		1615.5001	1615500	1620.3	1620300	5.7999268	5799	""osoba2""
""osoba2""		1616.7001	1616700	1620.3	1620300	4.5999756	4599	""osoba2""
""osoba2""		1618.8	1618800	1620.3	1620300	2.5	2500	""osoba2""
