"default"		0.0	0	1.0	1000	1.0	1000	BEGIN
"default"		1620.3	1620300	1620.31	1621300	1.0	1000	END
""osoba1""		6.6000004	6600	6.6000004	6600	1.0	1000	""osoba1""
""osoba2""		6.6000004	6600	33.9	33900	28.300001	28300	""osoba2""
""osoba3""		6.9	6900	9.0	9000	3.1	3100	""osoba3""
""osoba2""		9.900001	9900	33.9	33900	25.0	25000	""osoba2""
""osoba2""		10.5	10500	33.9	33900	24.400002	24400	""osoba2""
""osoba2""		11.700001	11700	33.9	33900	23.2	23200	""osoba2""
""osoba2""		12.3	12300	33.9	33900	22.600002	22600	""osoba2""
""osoba2""		15.6	15600	33.9	33900	19.300001	19300	""osoba2""
""osoba2""		18.300001	18300	33.9	33900	16.6	16600	""osoba2""
""osoba2""		19.5	19500	33.9	33900	15.400002	15400	""osoba2""
""osoba2""		22.2	22200	33.9	33900	12.700001	12700	""osoba2""
""osoba2""		24.300001	24300	33.9	33900	10.6	10600	""osoba2""
""osoba1""		27.6	27600	46.2	46200	19.6	19600	""osoba1""
""osoba2""		30.000002	30000	33.9	33900	4.8999996	4899	""osoba2""
""osoba1""		30.6	30600	46.2	46200	16.6	16600	""osoba1""
""osoba1""		32.7	32700	46.2	46200	14.5	14500	""osoba1""
""osoba1""		34.5	34500	46.2	46200	12.700001	12700	""osoba1""
""osoba1""		35.7	35700	46.2	46200	11.5	11500	""osoba1""
""osoba4""		36.0	36000	36.0	36000	1.0	1000	""osoba4""
""osoba1""		36.9	36900	46.2	46200	10.299999	10299	""osoba1""
""osoba1""		38.4	38400	46.2	46200	8.799999	8799	""osoba1""
""osoba2""		39.0	39000	40.5	40500	2.5	2500	""osoba2""
""osoba1""		39.9	39900	46.2	46200	7.299999	7299	""osoba1""
""osoba1""		43.2	43200	46.2	46200	4.0	4000	""osoba1""
""osoba4""		45.0	45000	55.800003	55800	11.800003	11800	""osoba4""
""osoba4""		46.800003	46800	55.800003	55800	10.0	10000	""osoba4""
""osoba4""		48.9	48900	55.800003	55800	7.9000015	7900	""osoba4""
""osoba4""		51.000004	51000	55.800003	55800	5.799999	5799	""osoba4""
""osoba4""		54.000004	54000	55.800003	55800	2.7999992	2799	""osoba4""
""osoba4""		54.600002	54600	55.800003	55800	2.2000008	2200	""osoba4""
""osoba1""		55.500004	55500	68.700005	68700	14.200001	14200	""osoba1""
""osoba3""		60.300003	60300	61.800003	61800	2.5	2500	""osoba3""
""osoba1""		61.500004	61500	68.700005	68700	8.200001	8200	""osoba1""
""osoba3""		61.500004	61500	61.800003	61800	1.2999992	1299	""osoba3""
""osoba1""		65.100006	65100	68.700005	68700	4.5999985	4599	""osoba1""
""osoba1""		66.600006	66600	68.700005	68700	3.0999985	3099	""osoba1""
""osoba2""		66.600006	66600	67.8	67800	2.199997	2199	""osoba2""
""osoba4""		67.8	67800	76.200005	76200	9.400002	9400	""osoba4""
""osoba4""		71.100006	71100	76.200005	76200	6.0999985	6099	""osoba4""
""osoba4""		72.0	72000	76.200005	76200	5.2000046	5200	""osoba4""
""osoba4""		75.0	75000	76.200005	76200	2.2000046	2200	""osoba4""
""osoba3""		75.9	75900	87.9	87900	13.0	13000	""osoba3""
""osoba2""		76.200005	76200	76.200005	76200	1.0	1000	""osoba2""
""osoba3""		78.0	78000	87.9	87900	10.900002	10900	""osoba3""
""osoba3""		79.200005	79200	87.9	87900	9.699997	9699	""osoba3""
""osoba2""		80.4	80400	80.700005	80700	1.300003	1300	""osoba2""
""osoba3""		83.100006	83100	87.9	87900	5.7999954	5799	""osoba3""
""osoba3""		84.3	84300	87.9	87900	4.5999985	4599	""osoba3""
""osoba3""		84.9	84900	87.9	87900	4.0	4000	""osoba3""
""osoba2""		85.5	85500	96.9	96900	12.400002	12400	""osoba2""
""osoba1""		85.8	85800	85.8	85800	1.0	1000	""osoba1""
""osoba1""		87.9	87900	88.200005	88200	1.300003	1300	""osoba1""
""osoba2""		89.700005	89700	96.9	96900	8.199997	8199	""osoba2""
""osoba2""		91.200005	91200	96.9	96900	6.699997	6699	""osoba2""
""osoba2""		92.100006	92100	96.9	96900	5.7999954	5799	""osoba2""
""osoba1""		92.700005	92700	92.700005	92700	1.0	1000	""osoba1""
""osoba2""		95.4	95400	96.9	96900	2.5	2500	""osoba2""
""osoba2""		96.9	96900	96.9	96900	1.0	1000	""osoba2""
""osoba3""		96.9	96900	104.700005	104700	8.800003	8800	""osoba3""
""osoba1""		100.200005	100200	101.100006	101100	1.9000015	1900	""osoba1""
""osoba3""		100.200005	100200	104.700005	104700	5.5	5500	""osoba3""
""osoba3""		102.00001	102000	104.700005	104700	3.699997	3699	""osoba3""
""osoba1""		103.8	103800	109.50001	109500	6.7000046	6700	""osoba1""
""osoba1""		105.600006	105600	109.50001	109500	4.9000015	4900	""osoba1""
""osoba4""		107.100006	107100	117.3	117300	11.199997	11199	""osoba4""
""osoba1""		108.00001	108000	109.50001	109500	2.5	2500	""osoba1""
""osoba4""		111.600006	111600	117.3	117300	6.699997	6699	""osoba4""
""osoba1""		111.9	111900	112.50001	112500	1.6000061	1600	""osoba1""
""osoba4""		112.200005	112200	117.3	117300	6.0999985	6099	""osoba4""
""osoba1""		115.200005	115200	126.3	126300	12.099998	12099	""osoba1""
""osoba4""		115.200005	115200	117.3	117300	3.0999985	3099	""osoba4""
""osoba4""		117.00001	117000	117.3	117300	1.2999954	1299	""osoba4""
""osoba1""		117.600006	117600	126.3	126300	9.699997	9699	""osoba1""
""osoba1""		119.4	119400	126.3	126300	7.9000015	7900	""osoba1""
""osoba1""		120.00001	120000	126.3	126300	7.2999954	7299	""osoba1""
""osoba4""		121.50001	121500	123.3	123300	2.7999954	2799	""osoba4""
""osoba3""		123.3	123300	123.600006	123600	1.300003	1300	""osoba3""
""osoba1""		123.9	123900	126.3	126300	3.4000015	3400	""osoba1""
""osoba3""		125.700005	125700	155.1	155100	30.400002	30400	""osoba3""
""osoba3""		128.70001	128700	155.1	155100	27.399994	27399	""osoba3""
""osoba3""		133.20001	133200	155.1	155100	22.899994	22899	""osoba3""
""osoba3""		134.1	134100	155.1	155100	22.0	22000	""osoba3""
""osoba3""		136.5	136500	155.1	155100	19.600006	19600	""osoba3""
""osoba3""		138.3	138300	155.1	155100	17.800003	17800	""osoba3""
""osoba4""		140.40001	140400	140.40001	140400	1.0	1000	""osoba4""
""osoba1""		141.90001	141900	141.90001	141900	1.0	1000	""osoba1""
""osoba3""		141.90001	141900	155.1	155100	14.199997	14199	""osoba3""
""osoba3""		145.5	145500	155.1	155100	10.600006	10600	""osoba3""
""osoba2""		147.90001	147900	150.90001	150900	4.0	4000	""osoba2""
""osoba3""		150.0	150000	155.1	155100	6.100006	6100	""osoba3""
""osoba3""		152.70001	152700	155.1	155100	3.399994	3399	""osoba3""
""osoba3""		153.6	153600	155.1	155100	2.5	2500	""osoba3""
""osoba1""		154.8	154800	165.90001	165900	12.100006	12100	""osoba1""
""osoba3""		154.8	154800	155.1	155100	1.300003	1300	""osoba3""
""osoba1""		156.0	156000	165.90001	165900	10.900009	10900	""osoba1""
""osoba1""		157.5	157500	165.90001	165900	9.400009	9400	""osoba1""
""osoba1""		158.70001	158700	165.90001	165900	8.199997	8199	""osoba1""
""osoba1""		159.6	159600	165.90001	165900	7.300003	7300	""osoba1""
""osoba1""		164.40001	164400	165.90001	165900	2.5	2500	""osoba1""
""osoba2""		165.6	165600	210.6	210600	46.0	46000	""osoba2""
""osoba2""		172.5	172500	210.6	210600	39.100006	39100	""osoba2""
""osoba2""		176.40001	176400	210.6	210600	35.199997	35199	""osoba2""
""osoba2""		178.20001	178200	210.6	210600	33.399994	33399	""osoba2""
""osoba1""		181.20001	181200	181.20001	181200	1.0	1000	""osoba1""
""osoba2""		181.20001	181200	210.6	210600	30.399994	30399	""osoba2""
""osoba4""		184.8	184800	185.1	185100	1.300003	1300	""osoba4""
""osoba1""		186.0	186000	187.5	187500	2.5	2500	""osoba1""
""osoba1""		187.20001	187200	187.5	187500	1.2999878	1299	""osoba1""
""osoba2""		189.3	189300	210.6	210600	22.300003	22300	""osoba2""
""osoba2""		190.20001	190200	210.6	210600	21.399994	21399	""osoba2""
""osoba2""		193.20001	193200	210.6	210600	18.399994	18399	""osoba2""
""osoba2""		194.40001	194400	210.6	210600	17.199997	17199	""osoba2""
""osoba2""		195.90001	195900	210.6	210600	15.699997	15699	""osoba2""
""osoba2""		198.00002	198000	210.6	210600	13.599991	13599	""osoba2""
""osoba2""		199.20001	199200	210.6	210600	12.399994	12399	""osoba2""
""osoba1""		201.6	201600	204.00002	204000	3.4000092	3400	""osoba1""
""osoba4""		203.40001	203400	203.70001	203700	1.300003	1300	""osoba4""
""osoba1""		204.00002	204000	204.00002	204000	1.0	1000	""osoba1""
""osoba3""		208.20001	208200	212.40001	212400	5.199997	5199	""osoba3""
""osoba1""		209.70001	209700	230.1	230100	21.399994	21399	""osoba1""
""osoba2""		210.6	210600	210.6	210600	1.0	1000	""osoba2""
""osoba1""		213.6	213600	230.1	230100	17.5	17500	""osoba1""
""osoba3""		214.50002	214500	214.50002	214500	1.0	1000	""osoba3""
""osoba1""		217.50002	217500	230.1	230100	13.599991	13599	""osoba1""
""osoba1""		219.6	219600	230.1	230100	11.5	11500	""osoba1""
""osoba1""		222.6	222600	230.1	230100	8.5	8500	""osoba1""
""osoba1""		223.50002	223500	230.1	230100	7.599991	7599	""osoba1""
""osoba1""		224.70001	224700	230.1	230100	6.399994	6399	""osoba1""
""osoba1""		225.3	225300	230.1	230100	5.800003	5800	""osoba1""
""osoba4""		227.40001	227400	227.40001	227400	1.0	1000	""osoba4""
""osoba3""		228.90001	228900	233.40001	233400	5.5	5500	""osoba3""
""osoba1""		229.8	229800	230.1	230100	1.300003	1300	""osoba1""
""osoba3""		231.00002	231000	233.40001	233400	3.399994	3399	""osoba3""
""osoba3""		232.8	232800	233.40001	233400	1.6000061	1600	""osoba3""
""osoba1""		233.1	233100	233.1	233100	1.0	1000	""osoba1""
""osoba3""		233.40001	233400	233.40001	233400	1.0	1000	""osoba3""
""osoba4""		234.6	234600	252.90001	252900	19.300003	19300	""osoba4""
""osoba4""		236.40001	236400	252.90001	252900	17.5	17500	""osoba4""
""osoba3""		237.00002	237000	241.8	241800	5.799988	5799	""osoba3""
""osoba4""		237.00002	237000	252.90001	252900	16.899994	16899	""osoba4""
""osoba2""		239.1	239100	239.40001	239400	1.300003	1300	""osoba2""
""osoba4""		239.70001	239700	252.90001	252900	14.199997	14199	""osoba4""
""osoba1""		240.00002	240000	240.90001	240900	1.8999939	1899	""osoba1""
""osoba3""		241.20001	241200	241.8	241800	1.5999908	1599	""osoba3""
""osoba4""		244.20001	244200	252.90001	252900	9.699997	9699	""osoba4""
""osoba1""		246.90001	246900	246.90001	246900	1.0	1000	""osoba1""
""osoba4""		246.90001	246900	252.90001	252900	7.0	7000	""osoba4""
""osoba1""		249.00002	249000	249.3	249300	1.2999878	1299	""osoba1""
""osoba3""		253.20001	253200	258.6	258600	6.399994	6399	""osoba3""
""osoba3""		254.40001	254400	258.6	258600	5.199997	5199	""osoba3""
""osoba3""		256.80002	256800	258.6	258600	2.7999878	2799	""osoba3""
""osoba3""		258.0	258000	258.6	258600	1.6000061	1600	""osoba3""
""osoba3""		258.6	258600	258.6	258600	1.0	1000	""osoba3""
""osoba4""		258.6	258600	267.30002	267300	9.700012	9700	""osoba4""
""osoba4""		260.7	260700	267.30002	267300	7.600006	7600	""osoba4""
""osoba4""		265.2	265200	267.30002	267300	3.100006	3100	""osoba4""
""osoba4""		266.40002	266400	267.30002	267300	1.8999939	1899	""osoba4""
""osoba2""		267.0	267000	294.6	294600	28.600006	28600	""osoba2""
""osoba4""		267.0	267000	267.30002	267300	1.3000183	1300	""osoba4""
""osoba2""		272.7	272700	294.6	294600	22.899994	22899	""osoba2""
""osoba2""		275.7	275700	294.6	294600	19.899994	19899	""osoba2""
""osoba2""		276.30002	276300	294.6	294600	19.299988	19299	""osoba2""
""osoba2""		277.80002	277800	294.6	294600	17.799988	17799	""osoba2""
""osoba2""		279.30002	279300	294.6	294600	16.299988	16299	""osoba2""
""osoba2""		280.5	280500	294.6	294600	15.100006	15100	""osoba2""
""osoba4""		280.80002	280800	282.30002	282300	2.5	2500	""osoba4""
""osoba3""		281.1	281100	281.1	281100	1.0	1000	""osoba3""
""osoba4""		285.30002	285300	286.80002	286800	2.5	2500	""osoba4""
""osoba2""		287.7	287700	294.6	294600	7.899994	7899	""osoba2""
""osoba2""		288.90002	288900	294.6	294600	6.6999817	6699	""osoba2""
""osoba2""		291.0	291000	294.6	294600	4.600006	4600	""osoba2""
""osoba1""		294.90002	294900	298.5	298500	4.5999756	4599	""osoba1""
""osoba1""		295.80002	295800	298.5	298500	3.6999817	3699	""osoba1""
""osoba2""		296.7	296700	301.5	301500	5.799988	5799	""osoba2""
""osoba2""		301.2	301200	301.5	301500	1.2999878	1299	""osoba2""
""osoba4""		301.80002	301800	310.80002	310800	10.0	10000	""osoba4""
""osoba4""		304.5	304500	310.80002	310800	7.3000183	7300	""osoba4""
""osoba4""		306.6	306600	310.80002	310800	5.200012	5200	""osoba4""
""osoba4""		308.7	308700	310.80002	310800	3.100006	3100	""osoba4""
""osoba1""		310.5	310500	326.1	326100	16.600006	16600	""osoba1""
""osoba1""		313.5	313500	326.1	326100	13.600006	13600	""osoba1""
""osoba1""		314.1	314100	326.1	326100	13.0	13000	""osoba1""
""osoba3""		314.7	314700	319.2	319200	5.5	5500	""osoba3""
""osoba3""		317.40002	317400	319.2	319200	2.7999878	2799	""osoba3""
""osoba1""		317.7	317700	326.1	326100	9.399994	9399	""osoba1""
""osoba1""		320.7	320700	326.1	326100	6.399994	6399	""osoba1""
""osoba1""		322.2	322200	326.1	326100	4.899994	4899	""osoba1""
""osoba3""		324.0	324000	325.5	325500	2.5	2500	""osoba3""
""osoba4""		326.7	326700	343.2	343200	17.5	17500	""osoba4""
""osoba4""		328.2	328200	343.2	343200	16.0	16000	""osoba4""
""osoba1""		328.80002	328800	330.90002	330900	3.100006	3100	""osoba1""
""osoba1""		329.40002	329400	330.90002	330900	2.5	2500	""osoba1""
""osoba1""		330.30002	330300	330.90002	330900	1.6000061	1600	""osoba1""
""osoba4""		330.6	330600	343.2	343200	13.600006	13600	""osoba4""
""osoba4""		333.0	333000	343.2	343200	11.200012	11200	""osoba4""
""osoba1""		333.30002	333300	334.2	334200	1.8999939	1899	""osoba1""
""osoba4""		338.1	338100	343.2	343200	6.100006	6100	""osoba4""
""osoba4""		338.7	338700	343.2	343200	5.5	5500	""osoba4""
""osoba1""		340.80002	340800	341.7	341700	1.8999939	1899	""osoba1""
""osoba2""		340.80002	340800	355.80002	355800	16.0	16000	""osoba2""
""osoba4""		340.80002	340800	343.2	343200	3.399994	3399	""osoba4""
""osoba2""		344.7	344700	355.80002	355800	12.100006	12100	""osoba2""
""osoba2""		345.90002	345900	355.80002	355800	10.899994	10899	""osoba2""
""osoba2""		350.1	350100	355.80002	355800	6.700012	6700	""osoba2""
""osoba2""		351.90002	351900	355.80002	355800	4.899994	4899	""osoba2""
""osoba2""		353.40002	353400	355.80002	355800	3.399994	3399	""osoba2""
""osoba1""		355.2	355200	415.50003	415500	61.30002	61300	""osoba1""
""osoba1""		356.7	356700	415.50003	415500	59.80002	59800	""osoba1""
""osoba1""		357.30002	357300	415.50003	415500	59.200012	59200	""osoba1""
""osoba1""		358.2	358200	415.50003	415500	58.30002	58300	""osoba1""
""osoba1""		359.7	359700	415.50003	415500	56.80002	56800	""osoba1""
""osoba3""		362.40002	362400	362.7	362700	1.2999878	1299	""osoba3""
""osoba2""		363.30002	363300	365.1	365100	2.7999878	2799	""osoba2""
""osoba1""		368.40002	368400	415.50003	415500	48.100006	48100	""osoba1""
""osoba1""		369.0	369000	415.50003	415500	47.50003	47500	""osoba1""
""osoba1""		369.6	369600	415.50003	415500	46.900024	46900	""osoba1""
""osoba1""		375.30002	375300	415.50003	415500	41.200012	41200	""osoba1""
""osoba1""		377.7	377700	415.50003	415500	38.80002	38800	""osoba1""
""osoba1""		380.7	380700	415.50003	415500	35.80002	35800	""osoba1""
""osoba1""		381.6	381600	415.50003	415500	34.900024	34900	""osoba1""
""osoba2""		381.6	381600	381.6	381600	1.0	1000	""osoba2""
""osoba1""		383.1	383100	415.50003	415500	33.400024	33400	""osoba1""
""osoba1""		383.7	383700	415.50003	415500	32.80002	32800	""osoba1""
""osoba1""		384.90002	384900	415.50003	415500	31.600006	31600	""osoba1""
""osoba1""		387.30002	387300	415.50003	415500	29.200012	29200	""osoba1""
""osoba1""		387.90002	387900	415.50003	415500	28.600006	28600	""osoba1""
""osoba1""		389.1	389100	415.50003	415500	27.400024	27400	""osoba1""
""osoba2""		390.6	390600	391.80002	391800	2.2000122	2200	""osoba2""
""osoba4""		391.2	391200	393.00003	393000	2.8000183	2800	""osoba4""
""osoba1""		392.40002	392400	415.50003	415500	24.100006	24100	""osoba1""
""osoba3""		393.6	393600	393.6	393600	1.0	1000	""osoba3""
""osoba1""		396.00003	396000	415.50003	415500	20.5	20500	""osoba1""
""osoba1""		398.40002	398400	415.50003	415500	18.100006	18100	""osoba1""
""osoba1""		400.2	400200	415.50003	415500	16.300018	16300	""osoba1""
""osoba1""		401.7	401700	415.50003	415500	14.800018	14800	""osoba1""
""osoba1""		402.90002	402900	415.50003	415500	13.600006	13600	""osoba1""
""osoba1""		403.50003	403500	415.50003	415500	13.0	13000	""osoba1""
""osoba1""		404.40002	404400	415.50003	415500	12.100006	12100	""osoba1""
""osoba1""		405.6	405600	415.50003	415500	10.900024	10900	""osoba1""
""osoba2""		406.80002	406800	408.30002	408300	2.5	2500	""osoba2""
""osoba1""		409.50003	409500	415.50003	415500	7.0	7000	""osoba1""
""osoba1""		411.30002	411300	415.50003	415500	5.200012	5200	""osoba1""
""osoba1""		412.2	412200	415.50003	415500	4.3000183	4300	""osoba1""
""osoba1""		413.40002	413400	415.50003	415500	3.100006	3100	""osoba1""
""osoba1""		414.00003	414000	415.50003	415500	2.5	2500	""osoba1""
""osoba1""		414.6	414600	415.50003	415500	1.9000244	1900	""osoba1""
""osoba2""		415.2	415200	421.2	421200	7.0	7000	""osoba2""
""osoba2""		417.30002	417300	421.2	421200	4.899994	4899	""osoba2""
""osoba1""		418.50003	418500	422.40002	422400	4.899994	4899	""osoba1""
""osoba3""		422.1	422100	428.40002	428400	7.3000183	7300	""osoba3""
""osoba3""		424.80002	424800	428.40002	428400	4.600006	4600	""osoba3""
""osoba1""		425.40002	425400	426.30002	426300	1.8999939	1899	""osoba1""
""osoba3""		425.40002	425400	428.40002	428400	4.0	4000	""osoba3""
""osoba3""		426.00003	426000	428.40002	428400	3.399994	3399	""osoba3""
""osoba3""		426.6	426600	428.40002	428400	2.8000183	2800	""osoba3""
""osoba3""		427.2	427200	428.40002	428400	2.2000122	2200	""osoba3""
""osoba1""		429.00003	429000	438.00003	438000	10.0	10000	""osoba1""
""osoba1""		432.00003	432000	438.00003	438000	7.0	7000	""osoba1""
""osoba1""		435.30002	435300	438.00003	438000	3.7000122	3700	""osoba1""
""osoba1""		435.90002	435900	438.00003	438000	3.100006	3100	""osoba1""
""osoba2""		435.90002	435900	442.50003	442500	7.600006	7600	""osoba2""
""osoba1""		436.80002	436800	438.00003	438000	2.2000122	2200	""osoba1""
""osoba2""		439.80002	439800	442.50003	442500	3.7000122	3700	""osoba2""
""osoba1""		440.40002	440400	440.40002	440400	1.0	1000	""osoba1""
""osoba2""		441.30002	441300	442.50003	442500	2.2000122	2200	""osoba2""
""osoba2""		441.90002	441900	442.50003	442500	1.6000061	1600	""osoba2""
""osoba3""		442.2	442200	449.7	449700	8.5	8500	""osoba3""
""osoba1""		442.80002	442800	444.6	444600	2.7999878	2799	""osoba1""
""osoba3""		445.2	445200	449.7	449700	5.5	5500	""osoba3""
""osoba3""		446.7	446700	449.7	449700	4.0	4000	""osoba3""
""osoba3""		447.6	447600	449.7	449700	3.100006	3100	""osoba3""
""osoba3""		449.1	449100	449.7	449700	1.6000061	1600	""osoba3""
""osoba2""		450.6	450600	461.1	461100	11.5	11500	""osoba2""
""osoba2""		453.30002	453300	461.1	461100	8.799988	8799	""osoba2""
""osoba2""		457.50003	457500	461.1	461100	4.5999756	4599	""osoba2""
""osoba4""		459.6	459600	481.80002	481800	23.200012	23200	""osoba4""
""osoba4""		461.7	461700	481.80002	481800	21.100006	21100	""osoba4""
""osoba4""		465.6	465600	481.80002	481800	17.200012	17200	""osoba4""
""osoba4""		468.30002	468300	481.80002	481800	14.5	14500	""osoba4""
""osoba2""		468.90002	468900	469.80002	469800	1.8999939	1899	""osoba2""
""osoba4""		468.90002	468900	481.80002	481800	13.899994	13899	""osoba4""
""osoba1""		470.1	470100	470.1	470100	1.0	1000	""osoba1""
""osoba4""		470.7	470700	481.80002	481800	12.100006	12100	""osoba4""
""osoba4""		471.90002	471900	481.80002	481800	10.899994	10899	""osoba4""
""osoba4""		472.50003	472500	481.80002	481800	10.299988	10299	""osoba4""
""osoba4""		473.1	473100	481.80002	481800	9.700012	9700	""osoba4""
""osoba4""		474.6	474600	481.80002	481800	8.200012	8200	""osoba4""
""osoba2""		474.90002	474900	474.90002	474900	1.0	1000	""osoba2""
""osoba3""		480.90002	480900	493.50003	493500	13.600006	13600	""osoba3""
""osoba1""		482.40002	482400	483.00003	483000	1.6000061	1600	""osoba1""
""osoba3""		485.7	485700	493.50003	493500	8.800018	8800	""osoba3""
""osoba3""		486.6	486600	493.50003	493500	7.9000244	7900	""osoba3""
""osoba3""		487.50003	487500	493.50003	493500	7.0	7000	""osoba3""
""osoba3""		489.30002	489300	493.50003	493500	5.200012	5200	""osoba3""
""osoba3""		490.2	490200	493.50003	493500	4.3000183	4300	""osoba3""
""osoba3""		490.80002	490800	493.50003	493500	3.7000122	3700	""osoba3""
""osoba1""		491.1	491100	493.2	493200	3.100006	3100	""osoba1""
""osoba3""		491.40002	491400	493.50003	493500	3.100006	3100	""osoba3""
""osoba2""		492.90002	492900	557.10004	557100	65.20001	65200	""osoba2""
""osoba1""		493.2	493200	493.2	493200	1.0	1000	""osoba1""
""osoba2""		495.90002	495900	557.10004	557100	62.200012	62200	""osoba2""
""osoba2""		497.40002	497400	557.10004	557100	60.700012	60700	""osoba2""
""osoba2""		498.00003	498000	557.10004	557100	60.100006	60100	""osoba2""
""osoba2""		499.2	499200	557.10004	557100	58.900024	58900	""osoba2""
""osoba2""		499.80002	499800	557.10004	557100	58.30002	58300	""osoba2""
""osoba1""		502.2	502200	503.7	503700	2.5	2500	""osoba1""
""osoba2""		504.90002	504900	557.10004	557100	53.200012	53200	""osoba2""
""osoba2""		506.1	506100	557.10004	557100	52.00003	52000	""osoba2""
""osoba2""		507.30002	507300	557.10004	557100	50.80002	50800	""osoba2""
""osoba2""		507.90002	507900	557.10004	557100	50.200012	50200	""osoba2""
""osoba2""		508.50003	508500	557.10004	557100	49.600006	49600	""osoba2""
""osoba2""		510.00003	510000	557.10004	557100	48.100006	48100	""osoba2""
""osoba2""		511.50003	511500	557.10004	557100	46.600006	46600	""osoba2""
""osoba2""		513.9	513900	557.10004	557100	44.200012	44200	""osoba2""
""osoba1""		514.80005	514800	517.80005	517800	4.0	4000	""osoba1""
""osoba2""		514.80005	514800	557.10004	557100	43.299988	43299	""osoba2""
""osoba2""		516.9	516900	557.10004	557100	41.200012	41200	""osoba2""
""osoba2""		518.7	518700	557.10004	557100	39.400024	39400	""osoba2""
""osoba2""		519.30005	519300	557.10004	557100	38.799988	38799	""osoba2""
""osoba2""		519.9	519900	557.10004	557100	38.200012	38200	""osoba2""
""osoba2""		521.7	521700	557.10004	557100	36.400024	36400	""osoba2""
""osoba2""		523.5	523500	557.10004	557100	34.600037	34600	""osoba2""
""osoba4""		525.30005	525300	525.9	525900	1.5999756	1599	""osoba4""
""osoba1""		529.80005	529800	532.80005	532800	4.0	4000	""osoba1""
""osoba2""		531.0	531000	557.10004	557100	27.100037	27100	""osoba2""
""osoba1""		536.10004	536100	536.10004	536100	1.0	1000	""osoba1""
""osoba2""		540.0	540000	557.10004	557100	18.100037	18100	""osoba2""
""osoba1""		540.30005	540300	540.30005	540300	1.0	1000	""osoba1""
""osoba3""		541.5	541500	541.5	541500	1.0	1000	""osoba3""
""osoba2""		543.0	543000	557.10004	557100	15.100037	15100	""osoba2""
""osoba2""		543.9	543900	557.10004	557100	14.200012	14200	""osoba2""
""osoba2""		545.7	545700	557.10004	557100	12.400024	12400	""osoba2""
""osoba2""		547.2	547200	557.10004	557100	10.900024	10900	""osoba2""
""osoba2""		549.9	549900	557.10004	557100	8.200012	8200	""osoba2""
""osoba2""		550.5	550500	557.10004	557100	7.6000366	7600	""osoba2""
""osoba2""		551.4	551400	557.10004	557100	6.700012	6700	""osoba2""
""osoba2""		552.0	552000	557.10004	557100	6.1000366	6100	""osoba2""
""osoba2""		553.2	553200	557.10004	557100	4.9000244	4900	""osoba2""
""osoba1""		555.0	555000	563.4	563400	9.400024	9400	""osoba1""
""osoba3""		557.7	557700	558.30005	558300	1.6000366	1600	""osoba3""
""osoba1""		559.2	559200	563.4	563400	5.200012	5200	""osoba1""
""osoba2""		559.80005	559800	559.80005	559800	1.0	1000	""osoba2""
""osoba1""		562.2	562200	563.4	563400	2.2000122	2200	""osoba1""
""osoba3""		562.5	562500	573.30005	573300	11.800049	11800	""osoba3""
""osoba2""		564.30005	564300	564.30005	564300	1.0	1000	""osoba2""
""osoba3""		565.80005	565800	573.30005	573300	8.5	8500	""osoba3""
""osoba3""		569.7	569700	573.30005	573300	4.6000366	4600	""osoba3""
""osoba2""		572.7	572700	585.0	585000	13.299988	13299	""osoba2""
""osoba3""		572.7	572700	573.30005	573300	1.6000366	1600	""osoba3""
""osoba2""		574.80005	574800	585.0	585000	11.199951	11199	""osoba2""
""osoba2""		575.7	575700	585.0	585000	10.299988	10299	""osoba2""
""osoba2""		576.9	576900	585.0	585000	9.099976	9099	""osoba2""
""osoba2""		577.5	577500	585.0	585000	8.5	8500	""osoba2""
""osoba2""		580.5	580500	585.0	585000	5.5	5500	""osoba2""
""osoba2""		581.4	581400	585.0	585000	4.5999756	4599	""osoba2""
""osoba1""		581.7	581700	593.7	593700	13.0	13000	""osoba1""
""osoba2""		582.60004	582600	585.0	585000	3.3999634	3399	""osoba2""
""osoba3""		584.7	584700	585.9	585900	2.2000122	2200	""osoba3""
""osoba1""		591.0	591000	593.7	593700	3.7000122	3700	""osoba1""
""osoba1""		591.60004	591600	593.7	593700	3.0999756	3099	""osoba1""
""osoba1""		592.2	592200	593.7	593700	2.5	2500	""osoba1""
""osoba1""		593.10004	593100	593.7	593700	1.5999756	1599	""osoba1""
""osoba3""		593.7	593700	596.10004	596100	3.4000244	3400	""osoba3""
""osoba2""		594.60004	594600	594.9	594900	1.2999878	1299	""osoba2""
""osoba4""		595.80005	595800	612.30005	612300	17.5	17500	""osoba4""
""osoba1""		596.10004	596100	596.10004	596100	1.0	1000	""osoba1""
""osoba2""		597.0	597000	598.2	598200	2.2000122	2200	""osoba2""
""osoba4""		598.80005	598800	612.30005	612300	14.5	14500	""osoba4""
""osoba4""		599.4	599400	612.30005	612300	13.900024	13900	""osoba4""
""osoba4""		602.4	602400	612.30005	612300	10.900024	10900	""osoba4""
""osoba4""		603.30005	603300	612.30005	612300	10.0	10000	""osoba4""
""osoba3""		603.60004	603600	603.9	603900	1.2999878	1299	""osoba3""
""osoba1""		604.80005	604800	606.60004	606600	2.7999878	2799	""osoba1""
""osoba4""		604.80005	604800	612.30005	612300	8.5	8500	""osoba4""
""osoba4""		607.5	607500	612.30005	612300	5.800049	5800	""osoba4""
""osoba4""		609.60004	609600	612.30005	612300	3.7000122	3700	""osoba4""
""osoba4""		610.80005	610800	612.30005	612300	2.5	2500	""osoba4""
""osoba3""		611.4	611400	614.10004	614100	3.7000122	3700	""osoba3""
""osoba4""		611.7	611700	612.30005	612300	1.6000366	1600	""osoba4""
""osoba1""		613.80005	613800	618.0	618000	5.199951	5199	""osoba1""
""osoba3""		614.10004	614100	614.10004	614100	1.0	1000	""osoba3""
""osoba2""		616.5	616500	621.0	621000	5.5	5500	""osoba2""
""osoba1""		616.80005	616800	618.0	618000	2.1999512	2199	""osoba1""
""osoba1""		620.4	620400	655.2	655200	35.799988	35799	""osoba1""
""osoba1""		623.10004	623100	655.2	655200	33.099976	33099	""osoba1""
""osoba1""		624.30005	624300	655.2	655200	31.899963	31899	""osoba1""
""osoba2""		624.9	624900	625.2	625200	1.2999878	1299	""osoba2""
""osoba1""		627.60004	627600	655.2	655200	28.599976	28599	""osoba1""
""osoba1""		628.5	628500	655.2	655200	27.700012	27700	""osoba1""
""osoba1""		633.0	633000	655.2	655200	23.200012	23200	""osoba1""
""osoba1""		636.0	636000	655.2	655200	20.200012	20200	""osoba1""
""osoba1""		639.60004	639600	655.2	655200	16.599976	16599	""osoba1""
""osoba1""		640.2	640200	655.2	655200	16.0	16000	""osoba1""
""osoba1""		640.80005	640800	655.2	655200	15.399963	15399	""osoba1""
""osoba1""		641.7	641700	655.2	655200	14.5	14500	""osoba1""
""osoba4""		643.2	643200	643.2	643200	1.0	1000	""osoba4""
""osoba1""		643.80005	643800	655.2	655200	12.399963	12399	""osoba1""
""osoba1""		646.80005	646800	655.2	655200	9.399963	9399	""osoba1""
""osoba1""		647.4	647400	655.2	655200	8.799988	8799	""osoba1""
""osoba1""		648.30005	648300	655.2	655200	7.8999634	7899	""osoba1""
""osoba1""		649.80005	649800	655.2	655200	6.3999634	6399	""osoba1""
""osoba4""		651.9	651900	675.60004	675600	24.700012	24700	""osoba4""
""osoba4""		654.60004	654600	675.60004	675600	22.0	22000	""osoba4""
""osoba1""		655.2	655200	655.2	655200	1.0	1000	""osoba1""
""osoba3""		655.2	655200	657.9	657900	3.7000122	3700	""osoba3""
""osoba4""		656.10004	656100	675.60004	675600	20.5	20500	""osoba4""
""osoba1""		659.10004	659100	660.0	660000	1.8999634	1899	""osoba1""
""osoba4""		664.2	664200	675.60004	675600	12.400024	12400	""osoba4""
""osoba4""		665.7	665700	675.60004	675600	10.900024	10900	""osoba4""
""osoba4""		667.80005	667800	675.60004	675600	8.799988	8799	""osoba4""
""osoba4""		668.4	668400	675.60004	675600	8.200012	8200	""osoba4""
""osoba4""		670.2	670200	675.60004	675600	6.4000244	6400	""osoba4""
""osoba4""		671.4	671400	675.60004	675600	5.200012	5200	""osoba4""
""osoba4""		673.2	673200	675.60004	675600	3.4000244	3400	""osoba4""
""osoba1""		673.80005	673800	674.10004	674100	1.2999878	1299	""osoba1""
""osoba2""		676.2	676200	697.80005	697800	22.600037	22600	""osoba2""
""osoba2""		677.10004	677100	697.80005	697800	21.700012	21700	""osoba2""
""osoba2""		678.9	678900	697.80005	697800	19.900024	19900	""osoba2""
""osoba2""		680.10004	680100	697.80005	697800	18.700012	18700	""osoba2""
""osoba2""		684.30005	684300	697.80005	697800	14.5	14500	""osoba2""
""osoba2""		686.10004	686100	697.80005	697800	12.700012	12700	""osoba2""
""osoba2""		687.60004	687600	697.80005	697800	11.200012	11200	""osoba2""
""osoba2""		688.5	688500	697.80005	697800	10.300049	10300	""osoba2""
""osoba2""		692.7	692700	697.80005	697800	6.1000366	6100	""osoba2""
""osoba2""		696.0	696000	697.80005	697800	2.8000488	2800	""osoba2""
""osoba2""		696.60004	696600	697.80005	697800	2.2000122	2200	""osoba2""
""osoba2""		697.5	697500	697.80005	697800	1.3000488	1300	""osoba2""
""osoba3""		697.80005	697800	711.30005	711300	14.5	14500	""osoba3""
""osoba4""		697.80005	697800	699.30005	699300	2.5	2500	""osoba4""
""osoba3""		701.10004	701100	711.30005	711300	11.200012	11200	""osoba3""
""osoba3""		702.30005	702300	711.30005	711300	10.0	10000	""osoba3""
""osoba3""		703.2	703200	711.30005	711300	9.100037	9100	""osoba3""
""osoba3""		704.10004	704100	711.30005	711300	8.200012	8200	""osoba3""
""osoba3""		706.5	706500	711.30005	711300	5.800049	5800	""osoba3""
""osoba3""		708.9	708900	711.30005	711300	3.4000244	3400	""osoba3""
""osoba3""		711.0	711000	711.30005	711300	1.3000488	1300	""osoba3""
""osoba1""		711.60004	711600	712.5	712500	1.8999634	1899	""osoba1""
""osoba1""		712.2	712200	712.5	712500	1.2999878	1299	""osoba1""
""osoba4""		712.5	712500	721.2	721200	9.700012	9700	""osoba4""
""osoba4""		714.30005	714300	721.2	721200	7.8999634	7899	""osoba4""
""osoba4""		714.9	714900	721.2	721200	7.299988	7299	""osoba4""
""osoba3""		715.2	715200	715.5	715500	1.2999878	1299	""osoba3""
""osoba1""		717.9	717900	717.9	717900	1.0	1000	""osoba1""
""osoba4""		719.4	719400	721.2	721200	2.7999878	2799	""osoba4""
""osoba1""		720.9	720900	734.4	734400	14.5	14500	""osoba1""
""osoba4""		720.9	720900	721.2	721200	1.2999878	1299	""osoba4""
""osoba1""		722.4	722400	734.4	734400	13.0	13000	""osoba1""
""osoba1""		723.0	723000	734.4	734400	12.400024	12400	""osoba1""
""osoba1""		724.2	724200	734.4	734400	11.200012	11200	""osoba1""
""osoba1""		725.10004	725100	734.4	734400	10.299988	10299	""osoba1""
""osoba1""		726.9	726900	734.4	734400	8.5	8500	""osoba1""
""osoba1""		728.10004	728100	734.4	734400	7.299988	7299	""osoba1""
""osoba4""		728.4	728400	729.30005	729300	1.9000244	1900	""osoba4""
""osoba1""		731.7	731700	734.4	734400	3.7000122	3700	""osoba1""
""osoba4""		732.30005	732300	732.30005	732300	1.0	1000	""osoba4""
""osoba2""		733.5	733500	733.5	733500	1.0	1000	""osoba2""
""osoba3""		733.5	733500	755.4	755400	22.900024	22900	""osoba3""
""osoba3""		738.60004	738600	755.4	755400	17.799988	17799	""osoba3""
""osoba3""		747.0	747000	755.4	755400	9.400024	9400	""osoba3""
""osoba1""		747.30005	747300	747.30005	747300	1.0	1000	""osoba1""
""osoba3""		747.60004	747600	755.4	755400	8.799988	8799	""osoba3""
""osoba1""		753.9	753900	765.30005	765300	12.400024	12400	""osoba1""
""osoba3""		753.9	753900	755.4	755400	2.5	2500	""osoba3""
""osoba4""		755.7	755700	755.7	755700	1.0	1000	""osoba4""
""osoba1""		759.30005	759300	765.30005	765300	7.0	7000	""osoba1""
""osoba1""		760.5	760500	765.30005	765300	5.800049	5800	""osoba1""
""osoba1""		762.60004	762600	765.30005	765300	3.7000122	3700	""osoba1""
""osoba1""		763.5	763500	765.30005	765300	2.8000488	2800	""osoba1""
""osoba4""		765.30005	765300	766.5	766500	2.1999512	2199	""osoba4""
""osoba2""		766.5	766500	768.60004	768600	3.1000366	3100	""osoba2""
""osoba4""		766.5	766500	766.5	766500	1.0	1000	""osoba4""
""osoba2""		767.7	767700	768.60004	768600	1.9000244	1900	""osoba2""
""osoba2""		768.60004	768600	768.60004	768600	1.0	1000	""osoba2""
""osoba4""		768.60004	768600	782.10004	782100	14.5	14500	""osoba4""
""osoba4""		770.4	770400	782.10004	782100	12.700012	12700	""osoba4""
""osoba4""		774.30005	774300	782.10004	782100	8.799988	8799	""osoba4""
""osoba2""		774.60004	774600	775.80005	775800	2.2000122	2200	""osoba2""
""osoba1""		774.9	774900	775.50006	775500	1.6000366	1600	""osoba1""
""osoba4""		777.9	777900	782.10004	782100	5.200012	5200	""osoba4""
""osoba4""		779.4	779400	782.10004	782100	3.7000122	3700	""osoba4""
""osoba1""		780.00006	780000	791.10004	791100	12.099976	12099	""osoba1""
""osoba4""		780.00006	780000	782.10004	782100	3.0999756	3099	""osoba4""
""osoba2""		784.80005	784800	784.80005	784800	1.0	1000	""osoba2""
""osoba1""		785.10004	785100	791.10004	791100	7.0	7000	""osoba1""
""osoba4""		786.00006	786000	786.30005	786300	1.2999878	1299	""osoba4""
""osoba1""		787.50006	787500	791.10004	791100	4.5999756	4599	""osoba1""
""osoba1""		788.4	788400	791.10004	791100	3.7000122	3700	""osoba1""
""osoba1""		790.2	790200	791.10004	791100	1.9000244	1900	""osoba1""
""osoba3""		790.80005	790800	802.80005	802800	13.0	13000	""osoba3""
""osoba1""		791.10004	791100	791.10004	791100	1.0	1000	""osoba1""
""osoba3""		792.00006	792000	802.80005	802800	11.799988	11799	""osoba3""
""osoba2""		792.9	792900	792.9	792900	1.0	1000	""osoba2""
""osoba3""		796.50006	796500	802.80005	802800	7.299988	7299	""osoba3""
""osoba3""		797.7	797700	802.80005	802800	6.1000366	6100	""osoba3""
""osoba1""		798.9	798900	840.00006	840000	42.100037	42100	""osoba1""
""osoba3""		800.4	800400	802.80005	802800	3.4000244	3400	""osoba3""
""osoba1""		801.00006	801000	840.00006	840000	40.0	40000	""osoba1""
""osoba1""		801.60004	801600	840.00006	840000	39.400024	39400	""osoba1""
""osoba2""		801.9	801900	804.30005	804300	3.4000244	3400	""osoba2""
""osoba1""		803.7	803700	840.00006	840000	37.30005	37300	""osoba1""
""osoba1""		805.2	805200	840.00006	840000	35.80005	35800	""osoba1""
""osoba1""		806.4	806400	840.00006	840000	34.600037	34600	""osoba1""
""osoba1""		808.2	808200	840.00006	840000	32.80005	32800	""osoba1""
""osoba1""		810.00006	810000	840.00006	840000	31.0	31000	""osoba1""
""osoba1""		811.80005	811800	840.00006	840000	29.200012	29200	""osoba1""
""osoba1""		814.2	814200	840.00006	840000	26.800049	26800	""osoba1""
""osoba1""		815.4	815400	840.00006	840000	25.600037	25600	""osoba1""
""osoba1""		819.9	819900	840.00006	840000	21.100037	21100	""osoba1""
""osoba1""		820.50006	820500	840.00006	840000	20.5	20500	""osoba1""
""osoba1""		822.30005	822300	840.00006	840000	18.700012	18700	""osoba1""
""osoba1""		823.50006	823500	840.00006	840000	17.5	17500	""osoba1""
""osoba1""		824.7	824700	840.00006	840000	16.300049	16300	""osoba1""
""osoba1""		825.9	825900	840.00006	840000	15.100037	15100	""osoba1""
""osoba2""		827.10004	827100	828.9	828900	2.7999878	2799	""osoba2""
""osoba1""		828.30005	828300	840.00006	840000	12.700012	12700	""osoba1""
""osoba1""		829.50006	829500	840.00006	840000	11.5	11500	""osoba1""
""osoba1""		833.4	833400	840.00006	840000	7.6000366	7600	""osoba1""
""osoba1""		834.9	834900	840.00006	840000	6.1000366	6100	""osoba1""
""osoba2""		836.10004	836100	836.10004	836100	1.0	1000	""osoba2""
""osoba1""		837.60004	837600	840.00006	840000	3.4000244	3400	""osoba1""
""osoba4""		840.30005	840300	843.60004	843600	4.299988	4299	""osoba4""
""osoba3""		840.60004	840600	844.50006	844500	4.9000244	4900	""osoba3""
""osoba1""		843.00006	843000	848.10004	848100	6.0999756	6099	""osoba1""
""osoba1""		845.7	845700	848.10004	848100	3.4000244	3400	""osoba1""
""osoba1""		846.60004	846600	848.10004	848100	2.5	2500	""osoba1""
""osoba1""		847.2	847200	848.10004	848100	1.9000244	1900	""osoba1""
""osoba3""		848.10004	848100	858.00006	858000	10.900024	10900	""osoba3""
""osoba3""		849.60004	849600	858.00006	858000	9.400024	9400	""osoba3""
""osoba4""		849.9	849900	861.00006	861000	12.100037	12100	""osoba4""
""osoba1""		850.2	850200	851.7	851700	2.5	2500	""osoba1""
""osoba4""		852.9	852900	861.00006	861000	9.100037	9100	""osoba4""
""osoba4""		854.10004	854100	861.00006	861000	7.9000244	7900	""osoba4""
""osoba3""		856.50006	856500	858.00006	858000	2.5	2500	""osoba3""
""osoba4""		858.00006	858000	861.00006	861000	4.0	4000	""osoba4""
""osoba1""		859.2	859200	871.2	871200	13.0	13000	""osoba1""
""osoba4""		860.7	860700	861.00006	861000	1.3000488	1300	""osoba4""
""osoba1""		861.9	861900	871.2	871200	10.299988	10299	""osoba1""
""osoba1""		862.50006	862500	871.2	871200	9.699951	9699	""osoba1""
""osoba1""		866.10004	866100	871.2	871200	6.0999756	6099	""osoba1""
""osoba1""		868.50006	868500	871.2	871200	3.6999512	3699	""osoba1""
""osoba2""		869.10004	869100	882.9	882900	14.799988	14799	""osoba2""
""osoba2""		872.10004	872100	882.9	882900	11.799988	11799	""osoba2""
""osoba2""		873.9	873900	882.9	882900	10.0	10000	""osoba2""
""osoba2""		875.10004	875100	882.9	882900	8.799988	8799	""osoba2""
""osoba2""		876.00006	876000	882.9	882900	7.8999634	7899	""osoba2""
""osoba3""		876.30005	876300	876.9	876900	1.5999756	1599	""osoba3""
""osoba2""		876.60004	876600	882.9	882900	7.299988	7299	""osoba2""
""osoba1""		880.2	880200	883.50006	883500	4.300049	4300	""osoba1""
""osoba2""		881.10004	881100	882.9	882900	2.7999878	2799	""osoba2""
""osoba3""		882.9	882900	892.2	892200	10.299988	10299	""osoba3""
""osoba3""		888.30005	888300	892.2	892200	4.8999634	4899	""osoba3""
""osoba2""		890.10004	890100	890.4	890400	1.2999878	1299	""osoba2""
""osoba3""		890.10004	890100	892.2	892200	3.0999756	3099	""osoba3""
""osoba1""		892.2	892200	934.2	934200	43.0	43000	""osoba1""
""osoba1""		893.10004	893100	934.2	934200	42.099976	42099	""osoba1""
""osoba1""		894.9	894900	934.2	934200	40.299988	40299	""osoba1""
""osoba1""		895.50006	895500	934.2	934200	39.69995	39699	""osoba1""
""osoba1""		896.4	896400	934.2	934200	38.799988	38799	""osoba1""
""osoba1""		897.00006	897000	934.2	934200	38.19995	38199	""osoba1""
""osoba1""		898.80005	898800	934.2	934200	36.399963	36399	""osoba1""
""osoba1""		901.50006	901500	934.2	934200	33.69995	33699	""osoba1""
""osoba1""		904.2	904200	934.2	934200	31.0	31000	""osoba1""
""osoba1""		905.10004	905100	934.2	934200	30.099976	30099	""osoba1""
""osoba1""		909.9	909900	934.2	934200	25.299988	25299	""osoba1""
""osoba1""		913.80005	913800	934.2	934200	21.399963	21399	""osoba1""
""osoba2""		918.9	918900	919.50006	919500	1.6000366	1600	""osoba2""
""osoba1""		921.00006	921000	934.2	934200	14.199951	14199	""osoba1""
""osoba1""		921.9	921900	934.2	934200	13.299988	13299	""osoba1""
""osoba1""		922.50006	922500	934.2	934200	12.699951	12699	""osoba1""
""osoba1""		923.4	923400	934.2	934200	11.799988	11799	""osoba1""
""osoba2""		923.7	923700	924.60004	924600	1.9000244	1900	""osoba2""
""osoba1""		927.30005	927300	934.2	934200	7.8999634	7899	""osoba1""
""osoba1""		929.4	929400	934.2	934200	5.799988	5799	""osoba1""
""osoba1""		932.7	932700	934.2	934200	2.5	2500	""osoba1""
""osoba1""		933.60004	933600	934.2	934200	1.5999756	1599	""osoba1""
""osoba2""		933.9	933900	943.2	943200	10.299988	10299	""osoba2""
""osoba4""		933.9	933900	935.7	935700	2.7999878	2799	""osoba4""
""osoba2""		938.10004	938100	943.2	943200	6.0999756	6099	""osoba2""
""osoba4""		938.10004	938100	939.60004	939600	2.5	2500	""osoba4""
""osoba1""		939.30005	939300	959.10004	959100	20.799988	20799	""osoba1""
""osoba1""		943.2	943200	959.10004	959100	16.900024	16900	""osoba1""
""osoba1""		945.00006	945000	959.10004	959100	15.099976	15099	""osoba1""
""osoba1""		946.50006	946500	959.10004	959100	13.599976	13599	""osoba1""
""osoba1""		947.4	947400	959.10004	959100	12.700012	12700	""osoba1""
""osoba1""		948.00006	948000	959.10004	959100	12.099976	12099	""osoba1""
""osoba1""		948.9	948900	959.10004	959100	11.200012	11200	""osoba1""
""osoba1""		950.7	950700	959.10004	959100	9.400024	9400	""osoba1""
""osoba1""		953.7	953700	959.10004	959100	6.4000244	6400	""osoba1""
""osoba1""		954.60004	954600	959.10004	959100	5.5	5500	""osoba1""
""osoba3""		955.2	955200	962.10004	962100	7.9000244	7900	""osoba3""
""osoba1""		956.7	956700	959.10004	959100	3.4000244	3400	""osoba1""
""osoba1""		958.2	958200	959.10004	959100	1.9000244	1900	""osoba1""
""osoba3""		960.60004	960600	962.10004	962100	2.5	2500	""osoba3""
""osoba3""		961.80005	961800	962.10004	962100	1.2999878	1299	""osoba3""
""osoba1""		962.10004	962100	969.9	969900	8.799988	8799	""osoba1""
""osoba1""		964.2	964200	969.9	969900	6.700012	6700	""osoba1""
""osoba1""		966.9	966900	969.9	969900	4.0	4000	""osoba1""
""osoba2""		970.2	970200	975.9	975900	6.700012	6700	""osoba2""
""osoba2""		971.7	971700	975.9	975900	5.200012	5200	""osoba2""
""osoba1""		972.60004	972600	981.60004	981600	10.0	10000	""osoba1""
""osoba1""		973.2	973200	981.60004	981600	9.400024	9400	""osoba1""
""osoba1""		975.30005	975300	981.60004	981600	7.299988	7299	""osoba1""
""osoba3""		975.30005	975300	975.30005	975300	1.0	1000	""osoba3""
""osoba1""		978.9	978900	981.60004	981600	3.7000122	3700	""osoba1""
""osoba3""		978.9	978900	993.9	993900	16.0	16000	""osoba3""
""osoba1""		979.50006	979500	981.60004	981600	3.0999756	3099	""osoba1""
""osoba3""		982.80005	982800	993.9	993900	12.099976	12099	""osoba3""
""osoba3""		984.30005	984300	993.9	993900	10.599976	10599	""osoba3""
""osoba3""		985.50006	985500	993.9	993900	9.399963	9399	""osoba3""
""osoba1""		986.10004	986100	988.80005	988800	3.7000122	3700	""osoba1""
""osoba3""		988.50006	988500	993.9	993900	6.3999634	6399	""osoba3""
""osoba1""		991.2	991200	1005.30005	1005300	15.100037	15100	""osoba1""
""osoba3""		991.50006	991500	993.9	993900	3.3999634	3399	""osoba3""
""osoba1""		992.7	992700	1005.30005	1005300	13.600037	13600	""osoba1""
""osoba3""		993.30005	993300	993.9	993900	1.5999756	1599	""osoba3""
""osoba1""		995.10004	995100	1005.30005	1005300	11.200012	11200	""osoba1""
""osoba1""		996.00006	996000	1005.30005	1005300	10.299988	10299	""osoba1""
""osoba1""		997.50006	997500	1005.30005	1005300	8.799988	8799	""osoba1""
""osoba1""		1002.9	1002900	1005.30005	1005300	3.4000244	3400	""osoba1""
""osoba3""		1005.00006	1005000	1013.7	1013700	9.699951	9699	""osoba3""
""osoba3""		1008.00006	1008000	1013.7	1013700	6.699951	6699	""osoba3""
""osoba3""		1009.50006	1009500	1013.7	1013700	5.199951	5199	""osoba3""
""osoba3""		1011.00006	1011000	1013.7	1013700	3.6999512	3699	""osoba3""
""osoba4""		1013.4	1013400	1014.60004	1014600	2.2000122	2200	""osoba4""
""osoba1""		1013.7	1013700	1050.6001	1050600	37.900085	37900	""osoba1""
""osoba1""		1016.4	1016400	1050.6001	1050600	35.200073	35200	""osoba1""
""osoba1""		1017.00006	1017000	1050.6001	1050600	34.600037	34600	""osoba1""
""osoba1""		1019.7	1019700	1050.6001	1050600	31.900085	31900	""osoba1""
""osoba1""		1022.4	1022400	1050.6001	1050600	29.200073	29200	""osoba1""
""osoba1""		1027.2001	1027200	1050.6001	1050600	24.400024	24400	""osoba1""
""osoba1""		1029.0	1029000	1050.6001	1050600	22.600098	22600	""osoba1""
""osoba1""		1032.6001	1032600	1050.6001	1050600	19.0	19000	""osoba1""
""osoba4""		1038.0	1038000	1039.5	1039500	2.5	2500	""osoba4""
""osoba1""		1039.2001	1039200	1050.6001	1050600	12.400024	12400	""osoba1""
""osoba1""		1040.4	1040400	1050.6001	1050600	11.200073	11200	""osoba1""
""osoba1""		1042.8	1042800	1050.6001	1050600	8.800049	8800	""osoba1""
""osoba1""		1044.6001	1044600	1050.6001	1050600	7.0	7000	""osoba1""
""osoba1""		1045.5	1045500	1050.6001	1050600	6.1000977	6100	""osoba1""
""osoba1""		1049.1001	1049100	1050.6001	1050600	2.5	2500	""osoba1""
""osoba3""		1049.1001	1049100	1062.6001	1062600	14.5	14500	""osoba3""
""osoba3""		1052.4	1052400	1062.6001	1062600	11.200073	11200	""osoba3""
""osoba3""		1053.0	1053000	1062.6001	1062600	10.600098	10600	""osoba3""
""osoba3""		1054.8	1054800	1062.6001	1062600	8.800049	8800	""osoba3""
""osoba4""		1054.8	1054800	1055.1001	1055100	1.3000488	1300	""osoba4""
""osoba3""		1056.3	1056300	1062.6001	1062600	7.300049	7300	""osoba3""
""osoba1""		1056.6001	1056600	1057.2001	1057200	1.5999756	1599	""osoba1""
""osoba3""		1057.8	1057800	1062.6001	1062600	5.800049	5800	""osoba3""
""osoba3""		1059.3	1059300	1062.6001	1062600	4.300049	4300	""osoba3""
""osoba3""		1060.5	1060500	1062.6001	1062600	3.1000977	3100	""osoba3""
""osoba3""		1061.1001	1061100	1062.6001	1062600	2.5	2500	""osoba3""
""osoba4""		1061.7001	1061700	1080.3	1080300	19.599976	19599	""osoba4""
""osoba4""		1063.5	1063500	1080.3	1080300	17.800049	17800	""osoba4""
""osoba4""		1065.6001	1065600	1080.3	1080300	15.699951	15699	""osoba4""
""osoba1""		1065.9	1065900	1065.9	1065900	1.0	1000	""osoba1""
""osoba4""		1067.7001	1067700	1080.3	1080300	13.599976	13599	""osoba4""
""osoba4""		1071.0	1071000	1080.3	1080300	10.300049	10300	""osoba4""
""osoba3""		1071.9	1071900	1071.9	1071900	1.0	1000	""osoba3""
""osoba4""		1073.1001	1073100	1080.3	1080300	8.199951	8199	""osoba4""
""osoba4""		1074.6001	1074600	1080.3	1080300	6.699951	6699	""osoba4""
""osoba4""		1075.2001	1075200	1080.3	1080300	6.0999756	6099	""osoba4""
""osoba4""		1076.7001	1076700	1080.3	1080300	4.5999756	4599	""osoba4""
""osoba4""		1077.9	1077900	1080.3	1080300	3.4000244	3400	""osoba4""
""osoba1""		1079.7001	1079700	1115.1001	1115100	36.400024	36400	""osoba1""
""osoba3""		1080.3	1080300	1083.3	1083300	4.0	4000	""osoba3""
""osoba3""		1082.7001	1082700	1083.3	1083300	1.5999756	1599	""osoba3""
""osoba4""		1083.0	1083000	1083.6001	1083600	1.6000977	1600	""osoba4""
""osoba1""		1084.8	1084800	1115.1001	1115100	31.300049	31300	""osoba1""
""osoba1""		1085.4	1085400	1115.1001	1115100	30.700073	30700	""osoba1""
""osoba1""		1087.8	1087800	1115.1001	1115100	28.300049	28300	""osoba1""
""osoba1""		1089.9	1089900	1115.1001	1115100	26.200073	26200	""osoba1""
""osoba1""		1090.8	1090800	1115.1001	1115100	25.300049	25300	""osoba1""
""osoba1""		1091.4	1091400	1115.1001	1115100	24.700073	24700	""osoba1""
""osoba2""		1092.3	1092300	1092.6001	1092600	1.3000488	1300	""osoba2""
""osoba1""		1095.3	1095300	1115.1001	1115100	20.800049	20800	""osoba1""
""osoba2""		1095.9	1095900	1100.4	1100400	5.5	5500	""osoba2""
""osoba1""		1098.0	1098000	1115.1001	1115100	18.100098	18100	""osoba1""
""osoba2""		1098.0	1098000	1100.4	1100400	3.4000244	3400	""osoba2""
""osoba2""		1100.1001	1100100	1100.4	1100400	1.2999268	1299	""osoba2""
""osoba1""		1101.0	1101000	1115.1001	1115100	15.100098	15100	""osoba1""
""osoba1""		1101.9	1101900	1115.1001	1115100	14.200073	14200	""osoba1""
""osoba3""		1104.9	1104900	1111.8	1111800	7.9000244	7900	""osoba3""
""osoba1""		1105.8	1105800	1115.1001	1115100	10.300049	10300	""osoba1""
""osoba3""		1107.6001	1107600	1111.8	1111800	5.199951	5199	""osoba3""
""osoba1""		1112.4	1112400	1115.1001	1115100	3.7000732	3700	""osoba1""
""osoba1""		1113.9	1113900	1115.1001	1115100	2.2000732	2200	""osoba1""
""osoba3""		1114.8	1114800	1119.3	1119300	5.5	5500	""osoba3""
""osoba1""		1115.1001	1115100	1115.1001	1115100	1.0	1000	""osoba1""
""osoba3""		1116.0	1116000	1119.3	1119300	4.300049	4300	""osoba3""
""osoba3""		1118.1001	1118100	1119.3	1119300	2.1999512	2199	""osoba3""
""osoba3""		1119.3	1119300	1119.3	1119300	1.0	1000	""osoba3""
""osoba1""		1119.6001	1119600	1125.3	1125300	6.699951	6699	""osoba1""
""osoba2""		1119.9	1119900	1119.9	1119900	1.0	1000	""osoba2""
""osoba1""		1122.3	1122300	1125.3	1125300	4.0	4000	""osoba1""
""osoba1""		1122.9	1122900	1125.3	1125300	3.4000244	3400	""osoba1""
""osoba1""		1124.1001	1124100	1125.3	1125300	2.1999512	2199	""osoba1""
""osoba4""		1124.4	1124400	1129.5	1129500	6.0999756	6099	""osoba4""
""osoba4""		1126.8	1126800	1129.5	1129500	3.6999512	3699	""osoba4""
""osoba1""		1127.4	1127400	1139.1001	1139100	12.700073	12700	""osoba1""
""osoba4""		1127.7001	1127700	1129.5	1129500	2.7999268	2799	""osoba4""
""osoba1""		1131.9	1131900	1139.1001	1139100	8.200073	8200	""osoba1""
""osoba1""		1136.1001	1136100	1139.1001	1139100	4.0	4000	""osoba1""
""osoba3""		1136.1001	1136100	1136.4	1136400	1.2999268	1299	""osoba3""
""osoba4""		1139.4	1139400	1143.3	1143300	4.9000244	4900	""osoba4""
""osoba4""		1140.6001	1140600	1143.3	1143300	3.6999512	3699	""osoba4""
""osoba3""		1142.7001	1142700	1154.1001	1154100	12.400024	12400	""osoba3""
""osoba1""		1143.6001	1143600	1145.1001	1145100	2.5	2500	""osoba1""
""osoba3""		1144.5	1144500	1154.1001	1154100	10.600098	10600	""osoba3""
""osoba3""		1146.9	1146900	1154.1001	1154100	8.200073	8200	""osoba3""
""osoba1""		1147.8	1147800	1149.6001	1149600	2.8000488	2800	""osoba1""
""osoba3""		1153.5	1153500	1154.1001	1154100	1.6000977	1600	""osoba3""
""osoba2""		1153.8	1153800	1167.0	1167000	14.199951	14199	""osoba2""
""osoba2""		1155.9	1155900	1167.0	1167000	12.099976	12099	""osoba2""
""osoba2""		1158.0	1158000	1167.0	1167000	10.0	10000	""osoba2""
""osoba3""		1158.0	1158000	1158.0	1158000	1.0	1000	""osoba3""
""osoba2""		1160.1001	1160100	1167.0	1167000	7.8999023	7899	""osoba2""
""osoba1""		1161.9	1161900	1162.8	1162800	1.9000244	1900	""osoba1""
""osoba1""		1166.7001	1166700	1181.4	1181400	15.699951	15699	""osoba1""
""osoba4""		1167.3	1167300	1167.3	1167300	1.0	1000	""osoba4""
""osoba1""		1167.9	1167900	1181.4	1181400	14.5	14500	""osoba1""
""osoba1""		1170.0	1170000	1181.4	1181400	12.400024	12400	""osoba1""
""osoba1""		1170.6001	1170600	1181.4	1181400	11.799927	11799	""osoba1""
""osoba1""		1171.8	1171800	1181.4	1181400	10.599976	10599	""osoba1""
""osoba1""		1174.8	1174800	1181.4	1181400	7.5999756	7599	""osoba1""
""osoba1""		1176.0	1176000	1181.4	1181400	6.4000244	6400	""osoba1""
""osoba1""		1176.6001	1176600	1181.4	1181400	5.7999268	5799	""osoba1""
""osoba1""		1177.5	1177500	1181.4	1181400	4.9000244	4900	""osoba1""
""osoba1""		1179.0	1179000	1181.4	1181400	3.4000244	3400	""osoba1""
""osoba4""		1180.2001	1180200	1185.3	1185300	6.0999756	6099	""osoba4""
""osoba1""		1181.4	1181400	1181.4	1181400	1.0	1000	""osoba1""
""osoba4""		1182.0	1182000	1185.3	1185300	4.300049	4300	""osoba4""
""osoba4""		1183.2001	1183200	1185.3	1185300	3.0999756	3099	""osoba4""
""osoba3""		1185.6001	1185600	1188.9	1188900	4.2999268	4299	""osoba3""
""osoba3""		1187.4	1187400	1188.9	1188900	2.5	2500	""osoba3""
""osoba4""		1187.4	1187400	1203.3	1203300	16.900024	16900	""osoba4""
""osoba4""		1190.1001	1190100	1203.3	1203300	14.199951	14199	""osoba4""
""osoba4""		1191.3	1191300	1203.3	1203300	13.0	13000	""osoba4""
""osoba4""		1192.2001	1192200	1203.3	1203300	12.099976	12099	""osoba4""
""osoba4""		1193.4	1193400	1203.3	1203300	10.900024	10900	""osoba4""
""osoba4""		1195.8	1195800	1203.3	1203300	8.5	8500	""osoba4""
""osoba4""		1196.4	1196400	1203.3	1203300	7.9000244	7900	""osoba4""
""osoba4""		1198.2001	1198200	1203.3	1203300	6.0999756	6099	""osoba4""
""osoba1""		1199.4	1199400	1199.4	1199400	1.0	1000	""osoba1""
""osoba4""		1201.2001	1201200	1203.3	1203300	3.0999756	3099	""osoba4""
""osoba4""		1202.4	1202400	1203.3	1203300	1.9000244	1900	""osoba4""
""osoba4""		1203.0	1203000	1203.3	1203300	1.3000488	1300	""osoba4""
""osoba1""		1203.3	1203300	1206.0	1206000	3.6999512	3699	""osoba1""
""osoba1""		1205.4	1205400	1206.0	1206000	1.5999756	1599	""osoba1""
""osoba2""		1205.4	1205400	1215.3	1215300	10.900024	10900	""osoba2""
""osoba2""		1209.3	1209300	1215.3	1215300	7.0	7000	""osoba2""
""osoba4""		1212.0	1212000	1212.6001	1212600	1.6000977	1600	""osoba4""
""osoba2""		1214.7001	1214700	1215.3	1215300	1.5999756	1599	""osoba2""
""osoba4""		1214.7001	1214700	1214.7001	1214700	1.0	1000	""osoba4""
""osoba1""		1215.0	1215000	1228.2001	1228200	14.200073	14200	""osoba1""
""osoba1""		1222.5	1222500	1228.2001	1228200	6.7000732	6700	""osoba1""
""osoba1""		1223.1001	1223100	1228.2001	1228200	6.0999756	6099	""osoba1""
""osoba1""		1224.3	1224300	1228.2001	1228200	4.9000244	4900	""osoba1""
""osoba1""		1226.4	1226400	1228.2001	1228200	2.8000488	2800	""osoba1""
""osoba4""		1226.4	1226400	1238.7001	1238700	13.300049	13300	""osoba4""
""osoba4""		1228.8	1228800	1238.7001	1238700	10.900024	10900	""osoba4""
""osoba4""		1232.1001	1232100	1238.7001	1238700	7.5999756	7599	""osoba4""
""osoba4""		1233.0	1233000	1238.7001	1238700	6.7000732	6700	""osoba4""
""osoba4""		1234.2001	1234200	1238.7001	1238700	5.5	5500	""osoba4""
""osoba4""		1235.4	1235400	1238.7001	1238700	4.300049	4300	""osoba4""
""osoba1""		1236.3	1236300	1245.6001	1245600	10.300049	10300	""osoba1""
""osoba1""		1240.2001	1240200	1245.6001	1245600	6.4000244	6400	""osoba1""
""osoba1""		1240.8	1240800	1245.6001	1245600	5.800049	5800	""osoba1""
""osoba1""		1242.9	1242900	1245.6001	1245600	3.7000732	3700	""osoba1""
""osoba4""		1245.3	1245300	1252.2001	1252200	7.9000244	7900	""osoba4""
""osoba4""		1248.9	1248900	1252.2001	1252200	4.300049	4300	""osoba4""
""osoba4""		1252.2001	1252200	1252.2001	1252200	1.0	1000	""osoba4""
""osoba2""		1252.5	1252500	1268.1001	1268100	16.600098	16600	""osoba2""
""osoba2""		1254.0	1254000	1268.1001	1268100	15.100098	15100	""osoba2""
""osoba1""		1254.6001	1254600	1256.4	1256400	2.7999268	2799	""osoba1""
""osoba2""		1257.6001	1257600	1268.1001	1268100	11.5	11500	""osoba2""
""osoba2""		1259.1001	1259100	1268.1001	1268100	10.0	10000	""osoba2""
""osoba2""		1260.3	1260300	1268.1001	1268100	8.800049	8800	""osoba2""
""osoba2""		1261.2001	1261200	1268.1001	1268100	7.9000244	7900	""osoba2""
""osoba2""		1261.8	1261800	1268.1001	1268100	7.300049	7300	""osoba2""
""osoba2""		1263.0	1263000	1268.1001	1268100	6.1000977	6100	""osoba2""
""osoba2""		1265.7001	1265700	1268.1001	1268100	3.4000244	3400	""osoba2""
""osoba2""		1266.9	1266900	1268.1001	1268100	2.2000732	2200	""osoba2""
""osoba1""		1267.8	1267800	1308.9	1308900	42.099976	42099	""osoba1""
""osoba1""		1269.3	1269300	1308.9	1308900	40.599976	40599	""osoba1""
""osoba1""		1269.9	1269900	1308.9	1308900	40.0	40000	""osoba1""
""osoba1""		1272.3	1272300	1308.9	1308900	37.599976	37599	""osoba1""
""osoba1""		1273.5	1273500	1308.9	1308900	36.400024	36400	""osoba1""
""osoba1""		1274.1001	1274100	1308.9	1308900	35.799927	35799	""osoba1""
""osoba2""		1274.1001	1274100	1274.7001	1274700	1.5999756	1599	""osoba2""
""osoba1""		1277.1001	1277100	1308.9	1308900	32.799927	32799	""osoba1""
""osoba1""		1281.3	1281300	1308.9	1308900	28.599976	28599	""osoba1""
""osoba4""		1281.3	1281300	1285.2001	1285200	4.9000244	4900	""osoba4""
""osoba1""		1284.6001	1284600	1308.9	1308900	25.299927	25299	""osoba1""
""osoba1""		1288.2001	1288200	1308.9	1308900	21.699951	21699	""osoba1""
""osoba1""		1290.9	1290900	1308.9	1308900	19.0	19000	""osoba1""
""osoba1""		1294.2001	1294200	1308.9	1308900	15.699951	15699	""osoba1""
""osoba1""		1295.1001	1295100	1308.9	1308900	14.799927	14799	""osoba1""
""osoba1""		1298.7001	1298700	1308.9	1308900	11.199951	11199	""osoba1""
""osoba1""		1300.2001	1300200	1308.9	1308900	9.699951	9699	""osoba1""
""osoba4""		1301.4	1301400	1302.9	1302900	2.5	2500	""osoba4""
""osoba1""		1302.0	1302000	1308.9	1308900	7.9000244	7900	""osoba1""
""osoba4""		1308.0	1308000	1320.3	1320300	13.300049	13300	""osoba4""
""osoba3""		1308.9	1308900	1308.9	1308900	1.0	1000	""osoba3""
""osoba4""		1310.7001	1310700	1320.3	1320300	10.599976	10599	""osoba4""
""osoba4""		1312.5	1312500	1320.3	1320300	8.800049	8800	""osoba4""
""osoba4""		1316.1001	1316100	1320.3	1320300	5.199951	5199	""osoba4""
""osoba4""		1317.3	1317300	1320.3	1320300	4.0	4000	""osoba4""
""osoba4""		1318.8	1318800	1320.3	1320300	2.5	2500	""osoba4""
""osoba2""		1319.1001	1319100	1322.4	1322400	4.2999268	4299	""osoba2""
""osoba4""		1319.4	1319400	1320.3	1320300	1.9000244	1900	""osoba4""
""osoba2""		1321.2001	1321200	1322.4	1322400	2.1999512	2199	""osoba2""
""osoba1""		1322.4	1322400	1333.2001	1333200	11.800049	11800	""osoba1""
""osoba3""		1324.8	1324800	1325.4	1325400	1.5999756	1599	""osoba3""
""osoba1""		1328.4	1328400	1333.2001	1333200	5.800049	5800	""osoba1""
""osoba1""		1329.9	1329900	1333.2001	1333200	4.300049	4300	""osoba1""
""osoba4""		1332.9	1332900	1342.8	1342800	10.900024	10900	""osoba4""
""osoba3""		1333.5	1333500	1334.7001	1334700	2.2000732	2200	""osoba3""
""osoba4""		1334.4	1334400	1342.8	1342800	9.400024	9400	""osoba4""
""osoba3""		1334.7001	1334700	1334.7001	1334700	1.0	1000	""osoba3""
""osoba1""		1336.5	1336500	1337.4	1337400	1.9000244	1900	""osoba1""
""osoba4""		1338.9	1338900	1342.8	1342800	4.9000244	4900	""osoba4""
""osoba4""		1339.8	1339800	1342.8	1342800	4.0	4000	""osoba4""
""osoba4""		1341.3	1341300	1342.8	1342800	2.5	2500	""osoba4""
""osoba4""		1341.9	1341900	1342.8	1342800	1.9000244	1900	""osoba4""
""osoba1""		1342.2001	1342200	1357.2001	1357200	16.0	16000	""osoba1""
""osoba1""		1345.5	1345500	1357.2001	1357200	12.700073	12700	""osoba1""
""osoba1""		1347.0	1347000	1357.2001	1357200	11.200073	11200	""osoba1""
""osoba1""		1348.8	1348800	1357.2001	1357200	9.400024	9400	""osoba1""
""osoba1""		1349.4	1349400	1357.2001	1357200	8.800049	8800	""osoba1""
""osoba1""		1352.4	1352400	1357.2001	1357200	5.800049	5800	""osoba1""
""osoba1""		1353.0	1353000	1357.2001	1357200	5.2000732	5200	""osoba1""
""osoba1""		1354.8	1354800	1357.2001	1357200	3.4000244	3400	""osoba1""
""osoba1""		1355.4	1355400	1357.2001	1357200	2.8000488	2800	""osoba1""
""osoba4""		1357.2001	1357200	1387.8	1387800	31.599976	31599	""osoba4""
""osoba4""		1359.9	1359900	1387.8	1387800	28.900024	28900	""osoba4""
""osoba2""		1360.2001	1360200	1360.5	1360500	1.2999268	1299	""osoba2""
""osoba4""		1362.0	1362000	1387.8	1387800	26.800049	26800	""osoba4""
""osoba4""		1363.2001	1363200	1387.8	1387800	25.599976	25599	""osoba4""
""osoba4""		1364.4	1364400	1387.8	1387800	24.400024	24400	""osoba4""
""osoba4""		1367.1001	1367100	1387.8	1387800	21.699951	21699	""osoba4""
""osoba4""		1368.3	1368300	1387.8	1387800	20.5	20500	""osoba4""
""osoba4""		1369.2001	1369200	1387.8	1387800	19.599976	19599	""osoba4""
""osoba4""		1369.8	1369800	1387.8	1387800	19.0	19000	""osoba4""
""osoba3""		1370.1001	1370100	1370.1001	1370100	1.0	1000	""osoba3""
""osoba4""		1371.0	1371000	1387.8	1387800	17.800049	17800	""osoba4""
""osoba4""		1372.8	1372800	1387.8	1387800	16.0	16000	""osoba4""
""osoba3""		1374.3	1374300	1380.6001	1380600	7.300049	7300	""osoba3""
""osoba4""		1374.6001	1374600	1387.8	1387800	14.199951	14199	""osoba4""
""osoba4""		1378.5	1378500	1387.8	1387800	10.300049	10300	""osoba4""
""osoba3""		1378.8	1378800	1380.6001	1380600	2.8000488	2800	""osoba3""
""osoba1""		1379.4	1379400	1379.7001	1379700	1.3000488	1300	""osoba1""
""osoba1""		1383.9	1383900	1386.6001	1386600	3.7000732	3700	""osoba1""
""osoba4""		1385.1001	1385100	1387.8	1387800	3.6999512	3699	""osoba4""
""osoba1""		1385.7001	1385700	1386.6001	1386600	1.9000244	1900	""osoba1""
""osoba3""		1387.2001	1387200	1390.8	1390800	4.5999756	4599	""osoba3""
""osoba3""		1389.0	1389000	1390.8	1390800	2.8000488	2800	""osoba3""
""osoba1""		1389.9	1389900	1406.1001	1406100	17.200073	17200	""osoba1""
""osoba1""		1390.5	1390500	1406.1001	1406100	16.600098	16600	""osoba1""
""osoba1""		1391.7001	1391700	1406.1001	1406100	15.400024	15400	""osoba1""
""osoba1""		1392.6001	1392600	1406.1001	1406100	14.5	14500	""osoba1""
""osoba1""		1393.5	1393500	1406.1001	1406100	13.600098	13600	""osoba1""
""osoba1""		1394.1001	1394100	1406.1001	1406100	13.0	13000	""osoba1""
""osoba1""		1397.7001	1397700	1406.1001	1406100	9.400024	9400	""osoba1""
""osoba1""		1398.6001	1398600	1406.1001	1406100	8.5	8500	""osoba1""
""osoba1""		1399.8	1399800	1406.1001	1406100	7.300049	7300	""osoba1""
""osoba1""		1400.7001	1400700	1406.1001	1406100	6.4000244	6400	""osoba1""
""osoba1""		1403.7001	1403700	1406.1001	1406100	3.4000244	3400	""osoba1""
""osoba3""		1405.2001	1405200	1410.3	1410300	6.0999756	6099	""osoba3""
""osoba3""		1407.9	1407900	1410.3	1410300	3.4000244	3400	""osoba3""
""osoba4""		1409.4	1409400	1410.0	1410000	1.5999756	1599	""osoba4""
""osoba2""		1409.7001	1409700	1415.1001	1415100	6.4000244	6400	""osoba2""
""osoba2""		1410.9	1410900	1415.1001	1415100	5.2000732	5200	""osoba2""
""osoba1""		1415.4	1415400	1421.4	1421400	7.0	7000	""osoba1""
""osoba4""		1419.9	1419900	1419.9	1419900	1.0	1000	""osoba4""
""osoba1""		1420.2001	1420200	1421.4	1421400	2.1999512	2199	""osoba1""
""osoba2""		1420.2001	1420200	1427.1001	1427100	7.9000244	7900	""osoba2""
""osoba2""		1423.5	1423500	1427.1001	1427100	4.6000977	4600	""osoba2""
""osoba2""		1424.1001	1424100	1427.1001	1427100	4.0	4000	""osoba2""
""osoba1""		1425.9	1425900	1438.8	1438800	13.900024	13900	""osoba1""
""osoba2""		1425.9	1425900	1427.1001	1427100	2.2000732	2200	""osoba2""
""osoba1""		1426.8	1426800	1438.8	1438800	13.0	13000	""osoba1""
""osoba1""		1428.0	1428000	1438.8	1438800	11.800049	11800	""osoba1""
""osoba3""		1428.3	1428300	1430.4	1430400	3.0999756	3099	""osoba3""
""osoba1""		1433.7001	1433700	1438.8	1438800	6.0999756	6099	""osoba1""
""osoba1""		1436.1001	1436100	1438.8	1438800	3.6999512	3699	""osoba1""
""osoba1""		1436.7001	1436700	1438.8	1438800	3.0999756	3099	""osoba1""
""osoba1""		1438.5	1438500	1438.8	1438800	1.3000488	1300	""osoba1""
""osoba4""		1438.8	1438800	1443.3	1443300	5.5	5500	""osoba4""
""osoba3""		1441.5	1441500	1447.2001	1447200	6.7000732	6700	""osoba3""
""osoba3""		1443.9	1443900	1447.2001	1447200	4.300049	4300	""osoba3""
""osoba3""		1444.5	1444500	1447.2001	1447200	3.7000732	3700	""osoba3""
""osoba1""		1445.7001	1445700	1452.6001	1452600	7.9000244	7900	""osoba1""
""osoba4""		1447.5	1447500	1447.8	1447800	1.3000488	1300	""osoba4""
""osoba1""		1448.7001	1448700	1452.6001	1452600	4.9000244	4900	""osoba1""
""osoba3""		1449.9	1449900	1449.9	1449900	1.0	1000	""osoba3""
""osoba1""		1450.8	1450800	1452.6001	1452600	2.8000488	2800	""osoba1""
""osoba1""		1451.7001	1451700	1452.6001	1452600	1.9000244	1900	""osoba1""
""osoba1""		1452.3	1452300	1452.6001	1452600	1.3000488	1300	""osoba1""
""osoba2""		1452.3	1452300	1458.9	1458900	7.5999756	7599	""osoba2""
""osoba2""		1454.7001	1454700	1458.9	1458900	5.199951	5199	""osoba2""
""osoba2""		1455.3	1455300	1458.9	1458900	4.5999756	4599	""osoba2""
""osoba2""		1456.5	1456500	1458.9	1458900	3.4000244	3400	""osoba2""
""osoba1""		1457.4	1457400	1511.4	1511400	55.0	55000	""osoba1""
""osoba1""		1459.8	1459800	1511.4	1511400	52.599976	52599	""osoba1""
""osoba1""		1461.0	1461000	1511.4	1511400	51.400024	51400	""osoba1""
""osoba3""		1462.8	1462800	1467.0	1467000	5.199951	5199	""osoba3""
""osoba1""		1463.7001	1463700	1511.4	1511400	48.69995	48699	""osoba1""
""osoba1""		1467.9	1467900	1511.4	1511400	44.5	44500	""osoba1""
""osoba1""		1468.5	1468500	1511.4	1511400	43.900024	43900	""osoba1""
""osoba1""		1470.0	1470000	1511.4	1511400	42.400024	42400	""osoba1""
""osoba1""		1470.9	1470900	1511.4	1511400	41.5	41500	""osoba1""
""osoba1""		1473.6001	1473600	1511.4	1511400	38.799927	38799	""osoba1""
""osoba1""		1479.0	1479000	1511.4	1511400	33.400024	33400	""osoba1""
""osoba1""		1481.7001	1481700	1511.4	1511400	30.699951	30699	""osoba1""
""osoba1""		1482.9	1482900	1511.4	1511400	29.5	29500	""osoba1""
""osoba1""		1484.1001	1484100	1511.4	1511400	28.299927	28299	""osoba1""
""osoba1""		1487.7001	1487700	1511.4	1511400	24.699951	24699	""osoba1""
""osoba1""		1489.5	1489500	1511.4	1511400	22.900024	22900	""osoba1""
""osoba1""		1490.4	1490400	1511.4	1511400	22.0	22000	""osoba1""
""osoba4""		1492.5	1492500	1492.5	1492500	1.0	1000	""osoba4""
""osoba1""		1494.0	1494000	1511.4	1511400	18.400024	18400	""osoba1""
""osoba1""		1496.4	1496400	1511.4	1511400	16.0	16000	""osoba1""
""osoba1""		1497.0	1497000	1511.4	1511400	15.400024	15400	""osoba1""
""osoba1""		1497.9	1497900	1511.4	1511400	14.5	14500	""osoba1""
""osoba1""		1498.5	1498500	1511.4	1511400	13.900024	13900	""osoba1""
""osoba1""		1500.9	1500900	1511.4	1511400	11.5	11500	""osoba1""
""osoba1""		1502.4	1502400	1511.4	1511400	10.0	10000	""osoba1""
""osoba1""		1503.3	1503300	1511.4	1511400	9.099976	9099	""osoba1""
""osoba1""		1504.5	1504500	1511.4	1511400	7.9000244	7900	""osoba1""
""osoba1""		1505.4	1505400	1511.4	1511400	7.0	7000	""osoba1""
""osoba1""		1506.6001	1506600	1511.4	1511400	5.7999268	5799	""osoba1""
""osoba1""		1507.2001	1507200	1511.4	1511400	5.199951	5199	""osoba1""
""osoba1""		1508.1001	1508100	1511.4	1511400	4.2999268	4299	""osoba1""
""osoba1""		1509.9	1509900	1511.4	1511400	2.5	2500	""osoba1""
""osoba2""		1510.2001	1510200	1512.0	1512000	2.7999268	2799	""osoba2""
""osoba1""		1510.5	1510500	1511.4	1511400	1.9000244	1900	""osoba1""
""osoba3""		1511.1001	1511100	1519.8	1519800	9.699951	9699	""osoba3""
""osoba1""		1511.4	1511400	1511.4	1511400	1.0	1000	""osoba1""
""osoba2""		1512.0	1512000	1512.0	1512000	1.0	1000	""osoba2""
""osoba3""		1512.3	1512300	1519.8	1519800	8.5	8500	""osoba3""
""osoba1""		1515.3	1515300	1517.1001	1517100	2.8000488	2800	""osoba1""
""osoba3""		1517.4	1517400	1519.8	1519800	3.4000244	3400	""osoba3""
""osoba4""		1521.0	1521000	1528.2001	1528200	8.200073	8200	""osoba4""
""osoba3""		1521.9	1521900	1524.0	1524000	3.0999756	3099	""osoba3""
""osoba4""		1526.1001	1526100	1528.2001	1528200	3.0999756	3099	""osoba4""
""osoba1""		1526.7001	1526700	1530.3	1530300	4.5999756	4599	""osoba1""
""osoba2""		1527.3	1527300	1554.6001	1554600	28.300049	28300	""osoba2""
""osoba1""		1529.1001	1529100	1530.3	1530300	2.1999512	2199	""osoba1""
""osoba2""		1533.3	1533300	1554.6001	1554600	22.300049	22300	""osoba2""
""osoba2""		1535.7001	1535700	1554.6001	1554600	19.900024	19900	""osoba2""
""osoba2""		1537.8	1537800	1554.6001	1554600	17.800049	17800	""osoba2""
""osoba1""		1538.4	1538400	1538.4	1538400	1.0	1000	""osoba1""
""osoba3""		1539.0001	1539000	1539.0001	1539000	1.0	1000	""osoba3""
""osoba2""		1540.2001	1540200	1554.6001	1554600	15.400024	15400	""osoba2""
""osoba2""		1541.1001	1541100	1554.6001	1554600	14.5	14500	""osoba2""
""osoba2""		1544.1001	1544100	1554.6001	1554600	11.5	11500	""osoba2""
""osoba2""		1545.0001	1545000	1554.6001	1554600	10.599976	10599	""osoba2""
""osoba2""		1545.6001	1545600	1554.6001	1554600	10.0	10000	""osoba2""
""osoba3""		1546.2001	1546200	1546.5001	1546500	1.3000488	1300	""osoba3""
""osoba2""		1547.1001	1547100	1554.6001	1554600	8.5	8500	""osoba2""
""osoba2""		1548.6001	1548600	1554.6001	1554600	7.0	7000	""osoba2""
""osoba2""		1553.4	1553400	1554.6001	1554600	2.2000732	2200	""osoba2""
""osoba4""		1554.0001	1554000	1558.5001	1558500	5.5	5500	""osoba4""
""osoba4""		1555.5001	1555500	1558.5001	1558500	4.0	4000	""osoba4""
""osoba4""		1557.0001	1557000	1558.5001	1558500	2.5	2500	""osoba4""
""osoba4""		1557.9	1557900	1558.5001	1558500	1.6000977	1600	""osoba4""
""osoba2""		1558.2001	1558200	1562.4	1562400	5.199951	5199	""osoba2""
""osoba2""		1559.1001	1559100	1562.4	1562400	4.2999268	4299	""osoba2""
""osoba2""		1560.9	1560900	1562.4	1562400	2.5	2500	""osoba2""
""osoba3""		1562.4	1562400	1573.2001	1573200	11.800049	11800	""osoba3""
""osoba3""		1563.9	1563900	1573.2001	1573200	10.300049	10300	""osoba3""
""osoba1""		1565.1001	1565100	1566.0001	1566000	1.9000244	1900	""osoba1""
""osoba3""		1565.1001	1565100	1573.2001	1573200	9.099976	9099	""osoba3""
""osoba3""		1566.6001	1566600	1573.2001	1573200	7.5999756	7599	""osoba3""
""osoba3""		1568.1001	1568100	1573.2001	1573200	6.0999756	6099	""osoba3""
""osoba1""		1569.6001	1569600	1575.9	1575900	7.2999268	7299	""osoba1""
""osoba1""		1574.4	1574400	1575.9	1575900	2.5	2500	""osoba1""
""osoba3""		1575.6001	1575600	1589.7001	1589700	15.099976	15099	""osoba3""
""osoba3""		1579.5001	1579500	1589.7001	1589700	11.199951	11199	""osoba3""
""osoba2""		1579.8	1579800	1583.1001	1583100	4.300049	4300	""osoba2""
""osoba3""		1580.1001	1580100	1589.7001	1589700	10.599976	10599	""osoba3""
""osoba1""		1581.6001	1581600	1581.6001	1581600	1.0	1000	""osoba1""
""osoba3""		1582.5001	1582500	1589.7001	1589700	8.199951	8199	""osoba3""
""osoba3""		1584.6001	1584600	1589.7001	1589700	6.0999756	6099	""osoba3""
""osoba4""		1590.0001	1590000	1602.6001	1602600	13.599976	13599	""osoba4""
""osoba4""		1591.8	1591800	1602.6001	1602600	11.800049	11800	""osoba4""
""osoba4""		1593.0001	1593000	1602.6001	1602600	10.599976	10599	""osoba4""
""osoba4""		1593.6001	1593600	1602.6001	1602600	10.0	10000	""osoba4""
""osoba3""		1595.1001	1595100	1595.4	1595400	1.2999268	1299	""osoba3""
""osoba4""		1596.6001	1596600	1602.6001	1602600	7.0	7000	""osoba4""
""osoba4""		1597.8	1597800	1602.6001	1602600	5.800049	5800	""osoba4""
""osoba1""		1599.0001	1599000	1606.5001	1606500	8.5	8500	""osoba1""
""osoba4""		1599.0001	1599000	1602.6001	1602600	4.5999756	4599	""osoba4""
""osoba3""		1605.3	1605300	1614.0001	1614000	9.700073	9700	""osoba3""
""osoba3""		1608.6001	1608600	1614.0001	1614000	6.4000244	6400	""osoba3""
""osoba3""		1609.2001	1609200	1614.0001	1614000	5.800049	5800	""osoba3""
""osoba3""		1611.3	1611300	1614.0001	1614000	3.7000732	3700	""osoba3""
""osoba4""		1612.2001	1612200	1614.0001	1614000	2.8000488	2800	""osoba4""
""osoba1""		1614.0001	1614000	1620.3	1620300	7.2999268	7299	""osoba1""
""osoba1""		1614.9	1614900	1620.3	1620300	6.4000244	6400	""osoba1""
""osoba1""		1615.5001	1615500	1620.3	1620300	5.7999268	5799	""osoba1""
""osoba1""		1619.1001	1619100	1620.3	1620300	2.1999512	2199	""osoba1""
