"default"		0.0	0	1.0	1000	1.0	1000	BEGIN
"default"		1620.3	1620300	1620.31	1621300	1.0	1000	END
""osoba3""		6.9	6900	10.5	10500	4.6	4600	""osoba3""
""osoba4""		6.9	6900	31.2	31200	25.300001	25300	""osoba4""
""osoba4""		14.700001	14700	31.2	31200	17.5	17500	""osoba4""
""osoba4""		16.2	16200	31.2	31200	16.0	16000	""osoba4""
""osoba4""		17.7	17700	31.2	31200	14.5	14500	""osoba4""
""osoba1""		18.6	18600	20.1	20100	2.5	2500	""osoba1""
""osoba4""		21.300001	21300	31.2	31200	10.9	10900	""osoba4""
""osoba4""		22.5	22500	31.2	31200	9.700001	9700	""osoba4""
""osoba4""		23.400002	23400	31.2	31200	8.799999	8799	""osoba4""
""osoba4""		25.500002	25500	31.2	31200	6.699999	6699	""osoba4""
""osoba3""		28.2	28200	33.300003	33300	6.1000023	6100	""osoba3""
""osoba3""		30.000002	30000	33.300003	33300	4.300001	4300	""osoba3""
""osoba4""		30.900002	30900	31.2	31200	1.2999992	1299	""osoba4""
""osoba1""		31.2	31200	72.0	72000	41.8	41800	""osoba1""
""osoba3""		31.2	31200	33.300003	33300	3.1000023	3100	""osoba3""
""osoba2""		31.500002	31500	31.800001	31800	1.2999992	1299	""osoba2""
""osoba1""		32.4	32400	72.0	72000	40.6	40600	""osoba1""
""osoba1""		36.300003	36300	72.0	72000	36.699997	36699	""osoba1""
""osoba1""		37.2	37200	72.0	72000	35.8	35800	""osoba1""
""osoba1""		38.7	38700	72.0	72000	34.3	34300	""osoba1""
""osoba1""		40.800003	40800	72.0	72000	32.199997	32199	""osoba1""
""osoba3""		43.5	43500	43.5	43500	1.0	1000	""osoba3""
""osoba1""		44.4	44400	72.0	72000	28.599998	28599	""osoba1""
""osoba1""		47.100002	47100	72.0	72000	25.899998	25899	""osoba1""
""osoba1""		50.4	50400	72.0	72000	22.599998	22599	""osoba1""
""osoba4""		52.2	52200	52.500004	52500	1.300003	1300	""osoba4""
""osoba3""		53.7	53700	54.9	54900	2.2000008	2200	""osoba3""
""osoba1""		54.300003	54300	72.0	72000	18.699997	18699	""osoba1""
""osoba1""		57.300003	57300	72.0	72000	15.699997	15699	""osoba1""
""osoba1""		58.2	58200	72.0	72000	14.799999	14799	""osoba1""
""osoba1""		59.100002	59100	72.0	72000	13.899998	13899	""osoba1""
""osoba1""		60.600002	60600	72.0	72000	12.399998	12399	""osoba1""
""osoba1""		64.200005	64200	72.0	72000	8.799995	8799	""osoba1""
""osoba1""		64.8	64800	72.0	72000	8.199997	8199	""osoba1""
""osoba1""		65.4	65400	72.0	72000	7.5999985	7599	""osoba1""
""osoba1""		66.3	66300	72.0	72000	6.699997	6699	""osoba1""
""osoba1""		67.8	67800	72.0	72000	5.199997	5199	""osoba1""
""osoba1""		68.4	68400	72.0	72000	4.5999985	4599	""osoba1""
""osoba1""		71.100006	71100	72.0	72000	1.8999939	1899	""osoba1""
""osoba2""		71.700005	71700	88.8	88800	18.099998	18099	""osoba2""
""osoba3""		71.700005	71700	71.700005	71700	1.0	1000	""osoba3""
""osoba2""		73.200005	73200	88.8	88800	16.599998	16599	""osoba2""
""osoba4""		73.8	73800	75.9	75900	3.0999985	3099	""osoba4""
""osoba2""		76.8	76800	88.8	88800	13.0	13000	""osoba2""
""osoba2""		77.4	77400	88.8	88800	12.400002	12400	""osoba2""
""osoba2""		79.200005	79200	88.8	88800	10.599998	10599	""osoba2""
""osoba2""		80.100006	80100	88.8	88800	9.699997	9699	""osoba2""
""osoba2""		81.0	81000	88.8	88800	8.800003	8800	""osoba2""
""osoba1""		81.9	81900	82.200005	82200	1.300003	1300	""osoba1""
""osoba2""		81.9	81900	88.8	88800	7.9000015	7900	""osoba2""
""osoba2""		83.4	83400	88.8	88800	6.4000015	6400	""osoba2""
""osoba3""		84.0	84000	90.600006	90600	7.600006	7600	""osoba3""
""osoba3""		85.200005	85200	90.600006	90600	6.4000015	6400	""osoba3""
""osoba2""		85.5	85500	88.8	88800	4.300003	4300	""osoba2""
""osoba1""		90.0	90000	91.5	91500	2.5	2500	""osoba1""
""osoba4""		90.9	90900	103.200005	103200	13.300003	13300	""osoba4""
""osoba4""		97.8	97800	103.200005	103200	6.4000015	6400	""osoba4""
""osoba4""		100.50001	100500	103.200005	103200	3.699997	3699	""osoba4""
""osoba3""		100.8	100800	100.8	100800	1.0	1000	""osoba3""
""osoba4""		102.3	102300	103.200005	103200	1.9000015	1900	""osoba4""
""osoba1""		103.200005	103200	129.6	129600	27.400002	27400	""osoba1""
""osoba1""		106.50001	106500	129.6	129600	24.099998	24099	""osoba1""
""osoba1""		107.700005	107700	129.6	129600	22.900002	22900	""osoba1""
""osoba1""		108.600006	108600	129.6	129600	22.0	22000	""osoba1""
""osoba1""		109.200005	109200	129.6	129600	21.400002	21400	""osoba1""
""osoba1""		111.3	111300	129.6	129600	19.300003	19300	""osoba1""
""osoba2""		113.100006	113100	114.3	114300	2.199997	2199	""osoba2""
""osoba1""		114.00001	114000	129.6	129600	16.599998	16599	""osoba1""
""osoba1""		114.9	114900	129.6	129600	15.700005	15700	""osoba1""
""osoba1""		115.8	115800	129.6	129600	14.800003	14800	""osoba1""
""osoba1""		116.4	116400	129.6	129600	14.200005	14200	""osoba1""
""osoba1""		118.8	118800	129.6	129600	11.800003	11800	""osoba1""
""osoba1""		119.700005	119700	129.6	129600	10.900002	10900	""osoba1""
""osoba1""		121.200005	121200	129.6	129600	9.400002	9400	""osoba1""
""osoba1""		124.200005	124200	129.6	129600	6.4000015	6400	""osoba1""
""osoba1""		127.200005	127200	129.6	129600	3.4000015	3400	""osoba1""
""osoba4""		130.20001	130200	141.90001	141900	12.699997	12699	""osoba4""
""osoba4""		132.90001	132900	141.90001	141900	10.0	10000	""osoba4""
""osoba1""		137.40001	137400	138.6	138600	2.199997	2199	""osoba1""
""osoba4""		137.40001	137400	141.90001	141900	5.5	5500	""osoba4""
""osoba1""		141.0	141000	150.3	150300	10.300003	10300	""osoba1""
""osoba1""		143.1	143100	150.3	150300	8.199997	8199	""osoba1""
""osoba1""		147.0	147000	150.3	150300	4.300003	4300	""osoba1""
""osoba4""		150.3	150300	166.8	166800	17.5	17500	""osoba4""
""osoba1""		153.90001	153900	155.40001	155400	2.5	2500	""osoba1""
""osoba2""		154.8	154800	155.40001	155400	1.6000061	1600	""osoba2""
""osoba4""		154.8	154800	166.8	166800	13.0	13000	""osoba4""
""osoba4""		158.40001	158400	166.8	166800	9.399994	9399	""osoba4""
""osoba4""		159.3	159300	166.8	166800	8.5	8500	""osoba4""
""osoba4""		161.70001	161700	166.8	166800	6.099991	6099	""osoba4""
""osoba4""		165.0	165000	166.8	166800	2.800003	2800	""osoba4""
""osoba1""		166.8	166800	180.6	180600	14.800003	14800	""osoba1""
""osoba1""		168.3	168300	180.6	180600	13.300003	13300	""osoba1""
""osoba1""		169.5	169500	180.6	180600	12.100006	12100	""osoba1""
""osoba1""		170.40001	170400	180.6	180600	11.199997	11199	""osoba1""
""osoba1""		172.5	172500	180.6	180600	9.100006	9100	""osoba1""
""osoba1""		173.40001	173400	180.6	180600	8.199997	8199	""osoba1""
""osoba1""		174.90001	174900	180.6	180600	6.699997	6699	""osoba1""
""osoba1""		177.6	177600	180.6	180600	4.0	4000	""osoba1""
""osoba4""		178.5	178500	183.90001	183900	6.400009	6400	""osoba4""
""osoba1""		178.8	178800	180.6	180600	2.800003	2800	""osoba1""
""osoba2""		178.8	178800	180.0	180000	2.199997	2199	""osoba2""
""osoba1""		180.6	180600	180.6	180600	1.0	1000	""osoba1""
""osoba1""		182.70001	182700	195.3	195300	13.599991	13599	""osoba1""
""osoba3""		184.5	184500	186.0	186000	2.5	2500	""osoba3""
""osoba1""		185.70001	185700	195.3	195300	10.599991	10599	""osoba1""
""osoba1""		187.5	187500	195.3	195300	8.800003	8800	""osoba1""
""osoba1""		188.40001	188400	195.3	195300	7.899994	7899	""osoba1""
""osoba1""		190.20001	190200	195.3	195300	6.099991	6099	""osoba1""
""osoba3""		191.1	191100	192.6	192600	2.5	2500	""osoba3""
""osoba3""		194.70001	194700	204.00002	204000	10.300003	10300	""osoba3""
""osoba4""		195.6	195600	196.20001	196200	1.6000061	1600	""osoba4""
""osoba3""		195.90001	195900	204.00002	204000	9.100006	9100	""osoba3""
""osoba3""		198.00002	198000	204.00002	204000	7.0	7000	""osoba3""
""osoba3""		198.6	198600	204.00002	204000	6.400009	6400	""osoba3""
""osoba3""		199.20001	199200	204.00002	204000	5.800003	5800	""osoba3""
""osoba3""		199.8	199800	204.00002	204000	5.200012	5200	""osoba3""
""osoba3""		200.70001	200700	204.00002	204000	4.300003	4300	""osoba3""
""osoba3""		201.6	201600	204.00002	204000	3.4000092	3400	""osoba3""
""osoba3""		202.20001	202200	204.00002	204000	2.800003	2800	""osoba3""
""osoba2""		203.1	203100	203.1	203100	1.0	1000	""osoba2""
""osoba3""		203.1	203100	204.00002	204000	1.9000092	1900	""osoba3""
""osoba1""		203.40001	203400	239.40001	239400	37.0	37000	""osoba1""
""osoba1""		204.90001	204900	239.40001	239400	35.5	35500	""osoba1""
""osoba4""		206.1	206100	209.70001	209700	4.600006	4600	""osoba4""
""osoba1""		207.00002	207000	239.40001	239400	33.399994	33399	""osoba1""
""osoba4""		207.00002	207000	209.70001	209700	3.699997	3699	""osoba4""
""osoba4""		209.40001	209400	209.70001	209700	1.300003	1300	""osoba4""
""osoba1""		216.00002	216000	239.40001	239400	24.399994	24399	""osoba1""
""osoba1""		218.70001	218700	239.40001	239400	21.699997	21699	""osoba1""
""osoba1""		220.20001	220200	239.40001	239400	20.199997	20199	""osoba1""
""osoba1""		220.8	220800	239.40001	239400	19.600006	19600	""osoba1""
""osoba1""		222.3	222300	239.40001	239400	18.100006	18100	""osoba1""
""osoba1""		223.20001	223200	239.40001	239400	17.199997	17199	""osoba1""
""osoba4""		223.50002	223500	223.8	223800	1.2999878	1299	""osoba4""
""osoba1""		225.00002	225000	239.40001	239400	15.399994	15399	""osoba1""
""osoba1""		226.8	226800	239.40001	239400	13.600006	13600	""osoba1""
""osoba1""		227.40001	227400	239.40001	239400	13.0	13000	""osoba1""
""osoba1""		231.00002	231000	239.40001	239400	9.399994	9399	""osoba1""
""osoba1""		231.90001	231900	239.40001	239400	8.5	8500	""osoba1""
""osoba1""		233.40001	233400	239.40001	239400	7.0	7000	""osoba1""
""osoba1""		234.00002	234000	239.40001	239400	6.399994	6399	""osoba1""
""osoba1""		235.50002	235500	239.40001	239400	4.899994	4899	""osoba1""
""osoba1""		237.00002	237000	239.40001	239400	3.399994	3399	""osoba1""
""osoba1""		238.20001	238200	239.40001	239400	2.199997	2199	""osoba1""
""osoba1""		238.8	238800	239.40001	239400	1.6000061	1600	""osoba1""
""osoba2""		239.70001	239700	252.6	252600	13.899994	13899	""osoba2""
""osoba4""		239.70001	239700	240.90001	240900	2.199997	2199	""osoba4""
""osoba2""		241.50002	241500	252.6	252600	12.099991	12099	""osoba2""
""osoba4""		246.00002	246000	247.50002	247500	2.5	2500	""osoba4""
""osoba3""		249.3	249300	250.50002	250500	2.2000122	2200	""osoba3""
""osoba2""		251.40001	251400	252.6	252600	2.199997	2199	""osoba2""
""osoba1""		252.3	252300	266.7	266700	15.400009	15400	""osoba1""
""osoba2""		260.7	260700	261.90002	261900	2.2000122	2200	""osoba2""
""osoba1""		264.30002	264300	266.7	266700	3.399994	3399	""osoba1""
""osoba1""		265.5	265500	266.7	266700	2.2000122	2200	""osoba1""
""osoba2""		265.5	265500	272.40002	272400	7.9000244	7900	""osoba2""
""osoba2""		268.80002	268800	272.40002	272400	4.600006	4600	""osoba2""
""osoba3""		269.7	269700	271.80002	271800	3.100006	3100	""osoba3""
""osoba4""		270.30002	270300	284.40002	284400	15.100006	15100	""osoba4""
""osoba4""		273.0	273000	284.40002	284400	12.400024	12400	""osoba4""
""osoba4""		274.2	274200	284.40002	284400	11.200012	11200	""osoba4""
""osoba3""		274.5	274500	274.5	274500	1.0	1000	""osoba3""
""osoba4""		274.80002	274800	284.40002	284400	10.600006	10600	""osoba4""
""osoba4""		276.90002	276900	284.40002	284400	8.5	8500	""osoba4""
""osoba4""		277.80002	277800	284.40002	284400	7.600006	7600	""osoba4""
""osoba3""		278.7	278700	278.7	278700	1.0	1000	""osoba3""
""osoba4""		278.7	278700	284.40002	284400	6.700012	6700	""osoba4""
""osoba4""		280.2	280200	284.40002	284400	5.200012	5200	""osoba4""
""osoba2""		283.5	283500	295.5	295500	13.0	13000	""osoba2""
""osoba4""		283.5	283500	284.40002	284400	1.9000244	1900	""osoba4""
""osoba2""		287.7	287700	295.5	295500	8.799988	8799	""osoba2""
""osoba2""		288.30002	288300	295.5	295500	8.199982	8199	""osoba2""
""osoba2""		290.1	290100	295.5	295500	6.399994	6399	""osoba2""
""osoba2""		292.5	292500	295.5	295500	4.0	4000	""osoba2""
""osoba2""		294.6	294600	295.5	295500	1.8999939	1899	""osoba2""
""osoba4""		296.1	296100	304.2	304200	9.100006	9100	""osoba4""
""osoba4""		298.2	298200	304.2	304200	7.0	7000	""osoba4""
""osoba4""		299.40002	299400	304.2	304200	5.799988	5799	""osoba4""
""osoba4""		301.80002	301800	304.2	304200	3.399994	3399	""osoba4""
""osoba4""		303.6	303600	304.2	304200	1.6000061	1600	""osoba4""
""osoba4""		304.2	304200	304.2	304200	1.0	1000	""osoba4""
""osoba2""		304.5	304500	307.5	307500	4.0	4000	""osoba2""
""osoba2""		306.6	306600	307.5	307500	1.8999939	1899	""osoba2""
""osoba1""		307.5	307500	322.80002	322800	16.300018	16300	""osoba1""
""osoba1""		310.2	310200	322.80002	322800	13.600006	13600	""osoba1""
""osoba1""		312.90002	312900	322.80002	322800	10.899994	10899	""osoba1""
""osoba1""		313.80002	313800	322.80002	322800	10.0	10000	""osoba1""
""osoba1""		314.40002	314400	322.80002	322800	9.399994	9399	""osoba1""
""osoba1""		315.6	315600	322.80002	322800	8.200012	8200	""osoba1""
""osoba1""		316.2	316200	322.80002	322800	7.600006	7600	""osoba1""
""osoba1""		316.80002	316800	322.80002	322800	7.0	7000	""osoba1""
""osoba4""		320.40002	320400	339.90002	339900	20.5	20500	""osoba4""
""osoba1""		321.30002	321300	322.80002	322800	2.5	2500	""osoba1""
""osoba4""		322.2	322200	339.90002	339900	18.700012	18700	""osoba4""
""osoba1""		322.5	322500	322.80002	322800	1.3000183	1300	""osoba1""
""osoba2""		323.1	323100	325.80002	325800	3.7000122	3700	""osoba2""
""osoba4""		324.30002	324300	339.90002	339900	16.600006	16600	""osoba4""
""osoba2""		324.90002	324900	325.80002	325800	1.8999939	1899	""osoba2""
""osoba4""		326.7	326700	339.90002	339900	14.200012	14200	""osoba4""
""osoba4""		328.2	328200	339.90002	339900	12.700012	12700	""osoba4""
""osoba2""		328.80002	328800	330.0	330000	2.1999817	2199	""osoba2""
""osoba1""		331.5	331500	334.5	334500	4.0	4000	""osoba1""
""osoba4""		333.6	333600	339.90002	339900	7.3000183	7300	""osoba4""
""osoba1""		334.2	334200	334.5	334500	1.2999878	1299	""osoba1""
""osoba4""		334.5	334500	339.90002	339900	6.4000244	6400	""osoba4""
""osoba4""		335.7	335700	339.90002	339900	5.200012	5200	""osoba4""
""osoba2""		338.1	338100	344.40002	344400	7.3000183	7300	""osoba2""
""osoba1""		338.40002	338400	339.30002	339300	1.8999939	1899	""osoba1""
""osoba1""		339.0	339000	339.30002	339300	1.3000183	1300	""osoba1""
""osoba2""		341.40002	341400	344.40002	344400	4.0	4000	""osoba2""
""osoba1""		341.7	341700	343.80002	343800	3.100006	3100	""osoba1""
""osoba4""		342.0	342000	342.0	342000	1.0	1000	""osoba4""
""osoba3""		344.1	344100	347.40002	347400	4.3000183	4300	""osoba3""
""osoba3""		346.2	346200	347.40002	347400	2.2000122	2200	""osoba3""
""osoba2""		346.80002	346800	350.1	350100	4.299988	4299	""osoba2""
""osoba2""		348.6	348600	350.1	350100	2.5	2500	""osoba2""
""osoba4""		350.1	350100	361.5	361500	12.399994	12399	""osoba4""
""osoba1""		351.0	351000	353.7	353700	3.7000122	3700	""osoba1""
""osoba4""		351.6	351600	361.5	361500	10.899994	10899	""osoba4""
""osoba2""		352.80002	352800	353.40002	353400	1.6000061	1600	""osoba2""
""osoba4""		352.80002	352800	361.5	361500	9.699982	9699	""osoba4""
""osoba1""		353.1	353100	353.7	353700	1.6000061	1600	""osoba1""
""osoba1""		357.6	357600	359.7	359700	3.100006	3100	""osoba1""
""osoba4""		357.90002	357900	361.5	361500	4.5999756	4599	""osoba4""
""osoba2""		359.7	359700	404.7	404700	46.0	46000	""osoba2""
""osoba2""		363.0	363000	404.7	404700	42.700012	42700	""osoba2""
""osoba2""		364.5	364500	404.7	404700	41.200012	41200	""osoba2""
""osoba1""		365.7	365700	366.90002	366900	2.2000122	2200	""osoba1""
""osoba2""		366.6	366600	404.7	404700	39.100006	39100	""osoba2""
""osoba4""		367.2	367200	367.5	367500	1.2999878	1299	""osoba4""
""osoba2""		367.5	367500	404.7	404700	38.200012	38200	""osoba2""
""osoba2""		373.80002	373800	404.7	404700	31.899994	31899	""osoba2""
""osoba2""		374.7	374700	404.7	404700	31.0	31000	""osoba2""
""osoba3""		375.0	375000	377.40002	377400	3.4000244	3400	""osoba3""
""osoba2""		378.0	378000	404.7	404700	27.700012	27700	""osoba2""
""osoba2""		379.2	379200	404.7	404700	26.5	26500	""osoba2""
""osoba3""		379.5	379500	381.90002	381900	3.4000244	3400	""osoba3""
""osoba1""		380.7	380700	381.0	381000	1.2999878	1299	""osoba1""
""osoba2""		382.80002	382800	404.7	404700	22.899994	22899	""osoba2""
""osoba1""		383.7	383700	383.7	383700	1.0	1000	""osoba1""
""osoba2""		384.6	384600	404.7	404700	21.100006	21100	""osoba2""
""osoba4""		389.1	389100	389.1	389100	1.0	1000	""osoba4""
""osoba2""		389.7	389700	404.7	404700	16.0	16000	""osoba2""
""osoba2""		392.40002	392400	404.7	404700	13.299988	13299	""osoba2""
""osoba2""		397.2	397200	404.7	404700	8.5	8500	""osoba2""
""osoba2""		398.40002	398400	404.7	404700	7.299988	7299	""osoba2""
""osoba2""		399.00003	399000	404.7	404700	6.6999817	6699	""osoba2""
""osoba2""		399.90002	399900	404.7	404700	5.799988	5799	""osoba2""
""osoba1""		402.30002	402300	404.1	404100	2.7999878	2799	""osoba1""
""osoba3""		402.6	402600	426.6	426600	25.0	25000	""osoba3""
""osoba3""		405.90002	405900	426.6	426600	21.699982	21699	""osoba3""
""osoba3""		407.1	407100	426.6	426600	20.5	20500	""osoba3""
""osoba3""		408.00003	408000	426.6	426600	19.599976	19599	""osoba3""
""osoba3""		412.80002	412800	426.6	426600	14.799988	14799	""osoba3""
""osoba3""		413.7	413700	426.6	426600	13.899994	13899	""osoba3""
""osoba1""		415.50003	415500	418.2	418200	3.6999817	3699	""osoba1""
""osoba3""		417.6	417600	426.6	426600	10.0	10000	""osoba3""
""osoba1""		418.2	418200	418.2	418200	1.0	1000	""osoba1""
""osoba3""		419.7	419700	426.6	426600	7.899994	7899	""osoba3""
""osoba3""		420.30002	420300	426.6	426600	7.299988	7299	""osoba3""
""osoba3""		422.7	422700	426.6	426600	4.899994	4899	""osoba3""
""osoba3""		423.90002	423900	426.6	426600	3.6999817	3699	""osoba3""
""osoba2""		424.80002	424800	427.80002	427800	4.0	4000	""osoba2""
""osoba4""		427.80002	427800	432.30002	432300	5.5	5500	""osoba4""
""osoba4""		429.90002	429900	432.30002	432300	3.399994	3399	""osoba4""
""osoba1""		432.30002	432300	445.2	445200	13.899994	13899	""osoba1""
""osoba1""		433.80002	433800	445.2	445200	12.399994	12399	""osoba1""
""osoba1""		435.00003	435000	445.2	445200	11.199982	11199	""osoba1""
""osoba1""		435.6	435600	445.2	445200	10.600006	10600	""osoba1""
""osoba1""		436.80002	436800	445.2	445200	9.399994	9399	""osoba1""
""osoba1""		437.40002	437400	445.2	445200	8.799988	8799	""osoba1""
""osoba1""		440.40002	440400	445.2	445200	5.799988	5799	""osoba1""
""osoba4""		444.90002	444900	447.90002	447900	4.0	4000	""osoba4""
""osoba1""		447.30002	447300	500.40002	500400	54.100006	54100	""osoba1""
""osoba3""		449.40002	449400	451.2	451200	2.7999878	2799	""osoba3""
""osoba3""		450.6	450600	451.2	451200	1.6000061	1600	""osoba3""
""osoba3""		451.2	451200	451.2	451200	1.0	1000	""osoba3""
""osoba1""		451.50003	451500	500.40002	500400	49.899994	49899	""osoba1""
""osoba1""		452.7	452700	500.40002	500400	48.700012	48700	""osoba1""
""osoba1""		453.30002	453300	500.40002	500400	48.100006	48100	""osoba1""
""osoba1""		454.50003	454500	500.40002	500400	46.899994	46899	""osoba1""
""osoba1""		455.40002	455400	500.40002	500400	46.0	46000	""osoba1""
""osoba4""		456.00003	456000	456.6	456600	1.5999756	1599	""osoba4""
""osoba1""		456.6	456600	500.40002	500400	44.80002	44800	""osoba1""
""osoba1""		464.1	464100	500.40002	500400	37.30002	37300	""osoba1""
""osoba1""		464.7	464700	500.40002	500400	36.700012	36700	""osoba1""
""osoba1""		467.40002	467400	500.40002	500400	34.0	34000	""osoba1""
""osoba1""		468.30002	468300	500.40002	500400	33.100006	33100	""osoba1""
""osoba1""		472.2	472200	500.40002	500400	29.200012	29200	""osoba1""
""osoba3""		473.40002	473400	473.40002	473400	1.0	1000	""osoba3""
""osoba4""		475.80002	475800	476.40002	476400	1.6000061	1600	""osoba4""
""osoba1""		478.80002	478800	500.40002	500400	22.600006	22600	""osoba1""
""osoba2""		480.00003	480000	480.30002	480300	1.2999878	1299	""osoba2""
""osoba1""		481.2	481200	500.40002	500400	20.200012	20200	""osoba1""
""osoba1""		483.6	483600	500.40002	500400	17.800018	17800	""osoba1""
""osoba1""		485.40002	485400	500.40002	500400	16.0	16000	""osoba1""
""osoba1""		490.2	490200	500.40002	500400	11.200012	11200	""osoba1""
""osoba2""		492.6	492600	492.6	492600	1.0	1000	""osoba2""
""osoba1""		493.2	493200	500.40002	500400	8.200012	8200	""osoba1""
""osoba1""		494.1	494100	500.40002	500400	7.3000183	7300	""osoba1""
""osoba3""		495.90002	495900	496.80002	496800	1.8999939	1899	""osoba3""
""osoba1""		497.7	497700	500.40002	500400	3.7000122	3700	""osoba1""
""osoba1""		498.6	498600	500.40002	500400	2.8000183	2800	""osoba1""
""osoba4""		499.50003	499500	510.30002	510300	11.799988	11799	""osoba4""
""osoba4""		500.1	500100	510.30002	510300	11.200012	11200	""osoba4""
""osoba1""		500.40002	500400	500.40002	500400	1.0	1000	""osoba1""
""osoba4""		502.80002	502800	510.30002	510300	8.5	8500	""osoba4""
""osoba1""		503.7	503700	503.7	503700	1.0	1000	""osoba1""
""osoba4""		503.7	503700	510.30002	510300	7.600006	7600	""osoba4""
""osoba4""		506.1	506100	510.30002	510300	5.200012	5200	""osoba4""
""osoba4""		507.30002	507300	510.30002	510300	4.0	4000	""osoba4""
""osoba2""		510.90002	510900	512.10004	512100	2.2000122	2200	""osoba2""
""osoba1""		511.50003	511500	512.10004	512100	1.6000061	1600	""osoba1""
""osoba1""		514.5	514500	533.4	533400	19.900024	19900	""osoba1""
""osoba1""		518.10004	518100	533.4	533400	16.299988	16299	""osoba1""
""osoba1""		519.9	519900	533.4	533400	14.5	14500	""osoba1""
""osoba1""		520.5	520500	533.4	533400	13.900024	13900	""osoba1""
""osoba1""		521.4	521400	533.4	533400	13.0	13000	""osoba1""
""osoba1""		522.9	522900	533.4	533400	11.5	11500	""osoba1""
""osoba1""		525.9	525900	533.4	533400	8.5	8500	""osoba1""
""osoba1""		526.80005	526800	533.4	533400	7.5999756	7599	""osoba1""
""osoba1""		528.60004	528600	533.4	533400	5.799988	5799	""osoba1""
""osoba1""		530.7	530700	533.4	533400	3.7000122	3700	""osoba1""
""osoba1""		531.30005	531300	533.4	533400	3.0999756	3099	""osoba1""
""osoba2""		531.60004	531600	558.60004	558600	28.0	28000	""osoba2""
""osoba3""		531.60004	531600	531.9	531900	1.2999878	1299	""osoba3""
""osoba1""		531.9	531900	533.4	533400	2.5	2500	""osoba1""
""osoba4""		535.2	535200	536.4	536400	2.2000122	2200	""osoba4""
""osoba2""		540.30005	540300	558.60004	558600	19.299988	19299	""osoba2""
""osoba4""		542.10004	542100	543.9	543900	2.7999878	2799	""osoba4""
""osoba4""		543.30005	543300	543.9	543900	1.5999756	1599	""osoba4""
""osoba2""		544.80005	544800	558.60004	558600	14.799988	14799	""osoba2""
""osoba1""		545.7	545700	545.7	545700	1.0	1000	""osoba1""
""osoba2""		546.0	546000	558.60004	558600	13.600037	13600	""osoba2""
""osoba2""		546.60004	546600	558.60004	558600	13.0	13000	""osoba2""
""osoba2""		549.0	549000	558.60004	558600	10.600037	10600	""osoba2""
""osoba2""		551.4	551400	558.60004	558600	8.200012	8200	""osoba2""
""osoba1""		552.0	552000	554.4	554400	3.4000244	3400	""osoba1""
""osoba3""		552.60004	552600	554.4	554400	2.7999878	2799	""osoba3""
""osoba3""		557.7	557700	562.5	562500	5.799988	5799	""osoba3""
""osoba3""		559.80005	559800	562.5	562500	3.6999512	3699	""osoba3""
""osoba2""		562.5	562500	567.9	567900	6.4000244	6400	""osoba2""
""osoba3""		562.5	562500	562.5	562500	1.0	1000	""osoba3""
""osoba2""		564.0	564000	567.9	567900	4.9000244	4900	""osoba2""
""osoba2""		565.2	565200	567.9	567900	3.7000122	3700	""osoba2""
""osoba2""		566.7	566700	567.9	567900	2.2000122	2200	""osoba2""
""osoba2""		567.9	567900	567.9	567900	1.0	1000	""osoba2""
""osoba1""		568.2	568200	587.10004	587100	19.900024	19900	""osoba1""
""osoba1""		568.80005	568800	587.10004	587100	19.299988	19299	""osoba1""
""osoba4""		574.2	574200	574.2	574200	1.0	1000	""osoba4""
""osoba2""		575.10004	575100	575.10004	575100	1.0	1000	""osoba2""
""osoba1""		578.10004	578100	587.10004	587100	10.0	10000	""osoba1""
""osoba1""		582.0	582000	587.10004	587100	6.1000366	6100	""osoba1""
""osoba1""		583.80005	583800	587.10004	587100	4.299988	4299	""osoba1""
""osoba1""		584.4	584400	587.10004	587100	3.7000122	3700	""osoba1""
""osoba3""		585.30005	585300	585.60004	585600	1.2999878	1299	""osoba3""
""osoba4""		587.10004	587100	596.7	596700	10.599976	10599	""osoba4""
""osoba4""		590.7	590700	596.7	596700	7.0	7000	""osoba4""
""osoba4""		593.10004	593100	596.7	596700	4.5999756	4599	""osoba4""
""osoba1""		595.2	595200	636.60004	636600	42.400024	42400	""osoba1""
""osoba2""		596.4	596400	596.4	596400	1.0	1000	""osoba2""
""osoba1""		599.10004	599100	636.60004	636600	38.5	38500	""osoba1""
""osoba1""		600.60004	600600	636.60004	636600	37.0	37000	""osoba1""
""osoba1""		601.80005	601800	636.60004	636600	35.799988	35799	""osoba1""
""osoba2""		602.10004	602100	603.30005	603300	2.2000122	2200	""osoba2""
""osoba2""		603.30005	603300	603.30005	603300	1.0	1000	""osoba2""
""osoba1""		604.5	604500	636.60004	636600	33.100037	33100	""osoba1""
""osoba1""		606.30005	606300	636.60004	636600	31.299988	31299	""osoba1""
""osoba3""		610.80005	610800	611.10004	611100	1.2999878	1299	""osoba3""
""osoba1""		613.5	613500	636.60004	636600	24.100037	24100	""osoba1""
""osoba1""		614.7	614700	636.60004	636600	22.900024	22900	""osoba1""
""osoba1""		616.80005	616800	636.60004	636600	20.799988	20799	""osoba1""
""osoba1""		618.60004	618600	636.60004	636600	19.0	19000	""osoba1""
""osoba1""		619.5	619500	636.60004	636600	18.100037	18100	""osoba1""
""osoba1""		620.10004	620100	636.60004	636600	17.5	17500	""osoba1""
""osoba1""		622.5	622500	636.60004	636600	15.100037	15100	""osoba1""
""osoba4""		624.30005	624300	624.30005	624300	1.0	1000	""osoba4""
""osoba3""		627.60004	627600	627.9	627900	1.2999878	1299	""osoba3""
""osoba1""		628.80005	628800	636.60004	636600	8.799988	8799	""osoba1""
""osoba1""		630.30005	630300	636.60004	636600	7.299988	7299	""osoba1""
""osoba1""		631.5	631500	636.60004	636600	6.1000366	6100	""osoba1""
""osoba1""		633.60004	633600	636.60004	636600	4.0	4000	""osoba1""
""osoba4""		635.10004	635100	654.9	654900	20.799988	20799	""osoba4""
""osoba1""		635.4	635400	636.60004	636600	2.2000122	2200	""osoba1""
""osoba4""		637.80005	637800	654.9	654900	18.099976	18099	""osoba4""
""osoba4""		640.5	640500	654.9	654900	15.400024	15400	""osoba4""
""osoba4""		642.9	642900	654.9	654900	13.0	13000	""osoba4""
""osoba4""		643.80005	643800	654.9	654900	12.099976	12099	""osoba4""
""osoba4""		644.4	644400	654.9	654900	11.5	11500	""osoba4""
""osoba4""		646.2	646200	654.9	654900	9.700012	9700	""osoba4""
""osoba4""		648.60004	648600	654.9	654900	7.299988	7299	""osoba4""
""osoba4""		649.2	649200	654.9	654900	6.700012	6700	""osoba4""
""osoba4""		650.7	650700	654.9	654900	5.200012	5200	""osoba4""
""osoba4""		651.60004	651600	654.9	654900	4.299988	4299	""osoba4""
""osoba3""		654.0	654000	655.2	655200	2.2000122	2200	""osoba3""
""osoba4""		654.0	654000	654.9	654900	1.9000244	1900	""osoba4""
""osoba1""		654.9	654900	679.80005	679800	25.900024	25900	""osoba1""
""osoba1""		655.5	655500	679.80005	679800	25.300049	25300	""osoba1""
""osoba1""		656.7	656700	679.80005	679800	24.100037	24100	""osoba1""
""osoba3""		660.60004	660600	660.60004	660600	1.0	1000	""osoba3""
""osoba1""		662.10004	662100	679.80005	679800	18.700012	18700	""osoba1""
""osoba1""		662.7	662700	679.80005	679800	18.100037	18100	""osoba1""
""osoba1""		663.60004	663600	679.80005	679800	17.200012	17200	""osoba1""
""osoba1""		665.4	665400	679.80005	679800	15.400024	15400	""osoba1""
""osoba1""		666.0	666000	679.80005	679800	14.800049	14800	""osoba1""
""osoba4""		666.60004	666600	666.60004	666600	1.0	1000	""osoba4""
""osoba1""		667.2	667200	679.80005	679800	13.600037	13600	""osoba1""
""osoba1""		668.4	668400	679.80005	679800	12.400024	12400	""osoba1""
""osoba1""		669.30005	669300	679.80005	679800	11.5	11500	""osoba1""
""osoba1""		672.60004	672600	679.80005	679800	8.200012	8200	""osoba1""
""osoba1""		673.2	673200	679.80005	679800	7.6000366	7600	""osoba1""
""osoba4""		675.0	675000	675.9	675900	1.9000244	1900	""osoba4""
""osoba3""		678.9	678900	685.80005	685800	7.9000244	7900	""osoba3""
""osoba3""		680.7	680700	685.80005	685800	6.1000366	6100	""osoba3""
""osoba3""		682.5	682500	685.80005	685800	4.300049	4300	""osoba3""
""osoba3""		683.7	683700	685.80005	685800	3.1000366	3100	""osoba3""
""osoba1""		684.60004	684600	708.30005	708300	24.700012	24700	""osoba1""
""osoba1""		686.7	686700	708.30005	708300	22.600037	22600	""osoba1""
""osoba1""		689.10004	689100	708.30005	708300	20.200012	20200	""osoba1""
""osoba1""		692.4	692400	708.30005	708300	16.900024	16900	""osoba1""
""osoba1""		693.0	693000	708.30005	708300	16.300049	16300	""osoba1""
""osoba1""		694.80005	694800	708.30005	708300	14.5	14500	""osoba1""
""osoba1""		696.0	696000	708.30005	708300	13.300049	13300	""osoba1""
""osoba1""		696.60004	696600	708.30005	708300	12.700012	12700	""osoba1""
""osoba2""		696.9	696900	698.7	698700	2.7999878	2799	""osoba2""
""osoba1""		699.9	699900	708.30005	708300	9.400024	9400	""osoba1""
""osoba1""		702.0	702000	708.30005	708300	7.300049	7300	""osoba1""
""osoba1""		703.2	703200	708.30005	708300	6.1000366	6100	""osoba1""
""osoba1""		703.80005	703800	708.30005	708300	5.5	5500	""osoba1""
""osoba4""		706.5	706500	722.4	722400	16.900024	16900	""osoba4""
""osoba1""		707.10004	707100	708.30005	708300	2.2000122	2200	""osoba1""
""osoba4""		709.5	709500	722.4	722400	13.900024	13900	""osoba4""
""osoba1""		711.0	711000	711.30005	711300	1.3000488	1300	""osoba1""
""osoba4""		714.30005	714300	722.4	722400	9.099976	9099	""osoba4""
""osoba4""		714.9	714900	722.4	722400	8.5	8500	""osoba4""
""osoba4""		715.5	715500	722.4	722400	7.9000244	7900	""osoba4""
""osoba4""		716.10004	716100	722.4	722400	7.299988	7299	""osoba4""
""osoba3""		716.4	716400	716.4	716400	1.0	1000	""osoba3""
""osoba4""		717.30005	717300	722.4	722400	6.0999756	6099	""osoba4""
""osoba1""		718.2	718200	728.10004	728100	10.900024	10900	""osoba1""
""osoba1""		719.7	719700	728.10004	728100	9.400024	9400	""osoba1""
""osoba1""		721.2	721200	728.10004	728100	7.9000244	7900	""osoba1""
""osoba4""		721.2	721200	722.4	722400	2.2000122	2200	""osoba4""
""osoba1""		723.60004	723600	728.10004	728100	5.5	5500	""osoba1""
""osoba1""		725.4	725400	728.10004	728100	3.7000122	3700	""osoba1""
""osoba1""		726.30005	726300	728.10004	728100	2.7999878	2799	""osoba1""
""osoba1""		726.9	726900	728.10004	728100	2.2000122	2200	""osoba1""
""osoba3""		726.9	726900	731.4	731400	5.5	5500	""osoba3""
""osoba1""		728.10004	728100	728.10004	728100	1.0	1000	""osoba1""
""osoba4""		728.10004	728100	729.60004	729600	2.5	2500	""osoba4""
""osoba4""		729.0	729000	729.60004	729600	1.6000366	1600	""osoba4""
""osoba2""		730.2	730200	744.0	744000	14.799988	14799	""osoba2""
""osoba3""		731.10004	731100	731.4	731400	1.2999878	1299	""osoba3""
""osoba1""		731.7	731700	731.7	731700	1.0	1000	""osoba1""
""osoba2""		734.10004	734100	744.0	744000	10.899963	10899	""osoba2""
""osoba2""		734.7	734700	744.0	744000	10.299988	10299	""osoba2""
""osoba2""		735.60004	735600	744.0	744000	9.399963	9399	""osoba2""
""osoba2""		736.2	736200	744.0	744000	8.799988	8799	""osoba2""
""osoba2""		738.9	738900	744.0	744000	6.0999756	6099	""osoba2""
""osoba2""		741.60004	741600	744.0	744000	3.3999634	3399	""osoba2""
""osoba3""		743.10004	743100	750.9	750900	8.799988	8799	""osoba3""
""osoba3""		745.2	745200	750.9	750900	6.700012	6700	""osoba3""
""osoba3""		745.80005	745800	750.9	750900	6.0999756	6099	""osoba3""
""osoba3""		747.0	747000	750.9	750900	4.9000244	4900	""osoba3""
""osoba3""		748.2	748200	750.9	750900	3.7000122	3700	""osoba3""
""osoba1""		748.5	748500	748.5	748500	1.0	1000	""osoba1""
""osoba3""		748.80005	748800	750.9	750900	3.0999756	3099	""osoba3""
""osoba4""		750.30005	750300	760.2	760200	10.899963	10899	""osoba4""
""osoba4""		753.9	753900	760.2	760200	7.299988	7299	""osoba4""
""osoba4""		754.5	754500	760.2	760200	6.700012	6700	""osoba4""
""osoba4""		755.4	755400	760.2	760200	5.799988	5799	""osoba4""
""osoba4""		757.5	757500	760.2	760200	3.7000122	3700	""osoba4""
""osoba3""		758.10004	758100	761.7	761700	4.5999756	4599	""osoba3""
""osoba4""		759.60004	759600	760.2	760200	1.5999756	1599	""osoba4""
""osoba3""		760.5	760500	761.7	761700	2.2000122	2200	""osoba3""
""osoba1""		761.4	761400	767.7	767700	7.299988	7299	""osoba1""
""osoba3""		761.4	761400	761.7	761700	1.2999878	1299	""osoba3""
""osoba1""		762.60004	762600	767.7	767700	6.0999756	6099	""osoba1""
""osoba3""		765.30005	765300	765.9	765900	1.5999756	1599	""osoba3""
""osoba3""		765.9	765900	765.9	765900	1.0	1000	""osoba3""
""osoba1""		766.5	766500	767.7	767700	2.2000122	2200	""osoba1""
""osoba4""		767.7	767700	770.4	770400	3.7000122	3700	""osoba4""
""osoba4""		769.2	769200	770.4	770400	2.2000122	2200	""osoba4""
""osoba1""		770.10004	770100	789.30005	789300	20.200012	20200	""osoba1""
""osoba4""		770.10004	770100	770.4	770400	1.2999878	1299	""osoba4""
""osoba1""		771.60004	771600	789.30005	789300	18.700012	18700	""osoba1""
""osoba3""		771.9	771900	777.00006	777000	6.1000366	6100	""osoba3""
""osoba3""		774.00006	774000	777.00006	777000	4.0	4000	""osoba3""
""osoba1""		774.30005	774300	789.30005	789300	16.0	16000	""osoba1""
""osoba1""		776.10004	776100	789.30005	789300	14.200012	14200	""osoba1""
""osoba3""		777.00006	777000	777.00006	777000	1.0	1000	""osoba3""
""osoba1""		777.60004	777600	789.30005	789300	12.700012	12700	""osoba1""
""osoba1""		778.2	778200	789.30005	789300	12.100037	12100	""osoba1""
""osoba1""		778.80005	778800	789.30005	789300	11.5	11500	""osoba1""
""osoba4""		780.00006	780000	781.2	781200	2.1999512	2199	""osoba4""
""osoba1""		782.4	782400	789.30005	789300	7.9000244	7900	""osoba1""
""osoba1""		784.2	784200	789.30005	789300	6.1000366	6100	""osoba1""
""osoba1""		785.7	785700	789.30005	789300	4.6000366	4600	""osoba1""
""osoba1""		786.30005	786300	789.30005	789300	4.0	4000	""osoba1""
""osoba1""		787.50006	787500	789.30005	789300	2.7999878	2799	""osoba1""
""osoba3""		787.50006	787500	805.2	805200	18.699951	18699	""osoba3""
""osoba3""		792.00006	792000	805.2	805200	14.199951	14199	""osoba3""
""osoba3""		793.50006	793500	805.2	805200	12.699951	12699	""osoba3""
""osoba3""		794.4	794400	805.2	805200	11.799988	11799	""osoba3""
""osoba3""		795.00006	795000	805.2	805200	11.199951	11199	""osoba3""
""osoba3""		796.2	796200	805.2	805200	10.0	10000	""osoba3""
""osoba3""		798.60004	798600	805.2	805200	7.5999756	7599	""osoba3""
""osoba3""		801.30005	801300	805.2	805200	4.8999634	4899	""osoba3""
""osoba3""		803.10004	803100	805.2	805200	3.0999756	3099	""osoba3""
""osoba1""		804.30005	804300	805.2	805200	1.8999634	1899	""osoba1""
""osoba4""		806.10004	806100	811.50006	811500	6.4000244	6400	""osoba4""
""osoba2""		809.7	809700	839.7	839700	31.0	31000	""osoba2""
""osoba3""		810.00006	810000	810.00006	810000	1.0	1000	""osoba3""
""osoba4""		810.9	810900	811.50006	811500	1.6000366	1600	""osoba4""
""osoba2""		811.2	811200	839.7	839700	29.5	29500	""osoba2""
""osoba2""		813.30005	813300	839.7	839700	27.399963	27399	""osoba2""
""osoba1""		813.60004	813600	814.50006	814500	1.9000244	1900	""osoba1""
""osoba2""		813.9	813900	839.7	839700	26.799988	26799	""osoba2""
""osoba2""		815.10004	815100	839.7	839700	25.599976	25599	""osoba2""
""osoba3""		816.9	816900	819.00006	819000	3.1000366	3100	""osoba3""
""osoba1""		819.60004	819600	819.60004	819600	1.0	1000	""osoba1""
""osoba4""		819.60004	819600	819.9	819900	1.2999878	1299	""osoba4""
""osoba2""		820.50006	820500	839.7	839700	20.199951	20199	""osoba2""
""osoba2""		822.00006	822000	839.7	839700	18.699951	18699	""osoba2""
""osoba2""		823.2	823200	839.7	839700	17.5	17500	""osoba2""
""osoba2""		824.4	824400	839.7	839700	16.299988	16299	""osoba2""
""osoba1""		825.9	825900	827.7	827700	2.7999878	2799	""osoba1""
""osoba1""		832.50006	832500	834.00006	834000	2.5	2500	""osoba1""
""osoba2""		833.4	833400	839.7	839700	7.299988	7299	""osoba2""
""osoba2""		836.7	836700	839.7	839700	4.0	4000	""osoba2""
""osoba1""		838.50006	838500	841.2	841200	3.6999512	3699	""osoba1""
""osoba3""		839.7	839700	847.2	847200	8.5	8500	""osoba3""
""osoba1""		840.60004	840600	841.2	841200	1.5999756	1599	""osoba1""
""osoba3""		842.7	842700	847.2	847200	5.5	5500	""osoba3""
""osoba1""		846.9	846900	857.4	857400	11.5	11500	""osoba1""
""osoba1""		848.4	848400	857.4	857400	10.0	10000	""osoba1""
""osoba1""		849.00006	849000	857.4	857400	9.399963	9399	""osoba1""
""osoba1""		849.60004	849600	857.4	857400	8.799988	8799	""osoba1""
""osoba1""		852.60004	852600	857.4	857400	5.799988	5799	""osoba1""
""osoba1""		853.50006	853500	857.4	857400	4.8999634	4899	""osoba1""
""osoba2""		855.00006	855000	891.00006	891000	37.0	37000	""osoba2""
""osoba2""		856.50006	856500	891.00006	891000	35.5	35500	""osoba2""
""osoba1""		857.4	857400	857.4	857400	1.0	1000	""osoba1""
""osoba2""		859.50006	859500	891.00006	891000	32.5	32500	""osoba2""
""osoba3""		859.80005	859800	861.60004	861600	2.7999878	2799	""osoba3""
""osoba2""		860.10004	860100	891.00006	891000	31.900024	31900	""osoba2""
""osoba1""		860.7	860700	860.7	860700	1.0	1000	""osoba1""
""osoba4""		861.9	861900	862.2	862200	1.2999878	1299	""osoba4""
""osoba2""		864.30005	864300	891.00006	891000	27.700012	27700	""osoba2""
""osoba3""		864.9	864900	865.2	865200	1.2999878	1299	""osoba3""
""osoba2""		867.00006	867000	891.00006	891000	25.0	25000	""osoba2""
""osoba2""		868.2	868200	891.00006	891000	23.800049	23800	""osoba2""
""osoba1""		875.4	875400	877.50006	877500	3.1000366	3100	""osoba1""
""osoba1""		877.2	877200	877.50006	877500	1.3000488	1300	""osoba1""
""osoba2""		877.80005	877800	891.00006	891000	14.200012	14200	""osoba2""
""osoba3""		880.2	880200	882.60004	882600	3.4000244	3400	""osoba3""
""osoba2""		887.10004	887100	891.00006	891000	4.9000244	4900	""osoba2""
""osoba2""		888.30005	888300	891.00006	891000	3.7000122	3700	""osoba2""
""osoba2""		888.9	888900	891.00006	891000	3.1000366	3100	""osoba2""
""osoba4""		890.10004	890100	897.9	897900	8.799988	8799	""osoba4""
""osoba4""		895.2	895200	897.9	897900	3.7000122	3700	""osoba4""
""osoba4""		897.00006	897000	897.9	897900	1.8999634	1899	""osoba4""
""osoba1""		897.60004	897600	906.9	906900	10.299988	10299	""osoba1""
""osoba1""		898.80005	898800	906.9	906900	9.099976	9099	""osoba1""
""osoba3""		901.50006	901500	920.7	920700	20.199951	20199	""osoba3""
""osoba1""		905.7	905700	906.9	906900	2.2000122	2200	""osoba1""
""osoba3""		910.2	910200	920.7	920700	11.5	11500	""osoba3""
""osoba3""		911.7	911700	920.7	920700	10.0	10000	""osoba3""
""osoba3""		912.30005	912300	920.7	920700	9.399963	9399	""osoba3""
""osoba3""		913.50006	913500	920.7	920700	8.199951	8199	""osoba3""
""osoba1""		914.10004	914100	914.4	914400	1.2999878	1299	""osoba1""
""osoba3""		914.10004	914100	920.7	920700	7.5999756	7599	""osoba3""
""osoba3""		915.00006	915000	920.7	920700	6.699951	6699	""osoba3""
""osoba3""		915.60004	915600	920.7	920700	6.0999756	6099	""osoba3""
""osoba3""		920.10004	920100	920.7	920700	1.5999756	1599	""osoba3""
""osoba1""		920.4	920400	971.10004	971100	51.700012	51700	""osoba1""
""osoba1""		922.80005	922800	971.10004	971100	49.299988	49299	""osoba1""
""osoba1""		923.7	923700	971.10004	971100	48.400024	48400	""osoba1""
""osoba1""		925.80005	925800	971.10004	971100	46.299988	46299	""osoba1""
""osoba1""		928.80005	928800	971.10004	971100	43.299988	43299	""osoba1""
""osoba1""		930.9	930900	971.10004	971100	41.200012	41200	""osoba1""
""osoba1""		931.80005	931800	971.10004	971100	40.299988	40299	""osoba1""
""osoba1""		933.30005	933300	971.10004	971100	38.799988	38799	""osoba1""
""osoba1""		934.50006	934500	971.10004	971100	37.599976	37599	""osoba1""
""osoba1""		935.7	935700	971.10004	971100	36.400024	36400	""osoba1""
""osoba4""		936.60004	936600	937.2	937200	1.5999756	1599	""osoba4""
""osoba1""		939.00006	939000	971.10004	971100	33.099976	33099	""osoba1""
""osoba1""		939.9	939900	971.10004	971100	32.200012	32200	""osoba1""
""osoba1""		940.50006	940500	971.10004	971100	31.599976	31599	""osoba1""
""osoba1""		952.80005	952800	971.10004	971100	19.299988	19299	""osoba1""
""osoba1""		953.4	953400	971.10004	971100	18.700012	18700	""osoba1""
""osoba1""		955.50006	955500	971.10004	971100	16.599976	16599	""osoba1""
""osoba4""		956.7	956700	960.9	960900	5.200012	5200	""osoba4""
""osoba1""		957.60004	957600	971.10004	971100	14.5	14500	""osoba1""
""osoba1""		962.10004	962100	971.10004	971100	10.0	10000	""osoba1""
""osoba3""		963.00006	963000	965.4	965400	3.3999634	3399	""osoba3""
""osoba1""		964.50006	964500	971.10004	971100	7.5999756	7599	""osoba1""
""osoba4""		965.7	965700	965.7	965700	1.0	1000	""osoba4""
""osoba1""		967.80005	967800	971.10004	971100	4.299988	4299	""osoba1""
""osoba1""		968.4	968400	971.10004	971100	3.7000122	3700	""osoba1""
""osoba1""		971.10004	971100	971.10004	971100	1.0	1000	""osoba1""
""osoba3""		971.10004	971100	976.50006	976500	6.4000244	6400	""osoba3""
""osoba3""		972.30005	972300	976.50006	976500	5.200012	5200	""osoba3""
""osoba3""		973.2	973200	976.50006	976500	4.300049	4300	""osoba3""
""osoba3""		976.50006	976500	976.50006	976500	1.0	1000	""osoba3""
""osoba1""		976.80005	976800	999.00006	999000	23.200012	23200	""osoba1""
""osoba1""		978.60004	978600	999.00006	999000	21.400024	21400	""osoba1""
""osoba1""		979.80005	979800	999.00006	999000	20.200012	20200	""osoba1""
""osoba1""		981.60004	981600	999.00006	999000	18.400024	18400	""osoba1""
""osoba1""		982.50006	982500	999.00006	999000	17.5	17500	""osoba1""
""osoba1""		985.50006	985500	999.00006	999000	14.5	14500	""osoba1""
""osoba1""		987.30005	987300	999.00006	999000	12.700012	12700	""osoba1""
""osoba1""		989.7	989700	999.00006	999000	10.300049	10300	""osoba1""
""osoba1""		990.60004	990600	999.00006	999000	9.400024	9400	""osoba1""
""osoba4""		990.9	990900	991.50006	991500	1.6000366	1600	""osoba4""
""osoba1""		991.2	991200	999.00006	999000	8.800049	8800	""osoba1""
""osoba1""		994.80005	994800	999.00006	999000	5.200012	5200	""osoba1""
""osoba2""		994.80005	994800	995.4	995400	1.5999756	1599	""osoba2""
""osoba1""		996.9	996900	999.00006	999000	3.1000366	3100	""osoba1""
""osoba1""		998.10004	998100	999.00006	999000	1.9000244	1900	""osoba1""
""osoba4""		999.00006	999000	1022.4	1022400	24.399963	24399	""osoba4""
""osoba4""		1003.2	1003200	1022.4	1022400	20.200012	20200	""osoba4""
""osoba4""		1007.4	1007400	1022.4	1022400	16.0	16000	""osoba4""
""osoba4""		1008.30005	1008300	1022.4	1022400	15.099976	15099	""osoba4""
""osoba4""		1009.50006	1009500	1022.4	1022400	13.899963	13899	""osoba4""
""osoba4""		1010.10004	1010100	1022.4	1022400	13.299988	13299	""osoba4""
""osoba4""		1012.50006	1012500	1022.4	1022400	10.899963	10899	""osoba4""
""osoba4""		1014.30005	1014300	1022.4	1022400	9.099976	9099	""osoba4""
""osoba4""		1015.50006	1015500	1022.4	1022400	7.8999634	7899	""osoba4""
""osoba1""		1017.9	1017900	1023.30005	1023300	6.4000244	6400	""osoba1""
""osoba1""		1018.80005	1018800	1023.30005	1023300	5.5	5500	""osoba1""
""osoba4""		1019.10004	1019100	1022.4	1022400	4.299988	4299	""osoba4""
""osoba1""		1019.7	1019700	1023.30005	1023300	4.6000366	4600	""osoba1""
""osoba1""		1023.00006	1023000	1023.30005	1023300	1.2999878	1299	""osoba1""
""osoba3""		1023.00006	1023000	1026.9	1026900	4.8999634	4899	""osoba3""
""osoba2""		1025.7001	1025700	1041.6001	1041600	16.900024	16900	""osoba2""
""osoba2""		1029.0	1029000	1041.6001	1041600	13.600098	13600	""osoba2""
""osoba2""		1029.9	1029900	1041.6001	1041600	12.700073	12700	""osoba2""
""osoba4""		1030.2001	1030200	1030.2001	1030200	1.0	1000	""osoba4""
""osoba2""		1031.1001	1031100	1041.6001	1041600	11.5	11500	""osoba2""
""osoba2""		1034.1001	1034100	1041.6001	1041600	8.5	8500	""osoba2""
""osoba2""		1035.6001	1035600	1041.6001	1041600	7.0	7000	""osoba2""
""osoba1""		1037.4	1037400	1037.7001	1037700	1.3000488	1300	""osoba1""
""osoba2""		1039.2001	1039200	1041.6001	1041600	3.4000244	3400	""osoba2""
""osoba1""		1039.8	1039800	1071.0	1071000	32.19995	32199	""osoba1""
""osoba1""		1041.3	1041300	1071.0	1071000	30.699951	30699	""osoba1""
""osoba2""		1041.3	1041300	1041.6001	1041600	1.3000488	1300	""osoba2""
""osoba1""		1044.3	1044300	1071.0	1071000	27.699951	27699	""osoba1""
""osoba1""		1045.5	1045500	1071.0	1071000	26.5	26500	""osoba1""
""osoba1""		1047.0	1047000	1071.0	1071000	25.0	25000	""osoba1""
""osoba4""		1048.8	1048800	1049.1001	1049100	1.3000488	1300	""osoba4""
""osoba2""		1050.6001	1050600	1050.6001	1050600	1.0	1000	""osoba2""
""osoba1""		1050.9	1050900	1071.0	1071000	21.099976	21099	""osoba1""
""osoba1""		1051.8	1051800	1071.0	1071000	20.199951	20199	""osoba1""
""osoba1""		1053.6001	1053600	1071.0	1071000	18.399902	18399	""osoba1""
""osoba1""		1055.4	1055400	1071.0	1071000	16.599976	16599	""osoba1""
""osoba2""		1058.1001	1058100	1059.0	1059000	1.8999023	1899	""osoba2""
""osoba1""		1062.6001	1062600	1071.0	1071000	9.399902	9399	""osoba1""
""osoba1""		1066.8	1066800	1071.0	1071000	5.199951	5199	""osoba1""
""osoba1""		1068.6001	1068600	1071.0	1071000	3.3999023	3399	""osoba1""
""osoba2""		1069.8	1069800	1082.1001	1082100	13.300049	13300	""osoba2""
""osoba2""		1071.6001	1071600	1082.1001	1082100	11.5	11500	""osoba2""
""osoba2""		1073.1001	1073100	1082.1001	1082100	10.0	10000	""osoba2""
""osoba1""		1073.7001	1073700	1076.1001	1076100	3.4000244	3400	""osoba1""
""osoba1""		1074.6001	1074600	1076.1001	1076100	2.5	2500	""osoba1""
""osoba2""		1074.9	1074900	1082.1001	1082100	8.200073	8200	""osoba2""
""osoba1""		1075.5	1075500	1076.1001	1076100	1.6000977	1600	""osoba1""
""osoba2""		1077.3	1077300	1082.1001	1082100	5.800049	5800	""osoba2""
""osoba2""		1077.9	1077900	1082.1001	1082100	5.2000732	5200	""osoba2""
""osoba4""		1080.6001	1080600	1080.6001	1080600	1.0	1000	""osoba4""
""osoba2""		1081.5	1081500	1082.1001	1082100	1.6000977	1600	""osoba2""
""osoba3""		1081.8	1081800	1085.1001	1085100	4.300049	4300	""osoba3""
""osoba3""		1084.8	1084800	1085.1001	1085100	1.3000488	1300	""osoba3""
""osoba4""		1084.8	1084800	1087.2001	1087200	3.4000244	3400	""osoba4""
""osoba4""		1086.9	1086900	1087.2001	1087200	1.3000488	1300	""osoba4""
""osoba1""		1087.2001	1087200	1092.6001	1092600	6.4000244	6400	""osoba1""
""osoba1""		1089.6001	1089600	1092.6001	1092600	4.0	4000	""osoba1""
""osoba2""		1089.9	1089900	1092.3	1092300	3.4000244	3400	""osoba2""
""osoba4""		1092.6001	1092600	1126.8	1126800	35.19995	35199	""osoba4""
""osoba4""		1093.8	1093800	1126.8	1126800	34.0	34000	""osoba4""
""osoba2""		1094.7001	1094700	1097.1001	1097100	3.4000244	3400	""osoba2""
""osoba4""		1094.7001	1094700	1126.8	1126800	33.099976	33099	""osoba4""
""osoba4""		1101.0	1101000	1126.8	1126800	26.800049	26800	""osoba4""
""osoba4""		1102.5	1102500	1126.8	1126800	25.300049	25300	""osoba4""
""osoba3""		1108.2001	1108200	1108.8	1108800	1.5999756	1599	""osoba3""
""osoba4""		1112.7001	1112700	1126.8	1126800	15.099976	15099	""osoba4""
""osoba3""		1113.0	1113000	1115.1001	1115100	3.1000977	3100	""osoba3""
""osoba4""		1116.6001	1116600	1126.8	1126800	11.199951	11199	""osoba4""
""osoba4""		1118.7001	1118700	1126.8	1126800	9.099976	9099	""osoba4""
""osoba4""		1119.6001	1119600	1126.8	1126800	8.199951	8199	""osoba4""
""osoba4""		1123.5	1123500	1126.8	1126800	4.300049	4300	""osoba4""
""osoba4""		1124.7001	1124700	1126.8	1126800	3.0999756	3099	""osoba4""
""osoba1""		1125.3	1125300	1135.5	1135500	11.199951	11199	""osoba1""
""osoba4""		1126.2001	1126200	1126.8	1126800	1.5999756	1599	""osoba4""
""osoba1""		1127.7001	1127700	1135.5	1135500	8.799927	8799	""osoba1""
""osoba1""		1128.3	1128300	1135.5	1135500	8.199951	8199	""osoba1""
""osoba1""		1129.2001	1129200	1135.5	1135500	7.2999268	7299	""osoba1""
""osoba1""		1130.4	1130400	1135.5	1135500	6.0999756	6099	""osoba1""
""osoba1""		1131.0	1131000	1135.5	1135500	5.5	5500	""osoba1""
""osoba1""		1131.6001	1131600	1135.5	1135500	4.8999023	4899	""osoba1""
""osoba1""		1132.8	1132800	1135.5	1135500	3.6999512	3699	""osoba1""
""osoba2""		1134.0	1134000	1147.5	1147500	14.5	14500	""osoba2""
""osoba2""		1138.2001	1138200	1147.5	1147500	10.299927	10299	""osoba2""
""osoba2""		1140.0	1140000	1147.5	1147500	8.5	8500	""osoba2""
""osoba2""		1147.5	1147500	1147.5	1147500	1.0	1000	""osoba2""
""osoba1""		1147.8	1147800	1159.2001	1159200	12.400024	12400	""osoba1""
""osoba1""		1148.4	1148400	1159.2001	1159200	11.800049	11800	""osoba1""
""osoba1""		1151.4	1151400	1159.2001	1159200	8.800049	8800	""osoba1""
""osoba1""		1152.0	1152000	1159.2001	1159200	8.200073	8200	""osoba1""
""osoba1""		1153.2001	1153200	1159.2001	1159200	7.0	7000	""osoba1""
""osoba1""		1153.8	1153800	1159.2001	1159200	6.4000244	6400	""osoba1""
""osoba2""		1159.2001	1159200	1163.7001	1163700	5.5	5500	""osoba2""
""osoba2""		1160.7001	1160700	1163.7001	1163700	4.0	4000	""osoba2""
""osoba4""		1162.2001	1162200	1163.7001	1163700	2.5	2500	""osoba4""
""osoba1""		1164.6001	1164600	1169.4	1169400	5.7999268	5799	""osoba1""
""osoba1""		1165.5	1165500	1169.4	1169400	4.9000244	4900	""osoba1""
""osoba1""		1166.4	1166400	1169.4	1169400	4.0	4000	""osoba1""
""osoba1""		1168.2001	1168200	1169.4	1169400	2.1999512	2199	""osoba1""
""osoba1""		1168.8	1168800	1169.4	1169400	1.5999756	1599	""osoba1""
""osoba2""		1169.1001	1169100	1177.8	1177800	9.699951	9699	""osoba2""
""osoba2""		1170.6001	1170600	1177.8	1177800	8.199951	8199	""osoba2""
""osoba1""		1173.6001	1173600	1187.4	1187400	14.799927	14799	""osoba1""
""osoba1""		1179.6001	1179600	1187.4	1187400	8.799927	8799	""osoba1""
""osoba3""		1181.7001	1181700	1182.9	1182900	2.1999512	2199	""osoba3""
""osoba3""		1185.6001	1185600	1189.2001	1189200	4.5999756	4599	""osoba3""
""osoba4""		1189.2001	1189200	1207.2001	1207200	19.0	19000	""osoba4""
""osoba4""		1190.4	1190400	1207.2001	1207200	17.800049	17800	""osoba4""
""osoba4""		1194.6001	1194600	1207.2001	1207200	13.599976	13599	""osoba4""
""osoba4""		1195.2001	1195200	1207.2001	1207200	13.0	13000	""osoba4""
""osoba4""		1196.1001	1196100	1207.2001	1207200	12.099976	12099	""osoba4""
""osoba4""		1197.9	1197900	1207.2001	1207200	10.300049	10300	""osoba4""
""osoba1""		1199.1001	1199100	1200.0	1200000	1.8999023	1899	""osoba1""
""osoba4""		1201.5	1201500	1207.2001	1207200	6.7000732	6700	""osoba4""
""osoba4""		1204.5	1204500	1207.2001	1207200	3.7000732	3700	""osoba4""
""osoba3""		1207.2001	1207200	1209.3	1209300	3.0999756	3099	""osoba3""
""osoba2""		1208.4	1208400	1215.6001	1215600	8.200073	8200	""osoba2""
""osoba2""		1211.1001	1211100	1215.6001	1215600	5.5	5500	""osoba2""
""osoba1""		1212.9	1212900	1230.3	1230300	18.400024	18400	""osoba1""
""osoba2""		1213.5	1213500	1215.6001	1215600	3.1000977	3100	""osoba2""
""osoba1""		1218.9	1218900	1230.3	1230300	12.400024	12400	""osoba1""
""osoba1""		1219.8	1219800	1230.3	1230300	11.5	11500	""osoba1""
""osoba4""		1221.0	1221000	1221.3	1221300	1.3000488	1300	""osoba4""
""osoba1""		1222.2001	1222200	1230.3	1230300	9.099976	9099	""osoba1""
""osoba1""		1224.0	1224000	1230.3	1230300	7.300049	7300	""osoba1""
""osoba1""		1228.2001	1228200	1230.3	1230300	3.0999756	3099	""osoba1""
""osoba1""		1229.1001	1229100	1230.3	1230300	2.1999512	2199	""osoba1""
""osoba2""		1229.1001	1229100	1239.0	1239000	10.899902	10899	""osoba2""
""osoba2""		1234.2001	1234200	1239.0	1239000	5.7999268	5799	""osoba2""
""osoba2""		1235.1001	1235100	1239.0	1239000	4.8999023	4899	""osoba2""
""osoba2""		1236.6001	1236600	1239.0	1239000	3.3999023	3399	""osoba2""
""osoba1""		1237.2001	1237200	1253.7001	1253700	17.5	17500	""osoba1""
""osoba4""		1237.5	1237500	1239.3	1239300	2.8000488	2800	""osoba4""
""osoba1""		1240.8	1240800	1253.7001	1253700	13.900024	13900	""osoba1""
""osoba1""		1242.0	1242000	1253.7001	1253700	12.700073	12700	""osoba1""
""osoba1""		1244.1001	1244100	1253.7001	1253700	10.599976	10599	""osoba1""
""osoba1""		1245.0	1245000	1253.7001	1253700	9.700073	9700	""osoba1""
""osoba1""		1249.8	1249800	1253.7001	1253700	4.9000244	4900	""osoba1""
""osoba1""		1252.2001	1252200	1253.7001	1253700	2.5	2500	""osoba1""
""osoba4""		1252.5	1252500	1257.3	1257300	5.800049	5800	""osoba4""
""osoba1""		1257.0	1257000	1276.8	1276800	20.800049	20800	""osoba1""
""osoba4""		1257.0	1257000	1257.3	1257300	1.3000488	1300	""osoba4""
""osoba1""		1262.1001	1262100	1276.8	1276800	15.699951	15699	""osoba1""
""osoba1""		1262.7001	1262700	1276.8	1276800	15.099976	15099	""osoba1""
""osoba1""		1264.8	1264800	1276.8	1276800	13.0	13000	""osoba1""
""osoba3""		1264.8	1264800	1266.3	1266300	2.5	2500	""osoba3""
""osoba1""		1269.9	1269900	1276.8	1276800	7.9000244	7900	""osoba1""
""osoba3""		1276.5	1276500	1313.1001	1313100	37.600098	37600	""osoba3""
""osoba3""		1278.0	1278000	1313.1001	1313100	36.100098	36100	""osoba3""
""osoba3""		1278.6001	1278600	1313.1001	1313100	35.5	35500	""osoba3""
""osoba1""		1278.9	1278900	1278.9	1278900	1.0	1000	""osoba1""
""osoba3""		1280.7001	1280700	1313.1001	1313100	33.400024	33400	""osoba3""
""osoba3""		1281.6001	1281600	1313.1001	1313100	32.5	32500	""osoba3""
""osoba3""		1282.2001	1282200	1313.1001	1313100	31.900024	31900	""osoba3""
""osoba3""		1282.8	1282800	1313.1001	1313100	31.300049	31300	""osoba3""
""osoba3""		1284.0	1284000	1313.1001	1313100	30.100098	30100	""osoba3""
""osoba3""		1284.6001	1284600	1313.1001	1313100	29.5	29500	""osoba3""
""osoba3""		1285.8	1285800	1313.1001	1313100	28.300049	28300	""osoba3""
""osoba4""		1288.2001	1288200	1290.6001	1290600	3.4000244	3400	""osoba4""
""osoba3""		1292.1001	1292100	1313.1001	1313100	22.0	22000	""osoba3""
""osoba3""		1293.6001	1293600	1313.1001	1313100	20.5	20500	""osoba3""
""osoba3""		1294.8	1294800	1313.1001	1313100	19.300049	19300	""osoba3""
""osoba1""		1298.4	1298400	1300.5	1300500	3.0999756	3099	""osoba1""
""osoba3""		1301.1001	1301100	1313.1001	1313100	13.0	13000	""osoba3""
""osoba3""		1302.6001	1302600	1313.1001	1313100	11.5	11500	""osoba3""
""osoba3""		1305.0	1305000	1313.1001	1313100	9.100098	9100	""osoba3""
""osoba1""		1305.9	1305900	1308.6001	1308600	3.7000732	3700	""osoba1""
""osoba4""		1310.4	1310400	1319.1001	1319100	9.700073	9700	""osoba4""
""osoba2""		1311.9	1311900	1311.9	1311900	1.0	1000	""osoba2""
""osoba3""		1312.5	1312500	1313.1001	1313100	1.6000977	1600	""osoba3""
""osoba4""		1312.5	1312500	1319.1001	1319100	7.6000977	7600	""osoba4""
""osoba4""		1314.9	1314900	1319.1001	1319100	5.2000732	5200	""osoba4""
""osoba1""		1316.7001	1316700	1331.7001	1331700	16.0	16000	""osoba1""
""osoba1""		1321.2001	1321200	1331.7001	1331700	11.5	11500	""osoba1""
""osoba1""		1324.2001	1324200	1331.7001	1331700	8.5	8500	""osoba1""
""osoba1""		1326.9	1326900	1331.7001	1331700	5.800049	5800	""osoba1""
""osoba1""		1327.5	1327500	1331.7001	1331700	5.2000732	5200	""osoba1""
""osoba2""		1328.1001	1328100	1328.4	1328400	1.2999268	1299	""osoba2""
""osoba1""		1329.9	1329900	1331.7001	1331700	2.8000488	2800	""osoba1""
""osoba2""		1331.1001	1331100	1339.5	1339500	9.399902	9399	""osoba2""
""osoba2""		1336.2001	1336200	1339.5	1339500	4.2999268	4299	""osoba2""
""osoba2""		1338.0	1338000	1339.5	1339500	2.5	2500	""osoba2""
""osoba1""		1339.2001	1339200	1361.7001	1361700	23.5	23500	""osoba1""
""osoba3""		1339.8	1339800	1340.4	1340400	1.5999756	1599	""osoba3""
""osoba1""		1343.1001	1343100	1361.7001	1361700	19.599976	19599	""osoba1""
""osoba1""		1347.3	1347300	1361.7001	1361700	15.400024	15400	""osoba1""
""osoba1""		1348.5	1348500	1361.7001	1361700	14.200073	14200	""osoba1""
""osoba1""		1351.2001	1351200	1361.7001	1361700	11.5	11500	""osoba1""
""osoba4""		1351.5	1351500	1353.0	1353000	2.5	2500	""osoba4""
""osoba4""		1353.0	1353000	1353.0	1353000	1.0	1000	""osoba4""
""osoba1""		1355.7001	1355700	1361.7001	1361700	7.0	7000	""osoba1""
""osoba1""		1356.3	1356300	1361.7001	1361700	6.4000244	6400	""osoba1""
""osoba4""		1356.6001	1356600	1357.5	1357500	1.8999023	1899	""osoba4""
""osoba1""		1359.0	1359000	1361.7001	1361700	3.7000732	3700	""osoba1""
""osoba3""		1359.6001	1359600	1364.7001	1364700	6.0999756	6099	""osoba3""
""osoba1""		1360.2001	1360200	1361.7001	1361700	2.5	2500	""osoba1""
""osoba4""		1364.4	1364400	1374.9	1374900	11.5	11500	""osoba4""
""osoba2""		1365.6001	1365600	1366.2001	1366200	1.5999756	1599	""osoba2""
""osoba4""		1367.7001	1367700	1374.9	1374900	8.199951	8199	""osoba4""
""osoba4""		1369.5	1369500	1374.9	1374900	6.4000244	6400	""osoba4""
""osoba1""		1370.1001	1370100	1372.2001	1372200	3.0999756	3099	""osoba1""
""osoba1""		1371.0	1371000	1372.2001	1372200	2.2000732	2200	""osoba1""
""osoba4""		1371.9	1371900	1374.9	1374900	4.0	4000	""osoba4""
""osoba3""		1373.1001	1373100	1389.0	1389000	16.899902	16899	""osoba3""
""osoba4""		1374.6001	1374600	1374.9	1374900	1.2999268	1299	""osoba4""
""osoba3""		1376.4	1376400	1389.0	1389000	13.599976	13599	""osoba3""
""osoba3""		1377.9	1377900	1389.0	1389000	12.099976	12099	""osoba3""
""osoba3""		1380.0	1380000	1389.0	1389000	10.0	10000	""osoba3""
""osoba3""		1380.9	1380900	1389.0	1389000	9.099976	9099	""osoba3""
""osoba3""		1381.5	1381500	1389.0	1389000	8.5	8500	""osoba3""
""osoba3""		1382.4	1382400	1389.0	1389000	7.5999756	7599	""osoba3""
""osoba3""		1385.4	1385400	1389.0	1389000	4.5999756	4599	""osoba3""
""osoba3""		1386.0	1386000	1389.0	1389000	4.0	4000	""osoba3""
""osoba1""		1386.3	1386300	1386.6001	1386600	1.3000488	1300	""osoba1""
""osoba3""		1387.5	1387500	1389.0	1389000	2.5	2500	""osoba3""
""osoba1""		1388.7001	1388700	1404.3	1404300	16.599976	16599	""osoba1""
""osoba4""		1389.3	1389300	1389.3	1389300	1.0	1000	""osoba4""
""osoba1""		1394.7001	1394700	1404.3	1404300	10.599976	10599	""osoba1""
""osoba1""		1395.3	1395300	1404.3	1404300	10.0	10000	""osoba1""
""osoba1""		1396.8	1396800	1404.3	1404300	8.5	8500	""osoba1""
""osoba1""		1397.7001	1397700	1404.3	1404300	7.5999756	7599	""osoba1""
""osoba1""		1400.4	1400400	1404.3	1404300	4.9000244	4900	""osoba1""
""osoba4""		1400.7001	1400700	1425.6001	1425600	25.900024	25900	""osoba4""
""osoba3""		1401.0	1401000	1402.5	1402500	2.5	2500	""osoba3""
""osoba1""		1401.3	1401300	1404.3	1404300	4.0	4000	""osoba1""
""osoba4""		1401.9	1401900	1425.6001	1425600	24.700073	24700	""osoba4""
""osoba4""		1406.1001	1406100	1425.6001	1425600	20.5	20500	""osoba4""
""osoba4""		1407.6001	1407600	1425.6001	1425600	19.0	19000	""osoba4""
""osoba3""		1408.2001	1408200	1408.2001	1408200	1.0	1000	""osoba3""
""osoba4""		1410.9	1410900	1425.6001	1425600	15.700073	15700	""osoba4""
""osoba1""		1412.4	1412400	1416.3	1416300	4.9000244	4900	""osoba1""
""osoba1""		1414.2001	1414200	1416.3	1416300	3.0999756	3099	""osoba1""
""osoba4""		1415.1001	1415100	1425.6001	1425600	11.5	11500	""osoba4""
""osoba1""		1415.7001	1415700	1416.3	1416300	1.5999756	1599	""osoba1""
""osoba1""		1418.4	1418400	1420.2001	1420200	2.8000488	2800	""osoba1""
""osoba4""		1419.3	1419300	1425.6001	1425600	7.300049	7300	""osoba4""
""osoba4""		1420.8	1420800	1425.6001	1425600	5.800049	5800	""osoba4""
""osoba2""		1421.7001	1421700	1421.7001	1421700	1.0	1000	""osoba2""
""osoba4""		1422.0	1422000	1425.6001	1425600	4.6000977	4600	""osoba4""
""osoba1""		1422.6001	1422600	1488.6001	1488600	67.0	67000	""osoba1""
""osoba3""		1427.7001	1427700	1428.0	1428000	1.2999268	1299	""osoba3""
""osoba1""		1432.8	1432800	1488.6001	1488600	56.80005	56800	""osoba1""
""osoba1""		1433.4	1433400	1488.6001	1488600	56.200073	56200	""osoba1""
""osoba1""		1436.1001	1436100	1488.6001	1488600	53.5	53500	""osoba1""
""osoba1""		1437.0	1437000	1488.6001	1488600	52.600098	52600	""osoba1""
""osoba1""		1437.6001	1437600	1488.6001	1488600	52.0	52000	""osoba1""
""osoba1""		1438.2001	1438200	1488.6001	1488600	51.400024	51400	""osoba1""
""osoba1""		1438.8	1438800	1488.6001	1488600	50.80005	50800	""osoba1""
""osoba1""		1441.2001	1441200	1488.6001	1488600	48.400024	48400	""osoba1""
""osoba1""		1444.2001	1444200	1488.6001	1488600	45.400024	45400	""osoba1""
""osoba1""		1446.3	1446300	1488.6001	1488600	43.30005	43300	""osoba1""
""osoba4""		1447.5	1447500	1449.9	1449900	3.4000244	3400	""osoba4""
""osoba1""		1451.7001	1451700	1488.6001	1488600	37.900024	37900	""osoba1""
""osoba1""		1453.5	1453500	1488.6001	1488600	36.100098	36100	""osoba1""
""osoba1""		1454.7001	1454700	1488.6001	1488600	34.900024	34900	""osoba1""
""osoba1""		1458.0	1458000	1488.6001	1488600	31.600098	31600	""osoba1""
""osoba1""		1461.0	1461000	1488.6001	1488600	28.600098	28600	""osoba1""
""osoba1""		1461.6001	1461600	1488.6001	1488600	28.0	28000	""osoba1""
""osoba1""		1464.6001	1464600	1488.6001	1488600	25.0	25000	""osoba1""
""osoba1""		1470.0	1470000	1488.6001	1488600	19.600098	19600	""osoba1""
""osoba3""		1470.6001	1470600	1470.6001	1470600	1.0	1000	""osoba3""
""osoba1""		1473.9	1473900	1488.6001	1488600	15.700073	15700	""osoba1""
""osoba1""		1476.6001	1476600	1488.6001	1488600	13.0	13000	""osoba1""
""osoba1""		1479.9	1479900	1488.6001	1488600	9.700073	9700	""osoba1""
""osoba1""		1480.8	1480800	1488.6001	1488600	8.800049	8800	""osoba1""
""osoba3""		1482.3	1482300	1482.6001	1482600	1.3000488	1300	""osoba3""
""osoba1""		1483.8	1483800	1488.6001	1488600	5.800049	5800	""osoba1""
""osoba1""		1485.3	1485300	1488.6001	1488600	4.300049	4300	""osoba1""
""osoba1""		1486.2001	1486200	1488.6001	1488600	3.4000244	3400	""osoba1""
""osoba2""		1488.6001	1488600	1491.9	1491900	4.2999268	4299	""osoba2""
""osoba3""		1490.1001	1490100	1504.5	1504500	15.399902	15399	""osoba3""
""osoba3""		1497.3	1497300	1504.5	1504500	8.199951	8199	""osoba3""
""osoba3""		1499.7001	1499700	1504.5	1504500	5.7999268	5799	""osoba3""
""osoba3""		1501.8	1501800	1504.5	1504500	3.6999512	3699	""osoba3""
""osoba1""		1503.9	1503900	1514.1001	1514100	11.200073	11200	""osoba1""
""osoba1""		1505.1001	1505100	1514.1001	1514100	10.0	10000	""osoba1""
""osoba1""		1506.3	1506300	1514.1001	1514100	8.800049	8800	""osoba1""
""osoba3""		1506.6001	1506600	1506.6001	1506600	1.0	1000	""osoba3""
""osoba1""		1508.7001	1508700	1514.1001	1514100	6.4000244	6400	""osoba1""
""osoba4""		1511.4	1511400	1524.6001	1524600	14.200073	14200	""osoba4""
""osoba1""		1512.3	1512300	1514.1001	1514100	2.8000488	2800	""osoba1""
""osoba4""		1519.5	1519500	1524.6001	1524600	6.1000977	6100	""osoba4""
""osoba4""		1520.1001	1520100	1524.6001	1524600	5.5	5500	""osoba4""
""osoba1""		1524.0	1524000	1526.7001	1526700	3.7000732	3700	""osoba1""
""osoba2""		1524.3	1524300	1528.8	1528800	5.5	5500	""osoba2""
""osoba2""		1525.2001	1525200	1528.8	1528800	4.5999756	4599	""osoba2""
""osoba1""		1526.4	1526400	1526.7001	1526700	1.3000488	1300	""osoba1""
""osoba1""		1528.8	1528800	1542.0001	1542000	14.200073	14200	""osoba1""
""osoba1""		1534.5	1534500	1542.0001	1542000	8.500122	8500	""osoba1""
""osoba1""		1535.1001	1535100	1542.0001	1542000	7.9000244	7900	""osoba1""
""osoba1""		1536.3	1536300	1542.0001	1542000	6.7000732	6700	""osoba1""
""osoba1""		1537.8	1537800	1542.0001	1542000	5.2000732	5200	""osoba1""
""osoba1""		1541.4	1541400	1542.0001	1542000	1.6000977	1600	""osoba1""
""osoba4""		1542.3	1542300	1543.8	1543800	2.5	2500	""osoba4""
""osoba4""		1543.8	1543800	1543.8	1543800	1.0	1000	""osoba4""
""osoba1""		1544.1001	1544100	1560.6001	1560600	17.5	17500	""osoba1""
""osoba1""		1545.9	1545900	1560.6001	1560600	15.700073	15700	""osoba1""
""osoba1""		1552.8	1552800	1560.6001	1560600	8.800049	8800	""osoba1""
""osoba4""		1552.8	1552800	1554.9	1554900	3.0999756	3099	""osoba4""
""osoba3""		1553.7001	1553700	1554.9	1554900	2.1999512	2199	""osoba3""
""osoba1""		1555.8	1555800	1560.6001	1560600	5.800049	5800	""osoba1""
""osoba1""		1557.3	1557300	1560.6001	1560600	4.300049	4300	""osoba1""
""osoba1""		1558.8	1558800	1560.6001	1560600	2.8000488	2800	""osoba1""
""osoba1""		1560.6001	1560600	1560.6001	1560600	1.0	1000	""osoba1""
""osoba3""		1560.9	1560900	1567.2001	1567200	7.300049	7300	""osoba3""
""osoba3""		1563.6001	1563600	1567.2001	1567200	4.5999756	4599	""osoba3""
""osoba3""		1564.2001	1564200	1567.2001	1567200	4.0	4000	""osoba3""
""osoba3""		1564.8	1564800	1567.2001	1567200	3.4000244	3400	""osoba3""
""osoba3""		1566.3	1566300	1567.2001	1567200	1.9000244	1900	""osoba3""
""osoba4""		1567.2001	1567200	1567.5001	1567500	1.3000488	1300	""osoba4""
""osoba1""		1567.8	1567800	1572.0001	1572000	5.2000732	5200	""osoba1""
""osoba3""		1569.6001	1569600	1589.7001	1589700	21.099976	21099	""osoba3""
""osoba1""		1571.1001	1571100	1572.0001	1572000	1.9000244	1900	""osoba1""
""osoba3""		1574.1001	1574100	1589.7001	1589700	16.599976	16599	""osoba3""
""osoba2""		1574.4	1574400	1576.8	1576800	3.4000244	3400	""osoba2""
""osoba1""		1576.8	1576800	1576.8	1576800	1.0	1000	""osoba1""
""osoba3""		1578.3	1578300	1589.7001	1589700	12.400024	12400	""osoba3""
""osoba3""		1579.2001	1579200	1589.7001	1589700	11.5	11500	""osoba3""
""osoba3""		1580.4	1580400	1589.7001	1589700	10.300049	10300	""osoba3""
""osoba3""		1581.3	1581300	1589.7001	1589700	9.400024	9400	""osoba3""
""osoba3""		1582.8	1582800	1589.7001	1589700	7.9000244	7900	""osoba3""
""osoba2""		1584.9	1584900	1585.5001	1585500	1.6000977	1600	""osoba2""
""osoba3""		1586.7001	1586700	1589.7001	1589700	4.0	4000	""osoba3""
""osoba3""		1588.2001	1588200	1589.7001	1589700	2.5	2500	""osoba3""
""osoba1""		1589.7001	1589700	1591.8	1591800	3.0999756	3099	""osoba1""
""osoba2""		1591.8	1591800	1596.9	1596900	6.0999756	6099	""osoba2""
""osoba2""		1593.3	1593300	1596.9	1596900	4.5999756	4599	""osoba2""
""osoba2""		1594.5001	1594500	1596.9	1596900	3.3999023	3399	""osoba2""
""osoba2""		1595.7001	1595700	1596.9	1596900	2.1999512	2199	""osoba2""
""osoba1""		1596.3	1596300	1602.6001	1602600	7.300049	7300	""osoba1""
""osoba3""		1598.7001	1598700	1598.7001	1598700	1.0	1000	""osoba3""
""osoba1""		1599.6001	1599600	1602.6001	1602600	4.0	4000	""osoba1""
""osoba4""		1600.5001	1600500	1615.2001	1615200	15.699951	15699	""osoba4""
""osoba4""		1604.1001	1604100	1615.2001	1615200	12.099976	12099	""osoba4""
""osoba4""		1605.3	1605300	1615.2001	1615200	10.900024	10900	""osoba4""
""osoba4""		1605.9	1605900	1615.2001	1615200	10.300049	10300	""osoba4""
""osoba4""		1608.6001	1608600	1615.2001	1615200	7.5999756	7599	""osoba4""
""osoba4""		1609.8	1609800	1615.2001	1615200	6.4000244	6400	""osoba4""
""osoba4""		1610.7001	1610700	1615.2001	1615200	5.5	5500	""osoba4""
""osoba4""		1611.3	1611300	1615.2001	1615200	4.9000244	4900	""osoba4""
""osoba1""		1611.6001	1611600	1612.5001	1612500	1.9000244	1900	""osoba1""
""osoba4""		1613.4	1613400	1615.2001	1615200	2.8000488	2800	""osoba4""
""osoba3""		1615.2001	1615200	1617.9	1617900	3.6999512	3699	""osoba3""
""osoba3""		1616.1001	1616100	1617.9	1617900	2.7999268	2799	""osoba3""
""osoba3""		1617.0001	1617000	1617.9	1617900	1.8999023	1899	""osoba3""
""osoba4""		1617.3	1617300	1620.3	1620300	4.0	4000	""osoba4""
""osoba3""		1617.9	1617900	1617.9	1617900	1.0	1000	""osoba3""
""osoba4""		1619.7001	1619700	1620.3	1620300	1.5999756	1599	""osoba4""
""osoba1""		1620.0001	1620000	1620.3	1620300	1.2999268	1299	""osoba1""
