"default"		0.0	0	1.0	1000	1.0	1000	BEGIN
"default"		1620.3	1620300	1620.31	1621300	1.0	1000	END
""osoba2""		6.9	6900	10.5	10500	4.6	4600	""osoba2""
""osoba2""		9.0	9000	10.5	10500	2.5	2500	""osoba2""
""osoba2""		9.900001	9900	10.5	10500	1.5999994	1599	""osoba2""
""osoba1""		10.200001	10200	13.200001	13200	4.0	4000	""osoba1""
""osoba1""		12.0	12000	13.200001	13200	2.2000008	2200	""osoba1""
""osoba2""		13.200001	13200	28.500002	28500	16.300001	16300	""osoba2""
""osoba2""		14.400001	14400	28.500002	28500	15.100001	15100	""osoba2""
""osoba2""		15.000001	15000	28.500002	28500	14.500001	14500	""osoba2""
""osoba2""		18.900002	18900	28.500002	28500	10.6	10600	""osoba2""
""osoba2""		20.400002	20400	28.500002	28500	9.1	9100	""osoba2""
""osoba2""		21.6	21600	28.500002	28500	7.9000015	7900	""osoba2""
""osoba2""		22.2	22200	28.500002	28500	7.300001	7300	""osoba2""
""osoba2""		26.400002	26400	28.500002	28500	3.1000004	3100	""osoba2""
""osoba1""		27.000002	27000	41.7	41700	15.699999	15699	""osoba1""
""osoba2""		27.000002	27000	28.500002	28500	2.5	2500	""osoba2""
""osoba1""		31.500002	31500	41.7	41700	11.199999	11199	""osoba1""
""osoba1""		32.100002	32100	41.7	41700	10.599998	10599	""osoba1""
""osoba1""		33.0	33000	41.7	41700	9.700001	9700	""osoba1""
""osoba1""		40.2	40200	41.7	41700	2.5	2500	""osoba1""
""osoba3""		40.800003	40800	43.5	43500	3.699997	3699	""osoba3""
""osoba4""		42.600002	42600	50.100002	50100	8.5	8500	""osoba4""
""osoba4""		48.9	48900	50.100002	50100	2.2000008	2200	""osoba4""
""osoba3""		49.800003	49800	54.600002	54600	5.799999	5799	""osoba3""
""osoba3""		51.9	51900	54.600002	54600	3.7000008	3700	""osoba3""
""osoba1""		52.2	52200	53.4	53400	2.2000008	2200	""osoba1""
""osoba2""		53.7	53700	64.200005	64200	11.500004	11500	""osoba2""
""osoba2""		56.4	56400	64.200005	64200	8.800003	8800	""osoba2""
""osoba1""		57.000004	57000	58.2	58200	2.199997	2199	""osoba1""
""osoba3""		59.100002	59100	59.100002	59100	1.0	1000	""osoba3""
""osoba2""		60.300003	60300	64.200005	64200	4.9000015	4900	""osoba2""
""osoba2""		63.000004	63000	64.200005	64200	2.2000008	2200	""osoba2""
""osoba3""		63.600002	63600	76.200005	76200	13.600002	13600	""osoba3""
""osoba1""		65.700005	65700	66.0	66000	1.2999954	1299	""osoba1""
""osoba3""		66.9	66900	76.200005	76200	10.300003	10300	""osoba3""
""osoba1""		68.4	68400	68.700005	68700	1.300003	1300	""osoba1""
""osoba4""		68.4	68400	69.9	69900	2.5	2500	""osoba4""
""osoba1""		70.8	70800	73.8	73800	4.0	4000	""osoba1""
""osoba2""		73.5	73500	76.5	76500	4.0	4000	""osoba2""
""osoba1""		75.9	75900	79.8	79800	4.9000015	4900	""osoba1""
""osoba2""		75.9	75900	76.5	76500	1.5999985	1599	""osoba2""
""osoba1""		78.0	78000	79.8	79800	2.800003	2800	""osoba1""
""osoba3""		78.3	78300	87.600006	87600	10.300003	10300	""osoba3""
""osoba3""		82.200005	82200	87.600006	87600	6.4000015	6400	""osoba3""
""osoba3""		84.600006	84600	87.600006	87600	4.0	4000	""osoba3""
""osoba1""		87.9	87900	89.4	89400	2.5	2500	""osoba1""
""osoba1""		89.100006	89100	89.4	89400	1.2999954	1299	""osoba1""
""osoba2""		89.100006	89100	95.700005	95700	7.5999985	7599	""osoba2""
""osoba2""		90.0	90000	95.700005	95700	6.7000046	6700	""osoba2""
""osoba2""		90.9	90900	95.700005	95700	5.800003	5800	""osoba2""
""osoba2""		92.100006	92100	95.700005	95700	4.5999985	4599	""osoba2""
""osoba2""		92.700005	92700	95.700005	95700	4.0	4000	""osoba2""
""osoba3""		92.700005	92700	101.100006	101100	9.400002	9400	""osoba3""
""osoba1""		96.0	96000	96.9	96900	1.9000015	1900	""osoba1""
""osoba3""		97.8	97800	101.100006	101100	4.300003	4300	""osoba3""
""osoba2""		98.700005	98700	108.600006	108600	10.900002	10900	""osoba2""
""osoba3""		98.700005	98700	101.100006	101100	3.4000015	3400	""osoba3""
""osoba2""		101.700005	101700	108.600006	108600	7.9000015	7900	""osoba2""
""osoba2""		103.200005	103200	108.600006	108600	6.4000015	6400	""osoba2""
""osoba2""		106.50001	106500	108.600006	108600	3.0999985	3099	""osoba2""
""osoba1""		107.100006	107100	108.3	108300	2.199997	2199	""osoba1""
""osoba3""		108.600006	108600	113.700005	113700	6.0999985	6099	""osoba3""
""osoba3""		111.00001	111000	113.700005	113700	3.699997	3699	""osoba3""
""osoba1""		111.9	111900	112.200005	112200	1.300003	1300	""osoba1""
""osoba3""		111.9	111900	113.700005	113700	2.800003	2800	""osoba3""
""osoba2""		113.4	113400	123.9	123900	11.5	11500	""osoba2""
""osoba2""		115.200005	115200	123.9	123900	9.699997	9699	""osoba2""
""osoba2""		117.600006	117600	123.9	123900	7.2999954	7299	""osoba2""
""osoba2""		118.50001	118500	123.9	123900	6.399994	6399	""osoba2""
""osoba1""		121.50001	121500	136.20001	136200	15.700005	15700	""osoba1""
""osoba1""		123.00001	123000	136.20001	136200	14.200005	14200	""osoba1""
""osoba2""		123.600006	123600	123.9	123900	1.2999954	1299	""osoba2""
""osoba1""		124.200005	124200	136.20001	136200	13.000008	13000	""osoba1""
""osoba1""		126.600006	126600	136.20001	136200	10.600006	10600	""osoba1""
""osoba1""		127.200005	127200	136.20001	136200	10.000008	10000	""osoba1""
""osoba1""		129.6	129600	136.20001	136200	7.600006	7600	""osoba1""
""osoba1""		131.70001	131700	136.20001	136200	5.5	5500	""osoba1""
""osoba1""		133.20001	133200	136.20001	136200	4.0	4000	""osoba1""
""osoba1""		133.8	133800	136.20001	136200	3.4000092	3400	""osoba1""
""osoba3""		133.8	133800	140.1	140100	7.300003	7300	""osoba3""
""osoba1""		136.20001	136200	136.20001	136200	1.0	1000	""osoba1""
""osoba2""		137.1	137100	137.1	137100	1.0	1000	""osoba2""
""osoba4""		139.20001	139200	148.8	148800	10.599991	10599	""osoba4""
""osoba4""		141.0	141000	148.8	148800	8.800003	8800	""osoba4""
""osoba4""		143.1	143100	148.8	148800	6.699997	6699	""osoba4""
""osoba4""		145.20001	145200	148.8	148800	4.599991	4599	""osoba4""
""osoba4""		146.70001	146700	148.8	148800	3.0999908	3099	""osoba4""
""osoba1""		147.90001	147900	155.40001	155400	8.5	8500	""osoba1""
""osoba4""		148.8	148800	148.8	148800	1.0	1000	""osoba4""
""osoba1""		149.70001	149700	155.40001	155400	6.699997	6699	""osoba1""
""osoba3""		150.3	150300	150.3	150300	1.0	1000	""osoba3""
""osoba2""		151.5	151500	152.70001	152700	2.2000122	2200	""osoba2""
""osoba4""		151.5	151500	151.5	151500	1.0	1000	""osoba4""
""osoba2""		152.70001	152700	152.70001	152700	1.0	1000	""osoba2""
""osoba1""		153.0	153000	155.40001	155400	3.4000092	3400	""osoba1""
""osoba3""		154.5	154500	167.70001	167700	14.200012	14200	""osoba3""
""osoba3""		156.3	156300	167.70001	167700	12.400009	12400	""osoba3""
""osoba3""		157.5	157500	167.70001	167700	11.200012	11200	""osoba3""
""osoba3""		158.70001	158700	167.70001	167700	10.0	10000	""osoba3""
""osoba4""		160.5	160500	160.5	160500	1.0	1000	""osoba4""
""osoba3""		161.1	161100	167.70001	167700	7.600006	7600	""osoba3""
""osoba1""		164.70001	164700	194.70001	194700	31.0	31000	""osoba1""
""osoba2""		166.8	166800	166.8	166800	1.0	1000	""osoba2""
""osoba1""		172.20001	172200	194.70001	194700	23.5	23500	""osoba1""
""osoba1""		173.1	173100	194.70001	194700	22.600006	22600	""osoba1""
""osoba1""		175.5	175500	194.70001	194700	20.200012	20200	""osoba1""
""osoba1""		176.70001	176700	194.70001	194700	19.0	19000	""osoba1""
""osoba1""		178.8	178800	194.70001	194700	16.90001	16900	""osoba1""
""osoba1""		180.0	180000	194.70001	194700	15.700012	15700	""osoba1""
""osoba1""		183.0	183000	194.70001	194700	12.700012	12700	""osoba1""
""osoba1""		186.0	186000	194.70001	194700	9.700012	9700	""osoba1""
""osoba4""		188.40001	188400	189.3	189300	1.8999939	1899	""osoba4""
""osoba1""		189.6	189600	194.70001	194700	6.100006	6100	""osoba1""
""osoba3""		189.90001	189900	208.8	208800	19.899994	19899	""osoba3""
""osoba3""		191.40001	191400	208.8	208800	18.399994	18399	""osoba3""
""osoba3""		192.90001	192900	208.8	208800	16.899994	16899	""osoba3""
""osoba1""		193.20001	193200	194.70001	194700	2.5	2500	""osoba1""
""osoba3""		194.40001	194400	208.8	208800	15.399994	15399	""osoba3""
""osoba1""		194.70001	194700	194.70001	194700	1.0	1000	""osoba1""
""osoba3""		195.3	195300	208.8	208800	14.5	14500	""osoba3""
""osoba2""		195.90001	195900	196.8	196800	1.8999939	1899	""osoba2""
""osoba3""		200.70001	200700	208.8	208800	9.099991	9099	""osoba3""
""osoba3""		201.6	201600	208.8	208800	8.199997	8199	""osoba3""
""osoba3""		202.20001	202200	208.8	208800	7.599991	7599	""osoba3""
""osoba3""		205.50002	205500	208.8	208800	4.299988	4299	""osoba3""
""osoba1""		208.20001	208200	294.90002	294900	87.70001	87700	""osoba1""
""osoba1""		210.3	210300	294.90002	294900	85.60002	85600	""osoba1""
""osoba3""		210.90001	210900	210.90001	210900	1.0	1000	""osoba3""
""osoba1""		213.3	213300	294.90002	294900	82.60002	82600	""osoba1""
""osoba1""		215.1	215100	294.90002	294900	80.80002	80800	""osoba1""
""osoba1""		215.70001	215700	294.90002	294900	80.20001	80200	""osoba1""
""osoba1""		217.20001	217200	294.90002	294900	78.70001	78700	""osoba1""
""osoba1""		218.1	218100	294.90002	294900	77.80002	77800	""osoba1""
""osoba1""		219.6	219600	294.90002	294900	76.30002	76300	""osoba1""
""osoba1""		220.8	220800	294.90002	294900	75.10002	75100	""osoba1""
""osoba1""		221.40001	221400	294.90002	294900	74.500015	74500	""osoba1""
""osoba4""		222.6	222600	226.8	226800	5.199997	5199	""osoba4""
""osoba3""		224.70001	224700	226.50002	226500	2.800003	2800	""osoba3""
""osoba3""		226.20001	226200	226.50002	226500	1.300003	1300	""osoba3""
""osoba4""		226.50002	226500	226.8	226800	1.2999878	1299	""osoba4""
""osoba1""		227.1	227100	294.90002	294900	68.80002	68800	""osoba1""
""osoba1""		228.3	228300	294.90002	294900	67.60002	67600	""osoba1""
""osoba1""		231.3	231300	294.90002	294900	64.60002	64600	""osoba1""
""osoba1""		232.20001	232200	294.90002	294900	63.700012	63700	""osoba1""
""osoba1""		232.8	232800	294.90002	294900	63.10002	63100	""osoba1""
""osoba1""		234.3	234300	294.90002	294900	61.60002	61600	""osoba1""
""osoba1""		235.8	235800	294.90002	294900	60.10002	60100	""osoba1""
""osoba1""		238.20001	238200	294.90002	294900	57.700012	57700	""osoba1""
""osoba1""		238.8	238800	294.90002	294900	57.10002	57100	""osoba1""
""osoba1""		241.20001	241200	294.90002	294900	54.700012	54700	""osoba1""
""osoba1""		243.3	243300	294.90002	294900	52.60002	52600	""osoba1""
""osoba1""		244.50002	244500	294.90002	294900	51.40001	51400	""osoba1""
""osoba1""		245.40001	245400	294.90002	294900	50.500015	50500	""osoba1""
""osoba1""		246.00002	246000	294.90002	294900	49.90001	49900	""osoba1""
""osoba1""		246.90001	246900	294.90002	294900	49.000015	49000	""osoba1""
""osoba1""		249.3	249300	294.90002	294900	46.60002	46600	""osoba1""
""osoba2""		250.20001	250200	250.20001	250200	1.0	1000	""osoba2""
""osoba1""		254.70001	254700	294.90002	294900	41.200012	41200	""osoba1""
""osoba2""		255.6	255600	255.90001	255900	1.300003	1300	""osoba2""
""osoba1""		259.5	259500	294.90002	294900	36.400024	36400	""osoba1""
""osoba1""		261.6	261600	294.90002	294900	34.30002	34300	""osoba1""
""osoba1""		263.7	263700	294.90002	294900	32.200012	32200	""osoba1""
""osoba1""		269.7	269700	294.90002	294900	26.200012	26200	""osoba1""
""osoba2""		274.5	274500	277.2	277200	3.7000122	3700	""osoba2""
""osoba1""		276.0	276000	294.90002	294900	19.900024	19900	""osoba1""
""osoba1""		280.2	280200	294.90002	294900	15.700012	15700	""osoba1""
""osoba1""		282.30002	282300	294.90002	294900	13.600006	13600	""osoba1""
""osoba1""		282.90002	282900	294.90002	294900	13.0	13000	""osoba1""
""osoba3""		283.80002	283800	285.90002	285900	3.100006	3100	""osoba3""
""osoba1""		286.2	286200	294.90002	294900	9.700012	9700	""osoba1""
""osoba3""		288.6	288600	289.5	289500	1.8999939	1899	""osoba3""
""osoba1""		290.40002	290400	294.90002	294900	5.5	5500	""osoba1""
""osoba1""		291.90002	291900	294.90002	294900	4.0	4000	""osoba1""
""osoba1""		292.80002	292800	294.90002	294900	3.100006	3100	""osoba1""
""osoba3""		293.7	293700	298.80002	298800	6.100006	6100	""osoba3""
""osoba3""		295.80002	295800	298.80002	298800	4.0	4000	""osoba3""
""osoba4""		296.1	296100	299.1	299100	4.0	4000	""osoba4""
""osoba1""		297.6	297600	309.90002	309900	13.300018	13300	""osoba1""
""osoba1""		301.80002	301800	309.90002	309900	9.100006	9100	""osoba1""
""osoba1""		302.40002	302400	309.90002	309900	8.5	8500	""osoba1""
""osoba1""		303.30002	303300	309.90002	309900	7.600006	7600	""osoba1""
""osoba1""		304.2	304200	309.90002	309900	6.700012	6700	""osoba1""
""osoba1""		305.1	305100	309.90002	309900	5.8000183	5800	""osoba1""
""osoba4""		308.1	308100	319.5	319500	12.399994	12399	""osoba4""
""osoba4""		310.2	310200	319.5	319500	10.299988	10299	""osoba4""
""osoba4""		311.1	311100	319.5	319500	9.399994	9399	""osoba4""
""osoba4""		319.2	319200	319.5	319500	1.2999878	1299	""osoba4""
""osoba1""		320.40002	320400	339.30002	339300	19.899994	19899	""osoba1""
""osoba1""		321.0	321000	339.30002	339300	19.300018	19300	""osoba1""
""osoba4""		321.6	321600	323.1	323100	2.5	2500	""osoba4""
""osoba1""		322.5	322500	339.30002	339300	17.800018	17800	""osoba1""
""osoba1""		325.5	325500	339.30002	339300	14.800018	14800	""osoba1""
""osoba1""		329.7	329700	339.30002	339300	10.600006	10600	""osoba1""
""osoba1""		333.30002	333300	339.30002	339300	7.0	7000	""osoba1""
""osoba1""		335.7	335700	339.30002	339300	4.600006	4600	""osoba1""
""osoba1""		336.6	336600	339.30002	339300	3.7000122	3700	""osoba1""
""osoba1""		337.5	337500	339.30002	339300	2.8000183	2800	""osoba1""
""osoba1""		338.40002	338400	339.30002	339300	1.8999939	1899	""osoba1""
""osoba1""		339.30002	339300	339.30002	339300	1.0	1000	""osoba1""
""osoba4""		339.30002	339300	350.1	350100	11.799988	11799	""osoba4""
""osoba4""		344.40002	344400	350.1	350100	6.6999817	6699	""osoba4""
""osoba4""		347.7	347700	350.1	350100	3.399994	3399	""osoba4""
""osoba1""		350.1	350100	356.1	356100	7.0	7000	""osoba1""
""osoba3""		350.1	350100	350.1	350100	1.0	1000	""osoba3""
""osoba2""		352.5	352500	382.5	382500	31.0	31000	""osoba2""
""osoba1""		354.30002	354300	356.1	356100	2.7999878	2799	""osoba1""
""osoba2""		355.2	355200	382.5	382500	28.299988	28299	""osoba2""
""osoba3""		356.1	356100	356.40002	356400	1.3000183	1300	""osoba3""
""osoba2""		360.30002	360300	382.5	382500	23.199982	23199	""osoba2""
""osoba2""		360.90002	360900	382.5	382500	22.599976	22599	""osoba2""
""osoba2""		361.80002	361800	382.5	382500	21.699982	21699	""osoba2""
""osoba2""		363.90002	363900	382.5	382500	19.599976	19599	""osoba2""
""osoba2""		364.80002	364800	382.5	382500	18.699982	18699	""osoba2""
""osoba4""		365.7	365700	365.7	365700	1.0	1000	""osoba4""
""osoba2""		366.6	366600	382.5	382500	16.899994	16899	""osoba2""
""osoba2""		367.5	367500	382.5	382500	16.0	16000	""osoba2""
""osoba2""		369.30002	369300	382.5	382500	14.199982	14199	""osoba2""
""osoba2""		370.2	370200	382.5	382500	13.299988	13299	""osoba2""
""osoba2""		371.1	371100	382.5	382500	12.399994	12399	""osoba2""
""osoba2""		372.6	372600	382.5	382500	10.899994	10899	""osoba2""
""osoba1""		373.80002	373800	373.80002	373800	1.0	1000	""osoba1""
""osoba2""		375.30002	375300	382.5	382500	8.199982	8199	""osoba2""
""osoba2""		376.2	376200	382.5	382500	7.299988	7299	""osoba2""
""osoba2""		378.0	378000	382.5	382500	5.5	5500	""osoba2""
""osoba2""		379.2	379200	382.5	382500	4.299988	4299	""osoba2""
""osoba1""		381.90002	381900	399.6	399600	18.699982	18699	""osoba1""
""osoba1""		385.50003	385500	399.6	399600	15.099976	15099	""osoba1""
""osoba1""		387.6	387600	399.6	399600	13.0	13000	""osoba1""
""osoba1""		388.50003	388500	399.6	399600	12.099976	12099	""osoba1""
""osoba1""		389.7	389700	399.6	399600	10.899994	10899	""osoba1""
""osoba1""		392.1	392100	399.6	399600	8.5	8500	""osoba1""
""osoba1""		395.40002	395400	399.6	399600	5.1999817	5199	""osoba1""
""osoba1""		396.00003	396000	399.6	399600	4.5999756	4599	""osoba1""
""osoba3""		396.90002	396900	397.2	397200	1.2999878	1299	""osoba3""
""osoba1""		398.40002	398400	399.6	399600	2.1999817	2199	""osoba1""
""osoba3""		399.30002	399300	417.00003	417000	18.700012	18700	""osoba3""
""osoba3""		402.00003	402000	417.00003	417000	16.0	16000	""osoba3""
""osoba3""		402.6	402600	417.00003	417000	15.400024	15400	""osoba3""
""osoba3""		403.80002	403800	417.00003	417000	14.200012	14200	""osoba3""
""osoba3""		405.30002	405300	417.00003	417000	12.700012	12700	""osoba3""
""osoba1""		411.30002	411300	411.90002	411900	1.6000061	1600	""osoba1""
""osoba3""		411.30002	411300	417.00003	417000	6.700012	6700	""osoba3""
""osoba3""		413.1	413100	417.00003	417000	4.9000244	4900	""osoba3""
""osoba3""		414.00003	414000	417.00003	417000	4.0	4000	""osoba3""
""osoba3""		415.80002	415800	417.00003	417000	2.2000122	2200	""osoba3""
""osoba2""		417.30002	417300	442.2	442200	25.899994	25899	""osoba2""
""osoba2""		418.50003	418500	442.2	442200	24.699982	24699	""osoba2""
""osoba2""		419.1	419100	442.2	442200	24.100006	24100	""osoba2""
""osoba2""		421.50003	421500	442.2	442200	21.699982	21699	""osoba2""
""osoba2""		424.2	424200	442.2	442200	19.0	19000	""osoba2""
""osoba2""		424.80002	424800	442.2	442200	18.399994	18399	""osoba2""
""osoba1""		425.40002	425400	425.40002	425400	1.0	1000	""osoba1""
""osoba2""		426.6	426600	442.2	442200	16.600006	16600	""osoba2""
""osoba2""		427.2	427200	442.2	442200	16.0	16000	""osoba2""
""osoba2""		430.50003	430500	442.2	442200	12.699982	12699	""osoba2""
""osoba2""		431.40002	431400	442.2	442200	11.799988	11799	""osoba2""
""osoba1""		432.6	432600	433.2	433200	1.6000061	1600	""osoba1""
""osoba2""		434.1	434100	442.2	442200	9.100006	9100	""osoba2""
""osoba2""		436.80002	436800	442.2	442200	6.399994	6399	""osoba2""
""osoba2""		438.30002	438300	442.2	442200	4.899994	4899	""osoba2""
""osoba2""		439.2	439200	442.2	442200	4.0	4000	""osoba2""
""osoba4""		440.1	440100	453.00003	453000	13.900024	13900	""osoba4""
""osoba2""		441.00003	441000	442.2	442200	2.1999817	2199	""osoba2""
""osoba1""		444.00003	444000	444.30002	444300	1.2999878	1299	""osoba1""
""osoba4""		445.50003	445500	453.00003	453000	8.5	8500	""osoba4""
""osoba2""		449.40002	449400	449.40002	449400	1.0	1000	""osoba2""
""osoba4""		449.40002	449400	453.00003	453000	4.600006	4600	""osoba4""
""osoba3""		452.1	452100	456.30002	456300	5.200012	5200	""osoba3""
""osoba3""		454.80002	454800	456.30002	456300	2.5	2500	""osoba3""
""osoba1""		455.7	455700	475.50003	475500	20.800018	20800	""osoba1""
""osoba1""		458.40002	458400	475.50003	475500	18.100006	18100	""osoba1""
""osoba1""		461.7	461700	475.50003	475500	14.800018	14800	""osoba1""
""osoba2""		463.2	463200	466.50003	466500	4.3000183	4300	""osoba2""
""osoba1""		464.7	464700	475.50003	475500	11.800018	11800	""osoba1""
""osoba2""		465.30002	465300	466.50003	466500	2.2000122	2200	""osoba2""
""osoba1""		467.7	467700	475.50003	475500	8.800018	8800	""osoba1""
""osoba1""		468.90002	468900	475.50003	475500	7.600006	7600	""osoba1""
""osoba1""		469.50003	469500	475.50003	475500	7.0	7000	""osoba1""
""osoba1""		470.7	470700	475.50003	475500	5.8000183	5800	""osoba1""
""osoba1""		472.2	472200	475.50003	475500	4.3000183	4300	""osoba1""
""osoba4""		472.50003	472500	473.7	473700	2.1999817	2199	""osoba4""
""osoba4""		473.1	473100	473.7	473700	1.6000061	1600	""osoba4""
""osoba3""		475.2	475200	478.50003	478500	4.3000183	4300	""osoba3""
""osoba3""		476.40002	476400	478.50003	478500	3.100006	3100	""osoba3""
""osoba3""		477.30002	477300	478.50003	478500	2.2000122	2200	""osoba3""
""osoba1""		478.50003	478500	509.7	509700	32.19998	32199	""osoba1""
""osoba1""		480.30002	480300	509.7	509700	30.399994	30399	""osoba1""
""osoba1""		480.90002	480900	509.7	509700	29.799988	29799	""osoba1""
""osoba4""		480.90002	480900	481.50003	481500	1.6000061	1600	""osoba4""
""osoba1""		483.00003	483000	509.7	509700	27.699982	27699	""osoba1""
""osoba1""		484.80002	484800	509.7	509700	25.899994	25899	""osoba1""
""osoba1""		486.00003	486000	509.7	509700	24.699982	24699	""osoba1""
""osoba1""		490.2	490200	509.7	509700	20.5	20500	""osoba1""
""osoba1""		490.80002	490800	509.7	509700	19.899994	19899	""osoba1""
""osoba1""		491.40002	491400	509.7	509700	19.299988	19299	""osoba1""
""osoba1""		494.40002	494400	509.7	509700	16.299988	16299	""osoba1""
""osoba1""		496.2	496200	509.7	509700	14.5	14500	""osoba1""
""osoba1""		498.6	498600	509.7	509700	12.100006	12100	""osoba1""
""osoba1""		500.40002	500400	509.7	509700	10.299988	10299	""osoba1""
""osoba1""		501.6	501600	509.7	509700	9.100006	9100	""osoba1""
""osoba1""		502.2	502200	509.7	509700	8.5	8500	""osoba1""
""osoba1""		504.00003	504000	509.7	509700	6.6999817	6699	""osoba1""
""osoba1""		505.50003	505500	509.7	509700	5.1999817	5199	""osoba1""
""osoba3""		507.30002	507300	534.60004	534600	28.300018	28300	""osoba3""
""osoba3""		510.90002	510900	534.60004	534600	24.700012	24700	""osoba3""
""osoba1""		513.60004	513600	513.60004	513600	1.0	1000	""osoba1""
""osoba3""		513.60004	513600	534.60004	534600	22.0	22000	""osoba3""
""osoba3""		515.4	515400	534.60004	534600	20.200012	20200	""osoba3""
""osoba3""		519.60004	519600	534.60004	534600	16.0	16000	""osoba3""
""osoba3""		522.0	522000	534.60004	534600	13.600037	13600	""osoba3""
""osoba1""		524.4	524400	524.7	524700	1.2999878	1299	""osoba1""
""osoba3""		524.4	524400	534.60004	534600	11.200012	11200	""osoba3""
""osoba3""		530.10004	530100	534.60004	534600	5.5	5500	""osoba3""
""osoba1""		531.9	531900	554.4	554400	23.5	23500	""osoba1""
""osoba1""		535.80005	535800	554.4	554400	19.599976	19599	""osoba1""
""osoba1""		536.4	536400	554.4	554400	19.0	19000	""osoba1""
""osoba1""		538.2	538200	554.4	554400	17.200012	17200	""osoba1""
""osoba3""		538.5	538500	538.5	538500	1.0	1000	""osoba3""
""osoba1""		540.9	540900	554.4	554400	14.5	14500	""osoba1""
""osoba1""		542.7	542700	554.4	554400	12.700012	12700	""osoba1""
""osoba1""		544.80005	544800	554.4	554400	10.599976	10599	""osoba1""
""osoba1""		545.4	545400	554.4	554400	10.0	10000	""osoba1""
""osoba1""		549.30005	549300	554.4	554400	6.0999756	6099	""osoba1""
""osoba1""		550.80005	550800	554.4	554400	4.5999756	4599	""osoba1""
""osoba1""		552.60004	552600	554.4	554400	2.7999878	2799	""osoba1""
""osoba1""		553.80005	553800	554.4	554400	1.5999756	1599	""osoba1""
""osoba3""		554.10004	554100	565.2	565200	12.099976	12099	""osoba3""
""osoba4""		554.7	554700	555.60004	555600	1.9000244	1900	""osoba4""
""osoba2""		559.5	559500	560.10004	560100	1.6000366	1600	""osoba2""
""osoba3""		560.4	560400	565.2	565200	5.799988	5799	""osoba3""
""osoba3""		561.9	561900	565.2	565200	4.299988	4299	""osoba3""
""osoba1""		563.4	563400	577.5	577500	15.099976	15099	""osoba1""
""osoba4""		564.60004	564600	565.5	565500	1.8999634	1899	""osoba4""
""osoba1""		568.2	568200	577.5	577500	10.299988	10299	""osoba1""
""osoba1""		568.80005	568800	577.5	577500	9.699951	9699	""osoba1""
""osoba1""		573.0	573000	577.5	577500	5.5	5500	""osoba1""
""osoba1""		573.60004	573600	577.5	577500	4.8999634	4899	""osoba1""
""osoba1""		575.7	575700	577.5	577500	2.7999878	2799	""osoba1""
""osoba1""		576.9	576900	577.5	577500	1.5999756	1599	""osoba1""
""osoba4""		577.2	577200	585.9	585900	9.700012	9700	""osoba4""
""osoba4""		578.4	578400	585.9	585900	8.5	8500	""osoba4""
""osoba4""		579.60004	579600	585.9	585900	7.299988	7299	""osoba4""
""osoba1""		580.5	580500	580.80005	580800	1.3000488	1300	""osoba1""
""osoba4""		582.0	582000	585.9	585900	4.9000244	4900	""osoba4""
""osoba4""		583.80005	583800	585.9	585900	3.0999756	3099	""osoba4""
""osoba1""		584.7	584700	662.10004	662100	78.400024	78400	""osoba1""
""osoba1""		587.4	587400	662.10004	662100	75.70001	75700	""osoba1""
""osoba2""		589.5	589500	589.5	589500	1.0	1000	""osoba2""
""osoba1""		591.60004	591600	662.10004	662100	71.5	71500	""osoba1""
""osoba1""		598.2	598200	662.10004	662100	64.900024	64900	""osoba1""
""osoba1""		599.10004	599100	662.10004	662100	64.0	64000	""osoba1""
""osoba1""		600.60004	600600	662.10004	662100	62.5	62500	""osoba1""
""osoba3""		601.2	601200	601.2	601200	1.0	1000	""osoba3""
""osoba1""		602.4	602400	662.10004	662100	60.700012	60700	""osoba1""
""osoba1""		603.0	603000	662.10004	662100	60.100037	60100	""osoba1""
""osoba2""		603.9	603900	604.5	604500	1.5999756	1599	""osoba2""
""osoba1""		608.10004	608100	662.10004	662100	55.0	55000	""osoba1""
""osoba1""		610.80005	610800	662.10004	662100	52.299988	52299	""osoba1""
""osoba1""		612.60004	612600	662.10004	662100	50.5	50500	""osoba1""
""osoba1""		615.9	615900	662.10004	662100	47.200012	47200	""osoba1""
""osoba1""		620.7	620700	662.10004	662100	42.400024	42400	""osoba1""
""osoba1""		621.9	621900	662.10004	662100	41.200012	41200	""osoba1""
""osoba1""		623.4	623400	662.10004	662100	39.700012	39700	""osoba1""
""osoba1""		624.0	624000	662.10004	662100	39.100037	39100	""osoba1""
""osoba1""		625.5	625500	662.10004	662100	37.600037	37600	""osoba1""
""osoba1""		627.9	627900	662.10004	662100	35.200012	35200	""osoba1""
""osoba1""		628.5	628500	662.10004	662100	34.600037	34600	""osoba1""
""osoba4""		628.5	628500	629.7	629700	2.2000122	2200	""osoba4""
""osoba1""		629.4	629400	662.10004	662100	33.700012	33700	""osoba1""
""osoba1""		631.5	631500	662.10004	662100	31.600037	31600	""osoba1""
""osoba1""		632.4	632400	662.10004	662100	30.700012	30700	""osoba1""
""osoba3""		633.0	633000	634.2	634200	2.2000122	2200	""osoba3""
""osoba1""		636.60004	636600	662.10004	662100	26.5	26500	""osoba1""
""osoba1""		639.30005	639300	662.10004	662100	23.799988	23799	""osoba1""
""osoba1""		641.4	641400	662.10004	662100	21.700012	21700	""osoba1""
""osoba1""		642.30005	642300	662.10004	662100	20.799988	20799	""osoba1""
""osoba1""		643.2	643200	662.10004	662100	19.900024	19900	""osoba1""
""osoba1""		645.30005	645300	662.10004	662100	17.799988	17799	""osoba1""
""osoba1""		648.9	648900	662.10004	662100	14.200012	14200	""osoba1""
""osoba1""		651.30005	651300	662.10004	662100	11.799988	11799	""osoba1""
""osoba1""		657.9	657900	662.10004	662100	5.200012	5200	""osoba1""
""osoba1""		660.0	660000	662.10004	662100	3.1000366	3100	""osoba1""
""osoba1""		661.2	661200	662.10004	662100	1.9000244	1900	""osoba1""
""osoba3""		661.5	661500	679.2	679200	18.700012	18700	""osoba3""
""osoba3""		663.0	663000	679.2	679200	17.200012	17200	""osoba3""
""osoba3""		663.9	663900	679.2	679200	16.299988	16299	""osoba3""
""osoba3""		665.4	665400	679.2	679200	14.799988	14799	""osoba3""
""osoba3""		669.60004	669600	679.2	679200	10.599976	10599	""osoba3""
""osoba3""		670.5	670500	679.2	679200	9.700012	9700	""osoba3""
""osoba3""		676.80005	676800	679.2	679200	3.3999634	3399	""osoba3""
""osoba1""		679.5	679500	698.10004	698100	19.600037	19600	""osoba1""
""osoba1""		682.2	682200	698.10004	698100	16.900024	16900	""osoba1""
""osoba1""		685.2	685200	698.10004	698100	13.900024	13900	""osoba1""
""osoba3""		686.4	686400	689.7	689700	4.299988	4299	""osoba3""
""osoba3""		689.10004	689100	689.7	689700	1.5999756	1599	""osoba3""
""osoba1""		689.4	689400	698.10004	698100	9.700012	9700	""osoba1""
""osoba3""		689.7	689700	689.7	689700	1.0	1000	""osoba3""
""osoba1""		692.10004	692100	698.10004	698100	7.0	7000	""osoba1""
""osoba1""		692.7	692700	698.10004	698100	6.4000244	6400	""osoba1""
""osoba1""		693.9	693900	698.10004	698100	5.200012	5200	""osoba1""
""osoba1""		696.60004	696600	698.10004	698100	2.5	2500	""osoba1""
""osoba4""		697.5	697500	697.5	697500	1.0	1000	""osoba4""
""osoba3""		698.4	698400	715.5	715500	18.099976	18099	""osoba3""
""osoba3""		700.2	700200	715.5	715500	16.299988	16299	""osoba3""
""osoba3""		701.7	701700	715.5	715500	14.799988	14799	""osoba3""
""osoba3""		702.9	702900	715.5	715500	13.599976	13599	""osoba3""
""osoba3""		705.9	705900	715.5	715500	10.599976	10599	""osoba3""
""osoba3""		709.80005	709800	715.5	715500	6.699951	6699	""osoba3""
""osoba3""		711.30005	711300	715.5	715500	5.199951	5199	""osoba3""
""osoba3""		712.80005	712800	715.5	715500	3.6999512	3699	""osoba3""
""osoba3""		713.7	713700	715.5	715500	2.7999878	2799	""osoba3""
""osoba2""		714.9	714900	715.2	715200	1.2999878	1299	""osoba2""
""osoba4""		715.2	715200	726.60004	726600	12.400024	12400	""osoba4""
""osoba4""		716.4	716400	726.60004	726600	11.200012	11200	""osoba4""
""osoba4""		717.30005	717300	726.60004	726600	10.299988	10299	""osoba4""
""osoba4""		719.10004	719100	726.60004	726600	8.5	8500	""osoba4""
""osoba4""		720.0	720000	726.60004	726600	7.6000366	7600	""osoba4""
""osoba3""		720.60004	720600	738.0	738000	18.399963	18399	""osoba3""
""osoba4""		720.60004	720600	726.60004	726600	7.0	7000	""osoba4""
""osoba1""		721.2	721200	722.4	722400	2.2000122	2200	""osoba1""
""osoba4""		724.5	724500	726.60004	726600	3.1000366	3100	""osoba4""
""osoba4""		726.60004	726600	726.60004	726600	1.0	1000	""osoba4""
""osoba3""		728.10004	728100	738.0	738000	10.899963	10899	""osoba3""
""osoba3""		729.0	729000	738.0	738000	10.0	10000	""osoba3""
""osoba3""		729.9	729900	738.0	738000	9.099976	9099	""osoba3""
""osoba1""		730.80005	730800	730.80005	730800	1.0	1000	""osoba1""
""osoba3""		731.7	731700	738.0	738000	7.299988	7299	""osoba3""
""osoba3""		732.60004	732600	738.0	738000	6.3999634	6399	""osoba3""
""osoba1""		732.9	732900	733.80005	733800	1.9000244	1900	""osoba1""
""osoba3""		735.9	735900	738.0	738000	3.0999756	3099	""osoba3""
""osoba3""		737.4	737400	738.0	738000	1.5999756	1599	""osoba3""
""osoba3""		738.0	738000	738.0	738000	1.0	1000	""osoba3""
""osoba4""		738.30005	738300	739.80005	739800	2.5	2500	""osoba4""
""osoba1""		740.10004	740100	743.7	743700	4.5999756	4599	""osoba1""
""osoba1""		741.9	741900	743.7	743700	2.7999878	2799	""osoba1""
""osoba3""		743.7	743700	745.5	745500	2.7999878	2799	""osoba3""
""osoba1""		745.80005	745800	751.5	751500	6.699951	6699	""osoba1""
""osoba1""		746.4	746400	751.5	751500	6.0999756	6099	""osoba1""
""osoba1""		747.30005	747300	751.5	751500	5.199951	5199	""osoba1""
""osoba4""		749.7	749700	753.60004	753600	4.9000244	4900	""osoba4""
""osoba3""		750.60004	750600	760.2	760200	10.599976	10599	""osoba3""
""osoba3""		754.80005	754800	760.2	760200	6.3999634	6399	""osoba3""
""osoba3""		755.4	755400	760.2	760200	5.799988	5799	""osoba3""
""osoba3""		758.4	758400	760.2	760200	2.7999878	2799	""osoba3""
""osoba1""		758.7	758700	829.50006	829500	71.80005	71800	""osoba1""
""osoba4""		759.60004	759600	762.9	762900	4.299988	4299	""osoba4""
""osoba1""		761.7	761700	829.50006	829500	68.80005	68800	""osoba1""
""osoba1""		764.10004	764100	829.50006	829500	66.400024	66400	""osoba1""
""osoba1""		766.2	766200	829.50006	829500	64.30005	64300	""osoba1""
""osoba1""		768.30005	768300	829.50006	829500	62.200012	62200	""osoba1""
""osoba1""		769.50006	769500	829.50006	829500	61.0	61000	""osoba1""
""osoba1""		773.10004	773100	829.50006	829500	57.400024	57400	""osoba1""
""osoba1""		774.00006	774000	829.50006	829500	56.5	56500	""osoba1""
""osoba1""		776.7	776700	829.50006	829500	53.80005	53800	""osoba1""
""osoba1""		778.2	778200	829.50006	829500	52.30005	52300	""osoba1""
""osoba1""		779.4	779400	829.50006	829500	51.100037	51100	""osoba1""
""osoba1""		780.00006	780000	829.50006	829500	50.5	50500	""osoba1""
""osoba1""		781.80005	781800	829.50006	829500	48.700012	48700	""osoba1""
""osoba4""		783.00006	783000	785.10004	785100	3.0999756	3099	""osoba4""
""osoba1""		784.2	784200	829.50006	829500	46.30005	46300	""osoba1""
""osoba1""		786.00006	786000	829.50006	829500	44.5	44500	""osoba1""
""osoba1""		787.80005	787800	829.50006	829500	42.700012	42700	""osoba1""
""osoba1""		788.4	788400	829.50006	829500	42.100037	42100	""osoba1""
""osoba1""		789.30005	789300	829.50006	829500	41.200012	41200	""osoba1""
""osoba1""		790.2	790200	829.50006	829500	40.30005	40300	""osoba1""
""osoba1""		791.10004	791100	829.50006	829500	39.400024	39400	""osoba1""
""osoba3""		791.4	791400	791.7	791700	1.2999878	1299	""osoba3""
""osoba1""		794.10004	794100	829.50006	829500	36.400024	36400	""osoba1""
""osoba1""		795.60004	795600	829.50006	829500	34.900024	34900	""osoba1""
""osoba1""		797.10004	797100	829.50006	829500	33.400024	33400	""osoba1""
""osoba1""		798.00006	798000	829.50006	829500	32.5	32500	""osoba1""
""osoba1""		804.9	804900	829.50006	829500	25.600037	25600	""osoba1""
""osoba1""		806.10004	806100	829.50006	829500	24.400024	24400	""osoba1""
""osoba1""		806.7	806700	829.50006	829500	23.800049	23800	""osoba1""
""osoba1""		808.2	808200	829.50006	829500	22.300049	22300	""osoba1""
""osoba1""		810.00006	810000	829.50006	829500	20.5	20500	""osoba1""
""osoba1""		813.00006	813000	829.50006	829500	17.5	17500	""osoba1""
""osoba1""		814.80005	814800	829.50006	829500	15.700012	15700	""osoba1""
""osoba1""		816.30005	816300	829.50006	829500	14.200012	14200	""osoba1""
""osoba1""		819.9	819900	829.50006	829500	10.600037	10600	""osoba1""
""osoba4""		825.00006	825000	825.00006	825000	1.0	1000	""osoba4""
""osoba1""		828.00006	828000	829.50006	829500	2.5	2500	""osoba1""
""osoba4""		828.9	828900	833.7	833700	5.799988	5799	""osoba4""
""osoba4""		830.7	830700	833.7	833700	4.0	4000	""osoba4""
""osoba4""		831.30005	831300	833.7	833700	3.3999634	3399	""osoba4""
""osoba1""		833.10004	833100	845.4	845400	13.299988	13299	""osoba1""
""osoba4""		833.10004	833100	833.7	833700	1.5999756	1599	""osoba4""
""osoba1""		837.9	837900	845.4	845400	8.5	8500	""osoba1""
""osoba1""		839.10004	839100	845.4	845400	7.299988	7299	""osoba1""
""osoba1""		841.2	841200	845.4	845400	5.200012	5200	""osoba1""
""osoba1""		843.00006	843000	845.4	845400	3.3999634	3399	""osoba1""
""osoba1""		843.60004	843600	845.4	845400	2.7999878	2799	""osoba1""
""osoba4""		843.9	843900	843.9	843900	1.0	1000	""osoba4""
""osoba3""		844.2	844200	853.80005	853800	10.600037	10600	""osoba3""
""osoba1""		845.4	845400	845.4	845400	1.0	1000	""osoba1""
""osoba3""		845.4	845400	853.80005	853800	9.400024	9400	""osoba3""
""osoba3""		847.2	847200	853.80005	853800	7.6000366	7600	""osoba3""
""osoba3""		848.10004	848100	853.80005	853800	6.700012	6700	""osoba3""
""osoba4""		850.2	850200	851.7	851700	2.5	2500	""osoba4""
""osoba4""		851.7	851700	851.7	851700	1.0	1000	""osoba4""
""osoba3""		852.30005	852300	853.80005	853800	2.5	2500	""osoba3""
""osoba3""		853.2	853200	853.80005	853800	1.6000366	1600	""osoba3""
""osoba4""		854.10004	854100	862.50006	862500	9.400024	9400	""osoba4""
""osoba4""		855.9	855900	862.50006	862500	7.6000366	7600	""osoba4""
""osoba1""		858.9	858900	858.9	858900	1.0	1000	""osoba1""
""osoba3""		859.2	859200	877.2	877200	19.0	19000	""osoba3""
""osoba4""		860.4	860400	862.50006	862500	3.1000366	3100	""osoba4""
""osoba3""		861.30005	861300	877.2	877200	16.899963	16899	""osoba3""
""osoba4""		862.2	862200	862.50006	862500	1.3000488	1300	""osoba4""
""osoba3""		862.80005	862800	877.2	877200	15.399963	15399	""osoba3""
""osoba3""		865.50006	865500	877.2	877200	12.699951	12699	""osoba3""
""osoba3""		867.30005	867300	877.2	877200	10.899963	10899	""osoba3""
""osoba3""		868.2	868200	877.2	877200	10.0	10000	""osoba3""
""osoba2""		870.30005	870300	870.30005	870300	1.0	1000	""osoba2""
""osoba3""		871.50006	871500	877.2	877200	6.699951	6699	""osoba3""
""osoba3""		873.00006	873000	877.2	877200	5.199951	5199	""osoba3""
""osoba4""		874.2	874200	874.50006	874500	1.3000488	1300	""osoba4""
""osoba3""		875.10004	875100	877.2	877200	3.0999756	3099	""osoba3""
""osoba3""		875.7	875700	877.2	877200	2.5	2500	""osoba3""
""osoba3""		876.60004	876600	877.2	877200	1.5999756	1599	""osoba3""
""osoba2""		876.9	876900	880.2	880200	4.299988	4299	""osoba2""
""osoba2""		879.60004	879600	880.2	880200	1.5999756	1599	""osoba2""
""osoba3""		879.60004	879600	921.9	921900	43.299988	43299	""osoba3""
""osoba3""		881.10004	881100	921.9	921900	41.799988	41799	""osoba3""
""osoba3""		882.60004	882600	921.9	921900	40.299988	40299	""osoba3""
""osoba3""		883.2	883200	921.9	921900	39.700012	39700	""osoba3""
""osoba3""		884.4	884400	921.9	921900	38.5	38500	""osoba3""
""osoba3""		890.7	890700	921.9	921900	32.200012	32200	""osoba3""
""osoba1""		891.30005	891300	891.30005	891300	1.0	1000	""osoba1""
""osoba3""		897.60004	897600	921.9	921900	25.299988	25299	""osoba3""
""osoba3""		898.80005	898800	921.9	921900	24.099976	24099	""osoba3""
""osoba3""		899.4	899400	921.9	921900	23.5	23500	""osoba3""
""osoba3""		906.9	906900	921.9	921900	16.0	16000	""osoba3""
""osoba3""		908.10004	908100	921.9	921900	14.799988	14799	""osoba3""
""osoba3""		909.60004	909600	921.9	921900	13.299988	13299	""osoba3""
""osoba3""		910.50006	910500	921.9	921900	12.399963	12399	""osoba3""
""osoba3""		915.00006	915000	921.9	921900	7.8999634	7899	""osoba3""
""osoba3""		916.50006	916500	921.9	921900	6.3999634	6399	""osoba3""
""osoba4""		918.30005	918300	928.80005	928800	11.5	11500	""osoba4""
""osoba1""		921.30005	921300	924.60004	924600	4.299988	4299	""osoba1""
""osoba4""		922.50006	922500	928.80005	928800	7.299988	7299	""osoba4""
""osoba1""		923.4	923400	924.60004	924600	2.2000122	2200	""osoba1""
""osoba4""		925.50006	925500	928.80005	928800	4.299988	4299	""osoba4""
""osoba4""		927.30005	927300	928.80005	928800	2.5	2500	""osoba4""
""osoba2""		928.2	928200	938.4	938400	11.200012	11200	""osoba2""
""osoba1""		930.9	930900	933.60004	933600	3.7000122	3700	""osoba1""
""osoba2""		931.50006	931500	938.4	938400	7.8999634	7899	""osoba2""
""osoba4""		936.00006	936000	936.00006	936000	1.0	1000	""osoba4""
""osoba2""		937.2	937200	938.4	938400	2.2000122	2200	""osoba2""
""osoba1""		938.10004	938100	947.7	947700	10.599976	10599	""osoba1""
""osoba1""		939.9	939900	947.7	947700	8.799988	8799	""osoba1""
""osoba1""		941.4	941400	947.7	947700	7.299988	7299	""osoba1""
""osoba1""		945.9	945900	947.7	947700	2.7999878	2799	""osoba1""
""osoba2""		947.7	947700	960.30005	960300	13.600037	13600	""osoba2""
""osoba4""		947.7	947700	948.30005	948300	1.6000366	1600	""osoba4""
""osoba2""		950.10004	950100	960.30005	960300	11.200012	11200	""osoba2""
""osoba2""		952.50006	952500	960.30005	960300	8.799988	8799	""osoba2""
""osoba1""		954.60004	954600	954.60004	954600	1.0	1000	""osoba1""
""osoba2""		955.50006	955500	960.30005	960300	5.799988	5799	""osoba2""
""osoba2""		956.4	956400	960.30005	960300	4.9000244	4900	""osoba2""
""osoba2""		957.30005	957300	960.30005	960300	4.0	4000	""osoba2""
""osoba2""		958.2	958200	960.30005	960300	3.1000366	3100	""osoba2""
""osoba3""		958.50006	958500	961.80005	961800	4.299988	4299	""osoba3""
""osoba1""		959.10004	959100	1000.50006	1000500	42.400024	42400	""osoba1""
""osoba1""		961.2	961200	1000.50006	1000500	40.30005	40300	""osoba1""
""osoba3""		961.2	961200	961.80005	961800	1.6000366	1600	""osoba3""
""osoba4""		961.2	961200	961.2	961200	1.0	1000	""osoba4""
""osoba2""		963.30005	963300	963.60004	963600	1.2999878	1299	""osoba2""
""osoba1""		964.80005	964800	1000.50006	1000500	36.700012	36700	""osoba1""
""osoba1""		965.7	965700	1000.50006	1000500	35.80005	35800	""osoba1""
""osoba1""		967.80005	967800	1000.50006	1000500	33.700012	33700	""osoba1""
""osoba1""		969.9	969900	1000.50006	1000500	31.600037	31600	""osoba1""
""osoba1""		971.10004	971100	1000.50006	1000500	30.400024	30400	""osoba1""
""osoba1""		972.00006	972000	1000.50006	1000500	29.5	29500	""osoba1""
""osoba1""		973.50006	973500	1000.50006	1000500	28.0	28000	""osoba1""
""osoba1""		974.10004	974100	1000.50006	1000500	27.400024	27400	""osoba1""
""osoba1""		975.30005	975300	1000.50006	1000500	26.200012	26200	""osoba1""
""osoba1""		977.10004	977100	1000.50006	1000500	24.400024	24400	""osoba1""
""osoba1""		978.00006	978000	1000.50006	1000500	23.5	23500	""osoba1""
""osoba1""		978.60004	978600	1000.50006	1000500	22.900024	22900	""osoba1""
""osoba1""		979.50006	979500	1000.50006	1000500	22.0	22000	""osoba1""
""osoba1""		981.00006	981000	1000.50006	1000500	20.5	20500	""osoba1""
""osoba1""		981.9	981900	1000.50006	1000500	19.600037	19600	""osoba1""
""osoba1""		984.30005	984300	1000.50006	1000500	17.200012	17200	""osoba1""
""osoba1""		987.30005	987300	1000.50006	1000500	14.200012	14200	""osoba1""
""osoba3""		987.60004	987600	988.2	988200	1.5999756	1599	""osoba3""
""osoba1""		990.60004	990600	1000.50006	1000500	10.900024	10900	""osoba1""
""osoba1""		991.80005	991800	1000.50006	1000500	9.700012	9700	""osoba1""
""osoba1""		993.00006	993000	1000.50006	1000500	8.5	8500	""osoba1""
""osoba1""		995.7	995700	1000.50006	1000500	5.800049	5800	""osoba1""
""osoba1""		998.4	998400	1000.50006	1000500	3.1000366	3100	""osoba1""
""osoba1""		999.00006	999000	1000.50006	1000500	2.5	2500	""osoba1""
""osoba2""		999.60004	999600	1006.50006	1006500	7.9000244	7900	""osoba2""
""osoba2""		1005.60004	1005600	1006.50006	1006500	1.9000244	1900	""osoba2""
""osoba2""		1006.50006	1006500	1006.50006	1006500	1.0	1000	""osoba2""
""osoba3""		1006.50006	1006500	1018.2	1018200	12.699951	12699	""osoba3""
""osoba3""		1008.00006	1008000	1018.2	1018200	11.199951	11199	""osoba3""
""osoba3""		1009.2	1009200	1018.2	1018200	10.0	10000	""osoba3""
""osoba3""		1010.7	1010700	1018.2	1018200	8.5	8500	""osoba3""
""osoba3""		1011.30005	1011300	1018.2	1018200	7.8999634	7899	""osoba3""
""osoba2""		1012.2	1012200	1012.2	1012200	1.0	1000	""osoba2""
""osoba3""		1012.80005	1012800	1018.2	1018200	6.3999634	6399	""osoba3""
""osoba3""		1015.80005	1015800	1018.2	1018200	3.3999634	3399	""osoba3""
""osoba1""		1017.60004	1017600	1054.5	1054500	37.899963	37899	""osoba1""
""osoba1""		1020.60004	1020600	1054.5	1054500	34.899963	34899	""osoba1""
""osoba1""		1022.4	1022400	1054.5	1054500	33.099976	33099	""osoba1""
""osoba1""		1023.9	1023900	1054.5	1054500	31.599976	31599	""osoba1""
""osoba1""		1024.8	1024800	1054.5	1054500	30.699951	30699	""osoba1""
""osoba1""		1027.2001	1027200	1054.5	1054500	28.299927	28299	""osoba1""
""osoba3""		1028.4	1028400	1028.4	1028400	1.0	1000	""osoba3""
""osoba1""		1028.7001	1028700	1054.5	1054500	26.799927	26799	""osoba1""
""osoba1""		1029.9	1029900	1054.5	1054500	25.599976	25599	""osoba1""
""osoba1""		1035.3	1035300	1054.5	1054500	20.199951	20199	""osoba1""
""osoba1""		1038.0	1038000	1054.5	1054500	17.5	17500	""osoba1""
""osoba1""		1039.8	1039800	1054.5	1054500	15.699951	15699	""osoba1""
""osoba1""		1040.7001	1040700	1054.5	1054500	14.799927	14799	""osoba1""
""osoba3""		1042.5	1042500	1043.1001	1043100	1.6000977	1600	""osoba3""
""osoba1""		1044.9	1044900	1054.5	1054500	10.599976	10599	""osoba1""
""osoba1""		1047.0	1047000	1054.5	1054500	8.5	8500	""osoba1""
""osoba1""		1047.6001	1047600	1054.5	1054500	7.8999023	7899	""osoba1""
""osoba1""		1048.2001	1048200	1054.5	1054500	7.2999268	7299	""osoba1""
""osoba1""		1049.1001	1049100	1054.5	1054500	6.3999023	6399	""osoba1""
""osoba1""		1049.7001	1049700	1054.5	1054500	5.7999268	5799	""osoba1""
""osoba1""		1051.2001	1051200	1054.5	1054500	4.2999268	4299	""osoba1""
""osoba1""		1053.0	1053000	1054.5	1054500	2.5	2500	""osoba1""
""osoba1""		1053.9	1053900	1054.5	1054500	1.5999756	1599	""osoba1""
""osoba2""		1053.9	1053900	1056.6001	1056600	3.7000732	3700	""osoba2""
""osoba2""		1055.7001	1055700	1056.6001	1056600	1.9000244	1900	""osoba2""
""osoba3""		1056.6001	1056600	1060.5	1060500	4.8999023	4899	""osoba3""
""osoba3""		1057.5	1057500	1060.5	1060500	4.0	4000	""osoba3""
""osoba4""		1060.5	1060500	1083.9	1083900	24.400024	24400	""osoba4""
""osoba4""		1063.8	1063800	1083.9	1083900	21.099976	21099	""osoba4""
""osoba4""		1064.7001	1064700	1083.9	1083900	20.199951	20199	""osoba4""
""osoba4""		1067.4	1067400	1083.9	1083900	17.5	17500	""osoba4""
""osoba3""		1068.9	1068900	1069.8	1069800	1.9000244	1900	""osoba3""
""osoba4""		1070.1001	1070100	1083.9	1083900	14.799927	14799	""osoba4""
""osoba4""		1071.9	1071900	1083.9	1083900	13.0	13000	""osoba4""
""osoba4""		1074.3	1074300	1083.9	1083900	10.599976	10599	""osoba4""
""osoba2""		1074.9	1074900	1074.9	1074900	1.0	1000	""osoba2""
""osoba4""		1076.7001	1076700	1083.9	1083900	8.199951	8199	""osoba4""
""osoba1""		1079.1001	1079100	1080.9	1080900	2.7999268	2799	""osoba1""
""osoba4""		1083.6001	1083600	1083.9	1083900	1.2999268	1299	""osoba4""
""osoba2""		1084.5	1084500	1095.6001	1095600	12.100098	12100	""osoba2""
""osoba2""		1086.9	1086900	1095.6001	1095600	9.700073	9700	""osoba2""
""osoba2""		1088.7001	1088700	1095.6001	1095600	7.9000244	7900	""osoba2""
""osoba2""		1091.1001	1091100	1095.6001	1095600	5.5	5500	""osoba2""
""osoba1""		1091.4	1091400	1093.2001	1093200	2.8000488	2800	""osoba1""
""osoba2""		1091.7001	1091700	1095.6001	1095600	4.9000244	4900	""osoba2""
""osoba2""		1094.1001	1094100	1095.6001	1095600	2.5	2500	""osoba2""
""osoba1""		1096.2001	1096200	1124.4	1124400	29.199951	29199	""osoba1""
""osoba1""		1100.4	1100400	1124.4	1124400	25.0	25000	""osoba1""
""osoba1""		1101.0	1101000	1124.4	1124400	24.400024	24400	""osoba1""
""osoba1""		1103.4	1103400	1124.4	1124400	22.0	22000	""osoba1""
""osoba1""		1105.5	1105500	1124.4	1124400	19.900024	19900	""osoba1""
""osoba1""		1107.6001	1107600	1124.4	1124400	17.799927	17799	""osoba1""
""osoba1""		1109.1001	1109100	1124.4	1124400	16.299927	16299	""osoba1""
""osoba1""		1111.2001	1111200	1124.4	1124400	14.199951	14199	""osoba1""
""osoba1""		1112.1001	1112100	1124.4	1124400	13.299927	13299	""osoba1""
""osoba1""		1113.3	1113300	1124.4	1124400	12.099976	12099	""osoba1""
""osoba2""		1113.9	1113900	1114.2001	1114200	1.3000488	1300	""osoba2""
""osoba1""		1115.4	1115400	1124.4	1124400	10.0	10000	""osoba1""
""osoba1""		1116.9	1116900	1124.4	1124400	8.5	8500	""osoba1""
""osoba4""		1119.3	1119300	1120.2001	1120200	1.9000244	1900	""osoba4""
""osoba1""		1120.8	1120800	1124.4	1124400	4.5999756	4599	""osoba1""
""osoba1""		1121.4	1121400	1124.4	1124400	4.0	4000	""osoba1""
""osoba1""		1122.6001	1122600	1124.4	1124400	2.7999268	2799	""osoba1""
""osoba4""		1123.2001	1123200	1126.8	1126800	4.5999756	4599	""osoba4""
""osoba1""		1124.4	1124400	1124.4	1124400	1.0	1000	""osoba1""
""osoba4""		1125.3	1125300	1126.8	1126800	2.5	2500	""osoba4""
""osoba1""		1126.5	1126500	1144.8	1144800	19.300049	19300	""osoba1""
""osoba4""		1126.5	1126500	1126.8	1126800	1.3000488	1300	""osoba4""
""osoba1""		1129.8	1129800	1144.8	1144800	16.0	16000	""osoba1""
""osoba1""		1131.0	1131000	1144.8	1144800	14.800049	14800	""osoba1""
""osoba1""		1134.0	1134000	1144.8	1144800	11.800049	11800	""osoba1""
""osoba4""		1134.9	1134900	1135.2001	1135200	1.3000488	1300	""osoba4""
""osoba1""		1138.8	1138800	1144.8	1144800	7.0	7000	""osoba1""
""osoba1""		1142.1001	1142100	1144.8	1144800	3.6999512	3699	""osoba1""
""osoba3""		1142.7001	1142700	1152.3	1152300	10.599976	10599	""osoba3""
""osoba1""		1143.9	1143900	1144.8	1144800	1.9000244	1900	""osoba1""
""osoba2""		1144.8	1144800	1147.8	1147800	4.0	4000	""osoba2""
""osoba3""		1146.6001	1146600	1152.3	1152300	6.699951	6699	""osoba3""
""osoba3""		1151.1001	1151100	1152.3	1152300	2.1999512	2199	""osoba3""
""osoba1""		1151.7001	1151700	1170.6001	1170600	19.900024	19900	""osoba1""
""osoba1""		1153.2001	1153200	1170.6001	1170600	18.400024	18400	""osoba1""
""osoba4""		1156.5	1156500	1157.7001	1157700	2.2000732	2200	""osoba4""
""osoba1""		1157.7001	1157700	1170.6001	1170600	13.900024	13900	""osoba1""
""osoba1""		1158.6001	1158600	1170.6001	1170600	13.0	13000	""osoba1""
""osoba1""		1159.8	1159800	1170.6001	1170600	11.800049	11800	""osoba1""
""osoba1""		1162.8	1162800	1170.6001	1170600	8.800049	8800	""osoba1""
""osoba1""		1166.1001	1166100	1170.6001	1170600	5.5	5500	""osoba1""
""osoba1""		1167.6001	1167600	1170.6001	1170600	4.0	4000	""osoba1""
""osoba2""		1169.4	1169400	1191.0	1191000	22.599976	22599	""osoba2""
""osoba3""		1170.3	1170300	1170.6001	1170600	1.3000488	1300	""osoba3""
""osoba2""		1176.9	1176900	1191.0	1191000	15.099976	15099	""osoba2""
""osoba2""		1179.3	1179300	1191.0	1191000	12.699951	12699	""osoba2""
""osoba2""		1179.9	1179900	1191.0	1191000	12.099976	12099	""osoba2""
""osoba2""		1181.1001	1181100	1191.0	1191000	10.899902	10899	""osoba2""
""osoba1""		1184.1001	1184100	1184.1001	1184100	1.0	1000	""osoba1""
""osoba2""		1184.7001	1184700	1191.0	1191000	7.2999268	7299	""osoba2""
""osoba1""		1186.5	1186500	1196.7001	1196700	11.200073	11200	""osoba1""
""osoba3""		1186.8	1186800	1188.9	1188900	3.0999756	3099	""osoba3""
""osoba2""		1188.9	1188900	1191.0	1191000	3.0999756	3099	""osoba2""
""osoba1""		1191.0	1191000	1196.7001	1196700	6.7000732	6700	""osoba1""
""osoba1""		1191.9	1191900	1196.7001	1196700	5.800049	5800	""osoba1""
""osoba1""		1192.8	1192800	1196.7001	1196700	4.9000244	4900	""osoba1""
""osoba1""		1193.4	1193400	1196.7001	1196700	4.300049	4300	""osoba1""
""osoba1""		1195.2001	1195200	1196.7001	1196700	2.5	2500	""osoba1""
""osoba3""		1196.1001	1196100	1198.5	1198500	3.3999023	3399	""osoba3""
""osoba3""		1198.2001	1198200	1198.5	1198500	1.2999268	1299	""osoba3""
""osoba2""		1198.5	1198500	1199.4	1199400	1.9000244	1900	""osoba2""
""osoba4""		1198.5	1198500	1202.4	1202400	4.9000244	4900	""osoba4""
""osoba4""		1201.2001	1201200	1202.4	1202400	2.1999512	2199	""osoba4""
""osoba1""		1203.0	1203000	1209.0	1209000	7.0	7000	""osoba1""
""osoba1""		1203.6001	1203600	1209.0	1209000	6.3999023	6399	""osoba1""
""osoba1""		1206.0	1206000	1209.0	1209000	4.0	4000	""osoba1""
""osoba4""		1206.0	1206000	1206.0	1206000	1.0	1000	""osoba4""
""osoba1""		1207.2001	1207200	1209.0	1209000	2.7999268	2799	""osoba1""
""osoba3""		1207.8	1207800	1214.1001	1214100	7.300049	7300	""osoba3""
""osoba1""		1208.7001	1208700	1209.0	1209000	1.2999268	1299	""osoba1""
""osoba1""		1211.1001	1211100	1230.6001	1230600	20.5	20500	""osoba1""
""osoba1""		1213.8	1213800	1230.6001	1230600	17.800049	17800	""osoba1""
""osoba3""		1213.8	1213800	1214.1001	1214100	1.3000488	1300	""osoba3""
""osoba1""		1215.0	1215000	1230.6001	1230600	16.600098	16600	""osoba1""
""osoba3""		1216.2001	1216200	1217.4	1217400	2.1999512	2199	""osoba3""
""osoba1""		1217.1001	1217100	1230.6001	1230600	14.5	14500	""osoba1""
""osoba1""		1219.8	1219800	1230.6001	1230600	11.800049	11800	""osoba1""
""osoba1""		1222.2001	1222200	1230.6001	1230600	9.400024	9400	""osoba1""
""osoba1""		1224.0	1224000	1230.6001	1230600	7.6000977	7600	""osoba1""
""osoba4""		1224.6001	1224600	1225.5	1225500	1.8999023	1899	""osoba4""
""osoba1""		1229.1001	1229100	1230.6001	1230600	2.5	2500	""osoba1""
""osoba2""		1230.9	1230900	1242.3	1242300	12.400024	12400	""osoba2""
""osoba2""		1232.1001	1232100	1242.3	1242300	11.199951	11199	""osoba2""
""osoba1""		1233.0	1233000	1233.6001	1233600	1.6000977	1600	""osoba1""
""osoba2""		1237.2001	1237200	1242.3	1242300	6.0999756	6099	""osoba2""
""osoba2""		1238.4	1238400	1242.3	1242300	4.9000244	4900	""osoba2""
""osoba2""		1239.3	1239300	1242.3	1242300	4.0	4000	""osoba2""
""osoba3""		1242.0	1242000	1247.1001	1247100	6.1000977	6100	""osoba3""
""osoba1""		1243.8	1243800	1287.9	1287900	45.099976	45099	""osoba1""
""osoba1""		1245.9	1245900	1287.9	1287900	43.0	43000	""osoba1""
""osoba1""		1251.0	1251000	1287.9	1287900	37.900024	37900	""osoba1""
""osoba1""		1252.5	1252500	1287.9	1287900	36.400024	36400	""osoba1""
""osoba1""		1254.3	1254300	1287.9	1287900	34.599976	34599	""osoba1""
""osoba1""		1255.5	1255500	1287.9	1287900	33.400024	33400	""osoba1""
""osoba1""		1257.0	1257000	1287.9	1287900	31.900024	31900	""osoba1""
""osoba3""		1258.5	1258500	1259.7001	1259700	2.2000732	2200	""osoba3""
""osoba1""		1259.4	1259400	1287.9	1287900	29.5	29500	""osoba1""
""osoba1""		1262.4	1262400	1287.9	1287900	26.5	26500	""osoba1""
""osoba4""		1262.4	1262400	1262.7001	1262700	1.3000488	1300	""osoba4""
""osoba1""		1263.6001	1263600	1287.9	1287900	25.299927	25299	""osoba1""
""osoba1""		1265.7001	1265700	1287.9	1287900	23.199951	23199	""osoba1""
""osoba2""		1267.2001	1267200	1267.5	1267500	1.2999268	1299	""osoba2""
""osoba1""		1268.4	1268400	1287.9	1287900	20.5	20500	""osoba1""
""osoba1""		1270.5	1270500	1287.9	1287900	18.400024	18400	""osoba1""
""osoba1""		1271.1001	1271100	1287.9	1287900	17.799927	17799	""osoba1""
""osoba1""		1272.3	1272300	1287.9	1287900	16.599976	16599	""osoba1""
""osoba4""		1272.9	1272900	1272.9	1272900	1.0	1000	""osoba4""
""osoba1""		1274.1001	1274100	1287.9	1287900	14.799927	14799	""osoba1""
""osoba1""		1275.0	1275000	1287.9	1287900	13.900024	13900	""osoba1""
""osoba1""		1275.6001	1275600	1287.9	1287900	13.299927	13299	""osoba1""
""osoba1""		1276.2001	1276200	1287.9	1287900	12.699951	12699	""osoba1""
""osoba1""		1278.9	1278900	1287.9	1287900	10.0	10000	""osoba1""
""osoba2""		1278.9	1278900	1279.8	1279800	1.9000244	1900	""osoba2""
""osoba1""		1282.2001	1282200	1287.9	1287900	6.699951	6699	""osoba1""
""osoba1""		1283.7001	1283700	1287.9	1287900	5.199951	5199	""osoba1""
""osoba1""		1284.3	1284300	1287.9	1287900	4.5999756	4599	""osoba1""
""osoba1""		1286.1001	1286100	1287.9	1287900	2.7999268	2799	""osoba1""
""osoba2""		1286.1001	1286100	1286.7001	1286700	1.5999756	1599	""osoba2""
""osoba4""		1286.1001	1286100	1294.2001	1294200	9.099976	9099	""osoba4""
""osoba4""		1289.4	1289400	1294.2001	1294200	5.800049	5800	""osoba4""
""osoba4""		1293.3	1293300	1294.2001	1294200	1.9000244	1900	""osoba4""
""osoba3""		1293.6001	1293600	1307.7001	1307700	15.099976	15099	""osoba3""
""osoba4""		1293.9	1293900	1294.2001	1294200	1.3000488	1300	""osoba4""
""osoba3""		1295.4	1295400	1307.7001	1307700	13.300049	13300	""osoba3""
""osoba3""		1296.6001	1296600	1307.7001	1307700	12.099976	12099	""osoba3""
""osoba3""		1297.8	1297800	1307.7001	1307700	10.900024	10900	""osoba3""
""osoba3""		1299.0	1299000	1307.7001	1307700	9.700073	9700	""osoba3""
""osoba1""		1300.5	1300500	1301.4	1301400	1.9000244	1900	""osoba1""
""osoba3""		1304.1001	1304100	1307.7001	1307700	4.5999756	4599	""osoba3""
""osoba3""		1305.0	1305000	1307.7001	1307700	3.7000732	3700	""osoba3""
""osoba4""		1305.9	1305900	1305.9	1305900	1.0	1000	""osoba4""
""osoba1""		1306.5	1306500	1323.6001	1323600	18.100098	18100	""osoba1""
""osoba1""		1308.3	1308300	1323.6001	1323600	16.300049	16300	""osoba1""
""osoba1""		1309.5	1309500	1323.6001	1323600	15.100098	15100	""osoba1""
""osoba1""		1310.1001	1310100	1323.6001	1323600	14.5	14500	""osoba1""
""osoba3""		1311.3	1311300	1311.6001	1311600	1.3000488	1300	""osoba3""
""osoba1""		1313.4	1313400	1323.6001	1323600	11.200073	11200	""osoba1""
""osoba1""		1314.0	1314000	1323.6001	1323600	10.600098	10600	""osoba1""
""osoba1""		1315.2001	1315200	1323.6001	1323600	9.400024	9400	""osoba1""
""osoba1""		1316.1001	1316100	1323.6001	1323600	8.5	8500	""osoba1""
""osoba1""		1317.9	1317900	1323.6001	1323600	6.7000732	6700	""osoba1""
""osoba1""		1318.8	1318800	1323.6001	1323600	5.800049	5800	""osoba1""
""osoba1""		1320.0	1320000	1323.6001	1323600	4.6000977	4600	""osoba1""
""osoba1""		1320.6001	1320600	1323.6001	1323600	4.0	4000	""osoba1""
""osoba1""		1323.3	1323300	1323.6001	1323600	1.3000488	1300	""osoba1""
""osoba4""		1323.6001	1323600	1332.0	1332000	9.399902	9399	""osoba4""
""osoba1""		1325.7001	1325700	1326.3	1326300	1.5999756	1599	""osoba1""
""osoba4""		1325.7001	1325700	1332.0	1332000	7.2999268	7299	""osoba4""
""osoba4""		1327.2001	1327200	1332.0	1332000	5.7999268	5799	""osoba4""
""osoba4""		1328.1001	1328100	1332.0	1332000	4.8999023	4899	""osoba4""
""osoba4""		1329.3	1329300	1332.0	1332000	3.6999512	3699	""osoba4""
""osoba4""		1330.2001	1330200	1332.0	1332000	2.7999268	2799	""osoba4""
""osoba1""		1332.0	1332000	1350.0	1350000	19.0	19000	""osoba1""
""osoba1""		1332.9	1332900	1350.0	1350000	18.099976	18099	""osoba1""
""osoba1""		1335.6001	1335600	1350.0	1350000	15.399902	15399	""osoba1""
""osoba1""		1336.8	1336800	1350.0	1350000	14.199951	14199	""osoba1""
""osoba1""		1339.5	1339500	1350.0	1350000	11.5	11500	""osoba1""
""osoba1""		1341.3	1341300	1350.0	1350000	9.699951	9699	""osoba1""
""osoba2""		1342.2001	1342200	1344.0	1344000	2.7999268	2799	""osoba2""
""osoba1""		1342.5	1342500	1350.0	1350000	8.5	8500	""osoba1""
""osoba1""		1344.6001	1344600	1350.0	1350000	6.3999023	6399	""osoba1""
""osoba1""		1348.2001	1348200	1350.0	1350000	2.7999268	2799	""osoba1""
""osoba4""		1348.8	1348800	1352.4	1352400	4.5999756	4599	""osoba4""
""osoba3""		1351.2001	1351200	1357.2001	1357200	7.0	7000	""osoba3""
""osoba1""		1353.9	1353900	1363.5	1363500	10.599976	10599	""osoba1""
""osoba1""		1356.3	1356300	1363.5	1363500	8.199951	8199	""osoba1""
""osoba3""		1357.2001	1357200	1357.2001	1357200	1.0	1000	""osoba3""
""osoba1""		1358.4	1358400	1363.5	1363500	6.0999756	6099	""osoba1""
""osoba1""		1359.0	1359000	1363.5	1363500	5.5	5500	""osoba1""
""osoba1""		1359.9	1359900	1363.5	1363500	4.5999756	4599	""osoba1""
""osoba1""		1362.6001	1362600	1363.5	1363500	1.8999023	1899	""osoba1""
""osoba4""		1362.9	1362900	1365.9	1365900	4.0	4000	""osoba4""
""osoba2""		1365.6001	1365600	1384.2001	1384200	19.599976	19599	""osoba2""
""osoba2""		1367.1001	1367100	1384.2001	1384200	18.099976	18099	""osoba2""
""osoba1""		1373.1001	1373100	1374.0	1374000	1.8999023	1899	""osoba1""
""osoba3""		1373.1001	1373100	1373.7001	1373700	1.5999756	1599	""osoba3""
""osoba2""		1376.4	1376400	1384.2001	1384200	8.800049	8800	""osoba2""
""osoba2""		1377.0	1377000	1384.2001	1384200	8.200073	8200	""osoba2""
""osoba2""		1377.6001	1377600	1384.2001	1384200	7.5999756	7599	""osoba2""
""osoba2""		1378.8	1378800	1384.2001	1384200	6.4000244	6400	""osoba2""
""osoba1""		1379.1001	1379100	1380.3	1380300	2.1999512	2199	""osoba1""
""osoba2""		1379.4	1379400	1384.2001	1384200	5.800049	5800	""osoba2""
""osoba2""		1380.9	1380900	1384.2001	1384200	4.300049	4300	""osoba2""
""osoba2""		1381.8	1381800	1384.2001	1384200	3.4000244	3400	""osoba2""
""osoba2""		1382.4	1382400	1384.2001	1384200	2.8000488	2800	""osoba2""
""osoba2""		1383.0	1383000	1384.2001	1384200	2.2000732	2200	""osoba2""
""osoba1""		1384.2001	1384200	1392.6001	1392600	9.400024	9400	""osoba1""
""osoba2""		1384.2001	1384200	1384.2001	1384200	1.0	1000	""osoba2""
""osoba1""		1385.4	1385400	1392.6001	1392600	8.200073	8200	""osoba1""
""osoba1""		1386.0	1386000	1392.6001	1392600	7.6000977	7600	""osoba1""
""osoba1""		1386.6001	1386600	1392.6001	1392600	7.0	7000	""osoba1""
""osoba1""		1388.1001	1388100	1392.6001	1392600	5.5	5500	""osoba1""
""osoba1""		1389.3	1389300	1392.6001	1392600	4.300049	4300	""osoba1""
""osoba1""		1390.8	1390800	1392.6001	1392600	2.8000488	2800	""osoba1""
""osoba3""		1392.6001	1392600	1397.1001	1397100	5.5	5500	""osoba3""
""osoba3""		1393.5	1393500	1397.1001	1397100	4.6000977	4600	""osoba3""
""osoba3""		1394.7001	1394700	1397.1001	1397100	3.4000244	3400	""osoba3""
""osoba3""		1395.3	1395300	1397.1001	1397100	2.8000488	2800	""osoba3""
""osoba3""		1396.2001	1396200	1397.1001	1397100	1.9000244	1900	""osoba3""
""osoba1""		1396.8	1396800	1436.1001	1436100	40.30005	40300	""osoba1""
""osoba3""		1396.8	1396800	1397.1001	1397100	1.3000488	1300	""osoba3""
""osoba1""		1402.5	1402500	1436.1001	1436100	34.600098	34600	""osoba1""
""osoba2""		1403.7001	1403700	1407.0	1407000	4.2999268	4299	""osoba2""
""osoba1""		1405.2001	1405200	1436.1001	1436100	31.900024	31900	""osoba1""
""osoba1""		1408.2001	1408200	1436.1001	1436100	28.900024	28900	""osoba1""
""osoba3""		1409.1001	1409100	1409.1001	1409100	1.0	1000	""osoba3""
""osoba1""		1409.7001	1409700	1436.1001	1436100	27.400024	27400	""osoba1""
""osoba1""		1410.3	1410300	1436.1001	1436100	26.800049	26800	""osoba1""
""osoba1""		1410.9	1410900	1436.1001	1436100	26.200073	26200	""osoba1""
""osoba1""		1411.5	1411500	1436.1001	1436100	25.600098	25600	""osoba1""
""osoba1""		1413.6001	1413600	1436.1001	1436100	23.5	23500	""osoba1""
""osoba1""		1414.8	1414800	1436.1001	1436100	22.300049	22300	""osoba1""
""osoba1""		1416.3	1416300	1436.1001	1436100	20.800049	20800	""osoba1""
""osoba4""		1417.8	1417800	1417.8	1417800	1.0	1000	""osoba4""
""osoba1""		1418.7001	1418700	1436.1001	1436100	18.400024	18400	""osoba1""
""osoba1""		1419.9	1419900	1436.1001	1436100	17.200073	17200	""osoba1""
""osoba1""		1422.0	1422000	1436.1001	1436100	15.100098	15100	""osoba1""
""osoba1""		1422.6001	1422600	1436.1001	1436100	14.5	14500	""osoba1""
""osoba1""		1424.1001	1424100	1436.1001	1436100	13.0	13000	""osoba1""
""osoba1""		1425.0	1425000	1436.1001	1436100	12.100098	12100	""osoba1""
""osoba1""		1425.6001	1425600	1436.1001	1436100	11.5	11500	""osoba1""
""osoba1""		1426.2001	1426200	1436.1001	1436100	10.900024	10900	""osoba1""
""osoba1""		1427.1001	1427100	1436.1001	1436100	10.0	10000	""osoba1""
""osoba4""		1428.9	1428900	1429.2001	1429200	1.3000488	1300	""osoba4""
""osoba2""		1431.6001	1431600	1433.1001	1433100	2.5	2500	""osoba2""
""osoba4""		1436.1001	1436100	1458.9	1458900	23.799927	23799	""osoba4""
""osoba4""		1437.6001	1437600	1458.9	1458900	22.299927	22299	""osoba4""
""osoba4""		1438.2001	1438200	1458.9	1458900	21.699951	21699	""osoba4""
""osoba4""		1440.3	1440300	1458.9	1458900	19.599976	19599	""osoba4""
""osoba4""		1440.9	1440900	1458.9	1458900	19.0	19000	""osoba4""
""osoba2""		1442.1001	1442100	1442.7001	1442700	1.5999756	1599	""osoba2""
""osoba4""		1442.4	1442400	1458.9	1458900	17.5	17500	""osoba4""
""osoba4""		1446.9	1446900	1458.9	1458900	13.0	13000	""osoba4""
""osoba4""		1447.8	1447800	1458.9	1458900	12.099976	12099	""osoba4""
""osoba4""		1449.0	1449000	1458.9	1458900	10.900024	10900	""osoba4""
""osoba4""		1449.9	1449900	1458.9	1458900	10.0	10000	""osoba4""
""osoba4""		1452.0	1452000	1458.9	1458900	7.9000244	7900	""osoba4""
""osoba4""		1454.4	1454400	1458.9	1458900	5.5	5500	""osoba4""
""osoba4""		1455.0	1455000	1458.9	1458900	4.9000244	4900	""osoba4""
""osoba2""		1458.0	1458000	1460.4	1460400	3.4000244	3400	""osoba2""
""osoba2""		1459.5	1459500	1460.4	1460400	1.9000244	1900	""osoba2""
""osoba1""		1461.0	1461000	1467.6001	1467600	7.6000977	7600	""osoba1""
""osoba1""		1462.2001	1462200	1467.6001	1467600	6.4000244	6400	""osoba1""
""osoba1""		1464.9	1464900	1467.6001	1467600	3.7000732	3700	""osoba1""
""osoba3""		1465.8	1465800	1474.5	1474500	9.699951	9699	""osoba3""
""osoba3""		1469.4	1469400	1474.5	1474500	6.0999756	6099	""osoba3""
""osoba3""		1470.3	1470300	1474.5	1474500	5.199951	5199	""osoba3""
""osoba3""		1471.8	1471800	1474.5	1474500	3.6999512	3699	""osoba3""
""osoba3""		1472.4	1472400	1474.5	1474500	3.0999756	3099	""osoba3""
""osoba3""		1473.3	1473300	1474.5	1474500	2.1999512	2199	""osoba3""
""osoba3""		1474.2001	1474200	1474.5	1474500	1.2999268	1299	""osoba3""
""osoba1""		1474.5	1474500	1480.2001	1480200	6.7000732	6700	""osoba1""
""osoba4""		1478.4	1478400	1495.5	1495500	18.099976	18099	""osoba4""
""osoba4""		1482.0	1482000	1495.5	1495500	14.5	14500	""osoba4""
""osoba4""		1482.9	1482900	1495.5	1495500	13.599976	13599	""osoba4""
""osoba3""		1483.2001	1483200	1484.1001	1484100	1.9000244	1900	""osoba3""
""osoba4""		1485.3	1485300	1495.5	1495500	11.199951	11199	""osoba4""
""osoba4""		1487.4	1487400	1495.5	1495500	9.099976	9099	""osoba4""
""osoba4""		1488.9	1488900	1495.5	1495500	7.5999756	7599	""osoba4""
""osoba3""		1491.3	1491300	1491.3	1491300	1.0	1000	""osoba3""
""osoba4""		1492.2001	1492200	1495.5	1495500	4.2999268	4299	""osoba4""
""osoba4""		1494.6001	1494600	1495.5	1495500	1.8999023	1899	""osoba4""
""osoba4""		1495.2001	1495200	1495.5	1495500	1.2999268	1299	""osoba4""
""osoba2""		1496.1001	1496100	1501.5	1501500	6.3999023	6399	""osoba2""
""osoba3""		1496.4	1496400	1496.7001	1496700	1.3000488	1300	""osoba3""
""osoba2""		1500.3	1500300	1501.5	1501500	2.1999512	2199	""osoba2""
""osoba4""		1501.8	1501800	1507.8	1507800	7.0	7000	""osoba4""
""osoba4""		1503.3	1503300	1507.8	1507800	5.5	5500	""osoba4""
""osoba4""		1503.9	1503900	1507.8	1507800	4.9000244	4900	""osoba4""
""osoba4""		1505.1001	1505100	1507.8	1507800	3.6999512	3699	""osoba4""
""osoba4""		1505.7001	1505700	1507.8	1507800	3.0999756	3099	""osoba4""
""osoba1""		1507.2001	1507200	1515.0	1515000	8.799927	8799	""osoba1""
""osoba1""		1511.1001	1511100	1515.0	1515000	4.8999023	4899	""osoba1""
""osoba1""		1512.3	1512300	1515.0	1515000	3.6999512	3699	""osoba1""
""osoba1""		1514.1001	1514100	1515.0	1515000	1.8999023	1899	""osoba1""
""osoba3""		1514.1001	1514100	1517.4	1517400	4.2999268	4299	""osoba3""
""osoba2""		1517.1001	1517100	1519.5	1519500	3.3999023	3399	""osoba2""
""osoba2""		1519.5	1519500	1519.5	1519500	1.0	1000	""osoba2""
""osoba3""		1520.4	1520400	1526.7001	1526700	7.300049	7300	""osoba3""
""osoba3""		1521.9	1521900	1526.7001	1526700	5.800049	5800	""osoba3""
""osoba4""		1523.7001	1523700	1525.8	1525800	3.0999756	3099	""osoba4""
""osoba1""		1524.3	1524300	1525.8	1525800	2.5	2500	""osoba1""
""osoba3""		1526.7001	1526700	1526.7001	1526700	1.0	1000	""osoba3""
""osoba2""		1527.3	1527300	1532.4	1532400	6.0999756	6099	""osoba2""
""osoba1""		1532.1001	1532100	1541.1001	1541100	10.0	10000	""osoba1""
""osoba3""		1534.8	1534800	1537.2001	1537200	3.4000244	3400	""osoba3""
""osoba3""		1541.1001	1541100	1554.9	1554900	14.799927	14799	""osoba3""
""osoba3""		1542.6001	1542600	1554.9	1554900	13.299927	13299	""osoba3""
""osoba3""		1545.6001	1545600	1554.9	1554900	10.299927	10299	""osoba3""
""osoba3""		1547.7001	1547700	1554.9	1554900	8.199951	8199	""osoba3""
""osoba3""		1548.3	1548300	1554.9	1554900	7.5999756	7599	""osoba3""
""osoba3""		1549.5001	1549500	1554.9	1554900	6.3999023	6399	""osoba3""
""osoba3""		1551.0001	1551000	1554.9	1554900	4.8999023	4899	""osoba3""
""osoba3""		1552.5001	1552500	1554.9	1554900	3.3999023	3399	""osoba3""
""osoba1""		1553.4	1553400	1557.0001	1557000	4.6000977	4600	""osoba1""
""osoba1""		1556.7001	1556700	1557.0001	1557000	1.3000488	1300	""osoba1""
""osoba3""		1557.3	1557300	1574.1001	1574100	17.800049	17800	""osoba3""
""osoba3""		1558.8	1558800	1574.1001	1574100	16.300049	16300	""osoba3""
""osoba3""		1561.2001	1561200	1574.1001	1574100	13.900024	13900	""osoba3""
""osoba3""		1562.7001	1562700	1574.1001	1574100	12.400024	12400	""osoba3""
""osoba3""		1563.9	1563900	1574.1001	1574100	11.200073	11200	""osoba3""
""osoba3""		1564.5001	1564500	1574.1001	1574100	10.599976	10599	""osoba3""
""osoba3""		1567.2001	1567200	1574.1001	1574100	7.9000244	7900	""osoba3""
""osoba4""		1567.2001	1567200	1567.2001	1567200	1.0	1000	""osoba4""
""osoba1""		1568.4	1568400	1568.7001	1568700	1.3000488	1300	""osoba1""
""osoba3""		1569.3	1569300	1574.1001	1574100	5.800049	5800	""osoba3""
""osoba3""		1570.5001	1570500	1574.1001	1574100	4.5999756	4599	""osoba3""
""osoba1""		1570.8	1570800	1571.1001	1571100	1.3000488	1300	""osoba1""
""osoba3""		1571.7001	1571700	1574.1001	1574100	3.4000244	3400	""osoba3""
""osoba3""		1572.3	1572300	1574.1001	1574100	2.8000488	2800	""osoba3""
""osoba1""		1573.2001	1573200	1607.1001	1607100	34.900024	34900	""osoba1""
""osoba3""		1573.5001	1573500	1574.1001	1574100	1.5999756	1599	""osoba3""
""osoba1""		1575.6001	1575600	1607.1001	1607100	32.5	32500	""osoba1""
""osoba1""		1577.7001	1577700	1607.1001	1607100	30.400024	30400	""osoba1""
""osoba1""		1578.6001	1578600	1607.1001	1607100	29.5	29500	""osoba1""
""osoba1""		1579.5001	1579500	1607.1001	1607100	28.599976	28599	""osoba1""
""osoba1""		1581.3	1581300	1607.1001	1607100	26.800049	26800	""osoba1""
""osoba1""		1582.5001	1582500	1607.1001	1607100	25.599976	25599	""osoba1""
""osoba1""		1583.4	1583400	1607.1001	1607100	24.700073	24700	""osoba1""
""osoba4""		1585.8	1585800	1586.1001	1586100	1.3000488	1300	""osoba4""
""osoba1""		1588.2001	1588200	1607.1001	1607100	19.900024	19900	""osoba1""
""osoba1""		1590.6001	1590600	1607.1001	1607100	17.5	17500	""osoba1""
""osoba1""		1593.9	1593900	1607.1001	1607100	14.200073	14200	""osoba1""
""osoba1""		1597.2001	1597200	1607.1001	1607100	10.900024	10900	""osoba1""
""osoba1""		1597.8	1597800	1607.1001	1607100	10.300049	10300	""osoba1""
""osoba1""		1603.8	1603800	1607.1001	1607100	4.300049	4300	""osoba1""
""osoba2""		1604.1001	1604100	1605.0001	1605000	1.9000244	1900	""osoba2""
""osoba3""		1606.8	1606800	1611.6001	1611600	5.800049	5800	""osoba3""
""osoba1""		1607.1001	1607100	1607.1001	1607100	1.0	1000	""osoba1""
""osoba2""		1608.3	1608300	1610.4	1610400	3.0999756	3099	""osoba2""
""osoba2""		1609.8	1609800	1610.4	1610400	1.5999756	1599	""osoba2""
""osoba1""		1610.4	1610400	1620.3	1620300	10.900024	10900	""osoba1""
""osoba3""		1610.7001	1610700	1611.6001	1611600	1.9000244	1900	""osoba3""
""osoba1""		1613.4	1613400	1620.3	1620300	7.9000244	7900	""osoba1""
""osoba1""		1614.9	1614900	1620.3	1620300	6.4000244	6400	""osoba1""
""osoba1""		1616.1001	1616100	1620.3	1620300	5.199951	5199	""osoba1""
""osoba1""		1617.6001	1617600	1620.3	1620300	3.6999512	3699	""osoba1""
""osoba1""		1619.1001	1619100	1620.3	1620300	2.1999512	2199	""osoba1""
""osoba4""		1619.1001	1619100	1620.3	1620300	2.1999512	2199	""osoba4""
""osoba3""		1619.7001	1619700	1620.3	1620300	1.5999756	1599	""osoba3""
