"default"		0.0	0	1.0	1000	1.0	1000	BEGIN
"default"		1620.3	1620300	1620.31	1621300	1.0	1000	END
""osoba4""		6.9	6900	11.400001	11400	5.5000005	5500	""osoba4""
""osoba4""		9.6	9600	11.400001	11400	2.8000002	2800	""osoba4""
""osoba2""		10.8	10800	16.800001	16800	7.000001	7000	""osoba2""
""osoba4""		10.8	10800	11.400001	11400	1.6000004	1600	""osoba4""
""osoba1""		14.400001	14400	44.100002	44100	30.7	30700	""osoba1""
""osoba2""		14.700001	14700	16.800001	16800	3.1000004	3100	""osoba2""
""osoba1""		18.6	18600	44.100002	44100	26.500002	26500	""osoba1""
""osoba1""		21.6	21600	44.100002	44100	23.500002	23500	""osoba1""
""osoba1""		22.2	22200	44.100002	44100	22.900002	22900	""osoba1""
""osoba1""		24.900002	24900	44.100002	44100	20.2	20200	""osoba1""
""osoba1""		28.2	28200	44.100002	44100	16.900002	16900	""osoba1""
""osoba1""		31.2	31200	44.100002	44100	13.900002	13900	""osoba1""
""osoba4""		33.0	33000	33.300003	33300	1.300003	1300	""osoba4""
""osoba1""		34.2	34200	44.100002	44100	10.900002	10900	""osoba1""
""osoba1""		35.7	35700	44.100002	44100	9.400002	9400	""osoba1""
""osoba3""		36.600002	36600	49.2	49200	13.599998	13599	""osoba3""
""osoba3""		39.0	39000	49.2	49200	11.200001	11200	""osoba3""
""osoba1""		39.9	39900	44.100002	44100	5.200001	5200	""osoba1""
""osoba3""		39.9	39900	49.2	49200	10.299999	10299	""osoba3""
""osoba3""		42.300003	42300	49.2	49200	7.8999977	7899	""osoba3""
""osoba1""		42.600002	42600	44.100002	44100	2.5	2500	""osoba1""
""osoba3""		45.0	45000	49.2	49200	5.200001	5200	""osoba3""
""osoba3""		45.600002	45600	49.2	49200	4.5999985	4599	""osoba3""
""osoba3""		46.800003	46800	49.2	49200	3.3999977	3399	""osoba3""
""osoba1""		48.300003	48300	69.600006	69600	22.300003	22300	""osoba1""
""osoba1""		50.7	50700	69.600006	69600	19.900005	19900	""osoba1""
""osoba1""		51.9	51900	69.600006	69600	18.700005	18700	""osoba1""
""osoba1""		52.800003	52800	69.600006	69600	17.800003	17800	""osoba1""
""osoba4""		54.600002	54600	54.9	54900	1.2999992	1299	""osoba4""
""osoba1""		55.800003	55800	69.600006	69600	14.800003	14800	""osoba1""
""osoba1""		60.300003	60300	69.600006	69600	10.300003	10300	""osoba1""
""osoba1""		61.500004	61500	69.600006	69600	9.100002	9100	""osoba1""
""osoba2""		61.800003	61800	64.200005	64200	3.4000015	3400	""osoba2""
""osoba4""		62.4	62400	62.7	62700	1.2999992	1299	""osoba4""
""osoba1""		65.100006	65100	69.600006	69600	5.5	5500	""osoba1""
""osoba1""		66.0	66000	69.600006	69600	4.600006	4600	""osoba1""
""osoba1""		67.5	67500	69.600006	69600	3.100006	3100	""osoba1""
""osoba3""		69.600006	69600	73.5	73500	4.899994	4899	""osoba3""
""osoba3""		70.8	70800	73.5	73500	3.699997	3699	""osoba3""
""osoba2""		72.3	72300	89.4	89400	18.099998	18099	""osoba2""
""osoba2""		76.8	76800	89.4	89400	13.599998	13599	""osoba2""
""osoba4""		78.0	78000	78.0	78000	1.0	1000	""osoba4""
""osoba2""		78.600006	78600	89.4	89400	11.799995	11799	""osoba2""
""osoba2""		79.8	79800	89.4	89400	10.599998	10599	""osoba2""
""osoba3""		80.100006	80100	80.100006	80100	1.0	1000	""osoba3""
""osoba2""		81.600006	81600	89.4	89400	8.799995	8799	""osoba2""
""osoba2""		84.3	84300	89.4	89400	6.0999985	6099	""osoba2""
""osoba2""		84.9	84900	89.4	89400	5.5	5500	""osoba2""
""osoba2""		85.5	85500	89.4	89400	4.9000015	4900	""osoba2""
""osoba1""		86.700005	86700	105.00001	105000	19.300003	19300	""osoba1""
""osoba1""		90.600006	90600	105.00001	105000	15.400002	15400	""osoba1""
""osoba4""		92.4	92400	94.5	94500	3.0999985	3099	""osoba4""
""osoba1""		93.600006	93600	105.00001	105000	12.400002	12400	""osoba1""
""osoba4""		94.5	94500	94.5	94500	1.0	1000	""osoba4""
""osoba1""		96.3	96300	105.00001	105000	9.700005	9700	""osoba1""
""osoba1""		101.100006	101100	105.00001	105000	4.9000015	4900	""osoba1""
""osoba1""		102.600006	102600	105.00001	105000	3.4000015	3400	""osoba1""
""osoba4""		105.00001	105000	120.9	120900	16.899994	16899	""osoba4""
""osoba4""		105.9	105900	120.9	120900	16.0	16000	""osoba4""
""osoba4""		106.8	106800	120.9	120900	15.099998	15099	""osoba4""
""osoba4""		107.700005	107700	120.9	120900	14.199997	14199	""osoba4""
""osoba2""		108.600006	108600	109.200005	109200	1.5999985	1599	""osoba2""
""osoba4""		109.200005	109200	120.9	120900	12.699997	12699	""osoba4""
""osoba4""		110.700005	110700	120.9	120900	11.199997	11199	""osoba4""
""osoba2""		112.50001	112500	112.50001	112500	1.0	1000	""osoba2""
""osoba4""		113.4	113400	120.9	120900	8.5	8500	""osoba4""
""osoba1""		114.00001	114000	114.00001	114000	1.0	1000	""osoba1""
""osoba4""		115.8	115800	120.9	120900	6.0999985	6099	""osoba4""
""osoba3""		117.3	117300	117.600006	117600	1.300003	1300	""osoba3""
""osoba2""		117.600006	117600	117.600006	117600	1.0	1000	""osoba2""
""osoba4""		119.700005	119700	120.9	120900	2.199997	2199	""osoba4""
""osoba1""		120.600006	120600	130.5	130500	10.899994	10899	""osoba1""
""osoba1""		122.100006	122100	130.5	130500	9.399994	9399	""osoba1""
""osoba4""		128.1	128100	138.0	138000	10.899994	10899	""osoba4""
""osoba1""		129.6	129600	130.5	130500	1.8999939	1899	""osoba1""
""osoba4""		129.90001	129900	138.0	138000	9.099991	9099	""osoba4""
""osoba4""		132.90001	132900	138.0	138000	6.099991	6099	""osoba4""
""osoba3""		133.8	133800	133.8	133800	1.0	1000	""osoba3""
""osoba1""		134.1	134100	136.20001	136200	3.100006	3100	""osoba1""
""osoba4""		134.1	134100	138.0	138000	4.899994	4899	""osoba4""
""osoba3""		137.70001	137700	164.70001	164700	28.0	28000	""osoba3""
""osoba4""		138.0	138000	138.0	138000	1.0	1000	""osoba4""
""osoba1""		138.90001	138900	139.5	139500	1.5999908	1599	""osoba1""
""osoba3""		138.90001	138900	164.70001	164700	26.800003	26800	""osoba3""
""osoba3""		141.3	141300	164.70001	164700	24.40001	24400	""osoba3""
""osoba3""		143.1	143100	164.70001	164700	22.600006	22600	""osoba3""
""osoba3""		144.6	144600	164.70001	164700	21.100006	21100	""osoba3""
""osoba3""		146.40001	146400	164.70001	164700	19.300003	19300	""osoba3""
""osoba1""		147.0	147000	147.6	147600	1.6000061	1600	""osoba1""
""osoba3""		147.3	147300	164.70001	164700	18.40001	18400	""osoba3""
""osoba3""		148.8	148800	164.70001	164700	16.90001	16900	""osoba3""
""osoba3""		152.70001	152700	164.70001	164700	13.0	13000	""osoba3""
""osoba3""		153.90001	153900	164.70001	164700	11.800003	11800	""osoba3""
""osoba3""		155.1	155100	164.70001	164700	10.600006	10600	""osoba3""
""osoba3""		157.5	157500	164.70001	164700	8.200012	8200	""osoba3""
""osoba3""		158.1	158100	164.70001	164700	7.600006	7600	""osoba3""
""osoba3""		159.90001	159900	164.70001	164700	5.800003	5800	""osoba3""
""osoba3""		160.8	160800	164.70001	164700	4.900009	4900	""osoba3""
""osoba3""		163.8	163800	164.70001	164700	1.9000092	1900	""osoba3""
""osoba1""		164.1	164100	187.8	187800	24.699997	24699	""osoba1""
""osoba2""		164.70001	164700	165.0	165000	1.2999878	1299	""osoba2""
""osoba4""		165.90001	165900	166.8	166800	1.8999939	1899	""osoba4""
""osoba1""		166.20001	166200	187.8	187800	22.59999	22599	""osoba1""
""osoba1""		168.6	168600	187.8	187800	20.199997	20199	""osoba1""
""osoba1""		170.40001	170400	187.8	187800	18.399994	18399	""osoba1""
""osoba1""		171.0	171000	187.8	187800	17.800003	17800	""osoba1""
""osoba1""		171.90001	171900	187.8	187800	16.899994	16899	""osoba1""
""osoba1""		174.6	174600	187.8	187800	14.199997	14199	""osoba1""
""osoba2""		175.20001	175200	175.20001	175200	1.0	1000	""osoba2""
""osoba1""		175.8	175800	187.8	187800	13.0	13000	""osoba1""
""osoba1""		178.5	178500	187.8	187800	10.300003	10300	""osoba1""
""osoba1""		179.40001	179400	187.8	187800	9.399994	9399	""osoba1""
""osoba3""		181.5	181500	183.90001	183900	3.4000092	3400	""osoba3""
""osoba1""		181.8	181800	187.8	187800	7.0	7000	""osoba1""
""osoba1""		186.0	186000	187.8	187800	2.800003	2800	""osoba1""
""osoba3""		187.5	187500	215.1	215100	28.600006	28600	""osoba3""
""osoba1""		187.8	187800	187.8	187800	1.0	1000	""osoba1""
""osoba3""		189.0	189000	215.1	215100	27.100006	27100	""osoba3""
""osoba3""		190.5	190500	215.1	215100	25.600006	25600	""osoba3""
""osoba1""		191.40001	191400	194.1	194100	3.699997	3699	""osoba1""
""osoba1""		193.8	193800	194.1	194100	1.300003	1300	""osoba1""
""osoba3""		195.00002	195000	215.1	215100	21.09999	21099	""osoba3""
""osoba3""		195.6	195600	215.1	215100	20.5	20500	""osoba3""
""osoba2""		197.70001	197700	198.90001	198900	2.199997	2199	""osoba2""
""osoba1""		198.6	198600	198.90001	198900	1.300003	1300	""osoba1""
""osoba3""		198.90001	198900	215.1	215100	17.199997	17199	""osoba3""
""osoba3""		200.70001	200700	215.1	215100	15.399994	15399	""osoba3""
""osoba3""		204.6	204600	215.1	215100	11.5	11500	""osoba3""
""osoba3""		208.20001	208200	215.1	215100	7.899994	7899	""osoba3""
""osoba4""		210.00002	210000	210.00002	210000	1.0	1000	""osoba4""
""osoba1""		213.6	213600	224.1	224100	11.5	11500	""osoba1""
""osoba3""		214.50002	214500	215.1	215100	1.5999908	1599	""osoba3""
""osoba1""		218.40001	218400	224.1	224100	6.699997	6699	""osoba1""
""osoba1""		220.20001	220200	224.1	224100	4.899994	4899	""osoba1""
""osoba1""		221.70001	221700	224.1	224100	3.399994	3399	""osoba1""
""osoba1""		222.6	222600	224.1	224100	2.5	2500	""osoba1""
""osoba4""		223.20001	223200	230.70001	230700	8.5	8500	""osoba4""
""osoba1""		223.8	223800	224.1	224100	1.300003	1300	""osoba1""
""osoba4""		225.3	225300	230.70001	230700	6.400009	6400	""osoba4""
""osoba3""		226.20001	226200	226.50002	226500	1.300003	1300	""osoba3""
""osoba1""		230.1	230100	240.90001	240900	11.800003	11800	""osoba1""
""osoba1""		231.90001	231900	240.90001	240900	10.0	10000	""osoba1""
""osoba1""		235.20001	235200	240.90001	240900	6.699997	6699	""osoba1""
""osoba1""		236.70001	236700	240.90001	240900	5.199997	5199	""osoba1""
""osoba1""		239.70001	239700	240.90001	240900	2.199997	2199	""osoba1""
""osoba2""		240.3	240300	276.6	276600	37.300003	37300	""osoba2""
""osoba2""		241.20001	241200	276.6	276600	36.399994	36399	""osoba2""
""osoba2""		242.70001	242700	276.6	276600	34.899994	34899	""osoba2""
""osoba1""		244.20001	244200	244.20001	244200	1.0	1000	""osoba1""
""osoba2""		245.1	245100	276.6	276600	32.5	32500	""osoba2""
""osoba1""		246.3	246300	246.6	246600	1.300003	1300	""osoba1""
""osoba2""		249.3	249300	276.6	276600	28.300003	28300	""osoba2""
""osoba2""		250.50002	250500	276.6	276600	27.09999	27099	""osoba2""
""osoba2""		251.40001	251400	276.6	276600	26.199997	26199	""osoba2""
""osoba1""		254.1	254100	254.40001	254400	1.300003	1300	""osoba1""
""osoba2""		255.00002	255000	276.6	276600	22.59999	22599	""osoba2""
""osoba2""		256.80002	256800	276.6	276600	20.799988	20799	""osoba2""
""osoba2""		258.30002	258300	276.6	276600	19.299988	19299	""osoba2""
""osoba1""		258.6	258600	260.40002	260400	2.8000183	2800	""osoba1""
""osoba2""		264.30002	264300	276.6	276600	13.299988	13299	""osoba2""
""osoba1""		265.5	265500	267.6	267600	3.100006	3100	""osoba1""
""osoba1""		267.6	267600	267.6	267600	1.0	1000	""osoba1""
""osoba2""		268.5	268500	276.6	276600	9.100006	9100	""osoba2""
""osoba2""		269.40002	269400	276.6	276600	8.199982	8199	""osoba2""
""osoba1""		269.7	269700	270.6	270600	1.8999939	1899	""osoba1""
""osoba2""		271.5	271500	276.6	276600	6.100006	6100	""osoba2""
""osoba2""		273.0	273000	276.6	276600	4.600006	4600	""osoba2""
""osoba2""		273.6	273600	276.6	276600	4.0	4000	""osoba2""
""osoba2""		275.7	275700	276.6	276600	1.8999939	1899	""osoba2""
""osoba3""		276.90002	276900	294.90002	294900	19.0	19000	""osoba3""
""osoba3""		278.40002	278400	294.90002	294900	17.5	17500	""osoba3""
""osoba3""		279.6	279600	294.90002	294900	16.300018	16300	""osoba3""
""osoba3""		280.80002	280800	294.90002	294900	15.100006	15100	""osoba3""
""osoba3""		282.30002	282300	294.90002	294900	13.600006	13600	""osoba3""
""osoba3""		284.7	284700	294.90002	294900	11.200012	11200	""osoba3""
""osoba3""		288.0	288000	294.90002	294900	7.9000244	7900	""osoba3""
""osoba3""		289.80002	289800	294.90002	294900	6.100006	6100	""osoba3""
""osoba3""		293.1	293100	294.90002	294900	2.8000183	2800	""osoba3""
""osoba1""		294.90002	294900	311.7	311700	17.799988	17799	""osoba1""
""osoba1""		298.2	298200	311.7	311700	14.5	14500	""osoba1""
""osoba1""		300.30002	300300	311.7	311700	12.399994	12399	""osoba1""
""osoba2""		306.30002	306300	308.7	308700	3.399994	3399	""osoba2""
""osoba2""		306.90002	306900	308.7	308700	2.7999878	2799	""osoba2""
""osoba1""		307.5	307500	311.7	311700	5.200012	5200	""osoba1""
""osoba1""		309.0	309000	311.7	311700	3.7000122	3700	""osoba1""
""osoba4""		311.1	311100	313.5	313500	3.399994	3399	""osoba4""
""osoba3""		312.90002	312900	321.6	321600	9.699982	9699	""osoba3""
""osoba1""		315.0	315000	326.1	326100	12.100006	12100	""osoba1""
""osoba1""		315.6	315600	326.1	326100	11.5	11500	""osoba1""
""osoba1""		316.2	316200	326.1	326100	10.899994	10899	""osoba1""
""osoba3""		316.5	316500	321.6	321600	6.100006	6100	""osoba3""
""osoba1""		317.1	317100	326.1	326100	10.0	10000	""osoba1""
""osoba3""		317.7	317700	321.6	321600	4.899994	4899	""osoba3""
""osoba1""		319.80002	319800	326.1	326100	7.299988	7299	""osoba1""
""osoba4""		320.7	320700	320.7	320700	1.0	1000	""osoba4""
""osoba1""		324.90002	324900	326.1	326100	2.1999817	2199	""osoba1""
""osoba1""		325.80002	325800	326.1	326100	1.2999878	1299	""osoba1""
""osoba4""		325.80002	325800	325.80002	325800	1.0	1000	""osoba4""
""osoba2""		326.1	326100	341.1	341100	16.0	16000	""osoba2""
""osoba3""		326.1	326100	326.7	326700	1.6000061	1600	""osoba3""
""osoba2""		329.1	329100	341.1	341100	13.0	13000	""osoba2""
""osoba2""		329.7	329700	341.1	341100	12.399994	12399	""osoba2""
""osoba2""		333.6	333600	341.1	341100	8.5	8500	""osoba2""
""osoba2""		336.0	336000	341.1	341100	6.100006	6100	""osoba2""
""osoba2""		336.6	336600	341.1	341100	5.5	5500	""osoba2""
""osoba2""		338.7	338700	341.1	341100	3.399994	3399	""osoba2""
""osoba2""		339.6	339600	341.1	341100	2.5	2500	""osoba2""
""osoba1""		341.40002	341400	356.40002	356400	16.0	16000	""osoba1""
""osoba2""		344.40002	344400	346.2	346200	2.7999878	2799	""osoba2""
""osoba1""		348.0	348000	356.40002	356400	9.400024	9400	""osoba1""
""osoba1""		350.1	350100	356.40002	356400	7.3000183	7300	""osoba1""
""osoba1""		351.6	351600	356.40002	356400	5.8000183	5800	""osoba1""
""osoba1""		353.1	353100	356.40002	356400	4.3000183	4300	""osoba1""
""osoba2""		354.6	354600	370.2	370200	16.600006	16600	""osoba2""
""osoba1""		356.40002	356400	356.40002	356400	1.0	1000	""osoba1""
""osoba2""		360.6	360600	370.2	370200	10.600006	10600	""osoba2""
""osoba2""		361.2	361200	370.2	370200	10.0	10000	""osoba2""
""osoba2""		362.7	362700	370.2	370200	8.5	8500	""osoba2""
""osoba2""		363.6	363600	370.2	370200	7.600006	7600	""osoba2""
""osoba2""		366.30002	366300	370.2	370200	4.899994	4899	""osoba2""
""osoba2""		366.90002	366900	370.2	370200	4.299988	4299	""osoba2""
""osoba2""		368.40002	368400	370.2	370200	2.7999878	2799	""osoba2""
""osoba1""		370.2	370200	405.00003	405000	35.80002	35800	""osoba1""
""osoba2""		370.2	370200	370.2	370200	1.0	1000	""osoba2""
""osoba4""		370.5	370500	371.7	371700	2.2000122	2200	""osoba4""
""osoba1""		374.1	374100	405.00003	405000	31.900024	31900	""osoba1""
""osoba1""		376.5	376500	405.00003	405000	29.50003	29500	""osoba1""
""osoba1""		378.30002	378300	405.00003	405000	27.700012	27700	""osoba1""
""osoba1""		380.1	380100	405.00003	405000	25.900024	25900	""osoba1""
""osoba1""		380.7	380700	405.00003	405000	25.300018	25300	""osoba1""
""osoba1""		384.6	384600	405.00003	405000	21.400024	21400	""osoba1""
""osoba2""		385.80002	385800	386.40002	386400	1.6000061	1600	""osoba2""
""osoba1""		386.40002	386400	405.00003	405000	19.600006	19600	""osoba1""
""osoba1""		387.00003	387000	405.00003	405000	19.0	19000	""osoba1""
""osoba1""		388.50003	388500	405.00003	405000	17.5	17500	""osoba1""
""osoba1""		389.40002	389400	405.00003	405000	16.600006	16600	""osoba1""
""osoba3""		391.50003	391500	391.50003	391500	1.0	1000	""osoba3""
""osoba1""		391.80002	391800	405.00003	405000	14.200012	14200	""osoba1""
""osoba1""		393.00003	393000	405.00003	405000	13.0	13000	""osoba1""
""osoba1""		394.2	394200	405.00003	405000	11.800018	11800	""osoba1""
""osoba1""		396.30002	396300	405.00003	405000	9.700012	9700	""osoba1""
""osoba1""		397.80002	397800	405.00003	405000	8.200012	8200	""osoba1""
""osoba3""		397.80002	397800	398.7	398700	1.8999939	1899	""osoba3""
""osoba1""		401.1	401100	405.00003	405000	4.9000244	4900	""osoba1""
""osoba1""		401.7	401700	405.00003	405000	4.3000183	4300	""osoba1""
""osoba1""		402.30002	402300	405.00003	405000	3.7000122	3700	""osoba1""
""osoba1""		404.1	404100	405.00003	405000	1.9000244	1900	""osoba1""
""osoba4""		404.40002	404400	415.2	415200	11.799988	11799	""osoba4""
""osoba4""		406.2	406200	415.2	415200	10.0	10000	""osoba4""
""osoba4""		409.80002	409800	415.2	415200	6.399994	6399	""osoba4""
""osoba4""		411.30002	411300	415.2	415200	4.899994	4899	""osoba4""
""osoba1""		414.90002	414900	429.00003	429000	15.100006	15100	""osoba1""
""osoba4""		414.90002	414900	415.2	415200	1.2999878	1299	""osoba4""
""osoba3""		419.1	419100	419.7	419700	1.6000061	1600	""osoba3""
""osoba1""		420.00003	420000	429.00003	429000	10.0	10000	""osoba1""
""osoba1""		421.80002	421800	429.00003	429000	8.200012	8200	""osoba1""
""osoba1""		423.00003	423000	429.00003	429000	7.0	7000	""osoba1""
""osoba2""		423.6	423600	425.40002	425400	2.8000183	2800	""osoba2""
""osoba1""		424.80002	424800	429.00003	429000	5.200012	5200	""osoba1""
""osoba3""		426.6	426600	428.1	428100	2.5	2500	""osoba3""
""osoba4""		427.80002	427800	438.90002	438900	12.100006	12100	""osoba4""
""osoba4""		430.2	430200	438.90002	438900	9.700012	9700	""osoba4""
""osoba4""		430.80002	430800	438.90002	438900	9.100006	9100	""osoba4""
""osoba4""		433.50003	433500	438.90002	438900	6.399994	6399	""osoba4""
""osoba4""		435.00003	435000	438.90002	438900	4.899994	4899	""osoba4""
""osoba2""		437.1	437100	445.80002	445800	9.700012	9700	""osoba2""
""osoba2""		438.90002	438900	445.80002	445800	7.899994	7899	""osoba2""
""osoba4""		438.90002	438900	438.90002	438900	1.0	1000	""osoba4""
""osoba2""		441.00003	441000	445.80002	445800	5.799988	5799	""osoba2""
""osoba2""		441.90002	441900	445.80002	445800	4.899994	4899	""osoba2""
""osoba1""		442.2	442200	442.50003	442500	1.3000183	1300	""osoba1""
""osoba2""		445.2	445200	445.80002	445800	1.6000061	1600	""osoba2""
""osoba3""		445.80002	445800	463.50003	463500	18.700012	18700	""osoba3""
""osoba3""		447.6	447600	463.50003	463500	16.900024	16900	""osoba3""
""osoba4""		450.00003	450000	450.6	450600	1.5999756	1599	""osoba4""
""osoba3""		451.50003	451500	463.50003	463500	13.0	13000	""osoba3""
""osoba3""		454.50003	454500	463.50003	463500	10.0	10000	""osoba3""
""osoba2""		455.40002	455400	456.30002	456300	1.8999939	1899	""osoba2""
""osoba3""		457.50003	457500	463.50003	463500	7.0	7000	""osoba3""
""osoba3""		460.2	460200	463.50003	463500	4.3000183	4300	""osoba3""
""osoba3""		460.80002	460800	463.50003	463500	3.7000122	3700	""osoba3""
""osoba1""		461.40002	461400	506.7	506700	46.299988	46299	""osoba1""
""osoba3""		461.7	461700	463.50003	463500	2.8000183	2800	""osoba3""
""osoba1""		465.00003	465000	506.7	506700	42.69998	42699	""osoba1""
""osoba1""		468.30002	468300	506.7	506700	39.399994	39399	""osoba1""
""osoba1""		469.50003	469500	506.7	506700	38.19998	38199	""osoba1""
""osoba1""		470.7	470700	506.7	506700	37.0	37000	""osoba1""
""osoba1""		473.1	473100	506.7	506700	34.600006	34600	""osoba1""
""osoba2""		474.30002	474300	476.7	476700	3.399994	3399	""osoba2""
""osoba1""		478.2	478200	506.7	506700	29.5	29500	""osoba1""
""osoba1""		482.7	482700	506.7	506700	25.0	25000	""osoba1""
""osoba1""		487.2	487200	506.7	506700	20.5	20500	""osoba1""
""osoba1""		489.90002	489900	506.7	506700	17.799988	17799	""osoba1""
""osoba1""		490.80002	490800	506.7	506700	16.899994	16899	""osoba1""
""osoba1""		492.6	492600	506.7	506700	15.100006	15100	""osoba1""
""osoba1""		494.40002	494400	506.7	506700	13.299988	13299	""osoba1""
""osoba1""		497.7	497700	506.7	506700	10.0	10000	""osoba1""
""osoba1""		498.90002	498900	506.7	506700	8.799988	8799	""osoba1""
""osoba1""		499.50003	499500	506.7	506700	8.199982	8199	""osoba1""
""osoba1""		500.40002	500400	506.7	506700	7.299988	7299	""osoba1""
""osoba1""		503.7	503700	506.7	506700	4.0	4000	""osoba1""
""osoba1""		504.30002	504300	506.7	506700	3.399994	3399	""osoba1""
""osoba1""		505.2	505200	506.7	506700	2.5	2500	""osoba1""
""osoba1""		506.40002	506400	506.7	506700	1.2999878	1299	""osoba1""
""osoba4""		506.40002	506400	512.4	512400	7.0	7000	""osoba4""
""osoba2""		508.50003	508500	508.50003	508500	1.0	1000	""osoba2""
""osoba4""		508.50003	508500	512.4	512400	4.899994	4899	""osoba4""
""osoba3""		509.40002	509400	510.30002	510300	1.8999939	1899	""osoba3""
""osoba4""		509.7	509700	512.4	512400	3.7000122	3700	""osoba4""
""osoba4""		511.80002	511800	512.4	512400	1.6000061	1600	""osoba4""
""osoba1""		512.4	512400	516.60004	516600	5.200012	5200	""osoba1""
""osoba1""		513.60004	513600	516.60004	516600	4.0	4000	""osoba1""
""osoba1""		515.10004	515100	516.60004	516600	2.5	2500	""osoba1""
""osoba4""		516.30005	516300	531.9	531900	16.599976	16599	""osoba4""
""osoba4""		517.5	517500	531.9	531900	15.400024	15400	""osoba4""
""osoba4""		519.60004	519600	531.9	531900	13.299988	13299	""osoba4""
""osoba4""		522.0	522000	531.9	531900	10.900024	10900	""osoba4""
""osoba4""		523.80005	523800	531.9	531900	9.099976	9099	""osoba4""
""osoba4""		525.0	525000	531.9	531900	7.9000244	7900	""osoba4""
""osoba4""		525.60004	525600	531.9	531900	7.299988	7299	""osoba4""
""osoba2""		525.9	525900	527.10004	527100	2.2000122	2200	""osoba2""
""osoba4""		528.30005	528300	531.9	531900	4.5999756	4599	""osoba4""
""osoba4""		529.2	529200	531.9	531900	3.7000122	3700	""osoba4""
""osoba2""		530.7	530700	541.5	541500	11.799988	11799	""osoba2""
""osoba4""		531.9	531900	531.9	531900	1.0	1000	""osoba4""
""osoba1""		533.4	533400	534.0	534000	1.5999756	1599	""osoba1""
""osoba2""		534.9	534900	541.5	541500	7.5999756	7599	""osoba2""
""osoba1""		536.10004	536100	537.60004	537600	2.5	2500	""osoba1""
""osoba4""		536.7	536700	536.7	536700	1.0	1000	""osoba4""
""osoba2""		537.0	537000	541.5	541500	5.5	5500	""osoba2""
""osoba1""		537.60004	537600	537.60004	537600	1.0	1000	""osoba1""
""osoba2""		538.5	538500	541.5	541500	4.0	4000	""osoba2""
""osoba2""		539.10004	539100	541.5	541500	3.3999634	3399	""osoba2""
""osoba2""		540.0	540000	541.5	541500	2.5	2500	""osoba2""
""osoba1""		540.60004	540600	551.10004	551100	11.5	11500	""osoba1""
""osoba3""		542.10004	542100	542.10004	542100	1.0	1000	""osoba3""
""osoba4""		542.10004	542100	544.2	544200	3.0999756	3099	""osoba4""
""osoba4""		543.9	543900	544.2	544200	1.2999878	1299	""osoba4""
""osoba1""		544.5	544500	551.10004	551100	7.6000366	7600	""osoba1""
""osoba1""		545.7	545700	551.10004	551100	6.4000244	6400	""osoba1""
""osoba4""		547.2	547200	547.2	547200	1.0	1000	""osoba4""
""osoba1""		549.9	549900	551.10004	551100	2.2000122	2200	""osoba1""
""osoba3""		549.9	549900	561.60004	561600	12.700012	12700	""osoba3""
""osoba3""		552.30005	552300	561.60004	561600	10.299988	10299	""osoba3""
""osoba3""		554.4	554400	561.60004	561600	8.200012	8200	""osoba3""
""osoba3""		555.30005	555300	561.60004	561600	7.299988	7299	""osoba3""
""osoba3""		555.9	555900	561.60004	561600	6.700012	6700	""osoba3""
""osoba3""		556.80005	556800	561.60004	561600	5.799988	5799	""osoba3""
""osoba3""		557.7	557700	561.60004	561600	4.9000244	4900	""osoba3""
""osoba3""		558.9	558900	561.60004	561600	3.7000122	3700	""osoba3""
""osoba3""		559.80005	559800	561.60004	561600	2.7999878	2799	""osoba3""
""osoba2""		560.4	560400	561.60004	561600	2.2000122	2200	""osoba2""
""osoba1""		562.2	562200	573.60004	573600	12.400024	12400	""osoba1""
""osoba1""		564.30005	564300	573.60004	573600	10.299988	10299	""osoba1""
""osoba1""		564.9	564900	573.60004	573600	9.700012	9700	""osoba1""
""osoba3""		565.5	565500	566.10004	566100	1.6000366	1600	""osoba3""
""osoba1""		567.30005	567300	573.60004	573600	7.299988	7299	""osoba1""
""osoba1""		570.60004	570600	573.60004	573600	4.0	4000	""osoba1""
""osoba1""		571.80005	571800	573.60004	573600	2.7999878	2799	""osoba1""
""osoba3""		572.4	572400	587.4	587400	16.0	16000	""osoba3""
""osoba3""		575.7	575700	587.4	587400	12.700012	12700	""osoba3""
""osoba3""		577.2	577200	587.4	587400	11.200012	11200	""osoba3""
""osoba3""		579.0	579000	587.4	587400	9.400024	9400	""osoba3""
""osoba3""		579.60004	579600	587.4	587400	8.799988	8799	""osoba3""
""osoba3""		581.7	581700	587.4	587400	6.700012	6700	""osoba3""
""osoba4""		582.9	582900	583.5	583500	1.5999756	1599	""osoba4""
""osoba3""		584.4	584400	587.4	587400	4.0	4000	""osoba3""
""osoba1""		587.10004	587100	594.0	594000	7.8999634	7899	""osoba1""
""osoba1""		588.9	588900	594.0	594000	6.0999756	6099	""osoba1""
""osoba4""		588.9	588900	607.80005	607800	19.900024	19900	""osoba4""
""osoba4""		590.10004	590100	607.80005	607800	18.700012	18700	""osoba4""
""osoba1""		590.7	590700	594.0	594000	4.299988	4299	""osoba1""
""osoba1""		592.2	592200	594.0	594000	2.7999878	2799	""osoba1""
""osoba4""		592.2	592200	607.80005	607800	16.600037	16600	""osoba4""
""osoba4""		596.10004	596100	607.80005	607800	12.700012	12700	""osoba4""
""osoba1""		597.9	597900	599.4	599400	2.5	2500	""osoba1""
""osoba4""		602.7	602700	607.80005	607800	6.1000366	6100	""osoba4""
""osoba1""		603.30005	603300	604.2	604200	1.8999634	1899	""osoba1""
""osoba4""		606.9	606900	607.80005	607800	1.9000244	1900	""osoba4""
""osoba2""		607.2	607200	620.7	620700	14.5	14500	""osoba2""
""osoba3""		608.10004	608100	609.0	609000	1.8999634	1899	""osoba3""
""osoba2""		610.80005	610800	620.7	620700	10.899963	10899	""osoba2""
""osoba2""		612.0	612000	620.7	620700	9.700012	9700	""osoba2""
""osoba4""		612.60004	612600	613.80005	613800	2.2000122	2200	""osoba4""
""osoba2""		615.0	615000	620.7	620700	6.700012	6700	""osoba2""
""osoba2""		615.9	615900	620.7	620700	5.799988	5799	""osoba2""
""osoba2""		616.80005	616800	620.7	620700	4.8999634	4899	""osoba2""
""osoba2""		617.4	617400	620.7	620700	4.299988	4299	""osoba2""
""osoba2""		618.30005	618300	620.7	620700	3.3999634	3399	""osoba2""
""osoba1""		621.0	621000	646.2	646200	26.200012	26200	""osoba1""
""osoba1""		623.4	623400	646.2	646200	23.799988	23799	""osoba1""
""osoba1""		625.5	625500	646.2	646200	21.700012	21700	""osoba1""
""osoba1""		627.30005	627300	646.2	646200	19.899963	19899	""osoba1""
""osoba1""		629.10004	629100	646.2	646200	18.099976	18099	""osoba1""
""osoba1""		630.9	630900	646.2	646200	16.299988	16299	""osoba1""
""osoba1""		631.5	631500	646.2	646200	15.700012	15700	""osoba1""
""osoba1""		633.30005	633300	646.2	646200	13.899963	13899	""osoba1""
""osoba1""		635.7	635700	646.2	646200	11.5	11500	""osoba1""
""osoba1""		636.9	636900	646.2	646200	10.299988	10299	""osoba1""
""osoba1""		638.4	638400	646.2	646200	8.799988	8799	""osoba1""
""osoba1""		640.2	640200	646.2	646200	7.0	7000	""osoba1""
""osoba1""		644.10004	644100	646.2	646200	3.0999756	3099	""osoba1""
""osoba3""		645.9	645900	661.2	661200	16.299988	16299	""osoba3""
""osoba3""		646.80005	646800	661.2	661200	15.399963	15399	""osoba3""
""osoba3""		647.7	647700	661.2	661200	14.5	14500	""osoba3""
""osoba3""		655.80005	655800	661.2	661200	6.3999634	6399	""osoba3""
""osoba1""		657.60004	657600	658.2	658200	1.5999756	1599	""osoba1""
""osoba3""		658.80005	658800	661.2	661200	3.3999634	3399	""osoba3""
""osoba3""		660.60004	660600	661.2	661200	1.5999756	1599	""osoba3""
""osoba1""		660.9	660900	692.4	692400	32.5	32500	""osoba1""
""osoba1""		662.4	662400	692.4	692400	31.0	31000	""osoba1""
""osoba1""		664.5	664500	692.4	692400	28.900024	28900	""osoba1""
""osoba4""		665.4	665400	671.4	671400	7.0	7000	""osoba4""
""osoba1""		666.60004	666600	692.4	692400	26.799988	26799	""osoba1""
""osoba4""		666.60004	666600	671.4	671400	5.799988	5799	""osoba4""
""osoba1""		675.9	675900	692.4	692400	17.5	17500	""osoba1""
""osoba1""		677.7	677700	692.4	692400	15.700012	15700	""osoba1""
""osoba3""		678.9	678900	679.80005	679800	1.9000244	1900	""osoba3""
""osoba1""		683.4	683400	692.4	692400	10.0	10000	""osoba1""
""osoba1""		685.2	685200	692.4	692400	8.200012	8200	""osoba1""
""osoba1""		686.7	686700	692.4	692400	6.700012	6700	""osoba1""
""osoba2""		687.0	687000	687.30005	687300	1.3000488	1300	""osoba2""
""osoba1""		690.60004	690600	692.4	692400	2.7999878	2799	""osoba1""
""osoba4""		691.5	691500	695.4	695400	4.9000244	4900	""osoba4""
""osoba1""		694.80005	694800	715.5	715500	21.699951	21699	""osoba1""
""osoba4""		694.80005	694800	695.4	695400	1.5999756	1599	""osoba4""
""osoba1""		697.2	697200	715.5	715500	19.299988	19299	""osoba1""
""osoba1""		698.10004	698100	715.5	715500	18.399963	18399	""osoba1""
""osoba1""		699.60004	699600	715.5	715500	16.899963	16899	""osoba1""
""osoba1""		700.2	700200	715.5	715500	16.299988	16299	""osoba1""
""osoba1""		702.30005	702300	715.5	715500	14.199951	14199	""osoba1""
""osoba1""		703.2	703200	715.5	715500	13.299988	13299	""osoba1""
""osoba1""		704.7	704700	715.5	715500	11.799988	11799	""osoba1""
""osoba1""		706.80005	706800	715.5	715500	9.699951	9699	""osoba1""
""osoba1""		708.0	708000	715.5	715500	8.5	8500	""osoba1""
""osoba1""		710.7	710700	715.5	715500	5.799988	5799	""osoba1""
""osoba2""		711.60004	711600	718.5	718500	7.8999634	7899	""osoba2""
""osoba1""		712.80005	712800	715.5	715500	3.6999512	3699	""osoba1""
""osoba1""		714.60004	714600	715.5	715500	1.8999634	1899	""osoba1""
""osoba4""		714.9	714900	714.9	714900	1.0	1000	""osoba4""
""osoba2""		716.7	716700	718.5	718500	2.7999878	2799	""osoba2""
""osoba4""		717.9	717900	732.9	732900	16.0	16000	""osoba4""
""osoba4""		720.0	720000	732.9	732900	13.900024	13900	""osoba4""
""osoba4""		721.2	721200	732.9	732900	12.700012	12700	""osoba4""
""osoba4""		725.7	725700	732.9	732900	8.200012	8200	""osoba4""
""osoba4""		726.30005	726300	732.9	732900	7.5999756	7599	""osoba4""
""osoba4""		727.5	727500	732.9	732900	6.4000244	6400	""osoba4""
""osoba4""		730.5	730500	732.9	732900	3.4000244	3400	""osoba4""
""osoba1""		732.30005	732300	745.80005	745800	14.5	14500	""osoba1""
""osoba1""		734.10004	734100	745.80005	745800	12.700012	12700	""osoba1""
""osoba1""		736.2	736200	745.80005	745800	10.600037	10600	""osoba1""
""osoba1""		740.10004	740100	745.80005	745800	6.700012	6700	""osoba1""
""osoba1""		741.30005	741300	745.80005	745800	5.5	5500	""osoba1""
""osoba3""		745.80005	745800	751.5	751500	6.699951	6699	""osoba3""
""osoba3""		748.80005	748800	751.5	751500	3.6999512	3699	""osoba3""
""osoba3""		749.7	749700	751.5	751500	2.7999878	2799	""osoba3""
""osoba1""		750.60004	750600	754.2	754200	4.5999756	4599	""osoba1""
""osoba1""		752.7	752700	754.2	754200	2.5	2500	""osoba1""
""osoba1""		753.9	753900	754.2	754200	1.2999878	1299	""osoba1""
""osoba3""		754.5	754500	765.9	765900	12.400024	12400	""osoba3""
""osoba3""		756.0	756000	765.9	765900	10.900024	10900	""osoba3""
""osoba3""		758.7	758700	765.9	765900	8.200012	8200	""osoba3""
""osoba1""		760.80005	760800	761.7	761700	1.8999634	1899	""osoba1""
""osoba4""		762.9	762900	784.50006	784500	22.600037	22600	""osoba4""
""osoba1""		766.5	766500	767.7	767700	2.2000122	2200	""osoba1""
""osoba4""		770.10004	770100	784.50006	784500	15.400024	15400	""osoba4""
""osoba4""		771.00006	771000	784.50006	784500	14.5	14500	""osoba4""
""osoba4""		772.2	772200	784.50006	784500	13.300049	13300	""osoba4""
""osoba1""		773.7	773700	774.30005	774300	1.6000366	1600	""osoba1""
""osoba4""		776.10004	776100	784.50006	784500	9.400024	9400	""osoba4""
""osoba4""		777.9	777900	784.50006	784500	7.6000366	7600	""osoba4""
""osoba2""		778.2	778200	787.80005	787800	10.600037	10600	""osoba2""
""osoba4""		779.4	779400	784.50006	784500	6.1000366	6100	""osoba4""
""osoba2""		780.60004	780600	787.80005	787800	8.200012	8200	""osoba2""
""osoba2""		782.10004	782100	787.80005	787800	6.700012	6700	""osoba2""
""osoba2""		785.4	785400	787.80005	787800	3.4000244	3400	""osoba2""
""osoba2""		786.60004	786600	787.80005	787800	2.2000122	2200	""osoba2""
""osoba3""		787.2	787200	798.60004	798600	12.400024	12400	""osoba3""
""osoba3""		789.60004	789600	798.60004	798600	10.0	10000	""osoba3""
""osoba3""		790.2	790200	798.60004	798600	9.400024	9400	""osoba3""
""osoba3""		790.80005	790800	798.60004	798600	8.799988	8799	""osoba3""
""osoba3""		791.4	791400	798.60004	798600	8.200012	8200	""osoba3""
""osoba3""		792.9	792900	798.60004	798600	6.700012	6700	""osoba3""
""osoba4""		796.50006	796500	803.4	803400	7.8999634	7899	""osoba4""
""osoba1""		797.7	797700	798.30005	798300	1.6000366	1600	""osoba1""
""osoba4""		801.00006	801000	803.4	803400	3.3999634	3399	""osoba4""
""osoba1""		802.50006	802500	847.80005	847800	46.299988	46299	""osoba1""
""osoba1""		805.80005	805800	847.80005	847800	43.0	43000	""osoba1""
""osoba1""		807.00006	807000	847.80005	847800	41.799988	41799	""osoba1""
""osoba1""		810.30005	810300	847.80005	847800	38.5	38500	""osoba1""
""osoba1""		811.2	811200	847.80005	847800	37.600037	37600	""osoba1""
""osoba1""		812.10004	812100	847.80005	847800	36.700012	36700	""osoba1""
""osoba1""		812.7	812700	847.80005	847800	36.100037	36100	""osoba1""
""osoba1""		813.60004	813600	847.80005	847800	35.200012	35200	""osoba1""
""osoba2""		814.80005	814800	814.80005	814800	1.0	1000	""osoba2""
""osoba1""		815.10004	815100	847.80005	847800	33.700012	33700	""osoba1""
""osoba1""		817.50006	817500	847.80005	847800	31.299988	31299	""osoba1""
""osoba1""		821.10004	821100	847.80005	847800	27.700012	27700	""osoba1""
""osoba1""		821.7	821700	847.80005	847800	27.100037	27100	""osoba1""
""osoba3""		830.7	830700	834.9	834900	5.200012	5200	""osoba3""
""osoba1""		831.9	831900	847.80005	847800	16.900024	16900	""osoba1""
""osoba3""		833.7	833700	834.9	834900	2.2000122	2200	""osoba3""
""osoba1""		834.00006	834000	847.80005	847800	14.799988	14799	""osoba1""
""osoba2""		834.30005	834300	835.2	835200	1.8999634	1899	""osoba2""
""osoba1""		838.2	838200	847.80005	847800	10.600037	10600	""osoba1""
""osoba1""		838.80005	838800	847.80005	847800	10.0	10000	""osoba1""
""osoba1""		839.4	839400	847.80005	847800	9.400024	9400	""osoba1""
""osoba2""		839.4	839400	840.30005	840300	1.9000244	1900	""osoba2""
""osoba1""		841.80005	841800	847.80005	847800	7.0	7000	""osoba1""
""osoba1""		844.2	844200	847.80005	847800	4.6000366	4600	""osoba1""
""osoba3""		845.4	845400	847.2	847200	2.7999878	2799	""osoba3""
""osoba2""		847.2	847200	865.80005	865800	19.600037	19600	""osoba2""
""osoba2""		850.50006	850500	865.80005	865800	16.299988	16299	""osoba2""
""osoba2""		851.7	851700	865.80005	865800	15.100037	15100	""osoba2""
""osoba4""		852.60004	852600	853.50006	853500	1.9000244	1900	""osoba4""
""osoba1""		854.10004	854100	854.10004	854100	1.0	1000	""osoba1""
""osoba2""		855.30005	855300	865.80005	865800	11.5	11500	""osoba2""
""osoba2""		856.2	856200	865.80005	865800	10.600037	10600	""osoba2""
""osoba2""		860.4	860400	865.80005	865800	6.4000244	6400	""osoba2""
""osoba2""		861.60004	861600	865.80005	865800	5.200012	5200	""osoba2""
""osoba2""		863.10004	863100	865.80005	865800	3.7000122	3700	""osoba2""
""osoba4""		863.7	863700	872.4	872400	9.700012	9700	""osoba4""
""osoba2""		864.60004	864600	865.80005	865800	2.2000122	2200	""osoba2""
""osoba3""		864.9	864900	865.2	865200	1.2999878	1299	""osoba3""
""osoba4""		865.50006	865500	872.4	872400	7.8999634	7899	""osoba4""
""osoba4""		867.00006	867000	872.4	872400	6.3999634	6399	""osoba4""
""osoba4""		868.80005	868800	872.4	872400	4.5999756	4599	""osoba4""
""osoba4""		869.7	869700	872.4	872400	3.7000122	3700	""osoba4""
""osoba1""		871.50006	871500	892.80005	892800	22.299988	22299	""osoba1""
""osoba4""		871.50006	871500	872.4	872400	1.8999634	1899	""osoba4""
""osoba1""		873.9	873900	892.80005	892800	19.900024	19900	""osoba1""
""osoba1""		876.9	876900	892.80005	892800	16.900024	16900	""osoba1""
""osoba1""		878.7	878700	892.80005	892800	15.100037	15100	""osoba1""
""osoba1""		882.00006	882000	892.80005	892800	11.799988	11799	""osoba1""
""osoba1""		885.60004	885600	892.80005	892800	8.200012	8200	""osoba1""
""osoba4""		885.9	885900	887.4	887400	2.5	2500	""osoba4""
""osoba1""		886.2	886200	892.80005	892800	7.6000366	7600	""osoba1""
""osoba3""		888.9	888900	889.2	889200	1.2999878	1299	""osoba3""
""osoba1""		890.7	890700	892.80005	892800	3.1000366	3100	""osoba1""
""osoba1""		891.60004	891600	892.80005	892800	2.2000122	2200	""osoba1""
""osoba2""		891.9	891900	900.00006	900000	9.100037	9100	""osoba2""
""osoba3""		891.9	891900	892.50006	892500	1.6000366	1600	""osoba3""
""osoba2""		893.7	893700	900.00006	900000	7.300049	7300	""osoba2""
""osoba2""		894.60004	894600	900.00006	900000	6.4000244	6400	""osoba2""
""osoba2""		895.2	895200	900.00006	900000	5.800049	5800	""osoba2""
""osoba1""		896.10004	896100	896.10004	896100	1.0	1000	""osoba1""
""osoba1""		899.4	899400	907.2	907200	8.799988	8799	""osoba1""
""osoba1""		901.2	901200	907.2	907200	7.0	7000	""osoba1""
""osoba1""		903.00006	903000	907.2	907200	5.199951	5199	""osoba1""
""osoba1""		903.60004	903600	907.2	907200	4.5999756	4599	""osoba1""
""osoba1""		904.80005	904800	907.2	907200	3.3999634	3399	""osoba1""
""osoba3""		906.60004	906600	908.4	908400	2.7999878	2799	""osoba3""
""osoba1""		906.9	906900	907.2	907200	1.2999878	1299	""osoba1""
""osoba2""		906.9	906900	912.30005	912300	6.4000244	6400	""osoba2""
""osoba2""		910.2	910200	912.30005	912300	3.1000366	3100	""osoba2""
""osoba2""		912.30005	912300	912.30005	912300	1.0	1000	""osoba2""
""osoba1""		912.9	912900	939.30005	939300	27.400024	27400	""osoba1""
""osoba1""		918.00006	918000	939.30005	939300	22.299988	22299	""osoba1""
""osoba1""		921.00006	921000	939.30005	939300	19.299988	19299	""osoba1""
""osoba1""		922.2	922200	939.30005	939300	18.100037	18100	""osoba1""
""osoba1""		925.50006	925500	939.30005	939300	14.799988	14799	""osoba1""
""osoba1""		926.7	926700	939.30005	939300	13.600037	13600	""osoba1""
""osoba3""		926.7	926700	933.00006	933000	7.300049	7300	""osoba3""
""osoba3""		928.80005	928800	933.00006	933000	5.200012	5200	""osoba3""
""osoba1""		933.9	933900	939.30005	939300	6.4000244	6400	""osoba1""
""osoba4""		937.2	937200	945.60004	945600	9.400024	9400	""osoba4""
""osoba1""		937.80005	937800	939.30005	939300	2.5	2500	""osoba1""
""osoba4""		940.2	940200	945.60004	945600	6.4000244	6400	""osoba4""
""osoba4""		942.30005	942300	945.60004	945600	4.299988	4299	""osoba4""
""osoba4""		942.9	942900	945.60004	945600	3.7000122	3700	""osoba4""
""osoba4""		945.00006	945000	945.60004	945600	1.5999756	1599	""osoba4""
""osoba4""		945.60004	945600	945.60004	945600	1.0	1000	""osoba4""
""osoba2""		945.9	945900	956.10004	956100	11.200012	11200	""osoba2""
""osoba2""		947.10004	947100	956.10004	956100	10.0	10000	""osoba2""
""osoba1""		948.00006	948000	948.30005	948300	1.2999878	1299	""osoba1""
""osoba3""		948.30005	948300	950.10004	950100	2.7999878	2799	""osoba3""
""osoba2""		951.30005	951300	956.10004	956100	5.799988	5799	""osoba2""
""osoba4""		953.10004	953100	982.50006	982500	30.400024	30400	""osoba4""
""osoba4""		954.30005	954300	982.50006	982500	29.200012	29200	""osoba4""
""osoba2""		954.9	954900	956.10004	956100	2.2000122	2200	""osoba2""
""osoba1""		957.60004	957600	957.60004	957600	1.0	1000	""osoba1""
""osoba3""		957.60004	957600	957.60004	957600	1.0	1000	""osoba3""
""osoba4""		959.4	959400	982.50006	982500	24.100037	24100	""osoba4""
""osoba4""		964.50006	964500	982.50006	982500	19.0	19000	""osoba4""
""osoba4""		965.7	965700	982.50006	982500	17.800049	17800	""osoba4""
""osoba1""		966.60004	966600	966.9	966900	1.2999878	1299	""osoba1""
""osoba4""		966.60004	966600	982.50006	982500	16.900024	16900	""osoba4""
""osoba4""		968.10004	968100	982.50006	982500	15.400024	15400	""osoba4""
""osoba4""		970.2	970200	982.50006	982500	13.300049	13300	""osoba4""
""osoba4""		972.30005	972300	982.50006	982500	11.200012	11200	""osoba4""
""osoba4""		973.80005	973800	982.50006	982500	9.700012	9700	""osoba4""
""osoba4""		975.00006	975000	982.50006	982500	8.5	8500	""osoba4""
""osoba4""		976.80005	976800	982.50006	982500	6.700012	6700	""osoba4""
""osoba1""		978.30005	978300	980.10004	980100	2.7999878	2799	""osoba1""
""osoba1""		978.9	978900	980.10004	980100	2.2000122	2200	""osoba1""
""osoba4""		979.80005	979800	982.50006	982500	3.7000122	3700	""osoba4""
""osoba3""		980.10004	980100	987.9	987900	8.799988	8799	""osoba3""
""osoba2""		986.4	986400	989.7	989700	4.299988	4299	""osoba2""
""osoba1""		988.2	988200	993.30005	993300	6.1000366	6100	""osoba1""
""osoba1""		990.30005	990300	993.30005	993300	4.0	4000	""osoba1""
""osoba1""		991.50006	991500	993.30005	993300	2.7999878	2799	""osoba1""
""osoba2""		991.80005	991800	997.80005	997800	7.0	7000	""osoba2""
""osoba1""		992.10004	992100	993.30005	993300	2.2000122	2200	""osoba1""
""osoba4""		996.9	996900	1004.4	1004400	8.5	8500	""osoba4""
""osoba4""		1000.2	1000200	1004.4	1004400	5.200012	5200	""osoba4""
""osoba4""		1002.30005	1002300	1004.4	1004400	3.0999756	3099	""osoba4""
""osoba4""		1004.4	1004400	1004.4	1004400	1.0	1000	""osoba4""
""osoba1""		1004.7	1004700	1024.2001	1024200	20.500061	20500	""osoba1""
""osoba1""		1006.50006	1006500	1024.2001	1024200	18.700012	18700	""osoba1""
""osoba4""		1006.80005	1006800	1009.80005	1009800	4.0	4000	""osoba4""
""osoba3""		1008.60004	1008600	1008.9	1008900	1.2999878	1299	""osoba3""
""osoba4""		1009.2	1009200	1009.80005	1009800	1.6000366	1600	""osoba4""
""osoba4""		1014.00006	1014000	1014.60004	1014600	1.5999756	1599	""osoba4""
""osoba2""		1014.60004	1014600	1014.60004	1014600	1.0	1000	""osoba2""
""osoba1""		1017.30005	1017300	1024.2001	1024200	7.9000244	7900	""osoba1""
""osoba1""		1018.80005	1018800	1024.2001	1024200	6.4000244	6400	""osoba1""
""osoba1""		1020.60004	1020600	1024.2001	1024200	4.6000366	4600	""osoba1""
""osoba1""		1022.10004	1022100	1024.2001	1024200	3.1000366	3100	""osoba1""
""osoba3""		1023.30005	1023300	1025.1001	1025100	2.8000488	2800	""osoba3""
""osoba4""		1024.5	1024500	1033.2001	1033200	9.700073	9700	""osoba4""
""osoba4""		1032.0	1032000	1033.2001	1033200	2.2000732	2200	""osoba4""
""osoba1""		1033.2001	1033200	1053.0	1053000	20.799927	20799	""osoba1""
""osoba4""		1033.2001	1033200	1033.2001	1033200	1.0	1000	""osoba4""
""osoba1""		1035.6001	1035600	1053.0	1053000	18.399902	18399	""osoba1""
""osoba3""		1038.6001	1038600	1044.6001	1044600	7.0	7000	""osoba3""
""osoba1""		1045.5	1045500	1053.0	1053000	8.5	8500	""osoba1""
""osoba1""		1047.6001	1047600	1053.0	1053000	6.3999023	6399	""osoba1""
""osoba1""		1051.2001	1051200	1053.0	1053000	2.7999268	2799	""osoba1""
""osoba4""		1052.4	1052400	1059.0	1059000	7.5999756	7599	""osoba4""
""osoba4""		1054.5	1054500	1059.0	1059000	5.5	5500	""osoba4""
""osoba4""		1058.1001	1058100	1059.0	1059000	1.8999023	1899	""osoba4""
""osoba2""		1058.4	1058400	1084.2001	1084200	26.800049	26800	""osoba2""
""osoba2""		1061.1001	1061100	1084.2001	1084200	24.099976	24099	""osoba2""
""osoba1""		1061.4	1061400	1061.4	1061400	1.0	1000	""osoba1""
""osoba2""		1064.7001	1064700	1084.2001	1084200	20.5	20500	""osoba2""
""osoba3""		1065.6001	1065600	1065.6001	1065600	1.0	1000	""osoba3""
""osoba2""		1065.9	1065900	1084.2001	1084200	19.300049	19300	""osoba2""
""osoba2""		1066.8	1066800	1084.2001	1084200	18.400024	18400	""osoba2""
""osoba2""		1068.3	1068300	1084.2001	1084200	16.900024	16900	""osoba2""
""osoba2""		1069.8	1069800	1084.2001	1084200	15.400024	15400	""osoba2""
""osoba2""		1071.3	1071300	1084.2001	1084200	13.900024	13900	""osoba2""
""osoba4""		1074.6001	1074600	1074.6001	1074600	1.0	1000	""osoba4""
""osoba3""		1075.5	1075500	1080.9	1080900	6.4000244	6400	""osoba3""
""osoba2""		1078.8	1078800	1084.2001	1084200	6.4000244	6400	""osoba2""
""osoba3""		1078.8	1078800	1080.9	1080900	3.0999756	3099	""osoba3""
""osoba2""		1079.7001	1079700	1084.2001	1084200	5.5	5500	""osoba2""
""osoba3""		1080.0	1080000	1080.9	1080900	1.9000244	1900	""osoba3""
""osoba4""		1081.2001	1081200	1081.2001	1081200	1.0	1000	""osoba4""
""osoba2""		1083.6001	1083600	1084.2001	1084200	1.5999756	1599	""osoba2""
""osoba4""		1083.9	1083900	1118.4	1118400	35.5	35500	""osoba4""
""osoba2""		1084.2001	1084200	1084.2001	1084200	1.0	1000	""osoba2""
""osoba4""		1085.7001	1085700	1118.4	1118400	33.69995	33699	""osoba4""
""osoba4""		1086.3	1086300	1118.4	1118400	33.099976	33099	""osoba4""
""osoba4""		1089.0	1089000	1118.4	1118400	30.400024	30400	""osoba4""
""osoba4""		1090.2001	1090200	1118.4	1118400	29.199951	29199	""osoba4""
""osoba4""		1092.3	1092300	1118.4	1118400	27.099976	27099	""osoba4""
""osoba3""		1094.1001	1094100	1094.1001	1094100	1.0	1000	""osoba3""
""osoba4""		1096.2001	1096200	1118.4	1118400	23.199951	23199	""osoba4""
""osoba1""		1096.5	1096500	1096.8	1096800	1.3000488	1300	""osoba1""
""osoba4""		1098.9	1098900	1118.4	1118400	20.5	20500	""osoba4""
""osoba4""		1100.7001	1100700	1118.4	1118400	18.699951	18699	""osoba4""
""osoba4""		1102.5	1102500	1118.4	1118400	16.900024	16900	""osoba4""
""osoba1""		1102.8	1102800	1102.8	1102800	1.0	1000	""osoba1""
""osoba4""		1103.4	1103400	1118.4	1118400	16.0	16000	""osoba4""
""osoba4""		1104.0	1104000	1118.4	1118400	15.400024	15400	""osoba4""
""osoba4""		1105.5	1105500	1118.4	1118400	13.900024	13900	""osoba4""
""osoba1""		1107.0	1107000	1107.0	1107000	1.0	1000	""osoba1""
""osoba4""		1107.9	1107900	1118.4	1118400	11.5	11500	""osoba4""
""osoba2""		1110.9	1110900	1111.8	1111800	1.9000244	1900	""osoba2""
""osoba4""		1111.5	1111500	1118.4	1118400	7.9000244	7900	""osoba4""
""osoba4""		1114.8	1114800	1118.4	1118400	4.5999756	4599	""osoba4""
""osoba2""		1115.4	1115400	1115.7001	1115700	1.3000488	1300	""osoba2""
""osoba4""		1117.2001	1117200	1118.4	1118400	2.1999512	2199	""osoba4""
""osoba4""		1117.8	1117800	1118.4	1118400	1.5999756	1599	""osoba4""
""osoba2""		1118.7001	1118700	1124.7001	1124700	7.0	7000	""osoba2""
""osoba1""		1119.0	1119000	1123.8	1123800	5.800049	5800	""osoba1""
""osoba3""		1122.0	1122000	1132.2001	1132200	11.200073	11200	""osoba3""
""osoba3""		1127.4	1127400	1132.2001	1132200	5.800049	5800	""osoba3""
""osoba3""		1129.2001	1129200	1132.2001	1132200	4.0	4000	""osoba3""
""osoba3""		1130.1001	1130100	1132.2001	1132200	3.0999756	3099	""osoba3""
""osoba3""		1130.7001	1130700	1132.2001	1132200	2.5	2500	""osoba3""
""osoba3""		1131.3	1131300	1132.2001	1132200	1.9000244	1900	""osoba3""
""osoba3""		1131.9	1131900	1132.2001	1132200	1.3000488	1300	""osoba3""
""osoba4""		1132.5	1132500	1134.6001	1134600	3.1000977	3100	""osoba4""
""osoba4""		1133.1001	1133100	1134.6001	1134600	2.5	2500	""osoba4""
""osoba3""		1134.6001	1134600	1139.1001	1139100	5.5	5500	""osoba3""
""osoba3""		1136.1001	1136100	1139.1001	1139100	4.0	4000	""osoba3""
""osoba3""		1137.0	1137000	1139.1001	1139100	3.1000977	3100	""osoba3""
""osoba1""		1137.6001	1137600	1137.9	1137900	1.2999268	1299	""osoba1""
""osoba4""		1139.7001	1139700	1146.6001	1146600	7.9000244	7900	""osoba4""
""osoba1""		1142.1001	1142100	1147.2001	1147200	6.0999756	6099	""osoba1""
""osoba3""		1143.9	1143900	1158.0	1158000	15.099976	15099	""osoba3""
""osoba1""		1144.8	1144800	1147.2001	1147200	3.4000244	3400	""osoba1""
""osoba4""		1145.7001	1145700	1146.6001	1146600	1.9000244	1900	""osoba4""
""osoba3""		1146.3	1146300	1158.0	1158000	12.699951	12699	""osoba3""
""osoba3""		1149.0	1149000	1158.0	1158000	10.0	10000	""osoba3""
""osoba3""		1149.9	1149900	1158.0	1158000	9.099976	9099	""osoba3""
""osoba3""		1150.8	1150800	1158.0	1158000	8.199951	8199	""osoba3""
""osoba3""		1152.3	1152300	1158.0	1158000	6.699951	6699	""osoba3""
""osoba3""		1152.9	1152900	1158.0	1158000	6.0999756	6099	""osoba3""
""osoba3""		1153.5	1153500	1158.0	1158000	5.5	5500	""osoba3""
""osoba3""		1154.1001	1154100	1158.0	1158000	4.8999023	4899	""osoba3""
""osoba3""		1157.1001	1157100	1158.0	1158000	1.8999023	1899	""osoba3""
""osoba4""		1157.1001	1157100	1160.7001	1160700	4.5999756	4599	""osoba4""
""osoba2""		1161.6001	1161600	1184.7001	1184700	24.099976	24099	""osoba2""
""osoba2""		1162.5	1162500	1184.7001	1184700	23.200073	23200	""osoba2""
""osoba2""		1163.4	1163400	1184.7001	1184700	22.300049	22300	""osoba2""
""osoba2""		1167.3	1167300	1184.7001	1184700	18.400024	18400	""osoba2""
""osoba2""		1168.2001	1168200	1184.7001	1184700	17.5	17500	""osoba2""
""osoba2""		1169.1001	1169100	1184.7001	1184700	16.599976	16599	""osoba2""
""osoba2""		1169.7001	1169700	1184.7001	1184700	16.0	16000	""osoba2""
""osoba2""		1174.5	1174500	1184.7001	1184700	11.200073	11200	""osoba2""
""osoba2""		1175.1001	1175100	1184.7001	1184700	10.599976	10599	""osoba2""
""osoba2""		1176.3	1176300	1184.7001	1184700	9.400024	9400	""osoba2""
""osoba2""		1177.8	1177800	1184.7001	1184700	7.9000244	7900	""osoba2""
""osoba2""		1180.2001	1180200	1184.7001	1184700	5.5	5500	""osoba2""
""osoba2""		1181.7001	1181700	1184.7001	1184700	4.0	4000	""osoba2""
""osoba1""		1182.3	1182300	1183.5	1183500	2.1999512	2199	""osoba1""
""osoba4""		1183.2001	1183200	1191.6001	1191600	9.400024	9400	""osoba4""
""osoba2""		1183.5	1183500	1184.7001	1184700	2.2000732	2200	""osoba2""
""osoba4""		1186.5	1186500	1191.6001	1191600	6.1000977	6100	""osoba4""
""osoba4""		1188.3	1188300	1191.6001	1191600	4.300049	4300	""osoba4""
""osoba4""		1189.8	1189800	1191.6001	1191600	2.8000488	2800	""osoba4""
""osoba1""		1190.7001	1190700	1200.6001	1200600	10.900024	10900	""osoba1""
""osoba1""		1194.9	1194900	1200.6001	1200600	6.7000732	6700	""osoba1""
""osoba1""		1197.9	1197900	1200.6001	1200600	3.7000732	3700	""osoba1""
""osoba1""		1199.7001	1199700	1200.6001	1200600	1.9000244	1900	""osoba1""
""osoba3""		1200.0	1200000	1205.7001	1205700	6.7000732	6700	""osoba3""
""osoba3""		1202.4	1202400	1205.7001	1205700	4.300049	4300	""osoba3""
""osoba2""		1205.7001	1205700	1208.4	1208400	3.6999512	3699	""osoba2""
""osoba1""		1206.3	1206300	1212.0	1212000	6.699951	6699	""osoba1""
""osoba1""		1209.0	1209000	1212.0	1212000	4.0	4000	""osoba1""
""osoba1""		1209.9	1209900	1212.0	1212000	3.0999756	3099	""osoba1""
""osoba1""		1211.1001	1211100	1212.0	1212000	1.8999023	1899	""osoba1""
""osoba1""		1212.0	1212000	1212.0	1212000	1.0	1000	""osoba1""
""osoba2""		1212.0	1212000	1230.6001	1230600	19.600098	19600	""osoba2""
""osoba2""		1213.2001	1213200	1230.6001	1230600	18.400024	18400	""osoba2""
""osoba3""		1214.7001	1214700	1214.7001	1214700	1.0	1000	""osoba3""
""osoba1""		1215.6001	1215600	1215.9	1215900	1.2999268	1299	""osoba1""
""osoba2""		1218.0	1218000	1230.6001	1230600	13.600098	13600	""osoba2""
""osoba2""		1221.6001	1221600	1230.6001	1230600	10.0	10000	""osoba2""
""osoba2""		1224.6001	1224600	1230.6001	1230600	7.0	7000	""osoba2""
""osoba2""		1225.2001	1225200	1230.6001	1230600	6.4000244	6400	""osoba2""
""osoba2""		1227.3	1227300	1230.6001	1230600	4.300049	4300	""osoba2""
""osoba2""		1228.8	1228800	1230.6001	1230600	2.8000488	2800	""osoba2""
""osoba4""		1229.1001	1229100	1258.2001	1258200	30.099976	30099	""osoba4""
""osoba4""		1233.3	1233300	1258.2001	1258200	25.900024	25900	""osoba4""
""osoba4""		1234.2001	1234200	1258.2001	1258200	25.0	25000	""osoba4""
""osoba1""		1234.5	1234500	1236.0	1236000	2.5	2500	""osoba1""
""osoba4""		1236.3	1236300	1258.2001	1258200	22.900024	22900	""osoba4""
""osoba4""		1237.5	1237500	1258.2001	1258200	21.700073	21700	""osoba4""
""osoba4""		1238.1001	1238100	1258.2001	1258200	21.099976	21099	""osoba4""
""osoba1""		1239.6001	1239600	1241.4	1241400	2.7999268	2799	""osoba1""
""osoba4""		1243.8	1243800	1258.2001	1258200	15.400024	15400	""osoba4""
""osoba4""		1247.7001	1247700	1258.2001	1258200	11.5	11500	""osoba4""
""osoba4""		1248.6001	1248600	1258.2001	1258200	10.599976	10599	""osoba4""
""osoba4""		1250.7001	1250700	1258.2001	1258200	8.5	8500	""osoba4""
""osoba4""		1252.2001	1252200	1258.2001	1258200	7.0	7000	""osoba4""
""osoba3""		1252.5	1252500	1252.8	1252800	1.3000488	1300	""osoba3""
""osoba4""		1253.4	1253400	1258.2001	1258200	5.800049	5800	""osoba4""
""osoba2""		1255.2001	1255200	1257.3	1257300	3.0999756	3099	""osoba2""
""osoba1""		1258.5	1258500	1263.9	1263900	6.4000244	6400	""osoba1""
""osoba1""		1263.6001	1263600	1263.9	1263900	1.2999268	1299	""osoba1""
""osoba4""		1264.2001	1264200	1271.1001	1271100	7.9000244	7900	""osoba4""
""osoba4""		1266.0	1266000	1271.1001	1271100	6.1000977	6100	""osoba4""
""osoba4""		1266.6001	1266600	1271.1001	1271100	5.5	5500	""osoba4""
""osoba4""		1267.2001	1267200	1271.1001	1271100	4.9000244	4900	""osoba4""
""osoba1""		1267.8	1267800	1269.9	1269900	3.0999756	3099	""osoba1""
""osoba1""		1268.4	1268400	1269.9	1269900	2.5	2500	""osoba1""
""osoba1""		1269.6001	1269600	1269.9	1269900	1.2999268	1299	""osoba1""
""osoba4""		1269.6001	1269600	1271.1001	1271100	2.5	2500	""osoba4""
""osoba2""		1270.8	1270800	1275.6001	1275600	5.800049	5800	""osoba2""
""osoba1""		1272.3	1272300	1312.8	1312800	41.5	41500	""osoba1""
""osoba1""		1273.5	1273500	1312.8	1312800	40.30005	40300	""osoba1""
""osoba2""		1273.8	1273800	1275.6001	1275600	2.8000488	2800	""osoba2""
""osoba1""		1277.1001	1277100	1312.8	1312800	36.69995	36699	""osoba1""
""osoba1""		1277.7001	1277700	1312.8	1312800	36.099976	36099	""osoba1""
""osoba3""		1279.5	1279500	1280.7001	1280700	2.2000732	2200	""osoba3""
""osoba3""		1280.4	1280400	1280.7001	1280700	1.3000488	1300	""osoba3""
""osoba1""		1281.0	1281000	1312.8	1312800	32.80005	32800	""osoba1""
""osoba4""		1281.3	1281300	1284.9	1284900	4.5999756	4599	""osoba4""
""osoba1""		1282.8	1282800	1312.8	1312800	31.0	31000	""osoba1""
""osoba4""		1284.0	1284000	1284.9	1284900	1.9000244	1900	""osoba4""
""osoba1""		1284.3	1284300	1312.8	1312800	29.5	29500	""osoba1""
""osoba1""		1284.9	1284900	1312.8	1312800	28.900024	28900	""osoba1""
""osoba4""		1284.9	1284900	1284.9	1284900	1.0	1000	""osoba4""
""osoba1""		1286.1001	1286100	1312.8	1312800	27.699951	27699	""osoba1""
""osoba1""		1287.6001	1287600	1312.8	1312800	26.199951	26199	""osoba1""
""osoba1""		1289.1001	1289100	1312.8	1312800	24.699951	24699	""osoba1""
""osoba1""		1291.2001	1291200	1312.8	1312800	22.599976	22599	""osoba1""
""osoba4""		1294.8	1294800	1295.7001	1295700	1.9000244	1900	""osoba4""
""osoba3""		1295.4	1295400	1296.6001	1296600	2.2000732	2200	""osoba3""
""osoba2""		1295.7001	1295700	1295.7001	1295700	1.0	1000	""osoba2""
""osoba3""		1296.6001	1296600	1296.6001	1296600	1.0	1000	""osoba3""
""osoba1""		1298.4	1298400	1312.8	1312800	15.400024	15400	""osoba1""
""osoba1""		1299.3	1299300	1312.8	1312800	14.5	14500	""osoba1""
""osoba1""		1300.5	1300500	1312.8	1312800	13.300049	13300	""osoba1""
""osoba3""		1300.8	1300800	1300.8	1300800	1.0	1000	""osoba3""
""osoba1""		1301.4	1301400	1312.8	1312800	12.400024	12400	""osoba1""
""osoba1""		1302.9	1302900	1312.8	1312800	10.900024	10900	""osoba1""
""osoba1""		1304.4	1304400	1312.8	1312800	9.400024	9400	""osoba1""
""osoba1""		1306.5	1306500	1312.8	1312800	7.300049	7300	""osoba1""
""osoba2""		1313.4	1313400	1316.7001	1316700	4.300049	4300	""osoba2""
""osoba2""		1314.9	1314900	1316.7001	1316700	2.8000488	2800	""osoba2""
""osoba1""		1315.5	1315500	1320.3	1320300	5.800049	5800	""osoba1""
""osoba2""		1315.5	1315500	1316.7001	1316700	2.2000732	2200	""osoba2""
""osoba4""		1319.7001	1319700	1329.6001	1329600	10.900024	10900	""osoba4""
""osoba3""		1320.6001	1320600	1320.6001	1320600	1.0	1000	""osoba3""
""osoba4""		1324.8	1324800	1329.6001	1329600	5.800049	5800	""osoba4""
""osoba4""		1325.7001	1325700	1329.6001	1329600	4.9000244	4900	""osoba4""
""osoba4""		1326.9	1326900	1329.6001	1329600	3.7000732	3700	""osoba4""
""osoba4""		1327.5	1327500	1329.6001	1329600	3.1000977	3100	""osoba4""
""osoba4""		1328.7001	1328700	1329.6001	1329600	1.9000244	1900	""osoba4""
""osoba2""		1329.9	1329900	1333.2001	1333200	4.300049	4300	""osoba2""
""osoba1""		1330.2001	1330200	1330.8	1330800	1.5999756	1599	""osoba1""
""osoba2""		1331.7001	1331700	1333.2001	1333200	2.5	2500	""osoba2""
""osoba2""		1332.3	1332300	1333.2001	1333200	1.9000244	1900	""osoba2""
""osoba1""		1333.5	1333500	1341.3	1341300	8.800049	8800	""osoba1""
""osoba4""		1334.7001	1334700	1335.3	1335300	1.5999756	1599	""osoba4""
""osoba1""		1336.5	1336500	1341.3	1341300	5.800049	5800	""osoba1""
""osoba1""		1337.4	1337400	1341.3	1341300	4.9000244	4900	""osoba1""
""osoba2""		1339.5	1339500	1345.2001	1345200	6.7000732	6700	""osoba2""
""osoba4""		1339.5	1339500	1339.8	1339800	1.3000488	1300	""osoba4""
""osoba4""		1342.2001	1342200	1352.1001	1352100	10.900024	10900	""osoba4""
""osoba4""		1344.3	1344300	1352.1001	1352100	8.800049	8800	""osoba4""
""osoba2""		1344.6001	1344600	1345.2001	1345200	1.5999756	1599	""osoba2""
""osoba4""		1346.1001	1346100	1352.1001	1352100	7.0	7000	""osoba4""
""osoba4""		1348.5	1348500	1352.1001	1352100	4.6000977	4600	""osoba4""
""osoba4""		1349.7001	1349700	1352.1001	1352100	3.4000244	3400	""osoba4""
""osoba4""		1350.3	1350300	1352.1001	1352100	2.8000488	2800	""osoba4""
""osoba4""		1351.2001	1351200	1352.1001	1352100	1.9000244	1900	""osoba4""
""osoba4""		1352.1001	1352100	1352.1001	1352100	1.0	1000	""osoba4""
""osoba2""		1352.4	1352400	1366.8	1366800	15.400024	15400	""osoba2""
""osoba2""		1355.4	1355400	1366.8	1366800	12.400024	12400	""osoba2""
""osoba2""		1356.0	1356000	1366.8	1366800	11.800049	11800	""osoba2""
""osoba1""		1357.2001	1357200	1358.7001	1358700	2.5	2500	""osoba1""
""osoba2""		1360.8	1360800	1366.8	1366800	7.0	7000	""osoba2""
""osoba2""		1362.3	1362300	1366.8	1366800	5.5	5500	""osoba2""
""osoba1""		1362.6001	1362600	1367.4	1367400	5.7999268	5799	""osoba1""
""osoba2""		1363.5	1363500	1366.8	1366800	4.300049	4300	""osoba2""
""osoba1""		1364.1001	1364100	1367.4	1367400	4.2999268	4299	""osoba1""
""osoba1""		1367.1001	1367100	1367.4	1367400	1.2999268	1299	""osoba1""
""osoba3""		1368.3	1368300	1387.5	1387500	20.199951	20199	""osoba3""
""osoba3""		1371.6001	1371600	1387.5	1387500	16.899902	16899	""osoba3""
""osoba3""		1372.2001	1372200	1387.5	1387500	16.299927	16299	""osoba3""
""osoba1""		1373.7001	1373700	1373.7001	1373700	1.0	1000	""osoba1""
""osoba3""		1375.8	1375800	1387.5	1387500	12.699951	12699	""osoba3""
""osoba3""		1376.7001	1376700	1387.5	1387500	11.799927	11799	""osoba3""
""osoba3""		1378.8	1378800	1387.5	1387500	9.699951	9699	""osoba3""
""osoba3""		1379.7001	1379700	1387.5	1387500	8.799927	8799	""osoba3""
""osoba1""		1381.5	1381500	1383.6001	1383600	3.1000977	3100	""osoba1""
""osoba3""		1381.8	1381800	1387.5	1387500	6.699951	6699	""osoba3""
""osoba4""		1383.3	1383300	1386.6001	1386600	4.300049	4300	""osoba4""
""osoba4""		1385.7001	1385700	1386.6001	1386600	1.9000244	1900	""osoba4""
""osoba3""		1386.6001	1386600	1387.5	1387500	1.8999023	1899	""osoba3""
""osoba1""		1386.9	1386900	1389.6001	1389600	3.7000732	3700	""osoba1""
""osoba1""		1388.7001	1388700	1389.6001	1389600	1.9000244	1900	""osoba1""
""osoba4""		1389.0	1389000	1397.4	1397400	9.400024	9400	""osoba4""
""osoba4""		1391.4	1391400	1397.4	1397400	7.0	7000	""osoba4""
""osoba1""		1393.2001	1393200	1394.7001	1394700	2.5	2500	""osoba1""
""osoba4""		1397.1001	1397100	1397.4	1397400	1.2999268	1299	""osoba4""
""osoba1""		1397.7001	1397700	1424.1001	1424100	27.400024	27400	""osoba1""
""osoba2""		1398.3	1398300	1398.3	1398300	1.0	1000	""osoba2""
""osoba1""		1398.6001	1398600	1424.1001	1424100	26.5	26500	""osoba1""
""osoba1""		1401.3	1401300	1424.1001	1424100	23.800049	23800	""osoba1""
""osoba1""		1405.2001	1405200	1424.1001	1424100	19.900024	19900	""osoba1""
""osoba1""		1407.6001	1407600	1424.1001	1424100	17.5	17500	""osoba1""
""osoba1""		1408.2001	1408200	1424.1001	1424100	16.900024	16900	""osoba1""
""osoba4""		1408.8	1408800	1408.8	1408800	1.0	1000	""osoba4""
""osoba1""		1411.2001	1411200	1424.1001	1424100	13.900024	13900	""osoba1""
""osoba3""		1412.1001	1412100	1412.1001	1412100	1.0	1000	""osoba3""
""osoba1""		1415.1001	1415100	1424.1001	1424100	10.0	10000	""osoba1""
""osoba1""		1417.2001	1417200	1424.1001	1424100	7.9000244	7900	""osoba1""
""osoba1""		1417.8	1417800	1424.1001	1424100	7.300049	7300	""osoba1""
""osoba1""		1418.7001	1418700	1424.1001	1424100	6.4000244	6400	""osoba1""
""osoba1""		1419.6001	1419600	1424.1001	1424100	5.5	5500	""osoba1""
""osoba1""		1420.8	1420800	1424.1001	1424100	4.300049	4300	""osoba1""
""osoba1""		1422.0	1422000	1424.1001	1424100	3.1000977	3100	""osoba1""
""osoba1""		1422.9	1422900	1424.1001	1424100	2.2000732	2200	""osoba1""
""osoba4""		1423.5	1423500	1428.0	1428000	5.5	5500	""osoba4""
""osoba4""		1425.3	1425300	1428.0	1428000	3.6999512	3699	""osoba4""
""osoba4""		1426.8	1426800	1428.0	1428000	2.1999512	2199	""osoba4""
""osoba1""		1427.1001	1427100	1437.9	1437900	11.799927	11799	""osoba1""
""osoba3""		1432.5	1432500	1434.3	1434300	2.8000488	2800	""osoba3""
""osoba1""		1433.4	1433400	1437.9	1437900	5.5	5500	""osoba1""
""osoba1""		1437.3	1437300	1437.9	1437900	1.5999756	1599	""osoba1""
""osoba4""		1437.9	1437900	1439.7001	1439700	2.8000488	2800	""osoba4""
""osoba3""		1439.4	1439400	1447.5	1447500	9.099976	9099	""osoba3""
""osoba4""		1442.7001	1442700	1443.6001	1443600	1.9000244	1900	""osoba4""
""osoba3""		1443.6001	1443600	1447.5	1447500	4.8999023	4899	""osoba3""
""osoba3""		1444.2001	1444200	1447.5	1447500	4.2999268	4299	""osoba3""
""osoba1""		1445.7001	1445700	1463.7001	1463700	19.0	19000	""osoba1""
""osoba2""		1448.1001	1448100	1449.0	1449000	1.8999023	1899	""osoba2""
""osoba1""		1450.2001	1450200	1463.7001	1463700	14.5	14500	""osoba1""
""osoba1""		1451.1001	1451100	1463.7001	1463700	13.599976	13599	""osoba1""
""osoba1""		1451.7001	1451700	1463.7001	1463700	13.0	13000	""osoba1""
""osoba1""		1454.1001	1454100	1463.7001	1463700	10.599976	10599	""osoba1""
""osoba1""		1457.4	1457400	1463.7001	1463700	7.300049	7300	""osoba1""
""osoba1""		1458.6001	1458600	1463.7001	1463700	6.0999756	6099	""osoba1""
""osoba1""		1460.4	1460400	1463.7001	1463700	4.300049	4300	""osoba1""
""osoba1""		1461.0	1461000	1463.7001	1463700	3.7000732	3700	""osoba1""
""osoba1""		1462.5	1462500	1463.7001	1463700	2.2000732	2200	""osoba1""
""osoba1""		1463.7001	1463700	1463.7001	1463700	1.0	1000	""osoba1""
""osoba4""		1464.6001	1464600	1474.8	1474800	11.199951	11199	""osoba4""
""osoba4""		1466.4	1466400	1474.8	1474800	9.400024	9400	""osoba4""
""osoba4""		1467.3	1467300	1474.8	1474800	8.5	8500	""osoba4""
""osoba4""		1467.9	1467900	1474.8	1474800	7.9000244	7900	""osoba4""
""osoba4""		1469.4	1469400	1474.8	1474800	6.4000244	6400	""osoba4""
""osoba4""		1470.9	1470900	1474.8	1474800	4.9000244	4900	""osoba4""
""osoba4""		1473.9	1473900	1474.8	1474800	1.9000244	1900	""osoba4""
""osoba2""		1474.8	1474800	1485.3	1485300	11.5	11500	""osoba2""
""osoba3""		1477.8	1477800	1479.0	1479000	2.1999512	2199	""osoba3""
""osoba2""		1478.1001	1478100	1485.3	1485300	8.199951	8199	""osoba2""
""osoba2""		1482.6001	1482600	1485.3	1485300	3.6999512	3699	""osoba2""
""osoba4""		1484.7001	1484700	1488.6001	1488600	4.9000244	4900	""osoba4""
""osoba4""		1486.5	1486500	1488.6001	1488600	3.1000977	3100	""osoba4""
""osoba1""		1488.6001	1488600	1495.2001	1495200	7.5999756	7599	""osoba1""
""osoba1""		1491.0	1491000	1495.2001	1495200	5.2000732	5200	""osoba1""
""osoba1""		1491.6001	1491600	1495.2001	1495200	4.5999756	4599	""osoba1""
""osoba1""		1493.1001	1493100	1495.2001	1495200	3.0999756	3099	""osoba1""
""osoba1""		1494.3	1494300	1495.2001	1495200	1.9000244	1900	""osoba1""
""osoba2""		1494.6001	1494600	1507.5	1507500	13.899902	13899	""osoba2""
""osoba1""		1500.6001	1500600	1500.9	1500900	1.2999268	1299	""osoba1""
""osoba2""		1501.5	1501500	1507.5	1507500	7.0	7000	""osoba2""
""osoba2""		1502.1001	1502100	1507.5	1507500	6.3999023	6399	""osoba2""
""osoba2""		1503.6001	1503600	1507.5	1507500	4.8999023	4899	""osoba2""
""osoba2""		1506.3	1506300	1507.5	1507500	2.1999512	2199	""osoba2""
""osoba2""		1509.6001	1509600	1520.7001	1520700	12.099976	12099	""osoba2""
""osoba2""		1510.8	1510800	1520.7001	1520700	10.900024	10900	""osoba2""
""osoba2""		1512.3	1512300	1520.7001	1520700	9.400024	9400	""osoba2""
""osoba1""		1512.9	1512900	1512.9	1512900	1.0	1000	""osoba1""
""osoba2""		1513.8	1513800	1520.7001	1520700	7.9000244	7900	""osoba2""
""osoba2""		1515.0	1515000	1520.7001	1520700	6.7000732	6700	""osoba2""
""osoba2""		1516.8	1516800	1520.7001	1520700	4.9000244	4900	""osoba2""
""osoba2""		1519.2001	1519200	1520.7001	1520700	2.5	2500	""osoba2""
""osoba1""		1519.8	1519800	1528.8	1528800	10.0	10000	""osoba1""
""osoba1""		1521.6001	1521600	1528.8	1528800	8.199951	8199	""osoba1""
""osoba1""		1522.5	1522500	1528.8	1528800	7.300049	7300	""osoba1""
""osoba1""		1523.1001	1523100	1528.8	1528800	6.699951	6699	""osoba1""
""osoba1""		1523.7001	1523700	1528.8	1528800	6.0999756	6099	""osoba1""
""osoba1""		1524.6001	1524600	1528.8	1528800	5.199951	5199	""osoba1""
""osoba1""		1527.0	1527000	1528.8	1528800	2.8000488	2800	""osoba1""
""osoba4""		1527.6001	1527600	1553.1001	1553100	26.5	26500	""osoba4""
""osoba1""		1528.8	1528800	1528.8	1528800	1.0	1000	""osoba1""
""osoba4""		1531.2001	1531200	1553.1001	1553100	22.900024	22900	""osoba4""
""osoba4""		1532.1001	1532100	1553.1001	1553100	22.0	22000	""osoba4""
""osoba4""		1533.0	1533000	1553.1001	1553100	21.100098	21100	""osoba4""
""osoba4""		1539.0001	1539000	1553.1001	1553100	15.099976	15099	""osoba4""
""osoba4""		1539.9	1539900	1553.1001	1553100	14.200073	14200	""osoba4""
""osoba4""		1540.5001	1540500	1553.1001	1553100	13.599976	13599	""osoba4""
""osoba4""		1544.1001	1544100	1553.1001	1553100	10.0	10000	""osoba4""
""osoba4""		1544.7001	1544700	1553.1001	1553100	9.400024	9400	""osoba4""
""osoba4""		1545.9	1545900	1553.1001	1553100	8.200073	8200	""osoba4""
""osoba4""		1549.8	1549800	1553.1001	1553100	4.300049	4300	""osoba4""
""osoba3""		1550.4	1550400	1561.2001	1561200	11.800049	11800	""osoba3""
""osoba1""		1552.8	1552800	1552.8	1552800	1.0	1000	""osoba1""
""osoba3""		1554.0001	1554000	1561.2001	1561200	8.199951	8199	""osoba3""
""osoba3""		1555.5001	1555500	1561.2001	1561200	6.699951	6699	""osoba3""
""osoba3""		1558.5001	1558500	1561.2001	1561200	3.6999512	3699	""osoba3""
""osoba3""		1560.0001	1560000	1561.2001	1561200	2.1999512	2199	""osoba3""
""osoba4""		1560.9	1560900	1566.6001	1566600	6.7000732	6700	""osoba4""
""osoba4""		1561.8	1561800	1566.6001	1566600	5.800049	5800	""osoba4""
""osoba4""		1564.5001	1564500	1566.6001	1566600	3.0999756	3099	""osoba4""
""osoba1""		1565.4	1565400	1571.1001	1571100	6.7000732	6700	""osoba1""
""osoba1""		1568.1001	1568100	1571.1001	1571100	4.0	4000	""osoba1""
""osoba3""		1569.6001	1569600	1586.1001	1586100	17.5	17500	""osoba3""
""osoba1""		1574.4	1574400	1577.1001	1577100	3.7000732	3700	""osoba1""
""osoba3""		1575.3	1575300	1586.1001	1586100	11.800049	11800	""osoba3""
""osoba1""		1576.2001	1576200	1577.1001	1577100	1.9000244	1900	""osoba1""
""osoba2""		1577.4	1577400	1577.7001	1577700	1.3000488	1300	""osoba2""
""osoba3""		1578.6001	1578600	1586.1001	1586100	8.5	8500	""osoba3""
""osoba1""		1579.2001	1579200	1580.1001	1580100	1.9000244	1900	""osoba1""
""osoba4""		1586.1001	1586100	1593.0001	1593000	7.9000244	7900	""osoba4""
""osoba3""		1589.7001	1589700	1589.7001	1589700	1.0	1000	""osoba3""
""osoba4""		1590.0001	1590000	1593.0001	1593000	4.0	4000	""osoba4""
""osoba4""		1590.9	1590900	1593.0001	1593000	3.1000977	3100	""osoba4""
""osoba4""		1592.7001	1592700	1593.0001	1593000	1.3000488	1300	""osoba4""
""osoba2""		1593.0001	1593000	1599.9	1599900	7.8999023	7899	""osoba2""
""osoba2""		1594.5001	1594500	1599.9	1599900	6.3999023	6399	""osoba2""
""osoba2""		1596.3	1596300	1599.9	1599900	4.5999756	4599	""osoba2""
""osoba2""		1597.8	1597800	1599.9	1599900	3.0999756	3099	""osoba2""
""osoba2""		1598.4	1598400	1599.9	1599900	2.5	2500	""osoba2""
""osoba2""		1599.3	1599300	1599.9	1599900	1.5999756	1599	""osoba2""
""osoba1""		1600.2001	1600200	1607.1001	1607100	7.9000244	7900	""osoba1""
""osoba1""		1603.8	1603800	1607.1001	1607100	4.300049	4300	""osoba1""
""osoba1""		1604.4	1604400	1607.1001	1607100	3.7000732	3700	""osoba1""
""osoba3""		1604.4	1604400	1610.4	1610400	7.0	7000	""osoba3""
""osoba2""		1605.3	1605300	1605.3	1605300	1.0	1000	""osoba2""
""osoba3""		1606.2001	1606200	1610.4	1610400	5.199951	5199	""osoba3""
""osoba4""		1606.5001	1606500	1607.4	1607400	1.8999023	1899	""osoba4""
""osoba3""		1608.3	1608300	1610.4	1610400	3.0999756	3099	""osoba3""
""osoba3""		1608.9	1608900	1610.4	1610400	2.5	2500	""osoba3""
""osoba1""		1609.5001	1609500	1620.3	1620300	11.799927	11799	""osoba1""
""osoba1""		1611.0001	1611000	1620.3	1620300	10.299927	10299	""osoba1""
""osoba1""		1611.9	1611900	1620.3	1620300	9.400024	9400	""osoba1""
""osoba1""		1612.5001	1612500	1620.3	1620300	8.799927	8799	""osoba1""
""osoba1""		1618.8	1618800	1620.3	1620300	2.5	2500	""osoba1""
