"default"		0.0	0	1.0	1000	1.0	1000	BEGIN
"default"		1620.3	1620300	1620.31	1621300	1.0	1000	END
""osoba4""		6.3	6300	29.400002	29400	24.100002	24100	""osoba4""
""osoba4""		7.5000005	7500	29.400002	29400	22.900002	22900	""osoba4""
""osoba4""		9.3	9300	29.400002	29400	21.100002	21100	""osoba4""
""osoba4""		11.400001	11400	29.400002	29400	19.0	19000	""osoba4""
""osoba2""		12.6	12600	12.900001	12900	1.3000002	1300	""osoba2""
""osoba1""		13.500001	13500	20.400002	20400	7.9000006	7900	""osoba1""
""osoba1""		15.6	15600	20.400002	20400	5.800001	5800	""osoba1""
""osoba4""		15.900001	15900	29.400002	29400	14.500001	14500	""osoba4""
""osoba1""		18.0	18000	20.400002	20400	3.4000015	3400	""osoba1""
""osoba3""		18.0	18000	18.300001	18300	1.3000011	1300	""osoba3""
""osoba1""		22.5	22500	22.800001	22800	1.3000011	1300	""osoba1""
""osoba4""		24.900002	24900	29.400002	29400	5.5	5500	""osoba4""
""osoba4""		26.400002	26400	29.400002	29400	4.0	4000	""osoba4""
""osoba4""		27.000002	27000	29.400002	29400	3.3999996	3399	""osoba4""
""osoba2""		27.6	27600	27.900002	27900	1.3000011	1300	""osoba2""
""osoba4""		27.900002	27900	29.400002	29400	2.5	2500	""osoba4""
""osoba3""		29.400002	29400	43.5	43500	15.099998	15099	""osoba3""
""osoba3""		31.2	31200	43.5	43500	13.299999	13299	""osoba3""
""osoba3""		32.7	32700	43.5	43500	11.799999	11799	""osoba3""
""osoba3""		33.9	33900	43.5	43500	10.599998	10599	""osoba3""
""osoba3""		34.5	34500	43.5	43500	10.0	10000	""osoba3""
""osoba1""		35.4	35400	35.4	35400	1.0	1000	""osoba1""
""osoba3""		36.0	36000	43.5	43500	8.5	8500	""osoba3""
""osoba3""		37.5	37500	43.5	43500	7.0	7000	""osoba3""
""osoba3""		39.9	39900	43.5	43500	4.5999985	4599	""osoba3""
""osoba3""		42.9	42900	43.5	43500	1.5999985	1599	""osoba3""
""osoba4""		43.2	43200	51.000004	51000	8.800003	8800	""osoba4""
""osoba4""		45.300003	45300	51.000004	51000	6.700001	6700	""osoba4""
""osoba4""		46.2	46200	51.000004	51000	5.800003	5800	""osoba4""
""osoba1""		50.4	50400	92.100006	92100	42.700005	42700	""osoba1""
""osoba4""		50.4	50400	51.000004	51000	1.6000023	1600	""osoba4""
""osoba1""		53.7	53700	92.100006	92100	39.400005	39400	""osoba1""
""osoba1""		55.800003	55800	92.100006	92100	37.300003	37300	""osoba1""
""osoba1""		57.300003	57300	92.100006	92100	35.800003	35800	""osoba1""
""osoba1""		58.800003	58800	92.100006	92100	34.300003	34300	""osoba1""
""osoba1""		60.300003	60300	92.100006	92100	32.800003	32800	""osoba1""
""osoba1""		61.2	61200	92.100006	92100	31.900005	31900	""osoba1""
""osoba1""		64.8	64800	92.100006	92100	28.300003	28300	""osoba1""
""osoba1""		66.0	66000	92.100006	92100	27.100006	27100	""osoba1""
""osoba1""		66.9	66900	92.100006	92100	26.200005	26200	""osoba1""
""osoba1""		67.5	67500	92.100006	92100	25.600006	25600	""osoba1""
""osoba1""		68.100006	68100	92.100006	92100	25.0	25000	""osoba1""
""osoba1""		69.9	69900	92.100006	92100	23.200005	23200	""osoba1""
""osoba4""		76.5	76500	76.8	76800	1.300003	1300	""osoba4""
""osoba2""		76.8	76800	77.100006	77100	1.300003	1300	""osoba2""
""osoba1""		78.600006	78600	92.100006	92100	14.5	14500	""osoba1""
""osoba1""		83.100006	83100	92.100006	92100	10.0	10000	""osoba1""
""osoba1""		84.9	84900	92.100006	92100	8.200005	8200	""osoba1""
""osoba1""		85.5	85500	92.100006	92100	7.600006	7600	""osoba1""
""osoba1""		86.100006	86100	92.100006	92100	7.0	7000	""osoba1""
""osoba1""		87.0	87000	92.100006	92100	6.100006	6100	""osoba1""
""osoba1""		87.600006	87600	92.100006	92100	5.5	5500	""osoba1""
""osoba4""		88.5	88500	96.600006	96600	9.100006	9100	""osoba4""
""osoba4""		91.200005	91200	96.600006	96600	6.4000015	6400	""osoba4""
""osoba4""		91.8	91800	96.600006	96600	5.800003	5800	""osoba4""
""osoba1""		92.100006	92100	92.100006	92100	1.0	1000	""osoba1""
""osoba4""		94.5	94500	96.600006	96600	3.100006	3100	""osoba4""
""osoba4""		95.4	95400	96.600006	96600	2.2000046	2200	""osoba4""
""osoba1""		96.600006	96600	116.100006	116100	20.5	20500	""osoba1""
""osoba1""		103.8	103800	116.100006	116100	13.300003	13300	""osoba1""
""osoba1""		104.4	104400	116.100006	116100	12.700005	12700	""osoba1""
""osoba1""		105.3	105300	116.100006	116100	11.800003	11800	""osoba1""
""osoba1""		108.00001	108000	116.100006	116100	9.099998	9099	""osoba1""
""osoba1""		109.200005	109200	116.100006	116100	7.9000015	7900	""osoba1""
""osoba1""		110.700005	110700	116.100006	116100	6.4000015	6400	""osoba1""
""osoba2""		115.50001	115500	120.00001	120000	5.5	5500	""osoba2""
""osoba2""		117.9	117900	120.00001	120000	3.100006	3100	""osoba2""
""osoba2""		118.50001	118500	120.00001	120000	2.5	2500	""osoba2""
""osoba1""		118.8	118800	125.4	125400	7.5999985	7599	""osoba1""
""osoba4""		119.700005	119700	119.700005	119700	1.0	1000	""osoba4""
""osoba1""		121.50001	121500	125.4	125400	4.899994	4899	""osoba1""
""osoba2""		124.50001	124500	129.0	129000	5.4999924	5499	""osoba2""
""osoba1""		125.4	125400	125.4	125400	1.0	1000	""osoba1""
""osoba2""		127.200005	127200	129.0	129000	2.7999954	2799	""osoba2""
""osoba4""		128.1	128100	140.40001	140400	13.300003	13300	""osoba4""
""osoba4""		131.70001	131700	140.40001	140400	9.699997	9699	""osoba4""
""osoba4""		132.3	132300	140.40001	140400	9.100006	9100	""osoba4""
""osoba1""		132.90001	132900	133.8	133800	1.8999939	1899	""osoba1""
""osoba4""		134.1	134100	140.40001	140400	7.300003	7300	""osoba4""
""osoba4""		136.20001	136200	140.40001	140400	5.199997	5199	""osoba4""
""osoba4""		137.70001	137700	140.40001	140400	3.699997	3699	""osoba4""
""osoba4""		138.90001	138900	140.40001	140400	2.5	2500	""osoba4""
""osoba4""		139.8	139800	140.40001	140400	1.6000061	1600	""osoba4""
""osoba1""		140.40001	140400	153.3	153300	13.899994	13899	""osoba1""
""osoba1""		141.6	141600	153.3	153300	12.699997	12699	""osoba1""
""osoba2""		142.20001	142200	146.1	146100	4.899994	4899	""osoba2""
""osoba1""		144.3	144300	153.3	153300	10.0	10000	""osoba1""
""osoba1""		147.90001	147900	153.3	153300	6.399994	6399	""osoba1""
""osoba2""		148.20001	148200	155.40001	155400	8.199997	8199	""osoba2""
""osoba1""		148.5	148500	153.3	153300	5.800003	5800	""osoba1""
""osoba4""		153.90001	153900	153.90001	153900	1.0	1000	""osoba4""
""osoba4""		156.0	156000	190.5	190500	35.5	35500	""osoba4""
""osoba1""		157.5	157500	157.5	157500	1.0	1000	""osoba1""
""osoba4""		159.90001	159900	190.5	190500	31.59999	31599	""osoba4""
""osoba2""		160.8	160800	163.20001	163200	3.4000092	3400	""osoba2""
""osoba3""		160.8	160800	160.8	160800	1.0	1000	""osoba3""
""osoba2""		162.3	162300	163.20001	163200	1.9000092	1900	""osoba2""
""osoba4""		162.6	162600	190.5	190500	28.899994	28899	""osoba4""
""osoba4""		164.1	164100	190.5	190500	27.399994	27399	""osoba4""
""osoba4""		166.20001	166200	190.5	190500	25.299988	25299	""osoba4""
""osoba4""		167.70001	167700	190.5	190500	23.799988	23799	""osoba4""
""osoba1""		168.6	168600	169.20001	169200	1.6000061	1600	""osoba1""
""osoba4""		169.20001	169200	190.5	190500	22.299988	22299	""osoba4""
""osoba2""		169.8	169800	171.6	171600	2.800003	2800	""osoba2""
""osoba4""		170.70001	170700	190.5	190500	20.799988	20799	""osoba4""
""osoba1""		172.5	172500	172.5	172500	1.0	1000	""osoba1""
""osoba4""		173.40001	173400	190.5	190500	18.09999	18099	""osoba4""
""osoba4""		174.90001	174900	190.5	190500	16.59999	16599	""osoba4""
""osoba4""		178.8	178800	190.5	190500	12.699997	12699	""osoba4""
""osoba3""		180.0	180000	180.0	180000	1.0	1000	""osoba3""
""osoba4""		180.0	180000	190.5	190500	11.5	11500	""osoba4""
""osoba4""		181.8	181800	190.5	190500	9.699997	9699	""osoba4""
""osoba3""		185.40001	185400	185.40001	185400	1.0	1000	""osoba3""
""osoba4""		185.70001	185700	190.5	190500	5.799988	5799	""osoba4""
""osoba1""		187.8	187800	188.40001	188400	1.6000061	1600	""osoba1""
""osoba4""		189.6	189600	190.5	190500	1.8999939	1899	""osoba4""
""osoba1""		190.5	190500	196.20001	196200	6.700012	6700	""osoba1""
""osoba1""		191.70001	191700	196.20001	196200	5.5	5500	""osoba1""
""osoba4""		192.6	192600	204.6	204600	13.0	13000	""osoba4""
""osoba1""		195.3	195300	196.20001	196200	1.9000092	1900	""osoba1""
""osoba4""		195.3	195300	204.6	204600	10.300003	10300	""osoba4""
""osoba4""		196.8	196800	204.6	204600	8.800003	8800	""osoba4""
""osoba4""		198.3	198300	204.6	204600	7.300003	7300	""osoba4""
""osoba4""		199.8	199800	204.6	204600	5.800003	5800	""osoba4""
""osoba4""		200.40001	200400	204.6	204600	5.199997	5199	""osoba4""
""osoba4""		201.3	201300	204.6	204600	4.300003	4300	""osoba4""
""osoba4""		203.40001	203400	204.6	204600	2.199997	2199	""osoba4""
""osoba2""		203.70001	203700	207.00002	207000	4.300003	4300	""osoba2""
""osoba3""		205.20001	205200	208.50002	208500	4.300003	4300	""osoba3""
""osoba4""		208.8	208800	210.00002	210000	2.2000122	2200	""osoba4""
""osoba1""		209.1	209100	234.3	234300	26.199997	26199	""osoba1""
""osoba1""		211.8	211800	234.3	234300	23.5	23500	""osoba1""
""osoba4""		212.1	212100	212.1	212100	1.0	1000	""osoba4""
""osoba1""		212.40001	212400	234.3	234300	22.899994	22899	""osoba1""
""osoba1""		214.50002	214500	234.3	234300	20.799988	20799	""osoba1""
""osoba1""		215.1	215100	234.3	234300	20.199997	20199	""osoba1""
""osoba4""		215.40001	215400	215.70001	215700	1.300003	1300	""osoba4""
""osoba1""		218.40001	218400	234.3	234300	16.899994	16899	""osoba1""
""osoba1""		219.90001	219900	234.3	234300	15.399994	15399	""osoba1""
""osoba1""		220.8	220800	234.3	234300	14.5	14500	""osoba1""
""osoba1""		223.50002	223500	234.3	234300	11.799988	11799	""osoba1""
""osoba1""		228.6	228600	234.3	234300	6.699997	6699	""osoba1""
""osoba1""		229.20001	229200	234.3	234300	6.099991	6099	""osoba1""
""osoba3""		231.00002	231000	246.3	246300	16.299988	16299	""osoba3""
""osoba3""		231.90001	231900	246.3	246300	15.399994	15399	""osoba3""
""osoba1""		232.50002	232500	234.3	234300	2.7999878	2799	""osoba1""
""osoba1""		233.40001	233400	234.3	234300	1.8999939	1899	""osoba1""
""osoba4""		233.40001	233400	235.50002	235500	3.100006	3100	""osoba4""
""osoba3""		237.00002	237000	246.3	246300	10.299988	10299	""osoba3""
""osoba1""		238.8	238800	238.8	238800	1.0	1000	""osoba1""
""osoba2""		240.90001	240900	244.50002	244500	4.600006	4600	""osoba2""
""osoba3""		245.40001	245400	246.3	246300	1.8999939	1899	""osoba3""
""osoba1""		246.00002	246000	257.40002	257400	12.400009	12400	""osoba1""
""osoba3""		246.3	246300	246.3	246300	1.0	1000	""osoba3""
""osoba1""		247.20001	247200	257.40002	257400	11.200012	11200	""osoba1""
""osoba1""		249.00002	249000	257.40002	257400	9.400009	9400	""osoba1""
""osoba4""		250.50002	250500	250.50002	250500	1.0	1000	""osoba4""
""osoba1""		251.40001	251400	257.40002	257400	7.0000153	7000	""osoba1""
""osoba4""		253.50002	253500	285.0	285000	32.499985	32499	""osoba4""
""osoba4""		261.0	261000	285.0	285000	25.0	25000	""osoba4""
""osoba4""		264.0	264000	285.0	285000	22.0	22000	""osoba4""
""osoba4""		267.30002	267300	285.0	285000	18.699982	18699	""osoba4""
""osoba1""		267.6	267600	267.90002	267900	1.3000183	1300	""osoba1""
""osoba4""		268.80002	268800	285.0	285000	17.199982	17199	""osoba4""
""osoba4""		270.0	270000	285.0	285000	16.0	16000	""osoba4""
""osoba4""		273.30002	273300	285.0	285000	12.699982	12699	""osoba4""
""osoba3""		273.6	273600	273.6	273600	1.0	1000	""osoba3""
""osoba4""		274.5	274500	285.0	285000	11.5	11500	""osoba4""
""osoba4""		276.30002	276300	285.0	285000	9.699982	9699	""osoba4""
""osoba1""		276.90002	276900	278.40002	278400	2.5	2500	""osoba1""
""osoba4""		276.90002	276900	285.0	285000	9.099976	9099	""osoba4""
""osoba1""		278.40002	278400	278.40002	278400	1.0	1000	""osoba1""
""osoba4""		278.40002	278400	285.0	285000	7.5999756	7599	""osoba4""
""osoba4""		279.30002	279300	285.0	285000	6.6999817	6699	""osoba4""
""osoba4""		280.2	280200	285.0	285000	5.799988	5799	""osoba4""
""osoba1""		284.1	284100	301.5	301500	18.399994	18399	""osoba1""
""osoba4""		284.1	284100	285.0	285000	1.8999939	1899	""osoba4""
""osoba1""		286.2	286200	301.5	301500	16.299988	16299	""osoba1""
""osoba2""		289.5	289500	293.1	293100	4.600006	4600	""osoba2""
""osoba1""		293.1	293100	301.5	301500	9.399994	9399	""osoba1""
""osoba1""		294.0	294000	301.5	301500	8.5	8500	""osoba1""
""osoba1""		296.7	296700	301.5	301500	5.799988	5799	""osoba1""
""osoba1""		298.5	298500	301.5	301500	4.0	4000	""osoba1""
""osoba1""		299.7	299700	301.5	301500	2.7999878	2799	""osoba1""
""osoba1""		300.6	300600	301.5	301500	1.8999939	1899	""osoba1""
""osoba4""		300.90002	300900	305.40002	305400	5.5	5500	""osoba4""
""osoba4""		302.40002	302400	305.40002	305400	4.0	4000	""osoba4""
""osoba4""		303.90002	303900	305.40002	305400	2.5	2500	""osoba4""
""osoba3""		304.2	304200	318.0	318000	14.799988	14799	""osoba3""
""osoba2""		305.40002	305400	305.7	305700	1.2999878	1299	""osoba2""
""osoba4""		305.40002	305400	305.40002	305400	1.0	1000	""osoba4""
""osoba3""		307.2	307200	318.0	318000	11.799988	11799	""osoba3""
""osoba1""		307.5	307500	307.80002	307800	1.3000183	1300	""osoba1""
""osoba3""		307.80002	307800	318.0	318000	11.199982	11199	""osoba3""
""osoba3""		309.6	309600	318.0	318000	9.399994	9399	""osoba3""
""osoba3""		310.2	310200	318.0	318000	8.799988	8799	""osoba3""
""osoba3""		311.7	311700	318.0	318000	7.299988	7299	""osoba3""
""osoba3""		312.6	312600	318.0	318000	6.399994	6399	""osoba3""
""osoba3""		315.0	315000	318.0	318000	4.0	4000	""osoba3""
""osoba3""		315.6	315600	318.0	318000	3.399994	3399	""osoba3""
""osoba4""		316.80002	316800	335.40002	335400	19.600006	19600	""osoba4""
""osoba1""		318.30002	318300	318.6	318600	1.2999878	1299	""osoba1""
""osoba4""		319.5	319500	335.40002	335400	16.900024	16900	""osoba4""
""osoba4""		320.1	320100	335.40002	335400	16.300018	16300	""osoba4""
""osoba4""		321.90002	321900	335.40002	335400	14.5	14500	""osoba4""
""osoba4""		325.80002	325800	335.40002	335400	10.600006	10600	""osoba4""
""osoba4""		327.30002	327300	335.40002	335400	9.100006	9100	""osoba4""
""osoba4""		328.5	328500	335.40002	335400	7.9000244	7900	""osoba4""
""osoba4""		330.0	330000	335.40002	335400	6.4000244	6400	""osoba4""
""osoba4""		333.6	333600	335.40002	335400	2.8000183	2800	""osoba4""
""osoba2""		334.80002	334800	336.0	336000	2.1999817	2199	""osoba2""
""osoba4""		334.80002	334800	335.40002	335400	1.6000061	1600	""osoba4""
""osoba1""		335.40002	335400	371.7	371700	37.299988	37299	""osoba1""
""osoba1""		336.90002	336900	371.7	371700	35.799988	35799	""osoba1""
""osoba2""		338.1	338100	340.2	340200	3.100006	3100	""osoba2""
""osoba1""		342.0	342000	371.7	371700	30.700012	30700	""osoba1""
""osoba1""		343.5	343500	371.7	371700	29.200012	29200	""osoba1""
""osoba1""		344.7	344700	371.7	371700	28.0	28000	""osoba1""
""osoba1""		346.80002	346800	371.7	371700	25.899994	25899	""osoba1""
""osoba1""		348.30002	348300	371.7	371700	24.399994	24399	""osoba1""
""osoba1""		350.40002	350400	371.7	371700	22.299988	22299	""osoba1""
""osoba1""		353.7	353700	371.7	371700	19.0	19000	""osoba1""
""osoba1""		355.2	355200	371.7	371700	17.5	17500	""osoba1""
""osoba1""		356.7	356700	371.7	371700	16.0	16000	""osoba1""
""osoba1""		357.30002	357300	371.7	371700	15.399994	15399	""osoba1""
""osoba1""		360.30002	360300	371.7	371700	12.399994	12399	""osoba1""
""osoba1""		361.5	361500	371.7	371700	11.200012	11200	""osoba1""
""osoba1""		362.1	362100	371.7	371700	10.600006	10600	""osoba1""
""osoba1""		364.80002	364800	371.7	371700	7.899994	7899	""osoba1""
""osoba1""		366.6	366600	371.7	371700	6.100006	6100	""osoba1""
""osoba1""		367.5	367500	371.7	371700	5.200012	5200	""osoba1""
""osoba1""		368.1	368100	371.7	371700	4.600006	4600	""osoba1""
""osoba1""		368.7	368700	371.7	371700	4.0	4000	""osoba1""
""osoba3""		369.6	369600	375.0	375000	6.399994	6399	""osoba3""
""osoba1""		370.80002	370800	371.7	371700	1.8999939	1899	""osoba1""
""osoba3""		370.80002	370800	375.0	375000	5.1999817	5199	""osoba3""
""osoba1""		373.80002	373800	382.80002	382800	10.0	10000	""osoba1""
""osoba3""		373.80002	373800	375.0	375000	2.1999817	2199	""osoba3""
""osoba2""		375.6	375600	376.2	376200	1.6000061	1600	""osoba2""
""osoba1""		378.6	378600	382.80002	382800	5.200012	5200	""osoba1""
""osoba1""		380.7	380700	382.80002	382800	3.100006	3100	""osoba1""
""osoba1""		381.90002	381900	382.80002	382800	1.8999939	1899	""osoba1""
""osoba2""		382.80002	382800	388.80002	388800	7.0	7000	""osoba2""
""osoba2""		383.7	383700	388.80002	388800	6.100006	6100	""osoba2""
""osoba2""		384.6	384600	388.80002	388800	5.200012	5200	""osoba2""
""osoba4""		384.6	384600	384.90002	384900	1.3000183	1300	""osoba4""
""osoba2""		385.80002	385800	388.80002	388800	4.0	4000	""osoba2""
""osoba2""		386.40002	386400	388.80002	388800	3.399994	3399	""osoba2""
""osoba2""		387.30002	387300	388.80002	388800	2.5	2500	""osoba2""
""osoba2""		388.2	388200	388.80002	388800	1.6000061	1600	""osoba2""
""osoba3""		388.2	388200	390.30002	390300	3.100006	3100	""osoba3""
""osoba3""		390.00003	390000	390.30002	390300	1.2999878	1299	""osoba3""
""osoba1""		390.30002	390300	398.1	398100	8.799988	8799	""osoba1""
""osoba1""		391.50003	391500	398.1	398100	7.5999756	7599	""osoba1""
""osoba1""		395.1	395100	398.1	398100	4.0	4000	""osoba1""
""osoba1""		396.30002	396300	398.1	398100	2.7999878	2799	""osoba1""
""osoba2""		396.6	396600	405.30002	405300	9.700012	9700	""osoba2""
""osoba4""		397.2	397200	398.1	398100	1.8999939	1899	""osoba4""
""osoba2""		399.90002	399900	405.30002	405300	6.399994	6399	""osoba2""
""osoba3""		400.50003	400500	400.50003	400500	1.0	1000	""osoba3""
""osoba1""		401.40002	401400	403.50003	403500	3.100006	3100	""osoba1""
""osoba2""		403.80002	403800	405.30002	405300	2.5	2500	""osoba2""
""osoba4""		403.80002	403800	406.2	406200	3.399994	3399	""osoba4""
""osoba1""		405.90002	405900	414.6	414600	9.699982	9699	""osoba1""
""osoba1""		408.6	408600	414.6	414600	7.0	7000	""osoba1""
""osoba1""		412.80002	412800	414.6	414600	2.7999878	2799	""osoba1""
""osoba3""		414.90002	414900	443.1	443100	29.199982	29199	""osoba3""
""osoba2""		415.2	415200	416.1	416100	1.8999939	1899	""osoba2""
""osoba3""		417.30002	417300	443.1	443100	26.799988	26799	""osoba3""
""osoba3""		418.50003	418500	443.1	443100	25.599976	25599	""osoba3""
""osoba3""		419.40002	419400	443.1	443100	24.699982	24699	""osoba3""
""osoba3""		420.30002	420300	443.1	443100	23.799988	23799	""osoba3""
""osoba3""		421.2	421200	443.1	443100	22.899994	22899	""osoba3""
""osoba2""		423.90002	423900	423.90002	423900	1.0	1000	""osoba2""
""osoba3""		426.6	426600	443.1	443100	17.5	17500	""osoba3""
""osoba3""		427.50003	427500	443.1	443100	16.599976	16599	""osoba3""
""osoba3""		428.1	428100	443.1	443100	16.0	16000	""osoba3""
""osoba3""		430.2	430200	443.1	443100	13.899994	13899	""osoba3""
""osoba3""		431.40002	431400	443.1	443100	12.699982	12699	""osoba3""
""osoba3""		432.00003	432000	443.1	443100	12.099976	12099	""osoba3""
""osoba3""		433.50003	433500	443.1	443100	10.599976	10599	""osoba3""
""osoba3""		435.00003	435000	443.1	443100	9.099976	9099	""osoba3""
""osoba3""		437.1	437100	443.1	443100	7.0	7000	""osoba3""
""osoba3""		437.7	437700	443.1	443100	6.399994	6399	""osoba3""
""osoba3""		440.1	440100	443.1	443100	4.0	4000	""osoba3""
""osoba4""		443.40002	443400	446.7	446700	4.299988	4299	""osoba4""
""osoba4""		446.7	446700	446.7	446700	1.0	1000	""osoba4""
""osoba3""		447.30002	447300	451.50003	451500	5.200012	5200	""osoba3""
""osoba3""		449.1	449100	451.50003	451500	3.4000244	3400	""osoba3""
""osoba3""		450.00003	450000	451.50003	451500	2.5	2500	""osoba3""
""osoba3""		450.6	450600	451.50003	451500	1.9000244	1900	""osoba3""
""osoba2""		451.80002	451800	453.6	453600	2.7999878	2799	""osoba2""
""osoba2""		453.00003	453000	453.6	453600	1.5999756	1599	""osoba2""
""osoba3""		453.6	453600	457.80002	457800	5.200012	5200	""osoba3""
""osoba4""		453.90002	453900	459.90002	459900	7.0	7000	""osoba4""
""osoba1""		455.1	455100	456.00003	456000	1.9000244	1900	""osoba1""
""osoba1""		459.30002	459300	462.00003	462000	3.7000122	3700	""osoba1""
""osoba1""		460.80002	460800	462.00003	462000	2.2000122	2200	""osoba1""
""osoba1""		462.00003	462000	462.00003	462000	1.0	1000	""osoba1""
""osoba4""		462.30002	462300	465.90002	465900	4.600006	4600	""osoba4""
""osoba2""		463.80002	463800	481.50003	481500	18.700012	18700	""osoba2""
""osoba2""		467.40002	467400	481.50003	481500	15.100006	15100	""osoba2""
""osoba2""		468.00003	468000	481.50003	481500	14.5	14500	""osoba2""
""osoba1""		469.50003	469500	469.50003	469500	1.0	1000	""osoba1""
""osoba2""		471.00003	471000	481.50003	481500	11.5	11500	""osoba2""
""osoba3""		471.00003	471000	471.00003	471000	1.0	1000	""osoba3""
""osoba2""		471.6	471600	481.50003	481500	10.900024	10900	""osoba2""
""osoba2""		473.1	473100	481.50003	481500	9.400024	9400	""osoba2""
""osoba2""		474.90002	474900	481.50003	481500	7.600006	7600	""osoba2""
""osoba2""		479.1	479100	481.50003	481500	3.4000244	3400	""osoba2""
""osoba2""		479.7	479700	481.50003	481500	2.8000183	2800	""osoba2""
""osoba1""		480.00003	480000	488.1	488100	9.099976	9099	""osoba1""
""osoba4""		482.40002	482400	483.00003	483000	1.6000061	1600	""osoba4""
""osoba4""		485.40002	485400	489.6	489600	5.1999817	5199	""osoba4""
""osoba1""		486.30002	486300	488.1	488100	2.7999878	2799	""osoba1""
""osoba3""		487.2	487200	498.6	498600	12.399994	12399	""osoba3""
""osoba4""		487.2	487200	489.6	489600	3.399994	3399	""osoba4""
""osoba3""		492.00003	492000	498.6	498600	7.5999756	7599	""osoba3""
""osoba3""		492.90002	492900	498.6	498600	6.6999817	6699	""osoba3""
""osoba3""		494.7	494700	498.6	498600	4.899994	4899	""osoba3""
""osoba3""		497.1	497100	498.6	498600	2.5	2500	""osoba3""
""osoba4""		498.30002	498300	499.80002	499800	2.5	2500	""osoba4""
""osoba1""		498.90002	498900	515.4	515400	17.5	17500	""osoba1""
""osoba1""		501.90002	501900	515.4	515400	14.5	14500	""osoba1""
""osoba1""		502.50003	502500	515.4	515400	13.899994	13899	""osoba1""
""osoba1""		505.50003	505500	515.4	515400	10.899994	10899	""osoba1""
""osoba1""		507.30002	507300	515.4	515400	9.100006	9100	""osoba1""
""osoba1""		508.2	508200	515.4	515400	8.200012	8200	""osoba1""
""osoba1""		509.40002	509400	515.4	515400	7.0	7000	""osoba1""
""osoba1""		511.2	511200	515.4	515400	5.200012	5200	""osoba1""
""osoba4""		513.0	513000	516.60004	516600	4.6000366	4600	""osoba4""
""osoba4""		513.60004	513600	516.60004	516600	4.0	4000	""osoba4""
""osoba1""		514.2	514200	515.4	515400	2.2000122	2200	""osoba1""
""osoba3""		516.60004	516600	520.2	520200	4.5999756	4599	""osoba3""
""osoba3""		518.7	518700	520.2	520200	2.5	2500	""osoba3""
""osoba1""		519.9	519900	531.0	531000	12.099976	12099	""osoba1""
""osoba3""		519.9	519900	520.2	520200	1.2999878	1299	""osoba3""
""osoba1""		523.2	523200	531.0	531000	8.799988	8799	""osoba1""
""osoba1""		525.0	525000	531.0	531000	7.0	7000	""osoba1""
""osoba1""		528.60004	528600	531.0	531000	3.3999634	3399	""osoba1""
""osoba3""		530.10004	530100	541.2	541200	12.099976	12099	""osoba3""
""osoba1""		531.0	531000	531.0	531000	1.0	1000	""osoba1""
""osoba4""		531.30005	531300	531.30005	531300	1.0	1000	""osoba4""
""osoba3""		532.80005	532800	541.2	541200	9.399963	9399	""osoba3""
""osoba3""		534.0	534000	541.2	541200	8.200012	8200	""osoba3""
""osoba2""		536.7	536700	537.0	537000	1.2999878	1299	""osoba2""
""osoba1""		537.30005	537300	539.7	539700	3.3999634	3399	""osoba1""
""osoba3""		539.10004	539100	541.2	541200	3.0999756	3099	""osoba3""
""osoba3""		541.2	541200	541.2	541200	1.0	1000	""osoba3""
""osoba2""		541.5	541500	547.2	547200	6.700012	6700	""osoba2""
""osoba2""		543.60004	543600	547.2	547200	4.5999756	4599	""osoba2""
""osoba3""		546.0	546000	546.0	546000	1.0	1000	""osoba3""
""osoba4""		546.9	546900	567.30005	567300	21.400024	21400	""osoba4""
""osoba4""		548.10004	548100	567.30005	567300	20.200012	20200	""osoba4""
""osoba4""		549.9	549900	567.30005	567300	18.400024	18400	""osoba4""
""osoba4""		550.80005	550800	567.30005	567300	17.5	17500	""osoba4""
""osoba4""		554.7	554700	567.30005	567300	13.600037	13600	""osoba4""
""osoba4""		555.9	555900	567.30005	567300	12.400024	12400	""osoba4""
""osoba4""		556.80005	556800	567.30005	567300	11.5	11500	""osoba4""
""osoba4""		558.30005	558300	567.30005	567300	10.0	10000	""osoba4""
""osoba4""		564.0	564000	567.30005	567300	4.300049	4300	""osoba4""
""osoba1""		567.30005	567300	576.9	576900	10.599976	10599	""osoba1""
""osoba1""		568.80005	568800	576.9	576900	9.099976	9099	""osoba1""
""osoba1""		569.4	569400	576.9	576900	8.5	8500	""osoba1""
""osoba1""		570.30005	570300	576.9	576900	7.5999756	7599	""osoba1""
""osoba1""		572.4	572400	576.9	576900	5.5	5500	""osoba1""
""osoba2""		574.5	574500	584.7	584700	11.200012	11200	""osoba2""
""osoba4""		577.5	577500	578.10004	578100	1.6000366	1600	""osoba4""
""osoba2""		578.4	578400	584.7	584700	7.299988	7299	""osoba2""
""osoba2""		580.5	580500	584.7	584700	5.200012	5200	""osoba2""
""osoba2""		582.60004	582600	584.7	584700	3.0999756	3099	""osoba2""
""osoba1""		583.80005	583800	585.0	585000	2.1999512	2199	""osoba1""
""osoba4""		585.30005	585300	589.5	589500	5.199951	5199	""osoba4""
""osoba4""		588.0	588000	589.5	589500	2.5	2500	""osoba4""
""osoba1""		589.80005	589800	622.5	622500	33.69995	33699	""osoba1""
""osoba1""		592.2	592200	622.5	622500	31.299988	31299	""osoba1""
""osoba1""		593.10004	593100	622.5	622500	30.399963	30399	""osoba1""
""osoba1""		593.7	593700	622.5	622500	29.799988	29799	""osoba1""
""osoba3""		600.0	600000	601.80005	601800	2.8000488	2800	""osoba3""
""osoba3""		600.9	600900	601.80005	601800	1.9000244	1900	""osoba3""
""osoba1""		601.5	601500	622.5	622500	22.0	22000	""osoba1""
""osoba2""		602.4	602400	602.4	602400	1.0	1000	""osoba2""
""osoba1""		603.9	603900	622.5	622500	19.599976	19599	""osoba1""
""osoba1""		604.80005	604800	622.5	622500	18.699951	18699	""osoba1""
""osoba1""		607.5	607500	622.5	622500	16.0	16000	""osoba1""
""osoba4""		608.7	608700	608.7	608700	1.0	1000	""osoba4""
""osoba2""		611.4	611400	613.2	613200	2.7999878	2799	""osoba2""
""osoba3""		612.60004	612600	613.5	613500	1.8999634	1899	""osoba3""
""osoba1""		617.4	617400	622.5	622500	6.0999756	6099	""osoba1""
""osoba1""		618.60004	618600	622.5	622500	4.8999634	4899	""osoba1""
""osoba1""		620.10004	620100	622.5	622500	3.3999634	3399	""osoba1""
""osoba1""		621.60004	621600	622.5	622500	1.8999634	1899	""osoba1""
""osoba3""		621.60004	621600	652.2	652200	31.599976	31599	""osoba3""
""osoba3""		624.60004	624600	652.2	652200	28.599976	28599	""osoba3""
""osoba3""		625.2	625200	652.2	652200	28.0	28000	""osoba3""
""osoba3""		627.30005	627300	652.2	652200	25.899963	25899	""osoba3""
""osoba1""		627.60004	627600	630.0	630000	3.3999634	3399	""osoba1""
""osoba3""		627.9	627900	652.2	652200	25.299988	25299	""osoba3""
""osoba3""		631.80005	631800	652.2	652200	21.399963	21399	""osoba3""
""osoba3""		633.0	633000	652.2	652200	20.200012	20200	""osoba3""
""osoba3""		635.10004	635100	652.2	652200	18.099976	18099	""osoba3""
""osoba3""		636.30005	636300	652.2	652200	16.899963	16899	""osoba3""
""osoba3""		639.30005	639300	652.2	652200	13.899963	13899	""osoba3""
""osoba3""		639.9	639900	652.2	652200	13.299988	13299	""osoba3""
""osoba1""		640.5	640500	640.5	640500	1.0	1000	""osoba1""
""osoba3""		641.10004	641100	652.2	652200	12.099976	12099	""osoba3""
""osoba3""		649.80005	649800	652.2	652200	3.3999634	3399	""osoba3""
""osoba3""		651.30005	651300	652.2	652200	1.8999634	1899	""osoba3""
""osoba4""		651.30005	651300	651.9	651900	1.5999756	1599	""osoba4""
""osoba3""		654.30005	654300	667.80005	667800	14.5	14500	""osoba3""
""osoba1""		655.5	655500	655.5	655500	1.0	1000	""osoba1""
""osoba3""		655.5	655500	667.80005	667800	13.300049	13300	""osoba3""
""osoba3""		656.10004	656100	667.80005	667800	12.700012	12700	""osoba3""
""osoba3""		659.10004	659100	667.80005	667800	9.700012	9700	""osoba3""
""osoba3""		661.2	661200	667.80005	667800	7.6000366	7600	""osoba3""
""osoba3""		662.4	662400	667.80005	667800	6.4000244	6400	""osoba3""
""osoba3""		664.2	664200	667.80005	667800	4.6000366	4600	""osoba3""
""osoba3""		667.2	667200	667.80005	667800	1.6000366	1600	""osoba3""
""osoba1""		667.5	667500	678.60004	678600	12.100037	12100	""osoba1""
""osoba4""		670.2	670200	670.80005	670800	1.6000366	1600	""osoba4""
""osoba3""		671.7	671700	671.7	671700	1.0	1000	""osoba3""
""osoba1""		672.0	672000	678.60004	678600	7.6000366	7600	""osoba1""
""osoba1""		672.9	672900	678.60004	678600	6.700012	6700	""osoba1""
""osoba1""		673.80005	673800	678.60004	678600	5.799988	5799	""osoba1""
""osoba1""		675.60004	675600	678.60004	678600	4.0	4000	""osoba1""
""osoba1""		677.10004	677100	678.60004	678600	2.5	2500	""osoba1""
""osoba1""		677.7	677700	678.60004	678600	1.9000244	1900	""osoba1""
""osoba4""		677.7	677700	689.4	689400	12.700012	12700	""osoba4""
""osoba4""		679.80005	679800	689.4	689400	10.599976	10599	""osoba4""
""osoba4""		681.60004	681600	689.4	689400	8.799988	8799	""osoba4""
""osoba4""		682.80005	682800	689.4	689400	7.5999756	7599	""osoba4""
""osoba4""		684.30005	684300	689.4	689400	6.0999756	6099	""osoba4""
""osoba4""		686.7	686700	689.4	689400	3.7000122	3700	""osoba4""
""osoba4""		687.30005	687300	689.4	689400	3.0999756	3099	""osoba4""
""osoba4""		687.9	687900	689.4	689400	2.5	2500	""osoba4""
""osoba1""		688.2	688200	705.30005	705300	18.100037	18100	""osoba1""
""osoba1""		690.30005	690300	705.30005	705300	16.0	16000	""osoba1""
""osoba1""		692.10004	692100	705.30005	705300	14.200012	14200	""osoba1""
""osoba1""		692.7	692700	705.30005	705300	13.600037	13600	""osoba1""
""osoba1""		694.5	694500	705.30005	705300	11.800049	11800	""osoba1""
""osoba3""		694.80005	694800	696.30005	696300	2.5	2500	""osoba3""
""osoba1""		697.5	697500	705.30005	705300	8.800049	8800	""osoba1""
""osoba1""		700.2	700200	705.30005	705300	6.1000366	6100	""osoba1""
""osoba1""		701.7	701700	705.30005	705300	4.6000366	4600	""osoba1""
""osoba1""		702.60004	702600	705.30005	705300	3.7000122	3700	""osoba1""
""osoba1""		703.80005	703800	705.30005	705300	2.5	2500	""osoba1""
""osoba1""		705.30005	705300	705.30005	705300	1.0	1000	""osoba1""
""osoba4""		705.9	705900	713.4	713400	8.5	8500	""osoba4""
""osoba4""		707.7	707700	713.4	713400	6.700012	6700	""osoba4""
""osoba4""		708.30005	708300	713.4	713400	6.0999756	6099	""osoba4""
""osoba1""		710.4	710400	742.5	742500	33.099976	33099	""osoba1""
""osoba1""		715.2	715200	742.5	742500	28.299988	28299	""osoba1""
""osoba1""		722.4	722400	742.5	742500	21.099976	21099	""osoba1""
""osoba1""		725.7	725700	742.5	742500	17.799988	17799	""osoba1""
""osoba3""		731.7	731700	731.7	731700	1.0	1000	""osoba3""
""osoba1""		732.30005	732300	742.5	742500	11.199951	11199	""osoba1""
""osoba1""		740.10004	740100	742.5	742500	3.3999634	3399	""osoba1""
""osoba1""		742.2	742200	742.5	742500	1.2999878	1299	""osoba1""
""osoba3""		742.80005	742800	755.10004	755100	13.299988	13299	""osoba3""
""osoba3""		743.7	743700	755.10004	755100	12.400024	12400	""osoba3""
""osoba3""		744.30005	744300	755.10004	755100	11.799988	11799	""osoba3""
""osoba3""		745.5	745500	755.10004	755100	10.600037	10600	""osoba3""
""osoba4""		745.80005	745800	747.30005	747300	2.5	2500	""osoba4""
""osoba3""		749.4	749400	755.10004	755100	6.700012	6700	""osoba3""
""osoba3""		750.0	750000	755.10004	755100	6.1000366	6100	""osoba3""
""osoba3""		750.60004	750600	755.10004	755100	5.5	5500	""osoba3""
""osoba3""		753.0	753000	755.10004	755100	3.1000366	3100	""osoba3""
""osoba3""		753.9	753900	755.10004	755100	2.2000122	2200	""osoba3""
""osoba1""		754.2	754200	766.2	766200	13.0	13000	""osoba1""
""osoba1""		758.7	758700	766.2	766200	8.5	8500	""osoba1""
""osoba1""		759.9	759900	766.2	766200	7.299988	7299	""osoba1""
""osoba3""		759.9	759900	773.4	773400	14.5	14500	""osoba3""
""osoba1""		765.0	765000	766.2	766200	2.2000122	2200	""osoba1""
""osoba3""		768.0	768000	773.4	773400	6.4000244	6400	""osoba3""
""osoba3""		770.10004	770100	773.4	773400	4.299988	4299	""osoba3""
""osoba3""		771.30005	771300	773.4	773400	3.0999756	3099	""osoba3""
""osoba3""		772.2	772200	773.4	773400	2.2000122	2200	""osoba3""
""osoba1""		773.10004	773100	779.7	779700	7.5999756	7599	""osoba1""
""osoba3""		773.10004	773100	773.4	773400	1.2999878	1299	""osoba3""
""osoba1""		777.60004	777600	779.7	779700	3.0999756	3099	""osoba1""
""osoba2""		777.60004	777600	777.9	777900	1.2999878	1299	""osoba2""
""osoba3""		779.4	779400	815.4	815400	37.0	37000	""osoba3""
""osoba1""		779.7	779700	779.7	779700	1.0	1000	""osoba1""
""osoba4""		779.7	779700	781.80005	781800	3.1000366	3100	""osoba4""
""osoba2""		781.2	781200	782.4	782400	2.2000122	2200	""osoba2""
""osoba3""		786.00006	786000	815.4	815400	30.399963	30399	""osoba3""
""osoba3""		787.80005	787800	815.4	815400	28.599976	28599	""osoba3""
""osoba3""		789.00006	789000	815.4	815400	27.399963	27399	""osoba3""
""osoba3""		790.2	790200	815.4	815400	26.200012	26200	""osoba3""
""osoba3""		792.00006	792000	815.4	815400	24.399963	24399	""osoba3""
""osoba1""		793.2	793200	795.30005	795300	3.1000366	3100	""osoba1""
""osoba3""		793.2	793200	815.4	815400	23.200012	23200	""osoba3""
""osoba3""		796.80005	796800	815.4	815400	19.599976	19599	""osoba3""
""osoba4""		797.10004	797100	799.2	799200	3.0999756	3099	""osoba4""
""osoba3""		801.30005	801300	815.4	815400	15.099976	15099	""osoba3""
""osoba3""		802.50006	802500	815.4	815400	13.899963	13899	""osoba3""
""osoba1""		803.10004	803100	807.9	807900	5.799988	5799	""osoba1""
""osoba3""		803.10004	803100	815.4	815400	13.299988	13299	""osoba3""
""osoba3""		806.4	806400	815.4	815400	10.0	10000	""osoba3""
""osoba1""		806.7	806700	807.9	807900	2.2000122	2200	""osoba1""
""osoba3""		810.9	810900	815.4	815400	5.5	5500	""osoba3""
""osoba3""		813.9	813900	815.4	815400	2.5	2500	""osoba3""
""osoba3""		815.10004	815100	815.4	815400	1.2999878	1299	""osoba3""
""osoba1""		815.7	815700	819.9	819900	5.200012	5200	""osoba1""
""osoba1""		816.9	816900	819.9	819900	4.0	4000	""osoba1""
""osoba1""		819.30005	819300	819.9	819900	1.5999756	1599	""osoba1""
""osoba3""		819.9	819900	825.30005	825300	6.4000244	6400	""osoba3""
""osoba3""		821.10004	821100	825.30005	825300	5.200012	5200	""osoba3""
""osoba3""		821.7	821700	825.30005	825300	4.6000366	4600	""osoba3""
""osoba1""		825.00006	825000	855.00006	855000	31.0	31000	""osoba1""
""osoba1""		830.4	830400	855.00006	855000	25.600037	25600	""osoba1""
""osoba3""		832.80005	832800	834.00006	834000	2.2000122	2200	""osoba3""
""osoba1""		833.10004	833100	855.00006	855000	22.900024	22900	""osoba1""
""osoba3""		834.00006	834000	834.00006	834000	1.0	1000	""osoba3""
""osoba1""		834.60004	834600	855.00006	855000	21.400024	21400	""osoba1""
""osoba2""		834.60004	834600	834.60004	834600	1.0	1000	""osoba2""
""osoba1""		840.00006	840000	855.00006	855000	16.0	16000	""osoba1""
""osoba3""		841.80005	841800	842.4	842400	1.5999756	1599	""osoba3""
""osoba1""		843.9	843900	855.00006	855000	12.100037	12100	""osoba1""
""osoba1""		845.4	845400	855.00006	855000	10.600037	10600	""osoba1""
""osoba1""		848.7	848700	855.00006	855000	7.300049	7300	""osoba1""
""osoba1""		851.10004	851100	855.00006	855000	4.9000244	4900	""osoba1""
""osoba1""		852.60004	852600	855.00006	855000	3.4000244	3400	""osoba1""
""osoba1""		853.2	853200	855.00006	855000	2.8000488	2800	""osoba1""
""osoba4""		853.80005	853800	857.7	857700	4.8999634	4899	""osoba4""
""osoba4""		857.10004	857100	857.7	857700	1.5999756	1599	""osoba4""
""osoba1""		858.00006	858000	863.4	863400	6.3999634	6399	""osoba1""
""osoba1""		862.50006	862500	863.4	863400	1.8999634	1899	""osoba1""
""osoba4""		862.50006	862500	871.80005	871800	10.299988	10299	""osoba4""
""osoba4""		864.30005	864300	871.80005	871800	8.5	8500	""osoba4""
""osoba4""		865.2	865200	871.80005	871800	7.6000366	7600	""osoba4""
""osoba4""		866.4	866400	871.80005	871800	6.4000244	6400	""osoba4""
""osoba4""		867.9	867900	871.80005	871800	4.9000244	4900	""osoba4""
""osoba1""		870.30005	870300	877.50006	877500	8.200012	8200	""osoba1""
""osoba4""		870.30005	870300	871.80005	871800	2.5	2500	""osoba4""
""osoba2""		872.10004	872100	874.50006	874500	3.4000244	3400	""osoba2""
""osoba1""		875.7	875700	877.50006	877500	2.8000488	2800	""osoba1""
""osoba1""		876.9	876900	877.50006	877500	1.6000366	1600	""osoba1""
""osoba4""		877.50006	877500	884.7	884700	8.199951	8199	""osoba4""
""osoba4""		883.80005	883800	884.7	884700	1.8999634	1899	""osoba4""
""osoba3""		884.7	884700	887.4	887400	3.7000122	3700	""osoba3""
""osoba4""		884.7	884700	884.7	884700	1.0	1000	""osoba4""
""osoba2""		887.10004	887100	912.00006	912000	25.900024	25900	""osoba2""
""osoba2""		889.80005	889800	912.00006	912000	23.200012	23200	""osoba2""
""osoba2""		891.60004	891600	912.00006	912000	21.400024	21400	""osoba2""
""osoba1""		892.50006	892500	897.00006	897000	5.5	5500	""osoba1""
""osoba1""		894.60004	894600	897.00006	897000	3.4000244	3400	""osoba1""
""osoba4""		894.9	894900	895.80005	895800	1.9000244	1900	""osoba4""
""osoba2""		897.9	897900	912.00006	912000	15.100037	15100	""osoba2""
""osoba2""		900.30005	900300	912.00006	912000	12.700012	12700	""osoba2""
""osoba3""		900.60004	900600	900.60004	900600	1.0	1000	""osoba3""
""osoba2""		901.50006	901500	912.00006	912000	11.5	11500	""osoba2""
""osoba2""		904.80005	904800	912.00006	912000	8.200012	8200	""osoba2""
""osoba2""		905.7	905700	912.00006	912000	7.300049	7300	""osoba2""
""osoba2""		906.30005	906300	912.00006	912000	6.700012	6700	""osoba2""
""osoba2""		908.4	908400	912.00006	912000	4.6000366	4600	""osoba2""
""osoba2""		909.30005	909300	912.00006	912000	3.7000122	3700	""osoba2""
""osoba2""		912.00006	912000	912.00006	912000	1.0	1000	""osoba2""
""osoba4""		912.30005	912300	935.4	935400	24.099976	24099	""osoba4""
""osoba4""		914.7	914700	935.4	935400	21.700012	21700	""osoba4""
""osoba3""		915.30005	915300	921.9	921900	7.5999756	7599	""osoba3""
""osoba3""		917.7	917700	921.9	921900	5.200012	5200	""osoba3""
""osoba4""		918.00006	918000	935.4	935400	18.399963	18399	""osoba4""
""osoba1""		922.2	922200	924.00006	924000	2.8000488	2800	""osoba1""
""osoba1""		923.7	923700	924.00006	924000	1.3000488	1300	""osoba1""
""osoba1""		926.7	926700	927.9	927900	2.2000122	2200	""osoba1""
""osoba4""		927.9	927900	935.4	935400	8.5	8500	""osoba4""
""osoba4""		930.00006	930000	935.4	935400	6.3999634	6399	""osoba4""
""osoba4""		931.2	931200	935.4	935400	5.200012	5200	""osoba4""
""osoba4""		932.7	932700	935.4	935400	3.7000122	3700	""osoba4""
""osoba3""		934.2	934200	954.60004	954600	21.400024	21400	""osoba3""
""osoba3""		937.50006	937500	954.60004	954600	18.099976	18099	""osoba3""
""osoba1""		938.4	938400	939.30005	939300	1.9000244	1900	""osoba1""
""osoba3""		938.7	938700	954.60004	954600	16.900024	16900	""osoba3""
""osoba4""		939.00006	939000	939.00006	939000	1.0	1000	""osoba4""
""osoba3""		941.10004	941100	954.60004	954600	14.5	14500	""osoba3""
""osoba2""		943.2	943200	945.60004	945600	3.4000244	3400	""osoba2""
""osoba3""		945.9	945900	954.60004	954600	9.700012	9700	""osoba3""
""osoba3""		946.80005	946800	954.60004	954600	8.799988	8799	""osoba3""
""osoba3""		949.2	949200	954.60004	954600	6.4000244	6400	""osoba3""
""osoba3""		951.9	951900	954.60004	954600	3.7000122	3700	""osoba3""
""osoba1""		953.7	953700	954.9	954900	2.2000122	2200	""osoba1""
""osoba4""		955.2	955200	960.60004	960600	6.4000244	6400	""osoba4""
""osoba2""		958.2	958200	961.50006	961500	4.300049	4300	""osoba2""
""osoba3""		960.60004	960600	966.9	966900	7.299988	7299	""osoba3""
""osoba3""		962.7	962700	966.9	966900	5.200012	5200	""osoba3""
""osoba3""		963.60004	963600	966.9	966900	4.299988	4299	""osoba3""
""osoba3""		964.80005	964800	966.9	966900	3.0999756	3099	""osoba3""
""osoba3""		965.4	965400	966.9	966900	2.5	2500	""osoba3""
""osoba1""		967.2	967200	984.00006	984000	17.800049	17800	""osoba1""
""osoba1""		968.4	968400	984.00006	984000	16.600037	16600	""osoba1""
""osoba1""		970.50006	970500	984.00006	984000	14.5	14500	""osoba1""
""osoba3""		971.7	971700	972.30005	972300	1.6000366	1600	""osoba3""
""osoba1""		972.9	972900	984.00006	984000	12.100037	12100	""osoba1""
""osoba1""		973.80005	973800	984.00006	984000	11.200012	11200	""osoba1""
""osoba4""		979.2	979200	979.50006	979500	1.3000488	1300	""osoba4""
""osoba1""		980.4	980400	984.00006	984000	4.6000366	4600	""osoba1""
""osoba1""		981.00006	981000	984.00006	984000	4.0	4000	""osoba1""
""osoba1""		981.60004	981600	984.00006	984000	3.4000244	3400	""osoba1""
""osoba3""		982.50006	982500	993.30005	993300	11.799988	11799	""osoba3""
""osoba3""		988.80005	988800	993.30005	993300	5.5	5500	""osoba3""
""osoba4""		989.7	989700	1000.50006	1000500	11.800049	11800	""osoba4""
""osoba4""		995.10004	995100	1000.50006	1000500	6.4000244	6400	""osoba4""
""osoba4""		996.00006	996000	1000.50006	1000500	5.5	5500	""osoba4""
""osoba1""		997.2	997200	998.10004	998100	1.9000244	1900	""osoba1""
""osoba3""		998.10004	998100	1010.7	1010700	13.599976	13599	""osoba3""
""osoba4""		998.10004	998100	1000.50006	1000500	3.4000244	3400	""osoba4""
""osoba4""		999.60004	999600	1000.50006	1000500	1.9000244	1900	""osoba4""
""osoba3""		999.9	999900	1010.7	1010700	11.799988	11799	""osoba3""
""osoba1""		1000.80005	1000800	1000.80005	1000800	1.0	1000	""osoba1""
""osoba3""		1003.2	1003200	1010.7	1010700	8.5	8500	""osoba3""
""osoba3""		1004.4	1004400	1010.7	1010700	7.299988	7299	""osoba3""
""osoba3""		1006.2	1006200	1010.7	1010700	5.5	5500	""osoba3""
""osoba3""		1006.80005	1006800	1010.7	1010700	4.8999634	4899	""osoba3""
""osoba3""		1008.00006	1008000	1010.7	1010700	3.6999512	3699	""osoba3""
""osoba3""		1009.2	1009200	1010.7	1010700	2.5	2500	""osoba3""
""osoba3""		1010.4	1010400	1010.7	1010700	1.2999878	1299	""osoba3""
""osoba1""		1011.00006	1011000	1011.00006	1011000	1.0	1000	""osoba1""
""osoba4""		1011.30005	1011300	1021.2	1021200	10.899963	10899	""osoba4""
""osoba4""		1012.80005	1012800	1021.2	1021200	9.399963	9399	""osoba4""
""osoba4""		1017.30005	1017300	1021.2	1021200	4.8999634	4899	""osoba4""
""osoba4""		1018.50006	1018500	1021.2	1021200	3.6999512	3699	""osoba4""
""osoba3""		1019.4	1019400	1020.30005	1020300	1.9000244	1900	""osoba3""
""osoba4""		1020.60004	1020600	1021.2	1021200	1.5999756	1599	""osoba4""
""osoba1""		1021.2	1021200	1026.9	1026900	6.700012	6700	""osoba1""
""osoba1""		1024.5	1024500	1026.9	1026900	3.4000244	3400	""osoba1""
""osoba3""		1024.5	1024500	1044.9	1044900	21.400024	21400	""osoba3""
""osoba3""		1026.0	1026000	1044.9	1044900	19.900024	19900	""osoba3""
""osoba3""		1028.7001	1028700	1044.9	1044900	17.199951	17199	""osoba3""
""osoba3""		1029.3	1029300	1044.9	1044900	16.599976	16599	""osoba3""
""osoba3""		1031.1001	1031100	1044.9	1044900	14.799927	14799	""osoba3""
""osoba3""		1033.2001	1033200	1044.9	1044900	12.699951	12699	""osoba3""
""osoba1""		1035.0	1035000	1035.0	1035000	1.0	1000	""osoba1""
""osoba3""		1035.0	1035000	1044.9	1044900	10.900024	10900	""osoba3""
""osoba3""		1038.0	1038000	1044.9	1044900	7.9000244	7900	""osoba3""
""osoba3""		1040.7001	1040700	1044.9	1044900	5.199951	5199	""osoba3""
""osoba3""		1042.2001	1042200	1044.9	1044900	3.6999512	3699	""osoba3""
""osoba3""		1043.4	1043400	1044.9	1044900	2.5	2500	""osoba3""
""osoba3""		1044.3	1044300	1044.9	1044900	1.5999756	1599	""osoba3""
""osoba4""		1044.3	1044300	1046.1001	1046100	2.8000488	2800	""osoba4""
""osoba1""		1046.1001	1046100	1053.6001	1053600	8.5	8500	""osoba1""
""osoba1""		1047.6001	1047600	1053.6001	1053600	7.0	7000	""osoba1""
""osoba1""		1049.1001	1049100	1053.6001	1053600	5.5	5500	""osoba1""
""osoba2""		1053.6001	1053600	1056.6001	1056600	4.0	4000	""osoba2""
""osoba2""		1055.1001	1055100	1056.6001	1056600	2.5	2500	""osoba2""
""osoba2""		1055.7001	1055700	1056.6001	1056600	1.9000244	1900	""osoba2""
""osoba3""		1056.6001	1056600	1059.9	1059900	4.2999268	4299	""osoba3""
""osoba1""		1059.6001	1059600	1060.2001	1060200	1.5999756	1599	""osoba1""
""osoba4""		1059.9	1059900	1069.8	1069800	10.900024	10900	""osoba4""
""osoba4""		1061.7001	1061700	1069.8	1069800	9.099976	9099	""osoba4""
""osoba1""		1062.3	1062300	1062.6001	1062600	1.3000488	1300	""osoba1""
""osoba4""		1063.2001	1063200	1069.8	1069800	7.5999756	7599	""osoba4""
""osoba4""		1064.4	1064400	1069.8	1069800	6.4000244	6400	""osoba4""
""osoba4""		1065.9	1065900	1069.8	1069800	4.9000244	4900	""osoba4""
""osoba4""		1068.3	1068300	1069.8	1069800	2.5	2500	""osoba4""
""osoba3""		1068.9	1068900	1072.8	1072800	4.9000244	4900	""osoba3""
""osoba1""		1070.4	1070400	1113.6001	1113600	44.200073	44200	""osoba1""
""osoba1""		1071.9	1071900	1113.6001	1113600	42.700073	42700	""osoba1""
""osoba1""		1073.7001	1073700	1113.6001	1113600	40.900024	40900	""osoba1""
""osoba1""		1077.3	1077300	1113.6001	1113600	37.30005	37300	""osoba1""
""osoba1""		1077.9	1077900	1113.6001	1113600	36.700073	36700	""osoba1""
""osoba3""		1078.5	1078500	1079.1001	1079100	1.6000977	1600	""osoba3""
""osoba1""		1078.8	1078800	1113.6001	1113600	35.80005	35800	""osoba1""
""osoba1""		1080.0	1080000	1113.6001	1113600	34.600098	34600	""osoba1""
""osoba1""		1081.2001	1081200	1113.6001	1113600	33.400024	33400	""osoba1""
""osoba1""		1081.8	1081800	1113.6001	1113600	32.80005	32800	""osoba1""
""osoba1""		1082.7001	1082700	1113.6001	1113600	31.900024	31900	""osoba1""
""osoba1""		1086.6001	1086600	1113.6001	1113600	28.0	28000	""osoba1""
""osoba1""		1088.7001	1088700	1113.6001	1113600	25.900024	25900	""osoba1""
""osoba1""		1095.6001	1095600	1113.6001	1113600	19.0	19000	""osoba1""
""osoba1""		1096.5	1096500	1113.6001	1113600	18.100098	18100	""osoba1""
""osoba3""		1097.7001	1097700	1098.3	1098300	1.5999756	1599	""osoba3""
""osoba1""		1100.7001	1100700	1113.6001	1113600	13.900024	13900	""osoba1""
""osoba1""		1101.6001	1101600	1113.6001	1113600	13.0	13000	""osoba1""
""osoba1""		1103.7001	1103700	1113.6001	1113600	10.900024	10900	""osoba1""
""osoba1""		1104.6001	1104600	1113.6001	1113600	10.0	10000	""osoba1""
""osoba1""		1105.5	1105500	1113.6001	1113600	9.100098	9100	""osoba1""
""osoba1""		1107.0	1107000	1113.6001	1113600	7.6000977	7600	""osoba1""
""osoba1""		1107.9	1107900	1113.6001	1113600	6.7000732	6700	""osoba1""
""osoba1""		1110.0	1110000	1113.6001	1113600	4.6000977	4600	""osoba1""
""osoba1""		1112.1001	1112100	1113.6001	1113600	2.5	2500	""osoba1""
""osoba3""		1113.0	1113000	1124.1001	1124100	12.100098	12100	""osoba3""
""osoba3""		1115.1001	1115100	1124.1001	1124100	10.0	10000	""osoba3""
""osoba4""		1116.9	1116900	1120.2001	1120200	4.300049	4300	""osoba4""
""osoba3""		1117.8	1117800	1124.1001	1124100	7.300049	7300	""osoba3""
""osoba3""		1120.2001	1120200	1124.1001	1124100	4.9000244	4900	""osoba3""
""osoba2""		1122.6001	1122600	1126.8	1126800	5.199951	5199	""osoba2""
""osoba1""		1125.6001	1125600	1151.7001	1151700	27.099976	27099	""osoba1""
""osoba1""		1126.5	1126500	1151.7001	1151700	26.200073	26200	""osoba1""
""osoba2""		1126.8	1126800	1126.8	1126800	1.0	1000	""osoba2""
""osoba1""		1127.7001	1127700	1151.7001	1151700	25.0	25000	""osoba1""
""osoba2""		1130.1001	1130100	1130.1001	1130100	1.0	1000	""osoba2""
""osoba1""		1131.0	1131000	1151.7001	1151700	21.700073	21700	""osoba1""
""osoba1""		1137.0	1137000	1151.7001	1151700	15.700073	15700	""osoba1""
""osoba1""		1139.1001	1139100	1151.7001	1151700	13.599976	13599	""osoba1""
""osoba1""		1140.3	1140300	1151.7001	1151700	12.400024	12400	""osoba1""
""osoba1""		1143.0	1143000	1151.7001	1151700	9.700073	9700	""osoba1""
""osoba1""		1143.6001	1143600	1151.7001	1151700	9.099976	9099	""osoba1""
""osoba1""		1145.4	1145400	1151.7001	1151700	7.300049	7300	""osoba1""
""osoba1""		1149.0	1149000	1151.7001	1151700	3.7000732	3700	""osoba1""
""osoba1""		1149.6001	1149600	1151.7001	1151700	3.0999756	3099	""osoba1""
""osoba3""		1150.8	1150800	1163.7001	1163700	13.900024	13900	""osoba3""
""osoba3""		1153.5	1153500	1163.7001	1163700	11.200073	11200	""osoba3""
""osoba3""		1154.1001	1154100	1163.7001	1163700	10.599976	10599	""osoba3""
""osoba2""		1155.3	1155300	1158.0	1158000	3.6999512	3699	""osoba2""
""osoba2""		1157.4	1157400	1158.0	1158000	1.5999756	1599	""osoba2""
""osoba4""		1159.2001	1159200	1160.1001	1160100	1.9000244	1900	""osoba4""
""osoba3""		1162.8	1162800	1163.7001	1163700	1.9000244	1900	""osoba3""
""osoba4""		1163.7001	1163700	1169.1001	1169100	6.4000244	6400	""osoba4""
""osoba1""		1164.0	1164000	1164.3	1164300	1.3000488	1300	""osoba1""
""osoba4""		1168.5	1168500	1169.1001	1169100	1.6000977	1600	""osoba4""
""osoba2""		1168.8	1168800	1176.9	1176900	9.099976	9099	""osoba2""
""osoba2""		1170.0	1170000	1176.9	1176900	7.9000244	7900	""osoba2""
""osoba2""		1171.8	1171800	1176.9	1176900	6.0999756	6099	""osoba2""
""osoba2""		1174.2001	1174200	1176.9	1176900	3.6999512	3699	""osoba2""
""osoba3""		1175.1001	1175100	1181.7001	1181700	7.5999756	7599	""osoba3""
""osoba4""		1175.4	1175400	1175.4	1175400	1.0	1000	""osoba4""
""osoba3""		1177.8	1177800	1181.7001	1181700	4.9000244	4900	""osoba3""
""osoba3""		1179.3	1179300	1181.7001	1181700	3.4000244	3400	""osoba3""
""osoba4""		1179.6001	1179600	1179.6001	1179600	1.0	1000	""osoba4""
""osoba2""		1180.8	1180800	1195.2001	1195200	15.400024	15400	""osoba2""
""osoba3""		1180.8	1180800	1181.7001	1181700	1.9000244	1900	""osoba3""
""osoba2""		1183.2001	1183200	1195.2001	1195200	13.0	13000	""osoba2""
""osoba2""		1186.8	1186800	1195.2001	1195200	9.400024	9400	""osoba2""
""osoba2""		1190.1001	1190100	1195.2001	1195200	6.0999756	6099	""osoba2""
""osoba3""		1191.0	1191000	1191.6001	1191600	1.6000977	1600	""osoba3""
""osoba2""		1191.3	1191300	1195.2001	1195200	4.9000244	4900	""osoba2""
""osoba2""		1192.2001	1192200	1195.2001	1195200	4.0	4000	""osoba2""
""osoba1""		1193.1001	1193100	1197.6001	1197600	5.5	5500	""osoba1""
""osoba1""		1194.6001	1194600	1197.6001	1197600	4.0	4000	""osoba1""
""osoba2""		1194.9	1194900	1195.2001	1195200	1.3000488	1300	""osoba2""
""osoba1""		1196.7001	1196700	1197.6001	1197600	1.9000244	1900	""osoba1""
""osoba2""		1197.9	1197900	1200.3	1200300	3.4000244	3400	""osoba2""
""osoba4""		1198.8	1198800	1206.9	1206900	9.099976	9099	""osoba4""
""osoba4""		1201.5	1201500	1206.9	1206900	6.4000244	6400	""osoba4""
""osoba4""		1202.1001	1202100	1206.9	1206900	5.7999268	5799	""osoba4""
""osoba4""		1204.5	1204500	1206.9	1206900	3.4000244	3400	""osoba4""
""osoba3""		1206.9	1206900	1211.4	1211400	5.5	5500	""osoba3""
""osoba4""		1206.9	1206900	1206.9	1206900	1.0	1000	""osoba4""
""osoba4""		1209.0	1209000	1230.0	1230000	22.0	22000	""osoba4""
""osoba3""		1210.2001	1210200	1211.4	1211400	2.1999512	2199	""osoba3""
""osoba1""		1212.6001	1212600	1212.6001	1212600	1.0	1000	""osoba1""
""osoba3""		1214.7001	1214700	1218.9	1218900	5.199951	5199	""osoba3""
""osoba1""		1215.3	1215300	1215.3	1215300	1.0	1000	""osoba1""
""osoba4""		1220.1001	1220100	1230.0	1230000	10.899902	10899	""osoba4""
""osoba1""		1221.3	1221300	1221.3	1221300	1.0	1000	""osoba1""
""osoba4""		1223.4	1223400	1230.0	1230000	7.5999756	7599	""osoba4""
""osoba4""		1226.1001	1226100	1230.0	1230000	4.8999023	4899	""osoba4""
""osoba4""		1228.5	1228500	1230.0	1230000	2.5	2500	""osoba4""
""osoba4""		1229.4	1229400	1230.0	1230000	1.5999756	1599	""osoba4""
""osoba1""		1230.3	1230300	1258.8	1258800	29.5	29500	""osoba1""
""osoba1""		1230.9	1230900	1258.8	1258800	28.900024	28900	""osoba1""
""osoba1""		1233.0	1233000	1258.8	1258800	26.800049	26800	""osoba1""
""osoba1""		1233.9	1233900	1258.8	1258800	25.900024	25900	""osoba1""
""osoba1""		1234.8	1234800	1258.8	1258800	25.0	25000	""osoba1""
""osoba1""		1235.7001	1235700	1258.8	1258800	24.099976	24099	""osoba1""
""osoba1""		1238.1001	1238100	1258.8	1258800	21.699951	21699	""osoba1""
""osoba4""		1238.4	1238400	1239.6001	1239600	2.2000732	2200	""osoba4""
""osoba1""		1238.7001	1238700	1258.8	1258800	21.099976	21099	""osoba1""
""osoba1""		1241.4	1241400	1258.8	1258800	18.400024	18400	""osoba1""
""osoba1""		1243.8	1243800	1258.8	1258800	16.0	16000	""osoba1""
""osoba1""		1246.8	1246800	1258.8	1258800	13.0	13000	""osoba1""
""osoba1""		1248.0	1248000	1258.8	1258800	11.800049	11800	""osoba1""
""osoba1""		1249.8	1249800	1258.8	1258800	10.0	10000	""osoba1""
""osoba1""		1250.7001	1250700	1258.8	1258800	9.099976	9099	""osoba1""
""osoba1""		1251.3	1251300	1258.8	1258800	8.5	8500	""osoba1""
""osoba1""		1253.1001	1253100	1258.8	1258800	6.699951	6699	""osoba1""
""osoba1""		1257.3	1257300	1258.8	1258800	2.5	2500	""osoba1""
""osoba1""		1258.8	1258800	1258.8	1258800	1.0	1000	""osoba1""
""osoba2""		1260.3	1260300	1264.5	1264500	5.199951	5199	""osoba2""
""osoba2""		1261.2001	1261200	1264.5	1264500	4.2999268	4299	""osoba2""
""osoba2""		1261.8	1261800	1264.5	1264500	3.6999512	3699	""osoba2""
""osoba3""		1262.1001	1262100	1274.1001	1274100	13.0	13000	""osoba3""
""osoba4""		1262.1001	1262100	1263.3	1263300	2.1999512	2199	""osoba4""
""osoba3""		1264.5	1264500	1274.1001	1274100	10.600098	10600	""osoba3""
""osoba3""		1265.4	1265400	1274.1001	1274100	9.700073	9700	""osoba3""
""osoba3""		1266.3	1266300	1274.1001	1274100	8.800049	8800	""osoba3""
""osoba3""		1267.5	1267500	1274.1001	1274100	7.6000977	7600	""osoba3""
""osoba3""		1269.0	1269000	1274.1001	1274100	6.1000977	6100	""osoba3""
""osoba3""		1269.9	1269900	1274.1001	1274100	5.2000732	5200	""osoba3""
""osoba3""		1272.0	1272000	1274.1001	1274100	3.1000977	3100	""osoba3""
""osoba3""		1272.6001	1272600	1274.1001	1274100	2.5	2500	""osoba3""
""osoba4""		1273.2001	1273200	1277.1001	1277100	4.9000244	4900	""osoba4""
""osoba4""		1275.9	1275900	1277.1001	1277100	2.2000732	2200	""osoba4""
""osoba3""		1276.8	1276800	1286.1001	1286100	10.300049	10300	""osoba3""
""osoba2""		1278.0	1278000	1278.0	1278000	1.0	1000	""osoba2""
""osoba3""		1278.6001	1278600	1286.1001	1286100	8.5	8500	""osoba3""
""osoba3""		1279.2001	1279200	1286.1001	1286100	7.9000244	7900	""osoba3""
""osoba3""		1282.5	1282500	1286.1001	1286100	4.6000977	4600	""osoba3""
""osoba3""		1284.0	1284000	1286.1001	1286100	3.1000977	3100	""osoba3""
""osoba2""		1285.5	1285500	1292.1001	1292100	7.6000977	7600	""osoba2""
""osoba2""		1287.0	1287000	1292.1001	1292100	6.1000977	6100	""osoba2""
""osoba2""		1288.5	1288500	1292.1001	1292100	4.6000977	4600	""osoba2""
""osoba1""		1289.4	1289400	1291.5	1291500	3.0999756	3099	""osoba1""
""osoba3""		1291.8	1291800	1299.0	1299000	8.199951	8199	""osoba3""
""osoba3""		1294.8	1294800	1299.0	1299000	5.199951	5199	""osoba3""
""osoba4""		1296.3	1296300	1310.4	1310400	15.099976	15099	""osoba4""
""osoba4""		1300.5	1300500	1310.4	1310400	10.900024	10900	""osoba4""
""osoba4""		1303.2001	1303200	1310.4	1310400	8.199951	8199	""osoba4""
""osoba4""		1304.1001	1304100	1310.4	1310400	7.2999268	7299	""osoba4""
""osoba4""		1306.2001	1306200	1310.4	1310400	5.199951	5199	""osoba4""
""osoba4""		1307.4	1307400	1310.4	1310400	4.0	4000	""osoba4""
""osoba4""		1308.6001	1308600	1310.4	1310400	2.7999268	2799	""osoba4""
""osoba1""		1309.5	1309500	1324.5	1324500	16.0	16000	""osoba1""
""osoba1""		1311.3	1311300	1324.5	1324500	14.199951	14199	""osoba1""
""osoba1""		1311.9	1311900	1324.5	1324500	13.599976	13599	""osoba1""
""osoba1""		1313.4	1313400	1324.5	1324500	12.099976	12099	""osoba1""
""osoba1""		1314.0	1314000	1324.5	1324500	11.5	11500	""osoba1""
""osoba4""		1316.4	1316400	1317.9	1317900	2.5	2500	""osoba4""
""osoba4""		1317.3	1317300	1317.9	1317900	1.5999756	1599	""osoba4""
""osoba1""		1317.9	1317900	1324.5	1324500	7.5999756	7599	""osoba1""
""osoba1""		1318.8	1318800	1324.5	1324500	6.699951	6699	""osoba1""
""osoba4""		1320.6001	1320600	1329.0	1329000	9.399902	9399	""osoba4""
""osoba1""		1321.8	1321800	1324.5	1324500	3.6999512	3699	""osoba1""
""osoba4""		1321.8	1321800	1329.0	1329000	8.199951	8199	""osoba4""
""osoba4""		1325.1001	1325100	1329.0	1329000	4.8999023	4899	""osoba4""
""osoba4""		1325.7001	1325700	1329.0	1329000	4.2999268	4299	""osoba4""
""osoba1""		1326.6001	1326600	1337.4	1337400	11.799927	11799	""osoba1""
""osoba1""		1327.5	1327500	1337.4	1337400	10.900024	10900	""osoba1""
""osoba1""		1332.3	1332300	1337.4	1337400	6.0999756	6099	""osoba1""
""osoba1""		1333.5	1333500	1337.4	1337400	4.9000244	4900	""osoba1""
""osoba1""		1334.1001	1334100	1337.4	1337400	4.2999268	4299	""osoba1""
""osoba1""		1335.6001	1335600	1337.4	1337400	2.7999268	2799	""osoba1""
""osoba2""		1336.8	1336800	1346.4	1346400	10.599976	10599	""osoba2""
""osoba2""		1340.1001	1340100	1346.4	1346400	7.2999268	7299	""osoba2""
""osoba2""		1341.0	1341000	1346.4	1346400	6.4000244	6400	""osoba2""
""osoba2""		1343.4	1343400	1346.4	1346400	4.0	4000	""osoba2""
""osoba1""		1346.1001	1346100	1377.0	1377000	31.899902	31899	""osoba1""
""osoba1""		1347.3	1347300	1377.0	1377000	30.699951	30699	""osoba1""
""osoba1""		1348.8	1348800	1377.0	1377000	29.199951	29199	""osoba1""
""osoba1""		1349.4	1349400	1377.0	1377000	28.599976	28599	""osoba1""
""osoba1""		1351.2001	1351200	1377.0	1377000	26.799927	26799	""osoba1""
""osoba1""		1353.0	1353000	1377.0	1377000	25.0	25000	""osoba1""
""osoba1""		1353.9	1353900	1377.0	1377000	24.099976	24099	""osoba1""
""osoba1""		1355.1001	1355100	1377.0	1377000	22.899902	22899	""osoba1""
""osoba1""		1361.4	1361400	1377.0	1377000	16.599976	16599	""osoba1""
""osoba1""		1367.7001	1367700	1377.0	1377000	10.299927	10299	""osoba1""
""osoba1""		1368.9	1368900	1377.0	1377000	9.099976	9099	""osoba1""
""osoba1""		1369.5	1369500	1377.0	1377000	8.5	8500	""osoba1""
""osoba4""		1369.5	1369500	1370.1001	1370100	1.6000977	1600	""osoba4""
""osoba1""		1371.9	1371900	1377.0	1377000	6.0999756	6099	""osoba1""
""osoba1""		1372.8	1372800	1377.0	1377000	5.199951	5199	""osoba1""
""osoba3""		1373.1001	1373100	1373.7001	1373700	1.5999756	1599	""osoba3""
""osoba1""		1374.6001	1374600	1377.0	1377000	3.3999023	3399	""osoba1""
""osoba4""		1376.1001	1376100	1382.4	1382400	7.2999268	7299	""osoba4""
""osoba4""		1378.2001	1378200	1382.4	1382400	5.199951	5199	""osoba4""
""osoba4""		1379.1001	1379100	1382.4	1382400	4.2999268	4299	""osoba4""
""osoba2""		1380.0	1380000	1386.0	1386000	7.0	7000	""osoba2""
""osoba4""		1380.6001	1380600	1382.4	1382400	2.7999268	2799	""osoba4""
""osoba1""		1385.4	1385400	1395.9	1395900	11.5	11500	""osoba1""
""osoba2""		1385.7001	1385700	1386.0	1386000	1.2999268	1299	""osoba2""
""osoba1""		1388.1001	1388100	1395.9	1395900	8.799927	8799	""osoba1""
""osoba4""		1388.1001	1388100	1389.3	1389300	2.1999512	2199	""osoba4""
""osoba2""		1390.5	1390500	1393.5	1393500	4.0	4000	""osoba2""
""osoba1""		1391.7001	1391700	1395.9	1395900	5.199951	5199	""osoba1""
""osoba2""		1393.5	1393500	1393.5	1393500	1.0	1000	""osoba2""
""osoba1""		1394.4	1394400	1395.9	1395900	2.5	2500	""osoba1""
""osoba1""		1395.3	1395300	1395.9	1395900	1.5999756	1599	""osoba1""
""osoba4""		1396.2001	1396200	1413.3	1413300	18.099976	18099	""osoba4""
""osoba4""		1400.1001	1400100	1413.3	1413300	14.199951	14199	""osoba4""
""osoba4""		1400.7001	1400700	1413.3	1413300	13.599976	13599	""osoba4""
""osoba4""		1402.5	1402500	1413.3	1413300	11.800049	11800	""osoba4""
""osoba4""		1406.7001	1406700	1413.3	1413300	7.5999756	7599	""osoba4""
""osoba4""		1407.9	1407900	1413.3	1413300	6.4000244	6400	""osoba4""
""osoba1""		1409.7001	1409700	1410.6001	1410600	1.9000244	1900	""osoba1""
""osoba4""		1411.5	1411500	1413.3	1413300	2.8000488	2800	""osoba4""
""osoba4""		1413.0	1413000	1413.3	1413300	1.3000488	1300	""osoba4""
""osoba1""		1413.3	1413300	1417.5	1417500	5.199951	5199	""osoba1""
""osoba2""		1414.5	1414500	1414.8	1414800	1.3000488	1300	""osoba2""
""osoba1""		1414.8	1414800	1417.5	1417500	3.6999512	3699	""osoba1""
""osoba3""		1415.1001	1415100	1419.6001	1419600	5.5	5500	""osoba3""
""osoba3""		1419.3	1419300	1419.6001	1419600	1.3000488	1300	""osoba3""
""osoba1""		1419.9	1419900	1423.2001	1423200	4.300049	4300	""osoba1""
""osoba4""		1421.7001	1421700	1438.8	1438800	18.099976	18099	""osoba4""
""osoba4""		1424.4	1424400	1438.8	1438800	15.400024	15400	""osoba4""
""osoba4""		1426.5	1426500	1438.8	1438800	13.300049	13300	""osoba4""
""osoba1""		1431.3	1431300	1431.9	1431900	1.5999756	1599	""osoba1""
""osoba4""		1434.3	1434300	1438.8	1438800	5.5	5500	""osoba4""
""osoba1""		1435.2001	1435200	1435.5	1435500	1.2999268	1299	""osoba1""
""osoba4""		1438.2001	1438200	1438.8	1438800	1.5999756	1599	""osoba4""
""osoba1""		1438.5	1438500	1463.1001	1463100	25.600098	25600	""osoba1""
""osoba1""		1441.5	1441500	1463.1001	1463100	22.600098	22600	""osoba1""
""osoba1""		1443.0	1443000	1463.1001	1463100	21.100098	21100	""osoba1""
""osoba4""		1444.8	1444800	1447.8	1447800	4.0	4000	""osoba4""
""osoba4""		1447.5	1447500	1447.8	1447800	1.3000488	1300	""osoba4""
""osoba1""		1449.9	1449900	1463.1001	1463100	14.200073	14200	""osoba1""
""osoba2""		1451.7001	1451700	1456.8	1456800	6.0999756	6099	""osoba2""
""osoba1""		1453.5	1453500	1463.1001	1463100	10.600098	10600	""osoba1""
""osoba1""		1455.3	1455300	1463.1001	1463100	8.800049	8800	""osoba1""
""osoba1""		1456.2001	1456200	1463.1001	1463100	7.9000244	7900	""osoba1""
""osoba1""		1458.6001	1458600	1463.1001	1463100	5.5	5500	""osoba1""
""osoba1""		1459.2001	1459200	1463.1001	1463100	4.9000244	4900	""osoba1""
""osoba4""		1459.5	1459500	1459.8	1459800	1.3000488	1300	""osoba4""
""osoba1""		1461.0	1461000	1463.1001	1463100	3.1000977	3100	""osoba1""
""osoba1""		1462.2001	1462200	1463.1001	1463100	1.9000244	1900	""osoba1""
""osoba1""		1463.1001	1463100	1463.1001	1463100	1.0	1000	""osoba1""
""osoba2""		1463.4	1463400	1469.7001	1469700	7.300049	7300	""osoba2""
""osoba2""		1464.9	1464900	1469.7001	1469700	5.800049	5800	""osoba2""
""osoba2""		1466.1001	1466100	1469.7001	1469700	4.5999756	4599	""osoba2""
""osoba2""		1469.1001	1469100	1469.7001	1469700	1.5999756	1599	""osoba2""
""osoba4""		1470.0	1470000	1476.9	1476900	7.9000244	7900	""osoba4""
""osoba4""		1470.9	1470900	1476.9	1476900	7.0	7000	""osoba4""
""osoba4""		1472.4	1472400	1476.9	1476900	5.5	5500	""osoba4""
""osoba4""		1473.9	1473900	1476.9	1476900	4.0	4000	""osoba4""
""osoba2""		1475.4	1475400	1477.2001	1477200	2.8000488	2800	""osoba2""
""osoba2""		1476.9	1476900	1477.2001	1477200	1.3000488	1300	""osoba2""
""osoba4""		1476.9	1476900	1476.9	1476900	1.0	1000	""osoba4""
""osoba1""		1477.2001	1477200	1495.2001	1495200	19.0	19000	""osoba1""
""osoba1""		1479.3	1479300	1495.2001	1495200	16.900024	16900	""osoba1""
""osoba2""		1480.8	1480800	1481.4	1481400	1.5999756	1599	""osoba2""
""osoba1""		1483.2001	1483200	1495.2001	1495200	13.0	13000	""osoba1""
""osoba1""		1483.8	1483800	1495.2001	1495200	12.400024	12400	""osoba1""
""osoba1""		1487.1001	1487100	1495.2001	1495200	9.099976	9099	""osoba1""
""osoba1""		1489.8	1489800	1495.2001	1495200	6.4000244	6400	""osoba1""
""osoba1""		1492.8	1492800	1495.2001	1495200	3.4000244	3400	""osoba1""
""osoba1""		1493.4	1493400	1495.2001	1495200	2.8000488	2800	""osoba1""
""osoba1""		1494.3	1494300	1495.2001	1495200	1.9000244	1900	""osoba1""
""osoba2""		1495.5	1495500	1530.0	1530000	35.5	35500	""osoba2""
""osoba2""		1496.1001	1496100	1530.0	1530000	34.899902	34899	""osoba2""
""osoba2""		1499.4	1499400	1530.0	1530000	31.599976	31599	""osoba2""
""osoba2""		1500.0	1500000	1530.0	1530000	31.0	31000	""osoba2""
""osoba4""		1500.0	1500000	1500.0	1500000	1.0	1000	""osoba4""
""osoba2""		1502.1001	1502100	1530.0	1530000	28.899902	28899	""osoba2""
""osoba2""		1503.0	1503000	1530.0	1530000	28.0	28000	""osoba2""
""osoba2""		1504.2001	1504200	1530.0	1530000	26.799927	26799	""osoba2""
""osoba2""		1505.1001	1505100	1530.0	1530000	25.899902	25899	""osoba2""
""osoba2""		1505.7001	1505700	1530.0	1530000	25.299927	25299	""osoba2""
""osoba2""		1507.2001	1507200	1530.0	1530000	23.799927	23799	""osoba2""
""osoba2""		1510.5	1510500	1530.0	1530000	20.5	20500	""osoba2""
""osoba4""		1511.1001	1511100	1515.0	1515000	4.8999023	4899	""osoba4""
""osoba2""		1513.8	1513800	1530.0	1530000	17.199951	17199	""osoba2""
""osoba4""		1513.8	1513800	1515.0	1515000	2.1999512	2199	""osoba4""
""osoba1""		1514.4	1514400	1514.4	1514400	1.0	1000	""osoba1""
""osoba2""		1515.6001	1515600	1530.0	1530000	15.399902	15399	""osoba2""
""osoba1""		1517.4	1517400	1517.7001	1517700	1.3000488	1300	""osoba1""
""osoba2""		1519.8	1519800	1530.0	1530000	11.199951	11199	""osoba2""
""osoba4""		1520.1001	1520100	1521.6001	1521600	2.5	2500	""osoba4""
""osoba2""		1525.2001	1525200	1530.0	1530000	5.7999268	5799	""osoba2""
""osoba2""		1527.3	1527300	1530.0	1530000	3.6999512	3699	""osoba2""
""osoba1""		1529.1001	1529100	1547.1001	1547100	19.0	19000	""osoba1""
""osoba1""		1533.0	1533000	1547.1001	1547100	15.100098	15100	""osoba1""
""osoba1""		1534.8	1534800	1547.1001	1547100	13.300049	13300	""osoba1""
""osoba1""		1535.4	1535400	1547.1001	1547100	12.700073	12700	""osoba1""
""osoba1""		1536.6001	1536600	1547.1001	1547100	11.5	11500	""osoba1""
""osoba1""		1537.8	1537800	1547.1001	1547100	10.300049	10300	""osoba1""
""osoba1""		1541.1001	1541100	1547.1001	1547100	7.0	7000	""osoba1""
""osoba1""		1543.2001	1543200	1547.1001	1547100	4.9000244	4900	""osoba1""
""osoba1""		1545.6001	1545600	1547.1001	1547100	2.5	2500	""osoba1""
""osoba3""		1547.7001	1547700	1555.8	1555800	9.099976	9099	""osoba3""
""osoba3""		1548.6001	1548600	1555.8	1555800	8.199951	8199	""osoba3""
""osoba3""		1549.5001	1549500	1555.8	1555800	7.2999268	7299	""osoba3""
""osoba3""		1551.0001	1551000	1555.8	1555800	5.7999268	5799	""osoba3""
""osoba3""		1551.6001	1551600	1555.8	1555800	5.199951	5199	""osoba3""
""osoba2""		1552.5001	1552500	1563.3	1563300	11.799927	11799	""osoba2""
""osoba3""		1553.4	1553400	1555.8	1555800	3.4000244	3400	""osoba3""
""osoba2""		1559.4	1559400	1563.3	1563300	4.9000244	4900	""osoba2""
""osoba3""		1560.6001	1560600	1576.8	1576800	17.199951	17199	""osoba3""
""osoba2""		1561.8	1561800	1563.3	1563300	2.5	2500	""osoba2""
""osoba3""		1564.2001	1564200	1576.8	1576800	13.599976	13599	""osoba3""
""osoba3""		1567.2001	1567200	1576.8	1576800	10.599976	10599	""osoba3""
""osoba4""		1567.5001	1567500	1569.0001	1569000	2.5	2500	""osoba4""
""osoba4""		1568.1001	1568100	1569.0001	1569000	1.9000244	1900	""osoba4""
""osoba3""		1568.7001	1568700	1576.8	1576800	9.099976	9099	""osoba3""
""osoba3""		1570.8	1570800	1576.8	1576800	7.0	7000	""osoba3""
""osoba1""		1572.9	1572900	1576.5001	1576500	4.6000977	4600	""osoba1""
""osoba2""		1576.8	1576800	1581.0001	1581000	5.2000732	5200	""osoba2""
""osoba2""		1579.8	1579800	1581.0001	1581000	2.2000732	2200	""osoba2""
""osoba2""		1580.4	1580400	1581.0001	1581000	1.6000977	1600	""osoba2""
""osoba4""		1581.0001	1581000	1581.9	1581900	1.8999023	1899	""osoba4""
""osoba3""		1581.9	1581900	1595.1001	1595100	14.200073	14200	""osoba3""
""osoba4""		1581.9	1581900	1581.9	1581900	1.0	1000	""osoba4""
""osoba1""		1582.8	1582800	1583.4	1583400	1.5999756	1599	""osoba1""
""osoba3""		1584.9	1584900	1595.1001	1595100	11.200073	11200	""osoba3""
""osoba3""		1586.7001	1586700	1595.1001	1595100	9.400024	9400	""osoba3""
""osoba3""		1587.6001	1587600	1595.1001	1595100	8.5	8500	""osoba3""
""osoba3""		1589.4	1589400	1595.1001	1595100	6.7000732	6700	""osoba3""
""osoba3""		1590.9	1590900	1595.1001	1595100	5.2000732	5200	""osoba3""
""osoba1""		1593.3	1593300	1611.0001	1611000	18.700073	18700	""osoba1""
""osoba1""		1596.3	1596300	1611.0001	1611000	15.700073	15700	""osoba1""
""osoba1""		1599.9	1599900	1611.0001	1611000	12.100098	12100	""osoba1""
""osoba1""		1601.4	1601400	1611.0001	1611000	10.600098	10600	""osoba1""
""osoba1""		1602.0001	1602000	1611.0001	1611000	10.0	10000	""osoba1""
""osoba1""		1604.1001	1604100	1611.0001	1611000	7.9000244	7900	""osoba1""
""osoba1""		1606.5001	1606500	1611.0001	1611000	5.5	5500	""osoba1""
""osoba1""		1607.1001	1607100	1611.0001	1611000	4.9000244	4900	""osoba1""
""osoba1""		1608.3	1608300	1611.0001	1611000	3.7000732	3700	""osoba1""
""osoba1""		1609.5001	1609500	1611.0001	1611000	2.5	2500	""osoba1""
""osoba4""		1610.7001	1610700	1620.3	1620300	10.599976	10599	""osoba4""
""osoba4""		1612.8	1612800	1620.3	1620300	8.5	8500	""osoba4""
""osoba4""		1613.4	1613400	1620.3	1620300	7.9000244	7900	""osoba4""
""osoba4""		1614.6001	1614600	1620.3	1620300	6.699951	6699	""osoba4""
""osoba1""		1617.0001	1617000	1618.2001	1618200	2.1999512	2199	""osoba1""
""osoba4""		1619.1001	1619100	1620.3	1620300	2.1999512	2199	""osoba4""
