"default"		0.0	0	1.0	1000	1.0	1000	BEGIN
"default"		1620.3	1620300	1620.31	1621300	1.0	1000	END
""osoba4""		6.6000004	6600	17.1	17100	11.5	11500	""osoba4""
""osoba1""		7.2000003	7200	7.8	7800	1.5999999	1599	""osoba1""
""osoba4""		11.1	11100	17.1	17100	7.0	7000	""osoba4""
""osoba2""		11.400001	11400	12.6	12600	2.1999998	2199	""osoba2""
""osoba4""		16.2	16200	17.1	17100	1.8999996	1899	""osoba4""
""osoba2""		16.800001	16800	22.5	22500	6.699999	6699	""osoba2""
""osoba2""		18.900002	18900	22.5	22500	4.5999985	4599	""osoba2""
""osoba1""		21.300001	21300	24.900002	24900	4.6000004	4600	""osoba1""
""osoba4""		22.800001	22800	28.2	28200	6.3999996	6399	""osoba4""
""osoba4""		26.1	26100	28.2	28200	3.1000004	3100	""osoba4""
""osoba2""		26.7	26700	36.0	36000	10.299999	10299	""osoba2""
""osoba4""		26.7	26700	28.2	28200	2.5	2500	""osoba4""
""osoba1""		27.000002	27000	27.300001	27300	1.2999992	1299	""osoba1""
""osoba2""		29.1	29100	36.0	36000	7.8999996	7899	""osoba2""
""osoba2""		30.6	30600	36.0	36000	6.3999996	6399	""osoba2""
""osoba3""		31.500002	31500	32.4	32400	1.8999996	1899	""osoba3""
""osoba2""		34.2	34200	36.0	36000	2.7999992	2799	""osoba2""
""osoba2""		34.800003	34800	36.0	36000	2.199997	2199	""osoba2""
""osoba3""		35.7	35700	42.300003	42300	7.6000023	7600	""osoba3""
""osoba3""		39.600002	39600	42.300003	42300	3.7000008	3700	""osoba3""
""osoba3""		40.5	40500	42.300003	42300	2.800003	2800	""osoba3""
""osoba1""		42.0	42000	60.300003	60300	19.300003	19300	""osoba1""
""osoba1""		44.7	44700	60.300003	60300	16.600002	16600	""osoba1""
""osoba1""		46.2	46200	60.300003	60300	15.100002	15100	""osoba1""
""osoba1""		50.100002	50100	60.300003	60300	11.200001	11200	""osoba1""
""osoba1""		52.2	52200	60.300003	60300	9.100002	9100	""osoba1""
""osoba1""		54.600002	54600	60.300003	60300	6.700001	6700	""osoba1""
""osoba1""		56.100002	56100	60.300003	60300	5.200001	5200	""osoba1""
""osoba1""		59.7	59700	60.300003	60300	1.6000023	1600	""osoba1""
""osoba2""		60.000004	60000	66.3	66300	7.299999	7299	""osoba2""
""osoba1""		60.300003	60300	60.300003	60300	1.0	1000	""osoba1""
""osoba2""		61.2	61200	66.3	66300	6.1000023	6100	""osoba2""
""osoba1""		62.4	62400	62.4	62400	1.0	1000	""osoba1""
""osoba2""		64.8	64800	66.3	66300	2.5	2500	""osoba2""
""osoba1""		65.4	65400	70.5	70500	6.0999985	6099	""osoba1""
""osoba1""		67.200005	67200	70.5	70500	4.2999954	4299	""osoba1""
""osoba3""		67.5	67500	83.100006	83100	16.600006	16600	""osoba3""
""osoba1""		69.3	69300	70.5	70500	2.199997	2199	""osoba1""
""osoba3""		71.4	71400	83.100006	83100	12.700005	12700	""osoba3""
""osoba4""		72.0	72000	72.0	72000	1.0	1000	""osoba4""
""osoba3""		72.600006	72600	83.100006	83100	11.5	11500	""osoba3""
""osoba3""		78.0	78000	83.100006	83100	6.100006	6100	""osoba3""
""osoba3""		78.9	78900	83.100006	83100	5.2000046	5200	""osoba3""
""osoba3""		79.5	79500	83.100006	83100	4.600006	4600	""osoba3""
""osoba3""		82.200005	82200	83.100006	83100	1.9000015	1900	""osoba3""
""osoba2""		82.8	82800	98.100006	98100	16.300003	16300	""osoba2""
""osoba4""		83.100006	83100	84.0	84000	1.8999939	1899	""osoba4""
""osoba2""		88.5	88500	98.100006	98100	10.600006	10600	""osoba2""
""osoba4""		88.8	88800	88.8	88800	1.0	1000	""osoba4""
""osoba2""		89.4	89400	98.100006	98100	9.700005	9700	""osoba2""
""osoba2""		90.9	90900	98.100006	98100	8.200005	8200	""osoba2""
""osoba2""		91.8	91800	98.100006	98100	7.300003	7300	""osoba2""
""osoba2""		92.700005	92700	98.100006	98100	6.4000015	6400	""osoba2""
""osoba3""		93.9	93900	93.9	93900	1.0	1000	""osoba3""
""osoba2""		95.100006	95100	98.100006	98100	4.0	4000	""osoba2""
""osoba2""		96.9	96900	98.100006	98100	2.2000046	2200	""osoba2""
""osoba2""		98.100006	98100	98.100006	98100	1.0	1000	""osoba2""
""osoba3""		98.100006	98100	104.100006	104100	7.0	7000	""osoba3""
""osoba1""		98.700005	98700	99.3	99300	1.5999985	1599	""osoba1""
""osoba3""		100.50001	100500	104.100006	104100	4.5999985	4599	""osoba3""
""osoba3""		103.200005	103200	104.100006	104100	1.9000015	1900	""osoba3""
""osoba2""		103.8	103800	111.600006	111600	8.800003	8800	""osoba2""
""osoba2""		105.9	105900	111.600006	111600	6.7000046	6700	""osoba2""
""osoba2""		108.3	108300	111.600006	111600	4.300003	4300	""osoba2""
""osoba3""		109.200005	109200	121.50001	121500	13.300003	13300	""osoba3""
""osoba3""		110.4	110400	121.50001	121500	12.100006	12100	""osoba3""
""osoba1""		111.600006	111600	112.50001	112500	1.9000015	1900	""osoba1""
""osoba2""		111.600006	111600	111.600006	111600	1.0	1000	""osoba2""
""osoba3""		115.8	115800	121.50001	121500	6.7000046	6700	""osoba3""
""osoba1""		120.9	120900	149.1	149100	29.200005	29200	""osoba1""
""osoba1""		128.40001	128400	149.1	149100	21.699997	21699	""osoba1""
""osoba1""		130.20001	130200	149.1	149100	19.899994	19899	""osoba1""
""osoba1""		132.3	132300	149.1	149100	17.800003	17800	""osoba1""
""osoba3""		132.90001	132900	132.90001	132900	1.0	1000	""osoba3""
""osoba1""		135.0	135000	149.1	149100	15.100006	15100	""osoba1""
""osoba1""		135.6	135600	149.1	149100	14.5	14500	""osoba1""
""osoba1""		137.40001	137400	149.1	149100	12.699997	12699	""osoba1""
""osoba1""		138.6	138600	149.1	149100	11.5	11500	""osoba1""
""osoba1""		142.5	142500	149.1	149100	7.600006	7600	""osoba1""
""osoba1""		144.0	144000	149.1	149100	6.100006	6100	""osoba1""
""osoba1""		145.8	145800	149.1	149100	4.300003	4300	""osoba1""
""osoba2""		147.6	147600	163.8	163800	17.199997	17199	""osoba2""
""osoba2""		148.8	148800	163.8	163800	16.0	16000	""osoba2""
""osoba1""		149.1	149100	149.1	149100	1.0	1000	""osoba1""
""osoba2""		150.6	150600	163.8	163800	14.199997	14199	""osoba2""
""osoba2""		151.5	151500	163.8	163800	13.300003	13300	""osoba2""
""osoba2""		152.40001	152400	163.8	163800	12.399994	12399	""osoba2""
""osoba2""		153.3	153300	163.8	163800	11.5	11500	""osoba2""
""osoba1""		153.90001	153900	154.5	154500	1.5999908	1599	""osoba1""
""osoba2""		156.3	156300	163.8	163800	8.5	8500	""osoba2""
""osoba4""		157.8	157800	159.3	159300	2.5	2500	""osoba4""
""osoba3""		158.40001	158400	159.6	159600	2.199997	2199	""osoba3""
""osoba2""		162.0	162000	163.8	163800	2.800003	2800	""osoba2""
""osoba1""		163.5	163500	171.6	171600	9.100006	9100	""osoba1""
""osoba4""		167.1	167100	167.40001	167400	1.300003	1300	""osoba4""
""osoba2""		168.3	168300	168.6	168600	1.300003	1300	""osoba2""
""osoba1""		171.0	171000	171.6	171600	1.6000061	1600	""osoba1""
""osoba3""		171.0	171000	176.40001	176400	6.400009	6400	""osoba3""
""osoba1""		174.6	174600	195.6	195600	22.0	22000	""osoba1""
""osoba3""		174.90001	174900	176.40001	176400	2.5	2500	""osoba3""
""osoba1""		177.3	177300	195.6	195600	19.300003	19300	""osoba1""
""osoba1""		177.90001	177900	195.6	195600	18.699997	18699	""osoba1""
""osoba1""		185.1	185100	195.6	195600	11.5	11500	""osoba1""
""osoba1""		186.0	186000	195.6	195600	10.600006	10600	""osoba1""
""osoba1""		187.8	187800	195.6	195600	8.800003	8800	""osoba1""
""osoba1""		190.5	190500	195.6	195600	6.100006	6100	""osoba1""
""osoba1""		195.00002	195000	195.6	195600	1.5999908	1599	""osoba1""
""osoba3""		195.3	195300	206.70001	206700	12.400009	12400	""osoba3""
""osoba3""		197.1	197100	206.70001	206700	10.600006	10600	""osoba3""
""osoba3""		198.90001	198900	206.70001	206700	8.800003	8800	""osoba3""
""osoba3""		200.1	200100	206.70001	206700	7.600006	7600	""osoba3""
""osoba3""		201.3	201300	206.70001	206700	6.400009	6400	""osoba3""
""osoba3""		203.1	203100	206.70001	206700	4.600006	4600	""osoba3""
""osoba3""		204.00002	204000	206.70001	206700	3.699997	3699	""osoba3""
""osoba3""		204.6	204600	206.70001	206700	3.100006	3100	""osoba3""
""osoba3""		206.40001	206400	206.70001	206700	1.300003	1300	""osoba3""
""osoba1""		207.00002	207000	221.1	221100	15.099991	15099	""osoba1""
""osoba1""		207.6	207600	221.1	221100	14.5	14500	""osoba1""
""osoba1""		209.70001	209700	221.1	221100	12.399994	12399	""osoba1""
""osoba1""		211.50002	211500	221.1	221100	10.599991	10599	""osoba1""
""osoba1""		215.1	215100	221.1	221100	7.0	7000	""osoba1""
""osoba1""		216.00002	216000	221.1	221100	6.099991	6099	""osoba1""
""osoba3""		218.70001	218700	224.40001	224400	6.699997	6699	""osoba3""
""osoba1""		219.90001	219900	221.1	221100	2.199997	2199	""osoba1""
""osoba3""		220.8	220800	224.40001	224400	4.600006	4600	""osoba3""
""osoba4""		220.8	220800	221.40001	221400	1.6000061	1600	""osoba4""
""osoba1""		221.1	221100	221.1	221100	1.0	1000	""osoba1""
""osoba3""		222.6	222600	224.40001	224400	2.800003	2800	""osoba3""
""osoba3""		223.8	223800	224.40001	224400	1.6000061	1600	""osoba3""
""osoba1""		224.40001	224400	227.70001	227700	4.300003	4300	""osoba1""
""osoba4""		226.8	226800	236.1	236100	10.300003	10300	""osoba4""
""osoba4""		228.90001	228900	236.1	236100	8.199997	8199	""osoba4""
""osoba2""		229.8	229800	246.6	246600	17.800003	17800	""osoba2""
""osoba1""		233.1	233100	233.1	233100	1.0	1000	""osoba1""
""osoba2""		234.00002	234000	246.6	246600	13.599991	13599	""osoba2""
""osoba4""		234.6	234600	236.1	236100	2.5	2500	""osoba4""
""osoba1""		237.6	237600	238.8	238800	2.199997	2199	""osoba1""
""osoba2""		239.40001	239400	246.6	246600	8.199997	8199	""osoba2""
""osoba2""		240.00002	240000	246.6	246600	7.599991	7599	""osoba2""
""osoba4""		240.3	240300	242.40001	242400	3.100006	3100	""osoba4""
""osoba1""		241.50002	241500	241.50002	241500	1.0	1000	""osoba1""
""osoba4""		242.40001	242400	242.40001	242400	1.0	1000	""osoba4""
""osoba1""		243.90001	243900	289.2	289200	46.300003	46300	""osoba1""
""osoba2""		245.1	245100	246.6	246600	2.5	2500	""osoba2""
""osoba2""		245.70001	245700	246.6	246600	1.8999939	1899	""osoba2""
""osoba1""		246.3	246300	289.2	289200	43.90001	43900	""osoba1""
""osoba1""		250.20001	250200	289.2	289200	40.0	40000	""osoba1""
""osoba4""		252.3	252300	252.3	252300	1.0	1000	""osoba4""
""osoba1""		255.6	255600	289.2	289200	34.600006	34600	""osoba1""
""osoba1""		256.5	256500	289.2	289200	33.700012	33700	""osoba1""
""osoba1""		258.90002	258900	289.2	289200	31.299988	31299	""osoba1""
""osoba1""		259.80002	259800	289.2	289200	30.399994	30399	""osoba1""
""osoba1""		261.30002	261300	289.2	289200	28.899994	28899	""osoba1""
""osoba1""		261.90002	261900	289.2	289200	28.299988	28299	""osoba1""
""osoba2""		261.90002	261900	263.1	263100	2.1999817	2199	""osoba2""
""osoba1""		263.1	263100	289.2	289200	27.100006	27100	""osoba1""
""osoba1""		266.1	266100	289.2	289200	24.100006	24100	""osoba1""
""osoba4""		266.1	266100	266.40002	266400	1.3000183	1300	""osoba4""
""osoba1""		268.2	268200	289.2	289200	22.0	22000	""osoba1""
""osoba1""		270.0	270000	289.2	289200	20.200012	20200	""osoba1""
""osoba3""		270.0	270000	270.30002	270300	1.3000183	1300	""osoba3""
""osoba1""		272.40002	272400	289.2	289200	17.799988	17799	""osoba1""
""osoba1""		274.2	274200	289.2	289200	16.0	16000	""osoba1""
""osoba1""		276.90002	276900	289.2	289200	13.299988	13299	""osoba1""
""osoba1""		277.80002	277800	289.2	289200	12.399994	12399	""osoba1""
""osoba1""		279.30002	279300	289.2	289200	10.899994	10899	""osoba1""
""osoba1""		280.5	280500	289.2	289200	9.700012	9700	""osoba1""
""osoba1""		281.1	281100	289.2	289200	9.100006	9100	""osoba1""
""osoba3""		281.40002	281400	284.1	284100	3.6999817	3699	""osoba3""
""osoba2""		284.1	284100	293.7	293700	10.600006	10600	""osoba2""
""osoba3""		284.1	284100	284.1	284100	1.0	1000	""osoba3""
""osoba1""		286.2	286200	289.2	289200	4.0	4000	""osoba1""
""osoba2""		287.40002	287400	293.7	293700	7.299988	7299	""osoba2""
""osoba1""		288.6	288600	289.2	289200	1.6000061	1600	""osoba1""
""osoba4""		289.5	289500	289.80002	289800	1.3000183	1300	""osoba4""
""osoba2""		290.7	290700	293.7	293700	4.0	4000	""osoba2""
""osoba2""		291.30002	291300	293.7	293700	3.399994	3399	""osoba2""
""osoba2""		292.2	292200	293.7	293700	2.5	2500	""osoba2""
""osoba1""		294.0	294000	303.90002	303900	10.900024	10900	""osoba1""
""osoba1""		296.1	296100	303.90002	303900	8.800018	8800	""osoba1""
""osoba2""		296.1	296100	296.1	296100	1.0	1000	""osoba2""
""osoba4""		297.30002	297300	303.0	303000	6.6999817	6699	""osoba4""
""osoba3""		300.30002	300300	308.7	308700	9.399994	9399	""osoba3""
""osoba4""		301.5	301500	303.0	303000	2.5	2500	""osoba4""
""osoba1""		306.6	306600	340.5	340500	34.899994	34899	""osoba1""
""osoba1""		308.7	308700	340.5	340500	32.799988	32799	""osoba1""
""osoba3""		308.7	308700	308.7	308700	1.0	1000	""osoba3""
""osoba1""		310.2	310200	340.5	340500	31.299988	31299	""osoba1""
""osoba1""		316.80002	316800	340.5	340500	24.699982	24699	""osoba1""
""osoba1""		317.7	317700	340.5	340500	23.799988	23799	""osoba1""
""osoba1""		319.2	319200	340.5	340500	22.299988	22299	""osoba1""
""osoba1""		321.30002	321300	340.5	340500	20.199982	20199	""osoba1""
""osoba1""		323.40002	323400	340.5	340500	18.099976	18099	""osoba1""
""osoba1""		324.0	324000	340.5	340500	17.5	17500	""osoba1""
""osoba1""		325.80002	325800	340.5	340500	15.699982	15699	""osoba1""
""osoba1""		326.7	326700	340.5	340500	14.799988	14799	""osoba1""
""osoba1""		330.6	330600	340.5	340500	10.899994	10899	""osoba1""
""osoba1""		331.80002	331800	340.5	340500	9.699982	9699	""osoba1""
""osoba1""		333.90002	333900	340.5	340500	7.5999756	7599	""osoba1""
""osoba1""		337.2	337200	340.5	340500	4.299988	4299	""osoba1""
""osoba1""		338.1	338100	340.5	340500	3.399994	3399	""osoba1""
""osoba1""		339.0	339000	340.5	340500	2.5	2500	""osoba1""
""osoba3""		339.90002	339900	345.6	345600	6.6999817	6699	""osoba3""
""osoba3""		342.30002	342300	345.6	345600	4.299988	4299	""osoba3""
""osoba3""		343.2	343200	345.6	345600	3.399994	3399	""osoba3""
""osoba1""		345.0	345000	362.1	362100	18.100006	18100	""osoba1""
""osoba1""		347.7	347700	362.1	362100	15.399994	15399	""osoba1""
""osoba4""		347.7	347700	349.5	349500	2.7999878	2799	""osoba4""
""osoba1""		352.80002	352800	362.1	362100	10.299988	10299	""osoba1""
""osoba1""		353.40002	353400	362.1	362100	9.699982	9699	""osoba1""
""osoba1""		354.6	354600	362.1	362100	8.5	8500	""osoba1""
""osoba3""		354.90002	354900	356.1	356100	2.1999817	2199	""osoba3""
""osoba1""		355.5	355500	362.1	362100	7.600006	7600	""osoba1""
""osoba1""		358.5	358500	362.1	362100	4.600006	4600	""osoba1""
""osoba1""		359.1	359100	362.1	362100	4.0	4000	""osoba1""
""osoba1""		361.2	361200	362.1	362100	1.8999939	1899	""osoba1""
""osoba2""		361.2	361200	361.5	361500	1.2999878	1299	""osoba2""
""osoba4""		362.1	362100	364.5	364500	3.399994	3399	""osoba4""
""osoba3""		363.30002	363300	372.0	372000	9.699982	9699	""osoba3""
""osoba3""		365.40002	365400	372.0	372000	7.5999756	7599	""osoba3""
""osoba3""		366.6	366600	372.0	372000	6.399994	6399	""osoba3""
""osoba3""		367.80002	367800	372.0	372000	5.1999817	5199	""osoba3""
""osoba2""		368.1	368100	368.1	368100	1.0	1000	""osoba2""
""osoba3""		368.40002	368400	372.0	372000	4.5999756	4599	""osoba3""
""osoba3""		369.0	369000	372.0	372000	4.0	4000	""osoba3""
""osoba3""		369.6	369600	372.0	372000	3.399994	3399	""osoba3""
""osoba3""		370.5	370500	372.0	372000	2.5	2500	""osoba3""
""osoba3""		371.1	371100	372.0	372000	1.8999939	1899	""osoba3""
""osoba1""		371.40002	371400	372.90002	372900	2.5	2500	""osoba1""
""osoba2""		373.2	373200	397.50003	397500	25.300018	25300	""osoba2""
""osoba2""		374.7	374700	397.50003	397500	23.800018	23800	""osoba2""
""osoba2""		375.90002	375900	397.50003	397500	22.600006	22600	""osoba2""
""osoba3""		376.80002	376800	376.80002	376800	1.0	1000	""osoba3""
""osoba2""		377.7	377700	397.50003	397500	20.800018	20800	""osoba2""
""osoba2""		378.30002	378300	397.50003	397500	20.200012	20200	""osoba2""
""osoba2""		381.30002	381300	397.50003	397500	17.200012	17200	""osoba2""
""osoba1""		381.90002	381900	382.5	382500	1.5999756	1599	""osoba1""
""osoba2""		385.2	385200	397.50003	397500	13.300018	13300	""osoba2""
""osoba3""		387.6	387600	387.90002	387900	1.3000183	1300	""osoba3""
""osoba2""		391.80002	391800	397.50003	397500	6.700012	6700	""osoba2""
""osoba2""		392.40002	392400	397.50003	397500	6.100006	6100	""osoba2""
""osoba1""		395.40002	395400	397.80002	397800	3.399994	3399	""osoba1""
""osoba2""		396.00003	396000	397.50003	397500	2.5	2500	""osoba2""
""osoba4""		396.90002	396900	400.2	400200	4.299988	4299	""osoba4""
""osoba4""		398.40002	398400	400.2	400200	2.7999878	2799	""osoba4""
""osoba3""		399.00003	399000	414.6	414600	16.599976	16599	""osoba3""
""osoba2""		399.6	399600	400.50003	400500	1.9000244	1900	""osoba2""
""osoba1""		400.2	400200	401.7	401700	2.5	2500	""osoba1""
""osoba3""		404.7	404700	414.6	414600	10.899994	10899	""osoba3""
""osoba3""		406.2	406200	414.6	414600	9.399994	9399	""osoba3""
""osoba3""		407.40002	407400	414.6	414600	8.199982	8199	""osoba3""
""osoba3""		408.30002	408300	414.6	414600	7.299988	7299	""osoba3""
""osoba3""		409.2	409200	414.6	414600	6.399994	6399	""osoba3""
""osoba3""		411.00003	411000	414.6	414600	4.5999756	4599	""osoba3""
""osoba4""		412.50003	412500	443.40002	443400	31.899994	31899	""osoba4""
""osoba3""		414.00003	414000	414.6	414600	1.5999756	1599	""osoba3""
""osoba3""		414.6	414600	414.6	414600	1.0	1000	""osoba3""
""osoba4""		414.6	414600	443.40002	443400	29.800018	29800	""osoba4""
""osoba4""		416.40002	416400	443.40002	443400	28.0	28000	""osoba4""
""osoba1""		416.7	416700	417.30002	417300	1.6000061	1600	""osoba1""
""osoba4""		421.80002	421800	443.40002	443400	22.600006	22600	""osoba4""
""osoba4""		423.6	423600	443.40002	443400	20.800018	20800	""osoba4""
""osoba1""		424.50003	424500	425.7	425700	2.1999817	2199	""osoba1""
""osoba4""		429.90002	429900	443.40002	443400	14.5	14500	""osoba4""
""osoba3""		431.40002	431400	431.40002	431400	1.0	1000	""osoba3""
""osoba4""		432.90002	432900	443.40002	443400	11.5	11500	""osoba4""
""osoba4""		433.80002	433800	443.40002	443400	10.600006	10600	""osoba4""
""osoba4""		435.00003	435000	443.40002	443400	9.399994	9399	""osoba4""
""osoba4""		436.80002	436800	443.40002	443400	7.600006	7600	""osoba4""
""osoba4""		437.40002	437400	443.40002	443400	7.0	7000	""osoba4""
""osoba4""		438.6	438600	443.40002	443400	5.8000183	5800	""osoba4""
""osoba4""		439.80002	439800	443.40002	443400	4.600006	4600	""osoba4""
""osoba1""		440.1	440100	440.40002	440400	1.3000183	1300	""osoba1""
""osoba4""		441.30002	441300	443.40002	443400	3.100006	3100	""osoba4""
""osoba1""		444.00003	444000	448.2	448200	5.1999817	5199	""osoba1""
""osoba1""		444.6	444600	448.2	448200	4.600006	4600	""osoba1""
""osoba1""		445.50003	445500	448.2	448200	3.6999817	3699	""osoba1""
""osoba4""		445.80002	445800	445.80002	445800	1.0	1000	""osoba4""
""osoba2""		447.90002	447900	452.1	452100	5.1999817	5199	""osoba2""
""osoba2""		449.40002	449400	452.1	452100	3.6999817	3699	""osoba2""
""osoba2""		450.00003	450000	452.1	452100	3.0999756	3099	""osoba2""
""osoba2""		451.2	451200	452.1	452100	1.8999939	1899	""osoba2""
""osoba4""		451.80002	451800	466.50003	466500	15.700012	15700	""osoba4""
""osoba2""		452.1	452100	452.1	452100	1.0	1000	""osoba2""
""osoba1""		453.6	453600	456.00003	456000	3.4000244	3400	""osoba1""
""osoba4""		453.6	453600	466.50003	466500	13.900024	13900	""osoba4""
""osoba4""		454.80002	454800	466.50003	466500	12.700012	12700	""osoba4""
""osoba1""		455.40002	455400	456.00003	456000	1.6000061	1600	""osoba1""
""osoba4""		457.2	457200	466.50003	466500	10.300018	10300	""osoba4""
""osoba4""		458.40002	458400	466.50003	466500	9.100006	9100	""osoba4""
""osoba1""		459.30002	459300	462.30002	462300	4.0	4000	""osoba1""
""osoba4""		460.2	460200	466.50003	466500	7.3000183	7300	""osoba4""
""osoba4""		462.90002	462900	466.50003	466500	4.600006	4600	""osoba4""
""osoba3""		464.1	464100	469.2	469200	6.100006	6100	""osoba3""
""osoba4""		464.40002	464400	466.50003	466500	3.100006	3100	""osoba4""
""osoba2""		468.90002	468900	475.80002	475800	7.899994	7899	""osoba2""
""osoba2""		471.90002	471900	475.80002	475800	4.899994	4899	""osoba2""
""osoba3""		472.50003	472500	472.80002	472800	1.2999878	1299	""osoba3""
""osoba1""		473.7	473700	474.00003	474000	1.3000183	1300	""osoba1""
""osoba2""		475.2	475200	475.80002	475800	1.6000061	1600	""osoba2""
""osoba3""		476.1	476100	482.7	482700	7.600006	7600	""osoba3""
""osoba3""		479.7	479700	482.7	482700	4.0	4000	""osoba3""
""osoba3""		480.30002	480300	482.7	482700	3.399994	3399	""osoba3""
""osoba2""		481.50003	481500	481.50003	481500	1.0	1000	""osoba2""
""osoba3""		481.50003	481500	482.7	482700	2.1999817	2199	""osoba3""
""osoba3""		482.7	482700	482.7	482700	1.0	1000	""osoba3""
""osoba4""		482.7	482700	483.30002	483300	1.6000061	1600	""osoba4""
""osoba2""		484.2	484200	495.6	495600	12.399994	12399	""osoba2""
""osoba2""		485.40002	485400	495.6	495600	11.199982	11199	""osoba2""
""osoba2""		486.00003	486000	495.6	495600	10.599976	10599	""osoba2""
""osoba2""		487.50003	487500	495.6	495600	9.099976	9099	""osoba2""
""osoba1""		489.30002	489300	489.30002	489300	1.0	1000	""osoba1""
""osoba2""		491.7	491700	495.6	495600	4.899994	4899	""osoba2""
""osoba2""		492.90002	492900	495.6	495600	3.6999817	3699	""osoba2""
""osoba1""		495.6	495600	509.7	509700	15.100006	15100	""osoba1""
""osoba4""		498.00003	498000	499.80002	499800	2.7999878	2799	""osoba4""
""osoba1""		502.2	502200	509.7	509700	8.5	8500	""osoba1""
""osoba1""		503.40002	503400	509.7	509700	7.299988	7299	""osoba1""
""osoba1""		507.6	507600	509.7	509700	3.100006	3100	""osoba1""
""osoba3""		509.7	509700	516.30005	516300	7.6000366	7600	""osoba3""
""osoba3""		511.50003	511500	516.30005	516300	5.8000183	5800	""osoba3""
""osoba3""		512.4	512400	516.30005	516300	4.9000244	4900	""osoba3""
""osoba3""		514.2	514200	516.30005	516300	3.1000366	3100	""osoba3""
""osoba1""		515.10004	515100	523.5	523500	9.399963	9399	""osoba1""
""osoba1""		515.7	515700	523.5	523500	8.799988	8799	""osoba1""
""osoba3""		516.30005	516300	516.30005	516300	1.0	1000	""osoba3""
""osoba1""		517.2	517200	523.5	523500	7.299988	7299	""osoba1""
""osoba1""		518.10004	518100	523.5	523500	6.3999634	6399	""osoba1""
""osoba1""		520.80005	520800	523.5	523500	3.6999512	3699	""osoba1""
""osoba2""		523.80005	523800	537.60004	537600	14.799988	14799	""osoba2""
""osoba2""		528.30005	528300	537.60004	537600	10.299988	10299	""osoba2""
""osoba1""		528.9	528900	529.80005	529800	1.9000244	1900	""osoba1""
""osoba2""		530.7	530700	537.60004	537600	7.9000244	7900	""osoba2""
""osoba2""		532.2	532200	537.60004	537600	6.4000244	6400	""osoba2""
""osoba2""		533.7	533700	537.60004	537600	4.9000244	4900	""osoba2""
""osoba2""		534.30005	534300	537.60004	537600	4.299988	4299	""osoba2""
""osoba2""		535.80005	535800	537.60004	537600	2.7999878	2799	""osoba2""
""osoba3""		536.10004	536100	544.2	544200	9.099976	9099	""osoba3""
""osoba1""		536.7	536700	536.7	536700	1.0	1000	""osoba1""
""osoba3""		537.0	537000	544.2	544200	8.200012	8200	""osoba3""
""osoba2""		537.60004	537600	537.60004	537600	1.0	1000	""osoba2""
""osoba3""		539.4	539400	544.2	544200	5.799988	5799	""osoba3""
""osoba1""		539.7	539700	540.60004	540600	1.9000244	1900	""osoba1""
""osoba3""		542.4	542400	544.2	544200	2.7999878	2799	""osoba3""
""osoba3""		543.30005	543300	544.2	544200	1.8999634	1899	""osoba3""
""osoba4""		543.60004	543600	570.0	570000	27.399963	27399	""osoba4""
""osoba1""		545.10004	545100	545.4	545400	1.2999878	1299	""osoba1""
""osoba4""		546.60004	546600	570.0	570000	24.399963	24399	""osoba4""
""osoba4""		548.7	548700	570.0	570000	22.299988	22299	""osoba4""
""osoba4""		549.9	549900	570.0	570000	21.099976	21099	""osoba4""
""osoba4""		551.4	551400	570.0	570000	19.599976	19599	""osoba4""
""osoba4""		554.10004	554100	570.0	570000	16.899963	16899	""osoba4""
""osoba4""		554.7	554700	570.0	570000	16.299988	16299	""osoba4""
""osoba4""		558.9	558900	570.0	570000	12.099976	12099	""osoba4""
""osoba2""		559.5	559500	559.5	559500	1.0	1000	""osoba2""
""osoba4""		560.4	560400	570.0	570000	10.599976	10599	""osoba4""
""osoba4""		561.0	561000	570.0	570000	10.0	10000	""osoba4""
""osoba1""		561.60004	561600	561.60004	561600	1.0	1000	""osoba1""
""osoba4""		562.80005	562800	570.0	570000	8.199951	8199	""osoba4""
""osoba4""		566.10004	566100	570.0	570000	4.8999634	4899	""osoba4""
""osoba4""		566.7	566700	570.0	570000	4.299988	4299	""osoba4""
""osoba4""		567.9	567900	570.0	570000	3.0999756	3099	""osoba4""
""osoba4""		568.80005	568800	570.0	570000	2.1999512	2199	""osoba4""
""osoba3""		569.7	569700	571.5	571500	2.7999878	2799	""osoba3""
""osoba3""		570.9	570900	571.5	571500	1.5999756	1599	""osoba3""
""osoba1""		571.5	571500	576.9	576900	6.4000244	6400	""osoba1""
""osoba1""		574.5	574500	576.9	576900	3.4000244	3400	""osoba1""
""osoba1""		575.10004	575100	576.9	576900	2.7999878	2799	""osoba1""
""osoba2""		576.30005	576300	578.4	578400	3.0999756	3099	""osoba2""
""osoba1""		576.60004	576600	576.9	576900	1.2999878	1299	""osoba1""
""osoba2""		577.5	577500	578.4	578400	1.9000244	1900	""osoba2""
""osoba2""		578.4	578400	578.4	578400	1.0	1000	""osoba2""
""osoba3""		578.7	578700	583.5	583500	5.799988	5799	""osoba3""
""osoba3""		581.10004	581100	583.5	583500	3.3999634	3399	""osoba3""
""osoba2""		582.30005	582300	585.0	585000	3.6999512	3699	""osoba2""
""osoba4""		584.4	584400	588.30005	588300	4.9000244	4900	""osoba4""
""osoba4""		586.80005	586800	588.30005	588300	2.5	2500	""osoba4""
""osoba3""		588.30005	588300	594.60004	594600	7.299988	7299	""osoba3""
""osoba3""		589.2	589200	594.60004	594600	6.4000244	6400	""osoba3""
""osoba3""		591.30005	591300	594.60004	594600	4.299988	4299	""osoba3""
""osoba3""		593.10004	593100	594.60004	594600	2.5	2500	""osoba3""
""osoba4""		593.7	593700	602.4	602400	9.700012	9700	""osoba4""
""osoba4""		596.10004	596100	602.4	602400	7.299988	7299	""osoba4""
""osoba4""		598.5	598500	602.4	602400	4.9000244	4900	""osoba4""
""osoba1""		599.4	599400	599.4	599400	1.0	1000	""osoba1""
""osoba2""		600.30005	600300	616.5	616500	17.199951	17199	""osoba2""
""osoba2""		603.30005	603300	616.5	616500	14.199951	14199	""osoba2""
""osoba2""		605.10004	605100	616.5	616500	12.399963	12399	""osoba2""
""osoba2""		605.7	605700	616.5	616500	11.799988	11799	""osoba2""
""osoba2""		606.30005	606300	616.5	616500	11.199951	11199	""osoba2""
""osoba2""		607.80005	607800	616.5	616500	9.699951	9699	""osoba2""
""osoba2""		608.4	608400	616.5	616500	9.099976	9099	""osoba2""
""osoba2""		609.30005	609300	616.5	616500	8.199951	8199	""osoba2""
""osoba1""		609.9	609900	610.2	610200	1.2999878	1299	""osoba1""
""osoba4""		614.4	614400	614.4	614400	1.0	1000	""osoba4""
""osoba2""		615.0	615000	616.5	616500	2.5	2500	""osoba2""
""osoba1""		615.60004	615600	653.4	653400	38.799988	38799	""osoba1""
""osoba2""		615.60004	615600	616.5	616500	1.8999634	1899	""osoba2""
""osoba1""		617.4	617400	653.4	653400	37.0	37000	""osoba1""
""osoba4""		619.5	619500	620.7	620700	2.2000122	2200	""osoba4""
""osoba4""		620.7	620700	620.7	620700	1.0	1000	""osoba4""
""osoba1""		622.5	622500	653.4	653400	31.900024	31900	""osoba1""
""osoba1""		623.4	623400	653.4	653400	31.0	31000	""osoba1""
""osoba1""		624.0	624000	653.4	653400	30.400024	30400	""osoba1""
""osoba1""		627.0	627000	653.4	653400	27.400024	27400	""osoba1""
""osoba1""		627.9	627900	653.4	653400	26.5	26500	""osoba1""
""osoba1""		628.5	628500	653.4	653400	25.900024	25900	""osoba1""
""osoba1""		631.80005	631800	653.4	653400	22.599976	22599	""osoba1""
""osoba1""		634.2	634200	653.4	653400	20.200012	20200	""osoba1""
""osoba1""		636.30005	636300	653.4	653400	18.099976	18099	""osoba1""
""osoba4""		636.9	636900	638.10004	638100	2.2000122	2200	""osoba4""
""osoba4""		637.80005	637800	638.10004	638100	1.2999878	1299	""osoba4""
""osoba1""		639.0	639000	653.4	653400	15.400024	15400	""osoba1""
""osoba1""		640.80005	640800	653.4	653400	13.599976	13599	""osoba1""
""osoba1""		641.4	641400	653.4	653400	13.0	13000	""osoba1""
""osoba1""		647.4	647400	653.4	653400	7.0	7000	""osoba1""
""osoba3""		648.60004	648600	648.9	648900	1.2999878	1299	""osoba3""
""osoba1""		649.5	649500	653.4	653400	4.9000244	4900	""osoba1""
""osoba1""		650.7	650700	653.4	653400	3.7000122	3700	""osoba1""
""osoba2""		652.80005	652800	664.80005	664800	13.0	13000	""osoba2""
""osoba2""		655.2	655200	664.80005	664800	10.600037	10600	""osoba2""
""osoba2""		656.4	656400	664.80005	664800	9.400024	9400	""osoba2""
""osoba2""		658.2	658200	664.80005	664800	7.6000366	7600	""osoba2""
""osoba3""		658.5	658500	658.5	658500	1.0	1000	""osoba3""
""osoba1""		659.4	659400	662.10004	662100	3.7000122	3700	""osoba1""
""osoba2""		659.4	659400	664.80005	664800	6.4000244	6400	""osoba2""
""osoba4""		662.4	662400	663.60004	663600	2.2000122	2200	""osoba4""
""osoba1""		664.2	664200	686.10004	686100	22.900024	22900	""osoba1""
""osoba1""		666.60004	666600	686.10004	686100	20.5	20500	""osoba1""
""osoba1""		669.60004	669600	686.10004	686100	17.5	17500	""osoba1""
""osoba3""		670.5	670500	672.30005	672300	2.8000488	2800	""osoba3""
""osoba1""		674.7	674700	686.10004	686100	12.400024	12400	""osoba1""
""osoba4""		676.5	676500	677.4	677400	1.9000244	1900	""osoba4""
""osoba1""		677.7	677700	686.10004	686100	9.400024	9400	""osoba1""
""osoba1""		679.80005	679800	686.10004	686100	7.299988	7299	""osoba1""
""osoba1""		680.7	680700	686.10004	686100	6.4000244	6400	""osoba1""
""osoba1""		682.80005	682800	686.10004	686100	4.299988	4299	""osoba1""
""osoba4""		683.4	683400	691.80005	691800	9.400024	9400	""osoba4""
""osoba3""		684.60004	684600	684.9	684900	1.2999878	1299	""osoba3""
""osoba4""		689.7	689700	691.80005	691800	3.1000366	3100	""osoba4""
""osoba1""		692.10004	692100	709.2	709200	18.099976	18099	""osoba1""
""osoba1""		693.0	693000	709.2	709200	17.200012	17200	""osoba1""
""osoba3""		693.0	693000	693.30005	693300	1.3000488	1300	""osoba3""
""osoba1""		695.10004	695100	709.2	709200	15.099976	15099	""osoba1""
""osoba1""		696.30005	696300	709.2	709200	13.899963	13899	""osoba1""
""osoba1""		696.9	696900	709.2	709200	13.299988	13299	""osoba1""
""osoba2""		698.10004	698100	698.7	698700	1.5999756	1599	""osoba2""
""osoba1""		701.10004	701100	709.2	709200	9.099976	9099	""osoba1""
""osoba1""		704.10004	704100	709.2	709200	6.0999756	6099	""osoba1""
""osoba1""		705.0	705000	709.2	709200	5.200012	5200	""osoba1""
""osoba2""		707.10004	707100	712.5	712500	6.3999634	6399	""osoba2""
""osoba2""		711.60004	711600	712.5	712500	1.8999634	1899	""osoba2""
""osoba2""		712.2	712200	712.5	712500	1.2999878	1299	""osoba2""
""osoba1""		712.5	712500	723.9	723900	12.400024	12400	""osoba1""
""osoba1""		715.2	715200	723.9	723900	9.700012	9700	""osoba1""
""osoba1""		716.10004	716100	723.9	723900	8.799988	8799	""osoba1""
""osoba1""		717.0	717000	723.9	723900	7.9000244	7900	""osoba1""
""osoba1""		719.4	719400	723.9	723900	5.5	5500	""osoba1""
""osoba1""		720.9	720900	723.9	723900	4.0	4000	""osoba1""
""osoba1""		723.0	723000	723.9	723900	1.9000244	1900	""osoba1""
""osoba3""		723.0	723000	733.80005	733800	11.800049	11800	""osoba3""
""osoba3""		724.5	724500	733.80005	733800	10.300049	10300	""osoba3""
""osoba3""		727.5	727500	733.80005	733800	7.300049	7300	""osoba3""
""osoba3""		728.4	728400	733.80005	733800	6.4000244	6400	""osoba3""
""osoba1""		728.7	728700	729.0	729000	1.2999878	1299	""osoba1""
""osoba3""		730.5	730500	733.80005	733800	4.300049	4300	""osoba3""
""osoba3""		732.30005	732300	733.80005	733800	2.5	2500	""osoba3""
""osoba2""		733.5	733500	741.30005	741300	8.800049	8800	""osoba2""
""osoba2""		734.7	734700	741.30005	741300	7.6000366	7600	""osoba2""
""osoba2""		738.0	738000	741.30005	741300	4.300049	4300	""osoba2""
""osoba2""		741.0	741000	741.30005	741300	1.3000488	1300	""osoba2""
""osoba1""		741.60004	741600	762.60004	762600	22.0	22000	""osoba1""
""osoba1""		743.7	743700	762.60004	762600	19.900024	19900	""osoba1""
""osoba1""		745.5	745500	762.60004	762600	18.100037	18100	""osoba1""
""osoba1""		746.7	746700	762.60004	762600	16.900024	16900	""osoba1""
""osoba1""		747.60004	747600	762.60004	762600	16.0	16000	""osoba1""
""osoba1""		750.30005	750300	762.60004	762600	13.299988	13299	""osoba1""
""osoba1""		751.5	751500	762.60004	762600	12.100037	12100	""osoba1""
""osoba1""		753.0	753000	762.60004	762600	10.600037	10600	""osoba1""
""osoba4""		754.5	754500	755.4	755400	1.9000244	1900	""osoba4""
""osoba2""		755.4	755400	758.4	758400	4.0	4000	""osoba2""
""osoba1""		757.5	757500	762.60004	762600	6.1000366	6100	""osoba1""
""osoba2""		757.80005	757800	758.4	758400	1.5999756	1599	""osoba2""
""osoba1""		762.0	762000	762.60004	762600	1.6000366	1600	""osoba1""
""osoba2""		762.30005	762300	763.5	763500	2.1999512	2199	""osoba2""
""osoba3""		763.2	763200	804.60004	804600	42.400024	42400	""osoba3""
""osoba4""		764.4	764400	764.4	764400	1.0	1000	""osoba4""
""osoba3""		765.0	765000	804.60004	804600	40.600037	40600	""osoba3""
""osoba3""		765.60004	765600	804.60004	804600	40.0	40000	""osoba3""
""osoba1""		767.4	767400	768.60004	768600	2.2000122	2200	""osoba1""
""osoba3""		770.10004	770100	804.60004	804600	35.5	35500	""osoba3""
""osoba2""		772.80005	772800	773.10004	773100	1.2999878	1299	""osoba2""
""osoba3""		772.80005	772800	804.60004	804600	32.799988	32799	""osoba3""
""osoba3""		773.7	773700	804.60004	804600	31.900024	31900	""osoba3""
""osoba3""		776.7	776700	804.60004	804600	28.900024	28900	""osoba3""
""osoba3""		777.9	777900	804.60004	804600	27.700012	27700	""osoba3""
""osoba1""		778.50006	778500	778.80005	778800	1.2999878	1299	""osoba1""
""osoba3""		780.00006	780000	804.60004	804600	25.599976	25599	""osoba3""
""osoba3""		781.50006	781500	804.60004	804600	24.099976	24099	""osoba3""
""osoba3""		783.30005	783300	804.60004	804600	22.299988	22299	""osoba3""
""osoba3""		784.2	784200	804.60004	804600	21.400024	21400	""osoba3""
""osoba3""		787.2	787200	804.60004	804600	18.400024	18400	""osoba3""
""osoba3""		787.80005	787800	804.60004	804600	17.799988	17799	""osoba3""
""osoba3""		789.30005	789300	804.60004	804600	16.299988	16299	""osoba3""
""osoba2""		789.9	789900	790.50006	790500	1.6000366	1600	""osoba2""
""osoba3""		791.4	791400	804.60004	804600	14.200012	14200	""osoba3""
""osoba3""		793.80005	793800	804.60004	804600	11.799988	11799	""osoba3""
""osoba3""		794.4	794400	804.60004	804600	11.200012	11200	""osoba3""
""osoba4""		794.4	794400	794.7	794700	1.2999878	1299	""osoba4""
""osoba3""		795.60004	795600	804.60004	804600	10.0	10000	""osoba3""
""osoba4""		797.7	797700	798.9	798900	2.2000122	2200	""osoba4""
""osoba3""		801.60004	801600	804.60004	804600	4.0	4000	""osoba3""
""osoba3""		802.80005	802800	804.60004	804600	2.7999878	2799	""osoba3""
""osoba2""		804.30005	804300	807.00006	807000	3.7000122	3700	""osoba2""
""osoba3""		807.30005	807300	820.80005	820800	14.5	14500	""osoba3""
""osoba3""		810.60004	810600	820.80005	820800	11.200012	11200	""osoba3""
""osoba3""		813.60004	813600	820.80005	820800	8.200012	8200	""osoba3""
""osoba3""		815.4	815400	820.80005	820800	6.4000244	6400	""osoba3""
""osoba3""		816.00006	816000	820.80005	820800	5.799988	5799	""osoba3""
""osoba1""		817.80005	817800	823.50006	823500	6.700012	6700	""osoba1""
""osoba1""		819.9	819900	823.50006	823500	4.6000366	4600	""osoba1""
""osoba2""		820.2	820200	820.80005	820800	1.6000366	1600	""osoba2""
""osoba1""		822.30005	822300	823.50006	823500	2.2000122	2200	""osoba1""
""osoba4""		823.2	823200	827.4	827400	5.200012	5200	""osoba4""
""osoba4""		824.7	824700	827.4	827400	3.7000122	3700	""osoba4""
""osoba4""		827.4	827400	827.4	827400	1.0	1000	""osoba4""
""osoba1""		827.7	827700	855.30005	855300	28.600037	28600	""osoba1""
""osoba1""		829.2	829200	855.30005	855300	27.100037	27100	""osoba1""
""osoba2""		829.50006	829500	835.2	835200	6.699951	6699	""osoba2""
""osoba1""		837.30005	837300	855.30005	855300	19.0	19000	""osoba1""
""osoba1""		841.80005	841800	855.30005	855300	14.5	14500	""osoba1""
""osoba1""		843.30005	843300	855.30005	855300	13.0	13000	""osoba1""
""osoba1""		845.4	845400	855.30005	855300	10.900024	10900	""osoba1""
""osoba1""		847.2	847200	855.30005	855300	9.100037	9100	""osoba1""
""osoba1""		849.30005	849300	855.30005	855300	7.0	7000	""osoba1""
""osoba1""		853.50006	853500	855.30005	855300	2.7999878	2799	""osoba1""
""osoba2""		855.30005	855300	873.00006	873000	18.700012	18700	""osoba2""
""osoba2""		856.80005	856800	873.00006	873000	17.200012	17200	""osoba2""
""osoba1""		857.4	857400	859.2	859200	2.7999878	2799	""osoba1""
""osoba2""		857.4	857400	873.00006	873000	16.600037	16600	""osoba2""
""osoba3""		857.7	857700	859.80005	859800	3.1000366	3100	""osoba3""
""osoba2""		860.10004	860100	873.00006	873000	13.900024	13900	""osoba2""
""osoba2""		862.80005	862800	873.00006	873000	11.200012	11200	""osoba2""
""osoba1""		865.2	865200	869.4	869400	5.200012	5200	""osoba1""
""osoba1""		868.50006	868500	869.4	869400	1.8999634	1899	""osoba1""
""osoba3""		870.30005	870300	876.60004	876600	7.299988	7299	""osoba3""
""osoba3""		873.9	873900	876.60004	876600	3.7000122	3700	""osoba3""
""osoba3""		874.80005	874800	876.60004	876600	2.7999878	2799	""osoba3""
""osoba1""		876.60004	876600	884.10004	884100	8.5	8500	""osoba1""
""osoba1""		878.10004	878100	884.10004	884100	7.0	7000	""osoba1""
""osoba1""		880.2	880200	884.10004	884100	4.9000244	4900	""osoba1""
""osoba2""		880.2	880200	892.80005	892800	13.600037	13600	""osoba2""
""osoba2""		881.10004	881100	892.80005	892800	12.700012	12700	""osoba2""
""osoba1""		881.7	881700	884.10004	884100	3.4000244	3400	""osoba1""
""osoba2""		885.60004	885600	892.80005	892800	8.200012	8200	""osoba2""
""osoba2""		886.80005	886800	892.80005	892800	7.0	7000	""osoba2""
""osoba4""		886.80005	886800	888.00006	888000	2.2000122	2200	""osoba4""
""osoba1""		887.10004	887100	887.10004	887100	1.0	1000	""osoba1""
""osoba4""		887.4	887400	888.00006	888000	1.6000366	1600	""osoba4""
""osoba2""		888.9	888900	892.80005	892800	4.9000244	4900	""osoba2""
""osoba2""		889.80005	889800	892.80005	892800	4.0	4000	""osoba2""
""osoba2""		891.60004	891600	892.80005	892800	2.2000122	2200	""osoba2""
""osoba1""		892.50006	892500	904.80005	904800	13.299988	13299	""osoba1""
""osoba1""		893.10004	893100	904.80005	904800	12.700012	12700	""osoba1""
""osoba1""		895.80005	895800	904.80005	904800	10.0	10000	""osoba1""
""osoba1""		898.80005	898800	904.80005	904800	7.0	7000	""osoba1""
""osoba2""		902.4	902400	912.00006	912000	10.600037	10600	""osoba2""
""osoba2""		904.2	904200	912.00006	912000	8.800049	8800	""osoba2""
""osoba1""		904.80005	904800	904.80005	904800	1.0	1000	""osoba1""
""osoba2""		905.4	905400	912.00006	912000	7.6000366	7600	""osoba2""
""osoba4""		906.00006	906000	910.2	910200	5.199951	5199	""osoba4""
""osoba1""		909.9	909900	909.9	909900	1.0	1000	""osoba1""
""osoba3""		909.9	909900	919.2	919200	10.299988	10299	""osoba3""
""osoba4""		909.9	909900	910.2	910200	1.2999878	1299	""osoba4""
""osoba2""		910.2	910200	912.00006	912000	2.8000488	2800	""osoba2""
""osoba3""		911.4	911400	919.2	919200	8.799988	8799	""osoba3""
""osoba2""		912.00006	912000	912.00006	912000	1.0	1000	""osoba2""
""osoba3""		913.80005	913800	919.2	919200	6.3999634	6399	""osoba3""
""osoba3""		914.4	914400	919.2	919200	5.799988	5799	""osoba3""
""osoba4""		915.00006	915000	915.9	915900	1.8999634	1899	""osoba4""
""osoba3""		916.2	916200	919.2	919200	4.0	4000	""osoba3""
""osoba2""		917.4	917400	917.4	917400	1.0	1000	""osoba2""
""osoba3""		917.4	917400	919.2	919200	2.7999878	2799	""osoba3""
""osoba3""		918.30005	918300	919.2	919200	1.8999634	1899	""osoba3""
""osoba4""		918.30005	918300	921.30005	921300	4.0	4000	""osoba4""
""osoba1""		919.50006	919500	921.9	921900	3.3999634	3399	""osoba1""
""osoba2""		919.50006	919500	934.80005	934800	16.299988	16299	""osoba2""
""osoba1""		920.7	920700	921.9	921900	2.2000122	2200	""osoba1""
""osoba2""		925.50006	925500	934.80005	934800	10.299988	10299	""osoba2""
""osoba4""		925.80005	925800	927.30005	927300	2.5	2500	""osoba4""
""osoba1""		930.60004	930600	932.4	932400	2.7999878	2799	""osoba1""
""osoba2""		932.4	932400	934.80005	934800	3.4000244	3400	""osoba2""
""osoba2""		933.9	933900	934.80005	934800	1.9000244	1900	""osoba2""
""osoba4""		935.10004	935100	936.00006	936000	1.9000244	1900	""osoba4""
""osoba1""		935.4	935400	1004.10004	1004100	69.70001	69700	""osoba1""
""osoba1""		938.7	938700	1004.10004	1004100	66.400024	66400	""osoba1""
""osoba1""		940.50006	940500	1004.10004	1004100	64.599976	64599	""osoba1""
""osoba1""		941.4	941400	1004.10004	1004100	63.700012	63700	""osoba1""
""osoba1""		942.60004	942600	1004.10004	1004100	62.5	62500	""osoba1""
""osoba3""		945.00006	945000	945.30005	945300	1.2999878	1299	""osoba3""
""osoba1""		945.9	945900	1004.10004	1004100	59.200012	59200	""osoba1""
""osoba1""		949.50006	949500	1004.10004	1004100	55.599976	55599	""osoba1""
""osoba1""		951.30005	951300	1004.10004	1004100	53.799988	53799	""osoba1""
""osoba1""		951.9	951900	1004.10004	1004100	53.200012	53200	""osoba1""
""osoba1""		952.50006	952500	1004.10004	1004100	52.599976	52599	""osoba1""
""osoba1""		953.10004	953100	1004.10004	1004100	52.0	52000	""osoba1""
""osoba2""		954.30005	954300	955.2	955200	1.8999634	1899	""osoba2""
""osoba1""		955.2	955200	1004.10004	1004100	49.900024	49900	""osoba1""
""osoba1""		957.9	957900	1004.10004	1004100	47.200012	47200	""osoba1""
""osoba1""		958.80005	958800	1004.10004	1004100	46.299988	46299	""osoba1""
""osoba1""		965.10004	965100	1004.10004	1004100	40.0	40000	""osoba1""
""osoba1""		966.00006	966000	1004.10004	1004100	39.099976	39099	""osoba1""
""osoba4""		972.60004	972600	972.9	972900	1.2999878	1299	""osoba4""
""osoba4""		975.9	975900	976.50006	976500	1.6000366	1600	""osoba4""
""osoba1""		979.2	979200	1004.10004	1004100	25.900024	25900	""osoba1""
""osoba1""		980.10004	980100	1004.10004	1004100	25.0	25000	""osoba1""
""osoba1""		983.7	983700	1004.10004	1004100	21.400024	21400	""osoba1""
""osoba1""		984.60004	984600	1004.10004	1004100	20.5	20500	""osoba1""
""osoba1""		986.10004	986100	1004.10004	1004100	19.0	19000	""osoba1""
""osoba1""		986.7	986700	1004.10004	1004100	18.400024	18400	""osoba1""
""osoba1""		989.7	989700	1004.10004	1004100	15.400024	15400	""osoba1""
""osoba1""		990.9	990900	1004.10004	1004100	14.200012	14200	""osoba1""
""osoba1""		994.50006	994500	1004.10004	1004100	10.599976	10599	""osoba1""
""osoba1""		995.4	995400	1004.10004	1004100	9.700012	9700	""osoba1""
""osoba1""		997.50006	997500	1004.10004	1004100	7.5999756	7599	""osoba1""
""osoba1""		999.9	999900	1004.10004	1004100	5.200012	5200	""osoba1""
""osoba2""		1003.50006	1003500	1019.7	1019700	17.199951	17199	""osoba2""
""osoba2""		1005.30005	1005300	1019.7	1019700	15.399963	15399	""osoba2""
""osoba2""		1007.4	1007400	1019.7	1019700	13.299988	13299	""osoba2""
""osoba2""		1010.7	1010700	1019.7	1019700	10.0	10000	""osoba2""
""osoba2""		1011.60004	1011600	1019.7	1019700	9.099976	9099	""osoba2""
""osoba2""		1012.50006	1012500	1019.7	1019700	8.199951	8199	""osoba2""
""osoba2""		1013.4	1013400	1019.7	1019700	7.299988	7299	""osoba2""
""osoba2""		1014.30005	1014300	1019.7	1019700	6.3999634	6399	""osoba2""
""osoba2""		1016.10004	1016100	1019.7	1019700	4.5999756	4599	""osoba2""
""osoba2""		1017.00006	1017000	1019.7	1019700	3.6999512	3699	""osoba2""
""osoba2""		1018.2	1018200	1019.7	1019700	2.5	2500	""osoba2""
""osoba1""		1019.4	1019400	1028.4	1028400	10.0	10000	""osoba1""
""osoba1""		1021.50006	1021500	1028.4	1028400	7.8999634	7899	""osoba1""
""osoba1""		1022.10004	1022100	1028.4	1028400	7.299988	7299	""osoba1""
""osoba1""		1023.30005	1023300	1028.4	1028400	6.0999756	6099	""osoba1""
""osoba1""		1024.2001	1024200	1028.4	1028400	5.199951	5199	""osoba1""
""osoba1""		1025.4	1025400	1028.4	1028400	4.0	4000	""osoba1""
""osoba3""		1026.0	1026000	1026.3	1026300	1.3000488	1300	""osoba3""
""osoba4""		1026.6001	1026600	1035.9	1035900	10.299927	10299	""osoba4""
""osoba1""		1028.4	1028400	1028.4	1028400	1.0	1000	""osoba1""
""osoba4""		1029.6001	1029600	1035.9	1035900	7.2999268	7299	""osoba4""
""osoba4""		1030.2001	1030200	1035.9	1035900	6.699951	6699	""osoba4""
""osoba4""		1030.8	1030800	1035.9	1035900	6.0999756	6099	""osoba4""
""osoba1""		1032.6001	1032600	1050.3	1050300	18.699951	18699	""osoba1""
""osoba1""		1036.8	1036800	1050.3	1050300	14.5	14500	""osoba1""
""osoba1""		1037.4	1037400	1050.3	1050300	13.900024	13900	""osoba1""
""osoba3""		1038.0	1038000	1038.0	1038000	1.0	1000	""osoba3""
""osoba1""		1039.2001	1039200	1050.3	1050300	12.099976	12099	""osoba1""
""osoba1""		1046.1001	1046100	1050.3	1050300	5.199951	5199	""osoba1""
""osoba3""		1048.5	1048500	1054.5	1054500	7.0	7000	""osoba3""
""osoba1""		1048.8	1048800	1050.3	1050300	2.5	2500	""osoba1""
""osoba1""		1050.0	1050000	1050.3	1050300	1.3000488	1300	""osoba1""
""osoba3""		1050.3	1050300	1054.5	1054500	5.199951	5199	""osoba3""
""osoba3""		1051.2001	1051200	1054.5	1054500	4.2999268	4299	""osoba3""
""osoba1""		1053.3	1053300	1062.0	1062000	9.699951	9699	""osoba1""
""osoba1""		1056.3	1056300	1062.0	1062000	6.699951	6699	""osoba1""
""osoba1""		1057.5	1057500	1062.0	1062000	5.5	5500	""osoba1""
""osoba2""		1059.6001	1059600	1061.1001	1061100	2.5	2500	""osoba2""
""osoba1""		1060.5	1060500	1062.0	1062000	2.5	2500	""osoba1""
""osoba4""		1060.5	1060500	1069.5	1069500	10.0	10000	""osoba4""
""osoba1""		1062.0	1062000	1062.0	1062000	1.0	1000	""osoba1""
""osoba4""		1062.3	1062300	1069.5	1069500	8.199951	8199	""osoba4""
""osoba1""		1064.4	1064400	1064.7001	1064700	1.3000488	1300	""osoba1""
""osoba4""		1064.7001	1064700	1069.5	1069500	5.7999268	5799	""osoba4""
""osoba2""		1068.6001	1068600	1079.1001	1079100	11.5	11500	""osoba2""
""osoba4""		1068.6001	1068600	1069.5	1069500	1.8999023	1899	""osoba4""
""osoba2""		1073.1001	1073100	1079.1001	1079100	7.0	7000	""osoba2""
""osoba2""		1074.9	1074900	1079.1001	1079100	5.2000732	5200	""osoba2""
""osoba2""		1077.0	1077000	1079.1001	1079100	3.1000977	3100	""osoba2""
""osoba2""		1077.9	1077900	1079.1001	1079100	2.2000732	2200	""osoba2""
""osoba1""		1078.5	1078500	1130.1001	1130100	52.600098	52600	""osoba1""
""osoba1""		1080.3	1080300	1130.1001	1130100	50.80005	50800	""osoba1""
""osoba4""		1081.5	1081500	1083.3	1083300	2.8000488	2800	""osoba4""
""osoba1""		1088.1001	1088100	1130.1001	1130100	43.0	43000	""osoba1""
""osoba1""		1092.6001	1092600	1130.1001	1130100	38.5	38500	""osoba1""
""osoba1""		1094.4	1094400	1130.1001	1130100	36.700073	36700	""osoba1""
""osoba1""		1095.3	1095300	1130.1001	1130100	35.80005	35800	""osoba1""
""osoba4""		1097.4	1097400	1100.4	1100400	4.0	4000	""osoba4""
""osoba4""		1099.5	1099500	1100.4	1100400	1.9000244	1900	""osoba4""
""osoba1""		1100.1001	1100100	1130.1001	1130100	31.0	31000	""osoba1""
""osoba1""		1103.7001	1103700	1130.1001	1130100	27.400024	27400	""osoba1""
""osoba1""		1106.1001	1106100	1130.1001	1130100	25.0	25000	""osoba1""
""osoba1""		1107.6001	1107600	1130.1001	1130100	23.5	23500	""osoba1""
""osoba1""		1109.1001	1109100	1130.1001	1130100	22.0	22000	""osoba1""
""osoba1""		1109.7001	1109700	1130.1001	1130100	21.400024	21400	""osoba1""
""osoba1""		1110.6001	1110600	1130.1001	1130100	20.5	20500	""osoba1""
""osoba1""		1111.5	1111500	1130.1001	1130100	19.600098	19600	""osoba1""
""osoba1""		1112.1001	1112100	1130.1001	1130100	19.0	19000	""osoba1""
""osoba1""		1115.1001	1115100	1130.1001	1130100	16.0	16000	""osoba1""
""osoba1""		1116.0	1116000	1130.1001	1130100	15.100098	15100	""osoba1""
""osoba1""		1117.2001	1117200	1130.1001	1130100	13.900024	13900	""osoba1""
""osoba1""		1121.1001	1121100	1130.1001	1130100	10.0	10000	""osoba1""
""osoba1""		1123.2001	1123200	1130.1001	1130100	7.9000244	7900	""osoba1""
""osoba1""		1123.8	1123800	1130.1001	1130100	7.300049	7300	""osoba1""
""osoba1""		1124.7001	1124700	1130.1001	1130100	6.4000244	6400	""osoba1""
""osoba4""		1126.5	1126500	1130.7001	1130700	5.2000732	5200	""osoba4""
""osoba4""		1127.7001	1127700	1130.7001	1130700	4.0	4000	""osoba4""
""osoba1""		1128.0	1128000	1130.1001	1130100	3.1000977	3100	""osoba1""
""osoba4""		1129.2001	1129200	1130.7001	1130700	2.5	2500	""osoba4""
""osoba2""		1130.7001	1130700	1134.6001	1134600	4.9000244	4900	""osoba2""
""osoba2""		1134.3	1134300	1134.6001	1134600	1.3000488	1300	""osoba2""
""osoba3""		1134.3	1134300	1138.2001	1138200	4.9000244	4900	""osoba3""
""osoba3""		1135.8	1135800	1138.2001	1138200	3.4000244	3400	""osoba3""
""osoba1""		1136.1001	1136100	1150.5	1150500	15.399902	15399	""osoba1""
""osoba3""		1137.9	1137900	1138.2001	1138200	1.3000488	1300	""osoba3""
""osoba1""		1138.5	1138500	1150.5	1150500	13.0	13000	""osoba1""
""osoba1""		1141.8	1141800	1150.5	1150500	9.699951	9699	""osoba1""
""osoba4""		1142.1001	1142100	1142.1001	1142100	1.0	1000	""osoba4""
""osoba1""		1142.4	1142400	1150.5	1150500	9.099976	9099	""osoba1""
""osoba1""		1149.9	1149900	1150.5	1150500	1.5999756	1599	""osoba1""
""osoba4""		1149.9	1149900	1178.1001	1178100	29.200073	29200	""osoba4""
""osoba4""		1155.3	1155300	1178.1001	1178100	23.800049	23800	""osoba4""
""osoba4""		1157.4	1157400	1178.1001	1178100	21.700073	21700	""osoba4""
""osoba4""		1160.7001	1160700	1178.1001	1178100	18.400024	18400	""osoba4""
""osoba2""		1161.0	1161000	1167.3	1167300	7.300049	7300	""osoba2""
""osoba4""		1162.5	1162500	1178.1001	1178100	16.600098	16600	""osoba4""
""osoba1""		1164.9	1164900	1165.2001	1165200	1.3000488	1300	""osoba1""
""osoba2""		1165.5	1165500	1167.3	1167300	2.8000488	2800	""osoba2""
""osoba4""		1166.1001	1166100	1178.1001	1178100	13.0	13000	""osoba4""
""osoba4""		1169.1001	1169100	1178.1001	1178100	10.0	10000	""osoba4""
""osoba4""		1172.4	1172400	1178.1001	1178100	6.7000732	6700	""osoba4""
""osoba4""		1173.9	1173900	1178.1001	1178100	5.2000732	5200	""osoba4""
""osoba4""		1174.8	1174800	1178.1001	1178100	4.300049	4300	""osoba4""
""osoba4""		1175.7001	1175700	1178.1001	1178100	3.4000244	3400	""osoba4""
""osoba1""		1176.9	1176900	1200.3	1200300	24.400024	24400	""osoba1""
""osoba1""		1179.0	1179000	1200.3	1200300	22.300049	22300	""osoba1""
""osoba1""		1179.6001	1179600	1200.3	1200300	21.699951	21699	""osoba1""
""osoba1""		1182.0	1182000	1200.3	1200300	19.300049	19300	""osoba1""
""osoba4""		1191.0	1191000	1192.8	1192800	2.8000488	2800	""osoba4""
""osoba1""		1194.0	1194000	1200.3	1200300	7.300049	7300	""osoba1""
""osoba1""		1196.1001	1196100	1200.3	1200300	5.199951	5199	""osoba1""
""osoba1""		1198.2001	1198200	1200.3	1200300	3.0999756	3099	""osoba1""
""osoba1""		1199.4	1199400	1200.3	1200300	1.9000244	1900	""osoba1""
""osoba3""		1199.4	1199400	1205.7001	1205700	7.300049	7300	""osoba3""
""osoba2""		1203.0	1203000	1205.4	1205400	3.4000244	3400	""osoba2""
""osoba2""		1204.8	1204800	1205.4	1205400	1.5999756	1599	""osoba2""
""osoba3""		1205.4	1205400	1205.7001	1205700	1.3000488	1300	""osoba3""
""osoba4""		1206.0	1206000	1230.0	1230000	25.0	25000	""osoba4""
""osoba1""		1206.9	1206900	1207.8	1207800	1.9000244	1900	""osoba1""
""osoba4""		1208.7001	1208700	1230.0	1230000	22.299927	22299	""osoba4""
""osoba4""		1211.1001	1211100	1230.0	1230000	19.899902	19899	""osoba4""
""osoba4""		1211.7001	1211700	1230.0	1230000	19.299927	19299	""osoba4""
""osoba3""		1212.6001	1212600	1212.6001	1212600	1.0	1000	""osoba3""
""osoba4""		1214.4	1214400	1230.0	1230000	16.599976	16599	""osoba4""
""osoba4""		1216.5	1216500	1230.0	1230000	14.5	14500	""osoba4""
""osoba4""		1217.1001	1217100	1230.0	1230000	13.899902	13899	""osoba4""
""osoba2""		1217.7001	1217700	1219.2001	1219200	2.5	2500	""osoba2""
""osoba2""		1222.2001	1222200	1223.4	1223400	2.1999512	2199	""osoba2""
""osoba4""		1225.2001	1225200	1230.0	1230000	5.7999268	5799	""osoba4""
""osoba4""		1226.4	1226400	1230.0	1230000	4.5999756	4599	""osoba4""
""osoba2""		1228.8	1228800	1228.8	1228800	1.0	1000	""osoba2""
""osoba1""		1229.1001	1229100	1234.2001	1234200	6.0999756	6099	""osoba1""
""osoba3""		1231.8	1231800	1232.4	1232400	1.5999756	1599	""osoba3""
""osoba4""		1232.4	1232400	1245.3	1245300	13.900024	13900	""osoba4""
""osoba4""		1233.3	1233300	1245.3	1245300	13.0	13000	""osoba4""
""osoba1""		1233.6001	1233600	1234.2001	1234200	1.5999756	1599	""osoba1""
""osoba4""		1237.8	1237800	1245.3	1245300	8.5	8500	""osoba4""
""osoba4""		1238.4	1238400	1245.3	1245300	7.9000244	7900	""osoba4""
""osoba1""		1244.4	1244400	1262.1001	1262100	18.700073	18700	""osoba1""
""osoba1""		1245.9	1245900	1262.1001	1262100	17.200073	17200	""osoba1""
""osoba1""		1246.5	1246500	1262.1001	1262100	16.600098	16600	""osoba1""
""osoba1""		1249.5	1249500	1262.1001	1262100	13.600098	13600	""osoba1""
""osoba1""		1252.8	1252800	1262.1001	1262100	10.300049	10300	""osoba1""
""osoba1""		1254.9	1254900	1262.1001	1262100	8.200073	8200	""osoba1""
""osoba1""		1255.8	1255800	1262.1001	1262100	7.300049	7300	""osoba1""
""osoba1""		1256.7001	1256700	1262.1001	1262100	6.4000244	6400	""osoba1""
""osoba1""		1258.5	1258500	1262.1001	1262100	4.6000977	4600	""osoba1""
""osoba1""		1259.1001	1259100	1262.1001	1262100	4.0	4000	""osoba1""
""osoba4""		1259.1001	1259100	1260.0	1260000	1.8999023	1899	""osoba4""
""osoba2""		1260.3	1260300	1277.7001	1277700	18.400024	18400	""osoba2""
""osoba1""		1261.5	1261500	1262.1001	1262100	1.6000977	1600	""osoba1""
""osoba2""		1261.5	1261500	1277.7001	1277700	17.200073	17200	""osoba2""
""osoba2""		1263.6001	1263600	1277.7001	1277700	15.099976	15099	""osoba2""
""osoba2""		1264.2001	1264200	1277.7001	1277700	14.5	14500	""osoba2""
""osoba1""		1265.1001	1265100	1265.7001	1265700	1.5999756	1599	""osoba1""
""osoba2""		1265.4	1265400	1277.7001	1277700	13.300049	13300	""osoba2""
""osoba2""		1266.6001	1266600	1277.7001	1277700	12.099976	12099	""osoba2""
""osoba2""		1268.7001	1268700	1277.7001	1277700	10.0	10000	""osoba2""
""osoba2""		1269.6001	1269600	1277.7001	1277700	9.099976	9099	""osoba2""
""osoba2""		1272.0	1272000	1277.7001	1277700	6.7000732	6700	""osoba2""
""osoba4""		1277.7001	1277700	1278.0	1278000	1.2999268	1299	""osoba4""
""osoba3""		1278.6001	1278600	1313.1001	1313100	35.5	35500	""osoba3""
""osoba3""		1280.1001	1280100	1313.1001	1313100	34.0	34000	""osoba3""
""osoba3""		1281.0	1281000	1313.1001	1313100	33.100098	33100	""osoba3""
""osoba3""		1283.7001	1283700	1313.1001	1313100	30.400024	30400	""osoba3""
""osoba3""		1285.2001	1285200	1313.1001	1313100	28.900024	28900	""osoba3""
""osoba3""		1286.4	1286400	1313.1001	1313100	27.700073	27700	""osoba3""
""osoba3""		1287.6001	1287600	1313.1001	1313100	26.5	26500	""osoba3""
""osoba3""		1288.5	1288500	1313.1001	1313100	25.600098	25600	""osoba3""
""osoba3""		1289.7001	1289700	1313.1001	1313100	24.400024	24400	""osoba3""
""osoba1""		1290.3	1290300	1290.6001	1290600	1.3000488	1300	""osoba1""
""osoba3""		1292.7001	1292700	1313.1001	1313100	21.400024	21400	""osoba3""
""osoba3""		1296.6001	1296600	1313.1001	1313100	17.5	17500	""osoba3""
""osoba3""		1297.5	1297500	1313.1001	1313100	16.600098	16600	""osoba3""
""osoba3""		1300.5	1300500	1313.1001	1313100	13.600098	13600	""osoba3""
""osoba3""		1302.0	1302000	1313.1001	1313100	12.100098	12100	""osoba3""
""osoba2""		1303.8	1303800	1305.6001	1305600	2.8000488	2800	""osoba2""
""osoba3""		1304.1001	1304100	1313.1001	1313100	10.0	10000	""osoba3""
""osoba1""		1304.4	1304400	1305.3	1305300	1.9000244	1900	""osoba1""
""osoba2""		1305.3	1305300	1305.6001	1305600	1.3000488	1300	""osoba2""
""osoba3""		1305.9	1305900	1313.1001	1313100	8.200073	8200	""osoba3""
""osoba3""		1309.8	1309800	1313.1001	1313100	4.300049	4300	""osoba3""
""osoba3""		1310.7001	1310700	1313.1001	1313100	3.4000244	3400	""osoba3""
""osoba2""		1311.9	1311900	1326.3	1326300	15.400024	15400	""osoba2""
""osoba3""		1312.8	1312800	1313.1001	1313100	1.3000488	1300	""osoba3""
""osoba2""		1316.7001	1316700	1326.3	1326300	10.599976	10599	""osoba2""
""osoba2""		1320.0	1320000	1326.3	1326300	7.300049	7300	""osoba2""
""osoba2""		1321.2001	1321200	1326.3	1326300	6.0999756	6099	""osoba2""
""osoba2""		1323.0	1323000	1326.3	1326300	4.300049	4300	""osoba2""
""osoba3""		1324.8	1324800	1329.9	1329900	6.0999756	6099	""osoba3""
""osoba2""		1325.1001	1325100	1326.3	1326300	2.1999512	2199	""osoba2""
""osoba1""		1326.3	1326300	1367.4	1367400	42.099976	42099	""osoba1""
""osoba1""		1327.2001	1327200	1367.4	1367400	41.19995	41199	""osoba1""
""osoba3""		1328.4	1328400	1329.9	1329900	2.5	2500	""osoba3""
""osoba1""		1332.9	1332900	1367.4	1367400	35.5	35500	""osoba1""
""osoba1""		1335.9	1335900	1367.4	1367400	32.5	32500	""osoba1""
""osoba1""		1337.1001	1337100	1367.4	1367400	31.299927	31299	""osoba1""
""osoba1""		1340.4	1340400	1367.4	1367400	28.0	28000	""osoba1""
""osoba1""		1341.9	1341900	1367.4	1367400	26.5	26500	""osoba1""
""osoba3""		1342.5	1342500	1343.4	1343400	1.9000244	1900	""osoba3""
""osoba1""		1343.4	1343400	1367.4	1367400	25.0	25000	""osoba1""
""osoba1""		1347.0	1347000	1367.4	1367400	21.400024	21400	""osoba1""
""osoba1""		1349.4	1349400	1367.4	1367400	19.0	19000	""osoba1""
""osoba3""		1353.6001	1353600	1357.8	1357800	5.199951	5199	""osoba3""
""osoba3""		1354.5	1354500	1357.8	1357800	4.300049	4300	""osoba3""
""osoba1""		1354.8	1354800	1367.4	1367400	13.599976	13599	""osoba1""
""osoba1""		1356.3	1356300	1367.4	1367400	12.099976	12099	""osoba1""
""osoba1""		1358.7001	1358700	1367.4	1367400	9.699951	9699	""osoba1""
""osoba2""		1359.6001	1359600	1362.9	1362900	4.2999268	4299	""osoba2""
""osoba1""		1361.4	1361400	1367.4	1367400	7.0	7000	""osoba1""
""osoba1""		1365.0	1365000	1367.4	1367400	3.4000244	3400	""osoba1""
""osoba2""		1366.2001	1366200	1373.4	1373400	8.199951	8199	""osoba2""
""osoba1""		1367.4	1367400	1367.4	1367400	1.0	1000	""osoba1""
""osoba2""		1367.4	1367400	1373.4	1373400	7.0	7000	""osoba2""
""osoba2""		1372.2001	1372200	1373.4	1373400	2.1999512	2199	""osoba2""
""osoba3""		1372.8	1372800	1387.5	1387500	15.699951	15699	""osoba3""
""osoba3""		1374.9	1374900	1387.5	1387500	13.599976	13599	""osoba3""
""osoba3""		1375.5	1375500	1387.5	1387500	13.0	13000	""osoba3""
""osoba3""		1377.9	1377900	1387.5	1387500	10.599976	10599	""osoba3""
""osoba3""		1379.4	1379400	1387.5	1387500	9.099976	9099	""osoba3""
""osoba3""		1380.3	1380300	1387.5	1387500	8.199951	8199	""osoba3""
""osoba1""		1381.5	1381500	1381.5	1381500	1.0	1000	""osoba1""
""osoba3""		1385.1001	1385100	1387.5	1387500	3.3999023	3399	""osoba3""
""osoba3""		1386.0	1386000	1387.5	1387500	2.5	2500	""osoba3""
""osoba1""		1387.2001	1387200	1387.2001	1387200	1.0	1000	""osoba1""
""osoba4""		1387.5	1387500	1392.3	1392300	5.800049	5800	""osoba4""
""osoba4""		1388.7001	1388700	1392.3	1392300	4.5999756	4599	""osoba4""
""osoba3""		1391.4	1391400	1392.0	1392000	1.5999756	1599	""osoba3""
""osoba2""		1392.0	1392000	1397.1001	1397100	6.1000977	6100	""osoba2""
""osoba2""		1393.5	1393500	1397.1001	1397100	4.6000977	4600	""osoba2""
""osoba2""		1395.9	1395900	1397.1001	1397100	2.2000732	2200	""osoba2""
""osoba3""		1396.8	1396800	1396.8	1396800	1.0	1000	""osoba3""
""osoba1""		1397.4	1397400	1437.6001	1437600	41.200073	41200	""osoba1""
""osoba3""		1401.3	1401300	1401.9	1401900	1.5999756	1599	""osoba3""
""osoba1""		1402.8	1402800	1437.6001	1437600	35.80005	35800	""osoba1""
""osoba1""		1403.7001	1403700	1437.6001	1437600	34.900024	34900	""osoba1""
""osoba1""		1407.0	1407000	1437.6001	1437600	31.600098	31600	""osoba1""
""osoba1""		1408.8	1408800	1437.6001	1437600	29.800049	29800	""osoba1""
""osoba3""		1410.3	1410300	1415.7001	1415700	6.4000244	6400	""osoba3""
""osoba3""		1413.0	1413000	1415.7001	1415700	3.7000732	3700	""osoba3""
""osoba1""		1413.9	1413900	1437.6001	1437600	24.700073	24700	""osoba1""
""osoba2""		1414.8	1414800	1416.0	1416000	2.1999512	2199	""osoba2""
""osoba1""		1415.4	1415400	1437.6001	1437600	23.200073	23200	""osoba1""
""osoba1""		1417.2001	1417200	1437.6001	1437600	21.400024	21400	""osoba1""
""osoba1""		1422.9	1422900	1437.6001	1437600	15.700073	15700	""osoba1""
""osoba1""		1425.3	1425300	1437.6001	1437600	13.300049	13300	""osoba1""
""osoba1""		1425.9	1425900	1437.6001	1437600	12.700073	12700	""osoba1""
""osoba1""		1426.5	1426500	1437.6001	1437600	12.100098	12100	""osoba1""
""osoba1""		1427.1001	1427100	1437.6001	1437600	11.5	11500	""osoba1""
""osoba1""		1427.7001	1427700	1437.6001	1437600	10.900024	10900	""osoba1""
""osoba1""		1428.6001	1428600	1437.6001	1437600	10.0	10000	""osoba1""
""osoba1""		1431.0	1431000	1437.6001	1437600	7.6000977	7600	""osoba1""
""osoba1""		1433.4	1433400	1437.6001	1437600	5.2000732	5200	""osoba1""
""osoba1""		1434.0	1434000	1437.6001	1437600	4.6000977	4600	""osoba1""
""osoba1""		1437.3	1437300	1437.6001	1437600	1.3000488	1300	""osoba1""
""osoba3""		1437.9	1437900	1438.8	1438800	1.9000244	1900	""osoba3""
""osoba4""		1438.5	1438500	1440.6001	1440600	3.1000977	3100	""osoba4""
""osoba4""		1439.4	1439400	1440.6001	1440600	2.2000732	2200	""osoba4""
""osoba1""		1440.0	1440000	1472.1001	1472100	33.100098	33100	""osoba1""
""osoba1""		1440.9	1440900	1472.1001	1472100	32.200073	32200	""osoba1""
""osoba2""		1441.8	1441800	1441.8	1441800	1.0	1000	""osoba2""
""osoba1""		1443.6001	1443600	1472.1001	1472100	29.5	29500	""osoba1""
""osoba1""		1446.6001	1446600	1472.1001	1472100	26.5	26500	""osoba1""
""osoba1""		1449.9	1449900	1472.1001	1472100	23.200073	23200	""osoba1""
""osoba1""		1452.9	1452900	1472.1001	1472100	20.200073	20200	""osoba1""
""osoba3""		1453.5	1453500	1456.5	1456500	4.0	4000	""osoba3""
""osoba3""		1455.6001	1455600	1456.5	1456500	1.8999023	1899	""osoba3""
""osoba1""		1460.1001	1460100	1472.1001	1472100	13.0	13000	""osoba1""
""osoba1""		1461.3	1461300	1472.1001	1472100	11.800049	11800	""osoba1""
""osoba1""		1461.9	1461900	1472.1001	1472100	11.200073	11200	""osoba1""
""osoba1""		1462.8	1462800	1472.1001	1472100	10.300049	10300	""osoba1""
""osoba1""		1464.0	1464000	1472.1001	1472100	9.100098	9100	""osoba1""
""osoba1""		1464.9	1464900	1472.1001	1472100	8.200073	8200	""osoba1""
""osoba1""		1466.1001	1466100	1472.1001	1472100	7.0	7000	""osoba1""
""osoba1""		1467.6001	1467600	1472.1001	1472100	5.5	5500	""osoba1""
""osoba1""		1468.2001	1468200	1472.1001	1472100	4.9000244	4900	""osoba1""
""osoba1""		1470.6001	1470600	1472.1001	1472100	2.5	2500	""osoba1""
""osoba1""		1471.2001	1471200	1472.1001	1472100	1.9000244	1900	""osoba1""
""osoba1""		1471.8	1471800	1472.1001	1472100	1.3000488	1300	""osoba1""
""osoba3""		1472.7001	1472700	1479.6001	1479600	7.9000244	7900	""osoba3""
""osoba3""		1474.2001	1474200	1479.6001	1479600	6.4000244	6400	""osoba3""
""osoba1""		1477.8	1477800	1485.3	1485300	8.5	8500	""osoba1""
""osoba3""		1479.6001	1479600	1479.6001	1479600	1.0	1000	""osoba3""
""osoba1""		1479.9	1479900	1485.3	1485300	6.4000244	6400	""osoba1""
""osoba1""		1482.6001	1482600	1485.3	1485300	3.6999512	3699	""osoba1""
""osoba3""		1482.9	1482900	1482.9	1482900	1.0	1000	""osoba3""
""osoba2""		1484.7001	1484700	1485.9	1485900	2.1999512	2199	""osoba2""
""osoba3""		1485.6001	1485600	1490.4	1490400	5.7999268	5799	""osoba3""
""osoba3""		1488.9	1488900	1490.4	1490400	2.5	2500	""osoba3""
""osoba3""		1489.5	1489500	1490.4	1490400	1.9000244	1900	""osoba3""
""osoba1""		1490.1001	1490100	1494.9	1494900	5.7999268	5799	""osoba1""
""osoba1""		1491.3	1491300	1494.9	1494900	4.5999756	4599	""osoba1""
""osoba2""		1494.0	1494000	1509.0	1509000	16.0	16000	""osoba2""
""osoba2""		1496.1001	1496100	1509.0	1509000	13.899902	13899	""osoba2""
""osoba2""		1499.4	1499400	1509.0	1509000	10.599976	10599	""osoba2""
""osoba2""		1500.3	1500300	1509.0	1509000	9.699951	9699	""osoba2""
""osoba2""		1501.2001	1501200	1509.0	1509000	8.799927	8799	""osoba2""
""osoba3""		1503.3	1503300	1504.2001	1504200	1.9000244	1900	""osoba3""
""osoba2""		1503.6001	1503600	1509.0	1509000	6.3999023	6399	""osoba2""
""osoba2""		1506.6001	1506600	1509.0	1509000	3.3999023	3399	""osoba2""
""osoba1""		1507.8	1507800	1524.3	1524300	17.5	17500	""osoba1""
""osoba2""		1507.8	1507800	1509.0	1509000	2.1999512	2199	""osoba2""
""osoba1""		1509.9	1509900	1524.3	1524300	15.400024	15400	""osoba1""
""osoba1""		1511.7001	1511700	1524.3	1524300	13.599976	13599	""osoba1""
""osoba4""		1512.6001	1512600	1517.4	1517400	5.7999268	5799	""osoba4""
""osoba1""		1514.7001	1514700	1524.3	1524300	10.599976	10599	""osoba1""
""osoba1""		1516.5	1516500	1524.3	1524300	8.800049	8800	""osoba1""
""osoba4""		1516.8	1516800	1517.4	1517400	1.5999756	1599	""osoba4""
""osoba1""		1521.0	1521000	1524.3	1524300	4.300049	4300	""osoba1""
""osoba1""		1522.2001	1522200	1524.3	1524300	3.0999756	3099	""osoba1""
""osoba1""		1523.4	1523400	1524.3	1524300	1.9000244	1900	""osoba1""
""osoba2""		1524.0	1524000	1527.0	1527000	4.0	4000	""osoba2""
""osoba1""		1524.3	1524300	1524.3	1524300	1.0	1000	""osoba1""
""osoba1""		1527.3	1527300	1543.8	1543800	17.5	17500	""osoba1""
""osoba4""		1528.5	1528500	1530.3	1530300	2.8000488	2800	""osoba4""
""osoba1""		1529.7001	1529700	1543.8	1543800	15.099976	15099	""osoba1""
""osoba2""		1529.7001	1529700	1530.6001	1530600	1.9000244	1900	""osoba2""
""osoba4""		1530.0	1530000	1530.3	1530300	1.3000488	1300	""osoba4""
""osoba1""		1531.8	1531800	1543.8	1543800	13.0	13000	""osoba1""
""osoba1""		1533.0	1533000	1543.8	1543800	11.800049	11800	""osoba1""
""osoba1""		1534.8	1534800	1543.8	1543800	10.0	10000	""osoba1""
""osoba1""		1536.9	1536900	1543.8	1543800	7.9000244	7900	""osoba1""
""osoba1""		1537.5001	1537500	1543.8	1543800	7.2999268	7299	""osoba1""
""osoba4""		1541.7001	1541700	1546.5001	1546500	5.800049	5800	""osoba4""
""osoba4""		1542.3	1542300	1546.5001	1546500	5.2000732	5200	""osoba4""
""osoba1""		1542.9	1542900	1543.8	1543800	1.9000244	1900	""osoba1""
""osoba4""		1545.3	1545300	1546.5001	1546500	2.2000732	2200	""osoba4""
""osoba3""		1546.5001	1546500	1561.2001	1561200	15.699951	15699	""osoba3""
""osoba1""		1547.4	1547400	1550.1001	1550100	3.7000732	3700	""osoba1""
""osoba1""		1549.5001	1549500	1550.1001	1550100	1.5999756	1599	""osoba1""
""osoba4""		1554.0001	1554000	1556.7001	1556700	3.6999512	3699	""osoba4""
""osoba3""		1557.6001	1557600	1561.2001	1561200	4.5999756	4599	""osoba3""
""osoba1""		1557.9	1557900	1575.3	1575300	18.400024	18400	""osoba1""
""osoba1""		1563.3	1563300	1575.3	1575300	13.0	13000	""osoba1""
""osoba1""		1565.7001	1565700	1575.3	1575300	10.599976	10599	""osoba1""
""osoba1""		1566.6001	1566600	1575.3	1575300	9.699951	9699	""osoba1""
""osoba1""		1569.3	1569300	1575.3	1575300	7.0	7000	""osoba1""
""osoba1""		1571.7001	1571700	1575.3	1575300	4.5999756	4599	""osoba1""
""osoba1""		1572.6001	1572600	1575.3	1575300	3.6999512	3699	""osoba1""
""osoba2""		1572.9	1572900	1573.2001	1573200	1.3000488	1300	""osoba2""
""osoba1""		1573.8	1573800	1575.3	1575300	2.5	2500	""osoba1""
""osoba4""		1575.6001	1575600	1611.9	1611900	37.299927	37299	""osoba4""
""osoba4""		1579.2001	1579200	1611.9	1611900	33.69995	33699	""osoba4""
""osoba4""		1580.1001	1580100	1611.9	1611900	32.799927	32799	""osoba4""
""osoba4""		1580.7001	1580700	1611.9	1611900	32.19995	32199	""osoba4""
""osoba4""		1583.4	1583400	1611.9	1611900	29.5	29500	""osoba4""
""osoba4""		1584.6001	1584600	1611.9	1611900	28.299927	28299	""osoba4""
""osoba1""		1584.9	1584900	1590.3	1590300	6.4000244	6400	""osoba1""
""osoba3""		1585.5001	1585500	1586.7001	1586700	2.1999512	2199	""osoba3""
""osoba3""		1589.1001	1589100	1591.2001	1591200	3.0999756	3099	""osoba3""
""osoba3""		1590.9	1590900	1591.2001	1591200	1.3000488	1300	""osoba3""
""osoba4""		1593.0001	1593000	1611.9	1611900	19.899902	19899	""osoba4""
""osoba4""		1594.5001	1594500	1611.9	1611900	18.399902	18399	""osoba4""
""osoba2""		1599.3	1599300	1599.3	1599300	1.0	1000	""osoba2""
""osoba4""		1600.2001	1600200	1611.9	1611900	12.699951	12699	""osoba4""
""osoba1""		1601.7001	1601700	1602.0001	1602000	1.3000488	1300	""osoba1""
""osoba4""		1601.7001	1601700	1611.9	1611900	11.199951	11199	""osoba4""
""osoba3""		1602.9	1602900	1602.9	1602900	1.0	1000	""osoba3""
""osoba4""		1605.0001	1605000	1611.9	1611900	7.8999023	7899	""osoba4""
""osoba4""		1610.1001	1610100	1611.9	1611900	2.7999268	2799	""osoba4""
""osoba2""		1611.0001	1611000	1614.6001	1614600	4.5999756	4599	""osoba2""
""osoba2""		1613.7001	1613700	1614.6001	1614600	1.9000244	1900	""osoba2""
""osoba3""		1614.3	1614300	1620.3	1620300	7.0	7000	""osoba3""
""osoba3""		1616.1001	1616100	1620.3	1620300	5.199951	5199	""osoba3""
""osoba3""		1616.7001	1616700	1620.3	1620300	4.5999756	4599	""osoba3""
""osoba3""		1617.3	1617300	1620.3	1620300	4.0	4000	""osoba3""
