"default"		0.0	0	1.0	1000	1.0	1000	BEGIN
"default"		1620.3	1620300	1620.31	1621300	1.0	1000	END
""osoba1""		6.3	6300	8.700001	8700	3.4000006	3400	""osoba1""
""osoba3""		7.2000003	7200	38.7	38700	32.5	32500	""osoba3""
""osoba1""		8.1	8100	8.700001	8700	1.6000004	1600	""osoba1""
""osoba3""		8.700001	8700	38.7	38700	31.0	31000	""osoba3""
""osoba2""		9.900001	9900	9.900001	9900	1.0	1000	""osoba2""
""osoba3""		9.900001	9900	38.7	38700	29.8	29800	""osoba3""
""osoba3""		11.1	11100	38.7	38700	28.6	28600	""osoba3""
""osoba4""		12.0	12000	12.0	12000	1.0	1000	""osoba4""
""osoba1""		13.200001	13200	13.200001	13200	1.0	1000	""osoba1""
""osoba3""		14.400001	14400	38.7	38700	25.3	25300	""osoba3""
""osoba3""		18.0	18000	38.7	38700	21.7	21700	""osoba3""
""osoba2""		18.6	18600	18.6	18600	1.0	1000	""osoba2""
""osoba3""		18.900002	18900	38.7	38700	20.8	20800	""osoba3""
""osoba3""		20.7	20700	38.7	38700	19.0	19000	""osoba3""
""osoba3""		23.7	23700	38.7	38700	16.0	16000	""osoba3""
""osoba2""		26.7	26700	26.7	26700	1.0	1000	""osoba2""
""osoba3""		28.800001	28800	38.7	38700	10.9	10900	""osoba3""
""osoba3""		29.400002	29400	38.7	38700	10.299999	10299	""osoba3""
""osoba3""		32.4	32400	38.7	38700	7.299999	7299	""osoba3""
""osoba3""		33.0	33000	38.7	38700	6.700001	6700	""osoba3""
""osoba4""		34.2	34200	35.100002	35100	1.9000015	1900	""osoba4""
""osoba2""		34.800003	34800	36.600002	36600	2.7999992	2799	""osoba2""
""osoba2""		36.600002	36600	36.600002	36600	1.0	1000	""osoba2""
""osoba3""		36.600002	36600	38.7	38700	3.0999985	3099	""osoba3""
""osoba4""		38.100002	38100	38.4	38400	1.2999992	1299	""osoba4""
""osoba3""		38.4	38400	38.7	38700	1.2999992	1299	""osoba3""
""osoba2""		39.300003	39300	53.4	53400	15.099998	15099	""osoba2""
""osoba2""		40.800003	40800	53.4	53400	13.599998	13599	""osoba2""
""osoba2""		42.600002	42600	53.4	53400	11.799999	11799	""osoba2""
""osoba2""		45.300003	45300	53.4	53400	9.099998	9099	""osoba2""
""osoba2""		46.5	46500	53.4	53400	7.9000015	7900	""osoba2""
""osoba2""		47.4	47400	53.4	53400	7.0	7000	""osoba2""
""osoba2""		49.2	49200	53.4	53400	5.200001	5200	""osoba2""
""osoba2""		49.800003	49800	53.4	53400	4.5999985	4599	""osoba2""
""osoba2""		53.100002	53100	53.4	53400	1.2999992	1299	""osoba2""
""osoba3""		53.100002	53100	83.100006	83100	31.000004	31000	""osoba3""
""osoba3""		56.100002	56100	83.100006	83100	28.000004	28000	""osoba3""
""osoba3""		57.9	57900	83.100006	83100	26.200005	26200	""osoba3""
""osoba1""		59.7	59700	61.2	61200	2.5	2500	""osoba1""
""osoba2""		60.000004	60000	63.300003	63300	4.299999	4299	""osoba2""
""osoba1""		64.5	64500	64.5	64500	1.0	1000	""osoba1""
""osoba3""		66.3	66300	83.100006	83100	17.800003	17800	""osoba3""
""osoba3""		69.0	69000	83.100006	83100	15.100006	15100	""osoba3""
""osoba3""		69.600006	69600	83.100006	83100	14.5	14500	""osoba3""
""osoba3""		70.5	70500	83.100006	83100	13.600006	13600	""osoba3""
""osoba3""		74.100006	74100	83.100006	83100	10.0	10000	""osoba3""
""osoba3""		75.600006	75600	83.100006	83100	8.5	8500	""osoba3""
""osoba3""		77.4	77400	83.100006	83100	6.7000046	6700	""osoba3""
""osoba3""		80.4	80400	83.100006	83100	3.7000046	3700	""osoba3""
""osoba3""		81.600006	81600	83.100006	83100	2.5	2500	""osoba3""
""osoba4""		82.200005	82200	93.600006	93600	12.400002	12400	""osoba4""
""osoba2""		83.100006	83100	84.9	84900	2.7999954	2799	""osoba2""
""osoba2""		87.3	87300	89.4	89400	3.0999985	3099	""osoba2""
""osoba4""		88.5	88500	93.600006	93600	6.100006	6100	""osoba4""
""osoba2""		88.8	88800	89.4	89400	1.5999985	1599	""osoba2""
""osoba3""		90.3	90300	98.700005	98700	9.400002	9400	""osoba3""
""osoba4""		91.200005	91200	93.600006	93600	3.4000015	3400	""osoba4""
""osoba3""		92.100006	92100	98.700005	98700	7.5999985	7599	""osoba3""
""osoba3""		93.3	93300	98.700005	98700	6.4000015	6400	""osoba3""
""osoba4""		93.3	93300	93.600006	93600	1.300003	1300	""osoba4""
""osoba3""		96.0	96000	98.700005	98700	3.7000046	3700	""osoba3""
""osoba2""		96.9	96900	106.200005	106200	10.300003	10300	""osoba2""
""osoba2""		101.700005	101700	106.200005	106200	5.5	5500	""osoba2""
""osoba2""		103.8	103800	106.200005	106200	3.4000015	3400	""osoba2""
""osoba1""		106.200005	106200	129.0	129000	23.799995	23799	""osoba1""
""osoba1""		107.700005	107700	129.0	129000	22.299995	22299	""osoba1""
""osoba1""		109.50001	109500	129.0	129000	20.499992	20499	""osoba1""
""osoba1""		113.700005	113700	129.0	129000	16.299995	16299	""osoba1""
""osoba1""		114.3	114300	129.0	129000	15.699997	15699	""osoba1""
""osoba4""		114.600006	114600	114.600006	114600	1.0	1000	""osoba4""
""osoba3""		115.50001	115500	115.50001	115500	1.0	1000	""osoba3""
""osoba1""		119.100006	119100	129.0	129000	10.899994	10899	""osoba1""
""osoba3""		119.700005	119700	119.700005	119700	1.0	1000	""osoba3""
""osoba1""		120.600006	120600	129.0	129000	9.399994	9399	""osoba1""
""osoba1""		121.200005	121200	129.0	129000	8.799995	8799	""osoba1""
""osoba1""		124.200005	124200	129.0	129000	5.7999954	5799	""osoba1""
""osoba1""		125.700005	125700	129.0	129000	4.2999954	4299	""osoba1""
""osoba1""		127.50001	127500	129.0	129000	2.4999924	2499	""osoba1""
""osoba3""		128.1	128100	141.6	141600	14.5	14500	""osoba3""
""osoba3""		130.5	130500	141.6	141600	12.100006	12100	""osoba3""
""osoba3""		134.1	134100	141.6	141600	8.5	8500	""osoba3""
""osoba3""		135.0	135000	141.6	141600	7.600006	7600	""osoba3""
""osoba3""		136.5	136500	141.6	141600	6.100006	6100	""osoba3""
""osoba3""		138.3	138300	141.6	141600	4.300003	4300	""osoba3""
""osoba3""		140.40001	140400	141.6	141600	2.199997	2199	""osoba3""
""osoba4""		141.3	141300	160.8	160800	20.5	20500	""osoba4""
""osoba4""		142.8	142800	160.8	160800	19.0	19000	""osoba4""
""osoba4""		151.20001	151200	160.8	160800	10.599991	10599	""osoba4""
""osoba4""		152.70001	152700	160.8	160800	9.099991	9099	""osoba4""
""osoba4""		153.90001	153900	160.8	160800	7.899994	7899	""osoba4""
""osoba4""		155.1	155100	160.8	160800	6.699997	6699	""osoba4""
""osoba4""		156.3	156300	160.8	160800	5.5	5500	""osoba4""
""osoba4""		157.8	157800	160.8	160800	4.0	4000	""osoba4""
""osoba3""		159.0	159000	159.3	159300	1.300003	1300	""osoba3""
""osoba4""		160.8	160800	160.8	160800	1.0	1000	""osoba4""
""osoba1""		161.1	161100	192.6	192600	32.5	32500	""osoba1""
""osoba1""		162.3	162300	192.6	192600	31.300003	31300	""osoba1""
""osoba1""		165.6	165600	192.6	192600	28.0	28000	""osoba1""
""osoba1""		166.8	166800	192.6	192600	26.800003	26800	""osoba1""
""osoba1""		168.6	168600	192.6	192600	25.0	25000	""osoba1""
""osoba3""		168.6	168600	168.6	168600	1.0	1000	""osoba3""
""osoba1""		170.1	170100	192.6	192600	23.5	23500	""osoba1""
""osoba1""		171.0	171000	192.6	192600	22.600006	22600	""osoba1""
""osoba1""		171.90001	171900	192.6	192600	21.699997	21699	""osoba1""
""osoba2""		173.70001	173700	175.8	175800	3.0999908	3099	""osoba2""
""osoba1""		174.6	174600	192.6	192600	19.0	19000	""osoba1""
""osoba4""		176.1	176100	178.8	178800	3.699997	3699	""osoba4""
""osoba1""		176.70001	176700	192.6	192600	16.899994	16899	""osoba1""
""osoba1""		182.1	182100	192.6	192600	11.5	11500	""osoba1""
""osoba1""		183.3	183300	192.6	192600	10.300003	10300	""osoba1""
""osoba1""		184.8	184800	192.6	192600	8.800003	8800	""osoba1""
""osoba1""		185.70001	185700	192.6	192600	7.899994	7899	""osoba1""
""osoba1""		187.20001	187200	192.6	192600	6.399994	6399	""osoba1""
""osoba3""		187.20001	187200	187.8	187800	1.5999908	1599	""osoba3""
""osoba1""		189.90001	189900	192.6	192600	3.699997	3699	""osoba1""
""osoba1""		190.5	190500	192.6	192600	3.100006	3100	""osoba1""
""osoba2""		192.3	192300	192.3	192300	1.0	1000	""osoba2""
""osoba3""		192.6	192600	194.1	194100	2.5	2500	""osoba3""
""osoba4""		192.6	192600	199.8	199800	8.199997	8199	""osoba4""
""osoba4""		195.00002	195000	199.8	199800	5.799988	5799	""osoba4""
""osoba4""		196.50002	196500	199.8	199800	4.299988	4299	""osoba4""
""osoba4""		197.40001	197400	199.8	199800	3.399994	3399	""osoba4""
""osoba4""		198.00002	198000	199.8	199800	2.7999878	2799	""osoba4""
""osoba1""		199.20001	199200	207.6	207600	9.399994	9399	""osoba1""
""osoba1""		201.00002	201000	207.6	207600	7.599991	7599	""osoba1""
""osoba3""		201.3	201300	201.6	201600	1.300003	1300	""osoba3""
""osoba1""		201.6	201600	207.6	207600	7.0	7000	""osoba1""
""osoba1""		202.50002	202500	207.6	207600	6.099991	6099	""osoba1""
""osoba1""		203.40001	203400	207.6	207600	5.199997	5199	""osoba1""
""osoba4""		203.40001	203400	203.40001	203400	1.0	1000	""osoba4""
""osoba3""		203.70001	203700	210.6	210600	7.899994	7899	""osoba3""
""osoba1""		206.40001	206400	207.6	207600	2.199997	2199	""osoba1""
""osoba3""		207.00002	207000	210.6	210600	4.599991	4599	""osoba3""
""osoba3""		207.6	207600	210.6	210600	4.0	4000	""osoba3""
""osoba3""		209.70001	209700	210.6	210600	1.8999939	1899	""osoba3""
""osoba4""		210.3	210300	228.90001	228900	19.600006	19600	""osoba4""
""osoba4""		215.40001	215400	228.90001	228900	14.5	14500	""osoba4""
""osoba4""		217.20001	217200	228.90001	228900	12.699997	12699	""osoba4""
""osoba4""		219.6	219600	228.90001	228900	10.300003	10300	""osoba4""
""osoba4""		220.20001	220200	228.90001	228900	9.699997	9699	""osoba4""
""osoba4""		223.50002	223500	228.90001	228900	6.399994	6399	""osoba4""
""osoba4""		225.6	225600	228.90001	228900	4.300003	4300	""osoba4""
""osoba4""		226.20001	226200	228.90001	228900	3.699997	3699	""osoba4""
""osoba1""		228.6	228600	253.50002	253500	25.90001	25900	""osoba1""
""osoba4""		228.6	228600	228.90001	228900	1.300003	1300	""osoba4""
""osoba2""		232.50002	232500	232.50002	232500	1.0	1000	""osoba2""
""osoba4""		233.70001	233700	234.6	234600	1.8999939	1899	""osoba4""
""osoba1""		235.50002	235500	253.50002	253500	19.0	19000	""osoba1""
""osoba1""		236.70001	236700	253.50002	253500	17.800003	17800	""osoba1""
""osoba4""		236.70001	236700	239.1	239100	3.399994	3399	""osoba4""
""osoba2""		237.3	237300	237.6	237600	1.300003	1300	""osoba2""
""osoba1""		238.50002	238500	253.50002	253500	16.0	16000	""osoba1""
""osoba1""		241.50002	241500	253.50002	253500	13.0	13000	""osoba1""
""osoba4""		241.8	241800	242.40001	242400	1.6000061	1600	""osoba4""
""osoba1""		244.20001	244200	253.50002	253500	10.300003	10300	""osoba1""
""osoba1""		245.1	245100	253.50002	253500	9.400009	9400	""osoba1""
""osoba1""		246.00002	246000	253.50002	253500	8.5	8500	""osoba1""
""osoba1""		246.6	246600	253.50002	253500	7.900009	7900	""osoba1""
""osoba3""		248.70001	248700	248.70001	248700	1.0	1000	""osoba3""
""osoba3""		252.90001	252900	261.6	261600	9.699997	9699	""osoba3""
""osoba3""		255.90001	255900	261.6	261600	6.699997	6699	""osoba3""
""osoba1""		256.2	256200	256.5	256500	1.2999878	1299	""osoba1""
""osoba3""		257.1	257100	261.6	261600	5.5	5500	""osoba3""
""osoba4""		258.90002	258900	261.30002	261300	3.399994	3399	""osoba4""
""osoba1""		261.30002	261300	267.6	267600	7.299988	7299	""osoba1""
""osoba1""		265.80002	265800	267.6	267600	2.7999878	2799	""osoba1""
""osoba3""		266.7	266700	277.80002	277800	12.100006	12100	""osoba3""
""osoba3""		268.5	268500	277.80002	277800	10.300018	10300	""osoba3""
""osoba4""		269.1	269100	270.0	270000	1.8999939	1899	""osoba4""
""osoba1""		270.6	270600	273.0	273000	3.399994	3399	""osoba1""
""osoba3""		270.6	270600	277.80002	277800	8.200012	8200	""osoba3""
""osoba4""		272.1	272100	272.40002	272400	1.3000183	1300	""osoba4""
""osoba3""		272.7	272700	277.80002	277800	6.100006	6100	""osoba3""
""osoba3""		273.90002	273900	277.80002	277800	4.899994	4899	""osoba3""
""osoba1""		276.6	276600	287.7	287700	12.100006	12100	""osoba1""
""osoba1""		278.40002	278400	287.7	287700	10.299988	10299	""osoba1""
""osoba1""		284.1	284100	287.7	287700	4.600006	4600	""osoba1""
""osoba1""		284.7	284700	287.7	287700	4.0	4000	""osoba1""
""osoba1""		285.30002	285300	287.7	287700	3.399994	3399	""osoba1""
""osoba2""		287.1	287100	300.0	300000	13.899994	13899	""osoba2""
""osoba2""		288.30002	288300	300.0	300000	12.699982	12699	""osoba2""
""osoba2""		289.5	289500	300.0	300000	11.5	11500	""osoba2""
""osoba2""		291.0	291000	300.0	300000	10.0	10000	""osoba2""
""osoba2""		297.30002	297300	300.0	300000	3.6999817	3699	""osoba2""
""osoba3""		297.90002	297900	341.1	341100	44.19998	44199	""osoba3""
""osoba1""		302.1	302100	302.1	302100	1.0	1000	""osoba1""
""osoba3""		302.1	302100	341.1	341100	40.0	40000	""osoba3""
""osoba3""		304.5	304500	341.1	341100	37.600006	37600	""osoba3""
""osoba3""		306.30002	306300	341.1	341100	35.799988	35799	""osoba3""
""osoba3""		308.7	308700	341.1	341100	33.399994	33399	""osoba3""
""osoba3""		309.90002	309900	341.1	341100	32.19998	32199	""osoba3""
""osoba1""		312.90002	312900	312.90002	312900	1.0	1000	""osoba1""
""osoba3""		312.90002	312900	341.1	341100	29.199982	29199	""osoba3""
""osoba3""		314.1	314100	341.1	341100	28.0	28000	""osoba3""
""osoba3""		314.7	314700	341.1	341100	27.399994	27399	""osoba3""
""osoba3""		315.30002	315300	341.1	341100	26.799988	26799	""osoba3""
""osoba3""		320.1	320100	341.1	341100	22.0	22000	""osoba3""
""osoba3""		320.7	320700	341.1	341100	21.399994	21399	""osoba3""
""osoba2""		323.7	323700	326.1	326100	3.399994	3399	""osoba2""
""osoba3""		324.6	324600	341.1	341100	17.5	17500	""osoba3""
""osoba3""		327.6	327600	341.1	341100	14.5	14500	""osoba3""
""osoba3""		330.30002	330300	341.1	341100	11.799988	11799	""osoba3""
""osoba4""		330.30002	330300	332.7	332700	3.399994	3399	""osoba4""
""osoba3""		331.5	331500	341.1	341100	10.600006	10600	""osoba3""
""osoba3""		335.40002	335400	341.1	341100	6.6999817	6699	""osoba3""
""osoba3""		337.5	337500	341.1	341100	4.600006	4600	""osoba3""
""osoba3""		338.7	338700	341.1	341100	3.399994	3399	""osoba3""
""osoba1""		339.0	339000	353.7	353700	15.700012	15700	""osoba1""
""osoba1""		339.6	339600	353.7	353700	15.100006	15100	""osoba1""
""osoba1""		340.2	340200	353.7	353700	14.5	14500	""osoba1""
""osoba3""		340.80002	340800	341.1	341100	1.2999878	1299	""osoba3""
""osoba1""		342.0	342000	353.7	353700	12.700012	12700	""osoba1""
""osoba1""		342.90002	342900	353.7	353700	11.799988	11799	""osoba1""
""osoba1""		344.1	344100	353.7	353700	10.600006	10600	""osoba1""
""osoba1""		345.30002	345300	353.7	353700	9.399994	9399	""osoba1""
""osoba1""		346.80002	346800	353.7	353700	7.899994	7899	""osoba1""
""osoba1""		347.7	347700	353.7	353700	7.0	7000	""osoba1""
""osoba1""		348.30002	348300	353.7	353700	6.399994	6399	""osoba1""
""osoba1""		348.90002	348900	353.7	353700	5.799988	5799	""osoba1""
""osoba1""		352.80002	352800	353.7	353700	1.8999939	1899	""osoba1""
""osoba2""		353.1	353100	367.5	367500	15.399994	15399	""osoba2""
""osoba2""		356.1	356100	367.5	367500	12.399994	12399	""osoba2""
""osoba2""		361.2	361200	367.5	367500	7.299988	7299	""osoba2""
""osoba2""		362.40002	362400	367.5	367500	6.0999756	6099	""osoba2""
""osoba2""		364.2	364200	367.5	367500	4.299988	4299	""osoba2""
""osoba2""		366.0	366000	367.5	367500	2.5	2500	""osoba2""
""osoba2""		366.90002	366900	367.5	367500	1.5999756	1599	""osoba2""
""osoba3""		366.90002	366900	369.0	369000	3.0999756	3099	""osoba3""
""osoba1""		367.5	367500	370.5	370500	4.0	4000	""osoba1""
""osoba1""		369.6	369600	370.5	370500	1.8999939	1899	""osoba1""
""osoba1""		370.5	370500	370.5	370500	1.0	1000	""osoba1""
""osoba4""		370.80002	370800	378.90002	378900	9.100006	9100	""osoba4""
""osoba4""		372.6	372600	378.90002	378900	7.3000183	7300	""osoba4""
""osoba1""		373.5	373500	374.1	374100	1.6000061	1600	""osoba1""
""osoba4""		373.80002	373800	378.90002	378900	6.100006	6100	""osoba4""
""osoba4""		375.30002	375300	378.90002	378900	4.600006	4600	""osoba4""
""osoba4""		376.5	376500	378.90002	378900	3.4000244	3400	""osoba4""
""osoba1""		377.40002	377400	377.7	377700	1.2999878	1299	""osoba1""
""osoba3""		377.40002	377400	379.5	379500	3.0999756	3099	""osoba3""
""osoba2""		378.6	378600	393.6	393600	16.0	16000	""osoba2""
""osoba2""		381.30002	381300	393.6	393600	13.299988	13299	""osoba2""
""osoba1""		381.90002	381900	383.1	383100	2.1999817	2199	""osoba1""
""osoba2""		381.90002	381900	393.6	393600	12.699982	12699	""osoba2""
""osoba2""		385.2	385200	393.6	393600	9.399994	9399	""osoba2""
""osoba2""		386.40002	386400	393.6	393600	8.199982	8199	""osoba2""
""osoba3""		387.00003	387000	387.90002	387900	1.8999939	1899	""osoba3""
""osoba2""		387.30002	387300	393.6	393600	7.299988	7299	""osoba2""
""osoba2""		389.40002	389400	393.6	393600	5.1999817	5199	""osoba2""
""osoba2""		390.30002	390300	393.6	393600	4.299988	4299	""osoba2""
""osoba2""		391.50003	391500	393.6	393600	3.0999756	3099	""osoba2""
""osoba1""		392.7	392700	407.7	407700	16.0	16000	""osoba1""
""osoba3""		395.1	395100	396.90002	396900	2.8000183	2800	""osoba3""
""osoba1""		396.90002	396900	407.7	407700	11.799988	11799	""osoba1""
""osoba1""		398.7	398700	407.7	407700	10.0	10000	""osoba1""
""osoba1""		400.50003	400500	407.7	407700	8.199982	8199	""osoba1""
""osoba1""		404.1	404100	407.7	407700	4.600006	4600	""osoba1""
""osoba1""		405.30002	405300	407.7	407700	3.399994	3399	""osoba1""
""osoba1""		406.80002	406800	407.7	407700	1.8999939	1899	""osoba1""
""osoba4""		406.80002	406800	415.80002	415800	10.0	10000	""osoba4""
""osoba4""		408.90002	408900	415.80002	415800	7.899994	7899	""osoba4""
""osoba4""		409.80002	409800	415.80002	415800	7.0	7000	""osoba4""
""osoba4""		410.40002	410400	415.80002	415800	6.399994	6399	""osoba4""
""osoba1""		411.00003	411000	413.1	413100	3.0999756	3099	""osoba1""
""osoba4""		413.7	413700	415.80002	415800	3.100006	3100	""osoba4""
""osoba2""		415.80002	415800	421.50003	421500	6.700012	6700	""osoba2""
""osoba2""		418.2	418200	421.50003	421500	4.3000183	4300	""osoba2""
""osoba4""		419.40002	419400	434.1	434100	15.699982	15699	""osoba4""
""osoba2""		420.6	420600	421.50003	421500	1.9000244	1900	""osoba2""
""osoba2""		425.7	425700	426.6	426600	1.8999939	1899	""osoba2""
""osoba3""		426.00003	426000	426.00003	426000	1.0	1000	""osoba3""
""osoba4""		428.40002	428400	434.1	434100	6.6999817	6699	""osoba4""
""osoba3""		430.80002	430800	430.80002	430800	1.0	1000	""osoba3""
""osoba4""		432.30002	432300	434.1	434100	2.7999878	2799	""osoba4""
""osoba1""		434.1	434100	473.40002	473400	40.30002	40300	""osoba1""
""osoba1""		435.00003	435000	473.40002	473400	39.399994	39399	""osoba1""
""osoba1""		436.80002	436800	473.40002	473400	37.600006	37600	""osoba1""
""osoba1""		437.40002	437400	473.40002	473400	37.0	37000	""osoba1""
""osoba1""		438.30002	438300	473.40002	473400	36.100006	36100	""osoba1""
""osoba1""		439.2	439200	473.40002	473400	35.200012	35200	""osoba1""
""osoba1""		440.40002	440400	473.40002	473400	34.0	34000	""osoba1""
""osoba1""		442.50003	442500	473.40002	473400	31.899994	31899	""osoba1""
""osoba2""		444.30002	444300	445.2	445200	1.8999939	1899	""osoba2""
""osoba1""		447.30002	447300	473.40002	473400	27.100006	27100	""osoba1""
""osoba4""		448.2	448200	448.80002	448800	1.6000061	1600	""osoba4""
""osoba1""		450.30002	450300	473.40002	473400	24.100006	24100	""osoba1""
""osoba1""		452.7	452700	473.40002	473400	21.700012	21700	""osoba1""
""osoba1""		453.6	453600	473.40002	473400	20.800018	20800	""osoba1""
""osoba1""		455.40002	455400	473.40002	473400	19.0	19000	""osoba1""
""osoba1""		456.6	456600	473.40002	473400	17.800018	17800	""osoba1""
""osoba1""		458.1	458100	473.40002	473400	16.300018	16300	""osoba1""
""osoba1""		459.6	459600	473.40002	473400	14.800018	14800	""osoba1""
""osoba4""		459.90002	459900	461.40002	461400	2.5	2500	""osoba4""
""osoba1""		462.00003	462000	473.40002	473400	12.399994	12399	""osoba1""
""osoba1""		463.50003	463500	473.40002	473400	10.899994	10899	""osoba1""
""osoba3""		463.50003	463500	463.50003	463500	1.0	1000	""osoba3""
""osoba4""		465.00003	465000	465.30002	465300	1.2999878	1299	""osoba4""
""osoba3""		466.2	466200	467.1	467100	1.8999939	1899	""osoba3""
""osoba1""		468.90002	468900	473.40002	473400	5.5	5500	""osoba1""
""osoba2""		468.90002	468900	468.90002	468900	1.0	1000	""osoba2""
""osoba4""		470.7	470700	477.00003	477000	7.3000183	7300	""osoba4""
""osoba1""		471.6	471600	473.40002	473400	2.8000183	2800	""osoba1""
""osoba4""		472.2	472200	477.00003	477000	5.8000183	5800	""osoba4""
""osoba4""		475.2	475200	477.00003	477000	2.8000183	2800	""osoba4""
""osoba4""		475.80002	475800	477.00003	477000	2.2000122	2200	""osoba4""
""osoba2""		476.7	476700	481.80002	481800	6.100006	6100	""osoba2""
""osoba2""		479.1	479100	481.80002	481800	3.7000122	3700	""osoba2""
""osoba2""		480.00003	480000	481.80002	481800	2.7999878	2799	""osoba2""
""osoba4""		480.6	480600	485.7	485700	6.100006	6100	""osoba4""
""osoba2""		481.80002	481800	481.80002	481800	1.0	1000	""osoba2""
""osoba4""		481.80002	481800	485.7	485700	4.899994	4899	""osoba4""
""osoba4""		482.7	482700	485.7	485700	4.0	4000	""osoba4""
""osoba4""		483.6	483600	485.7	485700	3.100006	3100	""osoba4""
""osoba4""		484.2	484200	485.7	485700	2.5	2500	""osoba4""
""osoba2""		485.1	485100	491.40002	491400	7.3000183	7300	""osoba2""
""osoba4""		485.1	485100	485.7	485700	1.6000061	1600	""osoba4""
""osoba2""		487.2	487200	491.40002	491400	5.200012	5200	""osoba2""
""osoba2""		489.90002	489900	491.40002	491400	2.5	2500	""osoba2""
""osoba3""		489.90002	489900	520.5	520500	31.599976	31599	""osoba3""
""osoba2""		491.1	491100	491.40002	491400	1.3000183	1300	""osoba2""
""osoba3""		492.90002	492900	520.5	520500	28.599976	28599	""osoba3""
""osoba3""		494.40002	494400	520.5	520500	27.099976	27099	""osoba3""
""osoba3""		498.30002	498300	520.5	520500	23.199982	23199	""osoba3""
""osoba3""		498.90002	498900	520.5	520500	22.599976	22599	""osoba3""
""osoba3""		499.50003	499500	520.5	520500	21.99997	21999	""osoba3""
""osoba1""		500.40002	500400	500.40002	500400	1.0	1000	""osoba1""
""osoba3""		501.90002	501900	520.5	520500	19.599976	19599	""osoba3""
""osoba3""		503.7	503700	520.5	520500	17.799988	17799	""osoba3""
""osoba3""		505.50003	505500	520.5	520500	15.9999695	15999	""osoba3""
""osoba1""		508.2	508200	508.2	508200	1.0	1000	""osoba1""
""osoba2""		509.1	509100	510.00003	510000	1.9000244	1900	""osoba2""
""osoba3""		510.90002	510900	520.5	520500	10.599976	10599	""osoba3""
""osoba3""		512.10004	512100	520.5	520500	9.399963	9399	""osoba3""
""osoba4""		513.30005	513300	513.30005	513300	1.0	1000	""osoba4""
""osoba3""		513.60004	513600	520.5	520500	7.8999634	7899	""osoba3""
""osoba4""		519.0	519000	543.9	543900	25.900024	25900	""osoba4""
""osoba2""		523.80005	523800	523.80005	523800	1.0	1000	""osoba2""
""osoba1""		524.7	524700	525.0	525000	1.2999878	1299	""osoba1""
""osoba4""		527.7	527700	543.9	543900	17.200012	17200	""osoba4""
""osoba3""		531.0	531000	531.0	531000	1.0	1000	""osoba3""
""osoba4""		531.60004	531600	543.9	543900	13.299988	13299	""osoba4""
""osoba1""		532.2	532200	533.10004	533100	1.9000244	1900	""osoba1""
""osoba4""		534.60004	534600	543.9	543900	10.299988	10299	""osoba4""
""osoba4""		535.80005	535800	543.9	543900	9.099976	9099	""osoba4""
""osoba1""		536.7	536700	537.0	537000	1.2999878	1299	""osoba1""
""osoba3""		537.0	537000	537.0	537000	1.0	1000	""osoba3""
""osoba4""		539.7	539700	543.9	543900	5.200012	5200	""osoba4""
""osoba4""		540.30005	540300	543.9	543900	4.5999756	4599	""osoba4""
""osoba4""		540.9	540900	543.9	543900	4.0	4000	""osoba4""
""osoba4""		542.10004	542100	543.9	543900	2.7999878	2799	""osoba4""
""osoba4""		543.30005	543300	543.9	543900	1.5999756	1599	""osoba4""
""osoba1""		543.9	543900	556.5	556500	13.599976	13599	""osoba1""
""osoba2""		545.4	545400	545.4	545400	1.0	1000	""osoba2""
""osoba1""		545.7	545700	556.5	556500	11.799988	11799	""osoba1""
""osoba1""		550.5	550500	556.5	556500	7.0	7000	""osoba1""
""osoba1""		551.4	551400	556.5	556500	6.0999756	6099	""osoba1""
""osoba1""		552.0	552000	556.5	556500	5.5	5500	""osoba1""
""osoba2""		554.10004	554100	555.0	555000	1.8999634	1899	""osoba2""
""osoba3""		554.7	554700	574.2	574200	20.5	20500	""osoba3""
""osoba1""		555.0	555000	556.5	556500	2.5	2500	""osoba1""
""osoba2""		555.0	555000	555.0	555000	1.0	1000	""osoba2""
""osoba3""		558.9	558900	574.2	574200	16.299988	16299	""osoba3""
""osoba3""		559.80005	559800	574.2	574200	15.399963	15399	""osoba3""
""osoba3""		560.4	560400	574.2	574200	14.799988	14799	""osoba3""
""osoba3""		561.30005	561300	574.2	574200	13.899963	13899	""osoba3""
""osoba3""		570.30005	570300	574.2	574200	4.8999634	4899	""osoba3""
""osoba3""		570.9	570900	574.2	574200	4.299988	4299	""osoba3""
""osoba3""		572.4	572400	574.2	574200	2.7999878	2799	""osoba3""
""osoba1""		572.7	572700	583.2	583200	11.5	11500	""osoba1""
""osoba1""		576.0	576000	583.2	583200	8.200012	8200	""osoba1""
""osoba1""		578.10004	578100	583.2	583200	6.0999756	6099	""osoba1""
""osoba1""		580.80005	580800	583.2	583200	3.3999634	3399	""osoba1""
""osoba1""		581.4	581400	583.2	583200	2.7999878	2799	""osoba1""
""osoba4""		583.2	583200	588.9	588900	6.700012	6700	""osoba4""
""osoba1""		586.80005	586800	622.80005	622800	37.0	37000	""osoba1""
""osoba1""		587.4	587400	622.80005	622800	36.400024	36400	""osoba1""
""osoba4""		588.30005	588300	588.9	588900	1.5999756	1599	""osoba4""
""osoba1""		590.10004	590100	622.80005	622800	33.700012	33700	""osoba1""
""osoba1""		594.60004	594600	622.80005	622800	29.200012	29200	""osoba1""
""osoba1""		596.10004	596100	622.80005	622800	27.700012	27700	""osoba1""
""osoba1""		598.2	598200	622.80005	622800	25.600037	25600	""osoba1""
""osoba4""		598.80005	598800	598.80005	598800	1.0	1000	""osoba4""
""osoba1""		602.4	602400	622.80005	622800	21.400024	21400	""osoba1""
""osoba3""		603.9	603900	603.9	603900	1.0	1000	""osoba3""
""osoba1""		604.2	604200	622.80005	622800	19.600037	19600	""osoba1""
""osoba1""		604.80005	604800	622.80005	622800	19.0	19000	""osoba1""
""osoba4""		606.0	606000	606.0	606000	1.0	1000	""osoba4""
""osoba1""		608.10004	608100	622.80005	622800	15.700012	15700	""osoba1""
""osoba4""		608.10004	608100	609.0	609000	1.8999634	1899	""osoba4""
""osoba1""		610.5	610500	622.80005	622800	13.300049	13300	""osoba1""
""osoba1""		612.0	612000	622.80005	622800	11.800049	11800	""osoba1""
""osoba1""		612.60004	612600	622.80005	622800	11.200012	11200	""osoba1""
""osoba1""		613.5	613500	622.80005	622800	10.300049	10300	""osoba1""
""osoba1""		618.0	618000	622.80005	622800	5.800049	5800	""osoba1""
""osoba1""		621.30005	621300	622.80005	622800	2.5	2500	""osoba1""
""osoba1""		622.2	622200	622.80005	622800	1.6000366	1600	""osoba1""
""osoba1""		622.80005	622800	622.80005	622800	1.0	1000	""osoba1""
""osoba2""		622.80005	622800	649.80005	649800	28.0	28000	""osoba2""
""osoba1""		624.9	624900	624.9	624900	1.0	1000	""osoba1""
""osoba2""		625.80005	625800	649.80005	649800	25.0	25000	""osoba2""
""osoba3""		625.80005	625800	625.80005	625800	1.0	1000	""osoba3""
""osoba2""		627.60004	627600	649.80005	649800	23.200012	23200	""osoba2""
""osoba2""		630.0	630000	649.80005	649800	20.800049	20800	""osoba2""
""osoba2""		635.10004	635100	649.80005	649800	15.700012	15700	""osoba2""
""osoba2""		636.0	636000	649.80005	649800	14.800049	14800	""osoba2""
""osoba1""		637.2	637200	637.5	637500	1.2999878	1299	""osoba1""
""osoba2""		639.30005	639300	649.80005	649800	11.5	11500	""osoba2""
""osoba2""		640.80005	640800	649.80005	649800	10.0	10000	""osoba2""
""osoba2""		642.30005	642300	649.80005	649800	8.5	8500	""osoba2""
""osoba2""		644.10004	644100	649.80005	649800	6.700012	6700	""osoba2""
""osoba3""		646.5	646500	647.7	647700	2.2000122	2200	""osoba3""
""osoba2""		649.2	649200	649.80005	649800	1.6000366	1600	""osoba2""
""osoba4""		649.2	649200	661.80005	661800	13.600037	13600	""osoba4""
""osoba4""		650.7	650700	661.80005	661800	12.100037	12100	""osoba4""
""osoba4""		652.2	652200	661.80005	661800	10.600037	10600	""osoba4""
""osoba4""		652.80005	652800	661.80005	661800	10.0	10000	""osoba4""
""osoba4""		653.4	653400	661.80005	661800	9.400024	9400	""osoba4""
""osoba4""		654.0	654000	661.80005	661800	8.800049	8800	""osoba4""
""osoba1""		654.60004	654600	657.60004	657600	4.0	4000	""osoba1""
""osoba4""		655.80005	655800	661.80005	661800	7.0	7000	""osoba4""
""osoba4""		656.4	656400	661.80005	661800	6.4000244	6400	""osoba4""
""osoba4""		659.7	659700	661.80005	661800	3.1000366	3100	""osoba4""
""osoba4""		660.60004	660600	661.80005	661800	2.2000122	2200	""osoba4""
""osoba3""		661.2	661200	666.0	666000	5.799988	5799	""osoba3""
""osoba1""		661.5	661500	664.2	664200	3.7000122	3700	""osoba1""
""osoba3""		665.10004	665100	666.0	666000	1.8999634	1899	""osoba3""
""osoba3""		666.0	666000	666.0	666000	1.0	1000	""osoba3""
""osoba1""		666.30005	666300	675.0	675000	9.699951	9699	""osoba1""
""osoba1""		668.7	668700	675.0	675000	7.299988	7299	""osoba1""
""osoba1""		669.9	669900	675.0	675000	6.0999756	6099	""osoba1""
""osoba1""		672.0	672000	675.0	675000	4.0	4000	""osoba1""
""osoba1""		672.9	672900	675.0	675000	3.0999756	3099	""osoba1""
""osoba4""		675.0	675000	675.30005	675300	1.3000488	1300	""osoba4""
""osoba3""		675.60004	675600	682.5	682500	7.8999634	7899	""osoba3""
""osoba3""		678.0	678000	682.5	682500	5.5	5500	""osoba3""
""osoba1""		680.10004	680100	701.10004	701100	22.0	22000	""osoba1""
""osoba1""		685.2	685200	701.10004	701100	16.900024	16900	""osoba1""
""osoba1""		686.4	686400	701.10004	701100	15.700012	15700	""osoba1""
""osoba1""		687.30005	687300	701.10004	701100	14.799988	14799	""osoba1""
""osoba4""		689.10004	689100	689.4	689400	1.2999878	1299	""osoba4""
""osoba2""		690.0	690000	690.0	690000	1.0	1000	""osoba2""
""osoba1""		690.30005	690300	701.10004	701100	11.799988	11799	""osoba1""
""osoba1""		691.5	691500	701.10004	701100	10.600037	10600	""osoba1""
""osoba1""		693.0	693000	701.10004	701100	9.100037	9100	""osoba1""
""osoba1""		694.2	694200	701.10004	701100	7.9000244	7900	""osoba1""
""osoba1""		696.0	696000	701.10004	701100	6.1000366	6100	""osoba1""
""osoba1""		697.80005	697800	701.10004	701100	4.299988	4299	""osoba1""
""osoba3""		700.2	700200	710.10004	710100	10.900024	10900	""osoba3""
""osoba3""		702.30005	702300	710.10004	710100	8.799988	8799	""osoba3""
""osoba3""		703.5	703500	710.10004	710100	7.6000366	7600	""osoba3""
""osoba3""		704.10004	704100	710.10004	710100	7.0	7000	""osoba3""
""osoba3""		705.9	705900	710.10004	710100	5.200012	5200	""osoba3""
""osoba3""		708.60004	708600	710.10004	710100	2.5	2500	""osoba3""
""osoba1""		709.2	709200	725.10004	725100	16.900024	16900	""osoba1""
""osoba1""		711.0	711000	725.10004	725100	15.100037	15100	""osoba1""
""osoba1""		714.60004	714600	725.10004	725100	11.5	11500	""osoba1""
""osoba1""		721.2	721200	725.10004	725100	4.9000244	4900	""osoba1""
""osoba3""		724.5	724500	730.5	730500	7.0	7000	""osoba3""
""osoba3""		727.5	727500	730.5	730500	4.0	4000	""osoba3""
""osoba3""		729.0	729000	730.5	730500	2.5	2500	""osoba3""
""osoba1""		730.5	730500	735.9	735900	6.4000244	6400	""osoba1""
""osoba1""		731.7	731700	735.9	735900	5.200012	5200	""osoba1""
""osoba3""		735.9	735900	741.60004	741600	6.700012	6700	""osoba3""
""osoba3""		738.0	738000	741.60004	741600	4.6000366	4600	""osoba3""
""osoba3""		739.5	739500	741.60004	741600	3.1000366	3100	""osoba3""
""osoba4""		739.5	739500	756.0	756000	17.5	17500	""osoba4""
""osoba4""		743.10004	743100	756.0	756000	13.899963	13899	""osoba4""
""osoba4""		744.9	744900	756.0	756000	12.099976	12099	""osoba4""
""osoba3""		747.9	747900	748.2	748200	1.2999878	1299	""osoba3""
""osoba4""		749.4	749400	756.0	756000	7.5999756	7599	""osoba4""
""osoba4""		752.10004	752100	756.0	756000	4.8999634	4899	""osoba4""
""osoba4""		753.60004	753600	756.0	756000	3.3999634	3399	""osoba4""
""osoba4""		755.4	755400	756.0	756000	1.5999756	1599	""osoba4""
""osoba1""		755.7	755700	761.10004	761100	6.4000244	6400	""osoba1""
""osoba1""		757.5	757500	761.10004	761100	4.6000366	4600	""osoba1""
""osoba1""		758.7	758700	761.10004	761100	3.4000244	3400	""osoba1""
""osoba1""		760.2	760200	761.10004	761100	1.9000244	1900	""osoba1""
""osoba2""		760.5	760500	767.7	767700	8.200012	8200	""osoba2""
""osoba2""		761.7	761700	767.7	767700	7.0	7000	""osoba2""
""osoba2""		762.60004	762600	767.7	767700	6.0999756	6099	""osoba2""
""osoba2""		764.4	764400	767.7	767700	4.299988	4299	""osoba2""
""osoba2""		765.30005	765300	767.7	767700	3.3999634	3399	""osoba2""
""osoba4""		766.5	766500	774.9	774900	9.400024	9400	""osoba4""
""osoba1""		766.80005	766800	767.10004	767100	1.2999878	1299	""osoba1""
""osoba3""		766.80005	766800	767.7	767700	1.8999634	1899	""osoba3""
""osoba4""		768.9	768900	774.9	774900	7.0	7000	""osoba4""
""osoba4""		770.10004	770100	774.9	774900	5.799988	5799	""osoba4""
""osoba4""		771.9	771900	774.9	774900	4.0	4000	""osoba4""
""osoba4""		773.7	773700	774.9	774900	2.2000122	2200	""osoba4""
""osoba1""		774.30005	774300	808.80005	808800	35.5	35500	""osoba1""
""osoba4""		774.60004	774600	774.9	774900	1.2999878	1299	""osoba4""
""osoba1""		776.7	776700	808.80005	808800	33.100037	33100	""osoba1""
""osoba1""		780.30005	780300	808.80005	808800	29.5	29500	""osoba1""
""osoba1""		781.80005	781800	808.80005	808800	28.0	28000	""osoba1""
""osoba4""		783.00006	783000	784.80005	784800	2.7999878	2799	""osoba4""
""osoba1""		783.30005	783300	808.80005	808800	26.5	26500	""osoba1""
""osoba1""		786.60004	786600	808.80005	808800	23.200012	23200	""osoba1""
""osoba4""		787.2	787200	787.2	787200	1.0	1000	""osoba4""
""osoba1""		789.00006	789000	808.80005	808800	20.799988	20799	""osoba1""
""osoba3""		789.30005	789300	789.30005	789300	1.0	1000	""osoba3""
""osoba1""		791.10004	791100	808.80005	808800	18.700012	18700	""osoba1""
""osoba1""		791.7	791700	808.80005	808800	18.100037	18100	""osoba1""
""osoba1""		793.80005	793800	808.80005	808800	16.0	16000	""osoba1""
""osoba1""		795.00006	795000	808.80005	808800	14.799988	14799	""osoba1""
""osoba1""		797.4	797400	808.80005	808800	12.400024	12400	""osoba1""
""osoba1""		800.7	800700	808.80005	808800	9.100037	9100	""osoba1""
""osoba1""		804.9	804900	808.80005	808800	4.9000244	4900	""osoba1""
""osoba3""		805.80005	805800	813.60004	813600	8.799988	8799	""osoba3""
""osoba3""		810.30005	810300	813.60004	813600	4.299988	4299	""osoba3""
""osoba3""		810.9	810900	813.60004	813600	3.7000122	3700	""osoba3""
""osoba3""		812.10004	812100	813.60004	813600	2.5	2500	""osoba3""
""osoba2""		812.7	812700	814.2	814200	2.5	2500	""osoba2""
""osoba4""		814.50006	814500	820.50006	820500	7.0	7000	""osoba4""
""osoba2""		816.60004	816600	816.60004	816600	1.0	1000	""osoba2""
""osoba4""		817.2	817200	820.50006	820500	4.300049	4300	""osoba4""
""osoba4""		818.4	818400	820.50006	820500	3.1000366	3100	""osoba4""
""osoba1""		821.10004	821100	821.7	821700	1.5999756	1599	""osoba1""
""osoba2""		821.7	821700	832.50006	832500	11.800049	11800	""osoba2""
""osoba2""		822.60004	822600	832.50006	832500	10.900024	10900	""osoba2""
""osoba2""		823.2	823200	832.50006	832500	10.300049	10300	""osoba2""
""osoba2""		823.80005	823800	832.50006	832500	9.700012	9700	""osoba2""
""osoba4""		824.4	824400	825.00006	825000	1.6000366	1600	""osoba4""
""osoba2""		825.00006	825000	832.50006	832500	8.5	8500	""osoba2""
""osoba2""		825.9	825900	832.50006	832500	7.6000366	7600	""osoba2""
""osoba4""		828.00006	828000	828.60004	828600	1.5999756	1599	""osoba4""
""osoba2""		831.00006	831000	832.50006	832500	2.5	2500	""osoba2""
""osoba3""		832.50006	832500	834.9	834900	3.3999634	3399	""osoba3""
""osoba1""		833.10004	833100	850.50006	850500	18.400024	18400	""osoba1""
""osoba3""		834.60004	834600	834.9	834900	1.2999878	1299	""osoba3""
""osoba1""		834.9	834900	850.50006	850500	16.600037	16600	""osoba1""
""osoba1""		836.10004	836100	850.50006	850500	15.400024	15400	""osoba1""
""osoba1""		838.50006	838500	850.50006	850500	13.0	13000	""osoba1""
""osoba3""		838.80005	838800	839.10004	839100	1.2999878	1299	""osoba3""
""osoba1""		839.7	839700	850.50006	850500	11.800049	11800	""osoba1""
""osoba1""		840.30005	840300	850.50006	850500	11.200012	11200	""osoba1""
""osoba1""		842.7	842700	850.50006	850500	8.800049	8800	""osoba1""
""osoba1""		843.30005	843300	850.50006	850500	8.200012	8200	""osoba1""
""osoba1""		844.2	844200	850.50006	850500	7.300049	7300	""osoba1""
""osoba1""		845.10004	845100	850.50006	850500	6.4000244	6400	""osoba1""
""osoba1""		847.50006	847500	850.50006	850500	4.0	4000	""osoba1""
""osoba4""		848.10004	848100	859.50006	859500	12.400024	12400	""osoba4""
""osoba1""		848.7	848700	850.50006	850500	2.8000488	2800	""osoba1""
""osoba1""		849.30005	849300	850.50006	850500	2.2000122	2200	""osoba1""
""osoba4""		850.2	850200	859.50006	859500	10.300049	10300	""osoba4""
""osoba4""		852.60004	852600	859.50006	859500	7.9000244	7900	""osoba4""
""osoba4""		853.80005	853800	859.50006	859500	6.700012	6700	""osoba4""
""osoba1""		854.7	854700	854.7	854700	1.0	1000	""osoba1""
""osoba3""		859.50006	859500	870.30005	870300	11.799988	11799	""osoba3""
""osoba1""		859.80005	859800	864.30005	864300	5.5	5500	""osoba1""
""osoba1""		861.60004	861600	864.30005	864300	3.7000122	3700	""osoba1""
""osoba3""		861.60004	861600	870.30005	870300	9.700012	9700	""osoba3""
""osoba1""		862.50006	862500	864.30005	864300	2.7999878	2799	""osoba1""
""osoba3""		867.00006	867000	870.30005	870300	4.299988	4299	""osoba3""
""osoba3""		869.10004	869100	870.30005	870300	2.2000122	2200	""osoba3""
""osoba1""		869.4	869400	883.80005	883800	15.400024	15400	""osoba1""
""osoba1""		873.30005	873300	883.80005	883800	11.5	11500	""osoba1""
""osoba1""		875.10004	875100	883.80005	883800	9.700012	9700	""osoba1""
""osoba2""		876.60004	876600	880.2	880200	4.5999756	4599	""osoba2""
""osoba1""		877.80005	877800	883.80005	883800	7.0	7000	""osoba1""
""osoba2""		878.7	878700	880.2	880200	2.5	2500	""osoba2""
""osoba4""		879.9	879900	880.50006	880500	1.6000366	1600	""osoba4""
""osoba1""		882.30005	882300	883.80005	883800	2.5	2500	""osoba1""
""osoba4""		882.9	882900	915.30005	915300	33.400024	33400	""osoba4""
""osoba4""		887.10004	887100	915.30005	915300	29.200012	29200	""osoba4""
""osoba3""		888.00006	888000	888.00006	888000	1.0	1000	""osoba3""
""osoba2""		889.2	889200	889.50006	889500	1.3000488	1300	""osoba2""
""osoba4""		891.00006	891000	915.30005	915300	25.299988	25299	""osoba4""
""osoba4""		893.10004	893100	915.30005	915300	23.200012	23200	""osoba4""
""osoba4""		895.50006	895500	915.30005	915300	20.799988	20799	""osoba4""
""osoba4""		896.7	896700	915.30005	915300	19.600037	19600	""osoba4""
""osoba4""		899.7	899700	915.30005	915300	16.600037	16600	""osoba4""
""osoba2""		902.7	902700	903.60004	903600	1.9000244	1900	""osoba2""
""osoba4""		903.00006	903000	915.30005	915300	13.299988	13299	""osoba4""
""osoba4""		905.4	905400	915.30005	915300	10.900024	10900	""osoba4""
""osoba4""		908.10004	908100	915.30005	915300	8.200012	8200	""osoba4""
""osoba4""		911.7	911700	915.30005	915300	4.6000366	4600	""osoba4""
""osoba4""		913.50006	913500	915.30005	915300	2.7999878	2799	""osoba4""
""osoba4""		915.00006	915000	915.30005	915300	1.2999878	1299	""osoba4""
""osoba1""		915.30005	915300	937.50006	937500	23.200012	23200	""osoba1""
""osoba3""		916.80005	916800	916.80005	916800	1.0	1000	""osoba3""
""osoba2""		919.2	919200	919.2	919200	1.0	1000	""osoba2""
""osoba1""		919.80005	919800	937.50006	937500	18.700012	18700	""osoba1""
""osoba1""		921.9	921900	937.50006	937500	16.600037	16600	""osoba1""
""osoba1""		923.10004	923100	937.50006	937500	15.400024	15400	""osoba1""
""osoba1""		924.30005	924300	937.50006	937500	14.200012	14200	""osoba1""
""osoba1""		926.10004	926100	937.50006	937500	12.400024	12400	""osoba1""
""osoba1""		927.00006	927000	937.50006	937500	11.5	11500	""osoba1""
""osoba1""		929.10004	929100	937.50006	937500	9.400024	9400	""osoba1""
""osoba4""		930.60004	930600	932.7	932700	3.0999756	3099	""osoba4""
""osoba4""		932.4	932400	932.7	932700	1.2999878	1299	""osoba4""
""osoba1""		932.7	932700	937.50006	937500	5.800049	5800	""osoba1""
""osoba1""		934.80005	934800	937.50006	937500	3.7000122	3700	""osoba1""
""osoba1""		935.4	935400	937.50006	937500	3.1000366	3100	""osoba1""
""osoba1""		936.60004	936600	937.50006	937500	1.9000244	1900	""osoba1""
""osoba4""		936.9	936900	950.4	950400	14.5	14500	""osoba4""
""osoba4""		941.4	941400	950.4	950400	10.0	10000	""osoba4""
""osoba4""		942.9	942900	950.4	950400	8.5	8500	""osoba4""
""osoba4""		943.80005	943800	950.4	950400	7.5999756	7599	""osoba4""
""osoba1""		946.2	946200	968.10004	968100	22.900024	22900	""osoba1""
""osoba3""		950.7	950700	951.00006	951000	1.3000488	1300	""osoba3""
""osoba1""		951.00006	951000	968.10004	968100	18.099976	18099	""osoba1""
""osoba1""		953.7	953700	968.10004	968100	15.400024	15400	""osoba1""
""osoba1""		955.50006	955500	968.10004	968100	13.599976	13599	""osoba1""
""osoba1""		956.7	956700	968.10004	968100	12.400024	12400	""osoba1""
""osoba1""		957.60004	957600	968.10004	968100	11.5	11500	""osoba1""
""osoba1""		958.80005	958800	968.10004	968100	10.299988	10299	""osoba1""
""osoba2""		959.10004	959100	959.10004	959100	1.0	1000	""osoba2""
""osoba1""		960.9	960900	968.10004	968100	8.200012	8200	""osoba1""
""osoba4""		962.7	962700	963.00006	963000	1.3000488	1300	""osoba4""
""osoba1""		963.00006	963000	968.10004	968100	6.0999756	6099	""osoba1""
""osoba3""		963.9	963900	966.30005	966300	3.4000244	3400	""osoba3""
""osoba1""		965.4	965400	968.10004	968100	3.7000122	3700	""osoba1""
""osoba3""		965.4	965400	966.30005	966300	1.9000244	1900	""osoba3""
""osoba1""		966.30005	966300	968.10004	968100	2.7999878	2799	""osoba1""
""osoba4""		966.60004	966600	984.30005	984300	18.700012	18700	""osoba4""
""osoba1""		966.9	966900	968.10004	968100	2.2000122	2200	""osoba1""
""osoba4""		972.9	972900	984.30005	984300	12.400024	12400	""osoba4""
""osoba1""		973.2	973200	974.10004	974100	1.9000244	1900	""osoba1""
""osoba3""		976.2	976200	976.2	976200	1.0	1000	""osoba3""
""osoba4""		977.10004	977100	984.30005	984300	8.200012	8200	""osoba4""
""osoba4""		979.50006	979500	984.30005	984300	5.799988	5799	""osoba4""
""osoba2""		981.9	981900	988.80005	988800	7.9000244	7900	""osoba2""
""osoba3""		987.9	987900	996.60004	996600	9.700012	9700	""osoba3""
""osoba4""		988.2	988200	988.50006	988500	1.3000488	1300	""osoba4""
""osoba1""		991.2	991200	991.80005	991800	1.6000366	1600	""osoba1""
""osoba3""		991.50006	991500	996.60004	996600	6.0999756	6099	""osoba3""
""osoba1""		995.4	995400	1002.00006	1002000	7.6000366	7600	""osoba1""
""osoba4""		995.7	995700	996.30005	996300	1.6000366	1600	""osoba4""
""osoba1""		997.80005	997800	1002.00006	1002000	5.200012	5200	""osoba1""
""osoba1""		999.00006	999000	1002.00006	1002000	4.0	4000	""osoba1""
""osoba3""		1002.30005	1002300	1007.10004	1007100	5.799988	5799	""osoba3""
""osoba3""		1003.2	1003200	1007.10004	1007100	4.9000244	4900	""osoba3""
""osoba3""		1004.4	1004400	1007.10004	1007100	3.7000122	3700	""osoba3""
""osoba4""		1004.7	1004700	1006.2	1006200	2.5	2500	""osoba4""
""osoba3""		1005.00006	1005000	1007.10004	1007100	3.0999756	3099	""osoba3""
""osoba1""		1005.9	1005900	1023.60004	1023600	18.700012	18700	""osoba1""
""osoba1""		1009.2	1009200	1023.60004	1023600	15.400024	15400	""osoba1""
""osoba1""		1011.30005	1011300	1023.60004	1023600	13.299988	13299	""osoba1""
""osoba1""		1012.2	1012200	1023.60004	1023600	12.400024	12400	""osoba1""
""osoba3""		1012.50006	1012500	1012.80005	1012800	1.2999878	1299	""osoba3""
""osoba1""		1014.00006	1014000	1023.60004	1023600	10.599976	10599	""osoba1""
""osoba1""		1014.60004	1014600	1023.60004	1023600	10.0	10000	""osoba1""
""osoba4""		1017.00006	1017000	1017.00006	1017000	1.0	1000	""osoba4""
""osoba1""		1017.30005	1017300	1023.60004	1023600	7.299988	7299	""osoba1""
""osoba1""		1018.50006	1018500	1023.60004	1023600	6.0999756	6099	""osoba1""
""osoba1""		1019.7	1019700	1023.60004	1023600	4.9000244	4900	""osoba1""
""osoba4""		1021.2	1021200	1021.80005	1021800	1.6000366	1600	""osoba4""
""osoba2""		1022.10004	1022100	1044.3	1044300	23.200012	23200	""osoba2""
""osoba1""		1023.30005	1023300	1023.60004	1023600	1.2999878	1299	""osoba1""
""osoba2""		1024.5	1024500	1044.3	1044300	20.800049	20800	""osoba2""
""osoba2""		1025.7001	1025700	1044.3	1044300	19.599976	19599	""osoba2""
""osoba2""		1027.2001	1027200	1044.3	1044300	18.099976	18099	""osoba2""
""osoba2""		1029.3	1029300	1044.3	1044300	16.0	16000	""osoba2""
""osoba2""		1030.2001	1030200	1044.3	1044300	15.099976	15099	""osoba2""
""osoba2""		1031.1001	1031100	1044.3	1044300	14.199951	14199	""osoba2""
""osoba2""		1031.7001	1031700	1044.3	1044300	13.599976	13599	""osoba2""
""osoba2""		1033.8	1033800	1044.3	1044300	11.5	11500	""osoba2""
""osoba2""		1037.1001	1037100	1044.3	1044300	8.199951	8199	""osoba2""
""osoba2""		1041.0	1041000	1044.3	1044300	4.300049	4300	""osoba2""
""osoba3""		1041.9	1041900	1041.9	1041900	1.0	1000	""osoba3""
""osoba1""		1043.1001	1043100	1060.5	1060500	18.399902	18399	""osoba1""
""osoba3""		1046.1001	1046100	1049.4	1049400	4.2999268	4299	""osoba3""
""osoba1""		1046.4	1046400	1060.5	1060500	15.099976	15099	""osoba1""
""osoba1""		1048.5	1048500	1060.5	1060500	13.0	13000	""osoba1""
""osoba1""		1050.6001	1050600	1060.5	1060500	10.899902	10899	""osoba1""
""osoba1""		1054.2001	1054200	1060.5	1060500	7.2999268	7299	""osoba1""
""osoba1""		1056.6001	1056600	1060.5	1060500	4.8999023	4899	""osoba1""
""osoba1""		1057.5	1057500	1060.5	1060500	4.0	4000	""osoba1""
""osoba2""		1058.4	1058400	1059.6001	1059600	2.2000732	2200	""osoba2""
""osoba4""		1060.5	1060500	1064.7001	1064700	5.2000732	5200	""osoba4""
""osoba4""		1062.9	1062900	1064.7001	1064700	2.8000488	2800	""osoba4""
""osoba1""		1064.1001	1064100	1092.6001	1092600	29.5	29500	""osoba1""
""osoba1""		1066.5	1066500	1092.6001	1092600	27.100098	27100	""osoba1""
""osoba1""		1068.0	1068000	1092.6001	1092600	25.600098	25600	""osoba1""
""osoba1""		1069.2001	1069200	1092.6001	1092600	24.400024	24400	""osoba1""
""osoba1""		1069.8	1069800	1092.6001	1092600	23.800049	23800	""osoba1""
""osoba1""		1071.0	1071000	1092.6001	1092600	22.600098	22600	""osoba1""
""osoba4""		1072.2001	1072200	1072.2001	1072200	1.0	1000	""osoba4""
""osoba1""		1074.0	1074000	1092.6001	1092600	19.600098	19600	""osoba1""
""osoba1""		1076.4	1076400	1092.6001	1092600	17.200073	17200	""osoba1""
""osoba2""		1077.0	1077000	1078.2001	1078200	2.2000732	2200	""osoba2""
""osoba1""		1077.9	1077900	1092.6001	1092600	15.700073	15700	""osoba1""
""osoba1""		1078.8	1078800	1092.6001	1092600	14.800049	14800	""osoba1""
""osoba1""		1079.4	1079400	1092.6001	1092600	14.200073	14200	""osoba1""
""osoba1""		1080.3	1080300	1092.6001	1092600	13.300049	13300	""osoba1""
""osoba1""		1081.2001	1081200	1092.6001	1092600	12.400024	12400	""osoba1""
""osoba1""		1082.7001	1082700	1092.6001	1092600	10.900024	10900	""osoba1""
""osoba1""		1083.3	1083300	1092.6001	1092600	10.300049	10300	""osoba1""
""osoba1""		1084.8	1084800	1092.6001	1092600	8.800049	8800	""osoba1""
""osoba1""		1090.5	1090500	1092.6001	1092600	3.1000977	3100	""osoba1""
""osoba1""		1092.6001	1092600	1092.6001	1092600	1.0	1000	""osoba1""
""osoba2""		1093.2001	1093200	1099.5	1099500	7.2999268	7299	""osoba2""
""osoba2""		1096.5	1096500	1099.5	1099500	4.0	4000	""osoba2""
""osoba2""		1098.0	1098000	1099.5	1099500	2.5	2500	""osoba2""
""osoba1""		1098.9	1098900	1108.2001	1108200	10.300049	10300	""osoba1""
""osoba2""		1099.2001	1099200	1099.5	1099500	1.2999268	1299	""osoba2""
""osoba1""		1106.7001	1106700	1108.2001	1108200	2.5	2500	""osoba1""
""osoba1""		1107.3	1107300	1108.2001	1108200	1.9000244	1900	""osoba1""
""osoba3""		1107.6001	1107600	1108.5	1108500	1.8999023	1899	""osoba3""
""osoba4""		1108.5	1108500	1119.0	1119000	11.5	11500	""osoba4""
""osoba4""		1109.7001	1109700	1119.0	1119000	10.299927	10299	""osoba4""
""osoba2""		1113.0	1113000	1114.5	1114500	2.5	2500	""osoba2""
""osoba4""		1115.7001	1115700	1119.0	1119000	4.2999268	4299	""osoba4""
""osoba4""		1118.4	1118400	1119.0	1119000	1.5999756	1599	""osoba4""
""osoba3""		1119.0	1119000	1124.1001	1124100	6.1000977	6100	""osoba3""
""osoba3""		1119.9	1119900	1124.1001	1124100	5.2000732	5200	""osoba3""
""osoba3""		1120.8	1120800	1124.1001	1124100	4.300049	4300	""osoba3""
""osoba3""		1122.3	1122300	1124.1001	1124100	2.8000488	2800	""osoba3""
""osoba1""		1124.1001	1124100	1169.1001	1169100	46.0	46000	""osoba1""
""osoba1""		1125.3	1125300	1169.1001	1169100	44.80005	44800	""osoba1""
""osoba1""		1127.1001	1127100	1169.1001	1169100	43.0	43000	""osoba1""
""osoba1""		1128.3	1128300	1169.1001	1169100	41.80005	41800	""osoba1""
""osoba1""		1129.2001	1129200	1169.1001	1169100	40.900024	40900	""osoba1""
""osoba1""		1131.9	1131900	1169.1001	1169100	38.200073	38200	""osoba1""
""osoba1""		1132.8	1132800	1169.1001	1169100	37.30005	37300	""osoba1""
""osoba2""		1136.1001	1136100	1138.5	1138500	3.3999023	3399	""osoba2""
""osoba1""		1136.7001	1136700	1169.1001	1169100	33.400024	33400	""osoba1""
""osoba3""		1136.7001	1136700	1138.2001	1138200	2.5	2500	""osoba3""
""osoba4""		1137.3	1137300	1140.0	1140000	3.6999512	3699	""osoba4""
""osoba4""		1142.1001	1142100	1143.0	1143000	1.8999023	1899	""osoba4""
""osoba1""		1143.9	1143900	1169.1001	1169100	26.200073	26200	""osoba1""
""osoba1""		1146.0	1146000	1169.1001	1169100	24.100098	24100	""osoba1""
""osoba1""		1147.2001	1147200	1169.1001	1169100	22.900024	22900	""osoba1""
""osoba1""		1149.0	1149000	1169.1001	1169100	21.100098	21100	""osoba1""
""osoba1""		1150.5	1150500	1169.1001	1169100	19.600098	19600	""osoba1""
""osoba1""		1153.2001	1153200	1169.1001	1169100	16.900024	16900	""osoba1""
""osoba1""		1155.6001	1155600	1169.1001	1169100	14.5	14500	""osoba1""
""osoba2""		1155.6001	1155600	1155.6001	1155600	1.0	1000	""osoba2""
""osoba3""		1157.7001	1157700	1158.6001	1158600	1.9000244	1900	""osoba3""
""osoba1""		1160.1001	1160100	1169.1001	1169100	10.0	10000	""osoba1""
""osoba1""		1161.3	1161300	1169.1001	1169100	8.800049	8800	""osoba1""
""osoba1""		1162.5	1162500	1169.1001	1169100	7.6000977	7600	""osoba1""
""osoba1""		1163.1001	1163100	1169.1001	1169100	7.0	7000	""osoba1""
""osoba1""		1163.7001	1163700	1169.1001	1169100	6.4000244	6400	""osoba1""
""osoba1""		1165.5	1165500	1169.1001	1169100	4.6000977	4600	""osoba1""
""osoba4""		1167.9	1167900	1202.4	1202400	35.5	35500	""osoba4""
""osoba4""		1168.8	1168800	1202.4	1202400	34.599976	34599	""osoba4""
""osoba4""		1170.6001	1170600	1202.4	1202400	32.799927	32799	""osoba4""
""osoba4""		1173.0	1173000	1202.4	1202400	30.400024	30400	""osoba4""
""osoba4""		1174.8	1174800	1202.4	1202400	28.599976	28599	""osoba4""
""osoba4""		1175.7001	1175700	1202.4	1202400	27.699951	27699	""osoba4""
""osoba4""		1177.2001	1177200	1202.4	1202400	26.199951	26199	""osoba4""
""osoba4""		1179.0	1179000	1202.4	1202400	24.400024	24400	""osoba4""
""osoba1""		1179.6001	1179600	1179.6001	1179600	1.0	1000	""osoba1""
""osoba4""		1182.9	1182900	1202.4	1202400	20.5	20500	""osoba4""
""osoba1""		1183.8	1183800	1184.4	1184400	1.5999756	1599	""osoba1""
""osoba4""		1185.3	1185300	1202.4	1202400	18.099976	18099	""osoba4""
""osoba4""		1186.2001	1186200	1202.4	1202400	17.199951	17199	""osoba4""
""osoba2""		1188.3	1188300	1189.8	1189800	2.5	2500	""osoba2""
""osoba4""		1188.6001	1188600	1202.4	1202400	14.799927	14799	""osoba4""
""osoba4""		1190.7001	1190700	1202.4	1202400	12.699951	12699	""osoba4""
""osoba4""		1192.8	1192800	1202.4	1202400	10.599976	10599	""osoba4""
""osoba1""		1193.1001	1193100	1194.0	1194000	1.8999023	1899	""osoba1""
""osoba4""		1195.5	1195500	1202.4	1202400	7.9000244	7900	""osoba4""
""osoba4""		1197.3	1197300	1202.4	1202400	6.0999756	6099	""osoba4""
""osoba4""		1198.2001	1198200	1202.4	1202400	5.199951	5199	""osoba4""
""osoba4""		1198.8	1198800	1202.4	1202400	4.5999756	4599	""osoba4""
""osoba4""		1200.6001	1200600	1202.4	1202400	2.7999268	2799	""osoba4""
""osoba1""		1201.5	1201500	1216.5	1216500	16.0	16000	""osoba1""
""osoba1""		1203.9	1203900	1216.5	1216500	13.599976	13599	""osoba1""
""osoba1""		1206.3	1206300	1216.5	1216500	11.199951	11199	""osoba1""
""osoba2""		1208.7001	1208700	1209.9	1209900	2.1999512	2199	""osoba2""
""osoba1""		1210.8	1210800	1216.5	1216500	6.699951	6699	""osoba1""
""osoba1""		1212.9	1212900	1216.5	1216500	4.5999756	4599	""osoba1""
""osoba1""		1214.4	1214400	1216.5	1216500	3.0999756	3099	""osoba1""
""osoba1""		1215.3	1215300	1216.5	1216500	2.1999512	2199	""osoba1""
""osoba4""		1215.6001	1215600	1242.3	1242300	27.699951	27699	""osoba4""
""osoba4""		1222.8	1222800	1242.3	1242300	20.5	20500	""osoba4""
""osoba4""		1223.7001	1223700	1242.3	1242300	19.599976	19599	""osoba4""
""osoba4""		1228.5	1228500	1242.3	1242300	14.800049	14800	""osoba4""
""osoba2""		1228.8	1228800	1229.1001	1229100	1.3000488	1300	""osoba2""
""osoba4""		1230.9	1230900	1242.3	1242300	12.400024	12400	""osoba4""
""osoba4""		1231.8	1231800	1242.3	1242300	11.5	11500	""osoba4""
""osoba4""		1239.9	1239900	1242.3	1242300	3.4000244	3400	""osoba4""
""osoba1""		1242.0	1242000	1267.8	1267800	26.800049	26800	""osoba1""
""osoba1""		1243.2001	1243200	1267.8	1267800	25.599976	25599	""osoba1""
""osoba1""		1250.1001	1250100	1267.8	1267800	18.699951	18699	""osoba1""
""osoba1""		1252.2001	1252200	1267.8	1267800	16.599976	16599	""osoba1""
""osoba1""		1254.0	1254000	1267.8	1267800	14.800049	14800	""osoba1""
""osoba1""		1259.7001	1259700	1267.8	1267800	9.099976	9099	""osoba1""
""osoba1""		1260.3	1260300	1267.8	1267800	8.5	8500	""osoba1""
""osoba1""		1264.2001	1264200	1267.8	1267800	4.5999756	4599	""osoba1""
""osoba1""		1265.7001	1265700	1267.8	1267800	3.0999756	3099	""osoba1""
""osoba4""		1266.3	1266300	1282.2001	1282200	16.900024	16900	""osoba4""
""osoba1""		1267.5	1267500	1267.8	1267800	1.3000488	1300	""osoba1""
""osoba2""		1267.8	1267800	1269.0	1269000	2.1999512	2199	""osoba2""
""osoba4""		1268.4	1268400	1282.2001	1282200	14.800049	14800	""osoba4""
""osoba4""		1271.7001	1271700	1282.2001	1282200	11.5	11500	""osoba4""
""osoba4""		1272.3	1272300	1282.2001	1282200	10.900024	10900	""osoba4""
""osoba4""		1273.8	1273800	1282.2001	1282200	9.400024	9400	""osoba4""
""osoba4""		1275.0	1275000	1282.2001	1282200	8.200073	8200	""osoba4""
""osoba2""		1281.3	1281300	1289.1001	1289100	8.800049	8800	""osoba2""
""osoba2""		1284.0	1284000	1289.1001	1289100	6.1000977	6100	""osoba2""
""osoba2""		1284.9	1284900	1289.1001	1289100	5.2000732	5200	""osoba2""
""osoba4""		1286.4	1286400	1286.4	1286400	1.0	1000	""osoba4""
""osoba1""		1286.7001	1286700	1287.9	1287900	2.1999512	2199	""osoba1""
""osoba2""		1286.7001	1286700	1289.1001	1289100	3.4000244	3400	""osoba2""
""osoba3""		1287.6001	1287600	1292.7001	1292700	6.0999756	6099	""osoba3""
""osoba3""		1290.9	1290900	1292.7001	1292700	2.8000488	2800	""osoba3""
""osoba1""		1291.8	1291800	1303.5	1303500	12.699951	12699	""osoba1""
""osoba1""		1294.8	1294800	1303.5	1303500	9.699951	9699	""osoba1""
""osoba1""		1296.3	1296300	1303.5	1303500	8.199951	8199	""osoba1""
""osoba1""		1298.4	1298400	1303.5	1303500	6.0999756	6099	""osoba1""
""osoba1""		1299.0	1299000	1303.5	1303500	5.5	5500	""osoba1""
""osoba1""		1300.2001	1300200	1303.5	1303500	4.2999268	4299	""osoba1""
""osoba4""		1302.3	1302300	1312.5	1312500	11.199951	11199	""osoba4""
""osoba1""		1302.6001	1302600	1303.5	1303500	1.8999023	1899	""osoba1""
""osoba4""		1305.3	1305300	1312.5	1312500	8.199951	8199	""osoba4""
""osoba4""		1308.0	1308000	1312.5	1312500	5.5	5500	""osoba4""
""osoba4""		1309.2001	1309200	1312.5	1312500	4.2999268	4299	""osoba4""
""osoba1""		1313.1001	1313100	1319.7001	1319700	7.5999756	7599	""osoba1""
""osoba1""		1317.0	1317000	1319.7001	1319700	3.7000732	3700	""osoba1""
""osoba4""		1317.6001	1317600	1329.3	1329300	12.699951	12699	""osoba4""
""osoba1""		1318.2001	1318200	1319.7001	1319700	2.5	2500	""osoba1""
""osoba3""		1318.8	1318800	1319.1001	1319100	1.3000488	1300	""osoba3""
""osoba2""		1320.0	1320000	1320.9	1320900	1.9000244	1900	""osoba2""
""osoba4""		1322.4	1322400	1329.3	1329300	7.9000244	7900	""osoba4""
""osoba4""		1325.1001	1325100	1329.3	1329300	5.199951	5199	""osoba4""
""osoba4""		1328.4	1328400	1329.3	1329300	1.9000244	1900	""osoba4""
""osoba1""		1329.0	1329000	1353.0	1353000	25.0	25000	""osoba1""
""osoba1""		1330.5	1330500	1353.0	1353000	23.5	23500	""osoba1""
""osoba1""		1331.1001	1331100	1353.0	1353000	22.899902	22899	""osoba1""
""osoba1""		1332.3	1332300	1353.0	1353000	21.699951	21699	""osoba1""
""osoba1""		1338.6001	1338600	1353.0	1353000	15.399902	15399	""osoba1""
""osoba1""		1340.7001	1340700	1353.0	1353000	13.299927	13299	""osoba1""
""osoba1""		1342.2001	1342200	1353.0	1353000	11.799927	11799	""osoba1""
""osoba4""		1342.2001	1342200	1343.7001	1343700	2.5	2500	""osoba4""
""osoba2""		1343.4	1343400	1343.4	1343400	1.0	1000	""osoba2""
""osoba4""		1343.4	1343400	1343.7001	1343700	1.3000488	1300	""osoba4""
""osoba1""		1344.6001	1344600	1353.0	1353000	9.399902	9399	""osoba1""
""osoba1""		1346.7001	1346700	1353.0	1353000	7.2999268	7299	""osoba1""
""osoba3""		1348.2001	1348200	1348.5	1348500	1.2999268	1299	""osoba3""
""osoba1""		1350.3	1350300	1353.0	1353000	3.6999512	3699	""osoba1""
""osoba4""		1350.6001	1350600	1351.8	1351800	2.1999512	2199	""osoba4""
""osoba1""		1352.7001	1352700	1353.0	1353000	1.2999268	1299	""osoba1""
""osoba2""		1353.0	1353000	1359.3	1359300	7.300049	7300	""osoba2""
""osoba2""		1354.2001	1354200	1359.3	1359300	6.0999756	6099	""osoba2""
""osoba2""		1355.4	1355400	1359.3	1359300	4.9000244	4900	""osoba2""
""osoba1""		1356.6001	1356600	1363.8	1363800	8.199951	8199	""osoba1""
""osoba2""		1357.5	1357500	1359.3	1359300	2.8000488	2800	""osoba2""
""osoba1""		1359.9	1359900	1363.8	1363800	4.9000244	4900	""osoba1""
""osoba1""		1361.4	1361400	1363.8	1363800	3.4000244	3400	""osoba1""
""osoba1""		1363.2001	1363200	1363.8	1363800	1.5999756	1599	""osoba1""
""osoba2""		1363.2001	1363200	1363.8	1363800	1.5999756	1599	""osoba2""
""osoba4""		1364.1001	1364100	1369.8	1369800	6.699951	6699	""osoba4""
""osoba4""		1365.3	1365300	1369.8	1369800	5.5	5500	""osoba4""
""osoba4""		1365.9	1365900	1369.8	1369800	4.9000244	4900	""osoba4""
""osoba2""		1369.2001	1369200	1382.7001	1382700	14.5	14500	""osoba2""
""osoba2""		1372.2001	1372200	1382.7001	1382700	11.5	11500	""osoba2""
""osoba2""		1374.6001	1374600	1382.7001	1382700	9.099976	9099	""osoba2""
""osoba2""		1375.8	1375800	1382.7001	1382700	7.9000244	7900	""osoba2""
""osoba2""		1377.6001	1377600	1382.7001	1382700	6.0999756	6099	""osoba2""
""osoba2""		1378.2001	1378200	1382.7001	1382700	5.5	5500	""osoba2""
""osoba2""		1378.8	1378800	1382.7001	1382700	4.9000244	4900	""osoba2""
""osoba1""		1380.3	1380300	1380.3	1380300	1.0	1000	""osoba1""
""osoba4""		1381.8	1381800	1391.4	1391400	10.599976	10599	""osoba4""
""osoba2""		1382.4	1382400	1382.7001	1382700	1.3000488	1300	""osoba2""
""osoba4""		1384.2001	1384200	1391.4	1391400	8.199951	8199	""osoba4""
""osoba4""		1385.1001	1385100	1391.4	1391400	7.2999268	7299	""osoba4""
""osoba4""		1389.3	1389300	1391.4	1391400	3.0999756	3099	""osoba4""
""osoba1""		1390.2001	1390200	1426.8	1426800	37.599976	37599	""osoba1""
""osoba1""		1390.8	1390800	1426.8	1426800	37.0	37000	""osoba1""
""osoba1""		1392.9	1392900	1426.8	1426800	34.900024	34900	""osoba1""
""osoba1""		1394.7001	1394700	1426.8	1426800	33.099976	33099	""osoba1""
""osoba4""		1395.0	1395000	1395.6001	1395600	1.6000977	1600	""osoba4""
""osoba1""		1397.4	1397400	1426.8	1426800	30.400024	30400	""osoba1""
""osoba1""		1401.0	1401000	1426.8	1426800	26.800049	26800	""osoba1""
""osoba1""		1402.2001	1402200	1426.8	1426800	25.599976	25599	""osoba1""
""osoba4""		1403.1001	1403100	1403.1001	1403100	1.0	1000	""osoba4""
""osoba1""		1404.6001	1404600	1426.8	1426800	23.199951	23199	""osoba1""
""osoba1""		1405.5	1405500	1426.8	1426800	22.300049	22300	""osoba1""
""osoba1""		1406.4	1406400	1426.8	1426800	21.400024	21400	""osoba1""
""osoba1""		1407.0	1407000	1426.8	1426800	20.800049	20800	""osoba1""
""osoba1""		1410.0	1410000	1426.8	1426800	17.800049	17800	""osoba1""
""osoba1""		1412.4	1412400	1426.8	1426800	15.400024	15400	""osoba1""
""osoba1""		1413.9	1413900	1426.8	1426800	13.900024	13900	""osoba1""
""osoba1""		1416.9	1416900	1426.8	1426800	10.900024	10900	""osoba1""
""osoba1""		1417.8	1417800	1426.8	1426800	10.0	10000	""osoba1""
""osoba1""		1419.0	1419000	1426.8	1426800	8.800049	8800	""osoba1""
""osoba1""		1420.5	1420500	1426.8	1426800	7.300049	7300	""osoba1""
""osoba3""		1421.4	1421400	1424.1001	1424100	3.7000732	3700	""osoba3""
""osoba3""		1423.2001	1423200	1424.1001	1424100	1.9000244	1900	""osoba3""
""osoba1""		1423.5	1423500	1426.8	1426800	4.300049	4300	""osoba1""
""osoba1""		1426.2001	1426200	1426.8	1426800	1.5999756	1599	""osoba1""
""osoba2""		1427.7001	1427700	1454.1001	1454100	27.400024	27400	""osoba2""
""osoba2""		1432.2001	1432200	1454.1001	1454100	22.900024	22900	""osoba2""
""osoba2""		1433.7001	1433700	1454.1001	1454100	21.400024	21400	""osoba2""
""osoba2""		1434.3	1434300	1454.1001	1454100	20.800049	20800	""osoba2""
""osoba1""		1434.9	1434900	1437.3	1437300	3.4000244	3400	""osoba1""
""osoba3""		1438.5	1438500	1438.5	1438500	1.0	1000	""osoba3""
""osoba2""		1440.0	1440000	1454.1001	1454100	15.100098	15100	""osoba2""
""osoba2""		1441.8	1441800	1454.1001	1454100	13.300049	13300	""osoba2""
""osoba2""		1442.4	1442400	1454.1001	1454100	12.700073	12700	""osoba2""
""osoba2""		1444.8	1444800	1454.1001	1454100	10.300049	10300	""osoba2""
""osoba2""		1445.4	1445400	1454.1001	1454100	9.700073	9700	""osoba2""
""osoba2""		1446.3	1446300	1454.1001	1454100	8.800049	8800	""osoba2""
""osoba2""		1449.0	1449000	1454.1001	1454100	6.1000977	6100	""osoba2""
""osoba2""		1449.9	1449900	1454.1001	1454100	5.2000732	5200	""osoba2""
""osoba1""		1450.5	1450500	1451.7001	1451700	2.2000732	2200	""osoba1""
""osoba2""		1452.9	1452900	1454.1001	1454100	2.2000732	2200	""osoba2""
""osoba1""		1454.1001	1454100	1467.3	1467300	14.199951	14199	""osoba1""
""osoba4""		1456.8	1456800	1457.1001	1457100	1.3000488	1300	""osoba4""
""osoba2""		1457.7001	1457700	1460.1001	1460100	3.4000244	3400	""osoba2""
""osoba1""		1458.9	1458900	1467.3	1467300	9.400024	9400	""osoba1""
""osoba1""		1462.2001	1462200	1467.3	1467300	6.0999756	6099	""osoba1""
""osoba1""		1464.0	1464000	1467.3	1467300	4.300049	4300	""osoba1""
""osoba1""		1464.9	1464900	1467.3	1467300	3.4000244	3400	""osoba1""
""osoba2""		1466.7001	1466700	1483.2001	1483200	17.5	17500	""osoba2""
""osoba2""		1468.2001	1468200	1483.2001	1483200	16.0	16000	""osoba2""
""osoba2""		1469.7001	1469700	1483.2001	1483200	14.5	14500	""osoba2""
""osoba2""		1470.3	1470300	1483.2001	1483200	13.900024	13900	""osoba2""
""osoba2""		1472.4	1472400	1483.2001	1483200	11.800049	11800	""osoba2""
""osoba2""		1475.7001	1475700	1483.2001	1483200	8.5	8500	""osoba2""
""osoba1""		1478.1001	1478100	1478.1001	1478100	1.0	1000	""osoba1""
""osoba2""		1480.2001	1480200	1483.2001	1483200	4.0	4000	""osoba2""
""osoba3""		1480.5	1480500	1480.8	1480800	1.3000488	1300	""osoba3""
""osoba1""		1481.4	1481400	1482.9	1482900	2.5	2500	""osoba1""
""osoba1""		1482.3	1482300	1482.9	1482900	1.5999756	1599	""osoba1""
""osoba1""		1482.9	1482900	1482.9	1482900	1.0	1000	""osoba1""
""osoba2""		1483.2001	1483200	1483.2001	1483200	1.0	1000	""osoba2""
""osoba3""		1483.2001	1483200	1494.9	1494900	12.699951	12699	""osoba3""
""osoba3""		1487.4	1487400	1494.9	1494900	8.5	8500	""osoba3""
""osoba3""		1491.3	1491300	1494.9	1494900	4.5999756	4599	""osoba3""
""osoba3""		1492.8	1492800	1494.9	1494900	3.0999756	3099	""osoba3""
""osoba3""		1493.4	1493400	1494.9	1494900	2.5	2500	""osoba3""
""osoba4""		1495.2001	1495200	1523.1001	1523100	28.900024	28900	""osoba4""
""osoba1""		1497.9	1497900	1501.8	1501800	4.9000244	4900	""osoba1""
""osoba4""		1506.0	1506000	1523.1001	1523100	18.100098	18100	""osoba4""
""osoba4""		1508.7001	1508700	1523.1001	1523100	15.400024	15400	""osoba4""
""osoba4""		1509.9	1509900	1523.1001	1523100	14.200073	14200	""osoba4""
""osoba2""		1511.4	1511400	1511.7001	1511700	1.3000488	1300	""osoba2""
""osoba4""		1513.8	1513800	1523.1001	1523100	10.300049	10300	""osoba4""
""osoba4""		1514.7001	1514700	1523.1001	1523100	9.400024	9400	""osoba4""
""osoba4""		1515.9	1515900	1523.1001	1523100	8.200073	8200	""osoba4""
""osoba4""		1516.8	1516800	1523.1001	1523100	7.300049	7300	""osoba4""
""osoba2""		1518.3	1518300	1518.9	1518900	1.5999756	1599	""osoba2""
""osoba4""		1518.3	1518300	1523.1001	1523100	5.800049	5800	""osoba4""
""osoba4""		1520.4	1520400	1523.1001	1523100	3.7000732	3700	""osoba4""
""osoba1""		1521.6001	1521600	1522.8	1522800	2.1999512	2199	""osoba1""
""osoba3""		1523.1001	1523100	1541.7001	1541700	19.599976	19599	""osoba3""
""osoba3""		1524.0	1524000	1541.7001	1541700	18.700073	18700	""osoba3""
""osoba3""		1526.1001	1526100	1541.7001	1541700	16.599976	16599	""osoba3""
""osoba3""		1529.4	1529400	1541.7001	1541700	13.300049	13300	""osoba3""
""osoba3""		1530.6001	1530600	1541.7001	1541700	12.099976	12099	""osoba3""
""osoba3""		1531.2001	1531200	1541.7001	1541700	11.5	11500	""osoba3""
""osoba3""		1534.8	1534800	1541.7001	1541700	7.9000244	7900	""osoba3""
""osoba3""		1536.3	1536300	1541.7001	1541700	6.4000244	6400	""osoba3""
""osoba3""		1536.9	1536900	1541.7001	1541700	5.800049	5800	""osoba3""
""osoba1""		1537.8	1537800	1537.8	1537800	1.0	1000	""osoba1""
""osoba2""		1540.5001	1540500	1550.1001	1550100	10.599976	10599	""osoba2""
""osoba4""		1541.4	1541400	1549.5001	1549500	9.100098	9100	""osoba4""
""osoba2""		1545.9	1545900	1550.1001	1550100	5.2000732	5200	""osoba2""
""osoba2""		1547.1001	1547100	1550.1001	1550100	4.0	4000	""osoba2""
""osoba4""		1547.1001	1547100	1549.5001	1549500	3.4000244	3400	""osoba4""
""osoba2""		1547.7001	1547700	1550.1001	1550100	3.4000244	3400	""osoba2""
""osoba4""		1547.7001	1547700	1549.5001	1549500	2.8000488	2800	""osoba4""
""osoba1""		1548.9	1548900	1551.6001	1551600	3.7000732	3700	""osoba1""
""osoba1""		1551.6001	1551600	1551.6001	1551600	1.0	1000	""osoba1""
""osoba3""		1552.2001	1552200	1555.8	1555800	4.5999756	4599	""osoba3""
""osoba3""		1553.4	1553400	1555.8	1555800	3.4000244	3400	""osoba3""
""osoba4""		1556.1001	1556100	1569.9	1569900	14.799927	14799	""osoba4""
""osoba1""		1557.0001	1557000	1559.1001	1559100	3.0999756	3099	""osoba1""
""osoba1""		1557.9	1557900	1559.1001	1559100	2.2000732	2200	""osoba1""
""osoba4""		1561.5001	1561500	1569.9	1569900	9.399902	9399	""osoba4""
""osoba4""		1562.4	1562400	1569.9	1569900	8.5	8500	""osoba4""
""osoba4""		1563.6001	1563600	1569.9	1569900	7.2999268	7299	""osoba4""
""osoba4""		1564.5001	1564500	1569.9	1569900	6.3999023	6399	""osoba4""
""osoba3""		1569.3	1569300	1574.4	1574400	6.0999756	6099	""osoba3""
""osoba1""		1570.2001	1570200	1570.5001	1570500	1.3000488	1300	""osoba1""
""osoba3""		1571.7001	1571700	1574.4	1574400	3.6999512	3699	""osoba3""
""osoba4""		1572.3	1572300	1576.8	1576800	5.5	5500	""osoba4""
""osoba4""		1573.2001	1573200	1576.8	1576800	4.5999756	4599	""osoba4""
""osoba2""		1577.1001	1577100	1582.8	1582800	6.699951	6699	""osoba2""
""osoba2""		1579.5001	1579500	1582.8	1582800	4.2999268	4299	""osoba2""
""osoba2""		1580.4	1580400	1582.8	1582800	3.4000244	3400	""osoba2""
""osoba2""		1581.0001	1581000	1582.8	1582800	2.7999268	2799	""osoba2""
""osoba4""		1581.3	1581300	1584.6001	1584600	4.300049	4300	""osoba4""
""osoba4""		1581.9	1581900	1584.6001	1584600	3.7000732	3700	""osoba4""
""osoba4""		1582.5001	1582500	1584.6001	1584600	3.0999756	3099	""osoba4""
""osoba2""		1582.8	1582800	1582.8	1582800	1.0	1000	""osoba2""
""osoba3""		1584.3	1584300	1603.8	1603800	20.5	20500	""osoba3""
""osoba3""		1586.7001	1586700	1603.8	1603800	18.099976	18099	""osoba3""
""osoba3""		1588.5001	1588500	1603.8	1603800	16.299927	16299	""osoba3""
""osoba3""		1592.1001	1592100	1603.8	1603800	12.699951	12699	""osoba3""
""osoba1""		1595.4	1595400	1596.6001	1596600	2.2000732	2200	""osoba1""
""osoba3""		1599.0001	1599000	1603.8	1603800	5.7999268	5799	""osoba3""
""osoba3""		1601.7001	1601700	1603.8	1603800	3.0999756	3099	""osoba3""
""osoba3""		1603.5001	1603500	1603.8	1603800	1.2999268	1299	""osoba3""
""osoba1""		1604.1001	1604100	1608.3	1608300	5.199951	5199	""osoba1""
""osoba2""		1607.1001	1607100	1610.7001	1610700	4.5999756	4599	""osoba2""
""osoba2""		1609.2001	1609200	1610.7001	1610700	2.5	2500	""osoba2""
""osoba2""		1610.1001	1610100	1610.7001	1610700	1.5999756	1599	""osoba2""
""osoba4""		1610.4	1610400	1614.9	1614900	5.5	5500	""osoba4""
""osoba4""		1612.2001	1612200	1614.9	1614900	3.6999512	3699	""osoba4""
""osoba3""		1613.7001	1613700	1614.9	1614900	2.1999512	2199	""osoba3""
""osoba4""		1614.9	1614900	1614.9	1614900	1.0	1000	""osoba4""
""osoba1""		1615.2001	1615200	1620.3	1620300	6.0999756	6099	""osoba1""
""osoba1""		1615.8	1615800	1620.3	1620300	5.5	5500	""osoba1""
""osoba1""		1619.1001	1619100	1620.3	1620300	2.1999512	2199	""osoba1""
