"default"		0.0	0	1.0	1000	1.0	1000	BEGIN
"default"		1620.3	1620300	1620.31	1621300	1.0	1000	END
""osoba1""		7.5000005	7500	100.200005	100200	93.700005	93700	""osoba1""
""osoba1""		9.6	9600	100.200005	100200	91.600006	91600	""osoba1""
""osoba1""		10.200001	10200	100.200005	100200	91.0	91000	""osoba1""
""osoba1""		11.400001	11400	100.200005	100200	89.8	89800	""osoba1""
""osoba1""		13.500001	13500	100.200005	100200	87.700005	87700	""osoba1""
""osoba1""		15.3	15300	100.200005	100200	85.9	85900	""osoba1""
""osoba2""		21.300001	21300	23.1	23100	2.7999992	2799	""osoba2""
""osoba1""		27.900002	27900	100.200005	100200	73.3	73300	""osoba1""
""osoba1""		28.800001	28800	100.200005	100200	72.4	72400	""osoba1""
""osoba4""		29.7	29700	30.300001	30300	1.6000004	1600	""osoba4""
""osoba1""		32.4	32400	100.200005	100200	68.8	68800	""osoba1""
""osoba4""		33.0	33000	33.600002	33600	1.6000023	1600	""osoba4""
""osoba1""		34.5	34500	100.200005	100200	66.700005	66700	""osoba1""
""osoba1""		35.100002	35100	100.200005	100200	66.100006	66100	""osoba1""
""osoba3""		36.0	36000	36.300003	36300	1.300003	1300	""osoba3""
""osoba1""		37.5	37500	100.200005	100200	63.700005	63700	""osoba1""
""osoba1""		38.7	38700	100.200005	100200	62.500004	62500	""osoba1""
""osoba1""		40.2	40200	100.200005	100200	61.000004	61000	""osoba1""
""osoba3""		40.2	40200	41.4	41400	2.2000008	2200	""osoba3""
""osoba1""		42.9	42900	100.200005	100200	58.300003	58300	""osoba1""
""osoba4""		44.100002	44100	44.100002	44100	1.0	1000	""osoba4""
""osoba1""		46.2	46200	100.200005	100200	55.000004	55000	""osoba1""
""osoba1""		47.100002	47100	100.200005	100200	54.100002	54100	""osoba1""
""osoba2""		50.4	50400	54.000004	54000	4.6000023	4600	""osoba2""
""osoba1""		55.800003	55800	100.200005	100200	45.4	45400	""osoba1""
""osoba1""		56.4	56400	100.200005	100200	44.800003	44800	""osoba1""
""osoba2""		61.800003	61800	62.100002	62100	1.2999992	1299	""osoba2""
""osoba3""		62.100002	62100	63.600002	63600	2.5	2500	""osoba3""
""osoba1""		63.300003	63300	100.200005	100200	37.9	37900	""osoba1""
""osoba1""		64.5	64500	100.200005	100200	36.700005	36700	""osoba1""
""osoba1""		65.100006	65100	100.200005	100200	36.1	36100	""osoba1""
""osoba1""		65.700005	65700	100.200005	100200	35.5	35500	""osoba1""
""osoba1""		69.9	69900	100.200005	100200	31.300003	31300	""osoba1""
""osoba1""		71.4	71400	100.200005	100200	29.800003	29800	""osoba1""
""osoba1""		72.0	72000	100.200005	100200	29.200005	29200	""osoba1""
""osoba1""		74.700005	74700	100.200005	100200	26.5	26500	""osoba1""
""osoba1""		77.700005	77700	100.200005	100200	23.5	23500	""osoba1""
""osoba1""		78.3	78300	100.200005	100200	22.900002	22900	""osoba1""
""osoba1""		81.9	81900	100.200005	100200	19.300003	19300	""osoba1""
""osoba1""		82.5	82500	100.200005	100200	18.700005	18700	""osoba1""
""osoba1""		83.700005	83700	100.200005	100200	17.5	17500	""osoba1""
""osoba1""		85.200005	85200	100.200005	100200	16.0	16000	""osoba1""
""osoba1""		86.100006	86100	100.200005	100200	15.099998	15099	""osoba1""
""osoba1""		86.700005	86700	100.200005	100200	14.5	14500	""osoba1""
""osoba1""		88.200005	88200	100.200005	100200	13.0	13000	""osoba1""
""osoba3""		90.9	90900	94.8	94800	4.9000015	4900	""osoba3""
""osoba4""		90.9	90900	93.9	93900	4.0	4000	""osoba4""
""osoba1""		93.0	93000	100.200005	100200	8.200005	8200	""osoba1""
""osoba1""		96.0	96000	100.200005	100200	5.2000046	5200	""osoba1""
""osoba1""		97.200005	97200	100.200005	100200	4.0	4000	""osoba1""
""osoba3""		98.4	98400	105.3	105300	7.9000015	7900	""osoba3""
""osoba3""		101.100006	101100	105.3	105300	5.199997	5199	""osoba3""
""osoba3""		102.600006	102600	105.3	105300	3.699997	3699	""osoba3""
""osoba1""		104.100006	104100	112.50001	112500	9.400002	9400	""osoba1""
""osoba1""		105.9	105900	112.50001	112500	7.600006	7600	""osoba1""
""osoba4""		106.200005	106200	108.600006	108600	3.4000015	3400	""osoba4""
""osoba4""		106.8	106800	108.600006	108600	2.800003	2800	""osoba4""
""osoba2""		109.50001	109500	109.50001	109500	1.0	1000	""osoba2""
""osoba1""		109.8	109800	112.50001	112500	3.7000046	3700	""osoba1""
""osoba3""		110.700005	110700	118.200005	118200	8.5	8500	""osoba3""
""osoba4""		110.700005	110700	111.3	111300	1.5999985	1599	""osoba4""
""osoba3""		113.700005	113700	118.200005	118200	5.5	5500	""osoba3""
""osoba3""		114.9	114900	118.200005	118200	4.300003	4300	""osoba3""
""osoba3""		116.100006	116100	118.200005	118200	3.0999985	3099	""osoba3""
""osoba1""		117.600006	117600	125.4	125400	8.799995	8799	""osoba1""
""osoba1""		120.00001	120000	125.4	125400	6.399994	6399	""osoba1""
""osoba1""		122.100006	122100	125.4	125400	4.2999954	4299	""osoba1""
""osoba3""		122.100006	122100	134.40001	134400	13.300003	13300	""osoba3""
""osoba1""		122.700005	122700	125.4	125400	3.699997	3699	""osoba1""
""osoba2""		123.3	123300	123.9	123900	1.5999985	1599	""osoba2""
""osoba3""		127.8	127800	134.40001	134400	7.600006	7600	""osoba3""
""osoba3""		129.3	129300	134.40001	134400	6.100006	6100	""osoba3""
""osoba3""		132.0	132000	134.40001	134400	3.4000092	3400	""osoba3""
""osoba1""		132.6	132600	169.5	169500	37.899994	37899	""osoba1""
""osoba3""		137.40001	137400	138.6	138600	2.199997	2199	""osoba3""
""osoba4""		138.0	138000	138.0	138000	1.0	1000	""osoba4""
""osoba1""		140.1	140100	169.5	169500	30.399994	30399	""osoba1""
""osoba1""		141.3	141300	169.5	169500	29.199997	29199	""osoba1""
""osoba1""		143.1	143100	169.5	169500	27.399994	27399	""osoba1""
""osoba1""		144.0	144000	169.5	169500	26.5	26500	""osoba1""
""osoba1""		144.6	144600	169.5	169500	25.899994	25899	""osoba1""
""osoba1""		145.20001	145200	169.5	169500	25.299988	25299	""osoba1""
""osoba1""		149.40001	149400	169.5	169500	21.09999	21099	""osoba1""
""osoba1""		150.0	150000	169.5	169500	20.5	20500	""osoba1""
""osoba3""		150.0	150000	150.90001	150900	1.9000092	1900	""osoba3""
""osoba1""		152.70001	152700	169.5	169500	17.799988	17799	""osoba1""
""osoba1""		154.5	154500	169.5	169500	16.0	16000	""osoba1""
""osoba4""		155.40001	155400	157.5	157500	3.0999908	3099	""osoba4""
""osoba1""		156.90001	156900	169.5	169500	13.599991	13599	""osoba1""
""osoba1""		161.40001	161400	169.5	169500	9.099991	9099	""osoba1""
""osoba1""		162.6	162600	169.5	169500	7.899994	7899	""osoba1""
""osoba1""		166.5	166500	169.5	169500	4.0	4000	""osoba1""
""osoba4""		169.20001	169200	181.20001	181200	13.0	13000	""osoba4""
""osoba2""		170.1	170100	170.70001	170700	1.6000061	1600	""osoba2""
""osoba4""		172.5	172500	181.20001	181200	9.700012	9700	""osoba4""
""osoba4""		174.0	174000	181.20001	181200	8.200012	8200	""osoba4""
""osoba4""		175.5	175500	181.20001	181200	6.700012	6700	""osoba4""
""osoba4""		177.3	177300	181.20001	181200	4.900009	4900	""osoba4""
""osoba4""		179.40001	179400	181.20001	181200	2.800003	2800	""osoba4""
""osoba4""		180.0	180000	181.20001	181200	2.2000122	2200	""osoba4""
""osoba3""		180.90001	180900	186.3	186300	6.399994	6399	""osoba3""
""osoba4""		181.20001	181200	181.20001	181200	1.0	1000	""osoba4""
""osoba3""		182.1	182100	186.3	186300	5.199997	5199	""osoba3""
""osoba3""		182.70001	182700	186.3	186300	4.599991	4599	""osoba3""
""osoba1""		186.3	186300	195.90001	195900	10.600006	10600	""osoba1""
""osoba3""		186.3	186300	186.3	186300	1.0	1000	""osoba3""
""osoba4""		186.6	186600	186.6	186600	1.0	1000	""osoba4""
""osoba1""		187.20001	187200	195.90001	195900	9.699997	9699	""osoba1""
""osoba1""		189.0	189000	195.90001	195900	7.900009	7900	""osoba1""
""osoba1""		194.70001	194700	195.90001	195900	2.199997	2199	""osoba1""
""osoba2""		195.90001	195900	199.50002	199500	4.600006	4600	""osoba2""
""osoba2""		197.1	197100	199.50002	199500	3.4000092	3400	""osoba2""
""osoba1""		198.00002	198000	207.90001	207900	10.899994	10899	""osoba1""
""osoba2""		199.20001	199200	199.50002	199500	1.300003	1300	""osoba2""
""osoba1""		200.70001	200700	207.90001	207900	8.199997	8199	""osoba1""
""osoba1""		202.50002	202500	207.90001	207900	6.399994	6399	""osoba1""
""osoba3""		204.00002	204000	214.50002	214500	11.5	11500	""osoba3""
""osoba3""		207.6	207600	214.50002	214500	7.900009	7900	""osoba3""
""osoba1""		207.90001	207900	207.90001	207900	1.0	1000	""osoba1""
""osoba4""		208.50002	208500	210.3	210300	2.7999878	2799	""osoba4""
""osoba3""		209.1	209100	214.50002	214500	6.400009	6400	""osoba3""
""osoba4""		209.1	209100	210.3	210300	2.199997	2199	""osoba4""
""osoba3""		212.40001	212400	214.50002	214500	3.100006	3100	""osoba3""
""osoba1""		213.6	213600	235.20001	235200	22.600006	22600	""osoba1""
""osoba1""		216.00002	216000	235.20001	235200	20.199997	20199	""osoba1""
""osoba1""		216.90001	216900	235.20001	235200	19.300003	19300	""osoba1""
""osoba1""		219.3	219300	235.20001	235200	16.90001	16900	""osoba1""
""osoba1""		219.90001	219900	235.20001	235200	16.300003	16300	""osoba1""
""osoba1""		221.40001	221400	235.20001	235200	14.800003	14800	""osoba1""
""osoba2""		221.70001	221700	222.6	222600	1.8999939	1899	""osoba2""
""osoba1""		223.20001	223200	235.20001	235200	13.0	13000	""osoba1""
""osoba1""		224.70001	224700	235.20001	235200	11.5	11500	""osoba1""
""osoba1""		225.6	225600	235.20001	235200	10.600006	10600	""osoba1""
""osoba1""		226.20001	226200	235.20001	235200	10.0	10000	""osoba1""
""osoba1""		228.90001	228900	235.20001	235200	7.300003	7300	""osoba1""
""osoba2""		228.90001	228900	229.20001	229200	1.300003	1300	""osoba2""
""osoba1""		230.40001	230400	235.20001	235200	5.800003	5800	""osoba1""
""osoba1""		231.6	231600	235.20001	235200	4.600006	4600	""osoba1""
""osoba1""		232.20001	232200	235.20001	235200	4.0	4000	""osoba1""
""osoba1""		232.8	232800	235.20001	235200	3.4000092	3400	""osoba1""
""osoba1""		233.40001	233400	235.20001	235200	2.800003	2800	""osoba1""
""osoba4""		235.20001	235200	237.00002	237000	2.800003	2800	""osoba4""
""osoba2""		235.50002	235500	237.6	237600	3.0999908	3099	""osoba2""
""osoba4""		236.1	236100	237.00002	237000	1.9000092	1900	""osoba4""
""osoba2""		237.00002	237000	237.6	237600	1.5999908	1599	""osoba2""
""osoba3""		237.00002	237000	242.1	242100	6.099991	6099	""osoba3""
""osoba4""		237.00002	237000	237.00002	237000	1.0	1000	""osoba4""
""osoba3""		239.40001	239400	242.1	242100	3.699997	3699	""osoba3""
""osoba4""		241.20001	241200	268.5	268500	28.299988	28299	""osoba4""
""osoba2""		244.20001	244200	245.1	245100	1.8999939	1899	""osoba2""
""osoba4""		244.20001	244200	268.5	268500	25.299988	25299	""osoba4""
""osoba4""		247.20001	247200	268.5	268500	22.299988	22299	""osoba4""
""osoba4""		249.00002	249000	268.5	268500	20.499985	20499	""osoba4""
""osoba4""		249.6	249600	268.5	268500	19.899994	19899	""osoba4""
""osoba4""		250.20001	250200	268.5	268500	19.299988	19299	""osoba4""
""osoba4""		253.20001	253200	268.5	268500	16.299988	16299	""osoba4""
""osoba4""		254.70001	254700	268.5	268500	14.799988	14799	""osoba4""
""osoba4""		258.0	258000	268.5	268500	11.5	11500	""osoba4""
""osoba1""		260.7	260700	261.30002	261300	1.6000061	1600	""osoba1""
""osoba4""		262.80002	262800	268.5	268500	6.6999817	6699	""osoba4""
""osoba4""		267.90002	267900	268.5	268500	1.5999756	1599	""osoba4""
""osoba3""		268.2	268200	291.0	291000	23.799988	23799	""osoba3""
""osoba1""		269.40002	269400	269.7	269700	1.2999878	1299	""osoba1""
""osoba3""		271.2	271200	291.0	291000	20.799988	20799	""osoba3""
""osoba1""		272.1	272100	273.30002	273300	2.2000122	2200	""osoba1""
""osoba3""		275.1	275100	291.0	291000	16.899994	16899	""osoba3""
""osoba3""		277.2	277200	291.0	291000	14.799988	14799	""osoba3""
""osoba3""		278.7	278700	291.0	291000	13.299988	13299	""osoba3""
""osoba3""		285.6	285600	291.0	291000	6.399994	6399	""osoba3""
""osoba1""		287.1	287100	305.40002	305400	19.300018	19300	""osoba1""
""osoba2""		289.5	289500	290.1	290100	1.6000061	1600	""osoba2""
""osoba1""		292.2	292200	305.40002	305400	14.200012	14200	""osoba1""
""osoba1""		294.90002	294900	305.40002	305400	11.5	11500	""osoba1""
""osoba1""		296.40002	296400	305.40002	305400	10.0	10000	""osoba1""
""osoba2""		298.5	298500	299.1	299100	1.6000061	1600	""osoba2""
""osoba1""		299.40002	299400	305.40002	305400	7.0	7000	""osoba1""
""osoba1""		301.5	301500	305.40002	305400	4.9000244	4900	""osoba1""
""osoba1""		302.1	302100	305.40002	305400	4.3000183	4300	""osoba1""
""osoba2""		302.40002	302400	303.30002	303300	1.8999939	1899	""osoba2""
""osoba4""		303.30002	303300	304.2	304200	1.8999939	1899	""osoba4""
""osoba3""		303.6	303600	313.2	313200	10.600006	10600	""osoba3""
""osoba3""		305.1	305100	313.2	313200	9.100006	9100	""osoba3""
""osoba3""		306.90002	306900	313.2	313200	7.299988	7299	""osoba3""
""osoba1""		307.5	307500	307.5	307500	1.0	1000	""osoba1""
""osoba3""		309.0	309000	313.2	313200	5.200012	5200	""osoba3""
""osoba1""		309.90002	309900	310.2	310200	1.2999878	1299	""osoba1""
""osoba3""		312.0	312000	313.2	313200	2.2000122	2200	""osoba3""
""osoba3""		312.6	312600	313.2	313200	1.6000061	1600	""osoba3""
""osoba2""		313.5	313500	315.90002	315900	3.4000244	3400	""osoba2""
""osoba1""		314.40002	314400	384.30002	384300	70.899994	70899	""osoba1""
""osoba1""		316.2	316200	384.30002	384300	69.100006	69100	""osoba1""
""osoba1""		317.40002	317400	384.30002	384300	67.899994	67899	""osoba1""
""osoba1""		318.30002	318300	384.30002	384300	67.0	67000	""osoba1""
""osoba4""		319.80002	319800	319.80002	319800	1.0	1000	""osoba4""
""osoba1""		322.80002	322800	384.30002	384300	62.5	62500	""osoba1""
""osoba3""		322.80002	322800	325.2	325200	3.399994	3399	""osoba3""
""osoba3""		324.30002	324300	325.2	325200	1.8999939	1899	""osoba3""
""osoba1""		324.6	324600	384.30002	384300	60.700012	60700	""osoba1""
""osoba4""		327.0	327000	327.30002	327300	1.3000183	1300	""osoba4""
""osoba1""		327.30002	327300	384.30002	384300	58.0	58000	""osoba1""
""osoba1""		328.80002	328800	384.30002	384300	56.5	56500	""osoba1""
""osoba1""		333.6	333600	384.30002	384300	51.700012	51700	""osoba1""
""osoba1""		334.5	334500	384.30002	384300	50.80002	50800	""osoba1""
""osoba3""		334.80002	334800	337.80002	337800	4.0	4000	""osoba3""
""osoba1""		335.1	335100	384.30002	384300	50.200012	50200	""osoba1""
""osoba1""		336.0	336000	384.30002	384300	49.30002	49300	""osoba1""
""osoba3""		336.0	336000	337.80002	337800	2.8000183	2800	""osoba3""
""osoba4""		336.6	336600	336.6	336600	1.0	1000	""osoba4""
""osoba4""		341.40002	341400	341.7	341700	1.2999878	1299	""osoba4""
""osoba1""		342.6	342600	384.30002	384300	42.700012	42700	""osoba1""
""osoba1""		343.5	343500	384.30002	384300	41.80002	41800	""osoba1""
""osoba1""		345.6	345600	384.30002	384300	39.700012	39700	""osoba1""
""osoba1""		347.40002	347400	384.30002	384300	37.899994	37899	""osoba1""
""osoba4""		349.5	349500	353.7	353700	5.200012	5200	""osoba4""
""osoba3""		349.80002	349800	350.40002	350400	1.6000061	1600	""osoba3""
""osoba1""		354.0	354000	384.30002	384300	31.300018	31300	""osoba1""
""osoba2""		355.80002	355800	358.5	358500	3.6999817	3699	""osoba2""
""osoba4""		356.1	356100	356.1	356100	1.0	1000	""osoba4""
""osoba2""		358.2	358200	358.5	358500	1.2999878	1299	""osoba2""
""osoba1""		359.40002	359400	384.30002	384300	25.899994	25899	""osoba1""
""osoba1""		360.0	360000	384.30002	384300	25.300018	25300	""osoba1""
""osoba1""		362.40002	362400	384.30002	384300	22.899994	22899	""osoba1""
""osoba1""		363.30002	363300	384.30002	384300	22.0	22000	""osoba1""
""osoba1""		364.2	364200	384.30002	384300	21.100006	21100	""osoba1""
""osoba1""		365.40002	365400	384.30002	384300	19.899994	19899	""osoba1""
""osoba1""		366.6	366600	384.30002	384300	18.700012	18700	""osoba1""
""osoba1""		367.5	367500	384.30002	384300	17.800018	17800	""osoba1""
""osoba3""		367.5	367500	368.7	368700	2.2000122	2200	""osoba3""
""osoba1""		369.90002	369900	384.30002	384300	15.399994	15399	""osoba1""
""osoba1""		375.30002	375300	384.30002	384300	10.0	10000	""osoba1""
""osoba1""		377.40002	377400	384.30002	384300	7.899994	7899	""osoba1""
""osoba1""		378.0	378000	384.30002	384300	7.3000183	7300	""osoba1""
""osoba1""		380.7	380700	384.30002	384300	4.600006	4600	""osoba1""
""osoba2""		381.90002	381900	381.90002	381900	1.0	1000	""osoba2""
""osoba1""		382.80002	382800	384.30002	384300	2.5	2500	""osoba1""
""osoba4""		382.80002	382800	397.50003	397500	15.700012	15700	""osoba4""
""osoba4""		386.1	386100	397.50003	397500	12.400024	12400	""osoba4""
""osoba2""		387.30002	387300	388.50003	388500	2.2000122	2200	""osoba2""
""osoba4""		387.30002	387300	397.50003	397500	11.200012	11200	""osoba4""
""osoba4""		390.90002	390900	397.50003	397500	7.600006	7600	""osoba4""
""osoba3""		391.80002	391800	392.40002	392400	1.6000061	1600	""osoba3""
""osoba4""		391.80002	391800	397.50003	397500	6.700012	6700	""osoba4""
""osoba4""		395.40002	395400	397.50003	397500	3.100006	3100	""osoba4""
""osoba3""		396.90002	396900	408.90002	408900	13.0	13000	""osoba3""
""osoba4""		396.90002	396900	397.50003	397500	1.6000061	1600	""osoba4""
""osoba4""		402.30002	402300	403.50003	403500	2.2000122	2200	""osoba4""
""osoba1""		403.2	403200	403.50003	403500	1.3000183	1300	""osoba1""
""osoba4""		403.50003	403500	403.50003	403500	1.0	1000	""osoba4""
""osoba3""		405.00003	405000	408.90002	408900	4.899994	4899	""osoba3""
""osoba3""		405.6	405600	408.90002	408900	4.3000183	4300	""osoba3""
""osoba1""		406.80002	406800	426.6	426600	20.799988	20799	""osoba1""
""osoba1""		408.30002	408300	426.6	426600	19.299988	19299	""osoba1""
""osoba3""		408.90002	408900	408.90002	408900	1.0	1000	""osoba3""
""osoba1""		410.7	410700	426.6	426600	16.899994	16899	""osoba1""
""osoba1""		411.30002	411300	426.6	426600	16.299988	16299	""osoba1""
""osoba2""		414.00003	414000	414.30002	414300	1.2999878	1299	""osoba2""
""osoba1""		414.90002	414900	426.6	426600	12.699982	12699	""osoba1""
""osoba1""		416.1	416100	426.6	426600	11.5	11500	""osoba1""
""osoba1""		417.6	417600	426.6	426600	10.0	10000	""osoba1""
""osoba1""		418.80002	418800	426.6	426600	8.799988	8799	""osoba1""
""osoba1""		420.00003	420000	426.6	426600	7.5999756	7599	""osoba1""
""osoba1""		420.6	420600	426.6	426600	7.0	7000	""osoba1""
""osoba1""		421.2	421200	426.6	426600	6.399994	6399	""osoba1""
""osoba1""		422.1	422100	426.6	426600	5.5	5500	""osoba1""
""osoba1""		423.30002	423300	426.6	426600	4.299988	4299	""osoba1""
""osoba2""		425.7	425700	438.00003	438000	13.300018	13300	""osoba2""
""osoba2""		427.80002	427800	438.00003	438000	11.200012	11200	""osoba2""
""osoba2""		429.30002	429300	438.00003	438000	9.700012	9700	""osoba2""
""osoba2""		430.2	430200	438.00003	438000	8.800018	8800	""osoba2""
""osoba2""		435.30002	435300	438.00003	438000	3.7000122	3700	""osoba2""
""osoba1""		436.2	436200	448.2	448200	13.0	13000	""osoba1""
""osoba1""		440.40002	440400	448.2	448200	8.799988	8799	""osoba1""
""osoba2""		441.00003	441000	441.30002	441300	1.2999878	1299	""osoba2""
""osoba1""		441.90002	441900	448.2	448200	7.299988	7299	""osoba1""
""osoba1""		443.40002	443400	448.2	448200	5.799988	5799	""osoba1""
""osoba1""		444.6	444600	448.2	448200	4.600006	4600	""osoba1""
""osoba4""		446.7	446700	454.50003	454500	8.800018	8800	""osoba4""
""osoba4""		447.6	447600	454.50003	454500	7.9000244	7900	""osoba4""
""osoba1""		447.90002	447900	448.2	448200	1.2999878	1299	""osoba1""
""osoba4""		449.7	449700	454.50003	454500	5.8000183	5800	""osoba4""
""osoba4""		452.1	452100	454.50003	454500	3.4000244	3400	""osoba4""
""osoba1""		454.50003	454500	476.1	476100	22.599976	22599	""osoba1""
""osoba1""		456.00003	456000	476.1	476100	21.099976	21099	""osoba1""
""osoba3""		457.50003	457500	459.30002	459300	2.7999878	2799	""osoba3""
""osoba1""		460.50003	460500	476.1	476100	16.599976	16599	""osoba1""
""osoba1""		461.40002	461400	476.1	476100	15.699982	15699	""osoba1""
""osoba1""		462.90002	462900	476.1	476100	14.199982	14199	""osoba1""
""osoba1""		463.50003	463500	476.1	476100	13.599976	13599	""osoba1""
""osoba1""		464.40002	464400	476.1	476100	12.699982	12699	""osoba1""
""osoba1""		465.00003	465000	476.1	476100	12.099976	12099	""osoba1""
""osoba1""		466.50003	466500	476.1	476100	10.599976	10599	""osoba1""
""osoba2""		467.1	467100	468.00003	468000	1.9000244	1900	""osoba2""
""osoba1""		468.00003	468000	476.1	476100	9.099976	9099	""osoba1""
""osoba1""		469.80002	469800	476.1	476100	7.299988	7299	""osoba1""
""osoba2""		472.50003	472500	472.50003	472500	1.0	1000	""osoba2""
""osoba3""		475.80002	475800	494.1	494100	19.299988	19299	""osoba3""
""osoba3""		479.1	479100	494.1	494100	16.0	16000	""osoba3""
""osoba3""		480.90002	480900	494.1	494100	14.199982	14199	""osoba3""
""osoba3""		481.50003	481500	494.1	494100	13.599976	13599	""osoba3""
""osoba3""		483.30002	483300	494.1	494100	11.799988	11799	""osoba3""
""osoba3""		486.6	486600	494.1	494100	8.5	8500	""osoba3""
""osoba4""		488.7	488700	488.7	488700	1.0	1000	""osoba4""
""osoba3""		492.90002	492900	494.1	494100	2.1999817	2199	""osoba3""
""osoba2""		494.1	494100	494.1	494100	1.0	1000	""osoba2""
""osoba1""		494.40002	494400	497.1	497100	3.6999817	3699	""osoba1""
""osoba1""		495.6	495600	497.1	497100	2.5	2500	""osoba1""
""osoba3""		496.2	496200	503.7	503700	8.5	8500	""osoba3""
""osoba1""		497.1	497100	497.1	497100	1.0	1000	""osoba1""
""osoba3""		497.1	497100	503.7	503700	7.600006	7600	""osoba3""
""osoba3""		498.30002	498300	503.7	503700	6.399994	6399	""osoba3""
""osoba3""		500.1	500100	503.7	503700	4.600006	4600	""osoba3""
""osoba3""		501.30002	501300	503.7	503700	3.399994	3399	""osoba3""
""osoba3""		501.90002	501900	503.7	503700	2.7999878	2799	""osoba3""
""osoba1""		502.50003	502500	510.6	510600	9.099976	9099	""osoba1""
""osoba3""		502.50003	502500	503.7	503700	2.1999817	2199	""osoba3""
""osoba1""		506.1	506100	510.6	510600	5.5	5500	""osoba1""
""osoba1""		508.80002	508800	510.6	510600	2.7999878	2799	""osoba1""
""osoba1""		509.7	509700	510.6	510600	1.8999939	1899	""osoba1""
""osoba3""		510.30002	510300	514.5	514500	5.1999817	5199	""osoba3""
""osoba1""		510.6	510600	510.6	510600	1.0	1000	""osoba1""
""osoba3""		512.4	512400	514.5	514500	3.0999756	3099	""osoba3""
""osoba1""		513.30005	513300	537.0	537000	24.699951	24699	""osoba1""
""osoba1""		513.9	513900	537.0	537000	24.099976	24099	""osoba1""
""osoba3""		514.2	514200	514.5	514500	1.2999878	1299	""osoba3""
""osoba1""		515.7	515700	537.0	537000	22.299988	22299	""osoba1""
""osoba1""		520.80005	520800	537.0	537000	17.199951	17199	""osoba1""
""osoba1""		523.2	523200	537.0	537000	14.799988	14799	""osoba1""
""osoba1""		525.9	525900	537.0	537000	12.099976	12099	""osoba1""
""osoba1""		526.5	526500	537.0	537000	11.5	11500	""osoba1""
""osoba1""		529.2	529200	537.0	537000	8.799988	8799	""osoba1""
""osoba1""		529.80005	529800	537.0	537000	8.199951	8199	""osoba1""
""osoba1""		531.30005	531300	537.0	537000	6.699951	6699	""osoba1""
""osoba4""		532.5	532500	532.80005	532800	1.3000488	1300	""osoba4""
""osoba1""		534.0	534000	537.0	537000	4.0	4000	""osoba1""
""osoba1""		536.4	536400	537.0	537000	1.5999756	1599	""osoba1""
""osoba3""		536.4	536400	543.30005	543300	7.9000244	7900	""osoba3""
""osoba3""		538.2	538200	543.30005	543300	6.1000366	6100	""osoba3""
""osoba3""		539.4	539400	543.30005	543300	4.9000244	4900	""osoba3""
""osoba3""		541.80005	541800	543.30005	543300	2.5	2500	""osoba3""
""osoba3""		543.30005	543300	543.30005	543300	1.0	1000	""osoba3""
""osoba1""		544.2	544200	548.10004	548100	4.9000244	4900	""osoba1""
""osoba1""		545.10004	545100	548.10004	548100	4.0	4000	""osoba1""
""osoba3""		545.4	545400	549.9	549900	5.5	5500	""osoba3""
""osoba1""		547.2	547200	548.10004	548100	1.9000244	1900	""osoba1""
""osoba1""		547.80005	547800	548.10004	548100	1.2999878	1299	""osoba1""
""osoba3""		547.80005	547800	549.9	549900	3.0999756	3099	""osoba3""
""osoba2""		549.9	549900	559.2	559200	10.299988	10299	""osoba2""
""osoba2""		552.0	552000	559.2	559200	8.200012	8200	""osoba2""
""osoba2""		555.30005	555300	559.2	559200	4.8999634	4899	""osoba2""
""osoba4""		555.30005	555300	556.2	556200	1.8999634	1899	""osoba4""
""osoba2""		558.30005	558300	559.2	559200	1.8999634	1899	""osoba2""
""osoba2""		558.9	558900	559.2	559200	1.2999878	1299	""osoba2""
""osoba4""		558.9	558900	570.60004	570600	12.700012	12700	""osoba4""
""osoba4""		561.9	561900	570.60004	570600	9.700012	9700	""osoba4""
""osoba4""		562.5	562500	570.60004	570600	9.100037	9100	""osoba4""
""osoba4""		563.4	563400	570.60004	570600	8.200012	8200	""osoba4""
""osoba4""		565.2	565200	570.60004	570600	6.4000244	6400	""osoba4""
""osoba4""		566.10004	566100	570.60004	570600	5.5	5500	""osoba4""
""osoba4""		567.0	567000	570.60004	570600	4.6000366	4600	""osoba4""
""osoba4""		567.60004	567600	570.60004	570600	4.0	4000	""osoba4""
""osoba3""		568.80005	568800	571.5	571500	3.6999512	3699	""osoba3""
""osoba4""		568.80005	568800	570.60004	570600	2.7999878	2799	""osoba4""
""osoba1""		570.30005	570300	576.9	576900	7.5999756	7599	""osoba1""
""osoba3""		570.30005	570300	571.5	571500	2.1999512	2199	""osoba3""
""osoba4""		570.60004	570600	570.60004	570600	1.0	1000	""osoba4""
""osoba1""		572.10004	572100	576.9	576900	5.799988	5799	""osoba1""
""osoba1""		573.9	573900	576.9	576900	4.0	4000	""osoba1""
""osoba2""		574.2	574200	588.9	588900	15.700012	15700	""osoba2""
""osoba4""		576.60004	576600	576.60004	576600	1.0	1000	""osoba4""
""osoba1""		579.30005	579300	580.5	580500	2.1999512	2199	""osoba1""
""osoba2""		579.30005	579300	588.9	588900	10.599976	10599	""osoba2""
""osoba2""		579.9	579900	588.9	588900	10.0	10000	""osoba2""
""osoba2""		582.60004	582600	588.9	588900	7.299988	7299	""osoba2""
""osoba2""		584.10004	584100	588.9	588900	5.799988	5799	""osoba2""
""osoba2""		585.60004	585600	588.9	588900	4.299988	4299	""osoba2""
""osoba2""		586.5	586500	588.9	588900	3.4000244	3400	""osoba2""
""osoba2""		587.10004	587100	588.9	588900	2.7999878	2799	""osoba2""
""osoba4""		587.10004	587100	600.30005	600300	14.200012	14200	""osoba4""
""osoba2""		588.0	588000	588.9	588900	1.9000244	1900	""osoba2""
""osoba1""		588.9	588900	589.5	589500	1.5999756	1599	""osoba1""
""osoba4""		592.80005	592800	600.30005	600300	8.5	8500	""osoba4""
""osoba3""		593.10004	593100	595.5	595500	3.3999634	3399	""osoba3""
""osoba3""		594.0	594000	595.5	595500	2.5	2500	""osoba3""
""osoba3""		594.60004	594600	595.5	595500	1.8999634	1899	""osoba3""
""osoba3""		595.2	595200	595.5	595500	1.2999878	1299	""osoba3""
""osoba4""		595.2	595200	600.30005	600300	6.1000366	6100	""osoba4""
""osoba4""		597.0	597000	600.30005	600300	4.300049	4300	""osoba4""
""osoba4""		597.9	597900	600.30005	600300	3.4000244	3400	""osoba4""
""osoba4""		598.5	598500	600.30005	600300	2.8000488	2800	""osoba4""
""osoba4""		599.10004	599100	600.30005	600300	2.2000122	2200	""osoba4""
""osoba3""		599.7	599700	603.30005	603300	4.6000366	4600	""osoba3""
""osoba3""		601.5	601500	603.30005	603300	2.8000488	2800	""osoba3""
""osoba1""		603.30005	603300	605.10004	605100	2.7999878	2799	""osoba1""
""osoba1""		604.5	604500	605.10004	605100	1.6000366	1600	""osoba1""
""osoba2""		604.80005	604800	607.5	607500	3.6999512	3699	""osoba2""
""osoba2""		605.7	605700	607.5	607500	2.7999878	2799	""osoba2""
""osoba3""		606.30005	606300	610.5	610500	5.199951	5199	""osoba3""
""osoba3""		608.7	608700	610.5	610500	2.7999878	2799	""osoba3""
""osoba1""		609.60004	609600	614.10004	614100	5.5	5500	""osoba1""
""osoba3""		609.9	609900	610.5	610500	1.5999756	1599	""osoba3""
""osoba3""		615.30005	615300	617.4	617400	3.0999756	3099	""osoba3""
""osoba1""		616.2	616200	639.0	639000	23.799988	23799	""osoba1""
""osoba1""		617.4	617400	639.0	639000	22.599976	22599	""osoba1""
""osoba1""		620.4	620400	639.0	639000	19.599976	19599	""osoba1""
""osoba1""		621.30005	621300	639.0	639000	18.699951	18699	""osoba1""
""osoba1""		622.2	622200	639.0	639000	17.799988	17799	""osoba1""
""osoba1""		625.2	625200	639.0	639000	14.799988	14799	""osoba1""
""osoba1""		629.10004	629100	639.0	639000	10.899963	10899	""osoba1""
""osoba1""		632.7	632700	639.0	639000	7.299988	7299	""osoba1""
""osoba3""		636.30005	636300	636.30005	636300	1.0	1000	""osoba3""
""osoba1""		636.60004	636600	639.0	639000	3.3999634	3399	""osoba1""
""osoba4""		637.2	637200	642.60004	642600	6.4000244	6400	""osoba4""
""osoba1""		637.80005	637800	639.0	639000	2.1999512	2199	""osoba1""
""osoba4""		641.7	641700	642.60004	642600	1.9000244	1900	""osoba4""
""osoba1""		643.2	643200	679.2	679200	37.0	37000	""osoba1""
""osoba1""		644.4	644400	679.2	679200	35.799988	35799	""osoba1""
""osoba1""		645.0	645000	679.2	679200	35.200012	35200	""osoba1""
""osoba1""		646.80005	646800	679.2	679200	33.399963	33399	""osoba1""
""osoba1""		649.80005	649800	679.2	679200	30.399963	30399	""osoba1""
""osoba1""		651.0	651000	679.2	679200	29.200012	29200	""osoba1""
""osoba1""		651.60004	651600	679.2	679200	28.599976	28599	""osoba1""
""osoba1""		655.80005	655800	679.2	679200	24.399963	24399	""osoba1""
""osoba1""		657.30005	657300	679.2	679200	22.899963	22899	""osoba1""
""osoba1""		660.0	660000	679.2	679200	20.200012	20200	""osoba1""
""osoba1""		668.10004	668100	679.2	679200	12.099976	12099	""osoba1""
""osoba1""		669.60004	669600	679.2	679200	10.599976	10599	""osoba1""
""osoba1""		670.5	670500	679.2	679200	9.700012	9700	""osoba1""
""osoba1""		671.10004	671100	679.2	679200	9.099976	9099	""osoba1""
""osoba1""		672.0	672000	679.2	679200	8.200012	8200	""osoba1""
""osoba1""		672.60004	672600	679.2	679200	7.5999756	7599	""osoba1""
""osoba3""		672.60004	672600	673.5	673500	1.8999634	1899	""osoba3""
""osoba3""		673.5	673500	673.5	673500	1.0	1000	""osoba3""
""osoba4""		674.4	674400	687.0	687000	13.599976	13599	""osoba4""
""osoba4""		675.9	675900	687.0	687000	12.099976	12099	""osoba4""
""osoba1""		676.2	676200	679.2	679200	4.0	4000	""osoba1""
""osoba3""		677.4	677400	678.30005	678300	1.9000244	1900	""osoba3""
""osoba1""		681.9	681900	681.9	681900	1.0	1000	""osoba1""
""osoba4""		684.0	684000	687.0	687000	4.0	4000	""osoba4""
""osoba4""		684.9	684900	687.0	687000	3.0999756	3099	""osoba4""
""osoba3""		685.5	685500	686.10004	686100	1.6000366	1600	""osoba3""
""osoba1""		687.60004	687600	691.2	691200	4.5999756	4599	""osoba1""
""osoba1""		689.4	689400	691.2	691200	2.7999878	2799	""osoba1""
""osoba2""		689.7	689700	712.80005	712800	24.100037	24100	""osoba2""
""osoba1""		690.0	690000	691.2	691200	2.2000122	2200	""osoba1""
""osoba2""		692.4	692400	712.80005	712800	21.400024	21400	""osoba2""
""osoba2""		695.10004	695100	712.80005	712800	18.700012	18700	""osoba2""
""osoba2""		696.30005	696300	712.80005	712800	17.5	17500	""osoba2""
""osoba2""		697.80005	697800	712.80005	712800	16.0	16000	""osoba2""
""osoba3""		698.4	698400	701.10004	701100	3.7000122	3700	""osoba3""
""osoba2""		699.60004	699600	712.80005	712800	14.200012	14200	""osoba2""
""osoba3""		700.80005	700800	701.10004	701100	1.2999878	1299	""osoba3""
""osoba2""		701.10004	701100	712.80005	712800	12.700012	12700	""osoba2""
""osoba2""		702.9	702900	712.80005	712800	10.900024	10900	""osoba2""
""osoba2""		703.5	703500	712.80005	712800	10.300049	10300	""osoba2""
""osoba2""		704.10004	704100	712.80005	712800	9.700012	9700	""osoba2""
""osoba4""		704.7	704700	704.7	704700	1.0	1000	""osoba4""
""osoba2""		709.5	709500	712.80005	712800	4.300049	4300	""osoba2""
""osoba2""		711.0	711000	712.80005	712800	2.8000488	2800	""osoba2""
""osoba3""		712.2	712200	718.5	718500	7.299988	7299	""osoba3""
""osoba3""		714.0	714000	718.5	718500	5.5	5500	""osoba3""
""osoba3""		715.2	715200	718.5	718500	4.299988	4299	""osoba3""
""osoba4""		715.5	715500	716.7	716700	2.2000122	2200	""osoba4""
""osoba1""		718.2	718200	731.10004	731100	13.900024	13900	""osoba1""
""osoba1""		720.9	720900	731.10004	731100	11.200012	11200	""osoba1""
""osoba1""		723.9	723900	731.10004	731100	8.200012	8200	""osoba1""
""osoba1""		725.10004	725100	731.10004	731100	7.0	7000	""osoba1""
""osoba3""		725.10004	725100	726.0	726000	1.8999634	1899	""osoba3""
""osoba1""		727.80005	727800	731.10004	731100	4.299988	4299	""osoba1""
""osoba1""		728.4	728400	731.10004	731100	3.7000122	3700	""osoba1""
""osoba4""		728.7	728700	729.30005	729300	1.6000366	1600	""osoba4""
""osoba1""		730.5	730500	731.10004	731100	1.6000366	1600	""osoba1""
""osoba3""		730.5	730500	737.10004	737100	7.6000366	7600	""osoba3""
""osoba4""		733.2	733200	750.9	750900	18.700012	18700	""osoba4""
""osoba4""		735.30005	735300	750.9	750900	16.599976	16599	""osoba4""
""osoba1""		735.60004	735600	736.5	736500	1.8999634	1899	""osoba1""
""osoba3""		735.9	735900	737.10004	737100	2.2000122	2200	""osoba3""
""osoba2""		737.7	737700	737.7	737700	1.0	1000	""osoba2""
""osoba4""		738.60004	738600	750.9	750900	13.299988	13299	""osoba4""
""osoba4""		739.5	739500	750.9	750900	12.400024	12400	""osoba4""
""osoba4""		740.4	740400	750.9	750900	11.5	11500	""osoba4""
""osoba4""		741.30005	741300	750.9	750900	10.599976	10599	""osoba4""
""osoba4""		742.5	742500	750.9	750900	9.400024	9400	""osoba4""
""osoba4""		744.30005	744300	750.9	750900	7.5999756	7599	""osoba4""
""osoba4""		745.5	745500	750.9	750900	6.4000244	6400	""osoba4""
""osoba2""		746.10004	746100	747.30005	747300	2.2000122	2200	""osoba2""
""osoba3""		746.10004	746100	746.4	746400	1.2999878	1299	""osoba3""
""osoba4""		746.7	746700	750.9	750900	5.200012	5200	""osoba4""
""osoba2""		750.30005	750300	768.0	768000	18.699951	18699	""osoba2""
""osoba3""		751.5	751500	752.10004	752100	1.6000366	1600	""osoba3""
""osoba2""		753.9	753900	768.0	768000	15.099976	15099	""osoba2""
""osoba2""		759.30005	759300	768.0	768000	9.699951	9699	""osoba2""
""osoba2""		762.60004	762600	768.0	768000	6.3999634	6399	""osoba2""
""osoba1""		765.60004	765600	785.4	785400	20.799988	20799	""osoba1""
""osoba1""		766.80005	766800	785.4	785400	19.599976	19599	""osoba1""
""osoba2""		771.9	771900	772.2	772200	1.2999878	1299	""osoba2""
""osoba1""		772.80005	772800	785.4	785400	13.599976	13599	""osoba1""
""osoba1""		774.9	774900	785.4	785400	11.5	11500	""osoba1""
""osoba1""		776.7	776700	785.4	785400	9.700012	9700	""osoba1""
""osoba1""		781.50006	781500	785.4	785400	4.8999634	4899	""osoba1""
""osoba1""		782.4	782400	785.4	785400	4.0	4000	""osoba1""
""osoba1""		783.00006	783000	785.4	785400	3.3999634	3399	""osoba1""
""osoba2""		784.2	784200	795.30005	795300	12.100037	12100	""osoba2""
""osoba1""		785.10004	785100	785.4	785400	1.2999878	1299	""osoba1""
""osoba2""		788.4	788400	795.30005	795300	7.9000244	7900	""osoba2""
""osoba2""		791.7	791700	795.30005	795300	4.6000366	4600	""osoba2""
""osoba2""		792.30005	792300	795.30005	795300	4.0	4000	""osoba2""
""osoba3""		792.30005	792300	792.60004	792600	1.2999878	1299	""osoba3""
""osoba4""		795.30005	795300	819.00006	819000	24.700012	24700	""osoba4""
""osoba4""		797.4	797400	819.00006	819000	22.600037	22600	""osoba4""
""osoba4""		800.4	800400	819.00006	819000	19.600037	19600	""osoba4""
""osoba4""		801.00006	801000	819.00006	819000	19.0	19000	""osoba4""
""osoba4""		804.00006	804000	819.00006	819000	16.0	16000	""osoba4""
""osoba4""		804.9	804900	819.00006	819000	15.100037	15100	""osoba4""
""osoba2""		806.7	806700	808.2	808200	2.5	2500	""osoba2""
""osoba4""		809.4	809400	819.00006	819000	10.600037	10600	""osoba4""
""osoba4""		812.4	812400	819.00006	819000	7.6000366	7600	""osoba4""
""osoba1""		813.9	813900	844.2	844200	31.299988	31299	""osoba1""
""osoba4""		816.00006	816000	819.00006	819000	4.0	4000	""osoba4""
""osoba1""		819.30005	819300	844.2	844200	25.899963	25899	""osoba1""
""osoba4""		822.30005	822300	822.9	822900	1.5999756	1599	""osoba4""
""osoba1""		824.4	824400	844.2	844200	20.799988	20799	""osoba1""
""osoba1""		825.9	825900	844.2	844200	19.299988	19299	""osoba1""
""osoba1""		826.50006	826500	844.2	844200	18.699951	18699	""osoba1""
""osoba1""		834.9	834900	844.2	844200	10.299988	10299	""osoba1""
""osoba4""		835.80005	835800	835.80005	835800	1.0	1000	""osoba4""
""osoba1""		837.60004	837600	844.2	844200	7.5999756	7599	""osoba1""
""osoba1""		840.60004	840600	844.2	844200	4.5999756	4599	""osoba1""
""osoba1""		842.4	842400	844.2	844200	2.7999878	2799	""osoba1""
""osoba2""		843.00006	843000	852.60004	852600	10.599976	10599	""osoba2""
""osoba1""		844.2	844200	844.2	844200	1.0	1000	""osoba1""
""osoba2""		844.2	844200	852.60004	852600	9.400024	9400	""osoba2""
""osoba3""		844.2	844200	845.7	845700	2.5	2500	""osoba3""
""osoba4""		844.50006	844500	845.10004	845100	1.5999756	1599	""osoba4""
""osoba2""		847.50006	847500	852.60004	852600	6.0999756	6099	""osoba2""
""osoba2""		850.80005	850800	852.60004	852600	2.7999878	2799	""osoba2""
""osoba1""		851.4	851400	867.60004	867600	17.200012	17200	""osoba1""
""osoba2""		851.4	851400	852.60004	852600	2.2000122	2200	""osoba2""
""osoba4""		853.80005	853800	854.7	854700	1.8999634	1899	""osoba4""
""osoba4""		854.4	854400	854.7	854700	1.2999878	1299	""osoba4""
""osoba1""		855.00006	855000	867.60004	867600	13.599976	13599	""osoba1""
""osoba1""		856.2	856200	867.60004	867600	12.400024	12400	""osoba1""
""osoba1""		856.80005	856800	867.60004	867600	11.799988	11799	""osoba1""
""osoba1""		857.7	857700	867.60004	867600	10.900024	10900	""osoba1""
""osoba1""		860.4	860400	867.60004	867600	8.200012	8200	""osoba1""
""osoba4""		861.9	861900	867.60004	867600	6.700012	6700	""osoba4""
""osoba4""		864.30005	864300	867.60004	867600	4.299988	4299	""osoba4""
""osoba4""		865.2	865200	867.60004	867600	3.4000244	3400	""osoba4""
""osoba4""		865.80005	865800	867.60004	867600	2.7999878	2799	""osoba4""
""osoba1""		866.10004	866100	867.60004	867600	2.5	2500	""osoba1""
""osoba3""		867.00006	867000	909.60004	909600	43.599976	43599	""osoba3""
""osoba3""		870.30005	870300	909.60004	909600	40.299988	40299	""osoba3""
""osoba3""		872.7	872700	909.60004	909600	37.900024	37900	""osoba3""
""osoba3""		873.60004	873600	909.60004	909600	37.0	37000	""osoba3""
""osoba3""		875.7	875700	909.60004	909600	34.900024	34900	""osoba3""
""osoba3""		877.80005	877800	909.60004	909600	32.799988	32799	""osoba3""
""osoba3""		879.00006	879000	909.60004	909600	31.599976	31599	""osoba3""
""osoba3""		882.60004	882600	909.60004	909600	28.0	28000	""osoba3""
""osoba3""		883.2	883200	909.60004	909600	27.400024	27400	""osoba3""
""osoba3""		883.80005	883800	909.60004	909600	26.799988	26799	""osoba3""
""osoba1""		884.4	884400	884.7	884700	1.2999878	1299	""osoba1""
""osoba2""		884.4	884400	885.00006	885000	1.6000366	1600	""osoba2""
""osoba3""		886.50006	886500	909.60004	909600	24.099976	24099	""osoba3""
""osoba3""		888.60004	888600	909.60004	909600	22.0	22000	""osoba3""
""osoba3""		891.30005	891300	909.60004	909600	19.299988	19299	""osoba3""
""osoba1""		894.9	894900	895.2	895200	1.2999878	1299	""osoba1""
""osoba3""		896.10004	896100	909.60004	909600	14.5	14500	""osoba3""
""osoba1""		897.9	897900	899.10004	899100	2.2000122	2200	""osoba1""
""osoba3""		897.9	897900	909.60004	909600	12.700012	12700	""osoba3""
""osoba3""		901.80005	901800	909.60004	909600	8.799988	8799	""osoba3""
""osoba3""		903.00006	903000	909.60004	909600	7.5999756	7599	""osoba3""
""osoba4""		905.4	905400	907.2	907200	2.7999878	2799	""osoba4""
""osoba3""		906.9	906900	909.60004	909600	3.7000122	3700	""osoba3""
""osoba4""		907.2	907200	907.2	907200	1.0	1000	""osoba4""
""osoba3""		907.50006	907500	909.60004	909600	3.0999756	3099	""osoba3""
""osoba1""		908.4	908400	929.7	929700	22.299988	22299	""osoba1""
""osoba3""		909.60004	909600	909.60004	909600	1.0	1000	""osoba3""
""osoba1""		909.9	909900	929.7	929700	20.799988	20799	""osoba1""
""osoba4""		914.7	914700	916.50006	916500	2.8000488	2800	""osoba4""
""osoba1""		915.60004	915600	929.7	929700	15.099976	15099	""osoba1""
""osoba1""		917.7	917700	929.7	929700	13.0	13000	""osoba1""
""osoba1""		919.50006	919500	929.7	929700	11.199951	11199	""osoba1""
""osoba1""		920.10004	920100	929.7	929700	10.599976	10599	""osoba1""
""osoba1""		921.60004	921600	929.7	929700	9.099976	9099	""osoba1""
""osoba1""		923.4	923400	929.7	929700	7.299988	7299	""osoba1""
""osoba1""		926.10004	926100	929.7	929700	4.5999756	4599	""osoba1""
""osoba1""		927.9	927900	929.7	929700	2.7999878	2799	""osoba1""
""osoba3""		928.80005	928800	935.7	935700	7.8999634	7899	""osoba3""
""osoba1""		929.4	929400	929.7	929700	1.2999878	1299	""osoba1""
""osoba3""		930.60004	930600	935.7	935700	6.0999756	6099	""osoba3""
""osoba4""		934.80005	934800	938.7	938700	4.8999634	4899	""osoba4""
""osoba4""		937.2	937200	938.7	938700	2.5	2500	""osoba4""
""osoba3""		939.30005	939300	988.2	988200	49.899963	49899	""osoba3""
""osoba3""		940.2	940200	988.2	988200	49.0	49000	""osoba3""
""osoba3""		942.00006	942000	988.2	988200	47.19995	47199	""osoba3""
""osoba3""		944.4	944400	988.2	988200	44.799988	44799	""osoba3""
""osoba2""		945.00006	945000	946.2	946200	2.1999512	2199	""osoba2""
""osoba2""		946.2	946200	946.2	946200	1.0	1000	""osoba2""
""osoba3""		946.50006	946500	988.2	988200	42.69995	42699	""osoba3""
""osoba3""		948.00006	948000	988.2	988200	41.19995	41199	""osoba3""
""osoba3""		949.2	949200	988.2	988200	40.0	40000	""osoba3""
""osoba3""		950.4	950400	988.2	988200	38.799988	38799	""osoba3""
""osoba3""		951.30005	951300	988.2	988200	37.899963	37899	""osoba3""
""osoba3""		953.10004	953100	988.2	988200	36.099976	36099	""osoba3""
""osoba1""		954.00006	954000	954.00006	954000	1.0	1000	""osoba1""
""osoba3""		956.10004	956100	988.2	988200	33.099976	33099	""osoba3""
""osoba3""		957.9	957900	988.2	988200	31.299988	31299	""osoba3""
""osoba3""		960.60004	960600	988.2	988200	28.599976	28599	""osoba3""
""osoba1""		961.2	961200	961.80005	961800	1.6000366	1600	""osoba1""
""osoba1""		961.80005	961800	961.80005	961800	1.0	1000	""osoba1""
""osoba3""		961.80005	961800	988.2	988200	27.399963	27399	""osoba3""
""osoba3""		963.9	963900	988.2	988200	25.299988	25299	""osoba3""
""osoba3""		965.10004	965100	988.2	988200	24.099976	24099	""osoba3""
""osoba3""		966.00006	966000	988.2	988200	23.199951	23199	""osoba3""
""osoba4""		966.60004	966600	967.2	967200	1.5999756	1599	""osoba4""
""osoba3""		968.10004	968100	988.2	988200	21.099976	21099	""osoba3""
""osoba2""		969.30005	969300	969.30005	969300	1.0	1000	""osoba2""
""osoba3""		972.00006	972000	988.2	988200	17.199951	17199	""osoba3""
""osoba2""		972.9	972900	974.10004	974100	2.2000122	2200	""osoba2""
""osoba3""		975.00006	975000	988.2	988200	14.199951	14199	""osoba3""
""osoba3""		976.80005	976800	988.2	988200	12.399963	12399	""osoba3""
""osoba3""		979.50006	979500	988.2	988200	9.699951	9699	""osoba3""
""osoba2""		980.10004	980100	983.10004	983100	4.0	4000	""osoba2""
""osoba1""		982.2	982200	995.4	995400	14.200012	14200	""osoba1""
""osoba1""		984.00006	984000	995.4	995400	12.399963	12399	""osoba1""
""osoba3""		984.30005	984300	988.2	988200	4.8999634	4899	""osoba3""
""osoba1""		988.80005	988800	995.4	995400	7.5999756	7599	""osoba1""
""osoba1""		990.00006	990000	995.4	995400	6.3999634	6399	""osoba1""
""osoba1""		990.9	990900	995.4	995400	5.5	5500	""osoba1""
""osoba1""		994.80005	994800	995.4	995400	1.5999756	1599	""osoba1""
""osoba4""		996.00006	996000	1015.80005	1015800	20.799988	20799	""osoba4""
""osoba4""		997.50006	997500	1015.80005	1015800	19.299988	19299	""osoba4""
""osoba4""		999.00006	999000	1015.80005	1015800	17.799988	17799	""osoba4""
""osoba4""		999.60004	999600	1015.80005	1015800	17.200012	17200	""osoba4""
""osoba4""		1002.00006	1002000	1015.80005	1015800	14.799988	14799	""osoba4""
""osoba4""		1003.50006	1003500	1015.80005	1015800	13.299988	13299	""osoba4""
""osoba4""		1005.60004	1005600	1015.80005	1015800	11.200012	11200	""osoba4""
""osoba4""		1011.00006	1011000	1015.80005	1015800	5.799988	5799	""osoba4""
""osoba4""		1011.60004	1011600	1015.80005	1015800	5.200012	5200	""osoba4""
""osoba4""		1012.2	1012200	1015.80005	1015800	4.6000366	4600	""osoba4""
""osoba2""		1014.9	1014900	1015.2	1015200	1.2999878	1299	""osoba2""
""osoba4""		1014.9	1014900	1015.80005	1015800	1.9000244	1900	""osoba4""
""osoba1""		1015.80005	1015800	1024.8	1024800	10.0	10000	""osoba1""
""osoba1""		1018.2	1018200	1024.8	1024800	7.6000366	7600	""osoba1""
""osoba1""		1018.80005	1018800	1024.8	1024800	7.0	7000	""osoba1""
""osoba1""		1019.7	1019700	1024.8	1024800	6.1000366	6100	""osoba1""
""osoba1""		1020.60004	1020600	1024.8	1024800	5.200012	5200	""osoba1""
""osoba4""		1022.10004	1022100	1028.1001	1028100	7.000061	7000	""osoba4""
""osoba3""		1022.7	1022700	1022.7	1022700	1.0	1000	""osoba3""
""osoba4""		1023.00006	1023000	1028.1001	1028100	6.1000366	6100	""osoba4""
""osoba1""		1023.60004	1023600	1024.8	1024800	2.2000122	2200	""osoba1""
""osoba4""		1024.8	1024800	1028.1001	1028100	4.300049	4300	""osoba4""
""osoba1""		1028.1001	1028100	1032.6001	1032600	5.5	5500	""osoba1""
""osoba2""		1032.0	1032000	1070.1001	1070100	39.100098	39100	""osoba2""
""osoba2""		1034.7001	1034700	1070.1001	1070100	36.400024	36400	""osoba2""
""osoba2""		1035.6001	1035600	1070.1001	1070100	35.5	35500	""osoba2""
""osoba2""		1036.8	1036800	1070.1001	1070100	34.30005	34300	""osoba2""
""osoba2""		1041.9	1041900	1070.1001	1070100	29.200073	29200	""osoba2""
""osoba2""		1043.4	1043400	1070.1001	1070100	27.700073	27700	""osoba2""
""osoba2""		1044.9	1044900	1070.1001	1070100	26.200073	26200	""osoba2""
""osoba2""		1046.1001	1046100	1070.1001	1070100	25.0	25000	""osoba2""
""osoba2""		1047.0	1047000	1070.1001	1070100	24.100098	24100	""osoba2""
""osoba2""		1047.6001	1047600	1070.1001	1070100	23.5	23500	""osoba2""
""osoba2""		1049.4	1049400	1070.1001	1070100	21.700073	21700	""osoba2""
""osoba2""		1051.8	1051800	1070.1001	1070100	19.300049	19300	""osoba2""
""osoba2""		1053.9	1053900	1070.1001	1070100	17.200073	17200	""osoba2""
""osoba2""		1054.8	1054800	1070.1001	1070100	16.300049	16300	""osoba2""
""osoba2""		1055.7001	1055700	1070.1001	1070100	15.400024	15400	""osoba2""
""osoba2""		1056.6001	1056600	1070.1001	1070100	14.5	14500	""osoba2""
""osoba2""		1057.8	1057800	1070.1001	1070100	13.300049	13300	""osoba2""
""osoba2""		1059.0	1059000	1070.1001	1070100	12.100098	12100	""osoba2""
""osoba2""		1060.8	1060800	1070.1001	1070100	10.300049	10300	""osoba2""
""osoba2""		1062.3	1062300	1070.1001	1070100	8.800049	8800	""osoba2""
""osoba1""		1065.0	1065000	1066.2001	1066200	2.2000732	2200	""osoba1""
""osoba2""		1065.6001	1065600	1070.1001	1070100	5.5	5500	""osoba2""
""osoba2""		1067.7001	1067700	1070.1001	1070100	3.4000244	3400	""osoba2""
""osoba3""		1067.7001	1067700	1096.8	1096800	30.099976	30099	""osoba3""
""osoba3""		1071.0	1071000	1096.8	1096800	26.800049	26800	""osoba3""
""osoba3""		1071.9	1071900	1096.8	1096800	25.900024	25900	""osoba3""
""osoba3""		1073.4	1073400	1096.8	1096800	24.400024	24400	""osoba3""
""osoba3""		1074.9	1074900	1096.8	1096800	22.900024	22900	""osoba3""
""osoba2""		1075.5	1075500	1077.9	1077900	3.4000244	3400	""osoba2""
""osoba3""		1076.1001	1076100	1096.8	1096800	21.699951	21699	""osoba3""
""osoba3""		1078.8	1078800	1096.8	1096800	19.0	19000	""osoba3""
""osoba1""		1079.7001	1079700	1080.3	1080300	1.5999756	1599	""osoba1""
""osoba4""		1079.7001	1079700	1080.6001	1080600	1.9000244	1900	""osoba4""
""osoba3""		1081.8	1081800	1096.8	1096800	16.0	16000	""osoba3""
""osoba3""		1083.9	1083900	1096.8	1096800	13.900024	13900	""osoba3""
""osoba3""		1086.0	1086000	1096.8	1096800	11.800049	11800	""osoba3""
""osoba3""		1087.8	1087800	1096.8	1096800	10.0	10000	""osoba3""
""osoba3""		1088.4	1088400	1096.8	1096800	9.400024	9400	""osoba3""
""osoba3""		1089.3	1089300	1096.8	1096800	8.5	8500	""osoba3""
""osoba3""		1090.2001	1090200	1096.8	1096800	7.5999756	7599	""osoba3""
""osoba3""		1091.1001	1091100	1096.8	1096800	6.699951	6699	""osoba3""
""osoba3""		1092.6001	1092600	1096.8	1096800	5.199951	5199	""osoba3""
""osoba3""		1093.5	1093500	1096.8	1096800	4.300049	4300	""osoba3""
""osoba3""		1096.8	1096800	1096.8	1096800	1.0	1000	""osoba3""
""osoba2""		1097.1001	1097100	1106.7001	1106700	10.599976	10599	""osoba2""
""osoba4""		1098.0	1098000	1098.6001	1098600	1.6000977	1600	""osoba4""
""osoba2""		1100.1001	1100100	1106.7001	1106700	7.5999756	7599	""osoba2""
""osoba2""		1103.1001	1103100	1106.7001	1106700	4.5999756	4599	""osoba2""
""osoba2""		1103.7001	1103700	1106.7001	1106700	4.0	4000	""osoba2""
""osoba2""		1105.2001	1105200	1106.7001	1106700	2.5	2500	""osoba2""
""osoba3""		1106.1001	1106100	1113.3	1113300	8.199951	8199	""osoba3""
""osoba2""		1106.4	1106400	1106.7001	1106700	1.3000488	1300	""osoba2""
""osoba3""		1109.1001	1109100	1113.3	1113300	5.199951	5199	""osoba3""
""osoba1""		1110.0	1110000	1111.2001	1111200	2.2000732	2200	""osoba1""
""osoba3""		1112.4	1112400	1113.3	1113300	1.9000244	1900	""osoba3""
""osoba3""		1113.3	1113300	1113.3	1113300	1.0	1000	""osoba3""
""osoba2""		1113.6001	1113600	1114.8	1114800	2.1999512	2199	""osoba2""
""osoba1""		1114.8	1114800	1123.5	1123500	9.699951	9699	""osoba1""
""osoba3""		1115.4	1115400	1116.3	1116300	1.9000244	1900	""osoba3""
""osoba1""		1116.3	1116300	1123.5	1123500	8.199951	8199	""osoba1""
""osoba1""		1119.0	1119000	1123.5	1123500	5.5	5500	""osoba1""
""osoba1""		1120.2001	1120200	1123.5	1123500	4.2999268	4299	""osoba1""
""osoba1""		1121.7001	1121700	1123.5	1123500	2.7999268	2799	""osoba1""
""osoba1""		1122.9	1122900	1123.5	1123500	1.5999756	1599	""osoba1""
""osoba4""		1123.2001	1123200	1129.2001	1129200	7.0	7000	""osoba4""
""osoba1""		1123.5	1123500	1123.5	1123500	1.0	1000	""osoba1""
""osoba4""		1124.7001	1124700	1129.2001	1129200	5.5	5500	""osoba4""
""osoba2""		1128.3	1128300	1148.7001	1148700	21.400024	21400	""osoba2""
""osoba2""		1131.0	1131000	1148.7001	1148700	18.700073	18700	""osoba2""
""osoba2""		1133.4	1133400	1148.7001	1148700	16.300049	16300	""osoba2""
""osoba2""		1134.3	1134300	1148.7001	1148700	15.400024	15400	""osoba2""
""osoba2""		1135.8	1135800	1148.7001	1148700	13.900024	13900	""osoba2""
""osoba3""		1137.3	1137300	1137.3	1137300	1.0	1000	""osoba3""
""osoba2""		1137.9	1137900	1148.7001	1148700	11.800049	11800	""osoba2""
""osoba2""		1143.6001	1143600	1148.7001	1148700	6.0999756	6099	""osoba2""
""osoba2""		1146.9	1146900	1148.7001	1148700	2.8000488	2800	""osoba2""
""osoba3""		1147.2001	1147200	1152.9	1152900	6.699951	6699	""osoba3""
""osoba3""		1149.0	1149000	1152.9	1152900	4.9000244	4900	""osoba3""
""osoba3""		1150.5	1150500	1152.9	1152900	3.4000244	3400	""osoba3""
""osoba1""		1152.3	1152300	1155.3	1155300	4.0	4000	""osoba1""
""osoba1""		1154.4	1154400	1155.3	1155300	1.9000244	1900	""osoba1""
""osoba3""		1155.3	1155300	1156.5	1156500	2.1999512	2199	""osoba3""
""osoba4""		1155.9	1155900	1170.9	1170900	16.0	16000	""osoba4""
""osoba4""		1158.9	1158900	1170.9	1170900	13.0	13000	""osoba4""
""osoba4""		1161.0	1161000	1170.9	1170900	10.900024	10900	""osoba4""
""osoba4""		1161.9	1161900	1170.9	1170900	10.0	10000	""osoba4""
""osoba4""		1163.4	1163400	1170.9	1170900	8.5	8500	""osoba4""
""osoba4""		1165.2001	1165200	1170.9	1170900	6.699951	6699	""osoba4""
""osoba4""		1166.4	1166400	1170.9	1170900	5.5	5500	""osoba4""
""osoba1""		1168.2001	1168200	1171.2001	1171200	4.0	4000	""osoba1""
""osoba1""		1169.7001	1169700	1171.2001	1171200	2.5	2500	""osoba1""
""osoba4""		1170.3	1170300	1170.9	1170900	1.5999756	1599	""osoba4""
""osoba2""		1170.6001	1170600	1175.4	1175400	5.7999268	5799	""osoba2""
""osoba2""		1172.4	1172400	1175.4	1175400	4.0	4000	""osoba2""
""osoba2""		1173.0	1173000	1175.4	1175400	3.4000244	3400	""osoba2""
""osoba2""		1173.9	1173900	1175.4	1175400	2.5	2500	""osoba2""
""osoba1""		1175.4	1175400	1188.0	1188000	13.599976	13599	""osoba1""
""osoba1""		1177.8	1177800	1188.0	1188000	11.199951	11199	""osoba1""
""osoba3""		1183.8	1183800	1185.0	1185000	2.1999512	2199	""osoba3""
""osoba4""		1187.7001	1187700	1198.2001	1198200	11.5	11500	""osoba4""
""osoba3""		1188.3	1188300	1188.3	1188300	1.0	1000	""osoba3""
""osoba2""		1188.9	1188900	1192.8	1192800	4.9000244	4900	""osoba2""
""osoba3""		1191.0	1191000	1193.1001	1193100	3.1000977	3100	""osoba3""
""osoba4""		1194.0	1194000	1198.2001	1198200	5.2000732	5200	""osoba4""
""osoba1""		1195.5	1195500	1197.9	1197900	3.4000244	3400	""osoba1""
""osoba4""		1196.4	1196400	1198.2001	1198200	2.8000488	2800	""osoba4""
""osoba3""		1198.2001	1198200	1203.9	1203900	6.699951	6699	""osoba3""
""osoba2""		1199.7001	1199700	1201.2001	1201200	2.5	2500	""osoba2""
""osoba1""		1200.3	1200300	1226.4	1226400	27.099976	27099	""osoba1""
""osoba3""		1202.7001	1202700	1203.9	1203900	2.1999512	2199	""osoba3""
""osoba3""		1203.3	1203300	1203.9	1203900	1.5999756	1599	""osoba3""
""osoba1""		1203.6001	1203600	1226.4	1226400	23.799927	23799	""osoba1""
""osoba4""		1204.5	1204500	1204.5	1204500	1.0	1000	""osoba4""
""osoba2""		1208.7001	1208700	1209.0	1209000	1.2999268	1299	""osoba2""
""osoba1""		1210.5	1210500	1226.4	1226400	16.900024	16900	""osoba1""
""osoba4""		1211.1001	1211100	1211.4	1211400	1.2999268	1299	""osoba4""
""osoba2""		1212.3	1212300	1213.8	1213800	2.5	2500	""osoba2""
""osoba1""		1212.6001	1212600	1226.4	1226400	14.799927	14799	""osoba1""
""osoba1""		1217.1001	1217100	1226.4	1226400	10.299927	10299	""osoba1""
""osoba1""		1218.3	1218300	1226.4	1226400	9.099976	9099	""osoba1""
""osoba3""		1219.5	1219500	1222.5	1222500	4.0	4000	""osoba3""
""osoba3""		1221.6001	1221600	1222.5	1222500	1.8999023	1899	""osoba3""
""osoba3""		1222.5	1222500	1222.5	1222500	1.0	1000	""osoba3""
""osoba1""		1223.4	1223400	1226.4	1226400	4.0	4000	""osoba1""
""osoba4""		1225.5	1225500	1228.2001	1228200	3.7000732	3700	""osoba4""
""osoba3""		1227.9	1227900	1230.9	1230900	4.0	4000	""osoba3""
""osoba4""		1227.9	1227900	1228.2001	1228200	1.3000488	1300	""osoba4""
""osoba3""		1229.4	1229400	1230.9	1230900	2.5	2500	""osoba3""
""osoba1""		1230.9	1230900	1251.9	1251900	22.0	22000	""osoba1""
""osoba1""		1233.6001	1233600	1251.9	1251900	19.299927	19299	""osoba1""
""osoba3""		1234.8	1234800	1234.8	1234800	1.0	1000	""osoba3""
""osoba1""		1236.3	1236300	1251.9	1251900	16.599976	16599	""osoba1""
""osoba1""		1236.9	1236900	1251.9	1251900	16.0	16000	""osoba1""
""osoba1""		1238.1001	1238100	1251.9	1251900	14.799927	14799	""osoba1""
""osoba1""		1239.0	1239000	1251.9	1251900	13.900024	13900	""osoba1""
""osoba1""		1239.6001	1239600	1251.9	1251900	13.299927	13299	""osoba1""
""osoba1""		1240.2001	1240200	1251.9	1251900	12.699951	12699	""osoba1""
""osoba1""		1241.4	1241400	1251.9	1251900	11.5	11500	""osoba1""
""osoba1""		1243.8	1243800	1251.9	1251900	9.099976	9099	""osoba1""
""osoba1""		1245.0	1245000	1251.9	1251900	7.9000244	7900	""osoba1""
""osoba3""		1245.3	1245300	1245.9	1245900	1.5999756	1599	""osoba3""
""osoba1""		1250.1001	1250100	1251.9	1251900	2.7999268	2799	""osoba1""
""osoba4""		1250.4	1250400	1261.8	1261800	12.400024	12400	""osoba4""
""osoba4""		1251.9	1251900	1261.8	1261800	10.900024	10900	""osoba4""
""osoba4""		1254.9	1254900	1261.8	1261800	7.9000244	7900	""osoba4""
""osoba4""		1256.1001	1256100	1261.8	1261800	6.699951	6699	""osoba4""
""osoba4""		1259.4	1259400	1261.8	1261800	3.4000244	3400	""osoba4""
""osoba4""		1260.3	1260300	1261.8	1261800	2.5	2500	""osoba4""
""osoba3""		1260.6001	1260600	1265.1001	1265100	5.5	5500	""osoba3""
""osoba3""		1264.8	1264800	1265.1001	1265100	1.3000488	1300	""osoba3""
""osoba1""		1265.1001	1265100	1283.4	1283400	19.299927	19299	""osoba1""
""osoba1""		1266.3	1266300	1283.4	1283400	18.099976	18099	""osoba1""
""osoba1""		1267.5	1267500	1283.4	1283400	16.900024	16900	""osoba1""
""osoba1""		1270.2001	1270200	1283.4	1283400	14.199951	14199	""osoba1""
""osoba1""		1275.0	1275000	1283.4	1283400	9.400024	9400	""osoba1""
""osoba1""		1276.2001	1276200	1283.4	1283400	8.199951	8199	""osoba1""
""osoba1""		1277.7001	1277700	1283.4	1283400	6.699951	6699	""osoba1""
""osoba1""		1279.8	1279800	1283.4	1283400	4.5999756	4599	""osoba1""
""osoba1""		1281.0	1281000	1283.4	1283400	3.4000244	3400	""osoba1""
""osoba4""		1282.2001	1282200	1291.5	1291500	10.299927	10299	""osoba4""
""osoba4""		1286.7001	1286700	1291.5	1291500	5.7999268	5799	""osoba4""
""osoba4""		1287.3	1287300	1291.5	1291500	5.199951	5199	""osoba4""
""osoba1""		1288.2001	1288200	1288.2001	1288200	1.0	1000	""osoba1""
""osoba4""		1288.8	1288800	1291.5	1291500	3.6999512	3699	""osoba4""
""osoba4""		1290.0	1290000	1291.5	1291500	2.5	2500	""osoba4""
""osoba4""		1290.6001	1290600	1291.5	1291500	1.8999023	1899	""osoba4""
""osoba1""		1290.9	1290900	1293.6001	1293600	3.7000732	3700	""osoba1""
""osoba1""		1293.3	1293300	1293.6001	1293600	1.3000488	1300	""osoba1""
""osoba3""		1293.3	1293300	1332.6001	1332600	40.30005	40300	""osoba3""
""osoba2""		1298.1001	1298100	1298.4	1298400	1.2999268	1299	""osoba2""
""osoba3""		1300.8	1300800	1332.6001	1332600	32.80005	32800	""osoba3""
""osoba3""		1304.1001	1304100	1332.6001	1332600	29.5	29500	""osoba3""
""osoba3""		1306.2001	1306200	1332.6001	1332600	27.400024	27400	""osoba3""
""osoba3""		1306.8	1306800	1332.6001	1332600	26.800049	26800	""osoba3""
""osoba3""		1314.0	1314000	1332.6001	1332600	19.600098	19600	""osoba3""
""osoba3""		1316.4	1316400	1332.6001	1332600	17.200073	17200	""osoba3""
""osoba3""		1317.6001	1317600	1332.6001	1332600	16.0	16000	""osoba3""
""osoba3""		1320.0	1320000	1332.6001	1332600	13.600098	13600	""osoba3""
""osoba3""		1322.1001	1322100	1332.6001	1332600	11.5	11500	""osoba3""
""osoba3""		1329.6001	1329600	1332.6001	1332600	4.0	4000	""osoba3""
""osoba2""		1330.2001	1330200	1330.8	1330800	1.5999756	1599	""osoba2""
""osoba3""		1332.0	1332000	1332.6001	1332600	1.6000977	1600	""osoba3""
""osoba4""		1332.0	1332000	1341.3	1341300	10.300049	10300	""osoba4""
""osoba4""		1332.6001	1332600	1341.3	1341300	9.699951	9699	""osoba4""
""osoba4""		1334.4	1334400	1341.3	1341300	7.9000244	7900	""osoba4""
""osoba4""		1335.0	1335000	1341.3	1341300	7.300049	7300	""osoba4""
""osoba4""		1335.6001	1335600	1341.3	1341300	6.699951	6699	""osoba4""
""osoba1""		1341.0	1341000	1352.7001	1352700	12.700073	12700	""osoba1""
""osoba1""		1342.8	1342800	1352.7001	1352700	10.900024	10900	""osoba1""
""osoba1""		1346.1001	1346100	1352.7001	1352700	7.5999756	7599	""osoba1""
""osoba1""		1348.2001	1348200	1352.7001	1352700	5.5	5500	""osoba1""
""osoba2""		1348.5	1348500	1350.0	1350000	2.5	2500	""osoba2""
""osoba1""		1351.8	1351800	1352.7001	1352700	1.9000244	1900	""osoba1""
""osoba3""		1352.1001	1352100	1358.1001	1358100	7.0	7000	""osoba3""
""osoba4""		1357.5	1357500	1372.2001	1372200	15.700073	15700	""osoba4""
""osoba4""		1360.2001	1360200	1372.2001	1372200	13.0	13000	""osoba4""
""osoba4""		1361.4	1361400	1372.2001	1372200	11.800049	11800	""osoba4""
""osoba4""		1362.9	1362900	1372.2001	1372200	10.300049	10300	""osoba4""
""osoba4""		1365.3	1365300	1372.2001	1372200	7.9000244	7900	""osoba4""
""osoba4""		1367.4	1367400	1372.2001	1372200	5.800049	5800	""osoba4""
""osoba4""		1370.4	1370400	1372.2001	1372200	2.8000488	2800	""osoba4""
""osoba4""		1371.3	1371300	1372.2001	1372200	1.9000244	1900	""osoba4""
""osoba1""		1371.6001	1371600	1371.9	1371900	1.2999268	1299	""osoba1""
""osoba2""		1371.9	1371900	1377.6001	1377600	6.7000732	6700	""osoba2""
""osoba2""		1374.0	1374000	1377.6001	1377600	4.6000977	4600	""osoba2""
""osoba2""		1375.2001	1375200	1377.6001	1377600	3.4000244	3400	""osoba2""
""osoba3""		1377.3	1377300	1410.6001	1410600	34.30005	34300	""osoba3""
""osoba3""		1378.5	1378500	1410.6001	1410600	33.100098	33100	""osoba3""
""osoba3""		1379.4	1379400	1410.6001	1410600	32.200073	32200	""osoba3""
""osoba3""		1380.6001	1380600	1410.6001	1410600	31.0	31000	""osoba3""
""osoba3""		1381.8	1381800	1410.6001	1410600	29.800049	29800	""osoba3""
""osoba3""		1382.4	1382400	1410.6001	1410600	29.200073	29200	""osoba3""
""osoba3""		1384.2001	1384200	1410.6001	1410600	27.400024	27400	""osoba3""
""osoba3""		1386.3	1386300	1410.6001	1410600	25.300049	25300	""osoba3""
""osoba3""		1389.0	1389000	1410.6001	1410600	22.600098	22600	""osoba3""
""osoba3""		1391.1001	1391100	1410.6001	1410600	20.5	20500	""osoba3""
""osoba2""		1396.8	1396800	1397.1001	1397100	1.3000488	1300	""osoba2""
""osoba3""		1396.8	1396800	1410.6001	1410600	14.800049	14800	""osoba3""
""osoba3""		1397.7001	1397700	1410.6001	1410600	13.900024	13900	""osoba3""
""osoba3""		1398.6001	1398600	1410.6001	1410600	13.0	13000	""osoba3""
""osoba4""		1398.9	1398900	1399.2001	1399200	1.3000488	1300	""osoba4""
""osoba2""		1399.8	1399800	1402.2001	1402200	3.4000244	3400	""osoba2""
""osoba1""		1403.1001	1403100	1406.1001	1406100	4.0	4000	""osoba1""
""osoba1""		1405.2001	1405200	1406.1001	1406100	1.9000244	1900	""osoba1""
""osoba3""		1407.0	1407000	1410.6001	1410600	4.6000977	4600	""osoba3""
""osoba3""		1408.5	1408500	1410.6001	1410600	3.1000977	3100	""osoba3""
""osoba4""		1410.0	1410000	1411.8	1411800	2.8000488	2800	""osoba4""
""osoba1""		1410.9	1410900	1421.4	1421400	11.5	11500	""osoba1""
""osoba1""		1417.8	1417800	1421.4	1421400	4.5999756	4599	""osoba1""
""osoba1""		1419.0	1419000	1421.4	1421400	3.4000244	3400	""osoba1""
""osoba1""		1419.6001	1419600	1421.4	1421400	2.7999268	2799	""osoba1""
""osoba1""		1420.5	1420500	1421.4	1421400	1.9000244	1900	""osoba1""
""osoba3""		1421.4	1421400	1422.6001	1422600	2.2000732	2200	""osoba3""
""osoba4""		1421.4	1421400	1450.2001	1450200	29.800049	29800	""osoba4""
""osoba4""		1425.0	1425000	1450.2001	1450200	26.200073	26200	""osoba4""
""osoba2""		1426.5	1426500	1427.1001	1427100	1.6000977	1600	""osoba2""
""osoba4""		1428.6001	1428600	1450.2001	1450200	22.599976	22599	""osoba4""
""osoba4""		1431.3	1431300	1450.2001	1450200	19.900024	19900	""osoba4""
""osoba4""		1433.1001	1433100	1450.2001	1450200	18.099976	18099	""osoba4""
""osoba1""		1434.6001	1434600	1435.2001	1435200	1.5999756	1599	""osoba1""
""osoba4""		1434.6001	1434600	1450.2001	1450200	16.599976	16599	""osoba4""
""osoba3""		1435.5	1435500	1437.9	1437900	3.4000244	3400	""osoba3""
""osoba2""		1436.7001	1436700	1437.3	1437300	1.5999756	1599	""osoba2""
""osoba3""		1437.9	1437900	1437.9	1437900	1.0	1000	""osoba3""
""osoba4""		1439.4	1439400	1450.2001	1450200	11.800049	11800	""osoba4""
""osoba4""		1440.6001	1440600	1450.2001	1450200	10.599976	10599	""osoba4""
""osoba1""		1441.5	1441500	1441.8	1441800	1.3000488	1300	""osoba1""
""osoba4""		1443.3	1443300	1450.2001	1450200	7.9000244	7900	""osoba4""
""osoba3""		1445.7001	1445700	1446.0	1446000	1.2999268	1299	""osoba3""
""osoba4""		1445.7001	1445700	1450.2001	1450200	5.5	5500	""osoba4""
""osoba4""		1447.8	1447800	1450.2001	1450200	3.4000244	3400	""osoba4""
""osoba4""		1448.7001	1448700	1450.2001	1450200	2.5	2500	""osoba4""
""osoba1""		1449.9	1449900	1455.9	1455900	7.0	7000	""osoba1""
""osoba1""		1452.0	1452000	1455.9	1455900	4.9000244	4900	""osoba1""
""osoba1""		1452.9	1452900	1455.9	1455900	4.0	4000	""osoba1""
""osoba1""		1453.5	1453500	1455.9	1455900	3.4000244	3400	""osoba1""
""osoba4""		1454.1001	1454100	1461.6001	1461600	8.5	8500	""osoba4""
""osoba1""		1455.9	1455900	1455.9	1455900	1.0	1000	""osoba1""
""osoba4""		1455.9	1455900	1461.6001	1461600	6.7000732	6700	""osoba4""
""osoba4""		1457.1001	1457100	1461.6001	1461600	5.5	5500	""osoba4""
""osoba2""		1458.3	1458300	1465.5	1465500	8.199951	8199	""osoba2""
""osoba1""		1460.4	1460400	1460.4	1460400	1.0	1000	""osoba1""
""osoba2""		1464.0	1464000	1465.5	1465500	2.5	2500	""osoba2""
""osoba1""		1465.2001	1465200	1495.5	1495500	31.299927	31299	""osoba1""
""osoba1""		1467.3	1467300	1495.5	1495500	29.199951	29199	""osoba1""
""osoba1""		1468.2001	1468200	1495.5	1495500	28.299927	28299	""osoba1""
""osoba2""		1475.4	1475400	1475.4	1475400	1.0	1000	""osoba2""
""osoba1""		1478.1001	1478100	1495.5	1495500	18.399902	18399	""osoba1""
""osoba1""		1478.7001	1478700	1495.5	1495500	17.799927	17799	""osoba1""
""osoba1""		1480.5	1480500	1495.5	1495500	16.0	16000	""osoba1""
""osoba1""		1483.2001	1483200	1495.5	1495500	13.299927	13299	""osoba1""
""osoba1""		1484.7001	1484700	1495.5	1495500	11.799927	11799	""osoba1""
""osoba1""		1486.5	1486500	1495.5	1495500	10.0	10000	""osoba1""
""osoba1""		1488.9	1488900	1495.5	1495500	7.5999756	7599	""osoba1""
""osoba1""		1491.6001	1491600	1495.5	1495500	4.8999023	4899	""osoba1""
""osoba1""		1492.5	1492500	1495.5	1495500	4.0	4000	""osoba1""
""osoba1""		1495.2001	1495200	1495.5	1495500	1.2999268	1299	""osoba1""
""osoba4""		1495.2001	1495200	1500.6001	1500600	6.4000244	6400	""osoba4""
""osoba3""		1500.3	1500300	1534.5	1534500	35.19995	35199	""osoba3""
""osoba3""		1503.0	1503000	1534.5	1534500	32.5	32500	""osoba3""
""osoba3""		1506.0	1506000	1534.5	1534500	29.5	29500	""osoba3""
""osoba3""		1506.6001	1506600	1534.5	1534500	28.899902	28899	""osoba3""
""osoba3""		1507.5	1507500	1534.5	1534500	28.0	28000	""osoba3""
""osoba3""		1509.6001	1509600	1534.5	1534500	25.899902	25899	""osoba3""
""osoba3""		1514.7001	1514700	1534.5	1534500	20.799927	20799	""osoba3""
""osoba3""		1515.3	1515300	1534.5	1534500	20.199951	20199	""osoba3""
""osoba1""		1517.4	1517400	1517.4	1517400	1.0	1000	""osoba1""
""osoba2""		1518.9	1518900	1519.8	1519800	1.9000244	1900	""osoba2""
""osoba4""		1518.9	1518900	1518.9	1518900	1.0	1000	""osoba4""
""osoba3""		1519.8	1519800	1534.5	1534500	15.699951	15699	""osoba3""
""osoba3""		1526.7001	1526700	1534.5	1534500	8.799927	8799	""osoba3""
""osoba4""		1527.3	1527300	1529.4	1529400	3.0999756	3099	""osoba4""
""osoba3""		1531.2001	1531200	1534.5	1534500	4.2999268	4299	""osoba3""
""osoba3""		1532.4	1532400	1534.5	1534500	3.0999756	3099	""osoba3""
""osoba1""		1533.3	1533300	1552.2001	1552200	19.900024	19900	""osoba1""
""osoba1""		1536.3	1536300	1552.2001	1552200	16.900024	16900	""osoba1""
""osoba1""		1536.9	1536900	1552.2001	1552200	16.300049	16300	""osoba1""
""osoba1""		1538.1001	1538100	1552.2001	1552200	15.099976	15099	""osoba1""
""osoba1""		1539.6001	1539600	1552.2001	1552200	13.599976	13599	""osoba1""
""osoba1""		1541.4	1541400	1552.2001	1552200	11.800049	11800	""osoba1""
""osoba1""		1542.6001	1542600	1552.2001	1552200	10.599976	10599	""osoba1""
""osoba1""		1544.7001	1544700	1552.2001	1552200	8.5	8500	""osoba1""
""osoba1""		1548.6001	1548600	1552.2001	1552200	4.5999756	4599	""osoba1""
""osoba2""		1551.6001	1551600	1558.8	1558800	8.199951	8199	""osoba2""
""osoba2""		1554.3	1554300	1558.8	1558800	5.5	5500	""osoba2""
""osoba2""		1555.5001	1555500	1558.8	1558800	4.2999268	4299	""osoba2""
""osoba3""		1555.8	1555800	1577.4	1577400	22.599976	22599	""osoba3""
""osoba3""		1559.7001	1559700	1577.4	1577400	18.699951	18699	""osoba3""
""osoba1""		1560.0001	1560000	1560.3	1560300	1.2999268	1299	""osoba1""
""osoba3""		1564.2001	1564200	1577.4	1577400	14.199951	14199	""osoba3""
""osoba3""		1566.3	1566300	1577.4	1577400	12.099976	12099	""osoba3""
""osoba3""		1567.2001	1567200	1577.4	1577400	11.199951	11199	""osoba3""
""osoba3""		1568.1001	1568100	1577.4	1577400	10.299927	10299	""osoba3""
""osoba3""		1572.0001	1572000	1577.4	1577400	6.3999023	6399	""osoba3""
""osoba3""		1575.0001	1575000	1577.4	1577400	3.3999023	3399	""osoba3""
""osoba3""		1576.2001	1576200	1577.4	1577400	2.1999512	2199	""osoba3""
""osoba2""		1576.5001	1576500	1580.1001	1580100	4.5999756	4599	""osoba2""
""osoba2""		1578.0001	1578000	1580.1001	1580100	3.0999756	3099	""osoba2""
""osoba2""		1579.2001	1579200	1580.1001	1580100	1.9000244	1900	""osoba2""
""osoba4""		1579.8	1579800	1589.1001	1589100	10.300049	10300	""osoba4""
""osoba1""		1583.7001	1583700	1583.7001	1583700	1.0	1000	""osoba1""
""osoba4""		1584.0001	1584000	1589.1001	1589100	6.0999756	6099	""osoba4""
""osoba4""		1585.5001	1585500	1589.1001	1589100	4.5999756	4599	""osoba4""
""osoba4""		1586.1001	1586100	1589.1001	1589100	4.0	4000	""osoba4""
""osoba2""		1587.6001	1587600	1587.6001	1587600	1.0	1000	""osoba2""
""osoba4""		1587.6001	1587600	1589.1001	1589100	2.5	2500	""osoba4""
""osoba1""		1588.2001	1588200	1599.3	1599300	12.099976	12099	""osoba1""
""osoba3""		1588.5001	1588500	1589.1001	1589100	1.5999756	1599	""osoba3""
""osoba4""		1591.2001	1591200	1591.2001	1591200	1.0	1000	""osoba4""
""osoba2""		1592.7001	1592700	1593.0001	1593000	1.3000488	1300	""osoba2""
""osoba1""		1594.8	1594800	1599.3	1599300	5.5	5500	""osoba1""
""osoba1""		1595.4	1595400	1599.3	1599300	4.9000244	4900	""osoba1""
""osoba1""		1597.5001	1597500	1599.3	1599300	2.7999268	2799	""osoba1""
""osoba4""		1599.6001	1599600	1602.6001	1602600	4.0	4000	""osoba4""
""osoba3""		1601.4	1601400	1606.8	1606800	6.4000244	6400	""osoba3""
""osoba2""		1603.2001	1603200	1605.3	1605300	3.0999756	3099	""osoba2""
""osoba3""		1603.5001	1603500	1606.8	1606800	4.2999268	4299	""osoba3""
""osoba1""		1605.3	1605300	1609.2001	1609200	4.9000244	4900	""osoba1""
""osoba4""		1608.6001	1608600	1613.7001	1613700	6.0999756	6099	""osoba4""
""osoba1""		1608.9	1608900	1609.2001	1609200	1.3000488	1300	""osoba1""
""osoba4""		1610.1001	1610100	1613.7001	1613700	4.5999756	4599	""osoba4""
""osoba3""		1613.1001	1613100	1620.3	1620300	8.199951	8199	""osoba3""
""osoba3""		1614.6001	1614600	1620.3	1620300	6.699951	6699	""osoba3""
""osoba2""		1615.5001	1615500	1615.5001	1615500	1.0	1000	""osoba2""
""osoba3""		1617.9	1617900	1620.3	1620300	3.4000244	3400	""osoba3""
""osoba2""		1618.2001	1618200	1620.3	1620300	3.0999756	3099	""osoba2""
