"default"		0.0	0	1.0	1000	1.0	1000	BEGIN
"default"		1620.3	1620300	1620.31	1621300	1.0	1000	END
""osoba1""		7.2000003	7200	15.6	15600	9.4	9400	""osoba1""
""osoba1""		10.8	10800	15.6	15600	5.8	5800	""osoba1""
""osoba3""		11.400001	11400	12.0	12000	1.5999994	1599	""osoba3""
""osoba2""		12.3	12300	12.6	12600	1.3000002	1300	""osoba2""
""osoba4""		15.6	15600	18.900002	18900	4.300001	4300	""osoba4""
""osoba4""		18.0	18000	18.900002	18900	1.9000015	1900	""osoba4""
""osoba1""		18.900002	18900	27.900002	27900	10.0	10000	""osoba1""
""osoba4""		18.900002	18900	18.900002	18900	1.0	1000	""osoba4""
""osoba1""		20.400002	20400	27.900002	27900	8.5	8500	""osoba1""
""osoba3""		21.6	21600	23.7	23700	3.1000004	3100	""osoba3""
""osoba1""		22.800001	22800	27.900002	27900	6.1000004	6100	""osoba1""
""osoba3""		23.400002	23400	23.7	23700	1.2999992	1299	""osoba3""
""osoba1""		24.6	24600	27.900002	27900	4.300001	4300	""osoba1""
""osoba2""		25.2	25200	30.300001	30300	6.1000004	6100	""osoba2""
""osoba2""		25.800001	25800	30.300001	30300	5.5	5500	""osoba2""
""osoba3""		26.1	26100	26.1	26100	1.0	1000	""osoba3""
""osoba2""		29.1	29100	30.300001	30300	2.2000008	2200	""osoba2""
""osoba1""		30.000002	30000	33.300003	33300	4.300001	4300	""osoba1""
""osoba1""		31.500002	31500	33.300003	33300	2.8000011	2800	""osoba1""
""osoba1""		32.100002	32100	33.300003	33300	2.2000008	2200	""osoba1""
""osoba2""		33.300003	33300	38.7	38700	6.3999977	6399	""osoba2""
""osoba1""		38.100002	38100	48.300003	48300	11.200001	11200	""osoba1""
""osoba4""		39.600002	39600	39.600002	39600	1.0	1000	""osoba4""
""osoba4""		42.9	42900	46.5	46500	4.5999985	4599	""osoba4""
""osoba1""		43.2	43200	48.300003	48300	6.1000023	6100	""osoba1""
""osoba1""		44.7	44700	48.300003	48300	4.6000023	4600	""osoba1""
""osoba4""		44.7	44700	46.5	46500	2.7999992	2799	""osoba4""
""osoba1""		47.4	47400	48.300003	48300	1.9000015	1900	""osoba1""
""osoba2""		48.300003	48300	55.500004	55500	8.200001	8200	""osoba2""
""osoba2""		49.500004	49500	55.500004	55500	7.0	7000	""osoba2""
""osoba2""		50.4	50400	55.500004	55500	6.1000023	6100	""osoba2""
""osoba4""		54.300003	54300	58.800003	58800	5.5	5500	""osoba4""
""osoba4""		57.000004	57000	58.800003	58800	2.7999992	2799	""osoba4""
""osoba3""		57.300003	57300	65.4	65400	9.099998	9099	""osoba3""
""osoba2""		57.600002	57600	60.9	60900	4.299999	4299	""osoba2""
""osoba1""		58.2	58200	60.600002	60600	3.4000015	3400	""osoba1""
""osoba2""		59.7	59700	60.9	60900	2.2000008	2200	""osoba2""
""osoba3""		62.4	62400	65.4	65400	4.0	4000	""osoba3""
""osoba4""		64.8	64800	73.8	73800	10.0	10000	""osoba4""
""osoba3""		67.5	67500	68.700005	68700	2.2000046	2200	""osoba3""
""osoba4""		71.4	71400	73.8	73800	3.4000015	3400	""osoba4""
""osoba4""		72.3	72300	73.8	73800	2.5	2500	""osoba4""
""osoba4""		72.9	72900	73.8	73800	1.9000015	1900	""osoba4""
""osoba4""		73.8	73800	73.8	73800	1.0	1000	""osoba4""
""osoba1""		74.700005	74700	87.9	87900	14.199997	14199	""osoba1""
""osoba1""		76.5	76500	87.9	87900	12.400002	12400	""osoba1""
""osoba1""		81.0	81000	87.9	87900	7.9000015	7900	""osoba1""
""osoba1""		83.100006	83100	87.9	87900	5.7999954	5799	""osoba1""
""osoba3""		87.0	87000	94.8	94800	8.800003	8800	""osoba3""
""osoba1""		87.3	87300	87.9	87900	1.5999985	1599	""osoba1""
""osoba2""		87.3	87300	87.600006	87600	1.300003	1300	""osoba2""
""osoba3""		89.700005	89700	94.8	94800	6.0999985	6099	""osoba3""
""osoba3""		91.5	91500	94.8	94800	4.300003	4300	""osoba3""
""osoba2""		92.100006	92100	96.9	96900	5.7999954	5799	""osoba2""
""osoba4""		93.3	93300	123.3	123300	31.0	31000	""osoba4""
""osoba3""		93.600006	93600	94.8	94800	2.199997	2199	""osoba3""
""osoba4""		97.8	97800	123.3	123300	26.5	26500	""osoba4""
""osoba4""		100.8	100800	123.3	123300	23.5	23500	""osoba4""
""osoba4""		102.600006	102600	123.3	123300	21.699997	21699	""osoba4""
""osoba3""		108.00001	108000	109.50001	109500	2.5	2500	""osoba3""
""osoba1""		108.600006	108600	109.50001	109500	1.9000015	1900	""osoba1""
""osoba3""		109.200005	109200	109.50001	109500	1.300003	1300	""osoba3""
""osoba4""		111.00001	111000	123.3	123300	13.299995	13299	""osoba4""
""osoba4""		111.9	111900	123.3	123300	12.400002	12400	""osoba4""
""osoba4""		114.9	114900	123.3	123300	9.400002	9400	""osoba4""
""osoba4""		115.50001	115500	123.3	123300	8.799995	8799	""osoba4""
""osoba2""		118.200005	118200	118.200005	118200	1.0	1000	""osoba2""
""osoba4""		119.700005	119700	123.3	123300	4.5999985	4599	""osoba4""
""osoba4""		121.8	121800	123.3	123300	2.5	2500	""osoba4""
""osoba3""		122.4	122400	128.70001	128700	7.3000107	7300	""osoba3""
""osoba2""		122.700005	122700	122.700005	122700	1.0	1000	""osoba2""
""osoba4""		122.700005	122700	123.3	123300	1.5999985	1599	""osoba4""
""osoba3""		125.700005	125700	128.70001	128700	4.0000076	4000	""osoba3""
""osoba1""		126.9	126900	145.8	145800	19.900002	19900	""osoba1""
""osoba1""		133.8	133800	145.8	145800	13.0	13000	""osoba1""
""osoba1""		135.6	135600	145.8	145800	11.199997	11199	""osoba1""
""osoba1""		137.1	137100	145.8	145800	9.699997	9699	""osoba1""
""osoba1""		138.0	138000	145.8	145800	8.800003	8800	""osoba1""
""osoba2""		140.70001	140700	143.1	143100	3.399994	3399	""osoba2""
""osoba1""		142.5	142500	145.8	145800	4.300003	4300	""osoba1""
""osoba2""		143.1	143100	143.1	143100	1.0	1000	""osoba2""
""osoba4""		143.40001	143400	184.5	184500	42.09999	42099	""osoba4""
""osoba1""		145.8	145800	145.8	145800	1.0	1000	""osoba1""
""osoba4""		146.1	146100	184.5	184500	39.399994	39399	""osoba4""
""osoba4""		149.40001	149400	184.5	184500	36.09999	36099	""osoba4""
""osoba4""		153.6	153600	184.5	184500	31.899994	31899	""osoba4""
""osoba4""		154.8	154800	184.5	184500	30.699997	30699	""osoba4""
""osoba4""		156.0	156000	184.5	184500	29.5	29500	""osoba4""
""osoba2""		156.6	156600	157.20001	157200	1.6000061	1600	""osoba2""
""osoba1""		158.1	158100	158.40001	158400	1.300003	1300	""osoba1""
""osoba3""		159.6	159600	159.6	159600	1.0	1000	""osoba3""
""osoba4""		161.40001	161400	184.5	184500	24.09999	24099	""osoba4""
""osoba4""		162.6	162600	184.5	184500	22.899994	22899	""osoba4""
""osoba4""		163.20001	163200	184.5	184500	22.299988	22299	""osoba4""
""osoba4""		164.1	164100	184.5	184500	21.399994	21399	""osoba4""
""osoba4""		167.40001	167400	184.5	184500	18.09999	18099	""osoba4""
""osoba4""		172.20001	172200	184.5	184500	13.299988	13299	""osoba4""
""osoba3""		174.90001	174900	174.90001	174900	1.0	1000	""osoba3""
""osoba4""		176.40001	176400	184.5	184500	9.099991	9099	""osoba4""
""osoba3""		177.0	177000	178.20001	178200	2.2000122	2200	""osoba3""
""osoba1""		177.3	177300	177.3	177300	1.0	1000	""osoba1""
""osoba4""		179.70001	179700	184.5	184500	5.799988	5799	""osoba4""
""osoba4""		181.20001	181200	184.5	184500	4.299988	4299	""osoba4""
""osoba4""		182.70001	182700	184.5	184500	2.7999878	2799	""osoba4""
""osoba2""		183.6	183600	183.6	183600	1.0	1000	""osoba2""
""osoba4""		183.6	183600	184.5	184500	1.8999939	1899	""osoba4""
""osoba4""		184.20001	184200	184.5	184500	1.2999878	1299	""osoba4""
""osoba3""		184.5	184500	189.3	189300	5.800003	5800	""osoba3""
""osoba2""		186.3	186300	189.3	189300	4.0	4000	""osoba2""
""osoba3""		186.3	186300	189.3	189300	4.0	4000	""osoba3""
""osoba4""		187.8	187800	201.3	201300	14.5	14500	""osoba4""
""osoba3""		188.70001	188700	189.3	189300	1.5999908	1599	""osoba3""
""osoba4""		190.8	190800	201.3	201300	11.5	11500	""osoba4""
""osoba4""		192.0	192000	201.3	201300	10.300003	10300	""osoba4""
""osoba4""		194.1	194100	201.3	201300	8.199997	8199	""osoba4""
""osoba2""		194.70001	194700	194.70001	194700	1.0	1000	""osoba2""
""osoba3""		196.50002	196500	203.1	203100	7.599991	7599	""osoba3""
""osoba2""		196.8	196800	199.8	199800	4.0	4000	""osoba2""
""osoba4""		199.20001	199200	201.3	201300	3.0999908	3099	""osoba4""
""osoba3""		199.8	199800	203.1	203100	4.300003	4300	""osoba3""
""osoba1""		202.8	202800	210.3	210300	8.5	8500	""osoba1""
""osoba1""		206.40001	206400	210.3	210300	4.899994	4899	""osoba1""
""osoba1""		210.00002	210000	210.3	210300	1.2999878	1299	""osoba1""
""osoba3""		210.3	210300	215.40001	215400	6.100006	6100	""osoba3""
""osoba4""		213.3	213300	213.6	213600	1.300003	1300	""osoba4""
""osoba3""		213.6	213600	215.40001	215400	2.800003	2800	""osoba3""
""osoba1""		214.8	214800	222.00002	222000	8.200012	8200	""osoba1""
""osoba2""		216.00002	216000	216.90001	216900	1.8999939	1899	""osoba2""
""osoba1""		216.3	216300	222.00002	222000	6.700012	6700	""osoba1""
""osoba1""		218.40001	218400	222.00002	222000	4.600006	4600	""osoba1""
""osoba1""		219.00002	219000	222.00002	222000	4.0	4000	""osoba1""
""osoba4""		221.70001	221700	222.6	222600	1.8999939	1899	""osoba4""
""osoba3""		222.00002	222000	227.1	227100	6.099991	6099	""osoba3""
""osoba3""		224.70001	224700	227.1	227100	3.399994	3399	""osoba3""
""osoba3""		226.20001	226200	227.1	227100	1.8999939	1899	""osoba3""
""osoba4""		226.8	226800	280.5	280500	54.699997	54699	""osoba4""
""osoba4""		233.40001	233400	280.5	280500	48.09999	48099	""osoba4""
""osoba4""		234.00002	234000	280.5	280500	47.499985	47499	""osoba4""
""osoba2""		234.6	234600	236.40001	236400	2.800003	2800	""osoba2""
""osoba4""		234.90001	234900	280.5	280500	46.59999	46599	""osoba4""
""osoba2""		236.40001	236400	236.40001	236400	1.0	1000	""osoba2""
""osoba4""		236.40001	236400	280.5	280500	45.09999	45099	""osoba4""
""osoba4""		238.50002	238500	280.5	280500	42.999985	42999	""osoba4""
""osoba4""		239.70001	239700	280.5	280500	41.799988	41799	""osoba4""
""osoba4""		241.8	241800	280.5	280500	39.699997	39699	""osoba4""
""osoba4""		243.6	243600	280.5	280500	37.899994	37899	""osoba4""
""osoba4""		247.50002	247500	280.5	280500	33.999985	33999	""osoba4""
""osoba4""		249.90001	249900	280.5	280500	31.59999	31599	""osoba4""
""osoba2""		250.50002	250500	250.50002	250500	1.0	1000	""osoba2""
""osoba4""		250.8	250800	280.5	280500	30.699997	30699	""osoba4""
""osoba4""		253.20001	253200	280.5	280500	28.299988	28299	""osoba4""
""osoba4""		255.00002	255000	280.5	280500	26.499985	26499	""osoba4""
""osoba4""		255.90001	255900	280.5	280500	25.59999	25599	""osoba4""
""osoba4""		262.5	262500	280.5	280500	19.0	19000	""osoba4""
""osoba4""		263.40002	263400	280.5	280500	18.099976	18099	""osoba4""
""osoba4""		267.90002	267900	280.5	280500	13.599976	13599	""osoba4""
""osoba4""		270.30002	270300	280.5	280500	11.199982	11199	""osoba4""
""osoba1""		270.6	270600	274.80002	274800	5.200012	5200	""osoba1""
""osoba4""		277.5	277500	280.5	280500	4.0	4000	""osoba4""
""osoba4""		278.1	278100	280.5	280500	3.399994	3399	""osoba4""
""osoba4""		279.30002	279300	280.5	280500	2.1999817	2199	""osoba4""
""osoba3""		279.6	279600	291.6	291600	13.0	13000	""osoba3""
""osoba3""		281.7	281700	291.6	291600	10.899994	10899	""osoba3""
""osoba3""		285.90002	285900	291.6	291600	6.6999817	6699	""osoba3""
""osoba2""		288.6	288600	306.0	306000	18.399994	18399	""osoba2""
""osoba2""		289.5	289500	306.0	306000	17.5	17500	""osoba2""
""osoba3""		289.5	289500	291.6	291600	3.100006	3100	""osoba3""
""osoba3""		291.0	291000	291.6	291600	1.6000061	1600	""osoba3""
""osoba2""		293.40002	293400	306.0	306000	13.599976	13599	""osoba2""
""osoba2""		294.6	294600	306.0	306000	12.399994	12399	""osoba2""
""osoba3""		294.90002	294900	295.80002	295800	1.8999939	1899	""osoba3""
""osoba2""		297.30002	297300	306.0	306000	9.699982	9699	""osoba2""
""osoba4""		297.30002	297300	319.80002	319800	23.5	23500	""osoba4""
""osoba3""		300.0	300000	303.6	303600	4.600006	4600	""osoba3""
""osoba2""		303.6	303600	306.0	306000	3.399994	3399	""osoba2""
""osoba2""		305.40002	305400	306.0	306000	1.5999756	1599	""osoba2""
""osoba3""		306.90002	306900	306.90002	306900	1.0	1000	""osoba3""
""osoba1""		308.7	308700	310.5	310500	2.7999878	2799	""osoba1""
""osoba4""		309.90002	309900	319.80002	319800	10.899994	10899	""osoba4""
""osoba1""		310.2	310200	310.5	310500	1.2999878	1299	""osoba1""
""osoba4""		311.1	311100	319.80002	319800	9.700012	9700	""osoba4""
""osoba3""		313.5	313500	313.5	313500	1.0	1000	""osoba3""
""osoba4""		314.40002	314400	319.80002	319800	6.399994	6399	""osoba4""
""osoba4""		317.7	317700	319.80002	319800	3.100006	3100	""osoba4""
""osoba2""		318.30002	318300	321.30002	321300	4.0	4000	""osoba2""
""osoba2""		319.2	319200	321.30002	321300	3.100006	3100	""osoba2""
""osoba4""		319.80002	319800	319.80002	319800	1.0	1000	""osoba4""
""osoba1""		321.0	321000	325.80002	325800	5.8000183	5800	""osoba1""
""osoba4""		322.5	322500	324.30002	324300	2.8000183	2800	""osoba4""
""osoba2""		324.6	324600	327.6	327600	4.0	4000	""osoba2""
""osoba2""		327.0	327000	327.6	327600	1.6000061	1600	""osoba2""
""osoba4""		327.90002	327900	333.90002	333900	7.0	7000	""osoba4""
""osoba3""		329.40002	329400	330.0	330000	1.5999756	1599	""osoba3""
""osoba4""		329.40002	329400	333.90002	333900	5.5	5500	""osoba4""
""osoba4""		331.2	331200	333.90002	333900	3.7000122	3700	""osoba4""
""osoba4""		332.1	332100	333.90002	333900	2.8000183	2800	""osoba4""
""osoba4""		333.6	333600	333.90002	333900	1.3000183	1300	""osoba4""
""osoba3""		333.90002	333900	336.90002	336900	4.0	4000	""osoba3""
""osoba3""		335.7	335700	336.90002	336900	2.2000122	2200	""osoba3""
""osoba4""		336.6	336600	361.2	361200	25.600006	25600	""osoba4""
""osoba1""		339.6	339600	339.6	339600	1.0	1000	""osoba1""
""osoba4""		339.90002	339900	361.2	361200	22.299988	22299	""osoba4""
""osoba4""		341.40002	341400	361.2	361200	20.799988	20799	""osoba4""
""osoba4""		343.2	343200	361.2	361200	19.0	19000	""osoba4""
""osoba4""		344.40002	344400	361.2	361200	17.799988	17799	""osoba4""
""osoba4""		346.5	346500	361.2	361200	15.700012	15700	""osoba4""
""osoba2""		347.1	347100	347.40002	347400	1.3000183	1300	""osoba2""
""osoba4""		349.2	349200	361.2	361200	13.0	13000	""osoba4""
""osoba4""		349.80002	349800	361.2	361200	12.399994	12399	""osoba4""
""osoba4""		350.7	350700	361.2	361200	11.5	11500	""osoba4""
""osoba4""		353.40002	353400	361.2	361200	8.799988	8799	""osoba4""
""osoba4""		355.5	355500	361.2	361200	6.700012	6700	""osoba4""
""osoba2""		356.7	356700	357.6	357600	1.8999939	1899	""osoba2""
""osoba4""		359.1	359100	361.2	361200	3.100006	3100	""osoba4""
""osoba4""		359.7	359700	361.2	361200	2.5	2500	""osoba4""
""osoba1""		360.6	360600	370.2	370200	10.600006	10600	""osoba1""
""osoba1""		363.6	363600	370.2	370200	7.600006	7600	""osoba1""
""osoba1""		364.80002	364800	370.2	370200	6.399994	6399	""osoba1""
""osoba3""		365.1	365100	372.90002	372900	8.800018	8800	""osoba3""
""osoba4""		366.6	366600	369.90002	369900	4.3000183	4300	""osoba4""
""osoba4""		368.1	368100	369.90002	369900	2.8000183	2800	""osoba4""
""osoba3""		371.1	371100	372.90002	372900	2.8000183	2800	""osoba3""
""osoba3""		371.7	371700	372.90002	372900	2.2000122	2200	""osoba3""
""osoba4""		372.0	372000	377.40002	377400	6.4000244	6400	""osoba4""
""osoba4""		374.7	374700	377.40002	377400	3.7000122	3700	""osoba4""
""osoba2""		375.0	375000	376.2	376200	2.2000122	2200	""osoba2""
""osoba1""		377.1	377100	386.1	386100	10.0	10000	""osoba1""
""osoba1""		378.90002	378900	386.1	386100	8.199982	8199	""osoba1""
""osoba1""		379.5	379500	386.1	386100	7.600006	7600	""osoba1""
""osoba1""		380.40002	380400	386.1	386100	6.6999817	6699	""osoba1""
""osoba4""		381.30002	381300	382.5	382500	2.1999817	2199	""osoba4""
""osoba1""		384.0	384000	386.1	386100	3.100006	3100	""osoba1""
""osoba3""		386.1	386100	391.50003	391500	6.4000244	6400	""osoba3""
""osoba3""		387.6	387600	391.50003	391500	4.9000244	4900	""osoba3""
""osoba3""		388.50003	388500	391.50003	391500	4.0	4000	""osoba3""
""osoba3""		390.00003	390000	391.50003	391500	2.5	2500	""osoba3""
""osoba4""		390.90002	390900	398.1	398100	8.199982	8199	""osoba4""
""osoba4""		392.7	392700	398.1	398100	6.399994	6399	""osoba4""
""osoba4""		393.30002	393300	398.1	398100	5.799988	5799	""osoba4""
""osoba4""		393.90002	393900	398.1	398100	5.1999817	5199	""osoba4""
""osoba2""		398.40002	398400	404.40002	404400	7.0	7000	""osoba2""
""osoba2""		399.6	399600	404.40002	404400	5.8000183	5800	""osoba2""
""osoba2""		402.90002	402900	404.40002	404400	2.5	2500	""osoba2""
""osoba4""		403.2	403200	418.80002	418800	16.600006	16600	""osoba4""
""osoba4""		406.2	406200	418.80002	418800	13.600006	13600	""osoba4""
""osoba3""		407.7	407700	410.7	410700	4.0	4000	""osoba3""
""osoba4""		407.7	407700	418.80002	418800	12.100006	12100	""osoba4""
""osoba3""		409.2	409200	410.7	410700	2.5	2500	""osoba3""
""osoba4""		409.50003	409500	418.80002	418800	10.299988	10299	""osoba4""
""osoba4""		413.1	413100	418.80002	418800	6.700012	6700	""osoba4""
""osoba4""		415.80002	415800	418.80002	418800	4.0	4000	""osoba4""
""osoba2""		416.40002	416400	417.90002	417900	2.5	2500	""osoba2""
""osoba3""		418.50003	418500	434.7	434700	17.199982	17199	""osoba3""
""osoba3""		420.90002	420900	434.7	434700	14.799988	14799	""osoba3""
""osoba3""		422.40002	422400	434.7	434700	13.299988	13299	""osoba3""
""osoba3""		423.30002	423300	434.7	434700	12.399994	12399	""osoba3""
""osoba3""		424.80002	424800	434.7	434700	10.899994	10899	""osoba3""
""osoba3""		426.00003	426000	434.7	434700	9.699982	9699	""osoba3""
""osoba3""		427.50003	427500	434.7	434700	8.199982	8199	""osoba3""
""osoba3""		428.7	428700	434.7	434700	7.0	7000	""osoba3""
""osoba3""		429.30002	429300	434.7	434700	6.399994	6399	""osoba3""
""osoba1""		433.50003	433500	433.80002	433800	1.2999878	1299	""osoba1""
""osoba2""		435.00003	435000	437.1	437100	3.0999756	3099	""osoba2""
""osoba1""		437.1	437100	443.1	443100	7.0	7000	""osoba1""
""osoba1""		438.30002	438300	443.1	443100	5.799988	5799	""osoba1""
""osoba1""		440.7	440700	443.1	443100	3.399994	3399	""osoba1""
""osoba1""		441.30002	441300	443.1	443100	2.7999878	2799	""osoba1""
""osoba1""		441.90002	441900	443.1	443100	2.1999817	2199	""osoba1""
""osoba4""		442.50003	442500	446.1	446100	4.5999756	4599	""osoba4""
""osoba4""		445.2	445200	446.1	446100	1.8999939	1899	""osoba4""
""osoba2""		446.7	446700	462.6	462600	16.899994	16899	""osoba2""
""osoba2""		448.2	448200	462.6	462600	15.399994	15399	""osoba2""
""osoba2""		448.80002	448800	462.6	462600	14.799988	14799	""osoba2""
""osoba2""		449.7	449700	462.6	462600	13.899994	13899	""osoba2""
""osoba2""		452.7	452700	462.6	462600	10.899994	10899	""osoba2""
""osoba2""		453.30002	453300	462.6	462600	10.299988	10299	""osoba2""
""osoba4""		454.50003	454500	455.1	455100	1.5999756	1599	""osoba4""
""osoba2""		456.30002	456300	462.6	462600	7.299988	7299	""osoba2""
""osoba2""		459.30002	459300	462.6	462600	4.299988	4299	""osoba2""
""osoba2""		461.40002	461400	462.6	462600	2.1999817	2199	""osoba2""
""osoba4""		462.00003	462000	466.50003	466500	5.5	5500	""osoba4""
""osoba1""		464.7	464700	464.7	464700	1.0	1000	""osoba1""
""osoba2""		464.7	464700	469.50003	469500	5.8000183	5800	""osoba2""
""osoba2""		465.90002	465900	469.50003	469500	4.600006	4600	""osoba2""
""osoba2""		468.90002	468900	469.50003	469500	1.6000061	1600	""osoba2""
""osoba3""		469.50003	469500	476.1	476100	7.5999756	7599	""osoba3""
""osoba3""		471.30002	471300	476.1	476100	5.799988	5799	""osoba3""
""osoba3""		472.80002	472800	476.1	476100	4.299988	4299	""osoba3""
""osoba3""		473.40002	473400	476.1	476100	3.6999817	3699	""osoba3""
""osoba1""		473.7	473700	480.00003	480000	7.3000183	7300	""osoba1""
""osoba3""		474.30002	474300	476.1	476100	2.7999878	2799	""osoba3""
""osoba3""		475.2	475200	476.1	476100	1.8999939	1899	""osoba3""
""osoba2""		479.1	479100	483.30002	483300	5.200012	5200	""osoba2""
""osoba2""		482.40002	482400	483.30002	483300	1.8999939	1899	""osoba2""
""osoba4""		482.7	482700	533.10004	533100	51.400024	51400	""osoba4""
""osoba4""		485.1	485100	533.10004	533100	49.00003	49000	""osoba4""
""osoba2""		486.90002	486900	486.90002	486900	1.0	1000	""osoba2""
""osoba4""		488.7	488700	533.10004	533100	45.400024	45400	""osoba4""
""osoba4""		490.80002	490800	533.10004	533100	43.30002	43300	""osoba4""
""osoba4""		491.7	491700	533.10004	533100	42.400024	42400	""osoba4""
""osoba4""		492.90002	492900	533.10004	533100	41.200012	41200	""osoba4""
""osoba4""		496.50003	496500	533.10004	533100	37.600006	37600	""osoba4""
""osoba4""		498.6	498600	533.10004	533100	35.50003	35500	""osoba4""
""osoba4""		499.2	499200	533.10004	533100	34.900024	34900	""osoba4""
""osoba2""		499.50003	499500	501.90002	501900	3.399994	3399	""osoba2""
""osoba3""		499.80002	499800	501.00003	501000	2.2000122	2200	""osoba3""
""osoba3""		501.00003	501000	501.00003	501000	1.0	1000	""osoba3""
""osoba4""		501.30002	501300	533.10004	533100	32.80002	32800	""osoba4""
""osoba4""		503.1	503100	533.10004	533100	31.00003	31000	""osoba4""
""osoba4""		505.2	505200	533.10004	533100	28.900024	28900	""osoba4""
""osoba4""		506.7	506700	533.10004	533100	27.400024	27400	""osoba4""
""osoba4""		507.6	507600	533.10004	533100	26.50003	26500	""osoba4""
""osoba4""		510.30002	510300	533.10004	533100	23.800018	23800	""osoba4""
""osoba1""		511.50003	511500	511.50003	511500	1.0	1000	""osoba1""
""osoba4""		512.10004	512100	533.10004	533100	22.0	22000	""osoba4""
""osoba3""		513.9	513900	513.9	513900	1.0	1000	""osoba3""
""osoba4""		517.80005	517800	533.10004	533100	16.299988	16299	""osoba4""
""osoba4""		520.5	520500	533.10004	533100	13.600037	13600	""osoba4""
""osoba4""		521.10004	521100	533.10004	533100	13.0	13000	""osoba4""
""osoba4""		522.0	522000	533.10004	533100	12.100037	12100	""osoba4""
""osoba2""		522.9	522900	522.9	522900	1.0	1000	""osoba2""
""osoba4""		524.7	524700	533.10004	533100	9.400024	9400	""osoba4""
""osoba4""		525.60004	525600	533.10004	533100	8.5	8500	""osoba4""
""osoba4""		526.5	526500	533.10004	533100	7.6000366	7600	""osoba4""
""osoba4""		527.10004	527100	533.10004	533100	7.0	7000	""osoba4""
""osoba3""		529.80005	529800	529.80005	529800	1.0	1000	""osoba3""
""osoba4""		530.4	530400	533.10004	533100	3.7000122	3700	""osoba4""
""osoba4""		531.0	531000	533.10004	533100	3.1000366	3100	""osoba4""
""osoba4""		532.2	532200	533.10004	533100	1.9000244	1900	""osoba4""
""osoba2""		533.4	533400	540.0	540000	7.5999756	7599	""osoba2""
""osoba4""		538.5	538500	571.5	571500	34.0	34000	""osoba4""
""osoba4""		541.2	541200	571.5	571500	31.299988	31299	""osoba4""
""osoba4""		544.2	544200	571.5	571500	28.299988	28299	""osoba4""
""osoba4""		544.80005	544800	571.5	571500	27.699951	27699	""osoba4""
""osoba4""		546.0	546000	571.5	571500	26.5	26500	""osoba4""
""osoba3""		547.5	547500	547.5	547500	1.0	1000	""osoba3""
""osoba4""		548.7	548700	571.5	571500	23.799988	23799	""osoba4""
""osoba3""		550.5	550500	551.10004	551100	1.6000366	1600	""osoba3""
""osoba4""		550.5	550500	571.5	571500	22.0	22000	""osoba4""
""osoba4""		552.0	552000	571.5	571500	20.5	20500	""osoba4""
""osoba4""		552.9	552900	571.5	571500	19.599976	19599	""osoba4""
""osoba4""		554.7	554700	571.5	571500	17.799988	17799	""osoba4""
""osoba4""		556.5	556500	571.5	571500	16.0	16000	""osoba4""
""osoba4""		557.10004	557100	571.5	571500	15.399963	15399	""osoba4""
""osoba4""		560.4	560400	571.5	571500	12.099976	12099	""osoba4""
""osoba4""		561.30005	561300	571.5	571500	11.199951	11199	""osoba4""
""osoba4""		564.0	564000	571.5	571500	8.5	8500	""osoba4""
""osoba3""		564.9	564900	566.4	566400	2.5	2500	""osoba3""
""osoba2""		567.60004	567600	568.5	568500	1.8999634	1899	""osoba2""
""osoba3""		570.0	570000	583.80005	583800	14.800049	14800	""osoba3""
""osoba4""		570.9	570900	571.5	571500	1.5999756	1599	""osoba4""
""osoba3""		571.2	571200	583.80005	583800	13.600037	13600	""osoba3""
""osoba1""		572.4	572400	572.7	572700	1.2999878	1299	""osoba1""
""osoba3""		576.0	576000	583.80005	583800	8.800049	8800	""osoba3""
""osoba3""		577.2	577200	583.80005	583800	7.6000366	7600	""osoba3""
""osoba2""		577.5	577500	578.4	578400	1.9000244	1900	""osoba2""
""osoba4""		580.80005	580800	582.0	582000	2.1999512	2199	""osoba4""
""osoba4""		581.4	581400	582.0	582000	1.5999756	1599	""osoba4""
""osoba3""		582.0	582000	583.80005	583800	2.8000488	2800	""osoba3""
""osoba4""		582.0	582000	582.0	582000	1.0	1000	""osoba4""
""osoba1""		582.30005	582300	585.0	585000	3.6999512	3699	""osoba1""
""osoba2""		585.30005	585300	597.60004	597600	13.299988	13299	""osoba2""
""osoba2""		586.80005	586800	597.60004	597600	11.799988	11799	""osoba2""
""osoba2""		587.7	587700	597.60004	597600	10.900024	10900	""osoba2""
""osoba2""		590.4	590400	597.60004	597600	8.200012	8200	""osoba2""
""osoba2""		591.30005	591300	597.60004	597600	7.299988	7299	""osoba2""
""osoba2""		593.4	593400	597.60004	597600	5.200012	5200	""osoba2""
""osoba4""		595.5	595500	597.0	597000	2.5	2500	""osoba4""
""osoba4""		596.4	596400	597.0	597000	1.5999756	1599	""osoba4""
""osoba1""		597.30005	597300	609.9	609900	13.599976	13599	""osoba1""
""osoba1""		599.7	599700	609.9	609900	11.200012	11200	""osoba1""
""osoba3""		600.30005	600300	601.2	601200	1.8999634	1899	""osoba3""
""osoba4""		601.2	601200	603.9	603900	3.7000122	3700	""osoba4""
""osoba1""		605.4	605400	609.9	609900	5.5	5500	""osoba1""
""osoba1""		606.30005	606300	609.9	609900	4.5999756	4599	""osoba1""
""osoba1""		606.9	606900	609.9	609900	4.0	4000	""osoba1""
""osoba1""		609.60004	609600	609.9	609900	1.2999878	1299	""osoba1""
""osoba2""		609.9	609900	620.7	620700	11.799988	11799	""osoba2""
""osoba2""		611.4	611400	620.7	620700	10.299988	10299	""osoba2""
""osoba2""		612.30005	612300	620.7	620700	9.399963	9399	""osoba2""
""osoba1""		614.7	614700	615.0	615000	1.2999878	1299	""osoba1""
""osoba2""		615.9	615900	620.7	620700	5.799988	5799	""osoba2""
""osoba3""		618.0	618000	641.4	641400	24.400024	24400	""osoba3""
""osoba4""		618.9	618900	620.7	620700	2.7999878	2799	""osoba4""
""osoba3""		621.9	621900	641.4	641400	20.5	20500	""osoba3""
""osoba3""		623.10004	623100	641.4	641400	19.299988	19299	""osoba3""
""osoba3""		627.30005	627300	641.4	641400	15.099976	15099	""osoba3""
""osoba3""		628.80005	628800	641.4	641400	13.599976	13599	""osoba3""
""osoba3""		632.4	632400	641.4	641400	10.0	10000	""osoba3""
""osoba4""		633.60004	633600	633.60004	633600	1.0	1000	""osoba4""
""osoba3""		634.2	634200	641.4	641400	8.200012	8200	""osoba3""
""osoba2""		636.0	636000	636.0	636000	1.0	1000	""osoba2""
""osoba3""		636.9	636900	641.4	641400	5.5	5500	""osoba3""
""osoba3""		638.4	638400	641.4	641400	4.0	4000	""osoba3""
""osoba3""		640.5	640500	641.4	641400	1.9000244	1900	""osoba3""
""osoba4""		640.80005	640800	650.10004	650100	10.299988	10299	""osoba4""
""osoba4""		642.9	642900	650.10004	650100	8.200012	8200	""osoba4""
""osoba4""		645.0	645000	650.10004	650100	6.1000366	6100	""osoba4""
""osoba4""		646.5	646500	650.10004	650100	4.6000366	4600	""osoba4""
""osoba2""		649.80005	649800	655.5	655500	6.699951	6699	""osoba2""
""osoba2""		651.9	651900	655.5	655500	4.5999756	4599	""osoba2""
""osoba2""		652.80005	652800	655.5	655500	3.6999512	3699	""osoba2""
""osoba2""		653.4	653400	655.5	655500	3.0999756	3099	""osoba2""
""osoba3""		653.7	653700	682.80005	682800	30.100037	30100	""osoba3""
""osoba3""		656.7	656700	682.80005	682800	27.100037	27100	""osoba3""
""osoba3""		659.7	659700	682.80005	682800	24.100037	24100	""osoba3""
""osoba3""		661.80005	661800	682.80005	682800	22.0	22000	""osoba3""
""osoba3""		663.0	663000	682.80005	682800	20.800049	20800	""osoba3""
""osoba3""		663.9	663900	682.80005	682800	19.900024	19900	""osoba3""
""osoba3""		666.30005	666300	682.80005	682800	17.5	17500	""osoba3""
""osoba2""		666.60004	666600	668.10004	668100	2.5	2500	""osoba2""
""osoba3""		669.60004	669600	682.80005	682800	14.200012	14200	""osoba3""
""osoba4""		670.5	670500	672.30005	672300	2.8000488	2800	""osoba4""
""osoba3""		675.9	675900	682.80005	682800	7.9000244	7900	""osoba3""
""osoba3""		677.4	677400	682.80005	682800	6.4000244	6400	""osoba3""
""osoba3""		678.30005	678300	682.80005	682800	5.5	5500	""osoba3""
""osoba2""		678.60004	678600	694.2	694200	16.599976	16599	""osoba2""
""osoba2""		679.5	679500	694.2	694200	15.700012	15700	""osoba2""
""osoba2""		680.4	680400	694.2	694200	14.799988	14799	""osoba2""
""osoba3""		680.4	680400	682.80005	682800	3.4000244	3400	""osoba3""
""osoba2""		684.0	684000	694.2	694200	11.200012	11200	""osoba2""
""osoba4""		685.5	685500	687.30005	687300	2.8000488	2800	""osoba4""
""osoba2""		688.5	688500	694.2	694200	6.700012	6700	""osoba2""
""osoba2""		689.10004	689100	694.2	694200	6.0999756	6099	""osoba2""
""osoba2""		691.2	691200	694.2	694200	4.0	4000	""osoba2""
""osoba3""		693.9	693900	695.7	695700	2.7999878	2799	""osoba3""
""osoba4""		695.4	695400	718.5	718500	24.099976	24099	""osoba4""
""osoba4""		698.4	698400	718.5	718500	21.099976	21099	""osoba4""
""osoba4""		699.0	699000	718.5	718500	20.5	20500	""osoba4""
""osoba4""		700.2	700200	718.5	718500	19.299988	19299	""osoba4""
""osoba4""		700.80005	700800	718.5	718500	18.699951	18699	""osoba4""
""osoba4""		701.4	701400	718.5	718500	18.099976	18099	""osoba4""
""osoba4""		702.9	702900	718.5	718500	16.599976	16599	""osoba4""
""osoba4""		704.7	704700	718.5	718500	14.799988	14799	""osoba4""
""osoba4""		706.5	706500	718.5	718500	13.0	13000	""osoba4""
""osoba1""		707.4	707400	707.4	707400	1.0	1000	""osoba1""
""osoba4""		708.30005	708300	718.5	718500	11.199951	11199	""osoba4""
""osoba4""		712.80005	712800	718.5	718500	6.699951	6699	""osoba4""
""osoba4""		713.7	713700	718.5	718500	5.799988	5799	""osoba4""
""osoba4""		714.9	714900	718.5	718500	4.5999756	4599	""osoba4""
""osoba4""		717.30005	717300	718.5	718500	2.1999512	2199	""osoba4""
""osoba4""		717.9	717900	718.5	718500	1.5999756	1599	""osoba4""
""osoba2""		718.2	718200	721.80005	721800	4.6000366	4600	""osoba2""
""osoba4""		721.80005	721800	730.80005	730800	10.0	10000	""osoba4""
""osoba4""		723.30005	723300	730.80005	730800	8.5	8500	""osoba4""
""osoba4""		727.80005	727800	730.80005	730800	4.0	4000	""osoba4""
""osoba2""		728.4	728400	733.5	733500	6.0999756	6099	""osoba2""
""osoba4""		729.0	729000	730.80005	730800	2.8000488	2800	""osoba4""
""osoba2""		729.9	729900	733.5	733500	4.5999756	4599	""osoba2""
""osoba1""		730.2	730200	731.7	731700	2.5	2500	""osoba1""
""osoba3""		733.5	733500	738.60004	738600	6.1000366	6100	""osoba3""
""osoba3""		737.10004	737100	738.60004	738600	2.5	2500	""osoba3""
""osoba4""		737.10004	737100	738.0	738000	1.8999634	1899	""osoba4""
""osoba1""		738.0	738000	743.7	743700	6.700012	6700	""osoba1""
""osoba1""		741.9	741900	743.7	743700	2.7999878	2799	""osoba1""
""osoba1""		742.5	742500	743.7	743700	2.2000122	2200	""osoba1""
""osoba1""		743.10004	743100	743.7	743700	1.5999756	1599	""osoba1""
""osoba3""		743.10004	743100	743.10004	743100	1.0	1000	""osoba3""
""osoba4""		743.4	743400	754.80005	754800	12.400024	12400	""osoba4""
""osoba4""		744.9	744900	754.80005	754800	10.900024	10900	""osoba4""
""osoba4""		747.9	747900	754.80005	754800	7.9000244	7900	""osoba4""
""osoba4""		748.5	748500	754.80005	754800	7.300049	7300	""osoba4""
""osoba2""		749.7	749700	749.7	749700	1.0	1000	""osoba2""
""osoba4""		749.7	749700	754.80005	754800	6.1000366	6100	""osoba4""
""osoba1""		752.10004	752100	752.4	752400	1.2999878	1299	""osoba1""
""osoba4""		753.30005	753300	754.80005	754800	2.5	2500	""osoba4""
""osoba3""		754.2	754200	766.80005	766800	13.600037	13600	""osoba3""
""osoba4""		754.2	754200	754.80005	754800	1.6000366	1600	""osoba4""
""osoba3""		756.0	756000	766.80005	766800	11.800049	11800	""osoba3""
""osoba3""		757.2	757200	766.80005	766800	10.600037	10600	""osoba3""
""osoba3""		758.7	758700	766.80005	766800	9.100037	9100	""osoba3""
""osoba3""		762.9	762900	766.80005	766800	4.9000244	4900	""osoba3""
""osoba3""		763.5	763500	766.80005	766800	4.300049	4300	""osoba3""
""osoba1""		764.10004	764100	767.4	767400	4.299988	4299	""osoba1""
""osoba2""		768.0	768000	776.10004	776100	9.100037	9100	""osoba2""
""osoba2""		768.9	768900	776.10004	776100	8.200012	8200	""osoba2""
""osoba2""		771.30005	771300	776.10004	776100	5.799988	5799	""osoba2""
""osoba4""		771.30005	771300	771.60004	771600	1.2999878	1299	""osoba4""
""osoba2""		772.80005	772800	776.10004	776100	4.299988	4299	""osoba2""
""osoba1""		776.10004	776100	781.50006	781500	6.4000244	6400	""osoba1""
""osoba1""		778.80005	778800	781.50006	781500	3.7000122	3700	""osoba1""
""osoba4""		779.7	779700	784.80005	784800	6.1000366	6100	""osoba4""
""osoba3""		782.7	782700	790.80005	790800	9.100037	9100	""osoba3""
""osoba3""		784.50006	784500	790.80005	790800	7.299988	7299	""osoba3""
""osoba3""		787.80005	787800	790.80005	790800	4.0	4000	""osoba3""
""osoba4""		788.4	788400	789.30005	789300	1.9000244	1900	""osoba4""
""osoba1""		791.4	791400	791.7	791700	1.2999878	1299	""osoba1""
""osoba4""		791.4	791400	826.50006	826500	36.100037	36100	""osoba4""
""osoba4""		793.2	793200	826.50006	826500	34.30005	34300	""osoba4""
""osoba4""		793.80005	793800	826.50006	826500	33.700012	33700	""osoba4""
""osoba4""		794.7	794700	826.50006	826500	32.80005	32800	""osoba4""
""osoba4""		798.9	798900	826.50006	826500	28.600037	28600	""osoba4""
""osoba4""		800.7	800700	826.50006	826500	26.800049	26800	""osoba4""
""osoba4""		802.2	802200	826.50006	826500	25.300049	25300	""osoba4""
""osoba4""		803.10004	803100	826.50006	826500	24.400024	24400	""osoba4""
""osoba4""		804.9	804900	826.50006	826500	22.600037	22600	""osoba4""
""osoba4""		805.50006	805500	826.50006	826500	22.0	22000	""osoba4""
""osoba4""		807.00006	807000	826.50006	826500	20.5	20500	""osoba4""
""osoba1""		810.00006	810000	810.9	810900	1.8999634	1899	""osoba1""
""osoba4""		813.00006	813000	826.50006	826500	14.5	14500	""osoba4""
""osoba4""		813.60004	813600	826.50006	826500	13.900024	13900	""osoba4""
""osoba4""		816.9	816900	826.50006	826500	10.600037	10600	""osoba4""
""osoba4""		818.10004	818100	826.50006	826500	9.400024	9400	""osoba4""
""osoba4""		819.00006	819000	826.50006	826500	8.5	8500	""osoba4""
""osoba4""		821.7	821700	826.50006	826500	5.800049	5800	""osoba4""
""osoba2""		822.60004	822600	825.00006	825000	3.4000244	3400	""osoba2""
""osoba1""		825.9	825900	852.9	852900	28.0	28000	""osoba1""
""osoba3""		827.7	827700	828.00006	828000	1.3000488	1300	""osoba3""
""osoba1""		829.2	829200	852.9	852900	24.700012	24700	""osoba1""
""osoba1""		833.10004	833100	852.9	852900	20.799988	20799	""osoba1""
""osoba1""		834.00006	834000	852.9	852900	19.899963	19899	""osoba1""
""osoba1""		835.80005	835800	852.9	852900	18.099976	18099	""osoba1""
""osoba1""		838.2	838200	852.9	852900	15.700012	15700	""osoba1""
""osoba1""		838.80005	838800	852.9	852900	15.099976	15099	""osoba1""
""osoba1""		839.7	839700	852.9	852900	14.200012	14200	""osoba1""
""osoba1""		842.10004	842100	852.9	852900	11.799988	11799	""osoba1""
""osoba1""		843.30005	843300	852.9	852900	10.599976	10599	""osoba1""
""osoba1""		844.2	844200	852.9	852900	9.700012	9700	""osoba1""
""osoba1""		847.50006	847500	852.9	852900	6.3999634	6399	""osoba1""
""osoba3""		849.00006	849000	849.00006	849000	1.0	1000	""osoba3""
""osoba1""		849.60004	849600	852.9	852900	4.299988	4299	""osoba1""
""osoba1""		851.10004	851100	852.9	852900	2.7999878	2799	""osoba1""
""osoba2""		852.9	852900	864.9	864900	13.0	13000	""osoba2""
""osoba2""		855.00006	855000	864.9	864900	10.899963	10899	""osoba2""
""osoba2""		859.50006	859500	864.9	864900	6.3999634	6399	""osoba2""
""osoba3""		863.7	863700	872.4	872400	9.700012	9700	""osoba3""
""osoba4""		867.30005	867300	867.9	867900	1.5999756	1599	""osoba4""
""osoba3""		869.10004	869100	872.4	872400	4.299988	4299	""osoba3""
""osoba3""		871.50006	871500	872.4	872400	1.8999634	1899	""osoba3""
""osoba1""		872.7	872700	873.00006	873000	1.3000488	1300	""osoba1""
""osoba3""		874.50006	874500	877.2	877200	3.6999512	3699	""osoba3""
""osoba3""		876.00006	876000	877.2	877200	2.1999512	2199	""osoba3""
""osoba2""		876.9	876900	882.30005	882300	6.4000244	6400	""osoba2""
""osoba2""		881.10004	881100	882.30005	882300	2.2000122	2200	""osoba2""
""osoba3""		882.30005	882300	898.80005	898800	17.5	17500	""osoba3""
""osoba3""		883.50006	883500	898.80005	898800	16.299988	16299	""osoba3""
""osoba2""		884.7	884700	885.9	885900	2.2000122	2200	""osoba2""
""osoba4""		885.00006	885000	886.2	886200	2.1999512	2199	""osoba4""
""osoba3""		887.7	887700	898.80005	898800	12.100037	12100	""osoba3""
""osoba3""		889.50006	889500	898.80005	898800	10.299988	10299	""osoba3""
""osoba3""		890.10004	890100	898.80005	898800	9.700012	9700	""osoba3""
""osoba3""		891.00006	891000	898.80005	898800	8.799988	8799	""osoba3""
""osoba3""		897.9	897900	898.80005	898800	1.9000244	1900	""osoba3""
""osoba4""		898.2	898200	905.10004	905100	7.9000244	7900	""osoba4""
""osoba1""		900.9	900900	910.50006	910500	10.600037	10600	""osoba1""
""osoba1""		903.00006	903000	910.50006	910500	8.5	8500	""osoba1""
""osoba1""		903.60004	903600	910.50006	910500	7.9000244	7900	""osoba1""
""osoba4""		903.60004	903600	905.10004	905100	2.5	2500	""osoba4""
""osoba1""		906.60004	906600	910.50006	910500	4.9000244	4900	""osoba1""
""osoba2""		910.2	910200	933.30005	933300	24.100037	24100	""osoba2""
""osoba2""		915.30005	915300	933.30005	933300	19.0	19000	""osoba2""
""osoba1""		915.9	915900	916.80005	916800	1.9000244	1900	""osoba1""
""osoba2""		918.30005	918300	933.30005	933300	16.0	16000	""osoba2""
""osoba4""		921.30005	921300	923.4	923400	3.0999756	3099	""osoba4""
""osoba2""		925.2	925200	933.30005	933300	9.100037	9100	""osoba2""
""osoba2""		925.80005	925800	933.30005	933300	8.5	8500	""osoba2""
""osoba2""		929.10004	929100	933.30005	933300	5.200012	5200	""osoba2""
""osoba4""		933.30005	933300	936.60004	936600	4.299988	4299	""osoba4""
""osoba3""		935.7	935700	951.30005	951300	16.600037	16600	""osoba3""
""osoba2""		936.00006	936000	936.30005	936300	1.2999878	1299	""osoba2""
""osoba1""		937.50006	937500	937.80005	937800	1.2999878	1299	""osoba1""
""osoba3""		937.80005	937800	951.30005	951300	14.5	14500	""osoba3""
""osoba3""		939.60004	939600	951.30005	951300	12.700012	12700	""osoba3""
""osoba3""		940.50006	940500	951.30005	951300	11.799988	11799	""osoba3""
""osoba3""		942.30005	942300	951.30005	951300	10.0	10000	""osoba3""
""osoba3""		943.80005	943800	951.30005	951300	8.5	8500	""osoba3""
""osoba3""		945.60004	945600	951.30005	951300	6.700012	6700	""osoba3""
""osoba3""		948.00006	948000	951.30005	951300	4.299988	4299	""osoba3""
""osoba2""		948.9	948900	954.00006	954000	6.1000366	6100	""osoba2""
""osoba3""		950.10004	950100	951.30005	951300	2.2000122	2200	""osoba3""
""osoba3""		954.60004	954600	958.2	958200	4.5999756	4599	""osoba3""
""osoba2""		956.7	956700	976.2	976200	20.5	20500	""osoba2""
""osoba2""		958.80005	958800	976.2	976200	18.399963	18399	""osoba2""
""osoba3""		961.50006	961500	961.80005	961800	1.2999878	1299	""osoba3""
""osoba2""		963.30005	963300	976.2	976200	13.899963	13899	""osoba2""
""osoba2""		963.9	963900	976.2	976200	13.299988	13299	""osoba2""
""osoba4""		965.10004	965100	965.10004	965100	1.0	1000	""osoba4""
""osoba2""		965.7	965700	976.2	976200	11.5	11500	""osoba2""
""osoba3""		966.9	966900	967.50006	967500	1.6000366	1600	""osoba3""
""osoba2""		967.2	967200	976.2	976200	10.0	10000	""osoba2""
""osoba2""		968.4	968400	976.2	976200	8.799988	8799	""osoba2""
""osoba4""		969.60004	969600	970.80005	970800	2.2000122	2200	""osoba4""
""osoba2""		973.2	973200	976.2	976200	4.0	4000	""osoba2""
""osoba1""		974.10004	974100	981.30005	981300	8.200012	8200	""osoba1""
""osoba1""		978.30005	978300	981.30005	981300	4.0	4000	""osoba1""
""osoba1""		979.2	979200	981.30005	981300	3.1000366	3100	""osoba1""
""osoba4""		980.4	980400	990.60004	990600	11.200012	11200	""osoba4""
""osoba3""		983.4	983400	984.30005	984300	1.9000244	1900	""osoba3""
""osoba4""		985.80005	985800	990.60004	990600	5.799988	5799	""osoba4""
""osoba2""		987.30005	987300	989.10004	989100	2.7999878	2799	""osoba2""
""osoba4""		987.30005	987300	990.60004	990600	4.299988	4299	""osoba4""
""osoba3""		988.50006	988500	1036.2001	1036200	48.700012	48700	""osoba3""
""osoba4""		988.80005	988800	990.60004	990600	2.7999878	2799	""osoba4""
""osoba3""		992.7	992700	1036.2001	1036200	44.50006	44500	""osoba3""
""osoba3""		994.50006	994500	1036.2001	1036200	42.700012	42700	""osoba3""
""osoba4""		996.60004	996600	996.60004	996600	1.0	1000	""osoba4""
""osoba3""		997.80005	997800	1036.2001	1036200	39.400024	39400	""osoba3""
""osoba3""		999.00006	999000	1036.2001	1036200	38.200012	38200	""osoba3""
""osoba4""		1001.4	1001400	1002.30005	1002300	1.9000244	1900	""osoba4""
""osoba3""		1001.7	1001700	1036.2001	1036200	35.50006	35500	""osoba3""
""osoba3""		1005.9	1005900	1036.2001	1036200	31.300049	31300	""osoba3""
""osoba3""		1008.30005	1008300	1036.2001	1036200	28.900024	28900	""osoba3""
""osoba3""		1010.10004	1010100	1036.2001	1036200	27.100037	27100	""osoba3""
""osoba2""		1010.7	1010700	1015.2	1015200	5.5	5500	""osoba2""
""osoba3""		1011.00006	1011000	1036.2001	1036200	26.200012	26200	""osoba3""
""osoba3""		1011.9	1011900	1036.2001	1036200	25.300049	25300	""osoba3""
""osoba3""		1013.7	1013700	1036.2001	1036200	23.500061	23500	""osoba3""
""osoba3""		1017.00006	1017000	1036.2001	1036200	20.200012	20200	""osoba3""
""osoba4""		1017.60004	1017600	1021.50006	1021500	4.9000244	4900	""osoba4""
""osoba4""		1019.4	1019400	1021.50006	1021500	3.1000366	3100	""osoba4""
""osoba3""		1021.2	1021200	1036.2001	1036200	16.000061	16000	""osoba3""
""osoba4""		1021.50006	1021500	1021.50006	1021500	1.0	1000	""osoba4""
""osoba3""		1023.00006	1023000	1036.2001	1036200	14.200012	14200	""osoba3""
""osoba3""		1025.4	1025400	1036.2001	1036200	11.800049	11800	""osoba3""
""osoba3""		1026.0	1026000	1036.2001	1036200	11.200073	11200	""osoba3""
""osoba3""		1026.9	1026900	1036.2001	1036200	10.300049	10300	""osoba3""
""osoba4""		1028.1001	1028100	1028.1001	1028100	1.0	1000	""osoba4""
""osoba2""		1029.9	1029900	1029.9	1029900	1.0	1000	""osoba2""
""osoba3""		1030.2001	1030200	1036.2001	1036200	7.0	7000	""osoba3""
""osoba3""		1032.9	1032900	1036.2001	1036200	4.300049	4300	""osoba3""
""osoba3""		1035.3	1035300	1036.2001	1036200	1.9000244	1900	""osoba3""
""osoba2""		1035.9	1035900	1038.3	1038300	3.4000244	3400	""osoba2""
""osoba3""		1036.2001	1036200	1036.2001	1036200	1.0	1000	""osoba3""
""osoba2""		1037.1001	1037100	1038.3	1038300	2.1999512	2199	""osoba2""
""osoba4""		1037.1001	1037100	1042.2001	1042200	6.0999756	6099	""osoba4""
""osoba4""		1039.5	1039500	1042.2001	1042200	3.7000732	3700	""osoba4""
""osoba3""		1041.9	1041900	1056.3	1056300	15.400024	15400	""osoba3""
""osoba4""		1041.9	1041900	1042.2001	1042200	1.3000488	1300	""osoba4""
""osoba2""		1042.2001	1042200	1045.2001	1045200	4.0	4000	""osoba2""
""osoba4""		1044.3	1044300	1045.2001	1045200	1.9000244	1900	""osoba4""
""osoba2""		1044.9	1044900	1045.2001	1045200	1.3000488	1300	""osoba2""
""osoba3""		1048.8	1048800	1056.3	1056300	8.5	8500	""osoba3""
""osoba3""		1050.6001	1050600	1056.3	1056300	6.699951	6699	""osoba3""
""osoba3""		1051.2001	1051200	1056.3	1056300	6.0999756	6099	""osoba3""
""osoba3""		1055.4	1055400	1056.3	1056300	1.9000244	1900	""osoba3""
""osoba1""		1056.3	1056300	1067.1001	1067100	11.800049	11800	""osoba1""
""osoba3""		1056.3	1056300	1056.3	1056300	1.0	1000	""osoba3""
""osoba1""		1058.7001	1058700	1067.1001	1067100	9.400024	9400	""osoba1""
""osoba1""		1059.6001	1059600	1067.1001	1067100	8.5	8500	""osoba1""
""osoba1""		1061.4	1061400	1067.1001	1067100	6.7000732	6700	""osoba1""
""osoba1""		1063.2001	1063200	1067.1001	1067100	4.9000244	4900	""osoba1""
""osoba1""		1065.0	1065000	1067.1001	1067100	3.1000977	3100	""osoba1""
""osoba1""		1065.6001	1065600	1067.1001	1067100	2.5	2500	""osoba1""
""osoba4""		1067.4	1067400	1081.2001	1081200	14.800049	14800	""osoba4""
""osoba1""		1069.2001	1069200	1070.1001	1070100	1.9000244	1900	""osoba1""
""osoba4""		1070.4	1070400	1081.2001	1081200	11.800049	11800	""osoba4""
""osoba4""		1071.0	1071000	1081.2001	1081200	11.200073	11200	""osoba4""
""osoba4""		1072.8	1072800	1081.2001	1081200	9.400024	9400	""osoba4""
""osoba4""		1073.4	1073400	1081.2001	1081200	8.800049	8800	""osoba4""
""osoba4""		1074.3	1074300	1081.2001	1081200	7.9000244	7900	""osoba4""
""osoba4""		1074.9	1074900	1081.2001	1081200	7.300049	7300	""osoba4""
""osoba4""		1075.8	1075800	1081.2001	1081200	6.4000244	6400	""osoba4""
""osoba2""		1076.1001	1076100	1077.0	1077000	1.8999023	1899	""osoba2""
""osoba4""		1078.5	1078500	1081.2001	1081200	3.7000732	3700	""osoba4""
""osoba3""		1080.9	1080900	1081.2001	1081200	1.3000488	1300	""osoba3""
""osoba2""		1081.5	1081500	1100.4	1100400	19.900024	19900	""osoba2""
""osoba2""		1083.0	1083000	1100.4	1100400	18.400024	18400	""osoba2""
""osoba2""		1085.1001	1085100	1100.4	1100400	16.299927	16299	""osoba2""
""osoba2""		1087.8	1087800	1100.4	1100400	13.599976	13599	""osoba2""
""osoba2""		1090.8	1090800	1100.4	1100400	10.599976	10599	""osoba2""
""osoba2""		1093.8	1093800	1100.4	1100400	7.5999756	7599	""osoba2""
""osoba2""		1097.7001	1097700	1100.4	1100400	3.6999512	3699	""osoba2""
""osoba1""		1098.0	1098000	1107.3	1107300	10.300049	10300	""osoba1""
""osoba1""		1098.9	1098900	1107.3	1107300	9.400024	9400	""osoba1""
""osoba2""		1099.5	1099500	1100.4	1100400	1.9000244	1900	""osoba2""
""osoba3""		1101.3	1101300	1101.3	1101300	1.0	1000	""osoba3""
""osoba1""		1101.9	1101900	1107.3	1107300	6.4000244	6400	""osoba1""
""osoba1""		1102.5	1102500	1107.3	1107300	5.800049	5800	""osoba1""
""osoba4""		1103.7001	1103700	1120.5	1120500	17.799927	17799	""osoba4""
""osoba3""		1105.5	1105500	1106.4	1106400	1.9000244	1900	""osoba3""
""osoba2""		1105.8	1105800	1107.3	1107300	2.5	2500	""osoba2""
""osoba1""		1106.1001	1106100	1107.3	1107300	2.1999512	2199	""osoba1""
""osoba4""		1108.5	1108500	1120.5	1120500	13.0	13000	""osoba4""
""osoba4""		1109.4	1109400	1120.5	1120500	12.099976	12099	""osoba4""
""osoba4""		1110.3	1110300	1120.5	1120500	11.199951	11199	""osoba4""
""osoba4""		1113.0	1113000	1120.5	1120500	8.5	8500	""osoba4""
""osoba4""		1113.9	1113900	1120.5	1120500	7.5999756	7599	""osoba4""
""osoba4""		1120.2001	1120200	1120.5	1120500	1.2999268	1299	""osoba4""
""osoba2""		1120.8	1120800	1124.4	1124400	4.5999756	4599	""osoba2""
""osoba2""		1123.8	1123800	1124.4	1124400	1.5999756	1599	""osoba2""
""osoba4""		1124.7001	1124700	1142.1001	1142100	18.400024	18400	""osoba4""
""osoba4""		1126.2001	1126200	1142.1001	1142100	16.900024	16900	""osoba4""
""osoba4""		1130.4	1130400	1142.1001	1142100	12.700073	12700	""osoba4""
""osoba4""		1131.3	1131300	1142.1001	1142100	11.800049	11800	""osoba4""
""osoba4""		1132.2001	1132200	1142.1001	1142100	10.900024	10900	""osoba4""
""osoba2""		1133.4	1133400	1133.7001	1133700	1.3000488	1300	""osoba2""
""osoba4""		1133.4	1133400	1142.1001	1142100	9.700073	9700	""osoba4""
""osoba4""		1135.8	1135800	1142.1001	1142100	7.300049	7300	""osoba4""
""osoba4""		1136.7001	1136700	1142.1001	1142100	6.4000244	6400	""osoba4""
""osoba4""		1137.9	1137900	1142.1001	1142100	5.2000732	5200	""osoba4""
""osoba4""		1140.0	1140000	1142.1001	1142100	3.1000977	3100	""osoba4""
""osoba4""		1140.6001	1140600	1142.1001	1142100	2.5	2500	""osoba4""
""osoba4""		1141.5	1141500	1142.1001	1142100	1.6000977	1600	""osoba4""
""osoba2""		1142.4	1142400	1149.0	1149000	7.5999756	7599	""osoba2""
""osoba2""		1144.5	1144500	1149.0	1149000	5.5	5500	""osoba2""
""osoba2""		1145.4	1145400	1149.0	1149000	4.5999756	4599	""osoba2""
""osoba1""		1148.4	1148400	1157.1001	1157100	9.700073	9700	""osoba1""
""osoba1""		1150.2001	1150200	1157.1001	1157100	7.9000244	7900	""osoba1""
""osoba1""		1152.3	1152300	1157.1001	1157100	5.800049	5800	""osoba1""
""osoba4""		1153.5	1153500	1154.1001	1154100	1.6000977	1600	""osoba4""
""osoba4""		1156.2001	1156200	1156.2001	1156200	1.0	1000	""osoba4""
""osoba2""		1157.7001	1157700	1187.4	1187400	30.699951	30699	""osoba2""
""osoba2""		1158.3	1158300	1187.4	1187400	30.099976	30099	""osoba2""
""osoba2""		1158.9	1158900	1187.4	1187400	29.5	29500	""osoba2""
""osoba4""		1160.1001	1160100	1160.4	1160400	1.2999268	1299	""osoba4""
""osoba2""		1163.4	1163400	1187.4	1187400	25.0	25000	""osoba2""
""osoba3""		1163.4	1163400	1164.6001	1164600	2.2000732	2200	""osoba3""
""osoba2""		1166.7001	1166700	1187.4	1187400	21.699951	21699	""osoba2""
""osoba2""		1167.9	1167900	1187.4	1187400	20.5	20500	""osoba2""
""osoba1""		1168.2001	1168200	1168.2001	1168200	1.0	1000	""osoba1""
""osoba2""		1168.8	1168800	1187.4	1187400	19.599976	19599	""osoba2""
""osoba2""		1170.0	1170000	1187.4	1187400	18.400024	18400	""osoba2""
""osoba2""		1171.2001	1171200	1187.4	1187400	17.199951	17199	""osoba2""
""osoba4""		1172.1001	1172100	1177.5	1177500	6.3999023	6399	""osoba4""
""osoba2""		1172.7001	1172700	1187.4	1187400	15.699951	15699	""osoba2""
""osoba4""		1176.0	1176000	1177.5	1177500	2.5	2500	""osoba4""
""osoba2""		1176.9	1176900	1187.4	1187400	11.5	11500	""osoba2""
""osoba4""		1176.9	1176900	1177.5	1177500	1.5999756	1599	""osoba4""
""osoba2""		1178.4	1178400	1187.4	1187400	10.0	10000	""osoba2""
""osoba2""		1182.0	1182000	1187.4	1187400	6.4000244	6400	""osoba2""
""osoba2""		1183.5	1183500	1187.4	1187400	4.9000244	4900	""osoba2""
""osoba2""		1184.4	1184400	1187.4	1187400	4.0	4000	""osoba2""
""osoba2""		1185.3	1185300	1187.4	1187400	3.0999756	3099	""osoba2""
""osoba2""		1186.8	1186800	1187.4	1187400	1.5999756	1599	""osoba2""
""osoba1""		1187.1001	1187100	1198.8	1198800	12.699951	12699	""osoba1""
""osoba1""		1188.9	1188900	1198.8	1198800	10.900024	10900	""osoba1""
""osoba1""		1191.3	1191300	1198.8	1198800	8.5	8500	""osoba1""
""osoba1""		1192.2001	1192200	1198.8	1198800	7.5999756	7599	""osoba1""
""osoba2""		1193.1001	1193100	1193.7001	1193700	1.5999756	1599	""osoba2""
""osoba1""		1195.2001	1195200	1198.8	1198800	4.5999756	4599	""osoba1""
""osoba1""		1197.6001	1197600	1198.8	1198800	2.1999512	2199	""osoba1""
""osoba2""		1199.1001	1199100	1202.1001	1202100	4.0	4000	""osoba2""
""osoba2""		1199.7001	1199700	1202.1001	1202100	3.4000244	3400	""osoba2""
""osoba2""		1200.3	1200300	1202.1001	1202100	2.8000488	2800	""osoba2""
""osoba4""		1201.5	1201500	1210.8	1210800	10.300049	10300	""osoba4""
""osoba4""		1205.4	1205400	1210.8	1210800	6.4000244	6400	""osoba4""
""osoba4""		1206.0	1206000	1210.8	1210800	5.800049	5800	""osoba4""
""osoba4""		1208.7001	1208700	1210.8	1210800	3.0999756	3099	""osoba4""
""osoba1""		1209.9	1209900	1221.9	1221900	13.0	13000	""osoba1""
""osoba4""		1210.2001	1210200	1210.8	1210800	1.5999756	1599	""osoba4""
""osoba1""		1212.6001	1212600	1221.9	1221900	10.299927	10299	""osoba1""
""osoba3""		1213.5	1213500	1214.7001	1214700	2.2000732	2200	""osoba3""
""osoba2""		1214.7001	1214700	1215.9	1215900	2.1999512	2199	""osoba2""
""osoba1""		1217.4	1217400	1221.9	1221900	5.5	5500	""osoba1""
""osoba4""		1219.2001	1219200	1220.7001	1220700	2.5	2500	""osoba4""
""osoba3""		1222.5	1222500	1224.0	1224000	2.5	2500	""osoba3""
""osoba1""		1224.0	1224000	1246.5	1246500	23.5	23500	""osoba1""
""osoba3""		1224.0	1224000	1224.0	1224000	1.0	1000	""osoba3""
""osoba1""		1226.7001	1226700	1246.5	1246500	20.799927	20799	""osoba1""
""osoba1""		1227.6001	1227600	1246.5	1246500	19.899902	19899	""osoba1""
""osoba1""		1229.4	1229400	1246.5	1246500	18.099976	18099	""osoba1""
""osoba1""		1230.0	1230000	1246.5	1246500	17.5	17500	""osoba1""
""osoba3""		1233.6001	1233600	1234.2001	1234200	1.5999756	1599	""osoba3""
""osoba1""		1238.4	1238400	1246.5	1246500	9.099976	9099	""osoba1""
""osoba3""		1238.7001	1238700	1239.0	1239000	1.2999268	1299	""osoba3""
""osoba1""		1240.5	1240500	1246.5	1246500	7.0	7000	""osoba1""
""osoba1""		1242.9	1242900	1246.5	1246500	4.5999756	4599	""osoba1""
""osoba1""		1244.1001	1244100	1246.5	1246500	3.3999023	3399	""osoba1""
""osoba1""		1245.6001	1245600	1246.5	1246500	1.8999023	1899	""osoba1""
""osoba3""		1245.9	1245900	1257.0	1257000	12.099976	12099	""osoba3""
""osoba3""		1247.7001	1247700	1257.0	1257000	10.299927	10299	""osoba3""
""osoba3""		1248.9	1248900	1257.0	1257000	9.099976	9099	""osoba3""
""osoba3""		1250.4	1250400	1257.0	1257000	7.5999756	7599	""osoba3""
""osoba3""		1251.9	1251900	1257.0	1257000	6.0999756	6099	""osoba3""
""osoba3""		1254.0	1254000	1257.0	1257000	4.0	4000	""osoba3""
""osoba3""		1255.5	1255500	1257.0	1257000	2.5	2500	""osoba3""
""osoba4""		1257.3	1257300	1290.9	1290900	34.599976	34599	""osoba4""
""osoba4""		1258.8	1258800	1290.9	1290900	33.099976	33099	""osoba4""
""osoba4""		1260.0	1260000	1290.9	1290900	31.900024	31900	""osoba4""
""osoba2""		1260.3	1260300	1260.3	1260300	1.0	1000	""osoba2""
""osoba1""		1260.6001	1260600	1260.6001	1260600	1.0	1000	""osoba1""
""osoba4""		1260.6001	1260600	1290.9	1290900	31.299927	31299	""osoba4""
""osoba4""		1261.5	1261500	1290.9	1290900	30.400024	30400	""osoba4""
""osoba3""		1261.8	1261800	1261.8	1261800	1.0	1000	""osoba3""
""osoba4""		1263.0	1263000	1290.9	1290900	28.900024	28900	""osoba4""
""osoba4""		1264.8	1264800	1290.9	1290900	27.099976	27099	""osoba4""
""osoba2""		1267.2001	1267200	1267.5	1267500	1.2999268	1299	""osoba2""
""osoba4""		1270.5	1270500	1290.9	1290900	21.400024	21400	""osoba4""
""osoba4""		1271.1001	1271100	1290.9	1290900	20.799927	20799	""osoba4""
""osoba4""		1272.3	1272300	1290.9	1290900	19.599976	19599	""osoba4""
""osoba4""		1273.2001	1273200	1290.9	1290900	18.699951	18699	""osoba4""
""osoba2""		1274.4	1274400	1274.4	1274400	1.0	1000	""osoba2""
""osoba4""		1274.4	1274400	1290.9	1290900	17.5	17500	""osoba4""
""osoba1""		1276.2001	1276200	1276.8	1276800	1.5999756	1599	""osoba1""
""osoba4""		1278.0	1278000	1290.9	1290900	13.900024	13900	""osoba4""
""osoba4""		1278.6001	1278600	1290.9	1290900	13.299927	13299	""osoba4""
""osoba4""		1279.5	1279500	1290.9	1290900	12.400024	12400	""osoba4""
""osoba4""		1280.1001	1280100	1290.9	1290900	11.799927	11799	""osoba4""
""osoba2""		1281.3	1281300	1281.6001	1281600	1.3000488	1300	""osoba2""
""osoba3""		1281.9	1281900	1283.1001	1283100	2.2000732	2200	""osoba3""
""osoba4""		1283.1001	1283100	1290.9	1290900	8.799927	8799	""osoba4""
""osoba3""		1285.5	1285500	1285.8	1285800	1.3000488	1300	""osoba3""
""osoba4""		1289.7001	1289700	1290.9	1290900	2.1999512	2199	""osoba4""
""osoba2""		1290.0	1290000	1291.2001	1291200	2.2000732	2200	""osoba2""
""osoba3""		1291.5	1291500	1310.1001	1310100	19.600098	19600	""osoba3""
""osoba3""		1293.0	1293000	1310.1001	1310100	18.100098	18100	""osoba3""
""osoba3""		1294.8	1294800	1310.1001	1310100	16.300049	16300	""osoba3""
""osoba3""		1295.4	1295400	1310.1001	1310100	15.700073	15700	""osoba3""
""osoba2""		1296.0	1296000	1297.2001	1297200	2.2000732	2200	""osoba2""
""osoba3""		1298.4	1298400	1310.1001	1310100	12.700073	12700	""osoba3""
""osoba3""		1299.6001	1299600	1310.1001	1310100	11.5	11500	""osoba3""
""osoba3""		1301.1001	1301100	1310.1001	1310100	10.0	10000	""osoba3""
""osoba4""		1303.2001	1303200	1305.9	1305900	3.6999512	3699	""osoba4""
""osoba3""		1304.4	1304400	1310.1001	1310100	6.7000732	6700	""osoba3""
""osoba2""		1309.5	1309500	1316.7001	1316700	8.200073	8200	""osoba2""
""osoba4""		1312.5	1312500	1314.9	1314900	3.4000244	3400	""osoba4""
""osoba3""		1314.3	1314300	1317.6001	1317600	4.300049	4300	""osoba3""
""osoba1""		1315.5	1315500	1329.9	1329900	15.400024	15400	""osoba1""
""osoba1""		1319.4	1319400	1329.9	1329900	11.5	11500	""osoba1""
""osoba1""		1323.6001	1323600	1329.9	1329900	7.2999268	7299	""osoba1""
""osoba4""		1323.9	1323900	1323.9	1323900	1.0	1000	""osoba4""
""osoba1""		1325.4	1325400	1329.9	1329900	5.5	5500	""osoba1""
""osoba1""		1327.5	1327500	1329.9	1329900	3.4000244	3400	""osoba1""
""osoba3""		1327.5	1327500	1333.2001	1333200	6.7000732	6700	""osoba3""
""osoba4""		1330.5	1330500	1332.3	1332300	2.8000488	2800	""osoba4""
""osoba3""		1332.0	1332000	1333.2001	1333200	2.2000732	2200	""osoba3""
""osoba4""		1332.0	1332000	1332.3	1332300	1.3000488	1300	""osoba4""
""osoba1""		1332.3	1332300	1335.0	1335000	3.6999512	3699	""osoba1""
""osoba3""		1332.6001	1332600	1333.2001	1333200	1.5999756	1599	""osoba3""
""osoba1""		1334.4	1334400	1335.0	1335000	1.5999756	1599	""osoba1""
""osoba1""		1335.0	1335000	1335.0	1335000	1.0	1000	""osoba1""
""osoba2""		1335.6001	1335600	1337.1001	1337100	2.5	2500	""osoba2""
""osoba1""		1337.4	1337400	1337.4	1337400	1.0	1000	""osoba1""
""osoba3""		1337.4	1337400	1350.9	1350900	14.5	14500	""osoba3""
""osoba3""		1340.7001	1340700	1350.9	1350900	11.199951	11199	""osoba3""
""osoba3""		1342.2001	1342200	1350.9	1350900	9.699951	9699	""osoba3""
""osoba3""		1344.9	1344900	1350.9	1350900	7.0	7000	""osoba3""
""osoba3""		1345.5	1345500	1350.9	1350900	6.4000244	6400	""osoba3""
""osoba2""		1347.9	1347900	1347.9	1347900	1.0	1000	""osoba2""
""osoba3""		1349.4	1349400	1350.9	1350900	2.5	2500	""osoba3""
""osoba2""		1350.0	1350000	1352.7001	1352700	3.7000732	3700	""osoba2""
""osoba2""		1351.8	1351800	1352.7001	1352700	1.9000244	1900	""osoba2""
""osoba1""		1352.1001	1352100	1359.3	1359300	8.199951	8199	""osoba1""
""osoba3""		1354.5	1354500	1356.6001	1356600	3.1000977	3100	""osoba3""
""osoba3""		1356.0	1356000	1356.6001	1356600	1.6000977	1600	""osoba3""
""osoba1""		1356.3	1356300	1359.3	1359300	4.0	4000	""osoba1""
""osoba4""		1358.1001	1358100	1358.4	1358400	1.2999268	1299	""osoba4""
""osoba3""		1358.7001	1358700	1361.7001	1361700	4.0	4000	""osoba3""
""osoba2""		1359.3	1359300	1363.2001	1363200	4.9000244	4900	""osoba2""
""osoba4""		1361.1001	1361100	1371.0	1371000	10.899902	10899	""osoba4""
""osoba4""		1364.1001	1364100	1371.0	1371000	7.8999023	7899	""osoba4""
""osoba4""		1365.3	1365300	1371.0	1371000	6.699951	6699	""osoba4""
""osoba4""		1369.2001	1369200	1371.0	1371000	2.7999268	2799	""osoba4""
""osoba2""		1370.1001	1370100	1371.9	1371900	2.7999268	2799	""osoba2""
""osoba4""		1370.1001	1370100	1371.0	1371000	1.8999023	1899	""osoba4""
""osoba3""		1371.6001	1371600	1373.7001	1373700	3.0999756	3099	""osoba3""
""osoba1""		1372.5	1372500	1377.3	1377300	5.800049	5800	""osoba1""
""osoba1""		1376.1001	1376100	1377.3	1377300	2.1999512	2199	""osoba1""
""osoba4""		1377.0	1377000	1383.0	1383000	7.0	7000	""osoba4""
""osoba1""		1377.3	1377300	1377.3	1377300	1.0	1000	""osoba1""
""osoba4""		1379.4	1379400	1383.0	1383000	4.5999756	4599	""osoba4""
""osoba3""		1379.7001	1379700	1380.6001	1380600	1.9000244	1900	""osoba3""
""osoba4""		1380.0	1380000	1383.0	1383000	4.0	4000	""osoba4""
""osoba4""		1381.5	1381500	1383.0	1383000	2.5	2500	""osoba4""
""osoba2""		1382.7001	1382700	1409.7001	1409700	28.0	28000	""osoba2""
""osoba4""		1383.0	1383000	1383.0	1383000	1.0	1000	""osoba4""
""osoba2""		1385.4	1385400	1409.7001	1409700	25.300049	25300	""osoba2""
""osoba2""		1386.6001	1386600	1409.7001	1409700	24.099976	24099	""osoba2""
""osoba3""		1387.5	1387500	1387.5	1387500	1.0	1000	""osoba3""
""osoba2""		1389.9	1389900	1409.7001	1409700	20.800049	20800	""osoba2""
""osoba3""		1390.2001	1390200	1393.8	1393800	4.5999756	4599	""osoba3""
""osoba4""		1393.8	1393800	1396.8	1396800	4.0	4000	""osoba4""
""osoba2""		1395.3	1395300	1409.7001	1409700	15.400024	15400	""osoba2""
""osoba2""		1396.2001	1396200	1409.7001	1409700	14.5	14500	""osoba2""
""osoba4""		1396.2001	1396200	1396.8	1396800	1.5999756	1599	""osoba4""
""osoba2""		1402.8	1402800	1409.7001	1409700	7.9000244	7900	""osoba2""
""osoba2""		1403.7001	1403700	1409.7001	1409700	7.0	7000	""osoba2""
""osoba2""		1404.9	1404900	1409.7001	1409700	5.800049	5800	""osoba2""
""osoba2""		1405.8	1405800	1409.7001	1409700	4.9000244	4900	""osoba2""
""osoba4""		1406.4	1406400	1415.4	1415400	10.0	10000	""osoba4""
""osoba2""		1407.3	1407300	1409.7001	1409700	3.4000244	3400	""osoba2""
""osoba4""		1407.3	1407300	1415.4	1415400	9.099976	9099	""osoba4""
""osoba2""		1408.8	1408800	1409.7001	1409700	1.9000244	1900	""osoba2""
""osoba4""		1408.8	1408800	1415.4	1415400	7.5999756	7599	""osoba4""
""osoba2""		1412.4	1412400	1413.0	1413000	1.5999756	1599	""osoba2""
""osoba4""		1412.4	1412400	1415.4	1415400	4.0	4000	""osoba4""
""osoba4""		1413.9	1413900	1415.4	1415400	2.5	2500	""osoba4""
""osoba4""		1414.8	1414800	1415.4	1415400	1.5999756	1599	""osoba4""
""osoba1""		1415.4	1415400	1431.0	1431000	16.599976	16599	""osoba1""
""osoba1""		1416.9	1416900	1431.0	1431000	15.099976	15099	""osoba1""
""osoba1""		1418.1001	1418100	1431.0	1431000	13.899902	13899	""osoba1""
""osoba4""		1419.0	1419000	1419.0	1419000	1.0	1000	""osoba4""
""osoba1""		1419.9	1419900	1431.0	1431000	12.099976	12099	""osoba1""
""osoba1""		1425.6001	1425600	1431.0	1431000	6.3999023	6399	""osoba1""
""osoba1""		1427.1001	1427100	1431.0	1431000	4.8999023	4899	""osoba1""
""osoba2""		1428.3	1428300	1428.6001	1428600	1.3000488	1300	""osoba2""
""osoba3""		1429.8	1429800	1434.3	1434300	5.5	5500	""osoba3""
""osoba1""		1433.4	1433400	1434.3	1434300	1.9000244	1900	""osoba1""
""osoba1""		1436.4	1436400	1442.4	1442400	7.0	7000	""osoba1""
""osoba1""		1437.3	1437300	1442.4	1442400	6.0999756	6099	""osoba1""
""osoba1""		1438.5	1438500	1442.4	1442400	4.9000244	4900	""osoba1""
""osoba3""		1440.0	1440000	1440.3	1440300	1.3000488	1300	""osoba3""
""osoba4""		1441.5	1441500	1449.9	1449900	9.400024	9400	""osoba4""
""osoba4""		1443.9	1443900	1449.9	1449900	7.0	7000	""osoba4""
""osoba1""		1446.0	1446000	1446.0	1446000	1.0	1000	""osoba1""
""osoba3""		1450.2001	1450200	1454.7001	1454700	5.5	5500	""osoba3""
""osoba3""		1451.4	1451400	1454.7001	1454700	4.300049	4300	""osoba3""
""osoba4""		1453.2001	1453200	1487.7001	1487700	35.5	35500	""osoba4""
""osoba2""		1454.4	1454400	1455.9	1455900	2.5	2500	""osoba2""
""osoba4""		1455.6001	1455600	1487.7001	1487700	33.099976	33099	""osoba4""
""osoba2""		1455.9	1455900	1455.9	1455900	1.0	1000	""osoba2""
""osoba4""		1457.1001	1457100	1487.7001	1487700	31.599976	31599	""osoba4""
""osoba4""		1457.7001	1457700	1487.7001	1487700	31.0	31000	""osoba4""
""osoba4""		1463.1001	1463100	1487.7001	1487700	25.599976	25599	""osoba4""
""osoba4""		1466.1001	1466100	1487.7001	1487700	22.599976	22599	""osoba4""
""osoba4""		1466.7001	1466700	1487.7001	1487700	22.0	22000	""osoba4""
""osoba4""		1468.8	1468800	1487.7001	1487700	19.900024	19900	""osoba4""
""osoba4""		1470.3	1470300	1487.7001	1487700	18.400024	18400	""osoba4""
""osoba3""		1471.2001	1471200	1473.0	1473000	2.7999268	2799	""osoba3""
""osoba4""		1473.9	1473900	1487.7001	1487700	14.800049	14800	""osoba4""
""osoba4""		1474.5	1474500	1487.7001	1487700	14.200073	14200	""osoba4""
""osoba4""		1475.1001	1475100	1487.7001	1487700	13.599976	13599	""osoba4""
""osoba4""		1475.7001	1475700	1487.7001	1487700	13.0	13000	""osoba4""
""osoba4""		1476.9	1476900	1487.7001	1487700	11.800049	11800	""osoba4""
""osoba4""		1481.1001	1481100	1487.7001	1487700	7.5999756	7599	""osoba4""
""osoba4""		1482.0	1482000	1487.7001	1487700	6.7000732	6700	""osoba4""
""osoba4""		1483.2001	1483200	1487.7001	1487700	5.5	5500	""osoba4""
""osoba4""		1484.1001	1484100	1487.7001	1487700	4.5999756	4599	""osoba4""
""osoba3""		1487.7001	1487700	1504.5	1504500	17.799927	17799	""osoba3""
""osoba2""		1489.8	1489800	1493.1001	1493100	4.300049	4300	""osoba2""
""osoba2""		1490.4	1490400	1493.1001	1493100	3.7000732	3700	""osoba2""
""osoba3""		1491.0	1491000	1504.5	1504500	14.5	14500	""osoba3""
""osoba3""		1492.8	1492800	1504.5	1504500	12.699951	12699	""osoba3""
""osoba2""		1493.1001	1493100	1493.1001	1493100	1.0	1000	""osoba2""
""osoba3""		1496.4	1496400	1504.5	1504500	9.099976	9099	""osoba3""
""osoba3""		1497.9	1497900	1504.5	1504500	7.5999756	7599	""osoba3""
""osoba3""		1500.6001	1500600	1504.5	1504500	4.8999023	4899	""osoba3""
""osoba3""		1501.8	1501800	1504.5	1504500	3.6999512	3699	""osoba3""
""osoba1""		1502.4	1502400	1509.0	1509000	7.5999756	7599	""osoba1""
""osoba1""		1503.6001	1503600	1509.0	1509000	6.3999023	6399	""osoba1""
""osoba4""		1503.6001	1503600	1505.1001	1505100	2.5	2500	""osoba4""
""osoba1""		1506.6001	1506600	1509.0	1509000	3.3999023	3399	""osoba1""
""osoba3""		1507.5	1507500	1526.1001	1526100	19.600098	19600	""osoba3""
""osoba3""		1512.6001	1512600	1526.1001	1526100	14.5	14500	""osoba3""
""osoba3""		1513.5	1513500	1526.1001	1526100	13.600098	13600	""osoba3""
""osoba4""		1513.5	1513500	1515.0	1515000	2.5	2500	""osoba4""
""osoba4""		1514.7001	1514700	1515.0	1515000	1.2999268	1299	""osoba4""
""osoba3""		1515.0	1515000	1526.1001	1526100	12.100098	12100	""osoba3""
""osoba3""		1518.6001	1518600	1526.1001	1526100	8.5	8500	""osoba3""
""osoba3""		1520.4	1520400	1526.1001	1526100	6.7000732	6700	""osoba3""
""osoba3""		1523.1001	1523100	1526.1001	1526100	4.0	4000	""osoba3""
""osoba3""		1525.5	1525500	1526.1001	1526100	1.6000977	1600	""osoba3""
""osoba2""		1526.1001	1526100	1530.6001	1530600	5.5	5500	""osoba2""
""osoba2""		1527.6001	1527600	1530.6001	1530600	4.0	4000	""osoba2""
""osoba2""		1529.1001	1529100	1530.6001	1530600	2.5	2500	""osoba2""
""osoba2""		1530.0	1530000	1530.6001	1530600	1.6000977	1600	""osoba2""
""osoba3""		1530.9	1530900	1533.0	1533000	3.0999756	3099	""osoba3""
""osoba3""		1532.1001	1532100	1533.0	1533000	1.8999023	1899	""osoba3""
""osoba3""		1533.0	1533000	1533.0	1533000	1.0	1000	""osoba3""
""osoba4""		1533.0	1533000	1543.5001	1543500	11.500122	11500	""osoba4""
""osoba4""		1534.8	1534800	1543.5001	1543500	9.700073	9700	""osoba4""
""osoba4""		1538.7001	1538700	1543.5001	1543500	5.800049	5800	""osoba4""
""osoba1""		1539.9	1539900	1550.1001	1550100	11.200073	11200	""osoba1""
""osoba4""		1540.8	1540800	1543.5001	1543500	3.7000732	3700	""osoba4""
""osoba1""		1541.1001	1541100	1550.1001	1550100	10.0	10000	""osoba1""
""osoba1""		1541.7001	1541700	1550.1001	1550100	9.400024	9400	""osoba1""
""osoba4""		1541.7001	1541700	1543.5001	1543500	2.8000488	2800	""osoba4""
""osoba2""		1543.2001	1543200	1544.1001	1544100	1.9000244	1900	""osoba2""
""osoba1""		1547.7001	1547700	1550.1001	1550100	3.4000244	3400	""osoba1""
""osoba1""		1548.6001	1548600	1550.1001	1550100	2.5	2500	""osoba1""
""osoba4""		1550.1001	1550100	1565.7001	1565700	16.599976	16599	""osoba4""
""osoba4""		1556.4	1556400	1565.7001	1565700	10.300049	10300	""osoba4""
""osoba1""		1558.5001	1558500	1558.8	1558800	1.2999268	1299	""osoba1""
""osoba4""		1560.3	1560300	1565.7001	1565700	6.4000244	6400	""osoba4""
""osoba2""		1565.1001	1565100	1584.6001	1584600	20.5	20500	""osoba2""
""osoba4""		1565.1001	1565100	1565.7001	1565700	1.5999756	1599	""osoba4""
""osoba2""		1567.2001	1567200	1584.6001	1584600	18.400024	18400	""osoba2""
""osoba2""		1568.7001	1568700	1584.6001	1584600	16.900024	16900	""osoba2""
""osoba2""		1569.3	1569300	1584.6001	1584600	16.300049	16300	""osoba2""
""osoba2""		1570.5001	1570500	1584.6001	1584600	15.099976	15099	""osoba2""
""osoba2""		1571.1001	1571100	1584.6001	1584600	14.5	14500	""osoba2""
""osoba2""		1572.0001	1572000	1584.6001	1584600	13.599976	13599	""osoba2""
""osoba2""		1572.6001	1572600	1584.6001	1584600	13.0	13000	""osoba2""
""osoba4""		1573.5001	1573500	1574.7001	1574700	2.1999512	2199	""osoba4""
""osoba1""		1573.8	1573800	1575.3	1575300	2.5	2500	""osoba1""
""osoba2""		1576.8	1576800	1584.6001	1584600	8.800049	8800	""osoba2""
""osoba2""		1578.3	1578300	1584.6001	1584600	7.300049	7300	""osoba2""
""osoba4""		1578.6001	1578600	1578.6001	1578600	1.0	1000	""osoba4""
""osoba4""		1581.9	1581900	1603.8	1603800	22.900024	22900	""osoba4""
""osoba3""		1586.4	1586400	1586.7001	1586700	1.3000488	1300	""osoba3""
""osoba4""		1586.4	1586400	1603.8	1603800	18.400024	18400	""osoba4""
""osoba4""		1590.3	1590300	1603.8	1603800	14.5	14500	""osoba4""
""osoba4""		1592.1001	1592100	1603.8	1603800	12.699951	12699	""osoba4""
""osoba4""		1594.8	1594800	1603.8	1603800	10.0	10000	""osoba4""
""osoba4""		1596.6001	1596600	1603.8	1603800	8.199951	8199	""osoba4""
""osoba4""		1598.4	1598400	1603.8	1603800	6.4000244	6400	""osoba4""
""osoba4""		1599.6001	1599600	1603.8	1603800	5.199951	5199	""osoba4""
""osoba4""		1600.8	1600800	1603.8	1603800	4.0	4000	""osoba4""
""osoba4""		1602.6001	1602600	1603.8	1603800	2.1999512	2199	""osoba4""
""osoba2""		1603.5001	1603500	1605.3	1605300	2.7999268	2799	""osoba2""
""osoba2""		1605.3	1605300	1605.3	1605300	1.0	1000	""osoba2""
""osoba3""		1605.3	1605300	1613.4	1613400	9.099976	9099	""osoba3""
""osoba3""		1606.5001	1606500	1613.4	1613400	7.8999023	7899	""osoba3""
""osoba3""		1608.0001	1608000	1613.4	1613400	6.3999023	6399	""osoba3""
""osoba3""		1609.5001	1609500	1613.4	1613400	4.8999023	4899	""osoba3""
""osoba3""		1612.8	1612800	1613.4	1613400	1.5999756	1599	""osoba3""
""osoba4""		1613.4	1613400	1620.3	1620300	7.9000244	7900	""osoba4""
""osoba4""		1615.8	1615800	1620.3	1620300	5.5	5500	""osoba4""
""osoba2""		1616.7001	1616700	1620.3	1620300	4.5999756	4599	""osoba2""
""osoba4""		1617.0001	1617000	1620.3	1620300	4.2999268	4299	""osoba4""
