"default"		0.0	0	1.0	1000	1.0	1000	BEGIN
"default"		1620.3	1620300	1620.31	1621300	1.0	1000	END
""osoba1""		6.3	6300	6.6000004	6600	1.3000002	1300	""osoba1""
""osoba3""		6.3	6300	10.8	10800	5.5	5500	""osoba3""
""osoba3""		7.5000005	7500	10.8	10800	4.2999997	4299	""osoba3""
""osoba3""		8.400001	8400	10.8	10800	3.3999996	3399	""osoba3""
""osoba2""		10.200001	10200	17.400002	17400	8.200001	8200	""osoba2""
""osoba3""		10.200001	10200	10.8	10800	1.5999994	1599	""osoba3""
""osoba4""		10.8	10800	10.8	10800	1.0	1000	""osoba4""
""osoba2""		12.6	12600	17.400002	17400	5.800001	5800	""osoba2""
""osoba2""		15.000001	15000	17.400002	17400	3.4000006	3400	""osoba2""
""osoba2""		16.800001	16800	17.400002	17400	1.6000004	1600	""osoba2""
""osoba1""		17.7	17700	18.900002	18900	2.2000008	2200	""osoba1""
""osoba2""		19.5	19500	20.1	20100	1.6000004	1600	""osoba2""
""osoba4""		20.1	20100	23.7	23700	4.6000004	4600	""osoba4""
""osoba3""		24.900002	24900	29.1	29100	5.199999	5199	""osoba3""
""osoba3""		29.1	29100	29.1	29100	1.0	1000	""osoba3""
""osoba2""		29.7	29700	30.6	30600	1.8999996	1899	""osoba2""
""osoba4""		30.000002	30000	45.600002	45600	16.6	16600	""osoba4""
""osoba4""		30.6	30600	45.600002	45600	16.000002	16000	""osoba4""
""osoba4""		33.0	33000	45.600002	45600	13.600002	13600	""osoba4""
""osoba2""		33.300003	33300	34.2	34200	1.8999977	1899	""osoba2""
""osoba4""		36.600002	36600	45.600002	45600	10.0	10000	""osoba4""
""osoba4""		37.5	37500	45.600002	45600	9.100002	9100	""osoba4""
""osoba4""		42.0	42000	45.600002	45600	4.6000023	4600	""osoba4""
""osoba4""		43.2	43200	45.600002	45600	3.4000015	3400	""osoba4""
""osoba4""		45.0	45000	45.600002	45600	1.6000023	1600	""osoba4""
""osoba3""		45.600002	45600	45.9	45900	1.2999992	1299	""osoba3""
""osoba1""		45.9	45900	57.000004	57000	12.100002	12100	""osoba1""
""osoba1""		47.100002	47100	57.000004	57000	10.900002	10900	""osoba1""
""osoba1""		49.2	49200	57.000004	57000	8.800003	8800	""osoba1""
""osoba1""		50.4	50400	57.000004	57000	7.6000023	7600	""osoba1""
""osoba4""		51.000004	51000	53.4	53400	3.3999977	3399	""osoba4""
""osoba4""		53.4	53400	53.4	53400	1.0	1000	""osoba4""
""osoba4""		56.100002	56100	58.2	58200	3.0999985	3099	""osoba4""
""osoba2""		57.9	57900	69.9	69900	13.0	13000	""osoba2""
""osoba2""		60.9	60900	69.9	69900	10.0	10000	""osoba2""
""osoba2""		61.500004	61500	69.9	69900	9.399998	9399	""osoba2""
""osoba2""		63.9	63900	69.9	69900	7.0	7000	""osoba2""
""osoba2""		64.8	64800	69.9	69900	6.0999985	6099	""osoba2""
""osoba3""		65.700005	65700	65.700005	65700	1.0	1000	""osoba3""
""osoba2""		68.4	68400	69.9	69900	2.5	2500	""osoba2""
""osoba3""		68.4	68400	68.4	68400	1.0	1000	""osoba3""
""osoba4""		69.9	69900	75.0	75000	6.0999985	6099	""osoba4""
""osoba2""		74.100006	74100	84.600006	84600	11.5	11500	""osoba2""
""osoba4""		74.100006	74100	75.0	75000	1.8999939	1899	""osoba4""
""osoba1""		77.700005	77700	78.0	78000	1.2999954	1299	""osoba1""
""osoba3""		81.3	81300	83.100006	83100	2.800003	2800	""osoba3""
""osoba4""		83.4	83400	94.5	94500	12.099998	12099	""osoba4""
""osoba4""		87.0	87000	94.5	94500	8.5	8500	""osoba4""
""osoba3""		89.4	89400	103.8	103800	15.400002	15400	""osoba3""
""osoba4""		89.4	89400	94.5	94500	6.0999985	6099	""osoba4""
""osoba3""		90.600006	90600	103.8	103800	14.199997	14199	""osoba3""
""osoba4""		93.0	93000	94.5	94500	2.5	2500	""osoba4""
""osoba3""		94.200005	94200	103.8	103800	10.599998	10599	""osoba3""
""osoba4""		94.200005	94200	94.5	94500	1.2999954	1299	""osoba4""
""osoba3""		97.8	97800	103.8	103800	7.0	7000	""osoba3""
""osoba3""		99.9	99900	103.8	103800	4.9000015	4900	""osoba3""
""osoba3""		100.8	100800	103.8	103800	4.0	4000	""osoba3""
""osoba3""		102.00001	102000	103.8	103800	2.7999954	2799	""osoba3""
""osoba2""		102.600006	102600	108.600006	108600	7.0	7000	""osoba2""
""osoba2""		103.200005	103200	108.600006	108600	6.4000015	6400	""osoba2""
""osoba3""		103.50001	103500	103.8	103800	1.2999954	1299	""osoba3""
""osoba2""		106.200005	106200	108.600006	108600	3.4000015	3400	""osoba2""
""osoba4""		106.200005	106200	109.200005	109200	4.0	4000	""osoba4""
""osoba1""		109.200005	109200	112.200005	112200	4.0	4000	""osoba1""
""osoba1""		110.700005	110700	112.200005	112200	2.5	2500	""osoba1""
""osoba1""		111.600006	111600	112.200005	112200	1.5999985	1599	""osoba1""
""osoba2""		112.200005	112200	114.600006	114600	3.4000015	3400	""osoba2""
""osoba2""		113.700005	113700	114.600006	114600	1.9000015	1900	""osoba2""
""osoba4""		114.3	114300	124.8	124800	11.5	11500	""osoba4""
""osoba1""		120.3	120300	120.600006	120600	1.300003	1300	""osoba1""
""osoba4""		123.3	123300	124.8	124800	2.5	2500	""osoba4""
""osoba3""		124.50001	124500	124.8	124800	1.2999954	1299	""osoba3""
""osoba1""		124.8	124800	143.70001	143700	19.90001	19900	""osoba1""
""osoba1""		127.50001	127500	143.70001	143700	17.200005	17200	""osoba1""
""osoba1""		128.40001	128400	143.70001	143700	16.300003	16300	""osoba1""
""osoba3""		129.3	129300	129.3	129300	1.0	1000	""osoba3""
""osoba1""		133.20001	133200	143.70001	143700	11.5	11500	""osoba1""
""osoba1""		133.8	133800	143.70001	143700	10.900009	10900	""osoba1""
""osoba4""		134.1	134100	134.70001	134700	1.6000061	1600	""osoba4""
""osoba1""		136.5	136500	143.70001	143700	8.200012	8200	""osoba1""
""osoba2""		136.8	136800	138.0	138000	2.199997	2199	""osoba2""
""osoba1""		139.5	139500	143.70001	143700	5.200012	5200	""osoba1""
""osoba1""		140.40001	140400	143.70001	143700	4.300003	4300	""osoba1""
""osoba1""		141.6	141600	143.70001	143700	3.100006	3100	""osoba1""
""osoba1""		142.8	142800	143.70001	143700	1.9000092	1900	""osoba1""
""osoba4""		142.8	142800	148.20001	148200	6.400009	6400	""osoba4""
""osoba4""		147.90001	147900	148.20001	148200	1.300003	1300	""osoba4""
""osoba1""		148.5	148500	174.90001	174900	27.40001	27400	""osoba1""
""osoba1""		150.90001	150900	174.90001	174900	25.0	25000	""osoba1""
""osoba1""		151.8	151800	174.90001	174900	24.100006	24100	""osoba1""
""osoba2""		152.1	152100	155.1	155100	4.0	4000	""osoba2""
""osoba2""		153.6	153600	155.1	155100	2.5	2500	""osoba2""
""osoba1""		154.20001	154200	174.90001	174900	21.699997	21699	""osoba1""
""osoba1""		156.3	156300	174.90001	174900	19.600006	19600	""osoba1""
""osoba1""		158.70001	158700	174.90001	174900	17.199997	17199	""osoba1""
""osoba3""		159.90001	159900	161.70001	161700	2.800003	2800	""osoba3""
""osoba1""		163.20001	163200	174.90001	174900	12.699997	12699	""osoba1""
""osoba4""		163.5	163500	163.5	163500	1.0	1000	""osoba4""
""osoba1""		165.90001	165900	174.90001	174900	10.0	10000	""osoba1""
""osoba4""		166.20001	166200	168.0	168000	2.7999878	2799	""osoba4""
""osoba1""		168.90001	168900	174.90001	174900	7.0	7000	""osoba1""
""osoba1""		171.0	171000	174.90001	174900	4.900009	4900	""osoba1""
""osoba2""		171.6	171600	172.5	172500	1.8999939	1899	""osoba2""
""osoba1""		171.90001	171900	174.90001	174900	4.0	4000	""osoba1""
""osoba1""		174.6	174600	174.90001	174900	1.300003	1300	""osoba1""
""osoba3""		175.5	175500	196.8	196800	22.300003	22300	""osoba3""
""osoba2""		175.8	175800	175.8	175800	1.0	1000	""osoba2""
""osoba3""		176.70001	176700	196.8	196800	21.09999	21099	""osoba3""
""osoba3""		177.3	177300	196.8	196800	20.5	20500	""osoba3""
""osoba3""		178.8	178800	196.8	196800	19.0	19000	""osoba3""
""osoba2""		179.40001	179400	180.6	180600	2.199997	2199	""osoba2""
""osoba3""		183.3	183300	196.8	196800	14.5	14500	""osoba3""
""osoba3""		184.20001	184200	196.8	196800	13.599991	13599	""osoba3""
""osoba3""		185.40001	185400	196.8	196800	12.399994	12399	""osoba3""
""osoba4""		186.90001	186900	187.8	187800	1.8999939	1899	""osoba4""
""osoba1""		188.1	188100	190.8	190800	3.699997	3699	""osoba1""
""osoba3""		188.40001	188400	196.8	196800	9.399994	9399	""osoba3""
""osoba2""		188.70001	188700	189.6	189600	1.8999939	1899	""osoba2""
""osoba1""		189.6	189600	190.8	190800	2.199997	2199	""osoba1""
""osoba3""		192.3	192300	196.8	196800	5.5	5500	""osoba3""
""osoba3""		193.8	193800	196.8	196800	4.0	4000	""osoba3""
""osoba3""		195.3	195300	196.8	196800	2.5	2500	""osoba3""
""osoba3""		196.20001	196200	196.8	196800	1.5999908	1599	""osoba3""
""osoba1""		197.1	197100	204.6	204600	8.5	8500	""osoba1""
""osoba4""		197.70001	197700	198.6	198600	1.8999939	1899	""osoba4""
""osoba2""		203.70001	203700	206.70001	206700	4.0	4000	""osoba2""
""osoba4""		204.00002	204000	204.90001	204900	1.8999939	1899	""osoba4""
""osoba3""		206.40001	206400	209.70001	209700	4.300003	4300	""osoba3""
""osoba3""		207.6	207600	209.70001	209700	3.100006	3100	""osoba3""
""osoba3""		208.20001	208200	209.70001	209700	2.5	2500	""osoba3""
""osoba2""		208.8	208800	249.6	249600	41.800003	41800	""osoba2""
""osoba2""		210.6	210600	249.6	249600	40.0	40000	""osoba2""
""osoba2""		212.1	212100	249.6	249600	38.5	38500	""osoba2""
""osoba2""		212.70001	212700	249.6	249600	37.899994	37899	""osoba2""
""osoba2""		214.8	214800	249.6	249600	35.800003	35800	""osoba2""
""osoba2""		216.00002	216000	249.6	249600	34.59999	34599	""osoba2""
""osoba2""		216.6	216600	249.6	249600	34.0	34000	""osoba2""
""osoba2""		217.50002	217500	249.6	249600	33.09999	33099	""osoba2""
""osoba2""		218.40001	218400	249.6	249600	32.199997	32199	""osoba2""
""osoba2""		219.6	219600	249.6	249600	31.0	31000	""osoba2""
""osoba2""		221.1	221100	249.6	249600	29.5	29500	""osoba2""
""osoba4""		222.3	222300	224.1	224100	2.800003	2800	""osoba4""
""osoba2""		222.6	222600	249.6	249600	28.0	28000	""osoba2""
""osoba2""		225.00002	225000	249.6	249600	25.59999	25599	""osoba2""
""osoba2""		225.90001	225900	249.6	249600	24.699997	24699	""osoba2""
""osoba3""		226.50002	226500	226.50002	226500	1.0	1000	""osoba3""
""osoba2""		227.40001	227400	249.6	249600	23.199997	23199	""osoba2""
""osoba4""		227.40001	227400	227.40001	227400	1.0	1000	""osoba4""
""osoba2""		228.90001	228900	249.6	249600	21.699997	21699	""osoba2""
""osoba2""		230.1	230100	249.6	249600	20.5	20500	""osoba2""
""osoba3""		231.90001	231900	231.90001	231900	1.0	1000	""osoba3""
""osoba3""		235.8	235800	236.70001	236700	1.9000092	1900	""osoba3""
""osoba2""		237.6	237600	249.6	249600	13.0	13000	""osoba2""
""osoba2""		240.00002	240000	249.6	249600	10.599991	10599	""osoba2""
""osoba2""		241.50002	241500	249.6	249600	9.099991	9099	""osoba2""
""osoba3""		241.50002	241500	242.70001	242700	2.199997	2199	""osoba3""
""osoba2""		242.40001	242400	249.6	249600	8.199997	8199	""osoba2""
""osoba3""		242.40001	242400	242.70001	242700	1.300003	1300	""osoba3""
""osoba2""		246.6	246600	249.6	249600	4.0	4000	""osoba2""
""osoba2""		248.40001	248400	249.6	249600	2.199997	2199	""osoba2""
""osoba1""		250.20001	250200	256.2	256200	7.0	7000	""osoba1""
""osoba3""		251.1	251100	251.1	251100	1.0	1000	""osoba3""
""osoba1""		252.3	252300	256.2	256200	4.900009	4900	""osoba1""
""osoba1""		253.8	253800	256.2	256200	3.4000092	3400	""osoba1""
""osoba4""		255.6	255600	261.90002	261900	7.3000183	7300	""osoba4""
""osoba4""		258.90002	258900	261.90002	261900	4.0	4000	""osoba4""
""osoba4""		259.5	259500	261.90002	261900	3.4000244	3400	""osoba4""
""osoba4""		260.1	260100	261.90002	261900	2.8000183	2800	""osoba4""
""osoba2""		261.6	261600	275.7	275700	15.100006	15100	""osoba2""
""osoba3""		261.6	261600	262.2	262200	1.6000061	1600	""osoba3""
""osoba2""		264.6	264600	275.7	275700	12.100006	12100	""osoba2""
""osoba3""		267.6	267600	267.6	267600	1.0	1000	""osoba3""
""osoba2""		268.5	268500	275.7	275700	8.200012	8200	""osoba2""
""osoba3""		270.0	270000	270.0	270000	1.0	1000	""osoba3""
""osoba4""		270.0	270000	270.30002	270300	1.3000183	1300	""osoba4""
""osoba2""		272.1	272100	275.7	275700	4.600006	4600	""osoba2""
""osoba2""		272.7	272700	275.7	275700	4.0	4000	""osoba2""
""osoba3""		274.5	274500	275.7	275700	2.2000122	2200	""osoba3""
""osoba1""		276.6	276600	293.1	293100	17.5	17500	""osoba1""
""osoba1""		277.5	277500	293.1	293100	16.600006	16600	""osoba1""
""osoba1""		278.7	278700	293.1	293100	15.399994	15399	""osoba1""
""osoba4""		280.5	280500	282.0	282000	2.5	2500	""osoba4""
""osoba4""		281.7	281700	282.0	282000	1.2999878	1299	""osoba4""
""osoba1""		282.0	282000	293.1	293100	12.100006	12100	""osoba1""
""osoba1""		282.90002	282900	293.1	293100	11.199982	11199	""osoba1""
""osoba1""		285.30002	285300	293.1	293100	8.799988	8799	""osoba1""
""osoba1""		287.40002	287400	293.1	293100	6.6999817	6699	""osoba1""
""osoba1""		288.90002	288900	293.1	293100	5.1999817	5199	""osoba1""
""osoba4""		288.90002	288900	297.0	297000	9.099976	9099	""osoba4""
""osoba1""		290.40002	290400	293.1	293100	3.6999817	3699	""osoba1""
""osoba4""		291.0	291000	297.0	297000	7.0	7000	""osoba4""
""osoba2""		291.6	291600	291.6	291600	1.0	1000	""osoba2""
""osoba1""		291.90002	291900	293.1	293100	2.1999817	2199	""osoba1""
""osoba4""		293.7	293700	297.0	297000	4.299988	4299	""osoba4""
""osoba4""		294.6	294600	297.0	297000	3.399994	3399	""osoba4""
""osoba2""		296.40002	296400	316.5	316500	21.099976	21099	""osoba2""
""osoba4""		296.40002	296400	297.0	297000	1.5999756	1599	""osoba4""
""osoba2""		297.90002	297900	316.5	316500	19.599976	19599	""osoba2""
""osoba2""		299.40002	299400	316.5	316500	18.099976	18099	""osoba2""
""osoba3""		300.30002	300300	304.80002	304800	5.5	5500	""osoba3""
""osoba2""		306.0	306000	316.5	316500	11.5	11500	""osoba2""
""osoba2""		308.40002	308400	316.5	316500	9.099976	9099	""osoba2""
""osoba2""		310.80002	310800	316.5	316500	6.6999817	6699	""osoba2""
""osoba2""		313.80002	313800	316.5	316500	3.6999817	3699	""osoba2""
""osoba2""		315.0	315000	316.5	316500	2.5	2500	""osoba2""
""osoba3""		316.2	316200	320.1	320100	4.899994	4899	""osoba3""
""osoba1""		319.5	319500	327.6	327600	9.100006	9100	""osoba1""
""osoba1""		321.30002	321300	327.6	327600	7.299988	7299	""osoba1""
""osoba1""		324.0	324000	327.6	327600	4.600006	4600	""osoba1""
""osoba1""		325.2	325200	327.6	327600	3.399994	3399	""osoba1""
""osoba1""		326.1	326100	327.6	327600	2.5	2500	""osoba1""
""osoba1""		326.7	326700	327.6	327600	1.8999939	1899	""osoba1""
""osoba1""		327.6	327600	327.6	327600	1.0	1000	""osoba1""
""osoba2""		327.90002	327900	332.1	332100	5.1999817	5199	""osoba2""
""osoba2""		329.1	329100	332.1	332100	4.0	4000	""osoba2""
""osoba2""		330.90002	330900	332.1	332100	2.1999817	2199	""osoba2""
""osoba4""		332.40002	332400	358.2	358200	26.799988	26799	""osoba4""
""osoba4""		334.80002	334800	358.2	358200	24.399994	24399	""osoba4""
""osoba4""		335.40002	335400	358.2	358200	23.799988	23799	""osoba4""
""osoba3""		336.6	336600	337.80002	337800	2.2000122	2200	""osoba3""
""osoba4""		340.5	340500	358.2	358200	18.700012	18700	""osoba4""
""osoba4""		342.30002	342300	358.2	358200	16.899994	16899	""osoba4""
""osoba4""		343.2	343200	358.2	358200	16.0	16000	""osoba4""
""osoba2""		344.1	344100	346.2	346200	3.100006	3100	""osoba2""
""osoba4""		349.80002	349800	358.2	358200	9.399994	9399	""osoba4""
""osoba4""		356.7	356700	358.2	358200	2.5	2500	""osoba4""
""osoba3""		357.90002	357900	360.0	360000	3.0999756	3099	""osoba3""
""osoba3""		359.1	359100	360.0	360000	1.8999939	1899	""osoba3""
""osoba1""		360.30002	360300	374.1	374100	14.799988	14799	""osoba1""
""osoba1""		361.80002	361800	374.1	374100	13.299988	13299	""osoba1""
""osoba1""		363.90002	363900	374.1	374100	11.199982	11199	""osoba1""
""osoba1""		367.5	367500	374.1	374100	7.600006	7600	""osoba1""
""osoba2""		367.5	367500	368.7	368700	2.2000122	2200	""osoba2""
""osoba4""		369.0	369000	369.30002	369300	1.3000183	1300	""osoba4""
""osoba1""		371.1	371100	374.1	374100	4.0	4000	""osoba1""
""osoba1""		372.0	372000	374.1	374100	3.100006	3100	""osoba1""
""osoba1""		373.2	373200	374.1	374100	1.8999939	1899	""osoba1""
""osoba4""		374.1	374100	395.1	395100	22.0	22000	""osoba4""
""osoba4""		376.5	376500	395.1	395100	19.600006	19600	""osoba4""
""osoba4""		378.6	378600	395.1	395100	17.5	17500	""osoba4""
""osoba4""		380.1	380100	395.1	395100	16.0	16000	""osoba4""
""osoba2""		381.90002	381900	382.80002	382800	1.8999939	1899	""osoba2""
""osoba4""		381.90002	381900	395.1	395100	14.199982	14199	""osoba4""
""osoba4""		384.30002	384300	395.1	395100	11.799988	11799	""osoba4""
""osoba4""		386.7	386700	395.1	395100	9.399994	9399	""osoba4""
""osoba2""		387.00003	387000	387.6	387600	1.5999756	1599	""osoba2""
""osoba4""		388.80002	388800	395.1	395100	7.299988	7299	""osoba4""
""osoba4""		389.40002	389400	395.1	395100	6.6999817	6699	""osoba4""
""osoba4""		390.30002	390300	395.1	395100	5.799988	5799	""osoba4""
""osoba4""		392.40002	392400	395.1	395100	3.6999817	3699	""osoba4""
""osoba2""		392.7	392700	396.90002	396900	5.200012	5200	""osoba2""
""osoba4""		394.2	394200	395.1	395100	1.8999939	1899	""osoba4""
""osoba1""		396.30002	396300	399.00003	399000	3.7000122	3700	""osoba1""
""osoba2""		396.30002	396300	396.90002	396900	1.6000061	1600	""osoba2""
""osoba4""		397.80002	397800	432.90002	432900	36.100006	36100	""osoba4""
""osoba4""		400.2	400200	432.90002	432900	33.700012	33700	""osoba4""
""osoba4""		405.00003	405000	432.90002	432900	28.899994	28899	""osoba4""
""osoba4""		406.2	406200	432.90002	432900	27.700012	27700	""osoba4""
""osoba2""		407.7	407700	408.30002	408300	1.6000061	1600	""osoba2""
""osoba3""		408.30002	408300	410.1	410100	2.7999878	2799	""osoba3""
""osoba4""		413.1	413100	432.90002	432900	20.800018	20800	""osoba4""
""osoba2""		415.80002	415800	416.1	416100	1.2999878	1299	""osoba2""
""osoba4""		418.80002	418800	432.90002	432900	15.100006	15100	""osoba4""
""osoba3""		419.1	419100	420.90002	420900	2.8000183	2800	""osoba3""
""osoba2""		419.40002	419400	420.00003	420000	1.6000061	1600	""osoba2""
""osoba3""		420.6	420600	420.90002	420900	1.3000183	1300	""osoba3""
""osoba4""		420.6	420600	432.90002	432900	13.300018	13300	""osoba4""
""osoba2""		422.1	422100	423.00003	423000	1.9000244	1900	""osoba2""
""osoba4""		422.1	422100	432.90002	432900	11.800018	11800	""osoba4""
""osoba4""		424.2	424200	432.90002	432900	9.700012	9700	""osoba4""
""osoba4""		426.00003	426000	432.90002	432900	7.899994	7899	""osoba4""
""osoba4""		427.2	427200	432.90002	432900	6.700012	6700	""osoba4""
""osoba4""		428.1	428100	432.90002	432900	5.8000183	5800	""osoba4""
""osoba4""		429.30002	429300	432.90002	432900	4.600006	4600	""osoba4""
""osoba4""		429.90002	429900	432.90002	432900	4.0	4000	""osoba4""
""osoba2""		432.00003	432000	446.1	446100	15.099976	15099	""osoba2""
""osoba1""		432.90002	432900	432.90002	432900	1.0	1000	""osoba1""
""osoba2""		433.80002	433800	446.1	446100	13.299988	13299	""osoba2""
""osoba2""		435.00003	435000	446.1	446100	12.099976	12099	""osoba2""
""osoba4""		435.30002	435300	435.90002	435900	1.6000061	1600	""osoba4""
""osoba2""		436.50003	436500	446.1	446100	10.599976	10599	""osoba2""
""osoba2""		438.30002	438300	446.1	446100	8.799988	8799	""osoba2""
""osoba3""		438.90002	438900	438.90002	438900	1.0	1000	""osoba3""
""osoba2""		439.80002	439800	446.1	446100	7.299988	7299	""osoba2""
""osoba2""		441.00003	441000	446.1	446100	6.0999756	6099	""osoba2""
""osoba2""		442.2	442200	446.1	446100	4.899994	4899	""osoba2""
""osoba4""		442.50003	442500	442.50003	442500	1.0	1000	""osoba4""
""osoba2""		443.1	443100	446.1	446100	4.0	4000	""osoba2""
""osoba2""		445.80002	445800	446.1	446100	1.2999878	1299	""osoba2""
""osoba3""		446.40002	446400	456.00003	456000	10.600006	10600	""osoba3""
""osoba3""		448.80002	448800	456.00003	456000	8.200012	8200	""osoba3""
""osoba3""		450.30002	450300	456.00003	456000	6.700012	6700	""osoba3""
""osoba4""		456.30002	456300	459.6	459600	4.299988	4299	""osoba4""
""osoba2""		458.1	458100	462.90002	462900	5.8000183	5800	""osoba2""
""osoba4""		462.90002	462900	472.80002	472800	10.899994	10899	""osoba4""
""osoba3""		463.50003	463500	464.1	464100	1.5999756	1599	""osoba3""
""osoba4""		465.90002	465900	472.80002	472800	7.899994	7899	""osoba4""
""osoba4""		468.00003	468000	472.80002	472800	5.799988	5799	""osoba4""
""osoba4""		470.40002	470400	472.80002	472800	3.399994	3399	""osoba4""
""osoba4""		471.6	471600	472.80002	472800	2.2000122	2200	""osoba4""
""osoba3""		472.50003	472500	474.90002	474900	3.399994	3399	""osoba3""
""osoba4""		472.80002	472800	472.80002	472800	1.0	1000	""osoba4""
""osoba3""		474.30002	474300	474.90002	474900	1.6000061	1600	""osoba3""
""osoba2""		474.90002	474900	478.80002	478800	4.899994	4899	""osoba2""
""osoba1""		478.2	478200	485.1	485100	7.899994	7899	""osoba1""
""osoba1""		480.6	480600	485.1	485100	5.5	5500	""osoba1""
""osoba1""		483.00003	483000	485.1	485100	3.0999756	3099	""osoba1""
""osoba4""		484.2	484200	485.1	485100	1.8999939	1899	""osoba4""
""osoba3""		486.90002	486900	493.50003	493500	7.600006	7600	""osoba3""
""osoba3""		489.90002	489900	493.50003	493500	4.600006	4600	""osoba3""
""osoba3""		490.50003	490500	493.50003	493500	4.0	4000	""osoba3""
""osoba3""		491.7	491700	493.50003	493500	2.8000183	2800	""osoba3""
""osoba4""		492.6	492600	506.7	506700	15.100006	15100	""osoba4""
""osoba3""		493.2	493200	493.50003	493500	1.3000183	1300	""osoba3""
""osoba4""		493.50003	493500	506.7	506700	14.199982	14199	""osoba4""
""osoba4""		494.7	494700	506.7	506700	13.0	13000	""osoba4""
""osoba2""		495.30002	495300	495.6	495600	1.2999878	1299	""osoba2""
""osoba4""		495.6	495600	506.7	506700	12.100006	12100	""osoba4""
""osoba4""		497.40002	497400	506.7	506700	10.299988	10299	""osoba4""
""osoba3""		499.2	499200	499.80002	499800	1.6000061	1600	""osoba3""
""osoba4""		500.7	500700	506.7	506700	7.0	7000	""osoba4""
""osoba4""		501.6	501600	506.7	506700	6.100006	6100	""osoba4""
""osoba2""		502.80002	502800	503.1	503100	1.2999878	1299	""osoba2""
""osoba4""		505.2	505200	506.7	506700	2.5	2500	""osoba4""
""osoba4""		506.7	506700	506.7	506700	1.0	1000	""osoba4""
""osoba2""		507.00003	507000	509.7	509700	3.6999817	3699	""osoba2""
""osoba2""		509.7	509700	509.7	509700	1.0	1000	""osoba2""
""osoba4""		509.7	509700	514.2	514200	5.5	5500	""osoba4""
""osoba4""		511.80002	511800	514.2	514200	3.399994	3399	""osoba4""
""osoba4""		513.0	513000	514.2	514200	2.2000122	2200	""osoba4""
""osoba3""		513.60004	513600	610.80005	610800	98.20001	98200	""osoba3""
""osoba3""		517.5	517500	610.80005	610800	94.30005	94300	""osoba3""
""osoba3""		522.30005	522300	610.80005	610800	89.5	89500	""osoba3""
""osoba3""		522.9	522900	610.80005	610800	88.900024	88900	""osoba3""
""osoba3""		529.2	529200	610.80005	610800	82.60004	82600	""osoba3""
""osoba3""		531.0	531000	610.80005	610800	80.80005	80800	""osoba3""
""osoba2""		531.60004	531600	531.9	531900	1.2999878	1299	""osoba2""
""osoba3""		531.9	531900	610.80005	610800	79.900024	79900	""osoba3""
""osoba3""		534.30005	534300	610.80005	610800	77.5	77500	""osoba3""
""osoba3""		537.0	537000	610.80005	610800	74.80005	74800	""osoba3""
""osoba2""		538.5	538500	539.10004	539100	1.6000366	1600	""osoba2""
""osoba3""		539.4	539400	610.80005	610800	72.400024	72400	""osoba3""
""osoba3""		543.60004	543600	610.80005	610800	68.20001	68200	""osoba3""
""osoba4""		545.7	545700	545.7	545700	1.0	1000	""osoba4""
""osoba3""		546.0	546000	610.80005	610800	65.80005	65800	""osoba3""
""osoba3""		546.9	546900	610.80005	610800	64.900024	64900	""osoba3""
""osoba3""		549.9	549900	610.80005	610800	61.900024	61900	""osoba3""
""osoba1""		550.2	550200	550.2	550200	1.0	1000	""osoba1""
""osoba3""		551.4	551400	610.80005	610800	60.400024	60400	""osoba3""
""osoba3""		554.4	554400	610.80005	610800	57.400024	57400	""osoba3""
""osoba3""		558.0	558000	610.80005	610800	53.80005	53800	""osoba3""
""osoba3""		559.2	559200	610.80005	610800	52.600037	52600	""osoba3""
""osoba3""		560.4	560400	610.80005	610800	51.400024	51400	""osoba3""
""osoba3""		561.0	561000	610.80005	610800	50.80005	50800	""osoba3""
""osoba3""		564.30005	564300	610.80005	610800	47.5	47500	""osoba3""
""osoba3""		565.2	565200	610.80005	610800	46.600037	46600	""osoba3""
""osoba3""		567.60004	567600	610.80005	610800	44.200012	44200	""osoba3""
""osoba3""		569.10004	569100	610.80005	610800	42.700012	42700	""osoba3""
""osoba3""		570.60004	570600	610.80005	610800	41.200012	41200	""osoba3""
""osoba3""		571.80005	571800	610.80005	610800	40.0	40000	""osoba3""
""osoba3""		574.2	574200	610.80005	610800	37.600037	37600	""osoba3""
""osoba3""		575.4	575400	610.80005	610800	36.400024	36400	""osoba3""
""osoba3""		576.60004	576600	610.80005	610800	35.200012	35200	""osoba3""
""osoba4""		577.2	577200	579.0	579000	2.7999878	2799	""osoba4""
""osoba3""		579.0	579000	610.80005	610800	32.80005	32800	""osoba3""
""osoba4""		579.0	579000	579.0	579000	1.0	1000	""osoba4""
""osoba3""		580.2	580200	610.80005	610800	31.600037	31600	""osoba3""
""osoba3""		580.80005	580800	610.80005	610800	31.0	31000	""osoba3""
""osoba3""		584.4	584400	610.80005	610800	27.400024	27400	""osoba3""
""osoba1""		584.7	584700	587.4	587400	3.7000122	3700	""osoba1""
""osoba2""		584.7	584700	585.0	585000	1.2999878	1299	""osoba2""
""osoba3""		585.30005	585300	610.80005	610800	26.5	26500	""osoba3""
""osoba3""		587.10004	587100	610.80005	610800	24.700012	24700	""osoba3""
""osoba3""		589.5	589500	610.80005	610800	22.300049	22300	""osoba3""
""osoba3""		591.0	591000	610.80005	610800	20.800049	20800	""osoba3""
""osoba3""		592.5	592500	610.80005	610800	19.300049	19300	""osoba3""
""osoba3""		594.0	594000	610.80005	610800	17.800049	17800	""osoba3""
""osoba3""		595.5	595500	610.80005	610800	16.300049	16300	""osoba3""
""osoba3""		596.4	596400	610.80005	610800	15.400024	15400	""osoba3""
""osoba3""		598.2	598200	610.80005	610800	13.600037	13600	""osoba3""
""osoba3""		604.5	604500	610.80005	610800	7.300049	7300	""osoba3""
""osoba4""		605.4	605400	605.4	605400	1.0	1000	""osoba4""
""osoba3""		609.9	609900	610.80005	610800	1.9000244	1900	""osoba3""
""osoba4""		610.2	610200	612.9	612900	3.7000122	3700	""osoba4""
""osoba2""		612.30005	612300	614.7	614700	3.3999634	3399	""osoba2""
""osoba4""		612.30005	612300	612.9	612900	1.5999756	1599	""osoba4""
""osoba1""		613.5	613500	617.4	617400	4.9000244	4900	""osoba1""
""osoba3""		613.5	613500	614.4	614400	1.9000244	1900	""osoba3""
""osoba2""		613.80005	613800	614.7	614700	1.8999634	1899	""osoba2""
""osoba1""		617.4	617400	617.4	617400	1.0	1000	""osoba1""
""osoba3""		617.7	617700	639.9	639900	23.200012	23200	""osoba3""
""osoba3""		621.60004	621600	639.9	639900	19.299988	19299	""osoba3""
""osoba3""		624.60004	624600	639.9	639900	16.299988	16299	""osoba3""
""osoba1""		624.9	624900	624.9	624900	1.0	1000	""osoba1""
""osoba3""		627.60004	627600	639.9	639900	13.299988	13299	""osoba3""
""osoba3""		629.10004	629100	639.9	639900	11.799988	11799	""osoba3""
""osoba4""		630.30005	630300	631.80005	631800	2.5	2500	""osoba4""
""osoba3""		633.30005	633300	639.9	639900	7.5999756	7599	""osoba3""
""osoba3""		634.2	634200	639.9	639900	6.700012	6700	""osoba3""
""osoba3""		635.7	635700	639.9	639900	5.200012	5200	""osoba3""
""osoba3""		639.9	639900	639.9	639900	1.0	1000	""osoba3""
""osoba4""		639.9	639900	651.0	651000	12.099976	12099	""osoba4""
""osoba4""		643.2	643200	651.0	651000	8.799988	8799	""osoba4""
""osoba3""		644.4	644400	644.4	644400	1.0	1000	""osoba3""
""osoba4""		647.10004	647100	651.0	651000	4.8999634	4899	""osoba4""
""osoba4""		649.80005	649800	651.0	651000	2.1999512	2199	""osoba4""
""osoba1""		651.30005	651300	653.7	653700	3.3999634	3399	""osoba1""
""osoba3""		652.80005	652800	658.80005	658800	7.0	7000	""osoba3""
""osoba1""		653.10004	653100	653.7	653700	1.5999756	1599	""osoba1""
""osoba3""		654.9	654900	658.80005	658800	4.9000244	4900	""osoba3""
""osoba4""		657.0	657000	663.60004	663600	7.6000366	7600	""osoba4""
""osoba3""		658.2	658200	658.80005	658800	1.6000366	1600	""osoba3""
""osoba4""		660.0	660000	663.60004	663600	4.6000366	4600	""osoba4""
""osoba4""		662.7	662700	663.60004	663600	1.9000244	1900	""osoba4""
""osoba4""		663.60004	663600	663.60004	663600	1.0	1000	""osoba4""
""osoba3""		664.2	664200	679.5	679500	16.299988	16299	""osoba3""
""osoba3""		666.60004	666600	679.5	679500	13.899963	13899	""osoba3""
""osoba3""		668.10004	668100	679.5	679500	12.399963	12399	""osoba3""
""osoba4""		669.30005	669300	669.60004	669600	1.2999878	1299	""osoba4""
""osoba3""		672.60004	672600	679.5	679500	7.8999634	7899	""osoba3""
""osoba4""		672.60004	672600	673.2	673200	1.5999756	1599	""osoba4""
""osoba3""		674.10004	674100	679.5	679500	6.3999634	6399	""osoba3""
""osoba3""		675.30005	675300	679.5	679500	5.199951	5199	""osoba3""
""osoba3""		675.9	675900	679.5	679500	4.5999756	4599	""osoba3""
""osoba3""		679.2	679200	679.5	679500	1.2999878	1299	""osoba3""
""osoba2""		679.80005	679800	709.80005	709800	31.0	31000	""osoba2""
""osoba2""		681.0	681000	709.80005	709800	29.800049	29800	""osoba2""
""osoba2""		681.9	681900	709.80005	709800	28.900024	28900	""osoba2""
""osoba2""		683.4	683400	709.80005	709800	27.400024	27400	""osoba2""
""osoba2""		686.7	686700	709.80005	709800	24.100037	24100	""osoba2""
""osoba2""		688.2	688200	709.80005	709800	22.600037	22600	""osoba2""
""osoba2""		688.80005	688800	709.80005	709800	22.0	22000	""osoba2""
""osoba2""		689.4	689400	709.80005	709800	21.400024	21400	""osoba2""
""osoba2""		690.60004	690600	709.80005	709800	20.200012	20200	""osoba2""
""osoba3""		693.60004	693600	700.2	700200	7.5999756	7599	""osoba3""
""osoba3""		694.2	694200	700.2	700200	7.0	7000	""osoba3""
""osoba3""		695.7	695700	700.2	700200	5.5	5500	""osoba3""
""osoba2""		699.0	699000	709.80005	709800	11.800049	11800	""osoba2""
""osoba2""		699.60004	699600	709.80005	709800	11.200012	11200	""osoba2""
""osoba3""		699.60004	699600	700.2	700200	1.5999756	1599	""osoba3""
""osoba4""		702.60004	702600	702.60004	702600	1.0	1000	""osoba4""
""osoba2""		704.10004	704100	709.80005	709800	6.700012	6700	""osoba2""
""osoba3""		705.0	705000	723.9	723900	19.900024	19900	""osoba3""
""osoba3""		706.5	706500	723.9	723900	18.400024	18400	""osoba3""
""osoba3""		713.10004	713100	723.9	723900	11.799988	11799	""osoba3""
""osoba4""		713.4	713400	714.9	714900	2.5	2500	""osoba4""
""osoba3""		715.80005	715800	723.9	723900	9.099976	9099	""osoba3""
""osoba3""		716.4	716400	723.9	723900	8.5	8500	""osoba3""
""osoba3""		717.9	717900	723.9	723900	7.0	7000	""osoba3""
""osoba3""		720.30005	720300	723.9	723900	4.5999756	4599	""osoba3""
""osoba2""		720.60004	720600	733.80005	733800	14.200012	14200	""osoba2""
""osoba3""		723.9	723900	723.9	723900	1.0	1000	""osoba3""
""osoba2""		726.30005	726300	733.80005	733800	8.5	8500	""osoba2""
""osoba2""		727.5	727500	733.80005	733800	7.300049	7300	""osoba2""
""osoba2""		728.4	728400	733.80005	733800	6.4000244	6400	""osoba2""
""osoba4""		729.60004	729600	730.2	730200	1.5999756	1599	""osoba4""
""osoba1""		733.80005	733800	738.0	738000	5.199951	5199	""osoba1""
""osoba2""		733.80005	733800	733.80005	733800	1.0	1000	""osoba2""
""osoba1""		736.2	736200	738.0	738000	2.7999878	2799	""osoba1""
""osoba3""		738.60004	738600	753.0	753000	15.399963	15399	""osoba3""
""osoba4""		738.60004	738600	738.9	738900	1.2999878	1299	""osoba4""
""osoba3""		741.60004	741600	753.0	753000	12.399963	12399	""osoba3""
""osoba3""		743.10004	743100	753.0	753000	10.899963	10899	""osoba3""
""osoba3""		745.2	745200	753.0	753000	8.799988	8799	""osoba3""
""osoba3""		745.80005	745800	753.0	753000	8.199951	8199	""osoba3""
""osoba3""		747.0	747000	753.0	753000	7.0	7000	""osoba3""
""osoba3""		748.2	748200	753.0	753000	5.799988	5799	""osoba3""
""osoba3""		749.7	749700	753.0	753000	4.299988	4299	""osoba3""
""osoba3""		751.5	751500	753.0	753000	2.5	2500	""osoba3""
""osoba3""		752.7	752700	753.0	753000	1.2999878	1299	""osoba3""
""osoba1""		753.0	753000	757.80005	757800	5.800049	5800	""osoba1""
""osoba4""		754.2	754200	754.2	754200	1.0	1000	""osoba4""
""osoba4""		756.30005	756300	764.4	764400	9.099976	9099	""osoba4""
""osoba1""		756.9	756900	757.80005	757800	1.9000244	1900	""osoba1""
""osoba4""		757.80005	757800	764.4	764400	7.5999756	7599	""osoba4""
""osoba4""		759.30005	759300	764.4	764400	6.0999756	6099	""osoba4""
""osoba4""		760.2	760200	764.4	764400	5.200012	5200	""osoba4""
""osoba4""		761.4	761400	764.4	764400	4.0	4000	""osoba4""
""osoba1""		761.7	761700	762.30005	762300	1.6000366	1600	""osoba1""
""osoba4""		764.4	764400	764.4	764400	1.0	1000	""osoba4""
""osoba3""		764.7	764700	765.60004	765600	1.9000244	1900	""osoba3""
""osoba2""		765.0	765000	776.7	776700	12.700012	12700	""osoba2""
""osoba2""		767.10004	767100	776.7	776700	10.599976	10599	""osoba2""
""osoba2""		768.30005	768300	776.7	776700	9.399963	9399	""osoba2""
""osoba2""		771.30005	771300	776.7	776700	6.3999634	6399	""osoba2""
""osoba3""		771.9	771900	771.9	771900	1.0	1000	""osoba3""
""osoba4""		772.2	772200	772.2	772200	1.0	1000	""osoba4""
""osoba3""		774.00006	774000	776.7	776700	3.6999512	3699	""osoba3""
""osoba3""		775.50006	775500	776.7	776700	2.1999512	2199	""osoba3""
""osoba4""		775.80005	775800	776.10004	776100	1.2999878	1299	""osoba4""
""osoba1""		776.4	776400	781.2	781200	5.799988	5799	""osoba1""
""osoba2""		778.80005	778800	778.80005	778800	1.0	1000	""osoba2""
""osoba1""		779.4	779400	781.2	781200	2.7999878	2799	""osoba1""
""osoba3""		779.4	779400	791.7	791700	13.299988	13299	""osoba3""
""osoba3""		780.60004	780600	791.7	791700	12.099976	12099	""osoba3""
""osoba3""		782.10004	782100	791.7	791700	10.599976	10599	""osoba3""
""osoba3""		788.4	788400	791.7	791700	4.299988	4299	""osoba3""
""osoba3""		790.2	790200	791.7	791700	2.5	2500	""osoba3""
""osoba1""		791.4	791400	798.60004	798600	8.200012	8200	""osoba1""
""osoba1""		793.80005	793800	798.60004	798600	5.799988	5799	""osoba1""
""osoba1""		795.9	795900	798.60004	798600	3.7000122	3700	""osoba1""
""osoba2""		797.10004	797100	804.30005	804300	8.200012	8200	""osoba2""
""osoba3""		797.10004	797100	797.4	797400	1.2999878	1299	""osoba3""
""osoba2""		800.4	800400	804.30005	804300	4.9000244	4900	""osoba2""
""osoba4""		800.4	800400	807.00006	807000	7.6000366	7600	""osoba4""
""osoba4""		801.30005	801300	807.00006	807000	6.700012	6700	""osoba4""
""osoba4""		802.80005	802800	807.00006	807000	5.200012	5200	""osoba4""
""osoba4""		806.7	806700	807.00006	807000	1.3000488	1300	""osoba4""
""osoba2""		807.00006	807000	817.80005	817800	11.799988	11799	""osoba2""
""osoba2""		808.50006	808500	817.80005	817800	10.299988	10299	""osoba2""
""osoba2""		809.10004	809100	817.80005	817800	9.700012	9700	""osoba2""
""osoba2""		810.60004	810600	817.80005	817800	8.200012	8200	""osoba2""
""osoba3""		811.2	811200	813.30005	813300	3.1000366	3100	""osoba3""
""osoba4""		811.2	811200	813.00006	813000	2.8000488	2800	""osoba4""
""osoba2""		814.80005	814800	817.80005	817800	4.0	4000	""osoba2""
""osoba4""		816.9	816900	829.80005	829800	13.900024	13900	""osoba4""
""osoba2""		817.2	817200	817.80005	817800	1.6000366	1600	""osoba2""
""osoba4""		820.2	820200	829.80005	829800	10.600037	10600	""osoba4""
""osoba4""		821.10004	821100	829.80005	829800	9.700012	9700	""osoba4""
""osoba4""		823.80005	823800	829.80005	829800	7.0	7000	""osoba4""
""osoba2""		824.4	824400	824.4	824400	1.0	1000	""osoba2""
""osoba4""		826.80005	826800	829.80005	829800	4.0	4000	""osoba4""
""osoba4""		828.60004	828600	829.80005	829800	2.2000122	2200	""osoba4""
""osoba1""		829.50006	829500	837.30005	837300	8.799988	8799	""osoba1""
""osoba1""		832.50006	832500	837.30005	837300	5.799988	5799	""osoba1""
""osoba1""		833.7	833700	837.30005	837300	4.6000366	4600	""osoba1""
""osoba2""		834.30005	834300	834.9	834900	1.5999756	1599	""osoba2""
""osoba1""		836.10004	836100	837.30005	837300	2.2000122	2200	""osoba1""
""osoba2""		837.00006	837000	837.9	837900	1.8999634	1899	""osoba2""
""osoba3""		837.60004	837600	840.00006	840000	3.4000244	3400	""osoba3""
""osoba3""		840.00006	840000	840.00006	840000	1.0	1000	""osoba3""
""osoba2""		840.30005	840300	845.10004	845100	5.799988	5799	""osoba2""
""osoba2""		841.50006	841500	845.10004	845100	4.5999756	4599	""osoba2""
""osoba2""		844.2	844200	845.10004	845100	1.9000244	1900	""osoba2""
""osoba4""		844.2	844200	856.80005	856800	13.600037	13600	""osoba4""
""osoba1""		845.7	845700	845.7	845700	1.0	1000	""osoba1""
""osoba4""		846.60004	846600	856.80005	856800	11.200012	11200	""osoba4""
""osoba4""		849.9	849900	856.80005	856800	7.9000244	7900	""osoba4""
""osoba4""		851.4	851400	856.80005	856800	6.4000244	6400	""osoba4""
""osoba4""		852.9	852900	856.80005	856800	4.9000244	4900	""osoba4""
""osoba2""		853.50006	853500	853.80005	853800	1.2999878	1299	""osoba2""
""osoba4""		853.50006	853500	856.80005	856800	4.299988	4299	""osoba4""
""osoba2""		856.2	856200	856.50006	856500	1.3000488	1300	""osoba2""
""osoba1""		856.80005	856800	872.4	872400	16.599976	16599	""osoba1""
""osoba3""		858.9	858900	858.9	858900	1.0	1000	""osoba3""
""osoba1""		859.80005	859800	872.4	872400	13.599976	13599	""osoba1""
""osoba1""		860.4	860400	872.4	872400	13.0	13000	""osoba1""
""osoba1""		863.7	863700	872.4	872400	9.700012	9700	""osoba1""
""osoba1""		865.50006	865500	872.4	872400	7.8999634	7899	""osoba1""
""osoba4""		865.80005	865800	866.10004	866100	1.2999878	1299	""osoba4""
""osoba1""		866.10004	866100	872.4	872400	7.299988	7299	""osoba1""
""osoba1""		868.50006	868500	872.4	872400	4.8999634	4899	""osoba1""
""osoba1""		869.7	869700	872.4	872400	3.7000122	3700	""osoba1""
""osoba2""		870.9	870900	877.2	877200	7.299988	7299	""osoba2""
""osoba2""		873.30005	873300	877.2	877200	4.8999634	4899	""osoba2""
""osoba2""		876.00006	876000	877.2	877200	2.1999512	2199	""osoba2""
""osoba4""		876.60004	876600	886.2	886200	10.599976	10599	""osoba4""
""osoba4""		878.7	878700	886.2	886200	8.5	8500	""osoba4""
""osoba4""		879.60004	879600	886.2	886200	7.5999756	7599	""osoba4""
""osoba4""		880.2	880200	886.2	886200	7.0	7000	""osoba4""
""osoba4""		881.10004	881100	886.2	886200	6.0999756	6099	""osoba4""
""osoba3""		883.2	883200	891.00006	891000	8.800049	8800	""osoba3""
""osoba4""		883.50006	883500	886.2	886200	3.6999512	3699	""osoba4""
""osoba3""		884.7	884700	891.00006	891000	7.300049	7300	""osoba3""
""osoba4""		885.00006	885000	886.2	886200	2.1999512	2199	""osoba4""
""osoba3""		887.10004	887100	891.00006	891000	4.9000244	4900	""osoba3""
""osoba4""		889.80005	889800	894.60004	894600	5.799988	5799	""osoba4""
""osoba4""		892.50006	892500	894.60004	894600	3.0999756	3099	""osoba4""
""osoba1""		894.00006	894000	900.60004	900600	7.5999756	7599	""osoba1""
""osoba3""		894.30005	894300	894.60004	894600	1.2999878	1299	""osoba3""
""osoba1""		894.60004	894600	900.60004	900600	7.0	7000	""osoba1""
""osoba1""		896.7	896700	900.60004	900600	4.9000244	4900	""osoba1""
""osoba2""		898.50006	898500	906.30005	906300	8.799988	8799	""osoba2""
""osoba1""		900.60004	900600	900.60004	900600	1.0	1000	""osoba1""
""osoba2""		900.9	900900	906.30005	906300	6.4000244	6400	""osoba2""
""osoba2""		903.00006	903000	906.30005	906300	4.299988	4299	""osoba2""
""osoba4""		903.9	903900	904.50006	904500	1.6000366	1600	""osoba4""
""osoba1""		904.50006	904500	904.50006	904500	1.0	1000	""osoba1""
""osoba2""		904.50006	904500	906.30005	906300	2.7999878	2799	""osoba2""
""osoba3""		905.4	905400	912.00006	912000	7.6000366	7600	""osoba3""
""osoba3""		909.30005	909300	912.00006	912000	3.7000122	3700	""osoba3""
""osoba3""		910.50006	910500	912.00006	912000	2.5	2500	""osoba3""
""osoba4""		911.7	911700	915.9	915900	5.200012	5200	""osoba4""
""osoba4""		912.9	912900	915.9	915900	4.0	4000	""osoba4""
""osoba4""		914.7	914700	915.9	915900	2.2000122	2200	""osoba4""
""osoba3""		915.9	915900	918.00006	918000	3.1000366	3100	""osoba3""
""osoba3""		916.80005	916800	918.00006	918000	2.2000122	2200	""osoba3""
""osoba4""		918.00006	918000	930.9	930900	13.899963	13899	""osoba4""
""osoba4""		920.4	920400	930.9	930900	11.5	11500	""osoba4""
""osoba3""		921.60004	921600	922.80005	922800	2.2000122	2200	""osoba3""
""osoba4""		923.4	923400	930.9	930900	8.5	8500	""osoba4""
""osoba4""		926.10004	926100	930.9	930900	5.799988	5799	""osoba4""
""osoba4""		927.00006	927000	930.9	930900	4.8999634	4899	""osoba4""
""osoba4""		928.2	928200	930.9	930900	3.7000122	3700	""osoba4""
""osoba4""		929.7	929700	930.9	930900	2.2000122	2200	""osoba4""
""osoba3""		930.00006	930000	944.4	944400	15.399963	15399	""osoba3""
""osoba3""		932.7	932700	944.4	944400	12.700012	12700	""osoba3""
""osoba3""		933.9	933900	944.4	944400	11.5	11500	""osoba3""
""osoba3""		936.60004	936600	944.4	944400	8.799988	8799	""osoba3""
""osoba4""		939.00006	939000	939.00006	939000	1.0	1000	""osoba4""
""osoba3""		940.50006	940500	944.4	944400	4.8999634	4899	""osoba3""
""osoba3""		941.10004	941100	944.4	944400	4.299988	4299	""osoba3""
""osoba4""		941.10004	941100	950.10004	950100	10.0	10000	""osoba4""
""osoba3""		943.50006	943500	944.4	944400	1.8999634	1899	""osoba3""
""osoba4""		944.10004	944100	950.10004	950100	7.0	7000	""osoba4""
""osoba4""		946.80005	946800	950.10004	950100	4.299988	4299	""osoba4""
""osoba4""		948.30005	948300	950.10004	950100	2.7999878	2799	""osoba4""
""osoba3""		950.4	950400	951.60004	951600	2.2000122	2200	""osoba3""
""osoba4""		952.2	952200	953.4	953400	2.2000122	2200	""osoba4""
""osoba4""		952.80005	952800	953.4	953400	1.5999756	1599	""osoba4""
""osoba3""		953.7	953700	963.9	963900	11.200012	11200	""osoba3""
""osoba3""		954.30005	954300	963.9	963900	10.599976	10599	""osoba3""
""osoba3""		955.50006	955500	963.9	963900	9.399963	9399	""osoba3""
""osoba3""		959.7	959700	963.9	963900	5.200012	5200	""osoba3""
""osoba4""		963.60004	963600	968.10004	968100	5.5	5500	""osoba4""
""osoba3""		963.9	963900	963.9	963900	1.0	1000	""osoba3""
""osoba4""		965.10004	965100	968.10004	968100	4.0	4000	""osoba4""
""osoba4""		965.7	965700	968.10004	968100	3.4000244	3400	""osoba4""
""osoba3""		967.2	967200	985.80005	985800	19.600037	19600	""osoba3""
""osoba4""		967.2	967200	968.10004	968100	1.9000244	1900	""osoba4""
""osoba3""		971.10004	971100	985.80005	985800	15.700012	15700	""osoba3""
""osoba2""		972.00006	972000	972.00006	972000	1.0	1000	""osoba2""
""osoba3""		973.80005	973800	985.80005	985800	13.0	13000	""osoba3""
""osoba3""		976.50006	976500	985.80005	985800	10.299988	10299	""osoba3""
""osoba3""		979.50006	979500	985.80005	985800	7.299988	7299	""osoba3""
""osoba3""		982.2	982200	985.80005	985800	4.6000366	4600	""osoba3""
""osoba1""		982.50006	982500	982.80005	982800	1.2999878	1299	""osoba1""
""osoba3""		984.30005	984300	985.80005	985800	2.5	2500	""osoba3""
""osoba4""		985.2	985200	996.30005	996300	12.100037	12100	""osoba4""
""osoba4""		988.80005	988800	996.30005	996300	8.5	8500	""osoba4""
""osoba4""		990.00006	990000	996.30005	996300	7.299988	7299	""osoba4""
""osoba4""		991.2	991200	996.30005	996300	6.1000366	6100	""osoba4""
""osoba4""		992.10004	992100	996.30005	996300	5.200012	5200	""osoba4""
""osoba4""		993.00006	993000	996.30005	996300	4.299988	4299	""osoba4""
""osoba2""		994.80005	994800	1011.30005	1011300	17.5	17500	""osoba2""
""osoba2""		996.9	996900	1011.30005	1011300	15.400024	15400	""osoba2""
""osoba2""		1002.00006	1002000	1011.30005	1011300	10.299988	10299	""osoba2""
""osoba2""		1003.2	1003200	1011.30005	1011300	9.100037	9100	""osoba2""
""osoba2""		1004.4	1004400	1011.30005	1011300	7.9000244	7900	""osoba2""
""osoba2""		1006.80005	1006800	1011.30005	1011300	5.5	5500	""osoba2""
""osoba4""		1010.10004	1010100	1020.9	1020900	11.799988	11799	""osoba4""
""osoba1""		1010.7	1010700	1011.30005	1011300	1.6000366	1600	""osoba1""
""osoba4""		1012.50006	1012500	1020.9	1020900	9.399963	9399	""osoba4""
""osoba4""		1015.80005	1015800	1020.9	1020900	6.0999756	6099	""osoba4""
""osoba4""		1016.7	1016700	1020.9	1020900	5.200012	5200	""osoba4""
""osoba1""		1017.00006	1017000	1017.00006	1017000	1.0	1000	""osoba1""
""osoba4""		1017.9	1017900	1020.9	1020900	4.0	4000	""osoba4""
""osoba2""		1020.00006	1020000	1021.50006	1021500	2.5	2500	""osoba2""
""osoba1""		1021.50006	1021500	1023.30005	1023300	2.7999878	2799	""osoba1""
""osoba1""		1022.7	1022700	1023.30005	1023300	1.6000366	1600	""osoba1""
""osoba4""		1023.30005	1023300	1026.9	1026900	4.5999756	4599	""osoba4""
""osoba4""		1024.8	1024800	1026.9	1026900	3.0999756	3099	""osoba4""
""osoba1""		1026.6001	1026600	1032.0	1032000	6.3999023	6399	""osoba1""
""osoba4""		1026.6001	1026600	1026.9	1026900	1.2999268	1299	""osoba4""
""osoba1""		1030.2001	1030200	1032.0	1032000	2.7999268	2799	""osoba1""
""osoba1""		1030.8	1030800	1032.0	1032000	2.1999512	2199	""osoba1""
""osoba2""		1031.7001	1031700	1036.2001	1036200	5.5	5500	""osoba2""
""osoba4""		1033.2001	1033200	1033.8	1033800	1.5999756	1599	""osoba4""
""osoba2""		1035.6001	1035600	1036.2001	1036200	1.5999756	1599	""osoba2""
""osoba3""		1035.6001	1035600	1043.7001	1043700	9.099976	9099	""osoba3""
""osoba3""		1037.7001	1037700	1043.7001	1043700	7.0	7000	""osoba3""
""osoba4""		1038.3	1038300	1038.6001	1038600	1.3000488	1300	""osoba4""
""osoba3""		1042.5	1042500	1043.7001	1043700	2.2000732	2200	""osoba3""
""osoba1""		1043.7001	1043700	1048.5	1048500	5.7999268	5799	""osoba1""
""osoba3""		1043.7001	1043700	1043.7001	1043700	1.0	1000	""osoba3""
""osoba1""		1045.5	1045500	1048.5	1048500	4.0	4000	""osoba1""
""osoba2""		1047.9	1047900	1047.9	1047900	1.0	1000	""osoba2""
""osoba1""		1048.2001	1048200	1048.5	1048500	1.2999268	1299	""osoba1""
""osoba3""		1048.2001	1048200	1063.8	1063800	16.599976	16599	""osoba3""
""osoba3""		1052.4	1052400	1063.8	1063800	12.400024	12400	""osoba3""
""osoba3""		1055.7001	1055700	1063.8	1063800	9.099976	9099	""osoba3""
""osoba1""		1059.3	1059300	1060.2001	1060200	1.9000244	1900	""osoba1""
""osoba2""		1059.6001	1059600	1060.2001	1060200	1.5999756	1599	""osoba2""
""osoba4""		1060.5	1060500	1062.3	1062300	2.8000488	2800	""osoba4""
""osoba4""		1061.7001	1061700	1062.3	1062300	1.5999756	1599	""osoba4""
""osoba1""		1062.3	1062300	1063.8	1063800	2.5	2500	""osoba1""
""osoba2""		1062.9	1062900	1073.1001	1073100	11.200073	11200	""osoba2""
""osoba3""		1063.8	1063800	1063.8	1063800	1.0	1000	""osoba3""
""osoba2""		1064.7001	1064700	1073.1001	1073100	9.400024	9400	""osoba2""
""osoba2""		1066.2001	1066200	1073.1001	1073100	7.9000244	7900	""osoba2""
""osoba2""		1068.0	1068000	1073.1001	1073100	6.1000977	6100	""osoba2""
""osoba2""		1070.1001	1070100	1073.1001	1073100	4.0	4000	""osoba2""
""osoba2""		1070.7001	1070700	1073.1001	1073100	3.4000244	3400	""osoba2""
""osoba2""		1072.8	1072800	1073.1001	1073100	1.3000488	1300	""osoba2""
""osoba4""		1072.8	1072800	1096.5	1096500	24.699951	24699	""osoba4""
""osoba1""		1073.1001	1073100	1073.7001	1073700	1.5999756	1599	""osoba1""
""osoba4""		1076.1001	1076100	1096.5	1096500	21.399902	21399	""osoba4""
""osoba2""		1081.2001	1081200	1081.5	1081500	1.2999268	1299	""osoba2""
""osoba4""		1081.8	1081800	1096.5	1096500	15.699951	15699	""osoba4""
""osoba4""		1083.0	1083000	1096.5	1096500	14.5	14500	""osoba4""
""osoba4""		1084.5	1084500	1096.5	1096500	13.0	13000	""osoba4""
""osoba4""		1085.4	1085400	1096.5	1096500	12.099976	12099	""osoba4""
""osoba4""		1088.7001	1088700	1096.5	1096500	8.799927	8799	""osoba4""
""osoba4""		1089.3	1089300	1096.5	1096500	8.199951	8199	""osoba4""
""osoba1""		1090.8	1090800	1093.5	1093500	3.6999512	3699	""osoba1""
""osoba4""		1090.8	1090800	1096.5	1096500	6.699951	6699	""osoba4""
""osoba4""		1094.4	1094400	1096.5	1096500	3.0999756	3099	""osoba4""
""osoba2""		1095.6001	1095600	1101.0	1101000	6.3999023	6399	""osoba2""
""osoba4""		1095.9	1095900	1096.5	1096500	1.5999756	1599	""osoba4""
""osoba2""		1101.0	1101000	1101.0	1101000	1.0	1000	""osoba2""
""osoba1""		1101.3	1101300	1105.5	1105500	5.199951	5199	""osoba1""
""osoba3""		1103.4	1103400	1110.3	1110300	7.9000244	7900	""osoba3""
""osoba3""		1105.2001	1105200	1110.3	1110300	6.0999756	6099	""osoba3""
""osoba1""		1105.5	1105500	1105.5	1105500	1.0	1000	""osoba1""
""osoba2""		1106.7001	1106700	1112.1001	1112100	6.4000244	6400	""osoba2""
""osoba3""		1109.1001	1109100	1110.3	1110300	2.1999512	2199	""osoba3""
""osoba1""		1111.8	1111800	1112.7001	1112700	1.9000244	1900	""osoba1""
""osoba2""		1111.8	1111800	1112.1001	1112100	1.3000488	1300	""osoba2""
""osoba3""		1112.7001	1112700	1115.4	1115400	3.6999512	3699	""osoba3""
""osoba4""		1114.8	1114800	1128.9	1128900	15.099976	15099	""osoba4""
""osoba1""		1115.1001	1115100	1116.3	1116300	2.1999512	2199	""osoba1""
""osoba1""		1119.6001	1119600	1119.6001	1119600	1.0	1000	""osoba1""
""osoba3""		1119.9	1119900	1119.9	1119900	1.0	1000	""osoba3""
""osoba4""		1122.3	1122300	1128.9	1128900	7.5999756	7599	""osoba4""
""osoba4""		1123.2001	1123200	1128.9	1128900	6.699951	6699	""osoba4""
""osoba4""		1123.8	1123800	1128.9	1128900	6.0999756	6099	""osoba4""
""osoba4""		1124.4	1124400	1128.9	1128900	5.5	5500	""osoba4""
""osoba2""		1127.4	1127400	1134.6001	1134600	8.200073	8200	""osoba2""
""osoba1""		1130.1001	1130100	1130.1001	1130100	1.0	1000	""osoba1""
""osoba2""		1130.1001	1130100	1134.6001	1134600	5.5	5500	""osoba2""
""osoba1""		1132.2001	1132200	1134.0	1134000	2.7999268	2799	""osoba1""
""osoba2""		1132.2001	1132200	1134.6001	1134600	3.4000244	3400	""osoba2""
""osoba4""		1134.3	1134300	1151.1001	1151100	17.800049	17800	""osoba4""
""osoba4""		1137.9	1137900	1151.1001	1151100	14.200073	14200	""osoba4""
""osoba4""		1139.1001	1139100	1151.1001	1151100	13.0	13000	""osoba4""
""osoba3""		1140.9	1140900	1141.8	1141800	1.9000244	1900	""osoba3""
""osoba4""		1143.3	1143300	1151.1001	1151100	8.800049	8800	""osoba4""
""osoba4""		1144.2001	1144200	1151.1001	1151100	7.9000244	7900	""osoba4""
""osoba4""		1149.6001	1149600	1151.1001	1151100	2.5	2500	""osoba4""
""osoba4""		1150.5	1150500	1151.1001	1151100	1.6000977	1600	""osoba4""
""osoba1""		1151.1001	1151100	1155.0	1155000	4.8999023	4899	""osoba1""
""osoba1""		1152.6001	1152600	1155.0	1155000	3.3999023	3399	""osoba1""
""osoba3""		1153.5	1153500	1154.4	1154400	1.9000244	1900	""osoba3""
""osoba4""		1153.5	1153500	1161.0	1161000	8.5	8500	""osoba4""
""osoba4""		1157.7001	1157700	1161.0	1161000	4.2999268	4299	""osoba4""
""osoba4""		1158.3	1158300	1161.0	1161000	3.6999512	3699	""osoba4""
""osoba4""		1159.2001	1159200	1161.0	1161000	2.7999268	2799	""osoba4""
""osoba1""		1159.8	1159800	1163.7001	1163700	4.9000244	4900	""osoba1""
""osoba4""		1160.4	1160400	1161.0	1161000	1.5999756	1599	""osoba4""
""osoba4""		1164.0	1164000	1170.0	1170000	7.0	7000	""osoba4""
""osoba4""		1165.5	1165500	1170.0	1170000	5.5	5500	""osoba4""
""osoba4""		1168.5	1168500	1170.0	1170000	2.5	2500	""osoba4""
""osoba3""		1169.4	1169400	1171.5	1171500	3.0999756	3099	""osoba3""
""osoba4""		1169.4	1169400	1170.0	1170000	1.5999756	1599	""osoba4""
""osoba3""		1171.2001	1171200	1171.5	1171500	1.2999268	1299	""osoba3""
""osoba2""		1171.5	1171500	1171.5	1171500	1.0	1000	""osoba2""
""osoba1""		1171.8	1171800	1173.0	1173000	2.1999512	2199	""osoba1""
""osoba4""		1172.4	1172400	1179.9	1179900	8.5	8500	""osoba4""
""osoba4""		1176.6001	1176600	1179.9	1179900	4.2999268	4299	""osoba4""
""osoba3""		1177.2001	1177200	1180.5	1180500	4.2999268	4299	""osoba3""
""osoba1""		1179.9	1179900	1181.1001	1181100	2.2000732	2200	""osoba1""
""osoba2""		1180.8	1180800	1204.5	1204500	24.699951	24699	""osoba2""
""osoba2""		1182.0	1182000	1204.5	1204500	23.5	23500	""osoba2""
""osoba2""		1186.5	1186500	1204.5	1204500	19.0	19000	""osoba2""
""osoba2""		1189.5	1189500	1204.5	1204500	16.0	16000	""osoba2""
""osoba2""		1190.4	1190400	1204.5	1204500	15.099976	15099	""osoba2""
""osoba2""		1191.9	1191900	1204.5	1204500	13.599976	13599	""osoba2""
""osoba2""		1193.4	1193400	1204.5	1204500	12.099976	12099	""osoba2""
""osoba2""		1194.6001	1194600	1204.5	1204500	10.899902	10899	""osoba2""
""osoba3""		1194.6001	1194600	1195.8	1195800	2.1999512	2199	""osoba3""
""osoba4""		1197.6001	1197600	1197.6001	1197600	1.0	1000	""osoba4""
""osoba2""		1198.5	1198500	1204.5	1204500	7.0	7000	""osoba2""
""osoba3""		1199.7001	1199700	1200.6001	1200600	1.9000244	1900	""osoba3""
""osoba2""		1202.1001	1202100	1204.5	1204500	3.3999023	3399	""osoba2""
""osoba2""		1202.7001	1202700	1204.5	1204500	2.7999268	2799	""osoba2""
""osoba3""		1204.2001	1204200	1216.2001	1216200	13.0	13000	""osoba3""
""osoba3""		1205.4	1205400	1216.2001	1216200	11.800049	11800	""osoba3""
""osoba2""		1207.2001	1207200	1207.5	1207500	1.2999268	1299	""osoba2""
""osoba3""		1207.2001	1207200	1216.2001	1216200	10.0	10000	""osoba3""
""osoba3""		1208.7001	1208700	1216.2001	1216200	8.5	8500	""osoba3""
""osoba3""		1210.2001	1210200	1216.2001	1216200	7.0	7000	""osoba3""
""osoba3""		1213.2001	1213200	1216.2001	1216200	4.0	4000	""osoba3""
""osoba4""		1215.9	1215900	1222.5	1222500	7.5999756	7599	""osoba4""
""osoba2""		1216.2001	1216200	1218.0	1218000	2.7999268	2799	""osoba2""
""osoba2""		1217.7001	1217700	1218.0	1218000	1.2999268	1299	""osoba2""
""osoba4""		1217.7001	1217700	1222.5	1222500	5.7999268	5799	""osoba4""
""osoba4""		1219.2001	1219200	1222.5	1222500	4.2999268	4299	""osoba4""
""osoba1""		1219.8	1219800	1219.8	1219800	1.0	1000	""osoba1""
""osoba4""		1220.4	1220400	1222.5	1222500	3.0999756	3099	""osoba4""
""osoba4""		1221.3	1221300	1222.5	1222500	2.1999512	2199	""osoba4""
""osoba2""		1221.6001	1221600	1232.4	1232400	11.799927	11799	""osoba2""
""osoba2""		1223.7001	1223700	1232.4	1232400	9.699951	9699	""osoba2""
""osoba3""		1224.6001	1224600	1224.6001	1224600	1.0	1000	""osoba3""
""osoba2""		1226.4	1226400	1232.4	1232400	7.0	7000	""osoba2""
""osoba2""		1227.0	1227000	1232.4	1232400	6.4000244	6400	""osoba2""
""osoba2""		1227.6001	1227600	1232.4	1232400	5.7999268	5799	""osoba2""
""osoba2""		1229.7001	1229700	1232.4	1232400	3.6999512	3699	""osoba2""
""osoba4""		1232.4	1232400	1236.3	1236300	4.9000244	4900	""osoba4""
""osoba4""		1233.9	1233900	1236.3	1236300	3.4000244	3400	""osoba4""
""osoba4""		1235.1001	1235100	1236.3	1236300	2.1999512	2199	""osoba4""
""osoba3""		1235.4	1235400	1252.5	1252500	18.099976	18099	""osoba3""
""osoba4""		1236.3	1236300	1236.3	1236300	1.0	1000	""osoba4""
""osoba2""		1237.2001	1237200	1237.8	1237800	1.5999756	1599	""osoba2""
""osoba3""		1237.2001	1237200	1252.5	1252500	16.299927	16299	""osoba3""
""osoba3""		1239.0	1239000	1252.5	1252500	14.5	14500	""osoba3""
""osoba3""		1239.6001	1239600	1252.5	1252500	13.899902	13899	""osoba3""
""osoba3""		1240.8	1240800	1252.5	1252500	12.699951	12699	""osoba3""
""osoba3""		1242.0	1242000	1252.5	1252500	11.5	11500	""osoba3""
""osoba4""		1244.1001	1244100	1244.1001	1244100	1.0	1000	""osoba4""
""osoba3""		1245.9	1245900	1252.5	1252500	7.5999756	7599	""osoba3""
""osoba3""		1247.4	1247400	1252.5	1252500	6.0999756	6099	""osoba3""
""osoba3""		1248.0	1248000	1252.5	1252500	5.5	5500	""osoba3""
""osoba3""		1249.8	1249800	1252.5	1252500	3.6999512	3699	""osoba3""
""osoba2""		1252.2001	1252200	1262.1001	1262100	10.900024	10900	""osoba2""
""osoba2""		1254.6001	1254600	1262.1001	1262100	8.5	8500	""osoba2""
""osoba3""		1255.8	1255800	1257.9	1257900	3.0999756	3099	""osoba3""
""osoba2""		1258.5	1258500	1262.1001	1262100	4.6000977	4600	""osoba2""
""osoba2""		1261.2001	1261200	1262.1001	1262100	1.9000244	1900	""osoba2""
""osoba1""		1261.8	1261800	1272.6001	1272600	11.800049	11800	""osoba1""
""osoba1""		1263.9	1263900	1272.6001	1272600	9.700073	9700	""osoba1""
""osoba1""		1264.5	1264500	1272.6001	1272600	9.100098	9100	""osoba1""
""osoba1""		1265.1001	1265100	1272.6001	1272600	8.5	8500	""osoba1""
""osoba3""		1266.0	1266000	1266.0	1266000	1.0	1000	""osoba3""
""osoba1""		1269.0	1269000	1272.6001	1272600	4.6000977	4600	""osoba1""
""osoba1""		1270.5	1270500	1272.6001	1272600	3.1000977	3100	""osoba1""
""osoba4""		1270.5	1270500	1271.1001	1271100	1.6000977	1600	""osoba4""
""osoba1""		1271.4	1271400	1272.6001	1272600	2.2000732	2200	""osoba1""
""osoba1""		1272.3	1272300	1272.6001	1272600	1.3000488	1300	""osoba1""
""osoba3""		1272.6001	1272600	1284.6001	1284600	13.0	13000	""osoba3""
""osoba3""		1273.8	1273800	1284.6001	1284600	11.800049	11800	""osoba3""
""osoba3""		1274.7001	1274700	1284.6001	1284600	10.900024	10900	""osoba3""
""osoba3""		1275.3	1275300	1284.6001	1284600	10.300049	10300	""osoba3""
""osoba3""		1276.8	1276800	1284.6001	1284600	8.800049	8800	""osoba3""
""osoba3""		1278.9	1278900	1284.6001	1284600	6.7000732	6700	""osoba3""
""osoba3""		1279.8	1279800	1284.6001	1284600	5.800049	5800	""osoba3""
""osoba3""		1280.7001	1280700	1284.6001	1284600	4.9000244	4900	""osoba3""
""osoba2""		1281.0	1281000	1281.3	1281300	1.3000488	1300	""osoba2""
""osoba3""		1282.8	1282800	1284.6001	1284600	2.8000488	2800	""osoba3""
""osoba4""		1282.8	1282800	1307.7001	1307700	25.900024	25900	""osoba4""
""osoba4""		1285.8	1285800	1307.7001	1307700	22.900024	22900	""osoba4""
""osoba2""		1286.1001	1286100	1287.3	1287300	2.1999512	2199	""osoba2""
""osoba4""		1288.5	1288500	1307.7001	1307700	20.200073	20200	""osoba4""
""osoba4""		1290.0	1290000	1307.7001	1307700	18.700073	18700	""osoba4""
""osoba4""		1291.2001	1291200	1307.7001	1307700	17.5	17500	""osoba4""
""osoba4""		1292.1001	1292100	1307.7001	1307700	16.599976	16599	""osoba4""
""osoba4""		1293.6001	1293600	1307.7001	1307700	15.099976	15099	""osoba4""
""osoba2""		1294.5	1294500	1294.5	1294500	1.0	1000	""osoba2""
""osoba4""		1295.4	1295400	1307.7001	1307700	13.300049	13300	""osoba4""
""osoba4""		1296.6001	1296600	1307.7001	1307700	12.099976	12099	""osoba4""
""osoba4""		1298.4	1298400	1307.7001	1307700	10.300049	10300	""osoba4""
""osoba4""		1299.6001	1299600	1307.7001	1307700	9.099976	9099	""osoba4""
""osoba4""		1302.6001	1302600	1307.7001	1307700	6.0999756	6099	""osoba4""
""osoba4""		1303.5	1303500	1307.7001	1307700	5.2000732	5200	""osoba4""
""osoba3""		1307.4	1307400	1313.1001	1313100	6.7000732	6700	""osoba3""
""osoba4""		1307.4	1307400	1307.7001	1307700	1.3000488	1300	""osoba4""
""osoba3""		1309.2001	1309200	1313.1001	1313100	4.9000244	4900	""osoba3""
""osoba3""		1311.0	1311000	1313.1001	1313100	3.1000977	3100	""osoba3""
""osoba3""		1311.9	1311900	1313.1001	1313100	2.2000732	2200	""osoba3""
""osoba4""		1312.8	1312800	1314.3	1314300	2.5	2500	""osoba4""
""osoba1""		1314.6001	1314600	1346.7001	1346700	33.099976	33099	""osoba1""
""osoba1""		1316.7001	1316700	1346.7001	1346700	31.0	31000	""osoba1""
""osoba1""		1318.2001	1318200	1346.7001	1346700	29.5	29500	""osoba1""
""osoba1""		1319.4	1319400	1346.7001	1346700	28.300049	28300	""osoba1""
""osoba1""		1320.0	1320000	1346.7001	1346700	27.700073	27700	""osoba1""
""osoba3""		1320.6001	1320600	1320.9	1320900	1.2999268	1299	""osoba3""
""osoba1""		1321.2001	1321200	1346.7001	1346700	26.5	26500	""osoba1""
""osoba1""		1323.0	1323000	1346.7001	1346700	24.700073	24700	""osoba1""
""osoba1""		1325.4	1325400	1346.7001	1346700	22.300049	22300	""osoba1""
""osoba4""		1327.8	1327800	1330.8	1330800	4.0	4000	""osoba4""
""osoba1""		1334.4	1334400	1346.7001	1346700	13.300049	13300	""osoba1""
""osoba1""		1335.0	1335000	1346.7001	1346700	12.700073	12700	""osoba1""
""osoba1""		1337.7001	1337700	1346.7001	1346700	10.0	10000	""osoba1""
""osoba1""		1338.9	1338900	1346.7001	1346700	8.800049	8800	""osoba1""
""osoba1""		1340.7001	1340700	1346.7001	1346700	7.0	7000	""osoba1""
""osoba1""		1343.4	1343400	1346.7001	1346700	4.300049	4300	""osoba1""
""osoba1""		1344.6001	1344600	1346.7001	1346700	3.0999756	3099	""osoba1""
""osoba1""		1345.8	1345800	1346.7001	1346700	1.9000244	1900	""osoba1""
""osoba4""		1346.4	1346400	1351.5	1351500	6.0999756	6099	""osoba4""
""osoba4""		1347.9	1347900	1351.5	1351500	4.5999756	4599	""osoba4""
""osoba2""		1348.5	1348500	1355.7001	1355700	8.200073	8200	""osoba2""
""osoba3""		1355.7001	1355700	1368.6001	1368600	13.900024	13900	""osoba3""
""osoba3""		1356.9	1356900	1368.6001	1368600	12.700073	12700	""osoba3""
""osoba3""		1360.5	1360500	1368.6001	1368600	9.100098	9100	""osoba3""
""osoba3""		1361.1001	1361100	1368.6001	1368600	8.5	8500	""osoba3""
""osoba3""		1361.7001	1361700	1368.6001	1368600	7.9000244	7900	""osoba3""
""osoba2""		1363.2001	1363200	1364.4	1364400	2.1999512	2199	""osoba2""
""osoba3""		1365.6001	1365600	1368.6001	1368600	4.0	4000	""osoba3""
""osoba3""		1368.0	1368000	1368.6001	1368600	1.6000977	1600	""osoba3""
""osoba1""		1368.3	1368300	1381.2001	1381200	13.900024	13900	""osoba1""
""osoba3""		1368.6001	1368600	1368.6001	1368600	1.0	1000	""osoba3""
""osoba1""		1370.7001	1370700	1381.2001	1381200	11.5	11500	""osoba1""
""osoba1""		1373.7001	1373700	1381.2001	1381200	8.5	8500	""osoba1""
""osoba1""		1375.8	1375800	1381.2001	1381200	6.4000244	6400	""osoba1""
""osoba1""		1379.7001	1379700	1381.2001	1381200	2.5	2500	""osoba1""
""osoba1""		1380.3	1380300	1381.2001	1381200	1.9000244	1900	""osoba1""
""osoba3""		1380.6001	1380600	1385.7001	1385700	6.0999756	6099	""osoba3""
""osoba4""		1383.9	1383900	1388.4	1388400	5.5	5500	""osoba4""
""osoba1""		1384.5	1384500	1386.0	1386000	2.5	2500	""osoba1""
""osoba4""		1387.8	1387800	1388.4	1388400	1.5999756	1599	""osoba4""
""osoba2""		1388.7001	1388700	1400.7001	1400700	13.0	13000	""osoba2""
""osoba1""		1389.6001	1389600	1389.6001	1389600	1.0	1000	""osoba1""
""osoba2""		1390.5	1390500	1400.7001	1400700	11.200073	11200	""osoba2""
""osoba2""		1391.1001	1391100	1400.7001	1400700	10.599976	10599	""osoba2""
""osoba2""		1392.9	1392900	1400.7001	1400700	8.800049	8800	""osoba2""
""osoba4""		1394.4	1394400	1395.0	1395000	1.5999756	1599	""osoba4""
""osoba2""		1396.8	1396800	1400.7001	1400700	4.9000244	4900	""osoba2""
""osoba2""		1398.6001	1398600	1400.7001	1400700	3.0999756	3099	""osoba2""
""osoba2""		1400.7001	1400700	1400.7001	1400700	1.0	1000	""osoba2""
""osoba4""		1400.7001	1400700	1412.4	1412400	12.699951	12699	""osoba4""
""osoba4""		1404.9	1404900	1412.4	1412400	8.5	8500	""osoba4""
""osoba3""		1407.9	1407900	1407.9	1407900	1.0	1000	""osoba3""
""osoba2""		1410.9	1410900	1427.1001	1427100	17.200073	17200	""osoba2""
""osoba2""		1413.0	1413000	1427.1001	1427100	15.100098	15100	""osoba2""
""osoba2""		1413.9	1413900	1427.1001	1427100	14.200073	14200	""osoba2""
""osoba2""		1415.4	1415400	1427.1001	1427100	12.700073	12700	""osoba2""
""osoba2""		1417.5	1417500	1427.1001	1427100	10.600098	10600	""osoba2""
""osoba2""		1422.3	1422300	1427.1001	1427100	5.800049	5800	""osoba2""
""osoba3""		1422.6001	1422600	1422.6001	1422600	1.0	1000	""osoba3""
""osoba2""		1422.9	1422900	1427.1001	1427100	5.2000732	5200	""osoba2""
""osoba2""		1423.5	1423500	1427.1001	1427100	4.6000977	4600	""osoba2""
""osoba4""		1425.0	1425000	1443.3	1443300	19.300049	19300	""osoba4""
""osoba2""		1426.8	1426800	1427.1001	1427100	1.3000488	1300	""osoba2""
""osoba4""		1426.8	1426800	1443.3	1443300	17.5	17500	""osoba4""
""osoba4""		1428.9	1428900	1443.3	1443300	15.400024	15400	""osoba4""
""osoba3""		1430.1001	1430100	1433.1001	1433100	4.0	4000	""osoba3""
""osoba4""		1431.9	1431900	1443.3	1443300	12.400024	12400	""osoba4""
""osoba4""		1434.3	1434300	1443.3	1443300	10.0	10000	""osoba4""
""osoba2""		1435.2001	1435200	1438.8	1438800	4.5999756	4599	""osoba2""
""osoba3""		1437.3	1437300	1437.9	1437900	1.5999756	1599	""osoba3""
""osoba4""		1441.8	1441800	1443.3	1443300	2.5	2500	""osoba4""
""osoba4""		1442.4	1442400	1443.3	1443300	1.9000244	1900	""osoba4""
""osoba2""		1443.3	1443300	1454.1001	1454100	11.800049	11800	""osoba2""
""osoba2""		1445.4	1445400	1454.1001	1454100	9.700073	9700	""osoba2""
""osoba2""		1446.3	1446300	1454.1001	1454100	8.800049	8800	""osoba2""
""osoba2""		1447.5	1447500	1454.1001	1454100	7.6000977	7600	""osoba2""
""osoba2""		1449.0	1449000	1454.1001	1454100	6.1000977	6100	""osoba2""
""osoba1""		1449.6001	1449600	1453.5	1453500	4.8999023	4899	""osoba1""
""osoba1""		1451.1001	1451100	1453.5	1453500	3.3999023	3399	""osoba1""
""osoba2""		1451.7001	1451700	1454.1001	1454100	3.4000244	3400	""osoba2""
""osoba1""		1452.6001	1452600	1453.5	1453500	1.8999023	1899	""osoba1""
""osoba4""		1454.1001	1454100	1473.0	1473000	19.899902	19899	""osoba4""
""osoba4""		1457.1001	1457100	1473.0	1473000	16.899902	16899	""osoba4""
""osoba4""		1458.0	1458000	1473.0	1473000	16.0	16000	""osoba4""
""osoba1""		1458.3	1458300	1458.9	1458900	1.5999756	1599	""osoba1""
""osoba1""		1462.8	1462800	1464.0	1464000	2.1999512	2199	""osoba1""
""osoba1""		1463.7001	1463700	1464.0	1464000	1.2999268	1299	""osoba1""
""osoba4""		1463.7001	1463700	1473.0	1473000	10.299927	10299	""osoba4""
""osoba4""		1465.8	1465800	1473.0	1473000	8.199951	8199	""osoba4""
""osoba2""		1466.1001	1466100	1468.5	1468500	3.3999023	3399	""osoba2""
""osoba2""		1467.3	1467300	1468.5	1468500	2.1999512	2199	""osoba2""
""osoba4""		1469.7001	1469700	1473.0	1473000	4.2999268	4299	""osoba4""
""osoba4""		1471.8	1471800	1473.0	1473000	2.1999512	2199	""osoba4""
""osoba4""		1472.7001	1472700	1473.0	1473000	1.2999268	1299	""osoba4""
""osoba2""		1473.0	1473000	1483.8	1483800	11.800049	11800	""osoba2""
""osoba2""		1475.7001	1475700	1483.8	1483800	9.099976	9099	""osoba2""
""osoba2""		1480.2001	1480200	1483.8	1483800	4.5999756	4599	""osoba2""
""osoba2""		1481.7001	1481700	1483.8	1483800	3.0999756	3099	""osoba2""
""osoba4""		1482.9	1482900	1487.7001	1487700	5.800049	5800	""osoba4""
""osoba4""		1485.6001	1485600	1487.7001	1487700	3.0999756	3099	""osoba4""
""osoba3""		1487.4	1487400	1497.9	1497900	11.5	11500	""osoba3""
""osoba4""		1487.4	1487400	1487.7001	1487700	1.3000488	1300	""osoba4""
""osoba3""		1492.2001	1492200	1497.9	1497900	6.699951	6699	""osoba3""
""osoba4""		1497.3	1497300	1500.9	1500900	4.5999756	4599	""osoba4""
""osoba4""		1499.1001	1499100	1500.9	1500900	2.7999268	2799	""osoba4""
""osoba3""		1500.3	1500300	1502.4	1502400	3.0999756	3099	""osoba3""
""osoba3""		1501.8	1501800	1502.4	1502400	1.5999756	1599	""osoba3""
""osoba2""		1503.0	1503000	1508.7001	1508700	6.7000732	6700	""osoba2""
""osoba2""		1503.6001	1503600	1508.7001	1508700	6.0999756	6099	""osoba2""
""osoba3""		1504.5	1504500	1504.8	1504800	1.3000488	1300	""osoba3""
""osoba4""		1506.6001	1506600	1512.6001	1512600	7.0	7000	""osoba4""
""osoba2""		1506.9	1506900	1508.7001	1508700	2.8000488	2800	""osoba2""
""osoba2""		1508.4	1508400	1508.7001	1508700	1.3000488	1300	""osoba2""
""osoba4""		1508.4	1508400	1512.6001	1512600	5.2000732	5200	""osoba4""
""osoba4""		1509.9	1509900	1512.6001	1512600	3.7000732	3700	""osoba4""
""osoba4""		1510.8	1510800	1512.6001	1512600	2.8000488	2800	""osoba4""
""osoba2""		1513.2001	1513200	1517.4	1517400	5.199951	5199	""osoba2""
""osoba2""		1515.0	1515000	1517.4	1517400	3.4000244	3400	""osoba2""
""osoba3""		1515.0	1515000	1515.0	1515000	1.0	1000	""osoba3""
""osoba4""		1515.6001	1515600	1518.9	1518900	4.2999268	4299	""osoba4""
""osoba1""		1519.8	1519800	1527.3	1527300	8.5	8500	""osoba1""
""osoba4""		1521.0	1521000	1521.9	1521900	1.9000244	1900	""osoba4""
""osoba1""		1523.7001	1523700	1527.3	1527300	4.5999756	4599	""osoba1""
""osoba1""		1524.3	1524300	1527.3	1527300	4.0	4000	""osoba1""
""osoba1""		1526.7001	1526700	1527.3	1527300	1.5999756	1599	""osoba1""
""osoba1""		1527.3	1527300	1527.3	1527300	1.0	1000	""osoba1""
""osoba4""		1527.3	1527300	1529.1001	1529100	2.8000488	2800	""osoba4""
""osoba2""		1528.5	1528500	1535.1001	1535100	7.6000977	7600	""osoba2""
""osoba4""		1528.8	1528800	1529.1001	1529100	1.3000488	1300	""osoba4""
""osoba2""		1530.9	1530900	1535.1001	1535100	5.2000732	5200	""osoba2""
""osoba1""		1532.4	1532400	1534.5	1534500	3.0999756	3099	""osoba1""
""osoba4""		1534.5	1534500	1545.6001	1545600	12.100098	12100	""osoba4""
""osoba4""		1536.6001	1536600	1545.6001	1545600	10.0	10000	""osoba4""
""osoba4""		1539.6001	1539600	1545.6001	1545600	7.0	7000	""osoba4""
""osoba4""		1541.4	1541400	1545.6001	1545600	5.2000732	5200	""osoba4""
""osoba4""		1542.9	1542900	1545.6001	1545600	3.7000732	3700	""osoba4""
""osoba3""		1545.3	1545300	1548.3	1548300	4.0	4000	""osoba3""
""osoba4""		1545.3	1545300	1545.6001	1545600	1.3000488	1300	""osoba4""
""osoba3""		1546.8	1546800	1548.3	1548300	2.5	2500	""osoba3""
""osoba3""		1547.4	1547400	1548.3	1548300	1.9000244	1900	""osoba3""
""osoba1""		1547.7001	1547700	1558.8	1558800	12.099976	12099	""osoba1""
""osoba4""		1549.5001	1549500	1549.8	1549800	1.2999268	1299	""osoba4""
""osoba1""		1549.8	1549800	1558.8	1558800	10.0	10000	""osoba1""
""osoba2""		1549.8	1549800	1549.8	1549800	1.0	1000	""osoba2""
""osoba1""		1551.0001	1551000	1558.8	1558800	8.799927	8799	""osoba1""
""osoba3""		1552.2001	1552200	1552.8	1552800	1.5999756	1599	""osoba3""
""osoba1""		1552.5001	1552500	1558.8	1558800	7.2999268	7299	""osoba1""
""osoba2""		1555.2001	1555200	1556.1001	1556100	1.9000244	1900	""osoba2""
""osoba4""		1555.8	1555800	1556.1001	1556100	1.3000488	1300	""osoba4""
""osoba4""		1558.5001	1558500	1570.2001	1570200	12.699951	12699	""osoba4""
""osoba4""		1563.0001	1563000	1570.2001	1570200	8.199951	8199	""osoba4""
""osoba4""		1565.1001	1565100	1570.2001	1570200	6.0999756	6099	""osoba4""
""osoba2""		1569.3	1569300	1572.0001	1572000	3.7000732	3700	""osoba2""
""osoba1""		1571.7001	1571700	1572.6001	1572600	1.9000244	1900	""osoba1""
""osoba3""		1572.3	1572300	1576.8	1576800	5.5	5500	""osoba3""
""osoba3""		1573.8	1573800	1576.8	1576800	4.0	4000	""osoba3""
""osoba1""		1574.7001	1574700	1575.0001	1575000	1.3000488	1300	""osoba1""
""osoba3""		1575.0001	1575000	1576.8	1576800	2.7999268	2799	""osoba3""
""osoba4""		1575.9	1575900	1589.1001	1589100	14.200073	14200	""osoba4""
""osoba4""		1577.7001	1577700	1589.1001	1589100	12.400024	12400	""osoba4""
""osoba4""		1578.3	1578300	1589.1001	1589100	11.800049	11800	""osoba4""
""osoba4""		1578.9	1578900	1589.1001	1589100	11.200073	11200	""osoba4""
""osoba4""		1580.7001	1580700	1589.1001	1589100	9.400024	9400	""osoba4""
""osoba4""		1581.9	1581900	1589.1001	1589100	8.200073	8200	""osoba4""
""osoba4""		1583.1001	1583100	1589.1001	1589100	7.0	7000	""osoba4""
""osoba3""		1583.7001	1583700	1596.0001	1596000	13.300049	13300	""osoba3""
""osoba3""		1585.5001	1585500	1596.0001	1596000	11.5	11500	""osoba3""
""osoba4""		1585.8	1585800	1589.1001	1589100	4.300049	4300	""osoba4""
""osoba2""		1589.7001	1589700	1593.0001	1593000	4.300049	4300	""osoba2""
""osoba1""		1591.2001	1591200	1592.1001	1592100	1.9000244	1900	""osoba1""
""osoba3""		1592.4	1592400	1596.0001	1596000	4.6000977	4600	""osoba3""
""osoba3""		1593.6001	1593600	1596.0001	1596000	3.4000244	3400	""osoba3""
""osoba2""		1595.4	1595400	1596.6001	1596600	2.2000732	2200	""osoba2""
""osoba3""		1595.4	1595400	1596.0001	1596000	1.6000977	1600	""osoba3""
""osoba4""		1597.2001	1597200	1599.6001	1599600	3.4000244	3400	""osoba4""
""osoba2""		1599.3	1599300	1608.3	1608300	10.0	10000	""osoba2""
""osoba4""		1599.3	1599300	1599.6001	1599600	1.3000488	1300	""osoba4""
""osoba2""		1600.5001	1600500	1608.3	1608300	8.799927	8799	""osoba2""
""osoba2""		1602.6001	1602600	1608.3	1608300	6.699951	6699	""osoba2""
""osoba2""		1603.2001	1603200	1608.3	1608300	6.0999756	6099	""osoba2""
""osoba3""		1603.5001	1603500	1620.3	1620300	17.799927	17799	""osoba3""
""osoba3""		1605.6001	1605600	1620.3	1620300	15.699951	15699	""osoba3""
""osoba2""		1607.1001	1607100	1608.3	1608300	2.1999512	2199	""osoba2""
""osoba3""		1609.8	1609800	1620.3	1620300	11.5	11500	""osoba3""
""osoba3""		1611.0001	1611000	1620.3	1620300	10.299927	10299	""osoba3""
""osoba3""		1612.5001	1612500	1620.3	1620300	8.799927	8799	""osoba3""
""osoba3""		1614.3	1614300	1620.3	1620300	7.0	7000	""osoba3""
""osoba3""		1615.2001	1615200	1620.3	1620300	6.0999756	6099	""osoba3""
""osoba3""		1617.0001	1617000	1620.3	1620300	4.2999268	4299	""osoba3""
