"default"		0.0	0	1.0	1000	1.0	1000	BEGIN
"default"		1620.3	1620300	1620.31	1621300	1.0	1000	END
""osoba4""		7.8	7800	48.0	48000	41.2	41200	""osoba4""
""osoba4""		10.8	10800	48.0	48000	38.2	38200	""osoba4""
""osoba4""		17.7	17700	48.0	48000	31.3	31300	""osoba4""
""osoba4""		20.1	20100	48.0	48000	28.9	28900	""osoba4""
""osoba4""		21.900002	21900	48.0	48000	27.099998	27099	""osoba4""
""osoba4""		23.400002	23400	48.0	48000	25.599998	25599	""osoba4""
""osoba3""		24.0	24000	27.000002	27000	4.000002	4000	""osoba3""
""osoba4""		27.900002	27900	48.0	48000	21.099998	21099	""osoba4""
""osoba4""		29.1	29100	48.0	48000	19.9	19900	""osoba4""
""osoba4""		30.300001	30300	48.0	48000	18.699999	18699	""osoba4""
""osoba2""		32.100002	32100	33.9	33900	2.7999992	2799	""osoba2""
""osoba3""		32.7	32700	33.0	33000	1.2999992	1299	""osoba3""
""osoba4""		33.600002	33600	48.0	48000	15.399998	15399	""osoba4""
""osoba4""		34.5	34500	48.0	48000	14.5	14500	""osoba4""
""osoba4""		36.600002	36600	48.0	48000	12.399998	12399	""osoba4""
""osoba2""		37.2	37200	37.2	37200	1.0	1000	""osoba2""
""osoba4""		38.7	38700	48.0	48000	10.299999	10299	""osoba4""
""osoba4""		40.2	40200	48.0	48000	8.799999	8799	""osoba4""
""osoba4""		42.300003	42300	48.0	48000	6.699997	6699	""osoba4""
""osoba3""		45.600002	45600	47.4	47400	2.7999992	2799	""osoba3""
""osoba2""		46.800003	46800	49.500004	49500	3.7000008	3700	""osoba2""
""osoba4""		46.800003	46800	48.0	48000	2.199997	2199	""osoba4""
""osoba3""		50.100002	50100	53.100002	53100	4.0	4000	""osoba3""
""osoba4""		51.000004	51000	57.600002	57600	7.5999985	7599	""osoba4""
""osoba4""		55.2	55200	57.600002	57600	3.4000015	3400	""osoba4""
""osoba4""		56.100002	56100	57.600002	57600	2.5	2500	""osoba4""
""osoba3""		57.300003	57300	60.9	60900	4.5999985	4599	""osoba3""
""osoba3""		58.500004	58500	60.9	60900	3.3999977	3399	""osoba3""
""osoba3""		59.100002	59100	60.9	60900	2.7999992	2799	""osoba3""
""osoba2""		60.9	60900	63.9	63900	4.0	4000	""osoba2""
""osoba3""		67.8	67800	83.4	83400	16.599998	16599	""osoba3""
""osoba3""		70.200005	70200	83.4	83400	14.199997	14199	""osoba3""
""osoba3""		71.700005	71700	83.4	83400	12.699997	12699	""osoba3""
""osoba3""		74.4	74400	83.4	83400	10.0	10000	""osoba3""
""osoba3""		76.5	76500	83.4	83400	7.9000015	7900	""osoba3""
""osoba3""		80.100006	80100	83.4	83400	4.2999954	4299	""osoba3""
""osoba3""		81.3	81300	83.4	83400	3.0999985	3099	""osoba3""
""osoba4""		83.4	83400	85.8	85800	3.4000015	3400	""osoba4""
""osoba1""		85.8	85800	86.700005	86700	1.9000015	1900	""osoba1""
""osoba3""		86.700005	86700	91.200005	91200	5.5	5500	""osoba3""
""osoba3""		87.9	87900	91.200005	91200	4.300003	4300	""osoba3""
""osoba4""		88.200005	88200	88.200005	88200	1.0	1000	""osoba4""
""osoba1""		90.9	90900	92.4	92400	2.5	2500	""osoba1""
""osoba3""		97.50001	97500	104.4	104400	7.899994	7899	""osoba3""
""osoba3""		99.600006	99600	104.4	104400	5.7999954	5799	""osoba3""
""osoba3""		100.200005	100200	104.4	104400	5.199997	5199	""osoba3""
""osoba3""		100.8	100800	104.4	104400	4.5999985	4599	""osoba3""
""osoba1""		102.9	102900	104.100006	104100	2.2000046	2200	""osoba1""
""osoba4""		102.9	102900	102.9	102900	1.0	1000	""osoba4""
""osoba3""		106.50001	106500	137.70001	137700	32.200005	32200	""osoba3""
""osoba3""		107.4	107400	137.70001	137700	31.30001	31300	""osoba3""
""osoba3""		108.600006	108600	137.70001	137700	30.100006	30100	""osoba3""
""osoba3""		109.200005	109200	137.70001	137700	29.500008	29500	""osoba3""
""osoba2""		110.4	110400	111.00001	111000	1.6000061	1600	""osoba2""
""osoba3""		114.3	114300	137.70001	137700	24.40001	24400	""osoba3""
""osoba2""		115.200005	115200	116.4	116400	2.199997	2199	""osoba2""
""osoba3""		116.100006	116100	137.70001	137700	22.600006	22600	""osoba3""
""osoba3""		117.00001	117000	137.70001	137700	21.700005	21700	""osoba3""
""osoba3""		119.100006	119100	137.70001	137700	19.600006	19600	""osoba3""
""osoba3""		122.700005	122700	137.70001	137700	16.000008	16000	""osoba3""
""osoba3""		123.9	123900	137.70001	137700	14.800011	14800	""osoba3""
""osoba3""		125.100006	125100	137.70001	137700	13.600006	13600	""osoba3""
""osoba3""		127.50001	127500	137.70001	137700	11.200005	11200	""osoba3""
""osoba3""		128.40001	128400	137.70001	137700	10.300003	10300	""osoba3""
""osoba4""		128.70001	128700	128.70001	128700	1.0	1000	""osoba4""
""osoba3""		129.3	129300	137.70001	137700	9.400009	9400	""osoba3""
""osoba3""		131.1	131100	137.70001	137700	7.600006	7600	""osoba3""
""osoba3""		135.6	135600	137.70001	137700	3.100006	3100	""osoba3""
""osoba3""		136.20001	136200	137.70001	137700	2.5	2500	""osoba3""
""osoba3""		137.40001	137400	137.70001	137700	1.300003	1300	""osoba3""
""osoba2""		137.70001	137700	138.3	138300	1.5999908	1599	""osoba2""
""osoba3""		141.0	141000	147.6	147600	7.600006	7600	""osoba3""
""osoba3""		141.90001	141900	147.6	147600	6.699997	6699	""osoba3""
""osoba3""		144.0	144000	147.6	147600	4.600006	4600	""osoba3""
""osoba3""		144.6	144600	147.6	147600	4.0	4000	""osoba3""
""osoba2""		145.8	145800	147.90001	147900	3.100006	3100	""osoba2""
""osoba3""		146.1	146100	147.6	147600	2.5	2500	""osoba3""
""osoba3""		152.1	152100	156.0	156000	4.899994	4899	""osoba3""
""osoba4""		153.0	153000	205.8	205800	53.800003	53800	""osoba4""
""osoba3""		154.20001	154200	156.0	156000	2.7999878	2799	""osoba3""
""osoba3""		155.70001	155700	156.0	156000	1.2999878	1299	""osoba3""
""osoba4""		156.90001	156900	205.8	205800	49.899994	49899	""osoba4""
""osoba4""		158.1	158100	205.8	205800	48.699997	48699	""osoba4""
""osoba4""		159.3	159300	205.8	205800	47.5	47500	""osoba4""
""osoba4""		161.1	161100	205.8	205800	45.699997	45699	""osoba4""
""osoba4""		163.5	163500	205.8	205800	43.300003	43300	""osoba4""
""osoba4""		167.70001	167700	205.8	205800	39.09999	39099	""osoba4""
""osoba4""		169.5	169500	205.8	205800	37.300003	37300	""osoba4""
""osoba4""		170.1	170100	205.8	205800	36.699997	36699	""osoba4""
""osoba4""		171.6	171600	205.8	205800	35.199997	35199	""osoba4""
""osoba4""		174.3	174300	205.8	205800	32.5	32500	""osoba4""
""osoba1""		176.1	176100	177.90001	177900	2.800003	2800	""osoba1""
""osoba4""		179.70001	179700	205.8	205800	27.09999	27099	""osoba4""
""osoba4""		180.3	180300	205.8	205800	26.5	26500	""osoba4""
""osoba4""		181.5	181500	205.8	205800	25.300003	25300	""osoba4""
""osoba4""		183.90001	183900	205.8	205800	22.899994	22899	""osoba4""
""osoba4""		184.5	184500	205.8	205800	22.300003	22300	""osoba4""
""osoba4""		186.0	186000	205.8	205800	20.800003	20800	""osoba4""
""osoba4""		187.5	187500	205.8	205800	19.300003	19300	""osoba4""
""osoba4""		192.90001	192900	205.8	205800	13.899994	13899	""osoba4""
""osoba4""		193.50002	193500	205.8	205800	13.299988	13299	""osoba4""
""osoba4""		195.00002	195000	205.8	205800	11.799988	11799	""osoba4""
""osoba4""		196.20001	196200	205.8	205800	10.599991	10599	""osoba4""
""osoba4""		196.8	196800	205.8	205800	10.0	10000	""osoba4""
""osoba4""		199.50002	199500	205.8	205800	7.299988	7299	""osoba4""
""osoba4""		201.00002	201000	205.8	205800	5.799988	5799	""osoba4""
""osoba4""		201.6	201600	205.8	205800	5.199997	5199	""osoba4""
""osoba4""		202.8	202800	205.8	205800	4.0	4000	""osoba4""
""osoba2""		204.6	204600	204.90001	204900	1.300003	1300	""osoba2""
""osoba3""		204.6	204600	228.90001	228900	25.300003	25300	""osoba3""
""osoba3""		206.70001	206700	228.90001	228900	23.199997	23199	""osoba3""
""osoba3""		208.20001	208200	228.90001	228900	21.699997	21699	""osoba3""
""osoba3""		208.8	208800	228.90001	228900	21.100006	21100	""osoba3""
""osoba3""		211.50002	211500	228.90001	228900	18.399994	18399	""osoba3""
""osoba3""		213.6	213600	228.90001	228900	16.300003	16300	""osoba3""
""osoba3""		214.20001	214200	228.90001	228900	15.699997	15699	""osoba3""
""osoba3""		216.3	216300	228.90001	228900	13.600006	13600	""osoba3""
""osoba3""		216.90001	216900	228.90001	228900	13.0	13000	""osoba3""
""osoba3""		223.20001	223200	228.90001	228900	6.699997	6699	""osoba3""
""osoba4""		224.70001	224700	225.90001	225900	2.199997	2199	""osoba4""
""osoba1""		229.20001	229200	229.8	229800	1.5999908	1599	""osoba1""
""osoba4""		229.20001	229200	251.40001	251400	23.199997	23199	""osoba4""
""osoba4""		233.1	233100	251.40001	251400	19.300003	19300	""osoba4""
""osoba4""		234.3	234300	251.40001	251400	18.100006	18100	""osoba4""
""osoba4""		234.90001	234900	251.40001	251400	17.5	17500	""osoba4""
""osoba4""		236.1	236100	251.40001	251400	16.300003	16300	""osoba4""
""osoba3""		237.6	237600	239.70001	239700	3.100006	3100	""osoba3""
""osoba4""		237.6	237600	251.40001	251400	14.800003	14800	""osoba4""
""osoba4""		243.00002	243000	251.40001	251400	9.399994	9399	""osoba4""
""osoba4""		244.20001	244200	251.40001	251400	8.199997	8199	""osoba4""
""osoba4""		245.40001	245400	251.40001	251400	7.0	7000	""osoba4""
""osoba4""		246.3	246300	251.40001	251400	6.100006	6100	""osoba4""
""osoba4""		246.90001	246900	251.40001	251400	5.5	5500	""osoba4""
""osoba4""		248.40001	248400	251.40001	251400	4.0	4000	""osoba4""
""osoba3""		251.40001	251400	270.90002	270900	20.500015	20500	""osoba3""
""osoba3""		252.6	252600	270.90002	270900	19.300018	19300	""osoba3""
""osoba3""		254.40001	254400	270.90002	270900	17.500015	17500	""osoba3""
""osoba3""		255.00002	255000	270.90002	270900	16.90001	16900	""osoba3""
""osoba3""		256.2	256200	270.90002	270900	15.700012	15700	""osoba3""
""osoba4""		256.80002	256800	257.1	257100	1.2999878	1299	""osoba4""
""osoba3""		259.2	259200	270.90002	270900	12.700012	12700	""osoba3""
""osoba3""		260.7	260700	270.90002	270900	11.200012	11200	""osoba3""
""osoba3""		261.30002	261300	270.90002	270900	10.600006	10600	""osoba3""
""osoba3""		263.7	263700	270.90002	270900	8.200012	8200	""osoba3""
""osoba3""		266.7	266700	270.90002	270900	5.200012	5200	""osoba3""
""osoba3""		267.6	267600	270.90002	270900	4.3000183	4300	""osoba3""
""osoba1""		269.1	269100	270.0	270000	1.8999939	1899	""osoba1""
""osoba3""		269.1	269100	270.90002	270900	2.8000183	2800	""osoba3""
""osoba2""		269.40002	269400	270.90002	270900	2.5	2500	""osoba2""
""osoba3""		269.7	269700	270.90002	270900	2.2000122	2200	""osoba3""
""osoba3""		275.1	275100	276.90002	276900	2.8000183	2800	""osoba3""
""osoba3""		275.7	275700	276.90002	276900	2.2000122	2200	""osoba3""
""osoba1""		276.0	276000	277.80002	277800	2.8000183	2800	""osoba1""
""osoba3""		282.6	282600	286.80002	286800	5.200012	5200	""osoba3""
""osoba3""		285.90002	285900	286.80002	286800	1.8999939	1899	""osoba3""
""osoba3""		286.5	286500	286.80002	286800	1.3000183	1300	""osoba3""
""osoba4""		286.80002	286800	296.7	296700	10.899994	10899	""osoba4""
""osoba4""		290.40002	290400	296.7	296700	7.299988	7299	""osoba4""
""osoba4""		292.2	292200	296.7	296700	5.5	5500	""osoba4""
""osoba4""		292.80002	292800	296.7	296700	4.899994	4899	""osoba4""
""osoba3""		295.80002	295800	323.7	323700	28.899994	28899	""osoba3""
""osoba3""		299.1	299100	323.7	323700	25.600006	25600	""osoba3""
""osoba3""		300.0	300000	323.7	323700	24.700012	24700	""osoba3""
""osoba3""		301.80002	301800	323.7	323700	22.899994	22899	""osoba3""
""osoba3""		306.0	306000	323.7	323700	18.700012	18700	""osoba3""
""osoba3""		307.80002	307800	323.7	323700	16.899994	16899	""osoba3""
""osoba3""		316.2	316200	323.7	323700	8.5	8500	""osoba3""
""osoba4""		316.5	316500	317.40002	317400	1.9000244	1900	""osoba4""
""osoba3""		316.80002	316800	323.7	323700	7.899994	7899	""osoba3""
""osoba3""		320.1	320100	323.7	323700	4.600006	4600	""osoba3""
""osoba1""		323.1	323100	324.30002	324300	2.2000122	2200	""osoba1""
""osoba3""		329.1	329100	367.2	367200	39.100006	39100	""osoba3""
""osoba3""		331.5	331500	367.2	367200	36.700012	36700	""osoba3""
""osoba3""		332.1	332100	367.2	367200	36.100006	36100	""osoba3""
""osoba3""		332.7	332700	367.2	367200	35.5	35500	""osoba3""
""osoba3""		333.30002	333300	367.2	367200	34.899994	34899	""osoba3""
""osoba3""		335.1	335100	367.2	367200	33.100006	33100	""osoba3""
""osoba3""		335.7	335700	367.2	367200	32.5	32500	""osoba3""
""osoba3""		336.6	336600	367.2	367200	31.600006	31600	""osoba3""
""osoba3""		337.2	337200	367.2	367200	31.0	31000	""osoba3""
""osoba3""		339.30002	339300	367.2	367200	28.899994	28899	""osoba3""
""osoba3""		341.40002	341400	367.2	367200	26.799988	26799	""osoba3""
""osoba3""		344.1	344100	367.2	367200	24.100006	24100	""osoba3""
""osoba1""		345.0	345000	345.0	345000	1.0	1000	""osoba1""
""osoba3""		347.1	347100	367.2	367200	21.100006	21100	""osoba3""
""osoba3""		348.0	348000	367.2	367200	20.200012	20200	""osoba3""
""osoba2""		348.90002	348900	351.6	351600	3.6999817	3699	""osoba2""
""osoba3""		353.1	353100	367.2	367200	15.100006	15100	""osoba3""
""osoba3""		355.2	355200	367.2	367200	13.0	13000	""osoba3""
""osoba3""		357.0	357000	367.2	367200	11.200012	11200	""osoba3""
""osoba3""		358.2	358200	367.2	367200	10.0	10000	""osoba3""
""osoba3""		358.80002	358800	367.2	367200	9.399994	9399	""osoba3""
""osoba3""		359.7	359700	367.2	367200	8.5	8500	""osoba3""
""osoba3""		360.90002	360900	367.2	367200	7.299988	7299	""osoba3""
""osoba3""		362.40002	362400	367.2	367200	5.799988	5799	""osoba3""
""osoba3""		363.90002	363900	367.2	367200	4.299988	4299	""osoba3""
""osoba3""		365.1	365100	367.2	367200	3.100006	3100	""osoba3""
""osoba4""		367.5	367500	370.2	370200	3.7000122	3700	""osoba4""
""osoba4""		369.0	369000	370.2	370200	2.2000122	2200	""osoba4""
""osoba3""		369.30002	369300	372.6	372600	4.299988	4299	""osoba3""
""osoba3""		371.1	371100	372.6	372600	2.5	2500	""osoba3""
""osoba3""		371.7	371700	372.6	372600	1.8999939	1899	""osoba3""
""osoba4""		372.30002	372300	378.6	378600	7.299988	7299	""osoba4""
""osoba4""		373.5	373500	378.6	378600	6.100006	6100	""osoba4""
""osoba4""		374.7	374700	378.6	378600	4.899994	4899	""osoba4""
""osoba3""		375.30002	375300	377.1	377100	2.7999878	2799	""osoba3""
""osoba4""		378.30002	378300	378.6	378600	1.2999878	1299	""osoba4""
""osoba2""		378.6	378600	379.2	379200	1.6000061	1600	""osoba2""
""osoba3""		379.5	379500	383.1	383100	4.600006	4600	""osoba3""
""osoba2""		383.1	383100	383.1	383100	1.0	1000	""osoba2""
""osoba4""		383.1	383100	388.80002	388800	6.700012	6700	""osoba4""
""osoba4""		384.30002	384300	388.80002	388800	5.5	5500	""osoba4""
""osoba4""		385.80002	385800	388.80002	388800	4.0	4000	""osoba4""
""osoba2""		387.6	387600	389.40002	389400	2.8000183	2800	""osoba2""
""osoba3""		398.1	398100	400.80002	400800	3.7000122	3700	""osoba3""
""osoba4""		400.50003	400500	431.40002	431400	31.899994	31899	""osoba4""
""osoba4""		403.80002	403800	431.40002	431400	28.600006	28600	""osoba4""
""osoba4""		405.6	405600	431.40002	431400	26.800018	26800	""osoba4""
""osoba4""		408.90002	408900	431.40002	431400	23.5	23500	""osoba4""
""osoba4""		410.40002	410400	431.40002	431400	22.0	22000	""osoba4""
""osoba4""		411.90002	411900	431.40002	431400	20.5	20500	""osoba4""
""osoba4""		412.80002	412800	431.40002	431400	19.600006	19600	""osoba4""
""osoba4""		413.40002	413400	431.40002	431400	19.0	19000	""osoba4""
""osoba4""		414.90002	414900	431.40002	431400	17.5	17500	""osoba4""
""osoba1""		415.80002	415800	418.2	418200	3.399994	3399	""osoba1""
""osoba4""		420.00003	420000	431.40002	431400	12.399994	12399	""osoba4""
""osoba2""		420.6	420600	420.6	420600	1.0	1000	""osoba2""
""osoba4""		421.50003	421500	431.40002	431400	10.899994	10899	""osoba4""
""osoba4""		422.1	422100	431.40002	431400	10.300018	10300	""osoba4""
""osoba4""		424.2	424200	431.40002	431400	8.200012	8200	""osoba4""
""osoba4""		425.7	425700	431.40002	431400	6.700012	6700	""osoba4""
""osoba2""		427.2	427200	429.30002	429300	3.100006	3100	""osoba2""
""osoba4""		428.1	428100	431.40002	431400	4.3000183	4300	""osoba4""
""osoba4""		430.80002	430800	431.40002	431400	1.6000061	1600	""osoba4""
""osoba4""		431.40002	431400	431.40002	431400	1.0	1000	""osoba4""
""osoba3""		431.7	431700	438.30002	438300	7.600006	7600	""osoba3""
""osoba3""		434.40002	434400	438.30002	438300	4.899994	4899	""osoba3""
""osoba3""		435.30002	435300	438.30002	438300	4.0	4000	""osoba3""
""osoba1""		437.1	437100	438.90002	438900	2.8000183	2800	""osoba1""
""osoba3""		444.6	444600	487.80002	487800	44.200012	44200	""osoba3""
""osoba4""		445.2	445200	445.2	445200	1.0	1000	""osoba4""
""osoba3""		447.90002	447900	487.80002	487800	40.899994	40899	""osoba3""
""osoba3""		448.50003	448500	487.80002	487800	40.299988	40299	""osoba3""
""osoba3""		450.90002	450900	487.80002	487800	37.899994	37899	""osoba3""
""osoba3""		453.30002	453300	487.80002	487800	35.5	35500	""osoba3""
""osoba3""		454.50003	454500	487.80002	487800	34.299988	34299	""osoba3""
""osoba3""		456.6	456600	487.80002	487800	32.200012	32200	""osoba3""
""osoba3""		459.6	459600	487.80002	487800	29.200012	29200	""osoba3""
""osoba3""		462.90002	462900	487.80002	487800	25.899994	25899	""osoba3""
""osoba3""		465.6	465600	487.80002	487800	23.200012	23200	""osoba3""
""osoba4""		465.6	465600	465.6	465600	1.0	1000	""osoba4""
""osoba3""		466.50003	466500	487.80002	487800	22.299988	22299	""osoba3""
""osoba3""		468.00003	468000	487.80002	487800	20.799988	20799	""osoba3""
""osoba3""		470.1	470100	487.80002	487800	18.700012	18700	""osoba3""
""osoba3""		476.1	476100	487.80002	487800	12.700012	12700	""osoba3""
""osoba3""		479.40002	479400	487.80002	487800	9.399994	9399	""osoba3""
""osoba1""		483.00003	483000	483.00003	483000	1.0	1000	""osoba1""
""osoba4""		483.00003	483000	489.30002	489300	7.299988	7299	""osoba4""
""osoba3""		484.2	484200	487.80002	487800	4.600006	4600	""osoba3""
""osoba4""		485.40002	485400	489.30002	489300	4.899994	4899	""osoba4""
""osoba3""		485.7	485700	487.80002	487800	3.100006	3100	""osoba3""
""osoba4""		486.30002	486300	489.30002	489300	4.0	4000	""osoba4""
""osoba3""		486.6	486600	487.80002	487800	2.2000122	2200	""osoba3""
""osoba2""		489.30002	489300	490.80002	490800	2.5	2500	""osoba2""
""osoba3""		490.2	490200	491.1	491100	1.8999939	1899	""osoba3""
""osoba1""		490.50003	490500	491.7	491700	2.1999817	2199	""osoba1""
""osoba4""		499.2	499200	552.30005	552300	54.100037	54100	""osoba4""
""osoba4""		500.7	500700	552.30005	552300	52.600037	52600	""osoba4""
""osoba4""		503.7	503700	552.30005	552300	49.600037	49600	""osoba4""
""osoba4""		505.50003	505500	552.30005	552300	47.80002	47800	""osoba4""
""osoba3""		510.00003	510000	510.90002	510900	1.8999939	1899	""osoba3""
""osoba4""		512.4	512400	552.30005	552300	40.900024	40900	""osoba4""
""osoba4""		513.9	513900	552.30005	552300	39.400024	39400	""osoba4""
""osoba4""		515.4	515400	552.30005	552300	37.900024	37900	""osoba4""
""osoba4""		516.0	516000	552.30005	552300	37.30005	37300	""osoba4""
""osoba1""		517.5	517500	518.7	518700	2.2000122	2200	""osoba1""
""osoba4""		517.5	517500	552.30005	552300	35.80005	35800	""osoba4""
""osoba3""		518.10004	518100	519.30005	519300	2.2000122	2200	""osoba3""
""osoba3""		525.60004	525600	526.5	526500	1.8999634	1899	""osoba3""
""osoba2""		525.9	525900	531.30005	531300	6.4000244	6400	""osoba2""
""osoba4""		534.30005	534300	552.30005	552300	19.0	19000	""osoba4""
""osoba4""		538.5	538500	552.30005	552300	14.800049	14800	""osoba4""
""osoba4""		540.30005	540300	552.30005	552300	13.0	13000	""osoba4""
""osoba4""		540.9	540900	552.30005	552300	12.400024	12400	""osoba4""
""osoba4""		541.5	541500	552.30005	552300	11.800049	11800	""osoba4""
""osoba4""		543.30005	543300	552.30005	552300	10.0	10000	""osoba4""
""osoba1""		543.60004	543600	543.9	543900	1.2999878	1299	""osoba1""
""osoba4""		546.60004	546600	552.30005	552300	6.700012	6700	""osoba4""
""osoba4""		547.2	547200	552.30005	552300	6.1000366	6100	""osoba4""
""osoba4""		549.60004	549600	552.30005	552300	3.7000122	3700	""osoba4""
""osoba4""		551.7	551700	552.30005	552300	1.6000366	1600	""osoba4""
""osoba3""		552.0	552000	556.80005	556800	5.800049	5800	""osoba3""
""osoba3""		553.2	553200	556.80005	556800	4.6000366	4600	""osoba3""
""osoba3""		554.4	554400	556.80005	556800	3.4000244	3400	""osoba3""
""osoba4""		555.0	555000	559.5	559500	5.5	5500	""osoba4""
""osoba2""		556.80005	556800	558.60004	558600	2.7999878	2799	""osoba2""
""osoba4""		558.0	558000	559.5	559500	2.5	2500	""osoba4""
""osoba3""		559.5	559500	596.7	596700	38.200012	38200	""osoba3""
""osoba3""		561.60004	561600	596.7	596700	36.099976	36099	""osoba3""
""osoba3""		562.80005	562800	596.7	596700	34.899963	34899	""osoba3""
""osoba3""		567.30005	567300	596.7	596700	30.399963	30399	""osoba3""
""osoba3""		567.9	567900	596.7	596700	29.799988	29799	""osoba3""
""osoba3""		571.2	571200	596.7	596700	26.5	26500	""osoba3""
""osoba3""		572.10004	572100	596.7	596700	25.599976	25599	""osoba3""
""osoba3""		573.30005	573300	596.7	596700	24.399963	24399	""osoba3""
""osoba3""		575.4	575400	596.7	596700	22.299988	22299	""osoba3""
""osoba4""		576.0	576000	576.0	576000	1.0	1000	""osoba4""
""osoba2""		576.30005	576300	578.4	578400	3.0999756	3099	""osoba2""
""osoba3""		576.30005	576300	596.7	596700	21.399963	21399	""osoba3""
""osoba3""		577.2	577200	596.7	596700	20.5	20500	""osoba3""
""osoba3""		579.30005	579300	596.7	596700	18.399963	18399	""osoba3""
""osoba3""		581.10004	581100	596.7	596700	16.599976	16599	""osoba3""
""osoba1""		591.0	591000	591.0	591000	1.0	1000	""osoba1""
""osoba2""		591.60004	591600	592.5	592500	1.8999634	1899	""osoba2""
""osoba3""		594.0	594000	596.7	596700	3.7000122	3700	""osoba3""
""osoba2""		597.0	597000	598.80005	598800	2.8000488	2800	""osoba2""
""osoba3""		599.10004	599100	599.10004	599100	1.0	1000	""osoba3""
""osoba1""		602.10004	602100	602.4	602400	1.2999878	1299	""osoba1""
""osoba3""		606.0	606000	614.7	614700	9.700012	9700	""osoba3""
""osoba3""		607.2	607200	614.7	614700	8.5	8500	""osoba3""
""osoba3""		608.4	608400	614.7	614700	7.299988	7299	""osoba3""
""osoba3""		609.30005	609300	614.7	614700	6.3999634	6399	""osoba3""
""osoba3""		611.7	611700	614.7	614700	4.0	4000	""osoba3""
""osoba4""		614.7	614700	622.5	622500	8.799988	8799	""osoba4""
""osoba1""		617.4	617400	617.7	617700	1.2999878	1299	""osoba1""
""osoba4""		619.2	619200	622.5	622500	4.299988	4299	""osoba4""
""osoba4""		619.80005	619800	622.5	622500	3.6999512	3699	""osoba4""
""osoba4""		621.0	621000	622.5	622500	2.5	2500	""osoba4""
""osoba4""		621.9	621900	622.5	622500	1.5999756	1599	""osoba4""
""osoba2""		622.2	622200	624.9	624900	3.7000122	3700	""osoba2""
""osoba3""		623.10004	623100	624.0	624000	1.8999634	1899	""osoba3""
""osoba1""		623.4	623400	625.5	625500	3.0999756	3099	""osoba1""
""osoba4""		625.5	625500	636.30005	636300	11.800049	11800	""osoba4""
""osoba4""		630.9	630900	636.30005	636300	6.4000244	6400	""osoba4""
""osoba4""		631.5	631500	636.30005	636300	5.800049	5800	""osoba4""
""osoba4""		632.10004	632100	636.30005	636300	5.200012	5200	""osoba4""
""osoba4""		633.0	633000	636.30005	636300	4.300049	4300	""osoba4""
""osoba4""		633.60004	633600	636.30005	636300	3.7000122	3700	""osoba4""
""osoba4""		634.80005	634800	636.30005	636300	2.5	2500	""osoba4""
""osoba1""		635.10004	635100	638.4	638400	4.299988	4299	""osoba1""
""osoba3""		636.30005	636300	636.30005	636300	1.0	1000	""osoba3""
""osoba4""		643.5	643500	650.10004	650100	7.6000366	7600	""osoba4""
""osoba4""		646.80005	646800	650.10004	650100	4.299988	4299	""osoba4""
""osoba3""		649.5	649500	668.4	668400	19.900024	19900	""osoba3""
""osoba3""		651.0	651000	668.4	668400	18.400024	18400	""osoba3""
""osoba3""		652.5	652500	668.4	668400	16.900024	16900	""osoba3""
""osoba3""		655.2	655200	668.4	668400	14.200012	14200	""osoba3""
""osoba3""		656.10004	656100	668.4	668400	13.299988	13299	""osoba3""
""osoba1""		658.80005	658800	658.80005	658800	1.0	1000	""osoba1""
""osoba3""		660.60004	660600	668.4	668400	8.799988	8799	""osoba3""
""osoba3""		662.7	662700	668.4	668400	6.700012	6700	""osoba3""
""osoba3""		663.60004	663600	668.4	668400	5.799988	5799	""osoba3""
""osoba3""		664.2	664200	668.4	668400	5.200012	5200	""osoba3""
""osoba3""		666.30005	666300	668.4	668400	3.0999756	3099	""osoba3""
""osoba3""		667.80005	667800	668.4	668400	1.5999756	1599	""osoba3""
""osoba4""		668.4	668400	672.0	672000	4.5999756	4599	""osoba4""
""osoba2""		668.7	668700	669.0	669000	1.2999878	1299	""osoba2""
""osoba4""		671.10004	671100	672.0	672000	1.8999634	1899	""osoba4""
""osoba3""		671.4	671400	680.7	680700	10.299988	10299	""osoba3""
""osoba3""		674.10004	674100	680.7	680700	7.5999756	7599	""osoba3""
""osoba3""		677.10004	677100	680.7	680700	4.5999756	4599	""osoba3""
""osoba3""		678.30005	678300	680.7	680700	3.3999634	3399	""osoba3""
""osoba3""		679.5	679500	680.7	680700	2.2000122	2200	""osoba3""
""osoba4""		679.80005	679800	736.5	736500	57.69995	57699	""osoba4""
""osoba4""		683.4	683400	736.5	736500	54.099976	54099	""osoba4""
""osoba4""		686.10004	686100	736.5	736500	51.399963	51399	""osoba4""
""osoba3""		686.4	686400	687.60004	687600	2.2000122	2200	""osoba3""
""osoba1""		687.30005	687300	687.30005	687300	1.0	1000	""osoba1""
""osoba4""		688.80005	688800	736.5	736500	48.69995	48699	""osoba4""
""osoba4""		690.60004	690600	736.5	736500	46.899963	46899	""osoba4""
""osoba4""		691.80005	691800	736.5	736500	45.69995	45699	""osoba4""
""osoba4""		693.9	693900	736.5	736500	43.599976	43599	""osoba4""
""osoba3""		697.2	697200	697.5	697500	1.2999878	1299	""osoba3""
""osoba4""		698.7	698700	736.5	736500	38.799988	38799	""osoba4""
""osoba4""		702.30005	702300	736.5	736500	35.19995	35199	""osoba4""
""osoba3""		703.5	703500	704.4	704400	1.9000244	1900	""osoba3""
""osoba4""		706.5	706500	736.5	736500	31.0	31000	""osoba4""
""osoba3""		708.30005	708300	709.5	709500	2.1999512	2199	""osoba3""
""osoba4""		715.5	715500	736.5	736500	22.0	22000	""osoba4""
""osoba4""		716.4	716400	736.5	736500	21.099976	21099	""osoba4""
""osoba4""		717.30005	717300	736.5	736500	20.199951	20199	""osoba4""
""osoba4""		720.60004	720600	736.5	736500	16.899963	16899	""osoba4""
""osoba2""		721.5	721500	721.80005	721800	1.3000488	1300	""osoba2""
""osoba4""		722.7	722700	736.5	736500	14.799988	14799	""osoba4""
""osoba4""		726.9	726900	736.5	736500	10.599976	10599	""osoba4""
""osoba4""		729.60004	729600	736.5	736500	7.8999634	7899	""osoba4""
""osoba4""		730.80005	730800	736.5	736500	6.699951	6699	""osoba4""
""osoba4""		732.9	732900	736.5	736500	4.5999756	4599	""osoba4""
""osoba4""		733.80005	733800	736.5	736500	3.6999512	3699	""osoba4""
""osoba4""		735.9	735900	736.5	736500	1.5999756	1599	""osoba4""
""osoba3""		736.2	736200	741.30005	741300	6.1000366	6100	""osoba3""
""osoba4""		738.60004	738600	743.7	743700	6.0999756	6099	""osoba4""
""osoba2""		738.9	738900	739.80005	739800	1.9000244	1900	""osoba2""
""osoba1""		739.5	739500	739.80005	739800	1.3000488	1300	""osoba1""
""osoba3""		740.4	740400	741.30005	741300	1.9000244	1900	""osoba3""
""osoba4""		740.7	740700	743.7	743700	4.0	4000	""osoba4""
""osoba4""		742.80005	742800	743.7	743700	1.8999634	1899	""osoba4""
""osoba1""		744.0	744000	747.60004	747600	4.6000366	4600	""osoba1""
""osoba3""		747.0	747000	759.9	759900	13.900024	13900	""osoba3""
""osoba3""		749.4	749400	759.9	759900	11.5	11500	""osoba3""
""osoba3""		750.9	750900	759.9	759900	10.0	10000	""osoba3""
""osoba3""		751.80005	751800	759.9	759900	9.099976	9099	""osoba3""
""osoba3""		756.30005	756300	759.9	759900	4.5999756	4599	""osoba3""
""osoba3""		757.80005	757800	759.9	759900	3.0999756	3099	""osoba3""
""osoba3""		758.4	758400	759.9	759900	2.5	2500	""osoba3""
""osoba3""		759.9	759900	759.9	759900	1.0	1000	""osoba3""
""osoba2""		760.2	760200	760.80005	760800	1.6000366	1600	""osoba2""
""osoba3""		762.30005	762300	767.4	767400	6.0999756	6099	""osoba3""
""osoba3""		763.5	763500	767.4	767400	4.9000244	4900	""osoba3""
""osoba3""		765.60004	765600	767.4	767400	2.7999878	2799	""osoba3""
""osoba3""		766.80005	766800	767.4	767400	1.5999756	1599	""osoba3""
""osoba4""		767.10004	767100	771.60004	771600	5.5	5500	""osoba4""
""osoba4""		770.10004	770100	771.60004	771600	2.5	2500	""osoba4""
""osoba3""		770.4	770400	780.9	780900	11.5	11500	""osoba3""
""osoba3""		776.7	776700	780.9	780900	5.200012	5200	""osoba3""
""osoba3""		777.60004	777600	780.9	780900	4.299988	4299	""osoba3""
""osoba3""		778.50006	778500	780.9	780900	3.3999634	3399	""osoba3""
""osoba4""		779.4	779400	784.2	784200	5.799988	5799	""osoba4""
""osoba3""		780.00006	780000	780.9	780900	1.8999634	1899	""osoba3""
""osoba3""		784.2	784200	809.7	809700	26.5	26500	""osoba3""
""osoba3""		786.30005	786300	809.7	809700	24.399963	24399	""osoba3""
""osoba3""		788.7	788700	809.7	809700	22.0	22000	""osoba3""
""osoba3""		791.10004	791100	809.7	809700	19.599976	19599	""osoba3""
""osoba4""		793.50006	793500	794.7	794700	2.1999512	2199	""osoba4""
""osoba3""		795.9	795900	809.7	809700	14.799988	14799	""osoba3""
""osoba4""		796.80005	796800	799.2	799200	3.3999634	3399	""osoba4""
""osoba3""		800.7	800700	809.7	809700	10.0	10000	""osoba3""
""osoba3""		805.80005	805800	809.7	809700	4.8999634	4899	""osoba3""
""osoba4""		810.00006	810000	815.4	815400	6.3999634	6399	""osoba4""
""osoba2""		812.4	812400	813.00006	813000	1.6000366	1600	""osoba2""
""osoba1""		812.7	812700	813.30005	813300	1.6000366	1600	""osoba1""
""osoba1""		813.30005	813300	813.30005	813300	1.0	1000	""osoba1""
""osoba4""		814.50006	814500	815.4	815400	1.8999634	1899	""osoba4""
""osoba2""		815.10004	815100	820.50006	820500	6.4000244	6400	""osoba2""
""osoba4""		817.50006	817500	817.80005	817800	1.2999878	1299	""osoba4""
""osoba2""		818.10004	818100	820.50006	820500	3.4000244	3400	""osoba2""
""osoba1""		820.2	820200	821.7	821700	2.5	2500	""osoba1""
""osoba3""		830.10004	830100	842.7	842700	13.599976	13599	""osoba3""
""osoba4""		830.4	830400	830.4	830400	1.0	1000	""osoba4""
""osoba3""		831.9	831900	842.7	842700	11.799988	11799	""osoba3""
""osoba3""		833.10004	833100	842.7	842700	10.599976	10599	""osoba3""
""osoba3""		834.30005	834300	842.7	842700	9.399963	9399	""osoba3""
""osoba2""		834.9	834900	836.4	836400	2.5	2500	""osoba2""
""osoba3""		834.9	834900	842.7	842700	8.799988	8799	""osoba3""
""osoba1""		835.80005	835800	836.10004	836100	1.2999878	1299	""osoba1""
""osoba3""		838.80005	838800	842.7	842700	4.8999634	4899	""osoba3""
""osoba3""		841.2	841200	842.7	842700	2.5	2500	""osoba3""
""osoba1""		841.80005	841800	843.30005	843300	2.5	2500	""osoba1""
""osoba3""		842.10004	842100	842.7	842700	1.5999756	1599	""osoba3""
""osoba3""		850.80005	850800	854.10004	854100	4.299988	4299	""osoba3""
""osoba3""		851.7	851700	854.10004	854100	3.4000244	3400	""osoba3""
""osoba3""		852.30005	852300	854.10004	854100	2.7999878	2799	""osoba3""
""osoba4""		852.9	852900	862.80005	862800	10.900024	10900	""osoba4""
""osoba3""		854.10004	854100	854.10004	854100	1.0	1000	""osoba3""
""osoba4""		856.2	856200	862.80005	862800	7.6000366	7600	""osoba4""
""osoba4""		857.10004	857100	862.80005	862800	6.700012	6700	""osoba4""
""osoba1""		859.2	859200	859.2	859200	1.0	1000	""osoba1""
""osoba4""		859.50006	859500	862.80005	862800	4.299988	4299	""osoba4""
""osoba4""		861.00006	861000	862.80005	862800	2.7999878	2799	""osoba4""
""osoba4""		861.60004	861600	862.80005	862800	2.2000122	2200	""osoba4""
""osoba3""		862.50006	862500	871.80005	871800	10.299988	10299	""osoba3""
""osoba3""		867.00006	867000	871.80005	871800	5.799988	5799	""osoba3""
""osoba3""		871.50006	871500	871.80005	871800	1.2999878	1299	""osoba3""
""osoba4""		872.10004	872100	887.10004	887100	16.0	16000	""osoba4""
""osoba4""		874.80005	874800	887.10004	887100	13.299988	13299	""osoba4""
""osoba4""		876.9	876900	887.10004	887100	11.200012	11200	""osoba4""
""osoba4""		878.4	878400	887.10004	887100	9.700012	9700	""osoba4""
""osoba4""		879.60004	879600	887.10004	887100	8.5	8500	""osoba4""
""osoba4""		880.80005	880800	887.10004	887100	7.299988	7299	""osoba4""
""osoba4""		881.4	881400	887.10004	887100	6.700012	6700	""osoba4""
""osoba4""		882.30005	882300	887.10004	887100	5.799988	5799	""osoba4""
""osoba4""		884.10004	884100	887.10004	887100	4.0	4000	""osoba4""
""osoba4""		885.30005	885300	887.10004	887100	2.7999878	2799	""osoba4""
""osoba3""		886.80005	886800	911.10004	911100	25.299988	25299	""osoba3""
""osoba3""		887.7	887700	911.10004	911100	24.400024	24400	""osoba3""
""osoba3""		893.4	893400	911.10004	911100	18.700012	18700	""osoba3""
""osoba3""		894.30005	894300	911.10004	911100	17.799988	17799	""osoba3""
""osoba3""		894.9	894900	911.10004	911100	17.200012	17200	""osoba3""
""osoba1""		895.80005	895800	895.80005	895800	1.0	1000	""osoba1""
""osoba3""		896.4	896400	911.10004	911100	15.700012	15700	""osoba3""
""osoba3""		898.2	898200	911.10004	911100	13.900024	13900	""osoba3""
""osoba4""		900.00006	900000	900.00006	900000	1.0	1000	""osoba4""
""osoba3""		900.9	900900	911.10004	911100	11.200012	11200	""osoba3""
""osoba3""		903.30005	903300	911.10004	911100	8.799988	8799	""osoba3""
""osoba3""		903.9	903900	911.10004	911100	8.200012	8200	""osoba3""
""osoba3""		906.9	906900	911.10004	911100	5.200012	5200	""osoba3""
""osoba4""		907.80005	907800	908.4	908400	1.5999756	1599	""osoba4""
""osoba3""		909.60004	909600	911.10004	911100	2.5	2500	""osoba3""
""osoba4""		911.7	911700	915.60004	915600	4.9000244	4900	""osoba4""
""osoba4""		915.30005	915300	915.60004	915600	1.2999878	1299	""osoba4""
""osoba3""		915.60004	915600	931.2	931200	16.599976	16599	""osoba3""
""osoba3""		916.50006	916500	931.2	931200	15.699951	15699	""osoba3""
""osoba3""		917.7	917700	931.2	931200	14.5	14500	""osoba3""
""osoba3""		918.30005	918300	931.2	931200	13.899963	13899	""osoba3""
""osoba3""		921.00006	921000	931.2	931200	11.199951	11199	""osoba3""
""osoba3""		923.4	923400	931.2	931200	8.799988	8799	""osoba3""
""osoba4""		923.4	923400	924.9	924900	2.5	2500	""osoba4""
""osoba3""		926.4	926400	931.2	931200	5.799988	5799	""osoba3""
""osoba2""		929.7	929700	931.2	931200	2.5	2500	""osoba2""
""osoba3""		930.60004	930600	931.2	931200	1.5999756	1599	""osoba3""
""osoba4""		932.10004	932100	941.4	941400	10.299988	10299	""osoba4""
""osoba4""		934.2	934200	941.4	941400	8.200012	8200	""osoba4""
""osoba4""		936.30005	936300	941.4	941400	6.0999756	6099	""osoba4""
""osoba4""		937.2	937200	941.4	941400	5.200012	5200	""osoba4""
""osoba4""		938.10004	938100	941.4	941400	4.299988	4299	""osoba4""
""osoba2""		939.30005	939300	941.4	941400	3.0999756	3099	""osoba2""
""osoba2""		940.50006	940500	941.4	941400	1.8999634	1899	""osoba2""
""osoba4""		944.10004	944100	962.4	962400	19.299988	19299	""osoba4""
""osoba4""		948.00006	948000	962.4	962400	15.399963	15399	""osoba4""
""osoba4""		949.2	949200	962.4	962400	14.200012	14200	""osoba4""
""osoba4""		950.10004	950100	962.4	962400	13.299988	13299	""osoba4""
""osoba3""		950.4	950400	952.80005	952800	3.4000244	3400	""osoba3""
""osoba4""		950.7	950700	962.4	962400	12.700012	12700	""osoba4""
""osoba3""		952.80005	952800	952.80005	952800	1.0	1000	""osoba3""
""osoba4""		953.10004	953100	962.4	962400	10.299988	10299	""osoba4""
""osoba4""		956.4	956400	962.4	962400	7.0	7000	""osoba4""
""osoba4""		957.60004	957600	962.4	962400	5.799988	5799	""osoba4""
""osoba3""		960.00006	960000	976.50006	976500	17.5	17500	""osoba3""
""osoba3""		964.50006	964500	976.50006	976500	13.0	13000	""osoba3""
""osoba3""		968.4	968400	976.50006	976500	9.100037	9100	""osoba3""
""osoba3""		969.9	969900	976.50006	976500	7.6000366	7600	""osoba3""
""osoba3""		971.4	971400	976.50006	976500	6.1000366	6100	""osoba3""
""osoba3""		975.9	975900	976.50006	976500	1.6000366	1600	""osoba3""
""osoba1""		977.7	977700	982.50006	982500	5.800049	5800	""osoba1""
""osoba3""		978.60004	978600	978.60004	978600	1.0	1000	""osoba3""
""osoba4""		979.50006	979500	995.7	995700	17.199951	17199	""osoba4""
""osoba3""		984.00006	984000	987.00006	987000	4.0	4000	""osoba3""
""osoba4""		986.10004	986100	995.7	995700	10.599976	10599	""osoba4""
""osoba3""		986.7	986700	987.00006	987000	1.3000488	1300	""osoba3""
""osoba4""		987.9	987900	995.7	995700	8.799988	8799	""osoba4""
""osoba4""		988.50006	988500	995.7	995700	8.199951	8199	""osoba4""
""osoba4""		990.00006	990000	995.7	995700	6.699951	6699	""osoba4""
""osoba4""		992.4	992400	995.7	995700	4.299988	4299	""osoba4""
""osoba3""		992.7	992700	993.00006	993000	1.3000488	1300	""osoba3""
""osoba4""		993.00006	993000	995.7	995700	3.6999512	3699	""osoba4""
""osoba1""		993.9	993900	997.80005	997800	4.9000244	4900	""osoba1""
""osoba2""		995.4	995400	995.4	995400	1.0	1000	""osoba2""
""osoba3""		998.10004	998100	998.10004	998100	1.0	1000	""osoba3""
""osoba4""		1004.4	1004400	1017.30005	1017300	13.900024	13900	""osoba4""
""osoba4""		1005.30005	1005300	1017.30005	1017300	13.0	13000	""osoba4""
""osoba4""		1006.50006	1006500	1017.30005	1017300	11.799988	11799	""osoba4""
""osoba4""		1007.4	1007400	1017.30005	1017300	10.900024	10900	""osoba4""
""osoba4""		1009.80005	1009800	1017.30005	1017300	8.5	8500	""osoba4""
""osoba4""		1011.30005	1011300	1017.30005	1017300	7.0	7000	""osoba4""
""osoba4""		1014.60004	1014600	1017.30005	1017300	3.7000122	3700	""osoba4""
""osoba4""		1015.80005	1015800	1017.30005	1017300	2.5	2500	""osoba4""
""osoba3""		1017.00006	1017000	1036.2001	1036200	20.200012	20200	""osoba3""
""osoba3""		1018.80005	1018800	1036.2001	1036200	18.400024	18400	""osoba3""
""osoba3""		1020.9	1020900	1036.2001	1036200	16.300049	16300	""osoba3""
""osoba3""		1022.10004	1022100	1036.2001	1036200	15.100037	15100	""osoba3""
""osoba3""		1023.00006	1023000	1036.2001	1036200	14.200012	14200	""osoba3""
""osoba3""		1024.2001	1024200	1036.2001	1036200	13.0	13000	""osoba3""
""osoba1""		1025.1001	1025100	1025.4	1025400	1.2999268	1299	""osoba1""
""osoba3""		1026.9	1026900	1036.2001	1036200	10.300049	10300	""osoba3""
""osoba3""		1029.9	1029900	1036.2001	1036200	7.300049	7300	""osoba3""
""osoba3""		1031.7001	1031700	1036.2001	1036200	5.5	5500	""osoba3""
""osoba3""		1032.9	1032900	1036.2001	1036200	4.300049	4300	""osoba3""
""osoba3""		1034.1001	1034100	1036.2001	1036200	3.0999756	3099	""osoba3""
""osoba4""		1034.1001	1034100	1034.4	1034400	1.2999268	1299	""osoba4""
""osoba1""		1035.6001	1035600	1037.4	1037400	2.7999268	2799	""osoba1""
""osoba4""		1037.4	1037400	1043.7001	1043700	7.300049	7300	""osoba4""
""osoba4""		1041.3	1041300	1043.7001	1043700	3.4000244	3400	""osoba4""
""osoba3""		1042.5	1042500	1080.0	1080000	38.5	38500	""osoba3""
""osoba3""		1046.1001	1046100	1080.0	1080000	34.899902	34899	""osoba3""
""osoba3""		1047.9	1047900	1080.0	1080000	33.099976	33099	""osoba3""
""osoba3""		1049.1001	1049100	1080.0	1080000	31.899902	31899	""osoba3""
""osoba3""		1050.3	1050300	1080.0	1080000	30.699951	30699	""osoba3""
""osoba3""		1053.0	1053000	1080.0	1080000	28.0	28000	""osoba3""
""osoba3""		1053.9	1053900	1080.0	1080000	27.099976	27099	""osoba3""
""osoba3""		1055.7001	1055700	1080.0	1080000	25.299927	25299	""osoba3""
""osoba3""		1057.8	1057800	1080.0	1080000	23.199951	23199	""osoba3""
""osoba3""		1058.7001	1058700	1080.0	1080000	22.299927	22299	""osoba3""
""osoba3""		1059.9	1059900	1080.0	1080000	21.099976	21099	""osoba3""
""osoba3""		1060.8	1060800	1080.0	1080000	20.199951	20199	""osoba3""
""osoba3""		1063.8	1063800	1080.0	1080000	17.199951	17199	""osoba3""
""osoba3""		1065.0	1065000	1080.0	1080000	16.0	16000	""osoba3""
""osoba3""		1066.5	1066500	1080.0	1080000	14.5	14500	""osoba3""
""osoba3""		1067.4	1067400	1080.0	1080000	13.599976	13599	""osoba3""
""osoba2""		1068.0	1068000	1074.3	1074300	7.300049	7300	""osoba2""
""osoba4""		1069.2001	1069200	1069.2001	1069200	1.0	1000	""osoba4""
""osoba3""		1070.1001	1070100	1080.0	1080000	10.899902	10899	""osoba3""
""osoba3""		1072.8	1072800	1080.0	1080000	8.199951	8199	""osoba3""
""osoba3""		1073.7001	1073700	1080.0	1080000	7.2999268	7299	""osoba3""
""osoba3""		1075.2001	1075200	1080.0	1080000	5.7999268	5799	""osoba3""
""osoba3""		1076.1001	1076100	1080.0	1080000	4.8999023	4899	""osoba3""
""osoba3""		1076.7001	1076700	1080.0	1080000	4.2999268	4299	""osoba3""
""osoba4""		1077.0	1077000	1090.5	1090500	14.5	14500	""osoba4""
""osoba2""		1080.9	1080900	1082.7001	1082700	2.8000488	2800	""osoba2""
""osoba3""		1083.3	1083300	1083.9	1083900	1.5999756	1599	""osoba3""
""osoba4""		1086.9	1086900	1090.5	1090500	4.5999756	4599	""osoba4""
""osoba3""		1087.8	1087800	1087.8	1087800	1.0	1000	""osoba3""
""osoba4""		1088.1001	1088100	1090.5	1090500	3.3999023	3399	""osoba4""
""osoba3""		1090.2001	1090200	1095.3	1095300	6.0999756	6099	""osoba3""
""osoba4""		1090.5	1090500	1090.5	1090500	1.0	1000	""osoba4""
""osoba3""		1091.4	1091400	1095.3	1095300	4.9000244	4900	""osoba3""
""osoba3""		1092.3	1092300	1095.3	1095300	4.0	4000	""osoba3""
""osoba4""		1092.9	1092900	1101.9	1101900	10.0	10000	""osoba4""
""osoba3""		1093.5	1093500	1095.3	1095300	2.8000488	2800	""osoba3""
""osoba4""		1093.5	1093500	1101.9	1101900	9.400024	9400	""osoba4""
""osoba3""		1095.0	1095000	1095.3	1095300	1.3000488	1300	""osoba3""
""osoba4""		1096.5	1096500	1101.9	1101900	6.4000244	6400	""osoba4""
""osoba4""		1097.7001	1097700	1101.9	1101900	5.199951	5199	""osoba4""
""osoba4""		1099.8	1099800	1101.9	1101900	3.0999756	3099	""osoba4""
""osoba3""		1102.5	1102500	1104.6001	1104600	3.1000977	3100	""osoba3""
""osoba4""		1104.6001	1104600	1112.7001	1112700	9.099976	9099	""osoba4""
""osoba4""		1106.7001	1106700	1112.7001	1112700	7.0	7000	""osoba4""
""osoba4""		1108.8	1108800	1112.7001	1112700	4.9000244	4900	""osoba4""
""osoba1""		1110.3	1110300	1116.3	1116300	7.0	7000	""osoba1""
""osoba4""		1110.9	1110900	1112.7001	1112700	2.8000488	2800	""osoba4""
""osoba3""		1111.2001	1111200	1116.0	1116000	5.7999268	5799	""osoba3""
""osoba3""		1115.1001	1115100	1116.0	1116000	1.8999023	1899	""osoba3""
""osoba3""		1119.0	1119000	1152.6001	1152600	34.600098	34600	""osoba3""
""osoba3""		1120.5	1120500	1152.6001	1152600	33.100098	33100	""osoba3""
""osoba4""		1122.0	1122000	1122.0	1122000	1.0	1000	""osoba4""
""osoba3""		1124.1001	1124100	1152.6001	1152600	29.5	29500	""osoba3""
""osoba3""		1125.6001	1125600	1152.6001	1152600	28.0	28000	""osoba3""
""osoba3""		1126.8	1126800	1152.6001	1152600	26.800049	26800	""osoba3""
""osoba3""		1130.7001	1130700	1152.6001	1152600	22.900024	22900	""osoba3""
""osoba2""		1139.1001	1139100	1139.1001	1139100	1.0	1000	""osoba2""
""osoba3""		1139.4	1139400	1152.6001	1152600	14.200073	14200	""osoba3""
""osoba3""		1142.4	1142400	1152.6001	1152600	11.200073	11200	""osoba3""
""osoba3""		1146.3	1146300	1152.6001	1152600	7.300049	7300	""osoba3""
""osoba3""		1149.3	1149300	1152.6001	1152600	4.300049	4300	""osoba3""
""osoba4""		1149.3	1149300	1192.8	1192800	44.5	44500	""osoba4""
""osoba4""		1155.0	1155000	1192.8	1192800	38.80005	38800	""osoba4""
""osoba4""		1156.5	1156500	1192.8	1192800	37.30005	37300	""osoba4""
""osoba4""		1159.8	1159800	1192.8	1192800	34.0	34000	""osoba4""
""osoba4""		1160.4	1160400	1192.8	1192800	33.400024	33400	""osoba4""
""osoba1""		1161.6001	1161600	1161.6001	1161600	1.0	1000	""osoba1""
""osoba4""		1162.5	1162500	1192.8	1192800	31.300049	31300	""osoba4""
""osoba4""		1164.9	1164900	1192.8	1192800	28.900024	28900	""osoba4""
""osoba4""		1166.1001	1166100	1192.8	1192800	27.699951	27699	""osoba4""
""osoba4""		1170.0	1170000	1192.8	1192800	23.800049	23800	""osoba4""
""osoba4""		1172.4	1172400	1192.8	1192800	21.400024	21400	""osoba4""
""osoba2""		1173.9	1173900	1174.5	1174500	1.5999756	1599	""osoba2""
""osoba4""		1181.1001	1181100	1192.8	1192800	12.699951	12699	""osoba4""
""osoba4""		1182.0	1182000	1192.8	1192800	11.800049	11800	""osoba4""
""osoba4""		1182.9	1182900	1192.8	1192800	10.900024	10900	""osoba4""
""osoba4""		1189.2001	1189200	1192.8	1192800	4.5999756	4599	""osoba4""
""osoba4""		1190.1001	1190100	1192.8	1192800	3.6999512	3699	""osoba4""
""osoba4""		1190.7001	1190700	1192.8	1192800	3.0999756	3099	""osoba4""
""osoba3""		1192.2001	1192200	1193.1001	1193100	1.9000244	1900	""osoba3""
""osoba1""		1192.8	1192800	1194.0	1194000	2.1999512	2199	""osoba1""
""osoba3""		1199.7001	1199700	1230.6001	1230600	31.900024	31900	""osoba3""
""osoba3""		1200.3	1200300	1230.6001	1230600	31.300049	31300	""osoba3""
""osoba3""		1202.7001	1202700	1230.6001	1230600	28.900024	28900	""osoba3""
""osoba2""		1203.9	1203900	1203.9	1203900	1.0	1000	""osoba2""
""osoba3""		1204.5	1204500	1230.6001	1230600	27.100098	27100	""osoba3""
""osoba3""		1206.6001	1206600	1230.6001	1230600	25.0	25000	""osoba3""
""osoba3""		1209.6001	1209600	1230.6001	1230600	22.0	22000	""osoba3""
""osoba3""		1210.2001	1210200	1230.6001	1230600	21.400024	21400	""osoba3""
""osoba3""		1211.1001	1211100	1230.6001	1230600	20.5	20500	""osoba3""
""osoba4""		1211.1001	1211100	1211.4	1211400	1.2999268	1299	""osoba4""
""osoba3""		1212.6001	1212600	1230.6001	1230600	19.0	19000	""osoba3""
""osoba2""		1213.2001	1213200	1213.2001	1213200	1.0	1000	""osoba2""
""osoba3""		1213.5	1213500	1230.6001	1230600	18.100098	18100	""osoba3""
""osoba4""		1214.1001	1214100	1216.2001	1216200	3.0999756	3099	""osoba4""
""osoba3""		1215.3	1215300	1230.6001	1230600	16.300049	16300	""osoba3""
""osoba4""		1215.6001	1215600	1216.2001	1216200	1.5999756	1599	""osoba4""
""osoba3""		1217.4	1217400	1230.6001	1230600	14.200073	14200	""osoba3""
""osoba3""		1221.3	1221300	1230.6001	1230600	10.300049	10300	""osoba3""
""osoba3""		1222.2001	1222200	1230.6001	1230600	9.400024	9400	""osoba3""
""osoba3""		1224.6001	1224600	1230.6001	1230600	7.0	7000	""osoba3""
""osoba3""		1225.5	1225500	1230.6001	1230600	6.1000977	6100	""osoba3""
""osoba3""		1228.2001	1228200	1230.6001	1230600	3.4000244	3400	""osoba3""
""osoba3""		1229.1001	1229100	1230.6001	1230600	2.5	2500	""osoba3""
""osoba4""		1230.0	1230000	1239.3	1239300	10.300049	10300	""osoba4""
""osoba1""		1234.8	1234800	1235.4	1235400	1.5999756	1599	""osoba1""
""osoba1""		1238.4	1238400	1239.3	1239300	1.9000244	1900	""osoba1""
""osoba3""		1238.4	1238400	1260.0	1260000	22.599976	22599	""osoba3""
""osoba3""		1241.7001	1241700	1260.0	1260000	19.299927	19299	""osoba3""
""osoba3""		1243.2001	1243200	1260.0	1260000	17.799927	17799	""osoba3""
""osoba3""		1244.4	1244400	1260.0	1260000	16.599976	16599	""osoba3""
""osoba3""		1247.7001	1247700	1260.0	1260000	13.299927	13299	""osoba3""
""osoba2""		1250.1001	1250100	1250.7001	1250700	1.5999756	1599	""osoba2""
""osoba3""		1250.1001	1250100	1260.0	1260000	10.899902	10899	""osoba3""
""osoba3""		1251.9	1251900	1260.0	1260000	9.099976	9099	""osoba3""
""osoba2""		1253.1001	1253100	1255.8	1255800	3.6999512	3699	""osoba2""
""osoba3""		1258.2001	1258200	1260.0	1260000	2.7999268	2799	""osoba3""
""osoba3""		1258.8	1258800	1260.0	1260000	2.1999512	2199	""osoba3""
""osoba1""		1260.0	1260000	1262.7001	1262700	3.7000732	3700	""osoba1""
""osoba2""		1260.3	1260300	1262.1001	1262100	2.8000488	2800	""osoba2""
""osoba4""		1263.6001	1263600	1263.9	1263900	1.2999268	1299	""osoba4""
""osoba3""		1264.2001	1264200	1278.6001	1278600	15.400024	15400	""osoba3""
""osoba3""		1268.4	1268400	1278.6001	1278600	11.200073	11200	""osoba3""
""osoba3""		1275.9	1275900	1278.6001	1278600	3.7000732	3700	""osoba3""
""osoba4""		1277.7001	1277700	1287.3	1287300	10.599976	10599	""osoba4""
""osoba1""		1278.6001	1278600	1279.2001	1279200	1.5999756	1599	""osoba1""
""osoba4""		1281.0	1281000	1287.3	1287300	7.300049	7300	""osoba4""
""osoba4""		1284.6001	1284600	1287.3	1287300	3.6999512	3699	""osoba4""
""osoba4""		1286.1001	1286100	1287.3	1287300	2.1999512	2199	""osoba4""
""osoba1""		1287.0	1287000	1287.6001	1287600	1.6000977	1600	""osoba1""
""osoba4""		1290.9	1290900	1296.6001	1296600	6.7000732	6700	""osoba4""
""osoba4""		1292.4	1292400	1296.6001	1296600	5.2000732	5200	""osoba4""
""osoba4""		1293.0	1293000	1296.6001	1296600	4.6000977	4600	""osoba4""
""osoba4""		1293.6001	1293600	1296.6001	1296600	4.0	4000	""osoba4""
""osoba4""		1294.2001	1294200	1296.6001	1296600	3.4000244	3400	""osoba4""
""osoba1""		1295.1001	1295100	1297.2001	1297200	3.0999756	3099	""osoba1""
""osoba4""		1296.3	1296300	1296.6001	1296600	1.3000488	1300	""osoba4""
""osoba4""		1302.3	1302300	1316.7001	1316700	15.400024	15400	""osoba4""
""osoba4""		1305.0	1305000	1316.7001	1316700	12.700073	12700	""osoba4""
""osoba4""		1306.2001	1306200	1316.7001	1316700	11.5	11500	""osoba4""
""osoba4""		1307.4	1307400	1316.7001	1316700	10.300049	10300	""osoba4""
""osoba2""		1311.6001	1311600	1311.9	1311900	1.2999268	1299	""osoba2""
""osoba3""		1312.2001	1312200	1312.2001	1312200	1.0	1000	""osoba3""
""osoba4""		1314.6001	1314600	1316.7001	1316700	3.0999756	3099	""osoba4""
""osoba4""		1315.2001	1315200	1316.7001	1316700	2.5	2500	""osoba4""
""osoba2""		1316.7001	1316700	1317.9	1317900	2.1999512	2199	""osoba2""
""osoba3""		1319.4	1319400	1323.3	1323300	4.9000244	4900	""osoba3""
""osoba3""		1320.6001	1320600	1323.3	1323300	3.6999512	3699	""osoba3""
""osoba4""		1321.2001	1321200	1327.8	1327800	7.5999756	7599	""osoba4""
""osoba3""		1321.8	1321800	1323.3	1323300	2.5	2500	""osoba3""
""osoba4""		1323.0	1323000	1327.8	1327800	5.800049	5800	""osoba4""
""osoba4""		1325.1001	1325100	1327.8	1327800	3.6999512	3699	""osoba4""
""osoba3""		1326.0	1326000	1329.0	1329000	4.0	4000	""osoba3""
""osoba1""		1328.4	1328400	1330.8	1330800	3.4000244	3400	""osoba1""
""osoba3""		1329.0	1329000	1329.0	1329000	1.0	1000	""osoba3""
""osoba3""		1336.8	1336800	1341.6001	1341600	5.800049	5800	""osoba3""
""osoba3""		1337.4	1337400	1341.6001	1341600	5.2000732	5200	""osoba3""
""osoba3""		1339.2001	1339200	1341.6001	1341600	3.4000244	3400	""osoba3""
""osoba3""		1339.8	1339800	1341.6001	1341600	2.8000488	2800	""osoba3""
""osoba1""		1341.6001	1341600	1342.5	1342500	1.8999023	1899	""osoba1""
""osoba3""		1341.6001	1341600	1341.6001	1341600	1.0	1000	""osoba3""
""osoba3""		1344.9	1344900	1352.7001	1352700	8.800049	8800	""osoba3""
""osoba3""		1345.5	1345500	1352.7001	1352700	8.200073	8200	""osoba3""
""osoba3""		1346.1001	1346100	1352.7001	1352700	7.5999756	7599	""osoba3""
""osoba4""		1349.1001	1349100	1380.3	1380300	32.19995	32199	""osoba4""
""osoba3""		1352.4	1352400	1352.7001	1352700	1.3000488	1300	""osoba3""
""osoba3""		1354.8	1354800	1356.0	1356000	2.1999512	2199	""osoba3""
""osoba2""		1355.1001	1355100	1358.1001	1358100	4.0	4000	""osoba2""
""osoba4""		1355.1001	1355100	1380.3	1380300	26.199951	26199	""osoba4""
""osoba4""		1359.6001	1359600	1380.3	1380300	21.699951	21699	""osoba4""
""osoba4""		1362.3	1362300	1380.3	1380300	19.0	19000	""osoba4""
""osoba4""		1363.2001	1363200	1380.3	1380300	18.099976	18099	""osoba4""
""osoba4""		1363.8	1363800	1380.3	1380300	17.5	17500	""osoba4""
""osoba2""		1364.1001	1364100	1364.4	1364400	1.2999268	1299	""osoba2""
""osoba4""		1365.3	1365300	1380.3	1380300	16.0	16000	""osoba4""
""osoba4""		1366.8	1366800	1380.3	1380300	14.5	14500	""osoba4""
""osoba4""		1367.4	1367400	1380.3	1380300	13.900024	13900	""osoba4""
""osoba4""		1371.0	1371000	1380.3	1380300	10.300049	10300	""osoba4""
""osoba4""		1371.9	1371900	1380.3	1380300	9.400024	9400	""osoba4""
""osoba3""		1372.5	1372500	1372.5	1372500	1.0	1000	""osoba3""
""osoba4""		1373.1001	1373100	1380.3	1380300	8.199951	8199	""osoba4""
""osoba1""		1373.4	1373400	1374.3	1374300	1.9000244	1900	""osoba1""
""osoba4""		1377.3	1377300	1380.3	1380300	4.0	4000	""osoba4""
""osoba4""		1377.9	1377900	1380.3	1380300	3.4000244	3400	""osoba4""
""osoba4""		1378.8	1378800	1380.3	1380300	2.5	2500	""osoba4""
""osoba2""		1379.1001	1379100	1380.6001	1380600	2.5	2500	""osoba2""
""osoba2""		1388.4	1388400	1389.6001	1389600	2.2000732	2200	""osoba2""
""osoba4""		1388.4	1388400	1393.8	1393800	6.4000244	6400	""osoba4""
""osoba2""		1392.3	1392300	1396.8	1396800	5.5	5500	""osoba2""
""osoba3""		1392.6001	1392600	1466.4	1466400	74.79993	74799	""osoba3""
""osoba3""		1395.6001	1395600	1466.4	1466400	71.79993	71799	""osoba3""
""osoba3""		1399.2001	1399200	1466.4	1466400	68.19995	68199	""osoba3""
""osoba3""		1403.7001	1403700	1466.4	1466400	63.69995	63699	""osoba3""
""osoba4""		1404.0	1404000	1406.4	1406400	3.4000244	3400	""osoba4""
""osoba3""		1405.2001	1405200	1466.4	1466400	62.19995	62199	""osoba3""
""osoba4""		1405.5	1405500	1406.4	1406400	1.9000244	1900	""osoba4""
""osoba3""		1408.8	1408800	1466.4	1466400	58.599976	58599	""osoba3""
""osoba3""		1411.2001	1411200	1466.4	1466400	56.19995	56199	""osoba3""
""osoba3""		1412.7001	1412700	1466.4	1466400	54.69995	54699	""osoba3""
""osoba3""		1414.8	1414800	1466.4	1466400	52.599976	52599	""osoba3""
""osoba4""		1414.8	1414800	1415.4	1415400	1.5999756	1599	""osoba4""
""osoba3""		1420.8	1420800	1466.4	1466400	46.599976	46599	""osoba3""
""osoba3""		1422.3	1422300	1466.4	1466400	45.099976	45099	""osoba3""
""osoba3""		1423.2001	1423200	1466.4	1466400	44.19995	44199	""osoba3""
""osoba3""		1424.7001	1424700	1466.4	1466400	42.69995	42699	""osoba3""
""osoba3""		1428.6001	1428600	1466.4	1466400	38.799927	38799	""osoba3""
""osoba3""		1432.5	1432500	1466.4	1466400	34.900024	34900	""osoba3""
""osoba4""		1432.8	1432800	1433.4	1433400	1.5999756	1599	""osoba4""
""osoba3""		1434.9	1434900	1466.4	1466400	32.5	32500	""osoba3""
""osoba1""		1441.2001	1441200	1442.1001	1442100	1.9000244	1900	""osoba1""
""osoba3""		1442.1001	1442100	1466.4	1466400	25.299927	25299	""osoba3""
""osoba3""		1444.5	1444500	1466.4	1466400	22.900024	22900	""osoba3""
""osoba3""		1446.0	1446000	1466.4	1466400	21.400024	21400	""osoba3""
""osoba3""		1448.1001	1448100	1466.4	1466400	19.299927	19299	""osoba3""
""osoba3""		1450.2001	1450200	1466.4	1466400	17.199951	17199	""osoba3""
""osoba1""		1452.6001	1452600	1453.5	1453500	1.8999023	1899	""osoba1""
""osoba3""		1452.9	1452900	1466.4	1466400	14.5	14500	""osoba3""
""osoba3""		1455.0	1455000	1466.4	1466400	12.400024	12400	""osoba3""
""osoba3""		1456.2001	1456200	1466.4	1466400	11.199951	11199	""osoba3""
""osoba3""		1457.4	1457400	1466.4	1466400	10.0	10000	""osoba3""
""osoba3""		1460.1001	1460100	1466.4	1466400	7.2999268	7299	""osoba3""
""osoba3""		1461.3	1461300	1466.4	1466400	6.0999756	6099	""osoba3""
""osoba2""		1463.1001	1463100	1463.1001	1463100	1.0	1000	""osoba2""
""osoba3""		1463.7001	1463700	1466.4	1466400	3.6999512	3699	""osoba3""
""osoba4""		1464.3	1464300	1477.5	1477500	14.199951	14199	""osoba4""
""osoba3""		1465.2001	1465200	1466.4	1466400	2.1999512	2199	""osoba3""
""osoba4""		1466.1001	1466100	1477.5	1477500	12.399902	12399	""osoba4""
""osoba4""		1467.9	1467900	1477.5	1477500	10.599976	10599	""osoba4""
""osoba4""		1468.5	1468500	1477.5	1477500	10.0	10000	""osoba4""
""osoba3""		1468.8	1468800	1469.1001	1469100	1.3000488	1300	""osoba3""
""osoba4""		1469.7001	1469700	1477.5	1477500	8.799927	8799	""osoba4""
""osoba4""		1470.3	1470300	1477.5	1477500	8.199951	8199	""osoba4""
""osoba2""		1471.5	1471500	1471.8	1471800	1.3000488	1300	""osoba2""
""osoba4""		1472.4	1472400	1477.5	1477500	6.0999756	6099	""osoba4""
""osoba3""		1473.6001	1473600	1484.4	1484400	11.799927	11799	""osoba3""
""osoba4""		1475.1001	1475100	1477.5	1477500	3.3999023	3399	""osoba4""
""osoba3""		1475.4	1475400	1484.4	1484400	10.0	10000	""osoba3""
""osoba3""		1479.6001	1479600	1484.4	1484400	5.7999268	5799	""osoba3""
""osoba2""		1482.0	1482000	1484.7001	1484700	3.7000732	3700	""osoba2""
""osoba4""		1482.3	1482300	1482.9	1482900	1.5999756	1599	""osoba4""
""osoba3""		1489.8	1489800	1506.9	1506900	18.099976	18099	""osoba3""
""osoba3""		1490.4	1490400	1506.9	1506900	17.5	17500	""osoba3""
""osoba3""		1491.0	1491000	1506.9	1506900	16.900024	16900	""osoba3""
""osoba1""		1492.5	1492500	1492.5	1492500	1.0	1000	""osoba1""
""osoba3""		1492.5	1492500	1506.9	1506900	15.400024	15400	""osoba3""
""osoba3""		1496.1001	1496100	1506.9	1506900	11.799927	11799	""osoba3""
""osoba1""		1497.6001	1497600	1498.2001	1498200	1.5999756	1599	""osoba1""
""osoba3""		1499.7001	1499700	1506.9	1506900	8.199951	8199	""osoba3""
""osoba3""		1500.6001	1500600	1506.9	1506900	7.2999268	7299	""osoba3""
""osoba3""		1501.2001	1501200	1506.9	1506900	6.699951	6699	""osoba3""
""osoba3""		1502.7001	1502700	1506.9	1506900	5.199951	5199	""osoba3""
""osoba1""		1503.6001	1503600	1503.9	1503900	1.2999268	1299	""osoba1""
""osoba3""		1505.7001	1505700	1506.9	1506900	2.1999512	2199	""osoba3""
""osoba4""		1506.0	1506000	1521.6001	1521600	16.600098	16600	""osoba4""
""osoba4""		1509.0	1509000	1521.6001	1521600	13.600098	13600	""osoba4""
""osoba4""		1510.8	1510800	1521.6001	1521600	11.800049	11800	""osoba4""
""osoba4""		1511.7001	1511700	1521.6001	1521600	10.900024	10900	""osoba4""
""osoba3""		1513.2001	1513200	1514.1001	1514100	1.9000244	1900	""osoba3""
""osoba4""		1513.2001	1513200	1521.6001	1521600	9.400024	9400	""osoba4""
""osoba4""		1515.3	1515300	1521.6001	1521600	7.300049	7300	""osoba4""
""osoba4""		1516.8	1516800	1521.6001	1521600	5.800049	5800	""osoba4""
""osoba1""		1519.8	1519800	1520.7001	1520700	1.9000244	1900	""osoba1""
""osoba3""		1520.1001	1520100	1525.8	1525800	6.699951	6699	""osoba3""
""osoba3""		1522.5	1522500	1525.8	1525800	4.300049	4300	""osoba3""
""osoba3""		1523.1001	1523100	1525.8	1525800	3.6999512	3699	""osoba3""
""osoba3""		1523.7001	1523700	1525.8	1525800	3.0999756	3099	""osoba3""
""osoba3""		1524.6001	1524600	1525.8	1525800	2.1999512	2199	""osoba3""
""osoba3""		1525.8	1525800	1525.8	1525800	1.0	1000	""osoba3""
""osoba1""		1526.1001	1526100	1529.1001	1529100	4.0	4000	""osoba1""
""osoba4""		1528.5	1528500	1542.0001	1542000	14.500122	14500	""osoba4""
""osoba4""		1530.3	1530300	1542.0001	1542000	12.700073	12700	""osoba4""
""osoba3""		1532.1001	1532100	1535.1001	1535100	4.0	4000	""osoba3""
""osoba4""		1532.7001	1532700	1542.0001	1542000	10.300049	10300	""osoba4""
""osoba1""		1535.4	1535400	1536.9	1536900	2.5	2500	""osoba1""
""osoba4""		1539.6001	1539600	1542.0001	1542000	3.4000244	3400	""osoba4""
""osoba1""		1542.0001	1542000	1542.3	1542300	1.2999268	1299	""osoba1""
""osoba4""		1544.7001	1544700	1558.8	1558800	15.099976	15099	""osoba4""
""osoba4""		1545.9	1545900	1558.8	1558800	13.900024	13900	""osoba4""
""osoba4""		1547.1001	1547100	1558.8	1558800	12.699951	12699	""osoba4""
""osoba4""		1548.6001	1548600	1558.8	1558800	11.199951	11199	""osoba4""
""osoba4""		1549.8	1549800	1558.8	1558800	10.0	10000	""osoba4""
""osoba4""		1551.3	1551300	1558.8	1558800	8.5	8500	""osoba4""
""osoba4""		1554.6001	1554600	1558.8	1558800	5.199951	5199	""osoba4""
""osoba4""		1557.6001	1557600	1558.8	1558800	2.1999512	2199	""osoba4""
""osoba1""		1558.8	1558800	1561.5001	1561500	3.7000732	3700	""osoba1""
""osoba2""		1560.0001	1560000	1562.7001	1562700	3.6999512	3699	""osoba2""
""osoba3""		1570.2001	1570200	1573.5001	1573500	4.300049	4300	""osoba3""
""osoba3""		1571.4	1571400	1573.5001	1573500	3.1000977	3100	""osoba3""
""osoba4""		1573.5001	1573500	1583.1001	1583100	10.599976	10599	""osoba4""
""osoba4""		1577.4	1577400	1583.1001	1583100	6.7000732	6700	""osoba4""
""osoba4""		1578.9	1578900	1583.1001	1583100	5.2000732	5200	""osoba4""
""osoba4""		1579.8	1579800	1583.1001	1583100	4.300049	4300	""osoba4""
""osoba3""		1581.0001	1581000	1620.3	1620300	40.299927	40299	""osoba3""
""osoba4""		1583.1001	1583100	1583.1001	1583100	1.0	1000	""osoba4""
""osoba3""		1583.7001	1583700	1620.3	1620300	37.599976	37599	""osoba3""
""osoba3""		1585.2001	1585200	1620.3	1620300	36.099976	36099	""osoba3""
""osoba1""		1587.3	1587300	1588.2001	1588200	1.9000244	1900	""osoba1""
""osoba3""		1587.9	1587900	1620.3	1620300	33.400024	33400	""osoba3""
""osoba4""		1592.1001	1592100	1592.1001	1592100	1.0	1000	""osoba4""
""osoba3""		1592.7001	1592700	1620.3	1620300	28.599976	28599	""osoba3""
""osoba3""		1595.7001	1595700	1620.3	1620300	25.599976	25599	""osoba3""
""osoba3""		1598.4	1598400	1620.3	1620300	22.900024	22900	""osoba3""
""osoba3""		1600.2001	1600200	1620.3	1620300	21.099976	21099	""osoba3""
""osoba3""		1602.6001	1602600	1620.3	1620300	18.699951	18699	""osoba3""
""osoba3""		1607.7001	1607700	1620.3	1620300	13.599976	13599	""osoba3""
""osoba3""		1608.9	1608900	1620.3	1620300	12.400024	12400	""osoba3""
""osoba3""		1611.3	1611300	1620.3	1620300	10.0	10000	""osoba3""
""osoba3""		1616.4	1616400	1620.3	1620300	4.9000244	4900	""osoba3""
""osoba3""		1617.3	1617300	1620.3	1620300	4.0	4000	""osoba3""
""osoba1""		1619.7001	1619700	1620.3	1620300	1.5999756	1599	""osoba1""
