"default"		0.0	0	1.0	1000	1.0	1000	BEGIN
"default"		1620.3	1620300	1620.31	1621300	1.0	1000	END
""osoba3""		6.6000004	6600	12.3	12300	6.7	6700	""osoba3""
""osoba3""		8.1	8100	12.3	12300	5.2	5200	""osoba3""
""osoba3""		9.0	9000	12.3	12300	4.3	4300	""osoba3""
""osoba3""		10.8	10800	12.3	12300	2.5	2500	""osoba3""
""osoba2""		11.1	11100	11.1	11100	1.0	1000	""osoba2""
""osoba4""		12.0	12000	25.2	25200	14.200001	14200	""osoba4""
""osoba3""		12.3	12300	12.3	12300	1.0	1000	""osoba3""
""osoba4""		13.500001	13500	25.2	25200	12.7	12700	""osoba4""
""osoba4""		16.5	16500	25.2	25200	9.700001	9700	""osoba4""
""osoba4""		17.400002	17400	25.2	25200	8.799999	8799	""osoba4""
""osoba4""		18.300001	18300	25.2	25200	7.8999996	7899	""osoba4""
""osoba4""		18.900002	18900	25.2	25200	7.299999	7299	""osoba4""
""osoba4""		23.400002	23400	25.2	25200	2.7999992	2799	""osoba4""
""osoba3""		24.0	24000	46.5	46500	23.5	23500	""osoba3""
""osoba3""		24.6	24600	46.5	46500	22.9	22900	""osoba3""
""osoba4""		24.6	24600	25.2	25200	1.6000004	1600	""osoba4""
""osoba3""		27.6	27600	46.5	46500	19.9	19900	""osoba3""
""osoba3""		29.1	29100	46.5	46500	18.4	18400	""osoba3""
""osoba3""		30.000002	30000	46.5	46500	17.499998	17499	""osoba3""
""osoba3""		31.500002	31500	46.5	46500	15.999998	15999	""osoba3""
""osoba2""		32.100002	32100	33.0	33000	1.8999977	1899	""osoba2""
""osoba3""		33.600002	33600	46.5	46500	13.899998	13899	""osoba3""
""osoba4""		33.9	33900	34.5	34500	1.5999985	1599	""osoba4""
""osoba3""		36.0	36000	46.5	46500	11.5	11500	""osoba3""
""osoba3""		37.5	37500	46.5	46500	10.0	10000	""osoba3""
""osoba3""		38.4	38400	46.5	46500	9.099998	9099	""osoba3""
""osoba4""		38.4	38400	39.0	39000	1.5999985	1599	""osoba4""
""osoba3""		40.5	40500	46.5	46500	7.0	7000	""osoba3""
""osoba3""		41.100002	41100	46.5	46500	6.3999977	6399	""osoba3""
""osoba2""		42.300003	42300	42.9	42900	1.5999985	1599	""osoba2""
""osoba3""		44.100002	44100	46.5	46500	3.3999977	3399	""osoba3""
""osoba3""		45.600002	45600	46.5	46500	1.8999977	1899	""osoba3""
""osoba2""		46.2	46200	46.800003	46800	1.6000023	1600	""osoba2""
""osoba3""		46.2	46200	46.5	46500	1.2999992	1299	""osoba3""
""osoba3""		49.800003	49800	116.700005	116700	67.9	67900	""osoba3""
""osoba3""		51.9	51900	116.700005	116700	65.8	65800	""osoba3""
""osoba3""		52.500004	52500	116.700005	116700	65.2	65199	""osoba3""
""osoba3""		54.9	54900	116.700005	116700	62.800003	62800	""osoba3""
""osoba3""		60.300003	60300	116.700005	116700	57.4	57400	""osoba3""
""osoba3""		60.9	60900	116.700005	116700	56.800003	56800	""osoba3""
""osoba4""		63.9	63900	63.9	63900	1.0	1000	""osoba4""
""osoba3""		65.4	65400	116.700005	116700	52.300003	52300	""osoba3""
""osoba3""		66.3	66300	116.700005	116700	51.4	51400	""osoba3""
""osoba3""		67.5	67500	116.700005	116700	50.200005	50200	""osoba3""
""osoba3""		68.700005	68700	116.700005	116700	49.0	49000	""osoba3""
""osoba3""		69.600006	69600	116.700005	116700	48.1	48100	""osoba3""
""osoba3""		70.200005	70200	116.700005	116700	47.5	47500	""osoba3""
""osoba3""		72.0	72000	116.700005	116700	45.700005	45700	""osoba3""
""osoba3""		73.200005	73200	116.700005	116700	44.5	44500	""osoba3""
""osoba3""		74.100006	74100	116.700005	116700	43.6	43600	""osoba3""
""osoba3""		75.0	75000	116.700005	116700	42.700005	42700	""osoba3""
""osoba3""		80.700005	80700	116.700005	116700	37.0	37000	""osoba3""
""osoba4""		81.3	81300	82.200005	82200	1.9000015	1900	""osoba4""
""osoba3""		86.700005	86700	116.700005	116700	31.0	31000	""osoba3""
""osoba3""		87.3	87300	116.700005	116700	30.400002	30400	""osoba3""
""osoba3""		89.4	89400	116.700005	116700	28.300003	28300	""osoba3""
""osoba3""		91.5	91500	116.700005	116700	26.200005	26200	""osoba3""
""osoba2""		92.700005	92700	92.700005	92700	1.0	1000	""osoba2""
""osoba3""		93.3	93300	116.700005	116700	24.400002	24400	""osoba3""
""osoba3""		95.100006	95100	116.700005	116700	22.599998	22599	""osoba3""
""osoba3""		97.200005	97200	116.700005	116700	20.5	20500	""osoba3""
""osoba2""		100.200005	100200	102.600006	102600	3.4000015	3400	""osoba2""
""osoba3""		101.4	101400	116.700005	116700	16.300003	16300	""osoba3""
""osoba3""		104.100006	104100	116.700005	116700	13.599998	13599	""osoba3""
""osoba3""		108.9	108900	116.700005	116700	8.800003	8800	""osoba3""
""osoba3""		109.8	109800	116.700005	116700	7.9000015	7900	""osoba3""
""osoba1""		110.100006	110100	110.4	110400	1.2999954	1299	""osoba1""
""osoba3""		111.9	111900	116.700005	116700	5.800003	5800	""osoba3""
""osoba1""		113.4	113400	117.9	117900	5.5	5500	""osoba1""
""osoba4""		125.100006	125100	129.90001	129900	5.800003	5800	""osoba4""
""osoba4""		125.700005	125700	129.90001	129900	5.2000046	5200	""osoba4""
""osoba3""		126.3	126300	143.70001	143700	18.40001	18400	""osoba3""
""osoba3""		127.200005	127200	143.70001	143700	17.500008	17500	""osoba3""
""osoba3""		127.8	127800	143.70001	143700	16.90001	16900	""osoba3""
""osoba4""		128.40001	128400	129.90001	129900	2.5	2500	""osoba4""
""osoba3""		131.1	131100	143.70001	143700	13.600006	13600	""osoba3""
""osoba3""		131.70001	131700	143.70001	143700	13.0	13000	""osoba3""
""osoba3""		132.3	132300	143.70001	143700	12.400009	12400	""osoba3""
""osoba4""		133.8	133800	134.70001	134700	1.9000092	1900	""osoba4""
""osoba2""		134.1	134100	134.1	134100	1.0	1000	""osoba2""
""osoba3""		134.70001	134700	143.70001	143700	10.0	10000	""osoba3""
""osoba3""		135.6	135600	143.70001	143700	9.100006	9100	""osoba3""
""osoba3""		136.5	136500	143.70001	143700	8.200012	8200	""osoba3""
""osoba3""		137.70001	137700	143.70001	143700	7.0	7000	""osoba3""
""osoba3""		139.20001	139200	143.70001	143700	5.5	5500	""osoba3""
""osoba3""		140.40001	140400	143.70001	143700	4.300003	4300	""osoba3""
""osoba2""		144.0	144000	144.3	144300	1.300003	1300	""osoba2""
""osoba3""		146.70001	146700	148.8	148800	3.0999908	3099	""osoba3""
""osoba4""		149.1	149100	164.70001	164700	16.600006	16600	""osoba4""
""osoba4""		151.5	151500	164.70001	164700	14.200012	14200	""osoba4""
""osoba3""		152.1	152100	153.90001	153900	2.800003	2800	""osoba3""
""osoba1""		153.0	153000	155.40001	155400	3.4000092	3400	""osoba1""
""osoba1""		153.90001	153900	155.40001	155400	2.5	2500	""osoba1""
""osoba4""		155.40001	155400	164.70001	164700	10.300003	10300	""osoba4""
""osoba2""		158.70001	158700	159.6	159600	1.8999939	1899	""osoba2""
""osoba4""		159.0	159000	164.70001	164700	6.700012	6700	""osoba4""
""osoba4""		160.5	160500	164.70001	164700	5.200012	5200	""osoba4""
""osoba3""		164.1	164100	189.6	189600	26.5	26500	""osoba3""
""osoba4""		164.40001	164400	164.70001	164700	1.300003	1300	""osoba4""
""osoba3""		167.40001	167400	189.6	189600	23.199997	23199	""osoba3""
""osoba2""		168.3	168300	170.1	170100	2.800003	2800	""osoba2""
""osoba3""		173.1	173100	189.6	189600	17.5	17500	""osoba3""
""osoba3""		176.1	176100	189.6	189600	14.5	14500	""osoba3""
""osoba1""		176.40001	176400	176.40001	176400	1.0	1000	""osoba1""
""osoba3""		176.70001	176700	189.6	189600	13.899994	13899	""osoba3""
""osoba3""		179.40001	179400	189.6	189600	11.199997	11199	""osoba3""
""osoba3""		181.5	181500	189.6	189600	9.100006	9100	""osoba3""
""osoba3""		182.40001	182400	189.6	189600	8.199997	8199	""osoba3""
""osoba1""		185.1	185100	185.1	185100	1.0	1000	""osoba1""
""osoba3""		185.1	185100	189.6	189600	5.5	5500	""osoba3""
""osoba4""		186.3	186300	187.5	187500	2.199997	2199	""osoba4""
""osoba4""		187.20001	187200	187.5	187500	1.2999878	1299	""osoba4""
""osoba4""		189.6	189600	212.1	212100	23.5	23500	""osoba4""
""osoba3""		191.70001	191700	198.3	198300	7.599991	7599	""osoba3""
""osoba3""		192.90001	192900	198.3	198300	6.399994	6399	""osoba3""
""osoba4""		194.70001	194700	212.1	212100	18.399994	18399	""osoba4""
""osoba3""		195.6	195600	198.3	198300	3.699997	3699	""osoba3""
""osoba3""		196.8	196800	198.3	198300	2.5	2500	""osoba3""
""osoba4""		196.8	196800	212.1	212100	16.300003	16300	""osoba4""
""osoba4""		202.20001	202200	212.1	212100	10.899994	10899	""osoba4""
""osoba4""		203.1	203100	212.1	212100	10.0	10000	""osoba4""
""osoba4""		204.3	204300	212.1	212100	8.800003	8800	""osoba4""
""osoba4""		204.90001	204900	212.1	212100	8.199997	8199	""osoba4""
""osoba4""		206.70001	206700	212.1	212100	6.399994	6399	""osoba4""
""osoba4""		209.70001	209700	212.1	212100	3.399994	3399	""osoba4""
""osoba3""		211.50002	211500	237.90001	237900	27.399994	27399	""osoba3""
""osoba1""		216.00002	216000	218.40001	218400	3.399994	3399	""osoba1""
""osoba3""		216.00002	216000	237.90001	237900	22.899994	22899	""osoba3""
""osoba2""		217.8	217800	218.70001	218700	1.9000092	1900	""osoba2""
""osoba3""		219.90001	219900	237.90001	237900	19.0	19000	""osoba3""
""osoba3""		221.40001	221400	237.90001	237900	17.5	17500	""osoba3""
""osoba4""		222.6	222600	225.3	225300	3.699997	3699	""osoba4""
""osoba3""		222.90001	222900	237.90001	237900	16.0	16000	""osoba3""
""osoba2""		224.70001	224700	225.00002	225000	1.300003	1300	""osoba2""
""osoba3""		228.3	228300	237.90001	237900	10.600006	10600	""osoba3""
""osoba3""		229.50002	229500	237.90001	237900	9.399994	9399	""osoba3""
""osoba3""		232.50002	232500	237.90001	237900	6.399994	6399	""osoba3""
""osoba3""		234.3	234300	237.90001	237900	4.600006	4600	""osoba3""
""osoba3""		235.50002	235500	237.90001	237900	3.399994	3399	""osoba3""
""osoba2""		235.8	235800	236.1	236100	1.300003	1300	""osoba2""
""osoba4""		237.00002	237000	255.90001	255900	19.899994	19899	""osoba4""
""osoba4""		246.00002	246000	255.90001	255900	10.899994	10899	""osoba4""
""osoba4""		246.90001	246900	255.90001	255900	10.0	10000	""osoba4""
""osoba4""		247.50002	247500	255.90001	255900	9.399994	9399	""osoba4""
""osoba4""		248.40001	248400	255.90001	255900	8.5	8500	""osoba4""
""osoba4""		249.00002	249000	255.90001	255900	7.899994	7899	""osoba4""
""osoba4""		249.90001	249900	255.90001	255900	7.0	7000	""osoba4""
""osoba2""		252.3	252300	252.3	252300	1.0	1000	""osoba2""
""osoba4""		252.90001	252900	255.90001	255900	4.0	4000	""osoba4""
""osoba4""		254.40001	254400	255.90001	255900	2.5	2500	""osoba4""
""osoba4""		255.00002	255000	255.90001	255900	1.8999939	1899	""osoba4""
""osoba3""		256.2	256200	303.30002	303300	48.100006	48100	""osoba3""
""osoba3""		258.0	258000	303.30002	303300	46.30002	46300	""osoba3""
""osoba4""		258.0	258000	262.2	262200	5.200012	5200	""osoba4""
""osoba1""		260.40002	260400	261.0	261000	1.5999756	1599	""osoba1""
""osoba3""		261.0	261000	303.30002	303300	43.30002	43300	""osoba3""
""osoba4""		262.2	262200	262.2	262200	1.0	1000	""osoba4""
""osoba3""		262.5	262500	303.30002	303300	41.80002	41800	""osoba3""
""osoba3""		263.40002	263400	303.30002	303300	40.899994	40899	""osoba3""
""osoba3""		264.6	264600	303.30002	303300	39.700012	39700	""osoba3""
""osoba3""		267.30002	267300	303.30002	303300	37.0	37000	""osoba3""
""osoba3""		268.5	268500	303.30002	303300	35.80002	35800	""osoba3""
""osoba3""		270.0	270000	303.30002	303300	34.30002	34300	""osoba3""
""osoba3""		272.1	272100	303.30002	303300	32.200012	32200	""osoba3""
""osoba3""		273.6	273600	303.30002	303300	30.700012	30700	""osoba3""
""osoba3""		277.80002	277800	303.30002	303300	26.5	26500	""osoba3""
""osoba3""		279.30002	279300	303.30002	303300	25.0	25000	""osoba3""
""osoba3""		280.2	280200	303.30002	303300	24.100006	24100	""osoba3""
""osoba3""		282.90002	282900	303.30002	303300	21.399994	21399	""osoba3""
""osoba3""		283.5	283500	303.30002	303300	20.800018	20800	""osoba3""
""osoba3""		284.7	284700	303.30002	303300	19.600006	19600	""osoba3""
""osoba3""		290.1	290100	303.30002	303300	14.200012	14200	""osoba3""
""osoba3""		292.2	292200	303.30002	303300	12.100006	12100	""osoba3""
""osoba3""		295.2	295200	303.30002	303300	9.100006	9100	""osoba3""
""osoba3""		296.1	296100	303.30002	303300	8.200012	8200	""osoba3""
""osoba3""		300.90002	300900	303.30002	303300	3.399994	3399	""osoba3""
""osoba4""		301.80002	301800	354.90002	354900	54.100006	54100	""osoba4""
""osoba1""		302.1	302100	302.40002	302400	1.3000183	1300	""osoba1""
""osoba4""		303.0	303000	354.90002	354900	52.900024	52900	""osoba4""
""osoba4""		304.80002	304800	354.90002	354900	51.100006	51100	""osoba4""
""osoba4""		306.0	306000	354.90002	354900	49.900024	49900	""osoba4""
""osoba4""		307.2	307200	354.90002	354900	48.700012	48700	""osoba4""
""osoba4""		309.30002	309300	354.90002	354900	46.600006	46600	""osoba4""
""osoba4""		311.1	311100	354.90002	354900	44.80002	44800	""osoba4""
""osoba4""		312.30002	312300	354.90002	354900	43.600006	43600	""osoba4""
""osoba3""		317.40002	317400	318.6	318600	2.1999817	2199	""osoba3""
""osoba4""		320.1	320100	354.90002	354900	35.80002	35800	""osoba4""
""osoba4""		321.30002	321300	354.90002	354900	34.600006	34600	""osoba4""
""osoba4""		321.90002	321900	354.90002	354900	34.0	34000	""osoba4""
""osoba4""		323.7	323700	354.90002	354900	32.200012	32200	""osoba4""
""osoba4""		324.30002	324300	354.90002	354900	31.600006	31600	""osoba4""
""osoba4""		324.90002	324900	354.90002	354900	31.0	31000	""osoba4""
""osoba3""		326.7	326700	327.0	327000	1.2999878	1299	""osoba3""
""osoba4""		328.5	328500	354.90002	354900	27.400024	27400	""osoba4""
""osoba4""		330.30002	330300	354.90002	354900	25.600006	25600	""osoba4""
""osoba4""		331.2	331200	354.90002	354900	24.700012	24700	""osoba4""
""osoba4""		332.7	332700	354.90002	354900	23.200012	23200	""osoba4""
""osoba4""		333.6	333600	354.90002	354900	22.300018	22300	""osoba4""
""osoba4""		336.30002	336300	354.90002	354900	19.600006	19600	""osoba4""
""osoba4""		337.80002	337800	354.90002	354900	18.100006	18100	""osoba4""
""osoba4""		340.2	340200	354.90002	354900	15.700012	15700	""osoba4""
""osoba4""		340.80002	340800	354.90002	354900	15.100006	15100	""osoba4""
""osoba4""		343.5	343500	354.90002	354900	12.400024	12400	""osoba4""
""osoba4""		346.80002	346800	354.90002	354900	9.100006	9100	""osoba4""
""osoba4""		347.40002	347400	354.90002	354900	8.5	8500	""osoba4""
""osoba4""		348.90002	348900	354.90002	354900	7.0	7000	""osoba4""
""osoba2""		350.1	350100	351.90002	351900	2.8000183	2800	""osoba2""
""osoba3""		353.7	353700	366.90002	366900	14.200012	14200	""osoba3""
""osoba4""		354.0	354000	354.90002	354900	1.9000244	1900	""osoba4""
""osoba3""		356.1	356100	366.90002	366900	11.800018	11800	""osoba3""
""osoba3""		356.7	356700	366.90002	366900	11.200012	11200	""osoba3""
""osoba3""		359.1	359100	366.90002	366900	8.800018	8800	""osoba3""
""osoba3""		360.90002	360900	366.90002	366900	7.0	7000	""osoba3""
""osoba3""		362.1	362100	366.90002	366900	5.8000183	5800	""osoba3""
""osoba3""		362.7	362700	366.90002	366900	5.200012	5200	""osoba3""
""osoba3""		363.30002	363300	366.90002	366900	4.600006	4600	""osoba3""
""osoba3""		365.1	365100	366.90002	366900	2.8000183	2800	""osoba3""
""osoba2""		366.30002	366300	366.90002	366900	1.6000061	1600	""osoba2""
""osoba3""		366.30002	366300	366.90002	366900	1.6000061	1600	""osoba3""
""osoba4""		368.7	368700	369.6	369600	1.8999939	1899	""osoba4""
""osoba3""		369.6	369600	376.5	376500	7.899994	7899	""osoba3""
""osoba3""		372.30002	372300	376.5	376500	5.1999817	5199	""osoba3""
""osoba3""		374.1	374100	376.5	376500	3.399994	3399	""osoba3""
""osoba1""		375.0	375000	375.90002	375900	1.9000244	1900	""osoba1""
""osoba2""		375.90002	375900	381.90002	381900	7.0	7000	""osoba2""
""osoba4""		381.0	381000	406.50003	406500	26.50003	26500	""osoba4""
""osoba4""		384.30002	384300	406.50003	406500	23.200012	23200	""osoba4""
""osoba4""		386.7	386700	406.50003	406500	20.800018	20800	""osoba4""
""osoba3""		388.2	388200	390.30002	390300	3.100006	3100	""osoba3""
""osoba4""		388.2	388200	406.50003	406500	19.300018	19300	""osoba4""
""osoba1""		392.40002	392400	392.40002	392400	1.0	1000	""osoba1""
""osoba4""		393.90002	393900	406.50003	406500	13.600006	13600	""osoba4""
""osoba4""		394.80002	394800	406.50003	406500	12.700012	12700	""osoba4""
""osoba4""		396.30002	396300	406.50003	406500	11.200012	11200	""osoba4""
""osoba4""		399.6	399600	406.50003	406500	7.9000244	7900	""osoba4""
""osoba4""		401.7	401700	406.50003	406500	5.8000183	5800	""osoba4""
""osoba4""		402.30002	402300	406.50003	406500	5.200012	5200	""osoba4""
""osoba4""		404.40002	404400	406.50003	406500	3.100006	3100	""osoba4""
""osoba3""		407.1	407100	411.00003	411000	4.9000244	4900	""osoba3""
""osoba3""		409.2	409200	411.00003	411000	2.8000183	2800	""osoba3""
""osoba4""		410.40002	410400	422.40002	422400	13.0	13000	""osoba4""
""osoba4""		412.80002	412800	422.40002	422400	10.600006	10600	""osoba4""
""osoba2""		413.1	413100	415.50003	415500	3.4000244	3400	""osoba2""
""osoba4""		413.7	413700	422.40002	422400	9.700012	9700	""osoba4""
""osoba4""		417.00003	417000	422.40002	422400	6.399994	6399	""osoba4""
""osoba4""		418.2	418200	422.40002	422400	5.200012	5200	""osoba4""
""osoba4""		420.6	420600	422.40002	422400	2.8000183	2800	""osoba4""
""osoba1""		421.2	421200	423.30002	423300	3.100006	3100	""osoba1""
""osoba4""		428.40002	428400	445.2	445200	17.799988	17799	""osoba4""
""osoba4""		430.2	430200	445.2	445200	16.0	16000	""osoba4""
""osoba3""		431.1	431100	432.00003	432000	1.9000244	1900	""osoba3""
""osoba4""		433.80002	433800	445.2	445200	12.399994	12399	""osoba4""
""osoba4""		436.80002	436800	445.2	445200	9.399994	9399	""osoba4""
""osoba4""		439.50003	439500	445.2	445200	6.6999817	6699	""osoba4""
""osoba4""		441.00003	441000	445.2	445200	5.1999817	5199	""osoba4""
""osoba4""		441.6	441600	445.2	445200	4.600006	4600	""osoba4""
""osoba4""		444.6	444600	445.2	445200	1.6000061	1600	""osoba4""
""osoba2""		444.90002	444900	445.2	445200	1.2999878	1299	""osoba2""
""osoba3""		446.1	446100	480.6	480600	35.5	35500	""osoba3""
""osoba3""		448.50003	448500	480.6	480600	33.099976	33099	""osoba3""
""osoba3""		449.7	449700	480.6	480600	31.899994	31899	""osoba3""
""osoba3""		450.90002	450900	480.6	480600	30.699982	30699	""osoba3""
""osoba3""		451.50003	451500	480.6	480600	30.099976	30099	""osoba3""
""osoba3""		453.30002	453300	480.6	480600	28.299988	28299	""osoba3""
""osoba3""		454.80002	454800	480.6	480600	26.799988	26799	""osoba3""
""osoba4""		455.1	455100	456.00003	456000	1.9000244	1900	""osoba4""
""osoba3""		458.7	458700	480.6	480600	22.899994	22899	""osoba3""
""osoba3""		460.2	460200	480.6	480600	21.399994	21399	""osoba3""
""osoba3""		462.30002	462300	480.6	480600	19.299988	19299	""osoba3""
""osoba3""		465.30002	465300	480.6	480600	16.299988	16299	""osoba3""
""osoba3""		466.50003	466500	480.6	480600	15.099976	15099	""osoba3""
""osoba3""		468.30002	468300	480.6	480600	13.299988	13299	""osoba3""
""osoba3""		469.50003	469500	480.6	480600	12.099976	12099	""osoba3""
""osoba2""		470.1	470100	470.1	470100	1.0	1000	""osoba2""
""osoba3""		470.7	470700	480.6	480600	10.899994	10899	""osoba3""
""osoba1""		472.80002	472800	472.80002	472800	1.0	1000	""osoba1""
""osoba3""		472.80002	472800	480.6	480600	8.799988	8799	""osoba3""
""osoba3""		474.30002	474300	480.6	480600	7.299988	7299	""osoba3""
""osoba4""		474.6	474600	475.80002	475800	2.2000122	2200	""osoba4""
""osoba3""		476.7	476700	480.6	480600	4.899994	4899	""osoba3""
""osoba3""		477.6	477600	480.6	480600	4.0	4000	""osoba3""
""osoba2""		478.80002	478800	482.7	482700	4.899994	4899	""osoba2""
""osoba2""		480.00003	480000	482.7	482700	3.6999817	3699	""osoba2""
""osoba4""		490.80002	490800	504.30002	504300	14.5	14500	""osoba4""
""osoba3""		491.7	491700	491.7	491700	1.0	1000	""osoba3""
""osoba4""		493.2	493200	504.30002	504300	12.100006	12100	""osoba4""
""osoba4""		496.50003	496500	504.30002	504300	8.799988	8799	""osoba4""
""osoba4""		499.2	499200	504.30002	504300	6.100006	6100	""osoba4""
""osoba4""		501.6	501600	504.30002	504300	3.7000122	3700	""osoba4""
""osoba4""		502.50003	502500	504.30002	504300	2.7999878	2799	""osoba4""
""osoba4""		503.40002	503400	504.30002	504300	1.8999939	1899	""osoba4""
""osoba1""		503.7	503700	507.90002	507900	5.200012	5200	""osoba1""
""osoba4""		504.00003	504000	504.30002	504300	1.2999878	1299	""osoba4""
""osoba3""		514.80005	514800	521.4	521400	7.5999756	7599	""osoba3""
""osoba3""		515.7	515700	521.4	521400	6.700012	6700	""osoba3""
""osoba3""		519.30005	519300	521.4	521400	3.0999756	3099	""osoba3""
""osoba4""		519.60004	519600	526.5	526500	7.8999634	7899	""osoba4""
""osoba4""		525.0	525000	526.5	526500	2.5	2500	""osoba4""
""osoba1""		525.60004	525600	530.4	530400	5.799988	5799	""osoba1""
""osoba1""		526.2	526200	530.4	530400	5.200012	5200	""osoba1""
""osoba3""		531.9	531900	538.2	538200	7.299988	7299	""osoba3""
""osoba3""		532.5	532500	538.2	538200	6.700012	6700	""osoba3""
""osoba4""		535.2	535200	536.4	536400	2.2000122	2200	""osoba4""
""osoba4""		536.4	536400	536.4	536400	1.0	1000	""osoba4""
""osoba3""		537.30005	537300	538.2	538200	1.8999634	1899	""osoba3""
""osoba1""		537.60004	537600	538.2	538200	1.5999756	1599	""osoba1""
""osoba4""		539.10004	539100	564.30005	564300	26.200012	26200	""osoba4""
""osoba4""		540.60004	540600	564.30005	564300	24.700012	24700	""osoba4""
""osoba4""		541.2	541200	564.30005	564300	24.100037	24100	""osoba4""
""osoba4""		545.10004	545100	564.30005	564300	20.200012	20200	""osoba4""
""osoba3""		546.0	546000	546.0	546000	1.0	1000	""osoba3""
""osoba4""		546.9	546900	564.30005	564300	18.400024	18400	""osoba4""
""osoba1""		547.2	547200	550.80005	550800	4.6000366	4600	""osoba1""
""osoba4""		548.7	548700	564.30005	564300	16.600037	16600	""osoba4""
""osoba4""		558.30005	558300	564.30005	564300	7.0	7000	""osoba4""
""osoba4""		559.2	559200	564.30005	564300	6.1000366	6100	""osoba4""
""osoba1""		560.7	560700	561.9	561900	2.2000122	2200	""osoba1""
""osoba4""		562.80005	562800	564.30005	564300	2.5	2500	""osoba4""
""osoba3""		563.4	563400	594.60004	594600	32.200012	32200	""osoba3""
""osoba3""		567.0	567000	594.60004	594600	28.600037	28600	""osoba3""
""osoba4""		568.2	568200	570.30005	570300	3.1000366	3100	""osoba4""
""osoba3""		568.5	568500	594.60004	594600	27.100037	27100	""osoba3""
""osoba3""		570.30005	570300	594.60004	594600	25.299988	25299	""osoba3""
""osoba3""		571.2	571200	594.60004	594600	24.400024	24400	""osoba3""
""osoba4""		574.5	574500	575.10004	575100	1.6000366	1600	""osoba4""
""osoba3""		576.60004	576600	594.60004	594600	19.0	19000	""osoba3""
""osoba3""		579.0	579000	594.60004	594600	16.600037	16600	""osoba3""
""osoba3""		582.0	582000	594.60004	594600	13.600037	13600	""osoba3""
""osoba3""		583.5	583500	594.60004	594600	12.100037	12100	""osoba3""
""osoba3""		584.10004	584100	594.60004	594600	11.5	11500	""osoba3""
""osoba3""		585.60004	585600	594.60004	594600	10.0	10000	""osoba3""
""osoba1""		586.5	586500	586.80005	586800	1.3000488	1300	""osoba1""
""osoba3""		588.0	588000	594.60004	594600	7.6000366	7600	""osoba3""
""osoba3""		592.80005	592800	594.60004	594600	2.7999878	2799	""osoba3""
""osoba4""		593.4	593400	600.60004	600600	8.200012	8200	""osoba4""
""osoba4""		595.5	595500	600.60004	600600	6.1000366	6100	""osoba4""
""osoba4""		596.10004	596100	600.60004	600600	5.5	5500	""osoba4""
""osoba3""		599.4	599400	606.30005	606300	7.9000244	7900	""osoba3""
""osoba4""		605.10004	605100	612.0	612000	7.8999634	7899	""osoba4""
""osoba3""		606.0	606000	606.30005	606300	1.3000488	1300	""osoba3""
""osoba4""		607.5	607500	612.0	612000	5.5	5500	""osoba4""
""osoba4""		609.60004	609600	612.0	612000	3.3999634	3399	""osoba4""
""osoba4""		611.10004	611100	612.0	612000	1.8999634	1899	""osoba4""
""osoba3""		611.4	611400	679.2	679200	68.79999	68799	""osoba3""
""osoba3""		614.10004	614100	679.2	679200	66.099976	66099	""osoba3""
""osoba3""		616.2	616200	679.2	679200	64.0	64000	""osoba3""
""osoba3""		616.80005	616800	679.2	679200	63.399963	63399	""osoba3""
""osoba3""		620.7	620700	679.2	679200	59.5	59500	""osoba3""
""osoba3""		621.60004	621600	679.2	679200	58.599976	58599	""osoba3""
""osoba3""		622.80005	622800	679.2	679200	57.399963	57399	""osoba3""
""osoba3""		623.4	623400	679.2	679200	56.799988	56799	""osoba3""
""osoba3""		624.0	624000	679.2	679200	56.200012	56200	""osoba3""
""osoba3""		629.10004	629100	679.2	679200	51.099976	51099	""osoba3""
""osoba3""		629.7	629700	679.2	679200	50.5	50500	""osoba3""
""osoba3""		630.60004	630600	679.2	679200	49.599976	49599	""osoba3""
""osoba3""		631.5	631500	679.2	679200	48.700012	48700	""osoba3""
""osoba3""		632.10004	632100	679.2	679200	48.099976	48099	""osoba3""
""osoba3""		635.7	635700	679.2	679200	44.5	44500	""osoba3""
""osoba3""		639.60004	639600	679.2	679200	40.599976	40599	""osoba3""
""osoba3""		641.10004	641100	679.2	679200	39.099976	39099	""osoba3""
""osoba3""		643.2	643200	679.2	679200	37.0	37000	""osoba3""
""osoba3""		644.4	644400	679.2	679200	35.799988	35799	""osoba3""
""osoba3""		648.0	648000	679.2	679200	32.200012	32200	""osoba3""
""osoba3""		651.60004	651600	679.2	679200	28.599976	28599	""osoba3""
""osoba1""		653.7	653700	654.9	654900	2.2000122	2200	""osoba1""
""osoba1""		654.60004	654600	654.9	654900	1.2999878	1299	""osoba1""
""osoba3""		654.60004	654600	679.2	679200	25.599976	25599	""osoba3""
""osoba3""		656.4	656400	679.2	679200	23.799988	23799	""osoba3""
""osoba3""		657.30005	657300	679.2	679200	22.899963	22899	""osoba3""
""osoba3""		660.30005	660300	679.2	679200	19.899963	19899	""osoba3""
""osoba3""		661.5	661500	679.2	679200	18.700012	18700	""osoba3""
""osoba4""		664.5	664500	668.7	668700	5.200012	5200	""osoba4""
""osoba4""		666.30005	666300	668.7	668700	3.3999634	3399	""osoba4""
""osoba3""		670.80005	670800	679.2	679200	9.399963	9399	""osoba3""
""osoba4""		671.4	671400	675.9	675900	5.5	5500	""osoba4""
""osoba4""		674.10004	674100	675.9	675900	2.7999878	2799	""osoba4""
""osoba3""		675.9	675900	679.2	679200	4.299988	4299	""osoba3""
""osoba1""		679.2	679200	681.0	681000	2.7999878	2799	""osoba1""
""osoba4""		680.7	680700	682.80005	682800	3.1000366	3100	""osoba4""
""osoba3""		681.30005	681300	682.80005	682800	2.5	2500	""osoba3""
""osoba2""		682.5	682500	688.2	688200	6.700012	6700	""osoba2""
""osoba4""		688.2	688200	698.4	698400	11.200012	11200	""osoba4""
""osoba4""		691.80005	691800	698.4	698400	7.5999756	7599	""osoba4""
""osoba3""		692.10004	692100	708.0	708000	16.899963	16899	""osoba3""
""osoba4""		693.30005	693300	698.4	698400	6.0999756	6099	""osoba4""
""osoba3""		693.60004	693600	708.0	708000	15.399963	15399	""osoba3""
""osoba3""		694.5	694500	708.0	708000	14.5	14500	""osoba3""
""osoba1""		694.80005	694800	695.4	695400	1.5999756	1599	""osoba1""
""osoba4""		695.10004	695100	698.4	698400	4.299988	4299	""osoba4""
""osoba3""		699.60004	699600	708.0	708000	9.399963	9399	""osoba3""
""osoba4""		701.7	701700	702.30005	702300	1.6000366	1600	""osoba4""
""osoba3""		704.4	704400	708.0	708000	4.5999756	4599	""osoba3""
""osoba3""		705.30005	705300	708.0	708000	3.6999512	3699	""osoba3""
""osoba3""		705.9	705900	708.0	708000	3.0999756	3099	""osoba3""
""osoba2""		708.30005	708300	708.60004	708600	1.2999878	1299	""osoba2""
""osoba4""		709.2	709200	716.7	716700	8.5	8500	""osoba4""
""osoba3""		710.7	710700	712.80005	712800	3.1000366	3100	""osoba3""
""osoba4""		710.7	710700	716.7	716700	7.0	7000	""osoba4""
""osoba4""		714.0	714000	716.7	716700	3.7000122	3700	""osoba4""
""osoba4""		714.60004	714600	716.7	716700	3.0999756	3099	""osoba4""
""osoba3""		715.80005	715800	726.30005	726300	11.5	11500	""osoba3""
""osoba3""		720.30005	720300	726.30005	726300	7.0	7000	""osoba3""
""osoba4""		720.9	720900	721.2	721200	1.2999878	1299	""osoba4""
""osoba3""		721.2	721200	726.30005	726300	6.1000366	6100	""osoba3""
""osoba3""		722.10004	722100	726.30005	726300	5.200012	5200	""osoba3""
""osoba3""		723.0	723000	726.30005	726300	4.300049	4300	""osoba3""
""osoba3""		724.5	724500	726.30005	726300	2.8000488	2800	""osoba3""
""osoba2""		725.4	725400	725.4	725400	1.0	1000	""osoba2""
""osoba1""		726.0	726000	729.9	729900	4.9000244	4900	""osoba1""
""osoba2""		729.60004	729600	729.60004	729600	1.0	1000	""osoba2""
""osoba3""		730.5	730500	737.10004	737100	7.6000366	7600	""osoba3""
""osoba3""		733.2	733200	737.10004	737100	4.9000244	4900	""osoba3""
""osoba3""		733.80005	733800	737.10004	737100	4.299988	4299	""osoba3""
""osoba4""		734.4	734400	780.60004	780600	47.200012	47200	""osoba4""
""osoba3""		735.60004	735600	737.10004	737100	2.5	2500	""osoba3""
""osoba4""		735.60004	735600	780.60004	780600	46.0	46000	""osoba4""
""osoba4""		741.0	741000	780.60004	780600	40.600037	40600	""osoba4""
""osoba4""		747.9	747900	780.60004	780600	33.700012	33700	""osoba4""
""osoba4""		749.10004	749100	780.60004	780600	32.5	32500	""osoba4""
""osoba4""		753.60004	753600	780.60004	780600	28.0	28000	""osoba4""
""osoba4""		754.5	754500	780.60004	780600	27.100037	27100	""osoba4""
""osoba4""		755.10004	755100	780.60004	780600	26.5	26500	""osoba4""
""osoba4""		757.2	757200	780.60004	780600	24.400024	24400	""osoba4""
""osoba4""		757.80005	757800	780.60004	780600	23.799988	23799	""osoba4""
""osoba4""		761.10004	761100	780.60004	780600	20.5	20500	""osoba4""
""osoba2""		763.2	763200	763.2	763200	1.0	1000	""osoba2""
""osoba4""		763.80005	763800	780.60004	780600	17.799988	17799	""osoba4""
""osoba3""		766.80005	766800	767.10004	767100	1.2999878	1299	""osoba3""
""osoba4""		768.30005	768300	780.60004	780600	13.299988	13299	""osoba4""
""osoba4""		770.10004	770100	780.60004	780600	11.5	11500	""osoba4""
""osoba1""		771.30005	771300	771.60004	771600	1.2999878	1299	""osoba1""
""osoba4""		773.7	773700	780.60004	780600	7.9000244	7900	""osoba4""
""osoba1""		774.60004	774600	774.60004	774600	1.0	1000	""osoba1""
""osoba4""		774.60004	774600	780.60004	780600	7.0	7000	""osoba4""
""osoba3""		775.80005	775800	777.60004	777600	2.7999878	2799	""osoba3""
""osoba4""		776.4	776400	780.60004	780600	5.200012	5200	""osoba4""
""osoba3""		779.7	779700	801.00006	801000	22.300049	22300	""osoba3""
""osoba2""		780.60004	780600	782.10004	782100	2.5	2500	""osoba2""
""osoba1""		782.10004	782100	782.7	782700	1.5999756	1599	""osoba1""
""osoba3""		784.50006	784500	801.00006	801000	17.5	17500	""osoba3""
""osoba3""		786.9	786900	801.00006	801000	15.100037	15100	""osoba3""
""osoba3""		787.80005	787800	801.00006	801000	14.200012	14200	""osoba3""
""osoba3""		788.4	788400	801.00006	801000	13.600037	13600	""osoba3""
""osoba3""		789.30005	789300	801.00006	801000	12.700012	12700	""osoba3""
""osoba3""		792.00006	792000	801.00006	801000	10.0	10000	""osoba3""
""osoba4""		792.30005	792300	793.2	793200	1.8999634	1899	""osoba4""
""osoba3""		795.60004	795600	801.00006	801000	6.4000244	6400	""osoba3""
""osoba3""		796.2	796200	801.00006	801000	5.800049	5800	""osoba3""
""osoba3""		798.9	798900	801.00006	801000	3.1000366	3100	""osoba3""
""osoba1""		800.7	800700	801.9	801900	2.2000122	2200	""osoba1""
""osoba3""		804.30005	804300	820.2	820200	16.899963	16899	""osoba3""
""osoba3""		804.9	804900	820.2	820200	16.299988	16299	""osoba3""
""osoba1""		807.60004	807600	809.10004	809100	2.5	2500	""osoba1""
""osoba3""		807.60004	807600	820.2	820200	13.599976	13599	""osoba3""
""osoba4""		807.9	807900	810.9	810900	4.0	4000	""osoba4""
""osoba4""		809.7	809700	810.9	810900	2.2000122	2200	""osoba4""
""osoba3""		810.00006	810000	820.2	820200	11.199951	11199	""osoba3""
""osoba3""		811.50006	811500	820.2	820200	9.699951	9699	""osoba3""
""osoba4""		813.00006	813000	815.10004	815100	3.0999756	3099	""osoba4""
""osoba2""		813.30005	813300	816.30005	816300	4.0	4000	""osoba2""
""osoba3""		816.9	816900	820.2	820200	4.299988	4299	""osoba3""
""osoba3""		819.00006	819000	820.2	820200	2.1999512	2199	""osoba3""
""osoba2""		819.60004	819600	821.7	821700	3.0999756	3099	""osoba2""
""osoba4""		819.60004	819600	820.50006	820500	1.9000244	1900	""osoba4""
""osoba1""		821.4	821400	822.00006	822000	1.6000366	1600	""osoba1""
""osoba4""		828.9	828900	841.80005	841800	13.900024	13900	""osoba4""
""osoba4""		831.00006	831000	841.80005	841800	11.799988	11799	""osoba4""
""osoba4""		833.4	833400	841.80005	841800	9.400024	9400	""osoba4""
""osoba4""		835.50006	835500	841.80005	841800	7.299988	7299	""osoba4""
""osoba4""		839.7	839700	841.80005	841800	3.1000366	3100	""osoba4""
""osoba4""		841.50006	841500	841.80005	841800	1.2999878	1299	""osoba4""
""osoba1""		841.80005	841800	842.4	842400	1.5999756	1599	""osoba1""
""osoba4""		846.30005	846300	857.10004	857100	11.799988	11799	""osoba4""
""osoba4""		846.9	846900	857.10004	857100	11.200012	11200	""osoba4""
""osoba1""		849.60004	849600	849.60004	849600	1.0	1000	""osoba1""
""osoba3""		852.60004	852600	853.50006	853500	1.9000244	1900	""osoba3""
""osoba1""		857.10004	857100	859.2	859200	3.0999756	3099	""osoba1""
""osoba4""		859.2	859200	859.2	859200	1.0	1000	""osoba4""
""osoba3""		859.80005	859800	859.80005	859800	1.0	1000	""osoba3""
""osoba4""		866.7	866700	885.00006	885000	19.300049	19300	""osoba4""
""osoba4""		867.60004	867600	885.00006	885000	18.400024	18400	""osoba4""
""osoba4""		868.50006	868500	885.00006	885000	17.5	17500	""osoba4""
""osoba4""		870.30005	870300	885.00006	885000	15.700012	15700	""osoba4""
""osoba4""		872.10004	872100	885.00006	885000	13.900024	13900	""osoba4""
""osoba4""		872.7	872700	885.00006	885000	13.300049	13300	""osoba4""
""osoba4""		873.9	873900	885.00006	885000	12.100037	12100	""osoba4""
""osoba4""		875.10004	875100	885.00006	885000	10.900024	10900	""osoba4""
""osoba2""		875.7	875700	876.60004	876600	1.9000244	1900	""osoba2""
""osoba4""		875.7	875700	885.00006	885000	10.300049	10300	""osoba4""
""osoba3""		876.60004	876600	876.60004	876600	1.0	1000	""osoba3""
""osoba4""		878.10004	878100	885.00006	885000	7.9000244	7900	""osoba4""
""osoba4""		878.7	878700	885.00006	885000	7.300049	7300	""osoba4""
""osoba4""		879.30005	879300	885.00006	885000	6.700012	6700	""osoba4""
""osoba4""		880.50006	880500	885.00006	885000	5.5	5500	""osoba4""
""osoba4""		882.00006	882000	885.00006	885000	4.0	4000	""osoba4""
""osoba2""		884.10004	884100	885.9	885900	2.7999878	2799	""osoba2""
""osoba4""		891.00006	891000	898.50006	898500	8.5	8500	""osoba4""
""osoba4""		891.9	891900	898.50006	898500	7.6000366	7600	""osoba4""
""osoba4""		892.50006	892500	898.50006	898500	7.0	7000	""osoba4""
""osoba4""		894.00006	894000	898.50006	898500	5.5	5500	""osoba4""
""osoba1""		894.60004	894600	895.80005	895800	2.2000122	2200	""osoba1""
""osoba3""		896.10004	896100	906.9	906900	11.799988	11799	""osoba3""
""osoba3""		899.7	899700	906.9	906900	8.200012	8200	""osoba3""
""osoba3""		902.7	902700	906.9	906900	5.200012	5200	""osoba3""
""osoba2""		904.50006	904500	904.50006	904500	1.0	1000	""osoba2""
""osoba1""		906.9	906900	907.50006	907500	1.6000366	1600	""osoba1""
""osoba4""		907.2	907200	942.00006	942000	35.80005	35800	""osoba4""
""osoba4""		911.10004	911100	942.00006	942000	31.900024	31900	""osoba4""
""osoba4""		914.10004	914100	942.00006	942000	28.900024	28900	""osoba4""
""osoba4""		915.30005	915300	942.00006	942000	27.700012	27700	""osoba4""
""osoba4""		916.2	916200	942.00006	942000	26.800049	26800	""osoba4""
""osoba4""		919.2	919200	942.00006	942000	23.800049	23800	""osoba4""
""osoba4""		919.80005	919800	942.00006	942000	23.200012	23200	""osoba4""
""osoba4""		921.00006	921000	942.00006	942000	22.0	22000	""osoba4""
""osoba4""		921.60004	921600	942.00006	942000	21.400024	21400	""osoba4""
""osoba2""		923.7	923700	924.00006	924000	1.3000488	1300	""osoba2""
""osoba4""		925.2	925200	942.00006	942000	17.800049	17800	""osoba4""
""osoba4""		925.80005	925800	942.00006	942000	17.200012	17200	""osoba4""
""osoba4""		927.30005	927300	942.00006	942000	15.700012	15700	""osoba4""
""osoba4""		928.2	928200	942.00006	942000	14.800049	14800	""osoba4""
""osoba4""		929.10004	929100	942.00006	942000	13.900024	13900	""osoba4""
""osoba4""		931.80005	931800	942.00006	942000	11.200012	11200	""osoba4""
""osoba4""		933.60004	933600	942.00006	942000	9.400024	9400	""osoba4""
""osoba3""		934.50006	934500	934.50006	934500	1.0	1000	""osoba3""
""osoba4""		934.50006	934500	942.00006	942000	8.5	8500	""osoba4""
""osoba4""		935.7	935700	942.00006	942000	7.300049	7300	""osoba4""
""osoba4""		936.30005	936300	942.00006	942000	6.700012	6700	""osoba4""
""osoba4""		937.80005	937800	942.00006	942000	5.200012	5200	""osoba4""
""osoba4""		939.60004	939600	942.00006	942000	3.4000244	3400	""osoba4""
""osoba4""		940.50006	940500	942.00006	942000	2.5	2500	""osoba4""
""osoba1""		941.10004	941100	942.9	942900	2.7999878	2799	""osoba1""
""osoba2""		944.4	944400	945.30005	945300	1.9000244	1900	""osoba2""
""osoba3""		946.80005	946800	989.7	989700	43.899963	43899	""osoba3""
""osoba1""		947.10004	947100	947.4	947400	1.2999878	1299	""osoba1""
""osoba3""		948.9	948900	989.7	989700	41.799988	41799	""osoba3""
""osoba3""		951.30005	951300	989.7	989700	39.399963	39399	""osoba3""
""osoba3""		955.2	955200	989.7	989700	35.5	35500	""osoba3""
""osoba3""		957.30005	957300	989.7	989700	33.399963	33399	""osoba3""
""osoba3""		960.30005	960300	989.7	989700	30.399963	30399	""osoba3""
""osoba3""		963.30005	963300	989.7	989700	27.399963	27399	""osoba3""
""osoba2""		969.00006	969000	970.2	970200	2.1999512	2199	""osoba2""
""osoba4""		969.60004	969600	971.7	971700	3.0999756	3099	""osoba4""
""osoba1""		971.7	971700	972.00006	972000	1.3000488	1300	""osoba1""
""osoba3""		973.2	973200	989.7	989700	17.5	17500	""osoba3""
""osoba3""		974.4	974400	989.7	989700	16.299988	16299	""osoba3""
""osoba3""		975.00006	975000	989.7	989700	15.699951	15699	""osoba3""
""osoba3""		977.4	977400	989.7	989700	13.299988	13299	""osoba3""
""osoba3""		980.10004	980100	989.7	989700	10.599976	10599	""osoba3""
""osoba3""		981.30005	981300	989.7	989700	9.399963	9399	""osoba3""
""osoba2""		982.2	982200	982.50006	982500	1.3000488	1300	""osoba2""
""osoba3""		982.50006	982500	989.7	989700	8.199951	8199	""osoba3""
""osoba3""		984.60004	984600	989.7	989700	6.0999756	6099	""osoba3""
""osoba3""		986.4	986400	989.7	989700	4.299988	4299	""osoba3""
""osoba3""		987.60004	987600	989.7	989700	3.0999756	3099	""osoba3""
""osoba1""		988.50006	988500	991.50006	991500	4.0	4000	""osoba1""
""osoba4""		990.9	990900	990.9	990900	1.0	1000	""osoba4""
""osoba4""		995.4	995400	1017.9	1017900	23.5	23500	""osoba4""
""osoba4""		996.60004	996600	1017.9	1017900	22.299988	22299	""osoba4""
""osoba3""		1002.30005	1002300	1003.2	1003200	1.8999634	1899	""osoba3""
""osoba4""		1002.60004	1002600	1017.9	1017900	16.299988	16299	""osoba4""
""osoba4""		1006.80005	1006800	1017.9	1017900	12.099976	12099	""osoba4""
""osoba2""		1007.4	1007400	1007.7	1007700	1.2999878	1299	""osoba2""
""osoba4""		1008.30005	1008300	1017.9	1017900	10.599976	10599	""osoba4""
""osoba4""		1010.7	1010700	1017.9	1017900	8.200012	8200	""osoba4""
""osoba4""		1013.10004	1013100	1017.9	1017900	5.799988	5799	""osoba4""
""osoba4""		1016.7	1016700	1017.9	1017900	2.2000122	2200	""osoba4""
""osoba1""		1017.00006	1017000	1019.10004	1019100	3.0999756	3099	""osoba1""
""osoba3""		1017.9	1017900	1017.9	1017900	1.0	1000	""osoba3""
""osoba4""		1025.7001	1025700	1031.1001	1031100	6.4000244	6400	""osoba4""
""osoba3""		1026.0	1026000	1026.9	1026900	1.9000244	1900	""osoba3""
""osoba3""		1026.6001	1026600	1026.9	1026900	1.2999268	1299	""osoba3""
""osoba4""		1029.0	1029000	1031.1001	1031100	3.1000977	3100	""osoba4""
""osoba3""		1029.6001	1029600	1037.7001	1037700	9.099976	9099	""osoba3""
""osoba3""		1032.6001	1032600	1037.7001	1037700	6.0999756	6099	""osoba3""
""osoba4""		1034.7001	1034700	1039.8	1039800	6.0999756	6099	""osoba4""
""osoba3""		1035.0	1035000	1037.7001	1037700	3.7000732	3700	""osoba3""
""osoba3""		1037.7001	1037700	1037.7001	1037700	1.0	1000	""osoba3""
""osoba4""		1038.3	1038300	1039.8	1039800	2.5	2500	""osoba4""
""osoba2""		1039.2001	1039200	1040.4	1040400	2.1999512	2199	""osoba2""
""osoba3""		1048.8	1048800	1092.0	1092000	44.19995	44199	""osoba3""
""osoba3""		1050.3	1050300	1092.0	1092000	42.69995	42699	""osoba3""
""osoba4""		1050.6001	1050600	1051.2001	1051200	1.5999756	1599	""osoba4""
""osoba1""		1058.4	1058400	1058.4	1058400	1.0	1000	""osoba1""
""osoba3""		1061.4	1061400	1092.0	1092000	31.599976	31599	""osoba3""
""osoba3""		1062.9	1062900	1092.0	1092000	30.099976	30099	""osoba3""
""osoba3""		1063.5	1063500	1092.0	1092000	29.5	29500	""osoba3""
""osoba3""		1065.0	1065000	1092.0	1092000	28.0	28000	""osoba3""
""osoba4""		1065.0	1065000	1065.6001	1065600	1.6000977	1600	""osoba4""
""osoba3""		1068.3	1068300	1092.0	1092000	24.699951	24699	""osoba3""
""osoba3""		1069.5	1069500	1092.0	1092000	23.5	23500	""osoba3""
""osoba3""		1070.4	1070400	1092.0	1092000	22.599976	22599	""osoba3""
""osoba3""		1071.0	1071000	1092.0	1092000	22.0	22000	""osoba3""
""osoba3""		1073.4	1073400	1092.0	1092000	19.599976	19599	""osoba3""
""osoba3""		1076.1001	1076100	1092.0	1092000	16.899902	16899	""osoba3""
""osoba3""		1077.0	1077000	1092.0	1092000	16.0	16000	""osoba3""
""osoba3""		1078.2001	1078200	1092.0	1092000	14.799927	14799	""osoba3""
""osoba3""		1079.4	1079400	1092.0	1092000	13.599976	13599	""osoba3""
""osoba3""		1080.6001	1080600	1092.0	1092000	12.399902	12399	""osoba3""
""osoba3""		1081.2001	1081200	1092.0	1092000	11.799927	11799	""osoba3""
""osoba3""		1081.8	1081800	1092.0	1092000	11.199951	11199	""osoba3""
""osoba2""		1083.6001	1083600	1083.6001	1083600	1.0	1000	""osoba2""
""osoba3""		1083.9	1083900	1092.0	1092000	9.099976	9099	""osoba3""
""osoba3""		1084.5	1084500	1092.0	1092000	8.5	8500	""osoba3""
""osoba3""		1085.4	1085400	1092.0	1092000	7.5999756	7599	""osoba3""
""osoba3""		1087.8	1087800	1092.0	1092000	5.199951	5199	""osoba3""
""osoba2""		1089.0	1089000	1089.3	1089300	1.3000488	1300	""osoba2""
""osoba3""		1089.0	1089000	1092.0	1092000	4.0	4000	""osoba3""
""osoba4""		1089.9	1089900	1117.5	1117500	28.599976	28599	""osoba4""
""osoba4""		1093.8	1093800	1117.5	1117500	24.699951	24699	""osoba4""
""osoba3""		1094.7001	1094700	1097.7001	1097700	4.0	4000	""osoba3""
""osoba4""		1099.5	1099500	1117.5	1117500	19.0	19000	""osoba4""
""osoba4""		1101.0	1101000	1117.5	1117500	17.5	17500	""osoba4""
""osoba4""		1103.1001	1103100	1117.5	1117500	15.399902	15399	""osoba4""
""osoba4""		1104.9	1104900	1117.5	1117500	13.599976	13599	""osoba4""
""osoba3""		1105.5	1105500	1107.0	1107000	2.5	2500	""osoba3""
""osoba4""		1106.1001	1106100	1117.5	1117500	12.399902	12399	""osoba4""
""osoba4""		1107.9	1107900	1117.5	1117500	10.599976	10599	""osoba4""
""osoba4""		1108.8	1108800	1117.5	1117500	9.699951	9699	""osoba4""
""osoba4""		1110.6001	1110600	1117.5	1117500	7.8999023	7899	""osoba4""
""osoba1""		1113.6001	1113600	1113.6001	1113600	1.0	1000	""osoba1""
""osoba3""		1113.6001	1113600	1114.8	1114800	2.1999512	2199	""osoba3""
""osoba4""		1115.7001	1115700	1117.5	1117500	2.7999268	2799	""osoba4""
""osoba3""		1116.9	1116900	1140.3	1140300	24.400024	24400	""osoba3""
""osoba4""		1117.2001	1117200	1117.5	1117500	1.2999268	1299	""osoba4""
""osoba3""		1119.9	1119900	1140.3	1140300	21.400024	21400	""osoba3""
""osoba3""		1121.1001	1121100	1140.3	1140300	20.199951	20199	""osoba3""
""osoba3""		1121.7001	1121700	1140.3	1140300	19.599976	19599	""osoba3""
""osoba3""		1122.9	1122900	1140.3	1140300	18.400024	18400	""osoba3""
""osoba3""		1123.5	1123500	1140.3	1140300	17.800049	17800	""osoba3""
""osoba3""		1124.4	1124400	1140.3	1140300	16.900024	16900	""osoba3""
""osoba3""		1125.0	1125000	1140.3	1140300	16.300049	16300	""osoba3""
""osoba3""		1125.6001	1125600	1140.3	1140300	15.699951	15699	""osoba3""
""osoba3""		1131.0	1131000	1140.3	1140300	10.300049	10300	""osoba3""
""osoba3""		1132.2001	1132200	1140.3	1140300	9.099976	9099	""osoba3""
""osoba4""		1136.7001	1136700	1160.7001	1160700	25.0	25000	""osoba4""
""osoba3""		1138.5	1138500	1140.3	1140300	2.8000488	2800	""osoba3""
""osoba3""		1140.3	1140300	1140.3	1140300	1.0	1000	""osoba3""
""osoba4""		1141.5	1141500	1160.7001	1160700	20.200073	20200	""osoba4""
""osoba4""		1143.9	1143900	1160.7001	1160700	17.800049	17800	""osoba4""
""osoba4""		1146.3	1146300	1160.7001	1160700	15.400024	15400	""osoba4""
""osoba3""		1147.2001	1147200	1147.2001	1147200	1.0	1000	""osoba3""
""osoba4""		1151.4	1151400	1160.7001	1160700	10.300049	10300	""osoba4""
""osoba4""		1152.3	1152300	1160.7001	1160700	9.400024	9400	""osoba4""
""osoba4""		1152.9	1152900	1160.7001	1160700	8.800049	8800	""osoba4""
""osoba1""		1154.4	1154400	1155.0	1155000	1.5999756	1599	""osoba1""
""osoba4""		1155.6001	1155600	1160.7001	1160700	6.0999756	6099	""osoba4""
""osoba4""		1156.5	1156500	1160.7001	1160700	5.2000732	5200	""osoba4""
""osoba4""		1157.4	1157400	1160.7001	1160700	4.300049	4300	""osoba4""
""osoba4""		1159.2001	1159200	1160.7001	1160700	2.5	2500	""osoba4""
""osoba2""		1159.5	1159500	1162.5	1162500	4.0	4000	""osoba2""
""osoba4""		1160.4	1160400	1160.7001	1160700	1.3000488	1300	""osoba4""
""osoba4""		1168.8	1168800	1171.8	1171800	4.0	4000	""osoba4""
""osoba3""		1170.6001	1170600	1183.5	1183500	13.899902	13899	""osoba3""
""osoba4""		1170.6001	1170600	1171.8	1171800	2.1999512	2199	""osoba4""
""osoba2""		1175.4	1175400	1175.7001	1175700	1.3000488	1300	""osoba2""
""osoba3""		1176.3	1176300	1183.5	1183500	8.199951	8199	""osoba3""
""osoba3""		1178.1001	1178100	1183.5	1183500	6.3999023	6399	""osoba3""
""osoba2""		1178.7001	1178700	1182.3	1182300	4.5999756	4599	""osoba2""
""osoba3""		1181.4	1181400	1183.5	1183500	3.0999756	3099	""osoba3""
""osoba1""		1182.9	1182900	1184.1001	1184100	2.2000732	2200	""osoba1""
""osoba3""		1183.2001	1183200	1183.5	1183500	1.2999268	1299	""osoba3""
""osoba2""		1184.4	1184400	1185.9	1185900	2.5	2500	""osoba2""
""osoba3""		1194.0	1194000	1204.5	1204500	11.5	11500	""osoba3""
""osoba3""		1196.1001	1196100	1204.5	1204500	9.399902	9399	""osoba3""
""osoba3""		1197.6001	1197600	1204.5	1204500	7.8999023	7899	""osoba3""
""osoba3""		1200.0	1200000	1204.5	1204500	5.5	5500	""osoba3""
""osoba4""		1200.9	1200900	1203.0	1203000	3.0999756	3099	""osoba4""
""osoba1""		1203.3	1203300	1208.1001	1208100	5.800049	5800	""osoba1""
""osoba4""		1209.3	1209300	1249.5	1249500	41.19995	41199	""osoba4""
""osoba4""		1211.4	1211400	1249.5	1249500	39.099976	39099	""osoba4""
""osoba4""		1212.6001	1212600	1249.5	1249500	37.899902	37899	""osoba4""
""osoba4""		1215.0	1215000	1249.5	1249500	35.5	35500	""osoba4""
""osoba4""		1216.8	1216800	1249.5	1249500	33.69995	33699	""osoba4""
""osoba4""		1225.2001	1225200	1249.5	1249500	25.299927	25299	""osoba4""
""osoba4""		1226.1001	1226100	1249.5	1249500	24.399902	24399	""osoba4""
""osoba3""		1226.7001	1226700	1228.2001	1228200	2.5	2500	""osoba3""
""osoba4""		1226.7001	1226700	1249.5	1249500	23.799927	23799	""osoba4""
""osoba3""		1227.6001	1227600	1228.2001	1228200	1.5999756	1599	""osoba3""
""osoba4""		1229.4	1229400	1249.5	1249500	21.099976	21099	""osoba4""
""osoba4""		1230.3	1230300	1249.5	1249500	20.199951	20199	""osoba4""
""osoba1""		1232.4	1232400	1232.7001	1232700	1.3000488	1300	""osoba1""
""osoba4""		1234.8	1234800	1249.5	1249500	15.699951	15699	""osoba4""
""osoba4""		1236.0	1236000	1249.5	1249500	14.5	14500	""osoba4""
""osoba4""		1236.6001	1236600	1249.5	1249500	13.899902	13899	""osoba4""
""osoba4""		1238.4	1238400	1249.5	1249500	12.099976	12099	""osoba4""
""osoba4""		1240.2001	1240200	1249.5	1249500	10.299927	10299	""osoba4""
""osoba2""		1242.0	1242000	1242.0	1242000	1.0	1000	""osoba2""
""osoba4""		1242.0	1242000	1249.5	1249500	8.5	8500	""osoba4""
""osoba4""		1243.8	1243800	1249.5	1249500	6.699951	6699	""osoba4""
""osoba4""		1245.3	1245300	1249.5	1249500	5.199951	5199	""osoba4""
""osoba3""		1245.9	1245900	1279.5	1279500	34.599976	34599	""osoba3""
""osoba4""		1246.8	1246800	1249.5	1249500	3.6999512	3699	""osoba4""
""osoba4""		1248.3	1248300	1249.5	1249500	2.1999512	2199	""osoba4""
""osoba3""		1248.6001	1248600	1279.5	1279500	31.899902	31899	""osoba3""
""osoba4""		1249.5	1249500	1249.5	1249500	1.0	1000	""osoba4""
""osoba3""		1251.9	1251900	1279.5	1279500	28.599976	28599	""osoba3""
""osoba3""		1253.1001	1253100	1279.5	1279500	27.399902	27399	""osoba3""
""osoba3""		1254.9	1254900	1279.5	1279500	25.599976	25599	""osoba3""
""osoba3""		1258.5	1258500	1279.5	1279500	22.0	22000	""osoba3""
""osoba3""		1260.6001	1260600	1279.5	1279500	19.899902	19899	""osoba3""
""osoba3""		1261.5	1261500	1279.5	1279500	19.0	19000	""osoba3""
""osoba3""		1266.3	1266300	1279.5	1279500	14.199951	14199	""osoba3""
""osoba3""		1267.5	1267500	1279.5	1279500	13.0	13000	""osoba3""
""osoba3""		1268.1001	1268100	1279.5	1279500	12.399902	12399	""osoba3""
""osoba3""		1269.9	1269900	1279.5	1279500	10.599976	10599	""osoba3""
""osoba3""		1272.9	1272900	1279.5	1279500	7.5999756	7599	""osoba3""
""osoba3""		1273.8	1273800	1279.5	1279500	6.699951	6699	""osoba3""
""osoba3""		1275.3	1275300	1279.5	1279500	5.199951	5199	""osoba3""
""osoba3""		1276.2001	1276200	1279.5	1279500	4.2999268	4299	""osoba3""
""osoba3""		1277.4	1277400	1279.5	1279500	3.0999756	3099	""osoba3""
""osoba2""		1278.3	1278300	1284.0	1284000	6.699951	6699	""osoba2""
""osoba3""		1278.6001	1278600	1279.5	1279500	1.8999023	1899	""osoba3""
""osoba1""		1286.7001	1286700	1287.6001	1287600	1.9000244	1900	""osoba1""
""osoba3""		1292.7001	1292700	1331.1001	1331100	39.400024	39400	""osoba3""
""osoba3""		1296.3	1296300	1331.1001	1331100	35.80005	35800	""osoba3""
""osoba3""		1297.8	1297800	1331.1001	1331100	34.30005	34300	""osoba3""
""osoba3""		1299.3	1299300	1331.1001	1331100	32.80005	32800	""osoba3""
""osoba3""		1300.2001	1300200	1331.1001	1331100	31.900024	31900	""osoba3""
""osoba3""		1302.9	1302900	1331.1001	1331100	29.200073	29200	""osoba3""
""osoba3""		1306.2001	1306200	1331.1001	1331100	25.900024	25900	""osoba3""
""osoba3""		1307.1001	1307100	1331.1001	1331100	25.0	25000	""osoba3""
""osoba3""		1316.1001	1316100	1331.1001	1331100	16.0	16000	""osoba3""
""osoba3""		1317.3	1317300	1331.1001	1331100	14.800049	14800	""osoba3""
""osoba3""		1318.8	1318800	1331.1001	1331100	13.300049	13300	""osoba3""
""osoba3""		1320.9	1320900	1331.1001	1331100	11.200073	11200	""osoba3""
""osoba3""		1321.5	1321500	1331.1001	1331100	10.600098	10600	""osoba3""
""osoba4""		1323.3	1323300	1323.3	1323300	1.0	1000	""osoba4""
""osoba3""		1324.2001	1324200	1331.1001	1331100	7.9000244	7900	""osoba3""
""osoba3""		1326.3	1326300	1331.1001	1331100	5.800049	5800	""osoba3""
""osoba3""		1329.9	1329900	1331.1001	1331100	2.2000732	2200	""osoba3""
""osoba4""		1331.4	1331400	1335.3	1335300	4.9000244	4900	""osoba4""
""osoba4""		1333.2001	1333200	1335.3	1335300	3.0999756	3099	""osoba4""
""osoba3""		1335.6001	1335600	1350.0	1350000	15.399902	15399	""osoba3""
""osoba3""		1336.5	1336500	1350.0	1350000	14.5	14500	""osoba3""
""osoba3""		1338.0	1338000	1350.0	1350000	13.0	13000	""osoba3""
""osoba3""		1339.2001	1339200	1350.0	1350000	11.799927	11799	""osoba3""
""osoba3""		1340.1001	1340100	1350.0	1350000	10.899902	10899	""osoba3""
""osoba3""		1341.3	1341300	1350.0	1350000	9.699951	9699	""osoba3""
""osoba3""		1341.9	1341900	1350.0	1350000	9.099976	9099	""osoba3""
""osoba3""		1345.8	1345800	1350.0	1350000	5.199951	5199	""osoba3""
""osoba3""		1346.4	1346400	1350.0	1350000	4.5999756	4599	""osoba3""
""osoba2""		1349.4	1349400	1357.2001	1357200	8.800049	8800	""osoba2""
""osoba3""		1356.0	1356000	1357.8	1357800	2.8000488	2800	""osoba3""
""osoba4""		1357.8	1357800	1369.2001	1369200	12.400024	12400	""osoba4""
""osoba2""		1361.4	1361400	1361.4	1361400	1.0	1000	""osoba2""
""osoba4""		1362.3	1362300	1369.2001	1369200	7.9000244	7900	""osoba4""
""osoba4""		1363.2001	1363200	1369.2001	1369200	7.0	7000	""osoba4""
""osoba1""		1364.4	1364400	1364.4	1364400	1.0	1000	""osoba1""
""osoba4""		1368.3	1368300	1369.2001	1369200	1.9000244	1900	""osoba4""
""osoba4""		1368.9	1368900	1369.2001	1369200	1.3000488	1300	""osoba4""
""osoba1""		1369.2001	1369200	1370.7001	1370700	2.5	2500	""osoba1""
""osoba3""		1370.7001	1370700	1373.7001	1373700	4.0	4000	""osoba3""
""osoba4""		1372.2001	1372200	1379.4	1379400	8.199951	8199	""osoba4""
""osoba4""		1375.8	1375800	1379.4	1379400	4.5999756	4599	""osoba4""
""osoba2""		1376.7001	1376700	1376.7001	1376700	1.0	1000	""osoba2""
""osoba3""		1377.6001	1377600	1381.2001	1381200	4.5999756	4599	""osoba3""
""osoba1""		1380.6001	1380600	1381.5	1381500	1.8999023	1899	""osoba1""
""osoba3""		1386.3	1386300	1393.8	1393800	8.5	8500	""osoba3""
""osoba3""		1389.9	1389900	1393.8	1393800	4.9000244	4900	""osoba3""
""osoba3""		1391.7001	1391700	1393.8	1393800	3.0999756	3099	""osoba3""
""osoba4""		1392.0	1392000	1405.8	1405800	14.800049	14800	""osoba4""
""osoba2""		1392.6001	1392600	1393.2001	1393200	1.5999756	1599	""osoba2""
""osoba3""		1393.8	1393800	1393.8	1393800	1.0	1000	""osoba3""
""osoba1""		1395.6001	1395600	1396.5	1396500	1.8999023	1899	""osoba1""
""osoba4""		1395.6001	1395600	1405.8	1405800	11.199951	11199	""osoba4""
""osoba4""		1397.7001	1397700	1405.8	1405800	9.099976	9099	""osoba4""
""osoba4""		1400.4	1400400	1405.8	1405800	6.4000244	6400	""osoba4""
""osoba4""		1402.8	1402800	1405.8	1405800	4.0	4000	""osoba4""
""osoba4""		1404.0	1404000	1405.8	1405800	2.8000488	2800	""osoba4""
""osoba2""		1404.6001	1404600	1406.4	1406400	2.7999268	2799	""osoba2""
""osoba1""		1410.0	1410000	1410.0	1410000	1.0	1000	""osoba1""
""osoba3""		1410.0	1410000	1411.5	1411500	2.5	2500	""osoba3""
""osoba2""		1411.2001	1411200	1412.1001	1412100	1.9000244	1900	""osoba2""
""osoba1""		1412.4	1412400	1413.0	1413000	1.5999756	1599	""osoba1""
""osoba3""		1419.9	1419900	1442.1001	1442100	23.200073	23200	""osoba3""
""osoba3""		1421.1001	1421100	1442.1001	1442100	22.0	22000	""osoba3""
""osoba3""		1422.6001	1422600	1442.1001	1442100	20.5	20500	""osoba3""
""osoba3""		1425.0	1425000	1442.1001	1442100	18.100098	18100	""osoba3""
""osoba3""		1425.6001	1425600	1442.1001	1442100	17.5	17500	""osoba3""
""osoba2""		1425.9	1425900	1427.4	1427400	2.5	2500	""osoba2""
""osoba1""		1427.1001	1427100	1427.4	1427400	1.2999268	1299	""osoba1""
""osoba3""		1428.9	1428900	1442.1001	1442100	14.200073	14200	""osoba3""
""osoba3""		1436.1001	1436100	1442.1001	1442100	7.0	7000	""osoba3""
""osoba3""		1436.7001	1436700	1442.1001	1442100	6.4000244	6400	""osoba3""
""osoba3""		1438.8	1438800	1442.1001	1442100	4.300049	4300	""osoba3""
""osoba4""		1439.1001	1439100	1439.1001	1439100	1.0	1000	""osoba4""
""osoba3""		1439.4	1439400	1442.1001	1442100	3.7000732	3700	""osoba3""
""osoba3""		1441.5	1441500	1442.1001	1442100	1.6000977	1600	""osoba3""
""osoba2""		1442.1001	1442100	1442.4	1442400	1.2999268	1299	""osoba2""
""osoba3""		1444.8	1444800	1472.1001	1472100	28.300049	28300	""osoba3""
""osoba3""		1445.7001	1445700	1472.1001	1472100	27.400024	27400	""osoba3""
""osoba2""		1446.6001	1446600	1447.5	1447500	1.8999023	1899	""osoba2""
""osoba3""		1448.7001	1448700	1472.1001	1472100	24.400024	24400	""osoba3""
""osoba3""		1450.5	1450500	1472.1001	1472100	22.600098	22600	""osoba3""
""osoba3""		1451.7001	1451700	1472.1001	1472100	21.400024	21400	""osoba3""
""osoba4""		1454.1001	1454100	1454.7001	1454700	1.5999756	1599	""osoba4""
""osoba3""		1456.8	1456800	1472.1001	1472100	16.300049	16300	""osoba3""
""osoba3""		1458.6001	1458600	1472.1001	1472100	14.5	14500	""osoba3""
""osoba3""		1459.8	1459800	1472.1001	1472100	13.300049	13300	""osoba3""
""osoba4""		1462.5	1462500	1463.7001	1463700	2.2000732	2200	""osoba4""
""osoba3""		1463.4	1463400	1472.1001	1472100	9.700073	9700	""osoba3""
""osoba3""		1469.1001	1469100	1472.1001	1472100	4.0	4000	""osoba3""
""osoba3""		1470.6001	1470600	1472.1001	1472100	2.5	2500	""osoba3""
""osoba3""		1471.5	1471500	1472.1001	1472100	1.6000977	1600	""osoba3""
""osoba4""		1471.8	1471800	1491.6001	1491600	20.800049	20800	""osoba4""
""osoba4""		1473.3	1473300	1491.6001	1491600	19.300049	19300	""osoba4""
""osoba4""		1473.9	1473900	1491.6001	1491600	18.700073	18700	""osoba4""
""osoba3""		1475.1001	1475100	1475.1001	1475100	1.0	1000	""osoba3""
""osoba4""		1477.5	1477500	1491.6001	1491600	15.100098	15100	""osoba4""
""osoba4""		1478.1001	1478100	1491.6001	1491600	14.5	14500	""osoba4""
""osoba2""		1479.9	1479900	1479.9	1479900	1.0	1000	""osoba2""
""osoba4""		1480.8	1480800	1491.6001	1491600	11.800049	11800	""osoba4""
""osoba4""		1481.7001	1481700	1491.6001	1491600	10.900024	10900	""osoba4""
""osoba4""		1483.2001	1483200	1491.6001	1491600	9.400024	9400	""osoba4""
""osoba4""		1484.1001	1484100	1491.6001	1491600	8.5	8500	""osoba4""
""osoba3""		1484.7001	1484700	1486.8	1486800	3.0999756	3099	""osoba3""
""osoba4""		1484.7001	1484700	1491.6001	1491600	7.9000244	7900	""osoba4""
""osoba4""		1485.3	1485300	1491.6001	1491600	7.300049	7300	""osoba4""
""osoba3""		1485.9	1485900	1486.8	1486800	1.9000244	1900	""osoba3""
""osoba4""		1486.2001	1486200	1491.6001	1491600	6.4000244	6400	""osoba4""
""osoba4""		1488.0	1488000	1491.6001	1491600	4.6000977	4600	""osoba4""
""osoba4""		1488.9	1488900	1491.6001	1491600	3.7000732	3700	""osoba4""
""osoba4""		1489.8	1489800	1491.6001	1491600	2.8000488	2800	""osoba4""
""osoba3""		1491.3	1491300	1512.3	1512300	22.0	22000	""osoba3""
""osoba3""		1493.7001	1493700	1512.3	1512300	19.599976	19599	""osoba3""
""osoba3""		1494.6001	1494600	1512.3	1512300	18.699951	18699	""osoba3""
""osoba3""		1497.6001	1497600	1512.3	1512300	15.699951	15699	""osoba3""
""osoba3""		1498.5	1498500	1512.3	1512300	14.800049	14800	""osoba3""
""osoba2""		1500.3	1500300	1500.6001	1500600	1.3000488	1300	""osoba2""
""osoba4""		1502.4	1502400	1502.4	1502400	1.0	1000	""osoba4""
""osoba3""		1503.3	1503300	1512.3	1512300	10.0	10000	""osoba3""
""osoba3""		1504.2001	1504200	1512.3	1512300	9.099976	9099	""osoba3""
""osoba3""		1506.0	1506000	1512.3	1512300	7.300049	7300	""osoba3""
""osoba3""		1506.9	1506900	1512.3	1512300	6.4000244	6400	""osoba3""
""osoba3""		1508.4	1508400	1512.3	1512300	4.9000244	4900	""osoba3""
""osoba3""		1509.0	1509000	1512.3	1512300	4.300049	4300	""osoba3""
""osoba3""		1511.4	1511400	1512.3	1512300	1.9000244	1900	""osoba3""
""osoba4""		1511.7001	1511700	1529.1001	1529100	18.400024	18400	""osoba4""
""osoba4""		1513.8	1513800	1529.1001	1529100	16.300049	16300	""osoba4""
""osoba4""		1514.7001	1514700	1529.1001	1529100	15.400024	15400	""osoba4""
""osoba4""		1518.0	1518000	1529.1001	1529100	12.100098	12100	""osoba4""
""osoba4""		1518.9	1518900	1529.1001	1529100	11.200073	11200	""osoba4""
""osoba4""		1519.8	1519800	1529.1001	1529100	10.300049	10300	""osoba4""
""osoba4""		1522.2001	1522200	1529.1001	1529100	7.9000244	7900	""osoba4""
""osoba4""		1527.0	1527000	1529.1001	1529100	3.1000977	3100	""osoba4""
""osoba4""		1528.2001	1528200	1529.1001	1529100	1.9000244	1900	""osoba4""
""osoba2""		1529.1001	1529100	1530.0	1530000	1.8999023	1899	""osoba2""
""osoba4""		1532.1001	1532100	1537.5001	1537500	6.4000244	6400	""osoba4""
""osoba4""		1532.7001	1532700	1537.5001	1537500	5.800049	5800	""osoba4""
""osoba4""		1534.5	1534500	1537.5001	1537500	4.000122	4000	""osoba4""
""osoba3""		1535.4	1535400	1535.4	1535400	1.0	1000	""osoba3""
""osoba2""		1536.9	1536900	1537.8	1537800	1.9000244	1900	""osoba2""
""osoba4""		1536.9	1536900	1537.5001	1537500	1.6000977	1600	""osoba4""
""osoba4""		1542.9	1542900	1549.2001	1549200	7.300049	7300	""osoba4""
""osoba4""		1545.3	1545300	1549.2001	1549200	4.9000244	4900	""osoba4""
""osoba1""		1546.8	1546800	1546.8	1546800	1.0	1000	""osoba1""
""osoba3""		1547.7001	1547700	1559.1001	1559100	12.400024	12400	""osoba3""
""osoba3""		1550.7001	1550700	1559.1001	1559100	9.400024	9400	""osoba3""
""osoba1""		1553.7001	1553700	1554.9	1554900	2.1999512	2199	""osoba1""
""osoba3""		1555.8	1555800	1559.1001	1559100	4.300049	4300	""osoba3""
""osoba4""		1556.4	1556400	1564.2001	1564200	8.800049	8800	""osoba4""
""osoba3""		1557.9	1557900	1559.1001	1559100	2.2000732	2200	""osoba3""
""osoba4""		1560.0001	1560000	1564.2001	1564200	5.199951	5199	""osoba4""
""osoba3""		1562.4	1562400	1563.0001	1563000	1.6000977	1600	""osoba3""
""osoba2""		1563.0001	1563000	1565.4	1565400	3.3999023	3399	""osoba2""
""osoba4""		1563.3	1563300	1564.2001	1564200	1.9000244	1900	""osoba4""
""osoba3""		1567.8	1567800	1616.4	1616400	49.599976	49599	""osoba3""
""osoba3""		1568.7001	1568700	1616.4	1616400	48.69995	48699	""osoba3""
""osoba1""		1569.6001	1569600	1569.9	1569900	1.2999268	1299	""osoba1""
""osoba3""		1570.8	1570800	1616.4	1616400	46.599976	46599	""osoba3""
""osoba3""		1572.6001	1572600	1616.4	1616400	44.799927	44799	""osoba3""
""osoba3""		1576.5001	1576500	1616.4	1616400	40.899902	40899	""osoba3""
""osoba3""		1578.9	1578900	1616.4	1616400	38.5	38500	""osoba3""
""osoba3""		1581.9	1581900	1616.4	1616400	35.5	35500	""osoba3""
""osoba3""		1583.4	1583400	1616.4	1616400	34.0	34000	""osoba3""
""osoba1""		1585.5001	1585500	1585.8	1585800	1.2999268	1299	""osoba1""
""osoba3""		1585.5001	1585500	1616.4	1616400	31.899902	31899	""osoba3""
""osoba3""		1587.3	1587300	1616.4	1616400	30.099976	30099	""osoba3""
""osoba4""		1591.5001	1591500	1592.1001	1592100	1.5999756	1599	""osoba4""
""osoba3""		1594.5001	1594500	1616.4	1616400	22.899902	22899	""osoba3""
""osoba2""		1598.7001	1598700	1598.7001	1598700	1.0	1000	""osoba2""
""osoba3""		1598.7001	1598700	1616.4	1616400	18.699951	18699	""osoba3""
""osoba3""		1600.2001	1600200	1616.4	1616400	17.199951	17199	""osoba3""
""osoba3""		1601.4	1601400	1616.4	1616400	16.0	16000	""osoba3""
""osoba3""		1608.6001	1608600	1616.4	1616400	8.799927	8799	""osoba3""
""osoba2""		1611.6001	1611600	1612.5001	1612500	1.9000244	1900	""osoba2""
""osoba3""		1611.6001	1611600	1616.4	1616400	5.7999268	5799	""osoba3""
""osoba1""		1614.0001	1614000	1615.5001	1615500	2.5	2500	""osoba1""
""osoba4""		1614.6001	1614600	1620.3	1620300	6.699951	6699	""osoba4""
""osoba4""		1618.2001	1618200	1620.3	1620300	3.0999756	3099	""osoba4""
""osoba1""		1619.1001	1619100	1620.3	1620300	2.1999512	2199	""osoba1""
""osoba4""		1619.1001	1619100	1620.3	1620300	2.1999512	2199	""osoba4""
