"default"		0.0	0	1.0	1000	1.0	1000	BEGIN
"default"		1620.3	1620300	1620.31	1621300	1.0	1000	END
""osoba3""		8.700001	8700	28.500002	28500	20.800001	20800	""osoba3""
""osoba3""		10.8	10800	28.500002	28500	18.7	18700	""osoba3""
""osoba1""		11.700001	11700	11.700001	11700	1.0	1000	""osoba1""
""osoba4""		11.700001	11700	12.0	12000	1.2999992	1299	""osoba4""
""osoba3""		16.2	16200	28.500002	28500	13.300001	13300	""osoba3""
""osoba3""		17.1	17100	28.500002	28500	12.400002	12400	""osoba3""
""osoba1""		18.0	18000	19.2	19200	2.2000008	2200	""osoba1""
""osoba3""		20.400002	20400	28.500002	28500	9.1	9100	""osoba3""
""osoba3""		21.0	21000	28.500002	28500	8.500002	8500	""osoba3""
""osoba3""		22.800001	22800	28.500002	28500	6.700001	6700	""osoba3""
""osoba4""		25.500002	25500	25.800001	25800	1.2999992	1299	""osoba4""
""osoba1""		26.1	26100	28.500002	28500	3.4000015	3400	""osoba1""
""osoba3""		30.6	30600	57.9	57900	28.300001	28300	""osoba3""
""osoba3""		31.800001	31800	57.9	57900	27.1	27100	""osoba3""
""osoba3""		32.4	32400	57.9	57900	26.5	26500	""osoba3""
""osoba3""		33.0	33000	57.9	57900	25.900002	25900	""osoba3""
""osoba3""		33.600002	33600	57.9	57900	25.3	25300	""osoba3""
""osoba3""		35.100002	35100	57.9	57900	23.8	23800	""osoba3""
""osoba3""		36.600002	36600	57.9	57900	22.3	22300	""osoba3""
""osoba3""		37.5	37500	57.9	57900	21.400002	21400	""osoba3""
""osoba4""		38.7	38700	41.7	41700	4.0	4000	""osoba4""
""osoba1""		39.300003	39300	39.300003	39300	1.0	1000	""osoba1""
""osoba4""		39.600002	39600	41.7	41700	3.0999985	3099	""osoba4""
""osoba3""		45.0	45000	57.9	57900	13.900002	13900	""osoba3""
""osoba4""		47.100002	47100	48.300003	48300	2.2000008	2200	""osoba4""
""osoba1""		48.0	48000	48.0	48000	1.0	1000	""osoba1""
""osoba3""		50.7	50700	57.9	57900	8.200001	8200	""osoba3""
""osoba3""		52.500004	52500	57.9	57900	6.3999977	6399	""osoba3""
""osoba3""		53.4	53400	57.9	57900	5.5	5500	""osoba3""
""osoba3""		55.800003	55800	57.9	57900	3.0999985	3099	""osoba3""
""osoba2""		57.000004	57000	59.7	59700	3.699997	3699	""osoba2""
""osoba3""		61.2	61200	65.100006	65100	4.9000053	4900	""osoba3""
""osoba4""		63.9	63900	71.4	71400	8.5	8500	""osoba4""
""osoba4""		66.9	66900	71.4	71400	5.5	5500	""osoba4""
""osoba4""		67.8	67800	71.4	71400	4.5999985	4599	""osoba4""
""osoba4""		69.9	69900	71.4	71400	2.5	2500	""osoba4""
""osoba4""		70.5	70500	71.4	71400	1.9000015	1900	""osoba4""
""osoba2""		71.100006	71100	73.5	73500	3.399994	3399	""osoba2""
""osoba1""		74.4	74400	79.5	79500	6.0999985	6099	""osoba1""
""osoba2""		78.0	78000	78.0	78000	1.0	1000	""osoba2""
""osoba3""		87.3	87300	91.200005	91200	4.9000015	4900	""osoba3""
""osoba3""		88.5	88500	91.200005	91200	3.7000046	3700	""osoba3""
""osoba1""		90.9	90900	91.200005	91200	1.300003	1300	""osoba1""
""osoba3""		91.200005	91200	91.200005	91200	1.0	1000	""osoba3""
""osoba3""		93.3	93300	104.700005	104700	12.400002	12400	""osoba3""
""osoba3""		95.100006	95100	104.700005	104700	10.599998	10599	""osoba3""
""osoba3""		96.0	96000	104.700005	104700	9.700005	9700	""osoba3""
""osoba1""		99.600006	99600	99.600006	99600	1.0	1000	""osoba1""
""osoba3""		99.600006	99600	104.700005	104700	6.0999985	6099	""osoba3""
""osoba4""		100.200005	100200	102.9	102900	3.699997	3699	""osoba4""
""osoba3""		100.50001	100500	104.700005	104700	5.199997	5199	""osoba3""
""osoba3""		101.4	101400	104.700005	104700	4.300003	4300	""osoba3""
""osoba3""		104.100006	104100	104.700005	104700	1.5999985	1599	""osoba3""
""osoba2""		104.700005	104700	105.3	105300	1.5999985	1599	""osoba2""
""osoba3""		107.700005	107700	113.4	113400	6.699997	6699	""osoba3""
""osoba3""		108.3	108300	113.4	113400	6.0999985	6099	""osoba3""
""osoba4""		111.9	111900	136.20001	136200	25.30001	25300	""osoba4""
""osoba4""		113.700005	113700	136.20001	136200	23.500008	23500	""osoba4""
""osoba1""		114.600006	114600	116.100006	116100	2.5	2500	""osoba1""
""osoba4""		117.00001	117000	136.20001	136200	20.200005	20200	""osoba4""
""osoba4""		119.100006	119100	136.20001	136200	18.100006	18100	""osoba4""
""osoba4""		120.3	120300	136.20001	136200	16.90001	16900	""osoba4""
""osoba4""		121.8	121800	136.20001	136200	15.400009	15400	""osoba4""
""osoba4""		125.100006	125100	136.20001	136200	12.100006	12100	""osoba4""
""osoba4""		130.20001	130200	136.20001	136200	7.0	7000	""osoba4""
""osoba1""		130.8	130800	132.90001	132900	3.100006	3100	""osoba1""
""osoba3""		132.0	132000	132.3	132300	1.300003	1300	""osoba3""
""osoba4""		132.0	132000	136.20001	136200	5.200012	5200	""osoba4""
""osoba4""		134.70001	134700	136.20001	136200	2.5	2500	""osoba4""
""osoba3""		135.90001	135900	153.90001	153900	19.0	19000	""osoba3""
""osoba3""		137.40001	137400	153.90001	153900	17.5	17500	""osoba3""
""osoba3""		139.5	139500	153.90001	153900	15.400009	15400	""osoba3""
""osoba4""		139.5	139500	141.6	141600	3.100006	3100	""osoba4""
""osoba3""		141.0	141000	153.90001	153900	13.900009	13900	""osoba3""
""osoba4""		141.0	141000	141.6	141600	1.6000061	1600	""osoba4""
""osoba2""		142.5	142500	144.3	144300	2.800003	2800	""osoba2""
""osoba3""		147.0	147000	153.90001	153900	7.900009	7900	""osoba3""
""osoba3""		149.1	149100	153.90001	153900	5.800003	5800	""osoba3""
""osoba4""		152.70001	152700	159.6	159600	7.899994	7899	""osoba4""
""osoba4""		155.1	155100	159.6	159600	5.5	5500	""osoba4""
""osoba4""		157.8	157800	159.6	159600	2.800003	2800	""osoba4""
""osoba2""		159.90001	159900	161.70001	161700	2.800003	2800	""osoba2""
""osoba3""		163.8	163800	169.5	169500	6.699997	6699	""osoba3""
""osoba3""		166.20001	166200	169.5	169500	4.299988	4299	""osoba3""
""osoba4""		168.0	168000	172.5	172500	5.5	5500	""osoba4""
""osoba3""		169.20001	169200	169.5	169500	1.2999878	1299	""osoba3""
""osoba4""		169.20001	169200	172.5	172500	4.299988	4299	""osoba4""
""osoba4""		170.70001	170700	172.5	172500	2.7999878	2799	""osoba4""
""osoba2""		171.90001	171900	171.90001	171900	1.0	1000	""osoba2""
""osoba1""		172.8	172800	174.0	174000	2.199997	2199	""osoba1""
""osoba4""		179.40001	179400	183.90001	183900	5.5	5500	""osoba4""
""osoba4""		181.20001	181200	183.90001	183900	3.699997	3699	""osoba4""
""osoba4""		181.8	181800	183.90001	183900	3.100006	3100	""osoba4""
""osoba4""		183.0	183000	183.90001	183900	1.9000092	1900	""osoba4""
""osoba1""		183.3	183300	185.70001	185700	3.4000092	3400	""osoba1""
""osoba3""		184.5	184500	184.5	184500	1.0	1000	""osoba3""
""osoba4""		190.8	190800	198.90001	198900	9.100006	9100	""osoba4""
""osoba4""		192.0	192000	198.90001	198900	7.900009	7900	""osoba4""
""osoba4""		194.1	194100	198.90001	198900	5.800003	5800	""osoba4""
""osoba4""		195.3	195300	198.90001	198900	4.600006	4600	""osoba4""
""osoba4""		196.50002	196500	198.90001	198900	3.399994	3399	""osoba4""
""osoba4""		197.40001	197400	198.90001	198900	2.5	2500	""osoba4""
""osoba1""		198.3	198300	203.40001	203400	6.100006	6100	""osoba1""
""osoba4""		204.90001	204900	225.6	225600	21.699997	21699	""osoba4""
""osoba4""		206.40001	206400	225.6	225600	20.199997	20199	""osoba4""
""osoba3""		207.00002	207000	207.6	207600	1.5999908	1599	""osoba3""
""osoba4""		208.8	208800	225.6	225600	17.800003	17800	""osoba4""
""osoba4""		210.00002	210000	225.6	225600	16.59999	16599	""osoba4""
""osoba4""		211.8	211800	225.6	225600	14.800003	14800	""osoba4""
""osoba2""		212.1	212100	213.6	213600	2.5	2500	""osoba2""
""osoba4""		219.3	219300	225.6	225600	7.300003	7300	""osoba4""
""osoba4""		221.40001	221400	225.6	225600	5.199997	5199	""osoba4""
""osoba4""		223.20001	223200	225.6	225600	3.399994	3399	""osoba4""
""osoba4""		224.70001	224700	225.6	225600	1.8999939	1899	""osoba4""
""osoba2""		225.90001	225900	226.20001	226200	1.300003	1300	""osoba2""
""osoba4""		228.00002	228000	240.6	240600	13.599991	13599	""osoba4""
""osoba4""		229.20001	229200	240.6	240600	12.399994	12399	""osoba4""
""osoba4""		230.70001	230700	240.6	240600	10.899994	10899	""osoba4""
""osoba4""		231.3	231300	240.6	240600	10.300003	10300	""osoba4""
""osoba4""		231.90001	231900	240.6	240600	9.699997	9699	""osoba4""
""osoba4""		232.50002	232500	240.6	240600	9.099991	9099	""osoba4""
""osoba4""		233.1	233100	240.6	240600	8.5	8500	""osoba4""
""osoba4""		236.1	236100	240.6	240600	5.5	5500	""osoba4""
""osoba4""		237.3	237300	240.6	240600	4.300003	4300	""osoba4""
""osoba1""		240.6	240600	241.20001	241200	1.6000061	1600	""osoba1""
""osoba4""		244.20001	244200	261.90002	261900	18.700012	18700	""osoba4""
""osoba4""		245.1	245100	261.90002	261900	17.800018	17800	""osoba4""
""osoba4""		247.50002	247500	261.90002	261900	15.400009	15400	""osoba4""
""osoba3""		249.90001	249900	249.90001	249900	1.0	1000	""osoba3""
""osoba3""		253.20001	253200	257.1	257100	4.899994	4899	""osoba3""
""osoba4""		255.00002	255000	261.90002	261900	7.900009	7900	""osoba4""
""osoba4""		258.0	258000	261.90002	261900	4.9000244	4900	""osoba4""
""osoba4""		259.5	259500	261.90002	261900	3.4000244	3400	""osoba4""
""osoba1""		260.1	260100	264.90002	264900	5.8000183	5800	""osoba1""
""osoba4""		261.30002	261300	261.90002	261900	1.6000061	1600	""osoba4""
""osoba3""		264.90002	264900	288.0	288000	24.099976	24099	""osoba3""
""osoba3""		266.1	266100	288.0	288000	22.899994	22899	""osoba3""
""osoba3""		267.6	267600	288.0	288000	21.399994	21399	""osoba3""
""osoba3""		268.5	268500	288.0	288000	20.5	20500	""osoba3""
""osoba3""		269.1	269100	288.0	288000	19.899994	19899	""osoba3""
""osoba3""		273.30002	273300	288.0	288000	15.699982	15699	""osoba3""
""osoba3""		274.2	274200	288.0	288000	14.799988	14799	""osoba3""
""osoba2""		274.5	274500	274.5	274500	1.0	1000	""osoba2""
""osoba3""		274.80002	274800	288.0	288000	14.199982	14199	""osoba3""
""osoba3""		275.7	275700	288.0	288000	13.299988	13299	""osoba3""
""osoba3""		277.80002	277800	288.0	288000	11.199982	11199	""osoba3""
""osoba3""		278.40002	278400	288.0	288000	10.599976	10599	""osoba3""
""osoba3""		280.2	280200	288.0	288000	8.799988	8799	""osoba3""
""osoba3""		281.40002	281400	288.0	288000	7.5999756	7599	""osoba3""
""osoba3""		282.30002	282300	288.0	288000	6.6999817	6699	""osoba3""
""osoba3""		284.40002	284400	288.0	288000	4.5999756	4599	""osoba3""
""osoba3""		285.6	285600	288.0	288000	3.399994	3399	""osoba3""
""osoba4""		287.7	287700	309.30002	309300	22.600006	22600	""osoba4""
""osoba4""		289.80002	289800	309.30002	309300	20.5	20500	""osoba4""
""osoba3""		291.6	291600	292.2	292200	1.6000061	1600	""osoba3""
""osoba4""		294.6	294600	309.30002	309300	15.700012	15700	""osoba4""
""osoba4""		295.5	295500	309.30002	309300	14.800018	14800	""osoba4""
""osoba4""		300.90002	300900	309.30002	309300	9.399994	9399	""osoba4""
""osoba4""		301.5	301500	309.30002	309300	8.800018	8800	""osoba4""
""osoba4""		302.1	302100	309.30002	309300	8.200012	8200	""osoba4""
""osoba4""		304.80002	304800	309.30002	309300	5.5	5500	""osoba4""
""osoba4""		308.40002	308400	309.30002	309300	1.8999939	1899	""osoba4""
""osoba4""		309.0	309000	309.30002	309300	1.3000183	1300	""osoba4""
""osoba3""		309.30002	309300	318.90002	318900	10.600006	10600	""osoba3""
""osoba3""		310.80002	310800	318.90002	318900	9.100006	9100	""osoba3""
""osoba3""		312.30002	312300	318.90002	318900	7.600006	7600	""osoba3""
""osoba2""		313.80002	313800	316.2	316200	3.399994	3399	""osoba2""
""osoba1""		315.0	315000	315.90002	315900	1.9000244	1900	""osoba1""
""osoba4""		318.30002	318300	346.80002	346800	29.5	29500	""osoba4""
""osoba3""		318.6	318600	318.90002	318900	1.3000183	1300	""osoba3""
""osoba4""		320.40002	320400	346.80002	346800	27.399994	27399	""osoba4""
""osoba4""		321.90002	321900	346.80002	346800	25.899994	25899	""osoba4""
""osoba2""		322.80002	322800	323.40002	323400	1.6000061	1600	""osoba2""
""osoba3""		322.80002	322800	323.1	323100	1.2999878	1299	""osoba3""
""osoba4""		322.80002	322800	346.80002	346800	25.0	25000	""osoba4""
""osoba4""		324.30002	324300	346.80002	346800	23.5	23500	""osoba4""
""osoba4""		324.90002	324900	346.80002	346800	22.899994	22899	""osoba4""
""osoba4""		328.2	328200	346.80002	346800	19.600006	19600	""osoba4""
""osoba4""		330.30002	330300	346.80002	346800	17.5	17500	""osoba4""
""osoba3""		331.2	331200	331.80002	331800	1.6000061	1600	""osoba3""
""osoba4""		334.5	334500	346.80002	346800	13.300018	13300	""osoba4""
""osoba4""		335.1	335100	346.80002	346800	12.700012	12700	""osoba4""
""osoba3""		338.40002	338400	342.0	342000	4.5999756	4599	""osoba3""
""osoba2""		339.6	339600	339.6	339600	1.0	1000	""osoba2""
""osoba3""		346.2	346200	351.30002	351300	6.100006	6100	""osoba3""
""osoba4""		346.5	346500	346.80002	346800	1.3000183	1300	""osoba4""
""osoba3""		348.30002	348300	351.30002	351300	4.0	4000	""osoba3""
""osoba3""		349.5	349500	351.30002	351300	2.8000183	2800	""osoba3""
""osoba4""		351.30002	351300	360.0	360000	9.699982	9699	""osoba4""
""osoba4""		353.40002	353400	360.0	360000	7.5999756	7599	""osoba4""
""osoba4""		354.0	354000	360.0	360000	7.0	7000	""osoba4""
""osoba1""		355.2	355200	355.2	355200	1.0	1000	""osoba1""
""osoba4""		357.6	357600	360.0	360000	3.399994	3399	""osoba4""
""osoba4""		359.1	359100	360.0	360000	1.8999939	1899	""osoba4""
""osoba3""		360.6	360600	363.90002	363900	4.3000183	4300	""osoba3""
""osoba3""		362.7	362700	363.90002	363900	2.2000122	2200	""osoba3""
""osoba4""		362.7	362700	378.90002	378900	17.200012	17200	""osoba4""
""osoba4""		365.1	365100	378.90002	378900	14.800018	14800	""osoba4""
""osoba4""		370.5	370500	378.90002	378900	9.400024	9400	""osoba4""
""osoba1""		370.80002	370800	372.30002	372300	2.5	2500	""osoba1""
""osoba4""		371.1	371100	378.90002	378900	8.800018	8800	""osoba4""
""osoba4""		373.2	373200	378.90002	378900	6.700012	6700	""osoba4""
""osoba4""		373.80002	373800	378.90002	378900	6.100006	6100	""osoba4""
""osoba4""		375.0	375000	378.90002	378900	4.9000244	4900	""osoba4""
""osoba3""		375.6	375600	375.6	375600	1.0	1000	""osoba3""
""osoba4""		377.1	377100	378.90002	378900	2.8000183	2800	""osoba4""
""osoba3""		377.7	377700	384.90002	384900	8.200012	8200	""osoba3""
""osoba4""		377.7	377700	378.90002	378900	2.2000122	2200	""osoba4""
""osoba2""		378.90002	378900	381.30002	381300	3.399994	3399	""osoba2""
""osoba2""		381.30002	381300	381.30002	381300	1.0	1000	""osoba2""
""osoba3""		381.30002	381300	384.90002	384900	4.600006	4600	""osoba3""
""osoba3""		383.1	383100	384.90002	384900	2.8000183	2800	""osoba3""
""osoba4""		384.0	384000	436.80002	436800	53.80002	53800	""osoba4""
""osoba4""		388.50003	388500	436.80002	436800	49.299988	49299	""osoba4""
""osoba4""		389.1	389100	436.80002	436800	48.700012	48700	""osoba4""
""osoba4""		390.6	390600	436.80002	436800	47.200012	47200	""osoba4""
""osoba3""		392.7	392700	393.00003	393000	1.3000183	1300	""osoba3""
""osoba3""		395.40002	395400	395.40002	395400	1.0	1000	""osoba3""
""osoba4""		401.40002	401400	436.80002	436800	36.399994	36399	""osoba4""
""osoba4""		402.30002	402300	436.80002	436800	35.5	35500	""osoba4""
""osoba4""		403.80002	403800	436.80002	436800	34.0	34000	""osoba4""
""osoba3""		405.30002	405300	407.40002	407400	3.100006	3100	""osoba3""
""osoba4""		405.30002	405300	436.80002	436800	32.5	32500	""osoba4""
""osoba2""		409.80002	409800	412.2	412200	3.399994	3399	""osoba2""
""osoba2""		411.90002	411900	412.2	412200	1.2999878	1299	""osoba2""
""osoba3""		412.80002	412800	417.00003	417000	5.200012	5200	""osoba3""
""osoba3""		414.6	414600	417.00003	417000	3.4000244	3400	""osoba3""
""osoba4""		414.6	414600	436.80002	436800	23.200012	23200	""osoba4""
""osoba3""		416.40002	416400	417.00003	417000	1.6000061	1600	""osoba3""
""osoba2""		417.30002	417300	419.7	419700	3.399994	3399	""osoba2""
""osoba2""		419.1	419100	419.7	419700	1.6000061	1600	""osoba2""
""osoba4""		421.80002	421800	436.80002	436800	16.0	16000	""osoba4""
""osoba4""		426.00003	426000	436.80002	436800	11.799988	11799	""osoba4""
""osoba4""		427.80002	427800	436.80002	436800	10.0	10000	""osoba4""
""osoba3""		431.1	431100	445.50003	445500	15.400024	15400	""osoba3""
""osoba1""		432.00003	432000	432.30002	432300	1.2999878	1299	""osoba1""
""osoba2""		433.2	433200	433.80002	433800	1.6000061	1600	""osoba2""
""osoba4""		435.90002	435900	436.80002	436800	1.8999939	1899	""osoba4""
""osoba3""		436.50003	436500	445.50003	445500	10.0	10000	""osoba3""
""osoba3""		440.1	440100	445.50003	445500	6.4000244	6400	""osoba3""
""osoba3""		441.00003	441000	445.50003	445500	5.5	5500	""osoba3""
""osoba2""		441.90002	441900	441.90002	441900	1.0	1000	""osoba2""
""osoba4""		442.50003	442500	442.80002	442800	1.2999878	1299	""osoba4""
""osoba1""		443.40002	443400	444.00003	444000	1.6000061	1600	""osoba1""
""osoba3""		445.2	445200	445.50003	445500	1.3000183	1300	""osoba3""
""osoba4""		445.2	445200	449.1	449100	4.899994	4899	""osoba4""
""osoba4""		447.30002	447300	449.1	449100	2.7999878	2799	""osoba4""
""osoba1""		449.1	449100	453.6	453600	5.5	5500	""osoba1""
""osoba2""		449.1	449100	449.7	449700	1.6000061	1600	""osoba2""
""osoba3""		460.80002	460800	501.30002	501300	41.5	41500	""osoba3""
""osoba3""		465.90002	465900	501.30002	501300	36.399994	36399	""osoba3""
""osoba2""		468.90002	468900	469.80002	469800	1.8999939	1899	""osoba2""
""osoba4""		469.50003	469500	470.1	470100	1.5999756	1599	""osoba4""
""osoba3""		471.00003	471000	501.30002	501300	31.299988	31299	""osoba3""
""osoba3""		471.6	471600	501.30002	501300	30.700012	30700	""osoba3""
""osoba3""		472.50003	472500	501.30002	501300	29.799988	29799	""osoba3""
""osoba3""		477.30002	477300	501.30002	501300	25.0	25000	""osoba3""
""osoba3""		477.90002	477900	501.30002	501300	24.399994	24399	""osoba3""
""osoba3""		479.1	479100	501.30002	501300	23.200012	23200	""osoba3""
""osoba3""		480.00003	480000	501.30002	501300	22.299988	22299	""osoba3""
""osoba3""		483.6	483600	501.30002	501300	18.700012	18700	""osoba3""
""osoba3""		489.6	489600	501.30002	501300	12.700012	12700	""osoba3""
""osoba2""		490.80002	490800	491.1	491100	1.2999878	1299	""osoba2""
""osoba3""		491.7	491700	501.30002	501300	10.600006	10600	""osoba3""
""osoba3""		492.90002	492900	501.30002	501300	9.399994	9399	""osoba3""
""osoba3""		493.50003	493500	501.30002	501300	8.799988	8799	""osoba3""
""osoba3""		494.40002	494400	501.30002	501300	7.899994	7899	""osoba3""
""osoba4""		495.30002	495300	555.9	555900	61.600006	61600	""osoba4""
""osoba4""		495.90002	495900	555.9	555900	61.0	61000	""osoba4""
""osoba4""		497.40002	497400	555.9	555900	59.5	59500	""osoba4""
""osoba3""		497.7	497700	501.30002	501300	4.600006	4600	""osoba3""
""osoba4""		498.00003	498000	555.9	555900	58.899994	58899	""osoba4""
""osoba4""		498.90002	498900	555.9	555900	58.0	58000	""osoba4""
""osoba3""		499.2	499200	501.30002	501300	3.100006	3100	""osoba3""
""osoba4""		501.00003	501000	555.9	555900	55.899994	55899	""osoba4""
""osoba4""		503.1	503100	555.9	555900	53.80002	53800	""osoba4""
""osoba4""		503.7	503700	555.9	555900	53.200012	53200	""osoba4""
""osoba4""		507.6	507600	555.9	555900	49.30002	49300	""osoba4""
""osoba4""		509.40002	509400	555.9	555900	47.5	47500	""osoba4""
""osoba4""		511.50003	511500	555.9	555900	45.399994	45399	""osoba4""
""osoba4""		512.4	512400	555.9	555900	44.5	44500	""osoba4""
""osoba4""		513.60004	513600	555.9	555900	43.299988	43299	""osoba4""
""osoba4""		516.0	516000	555.9	555900	40.900024	40900	""osoba4""
""osoba4""		517.5	517500	555.9	555900	39.400024	39400	""osoba4""
""osoba4""		518.7	518700	555.9	555900	38.200012	38200	""osoba4""
""osoba4""		519.30005	519300	555.9	555900	37.599976	37599	""osoba4""
""osoba4""		521.10004	521100	555.9	555900	35.799988	35799	""osoba4""
""osoba4""		523.80005	523800	555.9	555900	33.099976	33099	""osoba4""
""osoba4""		526.2	526200	555.9	555900	30.700012	30700	""osoba4""
""osoba2""		527.4	527400	527.4	527400	1.0	1000	""osoba2""
""osoba3""		530.4	530400	530.4	530400	1.0	1000	""osoba3""
""osoba2""		533.4	533400	534.9	534900	2.5	2500	""osoba2""
""osoba4""		533.7	533700	555.9	555900	23.200012	23200	""osoba4""
""osoba4""		536.4	536400	555.9	555900	20.5	20500	""osoba4""
""osoba4""		539.4	539400	555.9	555900	17.5	17500	""osoba4""
""osoba4""		543.0	543000	555.9	555900	13.900024	13900	""osoba4""
""osoba4""		544.2	544200	555.9	555900	12.700012	12700	""osoba4""
""osoba3""		545.7	545700	547.2	547200	2.5	2500	""osoba3""
""osoba2""		546.30005	546300	548.10004	548100	2.7999878	2799	""osoba2""
""osoba2""		548.10004	548100	548.10004	548100	1.0	1000	""osoba2""
""osoba4""		549.0	549000	555.9	555900	7.9000244	7900	""osoba4""
""osoba4""		550.80005	550800	555.9	555900	6.0999756	6099	""osoba4""
""osoba3""		551.4	551400	591.0	591000	40.599976	40599	""osoba3""
""osoba3""		552.0	552000	591.0	591000	40.0	40000	""osoba3""
""osoba4""		552.60004	552600	555.9	555900	4.299988	4299	""osoba4""
""osoba4""		555.30005	555300	555.9	555900	1.5999756	1599	""osoba4""
""osoba2""		558.0	558000	559.2	559200	2.2000122	2200	""osoba2""
""osoba3""		560.4	560400	591.0	591000	31.599976	31599	""osoba3""
""osoba3""		565.80005	565800	591.0	591000	26.199951	26199	""osoba3""
""osoba3""		567.0	567000	591.0	591000	25.0	25000	""osoba3""
""osoba3""		568.5	568500	591.0	591000	23.5	23500	""osoba3""
""osoba3""		569.7	569700	591.0	591000	22.299988	22299	""osoba3""
""osoba3""		571.80005	571800	591.0	591000	20.199951	20199	""osoba3""
""osoba3""		572.4	572400	591.0	591000	19.599976	19599	""osoba3""
""osoba3""		573.30005	573300	591.0	591000	18.699951	18699	""osoba3""
""osoba2""		573.9	573900	574.5	574500	1.5999756	1599	""osoba2""
""osoba3""		574.5	574500	591.0	591000	17.5	17500	""osoba3""
""osoba1""		575.4	575400	576.30005	576300	1.9000244	1900	""osoba1""
""osoba3""		577.5	577500	591.0	591000	14.5	14500	""osoba3""
""osoba3""		578.10004	578100	591.0	591000	13.899963	13899	""osoba3""
""osoba3""		579.30005	579300	591.0	591000	12.699951	12699	""osoba3""
""osoba3""		579.9	579900	591.0	591000	12.099976	12099	""osoba3""
""osoba3""		583.80005	583800	591.0	591000	8.199951	8199	""osoba3""
""osoba4""		587.4	587400	587.4	587400	1.0	1000	""osoba4""
""osoba3""		587.7	587700	591.0	591000	4.299988	4299	""osoba3""
""osoba3""		588.30005	588300	591.0	591000	3.6999512	3699	""osoba3""
""osoba4""		590.4	590400	601.80005	601800	12.400024	12400	""osoba4""
""osoba4""		592.5	592500	601.80005	601800	10.300049	10300	""osoba4""
""osoba3""		593.10004	593100	593.4	593400	1.2999878	1299	""osoba3""
""osoba4""		594.9	594900	601.80005	601800	7.9000244	7900	""osoba4""
""osoba4""		596.4	596400	601.80005	601800	6.4000244	6400	""osoba4""
""osoba4""		597.60004	597600	601.80005	601800	5.200012	5200	""osoba4""
""osoba2""		598.80005	598800	600.30005	600300	2.5	2500	""osoba2""
""osoba4""		598.80005	598800	601.80005	601800	4.0	4000	""osoba4""
""osoba1""		599.10004	599100	604.80005	604800	6.700012	6700	""osoba1""
""osoba3""		600.0	600000	603.9	603900	4.9000244	4900	""osoba3""
""osoba4""		611.4	611400	627.9	627900	17.5	17500	""osoba4""
""osoba4""		613.5	613500	627.9	627900	15.400024	15400	""osoba4""
""osoba4""		615.9	615900	627.9	627900	13.0	13000	""osoba4""
""osoba4""		619.2	619200	627.9	627900	9.700012	9700	""osoba4""
""osoba4""		621.60004	621600	627.9	627900	7.299988	7299	""osoba4""
""osoba3""		624.0	624000	624.0	624000	1.0	1000	""osoba3""
""osoba4""		625.2	625200	627.9	627900	3.7000122	3700	""osoba4""
""osoba4""		626.10004	626100	627.9	627900	2.7999878	2799	""osoba4""
""osoba3""		626.4	626400	656.7	656700	31.299988	31299	""osoba3""
""osoba3""		630.9	630900	656.7	656700	26.799988	26799	""osoba3""
""osoba3""		636.0	636000	656.7	656700	21.700012	21700	""osoba3""
""osoba3""		636.60004	636600	656.7	656700	21.099976	21099	""osoba3""
""osoba1""		636.9	636900	636.9	636900	1.0	1000	""osoba1""
""osoba3""		637.80005	637800	656.7	656700	19.899963	19899	""osoba3""
""osoba1""		641.4	641400	643.80005	643800	3.4000244	3400	""osoba1""
""osoba4""		642.0	642000	643.5	643500	2.5	2500	""osoba4""
""osoba3""		645.30005	645300	656.7	656700	12.399963	12399	""osoba3""
""osoba3""		647.4	647400	656.7	656700	10.299988	10299	""osoba3""
""osoba3""		648.0	648000	656.7	656700	9.700012	9700	""osoba3""
""osoba3""		648.9	648900	656.7	656700	8.799988	8799	""osoba3""
""osoba4""		651.30005	651300	652.80005	652800	2.5	2500	""osoba4""
""osoba1""		652.5	652500	652.80005	652800	1.3000488	1300	""osoba1""
""osoba3""		654.0	654000	656.7	656700	3.7000122	3700	""osoba3""
""osoba4""		656.10004	656100	672.30005	672300	17.200012	17200	""osoba4""
""osoba2""		657.30005	657300	657.30005	657300	1.0	1000	""osoba2""
""osoba4""		661.2	661200	672.30005	672300	12.100037	12100	""osoba4""
""osoba4""		664.2	664200	672.30005	672300	9.100037	9100	""osoba4""
""osoba3""		666.60004	666600	667.2	667200	1.5999756	1599	""osoba3""
""osoba4""		666.60004	666600	672.30005	672300	6.700012	6700	""osoba4""
""osoba4""		669.9	669900	672.30005	672300	3.4000244	3400	""osoba4""
""osoba4""		670.5	670500	672.30005	672300	2.8000488	2800	""osoba4""
""osoba4""		671.10004	671100	672.30005	672300	2.2000122	2200	""osoba4""
""osoba3""		671.7	671700	678.60004	678600	7.9000244	7900	""osoba3""
""osoba3""		673.80005	673800	678.60004	678600	5.799988	5799	""osoba3""
""osoba3""		674.4	674400	678.60004	678600	5.200012	5200	""osoba3""
""osoba3""		675.9	675900	678.60004	678600	3.7000122	3700	""osoba3""
""osoba3""		676.5	676500	678.60004	678600	3.1000366	3100	""osoba3""
""osoba3""		677.10004	677100	678.60004	678600	2.5	2500	""osoba3""
""osoba3""		678.0	678000	678.60004	678600	1.6000366	1600	""osoba3""
""osoba1""		678.30005	678300	678.9	678900	1.5999756	1599	""osoba1""
""osoba3""		681.9	681900	708.0	708000	27.099976	27099	""osoba3""
""osoba3""		684.9	684900	708.0	708000	24.099976	24099	""osoba3""
""osoba3""		686.10004	686100	708.0	708000	22.899963	22899	""osoba3""
""osoba3""		687.9	687900	708.0	708000	21.099976	21099	""osoba3""
""osoba4""		688.80005	688800	688.80005	688800	1.0	1000	""osoba4""
""osoba3""		693.30005	693300	708.0	708000	15.699951	15699	""osoba3""
""osoba3""		695.10004	695100	708.0	708000	13.899963	13899	""osoba3""
""osoba3""		696.60004	696600	708.0	708000	12.399963	12399	""osoba3""
""osoba3""		698.7	698700	708.0	708000	10.299988	10299	""osoba3""
""osoba3""		699.9	699900	708.0	708000	9.099976	9099	""osoba3""
""osoba3""		700.5	700500	708.0	708000	8.5	8500	""osoba3""
""osoba3""		702.0	702000	708.0	708000	7.0	7000	""osoba3""
""osoba3""		702.9	702900	708.0	708000	6.0999756	6099	""osoba3""
""osoba3""		705.0	705000	708.0	708000	4.0	4000	""osoba3""
""osoba3""		705.60004	705600	708.0	708000	3.3999634	3399	""osoba3""
""osoba3""		706.2	706200	708.0	708000	2.7999878	2799	""osoba3""
""osoba3""		706.80005	706800	708.0	708000	2.1999512	2199	""osoba3""
""osoba1""		708.0	708000	708.30005	708300	1.3000488	1300	""osoba1""
""osoba3""		708.0	708000	708.0	708000	1.0	1000	""osoba3""
""osoba3""		710.10004	710100	728.7	728700	19.599976	19599	""osoba3""
""osoba4""		711.60004	711600	713.4	713400	2.7999878	2799	""osoba4""
""osoba3""		712.2	712200	728.7	728700	17.5	17500	""osoba3""
""osoba3""		714.60004	714600	728.7	728700	15.099976	15099	""osoba3""
""osoba3""		716.10004	716100	728.7	728700	13.599976	13599	""osoba3""
""osoba3""		717.9	717900	728.7	728700	11.799988	11799	""osoba3""
""osoba3""		721.2	721200	728.7	728700	8.5	8500	""osoba3""
""osoba3""		724.2	724200	728.7	728700	5.5	5500	""osoba3""
""osoba3""		726.60004	726600	728.7	728700	3.0999756	3099	""osoba3""
""osoba3""		727.5	727500	728.7	728700	2.2000122	2200	""osoba3""
""osoba3""		728.10004	728100	728.7	728700	1.5999756	1599	""osoba3""
""osoba4""		729.0	729000	762.30005	762300	34.30005	34300	""osoba4""
""osoba4""		733.80005	733800	762.30005	762300	29.5	29500	""osoba4""
""osoba4""		734.4	734400	762.30005	762300	28.900024	28900	""osoba4""
""osoba2""		736.2	736200	738.60004	738600	3.4000244	3400	""osoba2""
""osoba4""		740.10004	740100	762.30005	762300	23.200012	23200	""osoba4""
""osoba4""		740.7	740700	762.30005	762300	22.600037	22600	""osoba4""
""osoba4""		741.30005	741300	762.30005	762300	22.0	22000	""osoba4""
""osoba3""		745.2	745200	745.2	745200	1.0	1000	""osoba3""
""osoba4""		745.2	745200	762.30005	762300	18.100037	18100	""osoba4""
""osoba4""		745.80005	745800	762.30005	762300	17.5	17500	""osoba4""
""osoba4""		746.4	746400	762.30005	762300	16.900024	16900	""osoba4""
""osoba4""		747.30005	747300	762.30005	762300	16.0	16000	""osoba4""
""osoba4""		747.9	747900	762.30005	762300	15.400024	15400	""osoba4""
""osoba4""		749.7	749700	762.30005	762300	13.600037	13600	""osoba4""
""osoba4""		752.7	752700	762.30005	762300	10.600037	10600	""osoba4""
""osoba2""		754.5	754500	755.4	755400	1.9000244	1900	""osoba2""
""osoba4""		758.10004	758100	762.30005	762300	5.200012	5200	""osoba4""
""osoba4""		759.30005	759300	762.30005	762300	4.0	4000	""osoba4""
""osoba4""		760.5	760500	762.30005	762300	2.8000488	2800	""osoba4""
""osoba1""		762.0	762000	762.60004	762600	1.6000366	1600	""osoba1""
""osoba4""		764.7	764700	769.80005	769800	6.1000366	6100	""osoba4""
""osoba1""		765.60004	765600	765.60004	765600	1.0	1000	""osoba1""
""osoba4""		766.2	766200	769.80005	769800	4.6000366	4600	""osoba4""
""osoba3""		768.9	768900	778.80005	778800	10.900024	10900	""osoba3""
""osoba4""		774.60004	774600	774.60004	774600	1.0	1000	""osoba4""
""osoba3""		777.00006	777000	778.80005	778800	2.7999878	2799	""osoba3""
""osoba4""		777.60004	777600	787.80005	787800	11.200012	11200	""osoba4""
""osoba4""		779.10004	779100	787.80005	787800	9.700012	9700	""osoba4""
""osoba4""		782.10004	782100	787.80005	787800	6.700012	6700	""osoba4""
""osoba3""		783.30005	783300	790.50006	790500	8.200012	8200	""osoba3""
""osoba1""		788.10004	788100	788.7	788700	1.5999756	1599	""osoba1""
""osoba4""		790.2	790200	794.4	794400	5.200012	5200	""osoba4""
""osoba3""		790.50006	790500	790.50006	790500	1.0	1000	""osoba3""
""osoba4""		792.60004	792600	794.4	794400	2.7999878	2799	""osoba4""
""osoba4""		793.2	793200	794.4	794400	2.2000122	2200	""osoba4""
""osoba4""		794.10004	794100	794.4	794400	1.2999878	1299	""osoba4""
""osoba3""		794.7	794700	809.4	809400	15.700012	15700	""osoba3""
""osoba3""		798.00006	798000	809.4	809400	12.399963	12399	""osoba3""
""osoba3""		798.9	798900	809.4	809400	11.5	11500	""osoba3""
""osoba3""		800.10004	800100	809.4	809400	10.299988	10299	""osoba3""
""osoba3""		800.7	800700	809.4	809400	9.700012	9700	""osoba3""
""osoba3""		801.60004	801600	809.4	809400	8.799988	8799	""osoba3""
""osoba2""		801.9	801900	803.7	803700	2.7999878	2799	""osoba2""
""osoba3""		803.10004	803100	809.4	809400	7.299988	7299	""osoba3""
""osoba4""		804.60004	804600	807.30005	807300	3.7000122	3700	""osoba4""
""osoba3""		805.50006	805500	809.4	809400	4.8999634	4899	""osoba3""
""osoba4""		810.00006	810000	812.10004	812100	3.0999756	3099	""osoba4""
""osoba4""		811.50006	811500	812.10004	812100	1.5999756	1599	""osoba4""
""osoba2""		811.80005	811800	814.50006	814500	3.7000122	3700	""osoba2""
""osoba1""		812.7	812700	813.60004	813600	1.9000244	1900	""osoba1""
""osoba4""		821.4	821400	860.7	860700	40.299988	40299	""osoba4""
""osoba4""		825.60004	825600	860.7	860700	36.099976	36099	""osoba4""
""osoba1""		827.4	827400	829.2	829200	2.7999878	2799	""osoba1""
""osoba3""		827.4	827400	830.4	830400	4.0	4000	""osoba3""
""osoba4""		832.80005	832800	860.7	860700	28.899963	28899	""osoba4""
""osoba4""		833.7	833700	860.7	860700	28.0	28000	""osoba4""
""osoba4""		834.60004	834600	860.7	860700	27.099976	27099	""osoba4""
""osoba4""		836.10004	836100	860.7	860700	25.599976	25599	""osoba4""
""osoba4""		837.60004	837600	860.7	860700	24.099976	24099	""osoba4""
""osoba4""		839.7	839700	860.7	860700	22.0	22000	""osoba4""
""osoba3""		845.4	845400	845.4	845400	1.0	1000	""osoba3""
""osoba4""		846.60004	846600	860.7	860700	15.099976	15099	""osoba4""
""osoba4""		848.7	848700	860.7	860700	13.0	13000	""osoba4""
""osoba4""		850.50006	850500	860.7	860700	11.199951	11199	""osoba4""
""osoba4""		852.00006	852000	860.7	860700	9.699951	9699	""osoba4""
""osoba4""		853.50006	853500	860.7	860700	8.199951	8199	""osoba4""
""osoba4""		854.10004	854100	860.7	860700	7.5999756	7599	""osoba4""
""osoba4""		855.60004	855600	860.7	860700	6.0999756	6099	""osoba4""
""osoba4""		856.2	856200	860.7	860700	5.5	5500	""osoba4""
""osoba4""		858.30005	858300	860.7	860700	3.3999634	3399	""osoba4""
""osoba3""		858.60004	858600	867.9	867900	10.299988	10299	""osoba3""
""osoba3""		861.9	861900	867.9	867900	7.0	7000	""osoba3""
""osoba1""		867.00006	867000	867.60004	867600	1.5999756	1599	""osoba1""
""osoba2""		867.9	867900	868.80005	868800	1.9000244	1900	""osoba2""
""osoba4""		867.9	867900	868.2	868200	1.2999878	1299	""osoba4""
""osoba3""		873.60004	873600	881.4	881400	8.799988	8799	""osoba3""
""osoba3""		874.80005	874800	881.4	881400	7.5999756	7599	""osoba3""
""osoba3""		876.9	876900	881.4	881400	5.5	5500	""osoba3""
""osoba3""		878.7	878700	881.4	881400	3.7000122	3700	""osoba3""
""osoba3""		879.30005	879300	881.4	881400	3.0999756	3099	""osoba3""
""osoba2""		881.7	881700	882.9	882900	2.2000122	2200	""osoba2""
""osoba3""		885.60004	885600	887.7	887700	3.0999756	3099	""osoba3""
""osoba4""		887.7	887700	924.30005	924300	37.600037	37600	""osoba4""
""osoba4""		889.2	889200	924.30005	924300	36.100037	36100	""osoba4""
""osoba3""		889.80005	889800	890.10004	890100	1.2999878	1299	""osoba3""
""osoba4""		891.60004	891600	924.30005	924300	33.700012	33700	""osoba4""
""osoba4""		892.50006	892500	924.30005	924300	32.799988	32799	""osoba4""
""osoba4""		893.10004	893100	924.30005	924300	32.200012	32200	""osoba4""
""osoba4""		897.60004	897600	924.30005	924300	27.700012	27700	""osoba4""
""osoba4""		900.00006	900000	924.30005	924300	25.299988	25299	""osoba4""
""osoba3""		902.4	902400	903.30005	903300	1.9000244	1900	""osoba3""
""osoba4""		902.4	902400	924.30005	924300	22.900024	22900	""osoba4""
""osoba1""		906.60004	906600	908.10004	908100	2.5	2500	""osoba1""
""osoba4""		906.9	906900	924.30005	924300	18.400024	18400	""osoba4""
""osoba3""		908.10004	908100	909.9	909900	2.7999878	2799	""osoba3""
""osoba3""		909.60004	909600	909.9	909900	1.2999878	1299	""osoba3""
""osoba4""		910.2	910200	924.30005	924300	15.100037	15100	""osoba4""
""osoba4""		911.7	911700	924.30005	924300	13.600037	13600	""osoba4""
""osoba4""		912.9	912900	924.30005	924300	12.400024	12400	""osoba4""
""osoba4""		913.50006	913500	924.30005	924300	11.799988	11799	""osoba4""
""osoba4""		915.00006	915000	924.30005	924300	10.299988	10299	""osoba4""
""osoba2""		915.9	915900	918.00006	918000	3.1000366	3100	""osoba2""
""osoba3""		915.9	915900	916.2	916200	1.2999878	1299	""osoba3""
""osoba4""		919.80005	919800	924.30005	924300	5.5	5500	""osoba4""
""osoba4""		921.00006	921000	924.30005	924300	4.299988	4299	""osoba4""
""osoba4""		923.4	923400	924.30005	924300	1.9000244	1900	""osoba4""
""osoba3""		924.30005	924300	930.30005	930300	7.0	7000	""osoba3""
""osoba2""		928.80005	928800	930.60004	930600	2.7999878	2799	""osoba2""
""osoba4""		928.80005	928800	930.00006	930000	2.2000122	2200	""osoba4""
""osoba3""		929.10004	929100	930.30005	930300	2.2000122	2200	""osoba3""
""osoba4""		938.10004	938100	961.50006	961500	24.400024	24400	""osoba4""
""osoba3""		939.00006	939000	939.30005	939300	1.2999878	1299	""osoba3""
""osoba4""		939.9	939900	961.50006	961500	22.600037	22600	""osoba4""
""osoba4""		941.4	941400	961.50006	961500	21.100037	21100	""osoba4""
""osoba4""		942.9	942900	961.50006	961500	19.600037	19600	""osoba4""
""osoba4""		943.50006	943500	961.50006	961500	19.0	19000	""osoba4""
""osoba4""		945.60004	945600	961.50006	961500	16.900024	16900	""osoba4""
""osoba4""		946.50006	946500	961.50006	961500	16.0	16000	""osoba4""
""osoba4""		948.60004	948600	961.50006	961500	13.900024	13900	""osoba4""
""osoba4""		949.80005	949800	961.50006	961500	12.700012	12700	""osoba4""
""osoba3""		951.30005	951300	953.10004	953100	2.7999878	2799	""osoba3""
""osoba4""		954.30005	954300	961.50006	961500	8.200012	8200	""osoba4""
""osoba4""		955.50006	955500	961.50006	961500	7.0	7000	""osoba4""
""osoba4""		957.9	957900	961.50006	961500	4.6000366	4600	""osoba4""
""osoba4""		958.80005	958800	961.50006	961500	3.7000122	3700	""osoba4""
""osoba3""		960.00006	960000	970.2	970200	11.199951	11199	""osoba3""
""osoba3""		963.00006	963000	970.2	970200	8.199951	8199	""osoba3""
""osoba3""		964.50006	964500	970.2	970200	6.699951	6699	""osoba3""
""osoba3""		966.9	966900	970.2	970200	4.299988	4299	""osoba3""
""osoba3""		967.50006	967500	970.2	970200	3.6999512	3699	""osoba3""
""osoba3""		968.7	968700	970.2	970200	2.5	2500	""osoba3""
""osoba1""		970.2	970200	974.4	974400	5.200012	5200	""osoba1""
""osoba3""		970.2	970200	970.2	970200	1.0	1000	""osoba3""
""osoba3""		974.4	974400	981.30005	981300	7.9000244	7900	""osoba3""
""osoba3""		975.9	975900	981.30005	981300	6.4000244	6400	""osoba3""
""osoba3""		977.10004	977100	981.30005	981300	5.200012	5200	""osoba3""
""osoba2""		977.7	977700	982.50006	982500	5.800049	5800	""osoba2""
""osoba2""		979.50006	979500	982.50006	982500	4.0	4000	""osoba2""
""osoba4""		981.00006	981000	981.60004	981600	1.5999756	1599	""osoba4""
""osoba4""		981.60004	981600	981.60004	981600	1.0	1000	""osoba4""
""osoba3""		986.7	986700	998.4	998400	12.700012	12700	""osoba3""
""osoba3""		988.2	988200	998.4	998400	11.200012	11200	""osoba3""
""osoba1""		988.80005	988800	988.80005	988800	1.0	1000	""osoba1""
""osoba3""		989.7	989700	998.4	998400	9.700012	9700	""osoba3""
""osoba3""		993.00006	993000	998.4	998400	6.3999634	6399	""osoba3""
""osoba3""		994.50006	994500	998.4	998400	4.8999634	4899	""osoba3""
""osoba4""		996.30005	996300	996.9	996900	1.5999756	1599	""osoba4""
""osoba1""		997.2	997200	997.2	997200	1.0	1000	""osoba1""
""osoba2""		998.10004	998100	998.4	998400	1.2999878	1299	""osoba2""
""osoba3""		1001.10004	1001100	1013.10004	1013100	13.0	13000	""osoba3""
""osoba3""		1003.2	1003200	1013.10004	1013100	10.900024	10900	""osoba3""
""osoba4""		1005.60004	1005600	1008.30005	1008300	3.7000122	3700	""osoba4""
""osoba3""		1006.50006	1006500	1013.10004	1013100	7.5999756	7599	""osoba3""
""osoba3""		1007.10004	1007100	1013.10004	1013100	7.0	7000	""osoba3""
""osoba4""		1007.10004	1007100	1008.30005	1008300	2.2000122	2200	""osoba4""
""osoba3""		1008.9	1008900	1013.10004	1013100	5.200012	5200	""osoba3""
""osoba4""		1013.10004	1013100	1027.5	1027500	15.399963	15399	""osoba4""
""osoba4""		1014.9	1014900	1027.5	1027500	13.599976	13599	""osoba4""
""osoba4""		1017.30005	1017300	1027.5	1027500	11.199951	11199	""osoba4""
""osoba4""		1017.9	1017900	1027.5	1027500	10.599976	10599	""osoba4""
""osoba4""		1018.80005	1018800	1027.5	1027500	9.699951	9699	""osoba4""
""osoba4""		1019.4	1019400	1027.5	1027500	9.099976	9099	""osoba4""
""osoba4""		1020.9	1020900	1027.5	1027500	7.5999756	7599	""osoba4""
""osoba4""		1023.00006	1023000	1027.5	1027500	5.499939	5499	""osoba4""
""osoba4""		1024.5	1024500	1027.5	1027500	4.0	4000	""osoba4""
""osoba3""		1026.9	1026900	1041.0	1041000	15.099976	15099	""osoba3""
""osoba3""		1029.3	1029300	1041.0	1041000	12.699951	12699	""osoba3""
""osoba3""		1030.8	1030800	1041.0	1041000	11.199951	11199	""osoba3""
""osoba3""		1032.9	1032900	1041.0	1041000	9.099976	9099	""osoba3""
""osoba3""		1034.7001	1034700	1041.0	1041000	7.2999268	7299	""osoba3""
""osoba3""		1035.3	1035300	1041.0	1041000	6.699951	6699	""osoba3""
""osoba3""		1036.8	1036800	1041.0	1041000	5.199951	5199	""osoba3""
""osoba2""		1040.7001	1040700	1041.9	1041900	2.1999512	2199	""osoba2""
""osoba3""		1043.1001	1043100	1072.8	1072800	30.699951	30699	""osoba3""
""osoba3""		1043.7001	1043700	1072.8	1072800	30.099976	30099	""osoba3""
""osoba1""		1044.9	1044900	1045.2001	1045200	1.3000488	1300	""osoba1""
""osoba3""		1046.1001	1046100	1072.8	1072800	27.699951	27699	""osoba3""
""osoba3""		1047.3	1047300	1072.8	1072800	26.5	26500	""osoba3""
""osoba3""		1051.2001	1051200	1072.8	1072800	22.599976	22599	""osoba3""
""osoba4""		1051.8	1051800	1051.8	1051800	1.0	1000	""osoba4""
""osoba3""		1052.4	1052400	1072.8	1072800	21.400024	21400	""osoba3""
""osoba3""		1053.3	1053300	1072.8	1072800	20.5	20500	""osoba3""
""osoba3""		1054.5	1054500	1072.8	1072800	19.300049	19300	""osoba3""
""osoba3""		1058.1001	1058100	1072.8	1072800	15.699951	15699	""osoba3""
""osoba3""		1062.3	1062300	1072.8	1072800	11.5	11500	""osoba3""
""osoba3""		1062.9	1062900	1072.8	1072800	10.900024	10900	""osoba3""
""osoba2""		1063.2001	1063200	1064.1001	1064100	1.9000244	1900	""osoba2""
""osoba3""		1064.7001	1064700	1072.8	1072800	9.099976	9099	""osoba3""
""osoba4""		1065.0	1065000	1065.6001	1065600	1.6000977	1600	""osoba4""
""osoba3""		1066.5	1066500	1072.8	1072800	7.300049	7300	""osoba3""
""osoba3""		1067.1001	1067100	1072.8	1072800	6.699951	6699	""osoba3""
""osoba3""		1068.3	1068300	1072.8	1072800	5.5	5500	""osoba3""
""osoba3""		1069.5	1069500	1072.8	1072800	4.300049	4300	""osoba3""
""osoba3""		1071.3	1071300	1072.8	1072800	2.5	2500	""osoba3""
""osoba3""		1072.2001	1072200	1072.8	1072800	1.5999756	1599	""osoba3""
""osoba4""		1072.2001	1072200	1101.6001	1101600	30.400024	30400	""osoba4""
""osoba4""		1073.7001	1073700	1101.6001	1101600	28.900024	28900	""osoba4""
""osoba3""		1076.4	1076400	1077.0	1077000	1.5999756	1599	""osoba3""
""osoba4""		1078.2001	1078200	1101.6001	1101600	24.400024	24400	""osoba4""
""osoba4""		1080.9	1080900	1101.6001	1101600	21.700073	21700	""osoba4""
""osoba3""		1084.8	1084800	1084.8	1084800	1.0	1000	""osoba3""
""osoba4""		1089.3	1089300	1101.6001	1101600	13.300049	13300	""osoba4""
""osoba4""		1091.7001	1091700	1101.6001	1101600	10.900024	10900	""osoba4""
""osoba4""		1092.3	1092300	1101.6001	1101600	10.300049	10300	""osoba4""
""osoba4""		1094.7001	1094700	1101.6001	1101600	7.9000244	7900	""osoba4""
""osoba4""		1095.6001	1095600	1101.6001	1101600	7.0	7000	""osoba4""
""osoba2""		1095.9	1095900	1097.4	1097400	2.5	2500	""osoba2""
""osoba2""		1101.0	1101000	1102.2001	1102200	2.2000732	2200	""osoba2""
""osoba4""		1101.0	1101000	1101.6001	1101600	1.6000977	1600	""osoba4""
""osoba4""		1106.7001	1106700	1109.7001	1109700	4.0	4000	""osoba4""
""osoba4""		1107.6001	1107600	1109.7001	1109700	3.0999756	3099	""osoba4""
""osoba4""		1108.5	1108500	1109.7001	1109700	2.2000732	2200	""osoba4""
""osoba3""		1109.1001	1109100	1114.8	1114800	6.699951	6699	""osoba3""
""osoba4""		1109.4	1109400	1109.7001	1109700	1.3000488	1300	""osoba4""
""osoba3""		1110.9	1110900	1114.8	1114800	4.9000244	4900	""osoba3""
""osoba3""		1113.0	1113000	1114.8	1114800	2.8000488	2800	""osoba3""
""osoba3""		1113.9	1113900	1114.8	1114800	1.9000244	1900	""osoba3""
""osoba1""		1114.5	1114500	1116.6001	1116600	3.1000977	3100	""osoba1""
""osoba3""		1114.5	1114500	1114.8	1114800	1.3000488	1300	""osoba3""
""osoba3""		1121.4	1121400	1129.8	1129800	9.400024	9400	""osoba3""
""osoba3""		1122.0	1122000	1129.8	1129800	8.800049	8800	""osoba3""
""osoba3""		1122.6001	1122600	1129.8	1129800	8.199951	8199	""osoba3""
""osoba3""		1126.5	1126500	1129.8	1129800	4.300049	4300	""osoba3""
""osoba4""		1127.4	1127400	1128.0	1128000	1.5999756	1599	""osoba4""
""osoba3""		1127.7001	1127700	1129.8	1129800	3.0999756	3099	""osoba3""
""osoba3""		1129.2001	1129200	1129.8	1129800	1.5999756	1599	""osoba3""
""osoba1""		1129.8	1129800	1132.2001	1132200	3.4000244	3400	""osoba1""
""osoba4""		1132.2001	1132200	1144.2001	1144200	13.0	13000	""osoba4""
""osoba4""		1133.4	1133400	1144.2001	1144200	11.800049	11800	""osoba4""
""osoba4""		1134.0	1134000	1144.2001	1144200	11.200073	11200	""osoba4""
""osoba4""		1137.9	1137900	1144.2001	1144200	7.300049	7300	""osoba4""
""osoba4""		1139.1001	1139100	1144.2001	1144200	6.0999756	6099	""osoba4""
""osoba3""		1140.0	1140000	1183.8	1183800	44.80005	44800	""osoba3""
""osoba4""		1143.0	1143000	1144.2001	1144200	2.2000732	2200	""osoba4""
""osoba3""		1143.3	1143300	1183.8	1183800	41.5	41500	""osoba3""
""osoba3""		1144.8	1144800	1183.8	1183800	40.0	40000	""osoba3""
""osoba3""		1145.7001	1145700	1183.8	1183800	39.099976	39099	""osoba3""
""osoba3""		1146.3	1146300	1183.8	1183800	38.5	38500	""osoba3""
""osoba3""		1147.5	1147500	1183.8	1183800	37.30005	37300	""osoba3""
""osoba3""		1149.3	1149300	1183.8	1183800	35.5	35500	""osoba3""
""osoba4""		1150.5	1150500	1151.7001	1151700	2.2000732	2200	""osoba4""
""osoba3""		1151.4	1151400	1183.8	1183800	33.400024	33400	""osoba3""
""osoba3""		1153.2001	1153200	1183.8	1183800	31.599976	31599	""osoba3""
""osoba3""		1155.3	1155300	1183.8	1183800	29.5	29500	""osoba3""
""osoba3""		1156.2001	1156200	1183.8	1183800	28.599976	28599	""osoba3""
""osoba3""		1156.8	1156800	1183.8	1183800	28.0	28000	""osoba3""
""osoba3""		1160.4	1160400	1183.8	1183800	24.400024	24400	""osoba3""
""osoba1""		1161.3	1161300	1163.1001	1163100	2.8000488	2800	""osoba1""
""osoba3""		1171.2001	1171200	1183.8	1183800	13.599976	13599	""osoba3""
""osoba3""		1173.3	1173300	1183.8	1183800	11.5	11500	""osoba3""
""osoba3""		1174.5	1174500	1183.8	1183800	10.300049	10300	""osoba3""
""osoba3""		1175.7001	1175700	1183.8	1183800	9.099976	9099	""osoba3""
""osoba3""		1177.5	1177500	1183.8	1183800	7.300049	7300	""osoba3""
""osoba3""		1178.4	1178400	1183.8	1183800	6.4000244	6400	""osoba3""
""osoba3""		1180.8	1180800	1183.8	1183800	4.0	4000	""osoba3""
""osoba3""		1182.9	1182900	1183.8	1183800	1.9000244	1900	""osoba3""
""osoba4""		1183.8	1183800	1186.8	1186800	4.0	4000	""osoba4""
""osoba3""		1186.8	1186800	1191.3	1191300	5.5	5500	""osoba3""
""osoba3""		1187.7001	1187700	1191.3	1191300	4.5999756	4599	""osoba3""
""osoba1""		1189.8	1189800	1197.0	1197000	8.199951	8199	""osoba1""
""osoba3""		1190.1001	1190100	1191.3	1191300	2.1999512	2199	""osoba3""
""osoba4""		1192.2001	1192200	1192.8	1192800	1.5999756	1599	""osoba4""
""osoba3""		1195.5	1195500	1196.7001	1196700	2.2000732	2200	""osoba3""
""osoba4""		1198.5	1198500	1202.7001	1202700	5.2000732	5200	""osoba4""
""osoba4""		1200.0	1200000	1202.7001	1202700	3.7000732	3700	""osoba4""
""osoba1""		1200.6001	1200600	1203.6001	1203600	4.0	4000	""osoba1""
""osoba3""		1202.7001	1202700	1246.8	1246800	45.099976	45099	""osoba3""
""osoba3""		1204.5	1204500	1246.8	1246800	43.30005	43300	""osoba3""
""osoba3""		1206.3	1206300	1246.8	1246800	41.5	41500	""osoba3""
""osoba2""		1206.9	1206900	1207.8	1207800	1.9000244	1900	""osoba2""
""osoba3""		1209.0	1209000	1246.8	1246800	38.80005	38800	""osoba3""
""osoba3""		1209.6001	1209600	1246.8	1246800	38.19995	38199	""osoba3""
""osoba3""		1211.7001	1211700	1246.8	1246800	36.099976	36099	""osoba3""
""osoba4""		1212.0	1212000	1212.9	1212900	1.9000244	1900	""osoba4""
""osoba3""		1213.8	1213800	1246.8	1246800	34.0	34000	""osoba3""
""osoba3""		1217.7001	1217700	1246.8	1246800	30.099976	30099	""osoba3""
""osoba3""		1218.6001	1218600	1246.8	1246800	29.199951	29199	""osoba3""
""osoba3""		1219.5	1219500	1246.8	1246800	28.300049	28300	""osoba3""
""osoba3""		1220.4	1220400	1246.8	1246800	27.400024	27400	""osoba3""
""osoba4""		1221.9	1221900	1222.2001	1222200	1.3000488	1300	""osoba4""
""osoba3""		1224.9	1224900	1246.8	1246800	22.900024	22900	""osoba3""
""osoba3""		1226.1001	1226100	1246.8	1246800	21.699951	21699	""osoba3""
""osoba4""		1226.4	1226400	1227.3	1227300	1.9000244	1900	""osoba4""
""osoba3""		1232.7001	1232700	1246.8	1246800	15.099976	15099	""osoba3""
""osoba3""		1233.3	1233300	1246.8	1246800	14.5	14500	""osoba3""
""osoba3""		1234.2001	1234200	1246.8	1246800	13.599976	13599	""osoba3""
""osoba3""		1240.2001	1240200	1246.8	1246800	7.5999756	7599	""osoba3""
""osoba3""		1242.6001	1242600	1246.8	1246800	5.199951	5199	""osoba3""
""osoba3""		1243.8	1243800	1246.8	1246800	4.0	4000	""osoba3""
""osoba3""		1244.4	1244400	1246.8	1246800	3.4000244	3400	""osoba3""
""osoba3""		1246.2001	1246200	1246.8	1246800	1.5999756	1599	""osoba3""
""osoba4""		1246.2001	1246200	1248.6001	1248600	3.4000244	3400	""osoba4""
""osoba4""		1247.4	1247400	1248.6001	1248600	2.2000732	2200	""osoba4""
""osoba1""		1248.0	1248000	1248.3	1248300	1.3000488	1300	""osoba1""
""osoba4""		1248.0	1248000	1248.6001	1248600	1.6000977	1600	""osoba4""
""osoba3""		1248.9	1248900	1259.7001	1259700	11.800049	11800	""osoba3""
""osoba3""		1251.0	1251000	1259.7001	1259700	9.700073	9700	""osoba3""
""osoba3""		1253.1001	1253100	1259.7001	1259700	7.5999756	7599	""osoba3""
""osoba1""		1253.7001	1253700	1253.7001	1253700	1.0	1000	""osoba1""
""osoba3""		1253.7001	1253700	1259.7001	1259700	7.0	7000	""osoba3""
""osoba3""		1254.9	1254900	1259.7001	1259700	5.800049	5800	""osoba3""
""osoba3""		1255.5	1255500	1259.7001	1259700	5.2000732	5200	""osoba3""
""osoba3""		1256.1001	1256100	1259.7001	1259700	4.5999756	4599	""osoba3""
""osoba4""		1256.1001	1256100	1257.6001	1257600	2.5	2500	""osoba4""
""osoba3""		1258.5	1258500	1259.7001	1259700	2.2000732	2200	""osoba3""
""osoba2""		1259.4	1259400	1260.3	1260300	1.9000244	1900	""osoba2""
""osoba3""		1264.8	1264800	1289.7001	1289700	25.900024	25900	""osoba3""
""osoba2""		1268.7001	1268700	1269.0	1269000	1.2999268	1299	""osoba2""
""osoba3""		1270.5	1270500	1289.7001	1289700	20.200073	20200	""osoba3""
""osoba3""		1276.2001	1276200	1289.7001	1289700	14.5	14500	""osoba3""
""osoba2""		1277.4	1277400	1278.3	1278300	1.9000244	1900	""osoba2""
""osoba3""		1277.4	1277400	1289.7001	1289700	13.300049	13300	""osoba3""
""osoba3""		1284.0	1284000	1289.7001	1289700	6.7000732	6700	""osoba3""
""osoba3""		1285.2001	1285200	1289.7001	1289700	5.5	5500	""osoba3""
""osoba3""		1285.8	1285800	1289.7001	1289700	4.9000244	4900	""osoba3""
""osoba3""		1287.6001	1287600	1289.7001	1289700	3.0999756	3099	""osoba3""
""osoba4""		1290.0	1290000	1299.6001	1299600	10.600098	10600	""osoba4""
""osoba3""		1291.8	1291800	1295.7001	1295700	4.9000244	4900	""osoba3""
""osoba1""		1293.9	1293900	1302.0	1302000	9.099976	9099	""osoba1""
""osoba1""		1297.2001	1297200	1302.0	1302000	5.7999268	5799	""osoba1""
""osoba4""		1299.6001	1299600	1299.6001	1299600	1.0	1000	""osoba4""
""osoba3""		1301.4	1301400	1313.1001	1313100	12.700073	12700	""osoba3""
""osoba3""		1302.9	1302900	1313.1001	1313100	11.200073	11200	""osoba3""
""osoba3""		1304.1001	1304100	1313.1001	1313100	10.0	10000	""osoba3""
""osoba2""		1305.3	1305300	1306.5	1306500	2.1999512	2199	""osoba2""
""osoba1""		1306.2001	1306200	1306.2001	1306200	1.0	1000	""osoba1""
""osoba3""		1306.8	1306800	1313.1001	1313100	7.300049	7300	""osoba3""
""osoba3""		1307.4	1307400	1313.1001	1313100	6.7000732	6700	""osoba3""
""osoba4""		1313.4	1313400	1320.6001	1320600	8.200073	8200	""osoba4""
""osoba4""		1316.1001	1316100	1320.6001	1320600	5.5	5500	""osoba4""
""osoba4""		1318.2001	1318200	1320.6001	1320600	3.4000244	3400	""osoba4""
""osoba4""		1320.3	1320300	1320.6001	1320600	1.3000488	1300	""osoba4""
""osoba1""		1320.6001	1320600	1321.2001	1321200	1.5999756	1599	""osoba1""
""osoba2""		1323.0	1323000	1326.0	1326000	4.0	4000	""osoba2""
""osoba4""		1329.6001	1329600	1334.4	1334400	5.7999268	5799	""osoba4""
""osoba4""		1331.4	1331400	1334.4	1334400	4.0	4000	""osoba4""
""osoba1""		1333.8	1333800	1338.9	1338900	6.0999756	6099	""osoba1""
""osoba3""		1335.9	1335900	1337.7001	1337700	2.8000488	2800	""osoba3""
""osoba2""		1339.2001	1339200	1340.1001	1340100	1.9000244	1900	""osoba2""
""osoba4""		1340.7001	1340700	1347.0	1347000	7.2999268	7299	""osoba4""
""osoba4""		1341.9	1341900	1347.0	1347000	6.0999756	6099	""osoba4""
""osoba4""		1342.5	1342500	1347.0	1347000	5.5	5500	""osoba4""
""osoba4""		1344.9	1344900	1347.0	1347000	3.0999756	3099	""osoba4""
""osoba2""		1345.5	1345500	1347.9	1347900	3.4000244	3400	""osoba2""
""osoba2""		1347.0	1347000	1347.9	1347900	1.9000244	1900	""osoba2""
""osoba4""		1347.0	1347000	1347.0	1347000	1.0	1000	""osoba4""
""osoba3""		1347.9	1347900	1377.9	1377900	31.0	31000	""osoba3""
""osoba3""		1349.1001	1349100	1377.9	1377900	29.799927	29799	""osoba3""
""osoba3""		1351.8	1351800	1377.9	1377900	27.099976	27099	""osoba3""
""osoba3""		1353.9	1353900	1377.9	1377900	25.0	25000	""osoba3""
""osoba3""		1355.1001	1355100	1377.9	1377900	23.799927	23799	""osoba3""
""osoba1""		1356.3	1356300	1357.2001	1357200	1.9000244	1900	""osoba1""
""osoba2""		1358.1001	1358100	1359.0	1359000	1.8999023	1899	""osoba2""
""osoba3""		1359.9	1359900	1377.9	1377900	19.0	19000	""osoba3""
""osoba3""		1361.7001	1361700	1377.9	1377900	17.199951	17199	""osoba3""
""osoba3""		1364.7001	1364700	1377.9	1377900	14.199951	14199	""osoba3""
""osoba3""		1366.2001	1366200	1377.9	1377900	12.699951	12699	""osoba3""
""osoba3""		1371.9	1371900	1377.9	1377900	7.0	7000	""osoba3""
""osoba1""		1374.3	1374300	1378.8	1378800	5.5	5500	""osoba1""
""osoba3""		1374.3	1374300	1377.9	1377900	4.5999756	4599	""osoba3""
""osoba3""		1385.7001	1385700	1395.3	1395300	10.599976	10599	""osoba3""
""osoba3""		1387.8	1387800	1395.3	1395300	8.5	8500	""osoba3""
""osoba3""		1389.0	1389000	1395.3	1395300	7.300049	7300	""osoba3""
""osoba3""		1391.1001	1391100	1395.3	1395300	5.199951	5199	""osoba3""
""osoba3""		1392.3	1392300	1395.3	1395300	4.0	4000	""osoba3""
""osoba4""		1392.6001	1392600	1410.9	1410900	19.299927	19299	""osoba4""
""osoba1""		1393.5	1393500	1394.4	1394400	1.9000244	1900	""osoba1""
""osoba3""		1394.1001	1394100	1395.3	1395300	2.1999512	2199	""osoba3""
""osoba4""		1396.2001	1396200	1410.9	1410900	15.699951	15699	""osoba4""
""osoba4""		1398.0	1398000	1410.9	1410900	13.900024	13900	""osoba4""
""osoba4""		1399.8	1399800	1410.9	1410900	12.099976	12099	""osoba4""
""osoba4""		1400.4	1400400	1410.9	1410900	11.5	11500	""osoba4""
""osoba4""		1401.6001	1401600	1410.9	1410900	10.299927	10299	""osoba4""
""osoba4""		1402.8	1402800	1410.9	1410900	9.099976	9099	""osoba4""
""osoba4""		1407.3	1407300	1410.9	1410900	4.5999756	4599	""osoba4""
""osoba4""		1407.9	1407900	1410.9	1410900	4.0	4000	""osoba4""
""osoba4""		1409.1001	1409100	1410.9	1410900	2.7999268	2799	""osoba4""
""osoba3""		1409.4	1409400	1411.5	1411500	3.0999756	3099	""osoba3""
""osoba3""		1411.2001	1411200	1411.5	1411500	1.2999268	1299	""osoba3""
""osoba2""		1411.8	1411800	1413.9	1413900	3.0999756	3099	""osoba2""
""osoba3""		1419.0	1419000	1450.5	1450500	32.5	32500	""osoba3""
""osoba3""		1422.3	1422300	1450.5	1450500	29.199951	29199	""osoba3""
""osoba3""		1424.4	1424400	1450.5	1450500	27.099976	27099	""osoba3""
""osoba3""		1425.9	1425900	1450.5	1450500	25.599976	25599	""osoba3""
""osoba3""		1426.5	1426500	1450.5	1450500	25.0	25000	""osoba3""
""osoba4""		1426.8	1426800	1428.9	1428900	3.0999756	3099	""osoba4""
""osoba2""		1429.2001	1429200	1429.8	1429800	1.5999756	1599	""osoba2""
""osoba3""		1429.2001	1429200	1450.5	1450500	22.299927	22299	""osoba3""
""osoba4""		1432.5	1432500	1436.7001	1436700	5.2000732	5200	""osoba4""
""osoba3""		1433.4	1433400	1450.5	1450500	18.099976	18099	""osoba3""
""osoba3""		1438.8	1438800	1450.5	1450500	12.699951	12699	""osoba3""
""osoba3""		1439.4	1439400	1450.5	1450500	12.099976	12099	""osoba3""
""osoba2""		1444.5	1444500	1444.5	1444500	1.0	1000	""osoba2""
""osoba3""		1445.1001	1445100	1450.5	1450500	6.3999023	6399	""osoba3""
""osoba3""		1447.2001	1447200	1450.5	1450500	4.2999268	4299	""osoba3""
""osoba3""		1449.0	1449000	1450.5	1450500	2.5	2500	""osoba3""
""osoba2""		1449.9	1449900	1450.5	1450500	1.5999756	1599	""osoba2""
""osoba4""		1450.8	1450800	1455.0	1455000	5.199951	5199	""osoba4""
""osoba4""		1452.9	1452900	1455.0	1455000	3.0999756	3099	""osoba4""
""osoba4""		1454.7001	1454700	1455.0	1455000	1.2999268	1299	""osoba4""
""osoba2""		1455.3	1455300	1457.4	1457400	3.0999756	3099	""osoba2""
""osoba3""		1456.8	1456800	1473.0	1473000	17.199951	17199	""osoba3""
""osoba3""		1458.9	1458900	1473.0	1473000	15.099976	15099	""osoba3""
""osoba2""		1459.8	1459800	1459.8	1459800	1.0	1000	""osoba2""
""osoba3""		1463.1001	1463100	1473.0	1473000	10.899902	10899	""osoba3""
""osoba4""		1465.2001	1465200	1465.5	1465500	1.2999268	1299	""osoba4""
""osoba3""		1468.5	1468500	1473.0	1473000	5.5	5500	""osoba3""
""osoba3""		1470.0	1470000	1473.0	1473000	4.0	4000	""osoba3""
""osoba3""		1472.4	1472400	1473.0	1473000	1.5999756	1599	""osoba3""
""osoba4""		1473.0	1473000	1479.0	1479000	7.0	7000	""osoba4""
""osoba4""		1476.3	1476300	1479.0	1479000	3.6999512	3699	""osoba4""
""osoba3""		1478.1001	1478100	1494.6001	1494600	17.5	17500	""osoba3""
""osoba3""		1480.8	1480800	1494.6001	1494600	14.800049	14800	""osoba3""
""osoba3""		1481.7001	1481700	1494.6001	1494600	13.900024	13900	""osoba3""
""osoba3""		1483.8	1483800	1494.6001	1494600	11.800049	11800	""osoba3""
""osoba1""		1484.1001	1484100	1485.0	1485000	1.8999023	1899	""osoba1""
""osoba4""		1484.1001	1484100	1484.1001	1484100	1.0	1000	""osoba4""
""osoba3""		1487.4	1487400	1494.6001	1494600	8.200073	8200	""osoba3""
""osoba3""		1488.3	1488300	1494.6001	1494600	7.300049	7300	""osoba3""
""osoba3""		1490.1001	1490100	1494.6001	1494600	5.5	5500	""osoba3""
""osoba1""		1492.2001	1492200	1492.2001	1492200	1.0	1000	""osoba1""
""osoba3""		1493.7001	1493700	1494.6001	1494600	1.9000244	1900	""osoba3""
""osoba4""		1493.7001	1493700	1510.2001	1510200	17.5	17500	""osoba4""
""osoba4""		1496.4	1496400	1510.2001	1510200	14.800049	14800	""osoba4""
""osoba4""		1499.1001	1499100	1510.2001	1510200	12.099976	12099	""osoba4""
""osoba4""		1500.6001	1500600	1510.2001	1510200	10.599976	10599	""osoba4""
""osoba3""		1501.5	1501500	1503.9	1503900	3.4000244	3400	""osoba3""
""osoba4""		1507.2001	1507200	1510.2001	1510200	4.0	4000	""osoba4""
""osoba1""		1507.8	1507800	1509.3	1509300	2.5	2500	""osoba1""
""osoba4""		1507.8	1507800	1510.2001	1510200	3.4000244	3400	""osoba4""
""osoba4""		1509.3	1509300	1510.2001	1510200	1.9000244	1900	""osoba4""
""osoba3""		1510.5	1510500	1534.5	1534500	25.0	25000	""osoba3""
""osoba3""		1512.0	1512000	1534.5	1534500	23.5	23500	""osoba3""
""osoba3""		1512.9	1512900	1534.5	1534500	22.599976	22599	""osoba3""
""osoba3""		1515.0	1515000	1534.5	1534500	20.5	20500	""osoba3""
""osoba3""		1518.0	1518000	1534.5	1534500	17.5	17500	""osoba3""
""osoba3""		1521.3	1521300	1534.5	1534500	14.199951	14199	""osoba3""
""osoba3""		1524.9	1524900	1534.5	1534500	10.599976	10599	""osoba3""
""osoba3""		1528.5	1528500	1534.5	1534500	7.0	7000	""osoba3""
""osoba3""		1532.4	1532400	1534.5	1534500	3.0999756	3099	""osoba3""
""osoba2""		1533.0	1533000	1534.5	1534500	2.5	2500	""osoba2""
""osoba3""		1533.9	1533900	1534.5	1534500	1.5999756	1599	""osoba3""
""osoba3""		1536.9	1536900	1540.5001	1540500	4.6000977	4600	""osoba3""
""osoba2""		1539.0001	1539000	1540.8	1540800	2.7999268	2799	""osoba2""
""osoba4""		1548.3	1548300	1567.8	1567800	20.5	20500	""osoba4""
""osoba4""		1550.4	1550400	1567.8	1567800	18.400024	18400	""osoba4""
""osoba2""		1551.0001	1551000	1551.6001	1551600	1.5999756	1599	""osoba2""
""osoba4""		1552.8	1552800	1567.8	1567800	16.0	16000	""osoba4""
""osoba4""		1554.3	1554300	1567.8	1567800	14.5	14500	""osoba4""
""osoba4""		1557.0001	1557000	1567.8	1567800	11.799927	11799	""osoba4""
""osoba4""		1561.8	1561800	1567.8	1567800	7.0	7000	""osoba4""
""osoba3""		1564.2001	1564200	1590.0001	1590000	26.800049	26800	""osoba3""
""osoba4""		1564.2001	1564200	1567.8	1567800	4.5999756	4599	""osoba4""
""osoba2""		1565.4	1565400	1565.7001	1565700	1.3000488	1300	""osoba2""
""osoba3""		1565.4	1565400	1590.0001	1590000	25.600098	25600	""osoba3""
""osoba4""		1565.4	1565400	1567.8	1567800	3.4000244	3400	""osoba4""
""osoba2""		1568.7001	1568700	1570.8	1570800	3.0999756	3099	""osoba2""
""osoba3""		1569.0001	1569000	1590.0001	1590000	22.0	22000	""osoba3""
""osoba3""		1571.1001	1571100	1590.0001	1590000	19.900024	19900	""osoba3""
""osoba1""		1571.7001	1571700	1571.7001	1571700	1.0	1000	""osoba1""
""osoba3""		1575.6001	1575600	1590.0001	1590000	15.400024	15400	""osoba3""
""osoba3""		1576.8	1576800	1590.0001	1590000	14.200073	14200	""osoba3""
""osoba3""		1579.2001	1579200	1590.0001	1590000	11.800049	11800	""osoba3""
""osoba3""		1580.1001	1580100	1590.0001	1590000	10.900024	10900	""osoba3""
""osoba1""		1581.0001	1581000	1583.7001	1583700	3.6999512	3699	""osoba1""
""osoba4""		1582.2001	1582200	1582.8	1582800	1.5999756	1599	""osoba4""
""osoba3""		1584.6001	1584600	1590.0001	1590000	6.4000244	6400	""osoba3""
""osoba3""		1585.8	1585800	1590.0001	1590000	5.2000732	5200	""osoba3""
""osoba3""		1588.5001	1588500	1590.0001	1590000	2.5	2500	""osoba3""
""osoba2""		1590.3	1590300	1592.4	1592400	3.0999756	3099	""osoba2""
""osoba3""		1598.4	1598400	1599.9	1599900	2.5	2500	""osoba3""
""osoba3""		1599.3	1599300	1599.9	1599900	1.5999756	1599	""osoba3""
""osoba4""		1599.9	1599900	1603.2001	1603200	4.300049	4300	""osoba4""
""osoba3""		1602.0001	1602000	1604.4	1604400	3.3999023	3399	""osoba3""
""osoba1""		1604.1001	1604100	1606.8	1606800	3.6999512	3699	""osoba1""
""osoba2""		1605.6001	1605600	1605.9	1605900	1.2999268	1299	""osoba2""
""osoba3""		1614.9	1614900	1620.3	1620300	6.4000244	6400	""osoba3""
""osoba3""		1617.0001	1617000	1620.3	1620300	4.2999268	4299	""osoba3""
""osoba1""		1617.9	1617900	1620.3	1620300	3.4000244	3400	""osoba1""
""osoba2""		1619.7001	1619700	1620.3	1620300	1.5999756	1599	""osoba2""
