"default"		0.0	0	1.0	1000	1.0	1000	BEGIN
"default"		1620.3	1620300	1620.31	1621300	1.0	1000	END
""osoba4""		7.8	7800	19.2	19200	12.400001	12400	""osoba4""
""osoba4""		8.400001	8400	19.2	19200	11.8	11800	""osoba4""
""osoba4""		9.0	9000	19.2	19200	11.200001	11200	""osoba4""
""osoba4""		12.0	12000	19.2	19200	8.200001	8200	""osoba4""
""osoba4""		12.6	12600	19.2	19200	7.6000004	7600	""osoba4""
""osoba3""		15.3	15300	15.3	15300	1.0	1000	""osoba3""
""osoba3""		17.400002	17400	25.800001	25800	9.4	9400	""osoba3""
""osoba3""		21.0	21000	25.800001	25800	5.800001	5800	""osoba3""
""osoba3""		21.6	21600	25.800001	25800	5.200001	5200	""osoba3""
""osoba3""		22.5	22500	25.800001	25800	4.300001	4300	""osoba3""
""osoba4""		24.0	24000	31.2	31200	8.200001	8200	""osoba4""
""osoba4""		27.000002	27000	31.2	31200	5.199999	5199	""osoba4""
""osoba1""		27.900002	27900	28.500002	28500	1.6000004	1600	""osoba1""
""osoba3""		30.900002	30900	32.7	32700	2.7999992	2799	""osoba3""
""osoba3""		32.7	32700	32.7	32700	1.0	1000	""osoba3""
""osoba1""		33.300003	33300	34.5	34500	2.199997	2199	""osoba1""
""osoba3""		38.4	38400	59.7	59700	22.3	22300	""osoba3""
""osoba3""		39.300003	39300	59.7	59700	21.399998	21399	""osoba3""
""osoba3""		39.9	39900	59.7	59700	20.8	20800	""osoba3""
""osoba3""		42.600002	42600	59.7	59700	18.099998	18099	""osoba3""
""osoba3""		43.2	43200	59.7	59700	17.5	17500	""osoba3""
""osoba3""		44.7	44700	59.7	59700	16.0	16000	""osoba3""
""osoba3""		45.600002	45600	59.7	59700	15.099998	15099	""osoba3""
""osoba4""		47.100002	47100	48.0	48000	1.8999977	1899	""osoba4""
""osoba3""		47.4	47400	59.7	59700	13.299999	13299	""osoba3""
""osoba2""		47.7	47700	48.0	48000	1.2999992	1299	""osoba2""
""osoba1""		52.500004	52500	54.300003	54300	2.7999992	2799	""osoba1""
""osoba3""		53.7	53700	59.7	59700	7.0	7000	""osoba3""
""osoba3""		54.600002	54600	59.7	59700	6.0999985	6099	""osoba3""
""osoba3""		56.7	56700	59.7	59700	4.0	4000	""osoba3""
""osoba3""		58.2	58200	59.7	59700	2.5	2500	""osoba3""
""osoba4""		60.000004	60000	82.5	82500	23.499996	23499	""osoba4""
""osoba4""		61.2	61200	82.5	82500	22.3	22300	""osoba4""
""osoba3""		61.800003	61800	61.800003	61800	1.0	1000	""osoba3""
""osoba2""		64.8	64800	64.8	64800	1.0	1000	""osoba2""
""osoba4""		66.0	66000	82.5	82500	17.5	17500	""osoba4""
""osoba4""		72.9	72900	82.5	82500	10.599998	10599	""osoba4""
""osoba4""		73.5	73500	82.5	82500	10.0	10000	""osoba4""
""osoba4""		75.3	75300	82.5	82500	8.199997	8199	""osoba4""
""osoba4""		75.9	75900	82.5	82500	7.5999985	7599	""osoba4""
""osoba4""		78.3	78300	82.5	82500	5.199997	5199	""osoba4""
""osoba3""		79.5	79500	91.200005	91200	12.700005	12700	""osoba3""
""osoba3""		81.0	81000	91.200005	91200	11.200005	11200	""osoba3""
""osoba3""		81.600006	81600	91.200005	91200	10.599998	10599	""osoba3""
""osoba4""		81.600006	81600	82.5	82500	1.8999939	1899	""osoba4""
""osoba3""		84.9	84900	91.200005	91200	7.300003	7300	""osoba3""
""osoba3""		86.100006	86100	91.200005	91200	6.0999985	6099	""osoba3""
""osoba3""		87.3	87300	91.200005	91200	4.9000015	4900	""osoba3""
""osoba3""		88.200005	88200	91.200005	91200	4.0	4000	""osoba3""
""osoba3""		89.4	89400	91.200005	91200	2.800003	2800	""osoba3""
""osoba3""		90.9	90900	91.200005	91200	1.300003	1300	""osoba3""
""osoba4""		91.200005	91200	109.50001	109500	19.300003	19300	""osoba4""
""osoba4""		92.4	92400	109.50001	109500	18.100006	18100	""osoba4""
""osoba4""		93.3	93300	109.50001	109500	17.200005	17200	""osoba4""
""osoba3""		95.4	95400	99.3	99300	4.9000015	4900	""osoba3""
""osoba4""		96.0	96000	109.50001	109500	14.500008	14500	""osoba4""
""osoba4""		100.8	100800	109.50001	109500	9.700005	9700	""osoba4""
""osoba4""		102.3	102300	109.50001	109500	8.200005	8200	""osoba4""
""osoba3""		103.50001	103500	107.4	107400	4.899994	4899	""osoba3""
""osoba4""		104.4	104400	109.50001	109500	6.100006	6100	""osoba4""
""osoba3""		105.00001	105000	107.4	107400	3.399994	3399	""osoba3""
""osoba3""		107.100006	107100	107.4	107400	1.2999954	1299	""osoba3""
""osoba4""		108.3	108300	109.50001	109500	2.2000046	2200	""osoba4""
""osoba4""		109.50001	109500	109.50001	109500	1.0	1000	""osoba4""
""osoba3""		109.8	109800	127.200005	127200	18.400002	18400	""osoba3""
""osoba3""		110.4	110400	127.200005	127200	17.800003	17800	""osoba3""
""osoba3""		111.00001	111000	127.200005	127200	17.199997	17199	""osoba3""
""osoba1""		112.50001	112500	112.50001	112500	1.0	1000	""osoba1""
""osoba3""		114.9	114900	127.200005	127200	13.300003	13300	""osoba3""
""osoba3""		116.4	116400	127.200005	127200	11.800003	11800	""osoba3""
""osoba3""		119.4	119400	127.200005	127200	8.800003	8800	""osoba3""
""osoba3""		121.200005	121200	127.200005	127200	7.0	7000	""osoba3""
""osoba3""		123.9	123900	127.200005	127200	4.300003	4300	""osoba3""
""osoba3""		124.8	124800	127.200005	127200	3.4000015	3400	""osoba3""
""osoba3""		125.700005	125700	127.200005	127200	2.5	2500	""osoba3""
""osoba3""		126.3	126300	127.200005	127200	1.9000015	1900	""osoba3""
""osoba4""		126.3	126300	127.200005	127200	1.9000015	1900	""osoba4""
""osoba1""		126.9	126900	127.200005	127200	1.300003	1300	""osoba1""
""osoba3""		130.5	130500	139.8	139800	10.300003	10300	""osoba3""
""osoba3""		131.70001	131700	139.8	139800	9.099991	9099	""osoba3""
""osoba4""		131.70001	131700	132.0	132000	1.2999878	1299	""osoba4""
""osoba2""		132.3	132300	132.6	132600	1.300003	1300	""osoba2""
""osoba3""		135.3	135300	139.8	139800	5.5	5500	""osoba3""
""osoba3""		136.8	136800	139.8	139800	4.0	4000	""osoba3""
""osoba4""		137.40001	137400	150.0	150000	13.599991	13599	""osoba4""
""osoba3""		138.3	138300	139.8	139800	2.5	2500	""osoba3""
""osoba4""		139.20001	139200	150.0	150000	11.799988	11799	""osoba4""
""osoba4""		143.1	143100	150.0	150000	7.899994	7899	""osoba4""
""osoba4""		144.3	144300	150.0	150000	6.699997	6699	""osoba4""
""osoba4""		144.90001	144900	150.0	150000	6.099991	6099	""osoba4""
""osoba4""		150.0	150000	150.0	150000	1.0	1000	""osoba4""
""osoba1""		150.3	150300	153.0	153000	3.699997	3699	""osoba1""
""osoba4""		157.8	157800	177.0	177000	20.199997	20199	""osoba4""
""osoba4""		160.5	160500	177.0	177000	17.5	17500	""osoba4""
""osoba4""		162.0	162000	177.0	177000	16.0	16000	""osoba4""
""osoba4""		162.6	162600	177.0	177000	15.399994	15399	""osoba4""
""osoba4""		163.5	163500	177.0	177000	14.5	14500	""osoba4""
""osoba4""		164.70001	164700	177.0	177000	13.299988	13299	""osoba4""
""osoba4""		166.5	166500	177.0	177000	11.5	11500	""osoba4""
""osoba4""		167.70001	167700	177.0	177000	10.299988	10299	""osoba4""
""osoba1""		168.0	168000	168.0	168000	1.0	1000	""osoba1""
""osoba4""		174.3	174300	177.0	177000	3.699997	3699	""osoba4""
""osoba1""		174.6	174600	174.90001	174900	1.300003	1300	""osoba1""
""osoba3""		175.5	175500	180.6	180600	6.100006	6100	""osoba3""
""osoba3""		176.40001	176400	180.6	180600	5.199997	5199	""osoba3""
""osoba3""		177.6	177600	180.6	180600	4.0	4000	""osoba3""
""osoba4""		179.70001	179700	183.0	183000	4.299988	4299	""osoba4""
""osoba4""		182.1	182100	183.0	183000	1.8999939	1899	""osoba4""
""osoba1""		183.3	183300	187.20001	187200	4.900009	4900	""osoba1""
""osoba3""		185.1	185100	196.8	196800	12.699997	12699	""osoba3""
""osoba2""		191.40001	191400	192.3	192300	1.8999939	1899	""osoba2""
""osoba3""		193.20001	193200	196.8	196800	4.599991	4599	""osoba3""
""osoba3""		193.8	193800	196.8	196800	4.0	4000	""osoba3""
""osoba3""		195.00002	195000	196.8	196800	2.7999878	2799	""osoba3""
""osoba4""		195.90001	195900	207.90001	207900	13.0	13000	""osoba4""
""osoba3""		196.50002	196500	196.8	196800	1.2999878	1299	""osoba3""
""osoba2""		199.20001	199200	199.50002	199500	1.300003	1300	""osoba2""
""osoba4""		199.20001	199200	207.90001	207900	9.699997	9699	""osoba4""
""osoba4""		200.70001	200700	207.90001	207900	8.199997	8199	""osoba4""
""osoba4""		201.6	201600	207.90001	207900	7.300003	7300	""osoba4""
""osoba4""		202.20001	202200	207.90001	207900	6.699997	6699	""osoba4""
""osoba4""		204.3	204300	207.90001	207900	4.600006	4600	""osoba4""
""osoba4""		204.90001	204900	207.90001	207900	4.0	4000	""osoba4""
""osoba3""		208.50002	208500	228.00002	228000	20.5	20500	""osoba3""
""osoba3""		210.3	210300	228.00002	228000	18.700012	18700	""osoba3""
""osoba4""		210.6	210600	219.00002	219000	9.400009	9400	""osoba4""
""osoba3""		210.90001	210900	228.00002	228000	18.100006	18100	""osoba3""
""osoba3""		211.50002	211500	228.00002	228000	17.5	17500	""osoba3""
""osoba3""		213.90001	213900	228.00002	228000	15.100006	15100	""osoba3""
""osoba3""		215.1	215100	228.00002	228000	13.900009	13900	""osoba3""
""osoba4""		216.00002	216000	219.00002	219000	4.0	4000	""osoba4""
""osoba3""		216.90001	216900	228.00002	228000	12.100006	12100	""osoba3""
""osoba4""		217.50002	217500	219.00002	219000	2.5	2500	""osoba4""
""osoba2""		223.20001	223200	223.20001	223200	1.0	1000	""osoba2""
""osoba3""		223.20001	223200	228.00002	228000	5.800003	5800	""osoba3""
""osoba1""		225.3	225300	225.3	225300	1.0	1000	""osoba1""
""osoba4""		227.40001	227400	235.20001	235200	8.800003	8800	""osoba4""
""osoba4""		228.3	228300	235.20001	235200	7.900009	7900	""osoba4""
""osoba2""		229.20001	229200	230.40001	230400	2.199997	2199	""osoba2""
""osoba4""		229.20001	229200	235.20001	235200	7.0	7000	""osoba4""
""osoba4""		232.8	232800	235.20001	235200	3.4000092	3400	""osoba4""
""osoba3""		235.50002	235500	247.8	247800	13.299988	13299	""osoba3""
""osoba3""		237.00002	237000	247.8	247800	11.799988	11799	""osoba3""
""osoba3""		237.6	237600	247.8	247800	11.199997	11199	""osoba3""
""osoba3""		238.20001	238200	247.8	247800	10.599991	10599	""osoba3""
""osoba3""		242.70001	242700	247.8	247800	6.099991	6099	""osoba3""
""osoba3""		244.20001	244200	247.8	247800	4.599991	4599	""osoba3""
""osoba3""		246.3	246300	247.8	247800	2.5	2500	""osoba3""
""osoba1""		247.50002	247500	248.1	248100	1.5999908	1599	""osoba1""
""osoba3""		247.50002	247500	247.8	247800	1.2999878	1299	""osoba3""
""osoba2""		249.00002	249000	250.50002	250500	2.5	2500	""osoba2""
""osoba2""		250.50002	250500	250.50002	250500	1.0	1000	""osoba2""
""osoba3""		250.50002	250500	260.7	260700	11.199997	11199	""osoba3""
""osoba3""		252.00002	252000	260.7	260700	9.699997	9699	""osoba3""
""osoba3""		254.1	254100	260.7	260700	7.600006	7600	""osoba3""
""osoba2""		254.40001	254400	254.40001	254400	1.0	1000	""osoba2""
""osoba3""		255.6	255600	260.7	260700	6.100006	6100	""osoba3""
""osoba3""		258.30002	258300	260.7	260700	3.399994	3399	""osoba3""
""osoba3""		259.5	259500	260.7	260700	2.2000122	2200	""osoba3""
""osoba3""		260.1	260100	260.7	260700	1.6000061	1600	""osoba3""
""osoba2""		260.40002	260400	261.0	261000	1.5999756	1599	""osoba2""
""osoba3""		264.90002	264900	288.6	288600	24.699982	24699	""osoba3""
""osoba3""		266.7	266700	288.6	288600	22.899994	22899	""osoba3""
""osoba3""		268.2	268200	288.6	288600	21.399994	21399	""osoba3""
""osoba3""		274.5	274500	288.6	288600	15.100006	15100	""osoba3""
""osoba3""		277.80002	277800	288.6	288600	11.799988	11799	""osoba3""
""osoba3""		278.7	278700	288.6	288600	10.899994	10899	""osoba3""
""osoba3""		279.6	279600	288.6	288600	10.0	10000	""osoba3""
""osoba3""		282.0	282000	288.6	288600	7.600006	7600	""osoba3""
""osoba3""		285.30002	285300	288.6	288600	4.299988	4299	""osoba3""
""osoba3""		286.2	286200	288.6	288600	3.399994	3399	""osoba3""
""osoba1""		286.80002	286800	290.7	290700	4.899994	4899	""osoba1""
""osoba3""		288.0	288000	288.6	288600	1.6000061	1600	""osoba3""
""osoba3""		292.2	292200	303.6	303600	12.399994	12399	""osoba3""
""osoba3""		293.40002	293400	303.6	303600	11.199982	11199	""osoba3""
""osoba3""		296.1	296100	303.6	303600	8.5	8500	""osoba3""
""osoba3""		297.90002	297900	303.6	303600	6.6999817	6699	""osoba3""
""osoba3""		298.5	298500	303.6	303600	6.100006	6100	""osoba3""
""osoba3""		301.2	301200	303.6	303600	3.399994	3399	""osoba3""
""osoba4""		301.80002	301800	326.7	326700	25.899994	25899	""osoba4""
""osoba4""		306.0	306000	326.7	326700	21.700012	21700	""osoba4""
""osoba1""		306.6	306600	306.90002	306900	1.3000183	1300	""osoba1""
""osoba4""		308.1	308100	326.7	326700	19.600006	19600	""osoba4""
""osoba3""		309.30002	309300	309.6	309600	1.2999878	1299	""osoba3""
""osoba4""		309.90002	309900	326.7	326700	17.799988	17799	""osoba4""
""osoba4""		314.40002	314400	326.7	326700	13.299988	13299	""osoba4""
""osoba4""		318.90002	318900	326.7	326700	8.799988	8799	""osoba4""
""osoba4""		319.80002	319800	326.7	326700	7.899994	7899	""osoba4""
""osoba3""		321.90002	321900	322.5	322500	1.5999756	1599	""osoba3""
""osoba4""		324.90002	324900	326.7	326700	2.7999878	2799	""osoba4""
""osoba3""		326.40002	326400	336.0	336000	10.599976	10599	""osoba3""
""osoba3""		328.80002	328800	336.0	336000	8.199982	8199	""osoba3""
""osoba2""		332.40002	332400	333.6	333600	2.1999817	2199	""osoba2""
""osoba3""		332.40002	332400	336.0	336000	4.5999756	4599	""osoba3""
""osoba3""		333.6	333600	336.0	336000	3.399994	3399	""osoba3""
""osoba4""		336.30002	336300	343.5	343500	8.199982	8199	""osoba4""
""osoba4""		338.40002	338400	343.5	343500	6.0999756	6099	""osoba4""
""osoba4""		339.90002	339900	343.5	343500	4.5999756	4599	""osoba4""
""osoba4""		341.7	341700	343.5	343500	2.7999878	2799	""osoba4""
""osoba3""		343.5	343500	361.80002	361800	19.300018	19300	""osoba3""
""osoba3""		345.0	345000	361.80002	361800	17.800018	17800	""osoba3""
""osoba3""		349.5	349500	361.80002	361800	13.300018	13300	""osoba3""
""osoba3""		350.40002	350400	361.80002	361800	12.399994	12399	""osoba3""
""osoba3""		355.5	355500	361.80002	361800	7.3000183	7300	""osoba3""
""osoba3""		357.90002	357900	361.80002	361800	4.899994	4899	""osoba3""
""osoba3""		358.80002	358800	361.80002	361800	4.0	4000	""osoba3""
""osoba3""		361.5	361500	361.80002	361800	1.3000183	1300	""osoba3""
""osoba4""		362.1	362100	366.6	366600	5.5	5500	""osoba4""
""osoba4""		366.0	366000	366.6	366600	1.6000061	1600	""osoba4""
""osoba4""		366.6	366600	366.6	366600	1.0	1000	""osoba4""
""osoba3""		366.90002	366900	369.30002	369300	3.399994	3399	""osoba3""
""osoba1""		368.40002	368400	368.7	368700	1.2999878	1299	""osoba1""
""osoba4""		368.7	368700	381.0	381000	13.299988	13299	""osoba4""
""osoba4""		371.1	371100	381.0	381000	10.899994	10899	""osoba4""
""osoba3""		371.40002	371400	375.6	375600	5.1999817	5199	""osoba3""
""osoba4""		374.1	374100	381.0	381000	7.899994	7899	""osoba4""
""osoba4""		375.0	375000	381.0	381000	7.0	7000	""osoba4""
""osoba4""		377.1	377100	381.0	381000	4.899994	4899	""osoba4""
""osoba3""		379.5	379500	390.90002	390900	12.400024	12400	""osoba3""
""osoba3""		381.6	381600	390.90002	390900	10.300018	10300	""osoba3""
""osoba3""		382.5	382500	390.90002	390900	9.400024	9400	""osoba3""
""osoba2""		384.6	384600	385.80002	385800	2.2000122	2200	""osoba2""
""osoba4""		387.6	387600	392.7	392700	6.100006	6100	""osoba4""
""osoba4""		388.80002	388800	392.7	392700	4.899994	4899	""osoba4""
""osoba3""		389.1	389100	390.90002	390900	2.8000183	2800	""osoba3""
""osoba3""		390.30002	390300	390.90002	390900	1.6000061	1600	""osoba3""
""osoba4""		390.6	390600	392.7	392700	3.100006	3100	""osoba4""
""osoba2""		390.90002	390900	393.90002	393900	4.0	4000	""osoba2""
""osoba2""		392.1	392100	393.90002	393900	2.8000183	2800	""osoba2""
""osoba4""		398.1	398100	402.90002	402900	5.8000183	5800	""osoba4""
""osoba4""		399.30002	399300	402.90002	402900	4.600006	4600	""osoba4""
""osoba4""		402.30002	402300	402.90002	402900	1.6000061	1600	""osoba4""
""osoba3""		402.6	402600	406.50003	406500	4.9000244	4900	""osoba3""
""osoba2""		403.50003	403500	406.80002	406800	4.299988	4299	""osoba2""
""osoba3""		405.00003	405000	406.50003	406500	2.5	2500	""osoba3""
""osoba4""		407.40002	407400	411.6	411600	5.1999817	5199	""osoba4""
""osoba3""		408.90002	408900	408.90002	408900	1.0	1000	""osoba3""
""osoba4""		408.90002	408900	411.6	411600	3.6999817	3699	""osoba4""
""osoba4""		410.40002	410400	411.6	411600	2.1999817	2199	""osoba4""
""osoba1""		411.00003	411000	411.00003	411000	1.0	1000	""osoba1""
""osoba3""		411.30002	411300	421.50003	421500	11.200012	11200	""osoba3""
""osoba3""		415.80002	415800	421.50003	421500	6.700012	6700	""osoba3""
""osoba3""		416.40002	416400	421.50003	421500	6.100006	6100	""osoba3""
""osoba3""		417.00003	417000	421.50003	421500	5.5	5500	""osoba3""
""osoba4""		417.6	417600	419.1	419100	2.5	2500	""osoba4""
""osoba4""		418.2	418200	419.1	419100	1.8999939	1899	""osoba4""
""osoba3""		419.1	419100	421.50003	421500	3.4000244	3400	""osoba3""
""osoba3""		420.30002	420300	421.50003	421500	2.2000122	2200	""osoba3""
""osoba1""		420.90002	420900	422.7	422700	2.7999878	2799	""osoba1""
""osoba3""		420.90002	420900	421.50003	421500	1.6000061	1600	""osoba3""
""osoba4""		423.6	423600	454.80002	454800	32.200012	32200	""osoba4""
""osoba4""		424.80002	424800	454.80002	454800	31.0	31000	""osoba4""
""osoba4""		425.7	425700	454.80002	454800	30.100006	30100	""osoba4""
""osoba4""		426.90002	426900	454.80002	454800	28.899994	28899	""osoba4""
""osoba4""		430.80002	430800	454.80002	454800	25.0	25000	""osoba4""
""osoba3""		431.7	431700	432.00003	432000	1.3000183	1300	""osoba3""
""osoba4""		434.7	434700	454.80002	454800	21.100006	21100	""osoba4""
""osoba4""		435.6	435600	454.80002	454800	20.200012	20200	""osoba4""
""osoba4""		438.30002	438300	454.80002	454800	17.5	17500	""osoba4""
""osoba4""		438.90002	438900	454.80002	454800	16.899994	16899	""osoba4""
""osoba4""		442.2	442200	454.80002	454800	13.600006	13600	""osoba4""
""osoba1""		442.80002	442800	444.30002	444300	2.5	2500	""osoba1""
""osoba4""		445.2	445200	454.80002	454800	10.600006	10600	""osoba4""
""osoba4""		447.6	447600	454.80002	454800	8.200012	8200	""osoba4""
""osoba4""		448.2	448200	454.80002	454800	7.600006	7600	""osoba4""
""osoba4""		452.40002	452400	454.80002	454800	3.399994	3399	""osoba4""
""osoba3""		453.30002	453300	465.6	465600	13.299988	13299	""osoba3""
""osoba1""		456.30002	456300	456.30002	456300	1.0	1000	""osoba1""
""osoba3""		456.90002	456900	465.6	465600	9.699982	9699	""osoba3""
""osoba3""		460.2	460200	465.6	465600	6.399994	6399	""osoba3""
""osoba3""		463.2	463200	465.6	465600	3.399994	3399	""osoba3""
""osoba3""		465.30002	465300	465.6	465600	1.2999878	1299	""osoba3""
""osoba4""		465.6	465600	498.00003	498000	33.400024	33400	""osoba4""
""osoba4""		466.80002	466800	498.00003	498000	32.200012	32200	""osoba4""
""osoba4""		467.40002	467400	498.00003	498000	31.600006	31600	""osoba4""
""osoba4""		468.00003	468000	498.00003	498000	31.0	31000	""osoba4""
""osoba1""		469.2	469200	471.30002	471300	3.100006	3100	""osoba1""
""osoba4""		469.50003	469500	498.00003	498000	29.5	29500	""osoba4""
""osoba4""		472.80002	472800	498.00003	498000	26.200012	26200	""osoba4""
""osoba4""		475.2	475200	498.00003	498000	23.800018	23800	""osoba4""
""osoba4""		479.7	479700	498.00003	498000	19.300018	19300	""osoba4""
""osoba4""		482.40002	482400	498.00003	498000	16.600006	16600	""osoba4""
""osoba3""		482.7	482700	484.80002	484800	3.100006	3100	""osoba3""
""osoba4""		486.90002	486900	498.00003	498000	12.100006	12100	""osoba4""
""osoba4""		487.50003	487500	498.00003	498000	11.5	11500	""osoba4""
""osoba1""		488.40002	488400	491.40002	491400	4.0	4000	""osoba1""
""osoba4""		489.30002	489300	498.00003	498000	9.700012	9700	""osoba4""
""osoba4""		491.40002	491400	498.00003	498000	7.600006	7600	""osoba4""
""osoba4""		493.80002	493800	498.00003	498000	5.200012	5200	""osoba4""
""osoba4""		494.40002	494400	498.00003	498000	4.600006	4600	""osoba4""
""osoba2""		495.90002	495900	499.80002	499800	4.899994	4899	""osoba2""
""osoba4""		495.90002	495900	498.00003	498000	3.100006	3100	""osoba4""
""osoba4""		498.00003	498000	498.00003	498000	1.0	1000	""osoba4""
""osoba3""		509.7	509700	523.80005	523800	15.100037	15100	""osoba3""
""osoba3""		513.0	513000	523.80005	523800	11.800049	11800	""osoba3""
""osoba3""		515.4	515400	523.80005	523800	9.400024	9400	""osoba3""
""osoba3""		516.9	516900	523.80005	523800	7.9000244	7900	""osoba3""
""osoba3""		522.0	522000	523.80005	523800	2.8000488	2800	""osoba3""
""osoba1""		523.5	523500	527.7	527700	5.200012	5200	""osoba1""
""osoba3""		532.5	532500	544.5	544500	13.0	13000	""osoba3""
""osoba3""		538.5	538500	544.5	544500	7.0	7000	""osoba3""
""osoba3""		539.4	539400	544.5	544500	6.0999756	6099	""osoba3""
""osoba3""		541.5	541500	544.5	544500	4.0	4000	""osoba3""
""osoba4""		543.0	543000	566.7	566700	24.700012	24700	""osoba4""
""osoba4""		547.2	547200	566.7	566700	20.5	20500	""osoba4""
""osoba4""		548.10004	548100	566.7	566700	19.599976	19599	""osoba4""
""osoba4""		551.4	551400	566.7	566700	16.299988	16299	""osoba4""
""osoba4""		552.9	552900	566.7	566700	14.799988	14799	""osoba4""
""osoba2""		553.80005	553800	555.30005	555300	2.5	2500	""osoba2""
""osoba4""		555.9	555900	566.7	566700	11.799988	11799	""osoba4""
""osoba4""		557.10004	557100	566.7	566700	10.599976	10599	""osoba4""
""osoba4""		563.10004	563100	566.7	566700	4.5999756	4599	""osoba4""
""osoba4""		563.7	563700	566.7	566700	4.0	4000	""osoba4""
""osoba1""		565.5	565500	567.0	567000	2.5	2500	""osoba1""
""osoba3""		567.60004	567600	574.80005	574800	8.200012	8200	""osoba3""
""osoba3""		568.80005	568800	574.80005	574800	7.0	7000	""osoba3""
""osoba3""		570.60004	570600	574.80005	574800	5.200012	5200	""osoba3""
""osoba3""		571.5	571500	574.80005	574800	4.300049	4300	""osoba3""
""osoba3""		572.4	572400	574.80005	574800	3.4000244	3400	""osoba3""
""osoba1""		573.0	573000	575.7	575700	3.7000122	3700	""osoba1""
""osoba3""		573.30005	573300	574.80005	574800	2.5	2500	""osoba3""
""osoba1""		574.80005	574800	575.7	575700	1.8999634	1899	""osoba1""
""osoba3""		579.9	579900	584.10004	584100	5.200012	5200	""osoba3""
""osoba2""		581.10004	581100	581.10004	581100	1.0	1000	""osoba2""
""osoba3""		582.0	582000	584.10004	584100	3.1000366	3100	""osoba3""
""osoba1""		584.10004	584100	584.7	584700	1.5999756	1599	""osoba1""
""osoba3""		587.10004	587100	592.80005	592800	6.700012	6700	""osoba3""
""osoba3""		589.5	589500	592.80005	592800	4.300049	4300	""osoba3""
""osoba3""		590.4	590400	592.80005	592800	3.4000244	3400	""osoba3""
""osoba3""		591.30005	591300	592.80005	592800	2.5	2500	""osoba3""
""osoba3""		591.9	591900	592.80005	592800	1.9000244	1900	""osoba3""
""osoba1""		593.10004	593100	593.7	593700	1.5999756	1599	""osoba1""
""osoba3""		597.30005	597300	601.80005	601800	5.5	5500	""osoba3""
""osoba3""		598.2	598200	601.80005	601800	4.6000366	4600	""osoba3""
""osoba3""		598.80005	598800	601.80005	601800	4.0	4000	""osoba3""
""osoba2""		599.4	599400	599.4	599400	1.0	1000	""osoba2""
""osoba3""		599.7	599700	601.80005	601800	3.1000366	3100	""osoba3""
""osoba4""		600.30005	600300	601.2	601200	1.8999634	1899	""osoba4""
""osoba1""		601.2	601200	601.80005	601800	1.6000366	1600	""osoba1""
""osoba3""		601.2	601200	601.80005	601800	1.6000366	1600	""osoba3""
""osoba2""		604.80005	604800	605.10004	605100	1.2999878	1299	""osoba2""
""osoba3""		604.80005	604800	608.7	608700	4.8999634	4899	""osoba3""
""osoba3""		606.60004	606600	608.7	608700	3.0999756	3099	""osoba3""
""osoba2""		607.2	607200	609.0	609000	2.7999878	2799	""osoba2""
""osoba3""		607.2	607200	608.7	608700	2.5	2500	""osoba3""
""osoba3""		613.80005	613800	618.0	618000	5.199951	5199	""osoba3""
""osoba3""		614.7	614700	618.0	618000	4.299988	4299	""osoba3""
""osoba3""		615.30005	615300	618.0	618000	3.6999512	3699	""osoba3""
""osoba3""		616.80005	616800	618.0	618000	2.1999512	2199	""osoba3""
""osoba4""		617.10004	617100	623.7	623700	7.5999756	7599	""osoba4""
""osoba4""		619.5	619500	623.7	623700	5.200012	5200	""osoba4""
""osoba4""		620.10004	620100	623.7	623700	4.5999756	4599	""osoba4""
""osoba4""		621.60004	621600	623.7	623700	3.0999756	3099	""osoba4""
""osoba4""		623.7	623700	623.7	623700	1.0	1000	""osoba4""
""osoba2""		624.0	624000	624.60004	624600	1.6000366	1600	""osoba2""
""osoba3""		624.0	624000	628.5	628500	5.5	5500	""osoba3""
""osoba3""		625.5	625500	628.5	628500	4.0	4000	""osoba3""
""osoba3""		626.10004	626100	628.5	628500	3.3999634	3399	""osoba3""
""osoba4""		627.9	627900	640.2	640200	13.299988	13299	""osoba4""
""osoba4""		635.10004	635100	640.2	640200	6.0999756	6099	""osoba4""
""osoba4""		636.60004	636600	640.2	640200	4.5999756	4599	""osoba4""
""osoba4""		638.4	638400	640.2	640200	2.7999878	2799	""osoba4""
""osoba1""		639.9	639900	640.5	640500	1.5999756	1599	""osoba1""
""osoba4""		643.80005	643800	657.60004	657600	14.799988	14799	""osoba4""
""osoba4""		645.60004	645600	657.60004	657600	13.0	13000	""osoba4""
""osoba4""		648.0	648000	657.60004	657600	10.600037	10600	""osoba4""
""osoba3""		649.2	649200	649.80005	649800	1.6000366	1600	""osoba3""
""osoba2""		651.30005	651300	651.30005	651300	1.0	1000	""osoba2""
""osoba1""		654.9	654900	659.4	659400	5.5	5500	""osoba1""
""osoba4""		655.2	655200	657.60004	657600	3.4000244	3400	""osoba4""
""osoba3""		657.60004	657600	657.60004	657600	1.0	1000	""osoba3""
""osoba2""		658.2	658200	659.7	659700	2.5	2500	""osoba2""
""osoba2""		659.4	659400	659.7	659700	1.2999878	1299	""osoba2""
""osoba3""		662.7	662700	667.2	667200	5.5	5500	""osoba3""
""osoba3""		663.60004	663600	667.2	667200	4.5999756	4599	""osoba3""
""osoba3""		665.10004	665100	667.2	667200	3.0999756	3099	""osoba3""
""osoba4""		665.10004	665100	692.7	692700	28.599976	28599	""osoba4""
""osoba3""		666.60004	666600	667.2	667200	1.5999756	1599	""osoba3""
""osoba2""		667.2	667200	667.5	667500	1.2999878	1299	""osoba2""
""osoba4""		669.0	669000	692.7	692700	24.700012	24700	""osoba4""
""osoba4""		675.0	675000	692.7	692700	18.700012	18700	""osoba4""
""osoba4""		676.5	676500	692.7	692700	17.200012	17200	""osoba4""
""osoba4""		678.30005	678300	692.7	692700	15.399963	15399	""osoba4""
""osoba4""		680.7	680700	692.7	692700	13.0	13000	""osoba4""
""osoba4""		681.60004	681600	692.7	692700	12.099976	12099	""osoba4""
""osoba4""		684.30005	684300	692.7	692700	9.399963	9399	""osoba4""
""osoba4""		689.4	689400	692.7	692700	4.299988	4299	""osoba4""
""osoba4""		690.0	690000	692.7	692700	3.7000122	3700	""osoba4""
""osoba4""		690.9	690900	692.7	692700	2.7999878	2799	""osoba4""
""osoba3""		692.10004	692100	731.10004	731100	40.0	40000	""osoba3""
""osoba2""		692.4	692400	693.30005	693300	1.9000244	1900	""osoba2""
""osoba3""		694.5	694500	731.10004	731100	37.600037	37600	""osoba3""
""osoba1""		695.4	695400	696.30005	696300	1.9000244	1900	""osoba1""
""osoba3""		697.5	697500	731.10004	731100	34.600037	34600	""osoba3""
""osoba3""		698.7	698700	731.10004	731100	33.400024	33400	""osoba3""
""osoba3""		699.30005	699300	731.10004	731100	32.799988	32799	""osoba3""
""osoba3""		700.5	700500	731.10004	731100	31.600037	31600	""osoba3""
""osoba3""		704.10004	704100	731.10004	731100	28.0	28000	""osoba3""
""osoba3""		705.0	705000	731.10004	731100	27.100037	27100	""osoba3""
""osoba4""		705.30005	705300	706.2	706200	1.8999634	1899	""osoba4""
""osoba3""		707.10004	707100	731.10004	731100	25.0	25000	""osoba3""
""osoba2""		708.30005	708300	708.60004	708600	1.2999878	1299	""osoba2""
""osoba3""		708.30005	708300	731.10004	731100	23.799988	23799	""osoba3""
""osoba3""		709.2	709200	731.10004	731100	22.900024	22900	""osoba3""
""osoba3""		713.7	713700	731.10004	731100	18.400024	18400	""osoba3""
""osoba3""		715.80005	715800	731.10004	731100	16.299988	16299	""osoba3""
""osoba3""		716.4	716400	731.10004	731100	15.700012	15700	""osoba3""
""osoba3""		717.60004	717600	731.10004	731100	14.5	14500	""osoba3""
""osoba3""		718.80005	718800	731.10004	731100	13.299988	13299	""osoba3""
""osoba3""		720.60004	720600	731.10004	731100	11.5	11500	""osoba3""
""osoba3""		721.5	721500	731.10004	731100	10.600037	10600	""osoba3""
""osoba3""		722.4	722400	731.10004	731100	9.700012	9700	""osoba3""
""osoba3""		723.0	723000	731.10004	731100	9.100037	9100	""osoba3""
""osoba3""		723.9	723900	731.10004	731100	8.200012	8200	""osoba3""
""osoba1""		724.5	724500	733.80005	733800	10.300049	10300	""osoba1""
""osoba1""		727.80005	727800	733.80005	733800	7.0	7000	""osoba1""
""osoba2""		730.2	730200	730.5	730500	1.2999878	1299	""osoba2""
""osoba3""		734.7	734700	734.7	734700	1.0	1000	""osoba3""
""osoba3""		742.2	742200	747.9	747900	6.700012	6700	""osoba3""
""osoba3""		743.7	743700	747.9	747900	5.200012	5200	""osoba3""
""osoba3""		744.60004	744600	747.9	747900	4.299988	4299	""osoba3""
""osoba3""		746.10004	746100	747.9	747900	2.7999878	2799	""osoba3""
""osoba4""		747.0	747000	748.5	748500	2.5	2500	""osoba4""
""osoba3""		747.9	747900	747.9	747900	1.0	1000	""osoba3""
""osoba2""		748.2	748200	748.5	748500	1.2999878	1299	""osoba2""
""osoba4""		748.2	748200	748.5	748500	1.2999878	1299	""osoba4""
""osoba3""		750.30005	750300	762.30005	762300	13.0	13000	""osoba3""
""osoba3""		752.10004	752100	762.30005	762300	11.200012	11200	""osoba3""
""osoba3""		752.7	752700	762.30005	762300	10.600037	10600	""osoba3""
""osoba3""		753.60004	753600	762.30005	762300	9.700012	9700	""osoba3""
""osoba1""		754.80005	754800	754.80005	754800	1.0	1000	""osoba1""
""osoba3""		755.4	755400	762.30005	762300	7.9000244	7900	""osoba3""
""osoba3""		756.0	756000	762.30005	762300	7.300049	7300	""osoba3""
""osoba3""		757.2	757200	762.30005	762300	6.1000366	6100	""osoba3""
""osoba4""		757.80005	757800	779.4	779400	22.599976	22599	""osoba4""
""osoba4""		758.4	758400	779.4	779400	22.0	22000	""osoba4""
""osoba3""		759.30005	759300	762.30005	762300	4.0	4000	""osoba3""
""osoba4""		760.80005	760800	779.4	779400	19.599976	19599	""osoba4""
""osoba3""		762.0	762000	762.30005	762300	1.3000488	1300	""osoba3""
""osoba4""		763.2	763200	779.4	779400	17.200012	17200	""osoba4""
""osoba4""		764.4	764400	779.4	779400	16.0	16000	""osoba4""
""osoba4""		765.0	765000	779.4	779400	15.400024	15400	""osoba4""
""osoba4""		765.9	765900	779.4	779400	14.5	14500	""osoba4""
""osoba1""		766.5	766500	766.80005	766800	1.3000488	1300	""osoba1""
""osoba4""		768.0	768000	779.4	779400	12.400024	12400	""osoba4""
""osoba4""		769.80005	769800	779.4	779400	10.599976	10599	""osoba4""
""osoba4""		775.80005	775800	779.4	779400	4.5999756	4599	""osoba4""
""osoba4""		777.30005	777300	779.4	779400	3.0999756	3099	""osoba4""
""osoba1""		778.80005	778800	780.30005	780300	2.5	2500	""osoba1""
""osoba4""		779.10004	779100	779.4	779400	1.2999878	1299	""osoba4""
""osoba4""		785.10004	785100	828.9	828900	44.799988	44799	""osoba4""
""osoba4""		787.80005	787800	828.9	828900	42.099976	42099	""osoba4""
""osoba4""		788.7	788700	828.9	828900	41.200012	41200	""osoba4""
""osoba4""		789.30005	789300	828.9	828900	40.599976	40599	""osoba4""
""osoba3""		792.9	792900	795.30005	795300	3.4000244	3400	""osoba3""
""osoba4""		792.9	792900	828.9	828900	37.0	37000	""osoba4""
""osoba4""		798.30005	798300	828.9	828900	31.599976	31599	""osoba4""
""osoba4""		800.4	800400	828.9	828900	29.5	29500	""osoba4""
""osoba4""		801.60004	801600	828.9	828900	28.299988	28299	""osoba4""
""osoba4""		803.7	803700	828.9	828900	26.200012	26200	""osoba4""
""osoba4""		805.50006	805500	828.9	828900	24.399963	24399	""osoba4""
""osoba4""		807.9	807900	828.9	828900	22.0	22000	""osoba4""
""osoba4""		810.00006	810000	828.9	828900	19.899963	19899	""osoba4""
""osoba4""		813.30005	813300	828.9	828900	16.599976	16599	""osoba4""
""osoba4""		814.80005	814800	828.9	828900	15.099976	15099	""osoba4""
""osoba4""		815.4	815400	828.9	828900	14.5	14500	""osoba4""
""osoba4""		816.60004	816600	828.9	828900	13.299988	13299	""osoba4""
""osoba3""		821.4	821400	822.00006	822000	1.6000366	1600	""osoba3""
""osoba2""		822.60004	822600	825.00006	825000	3.4000244	3400	""osoba2""
""osoba4""		825.9	825900	828.9	828900	4.0	4000	""osoba4""
""osoba3""		827.10004	827100	827.4	827400	1.2999878	1299	""osoba3""
""osoba4""		828.30005	828300	828.9	828900	1.5999756	1599	""osoba4""
""osoba1""		828.9	828900	829.80005	829800	1.9000244	1900	""osoba1""
""osoba4""		833.7	833700	857.10004	857100	24.400024	24400	""osoba4""
""osoba4""		838.80005	838800	857.10004	857100	19.299988	19299	""osoba4""
""osoba4""		839.4	839400	857.10004	857100	18.700012	18700	""osoba4""
""osoba4""		841.50006	841500	857.10004	857100	16.599976	16599	""osoba4""
""osoba4""		845.10004	845100	857.10004	857100	13.0	13000	""osoba4""
""osoba4""		848.10004	848100	857.10004	857100	10.0	10000	""osoba4""
""osoba4""		849.30005	849300	857.10004	857100	8.799988	8799	""osoba4""
""osoba4""		852.00006	852000	857.10004	857100	6.0999756	6099	""osoba4""
""osoba4""		853.50006	853500	857.10004	857100	4.5999756	4599	""osoba4""
""osoba1""		857.10004	857100	857.7	857700	1.5999756	1599	""osoba1""
""osoba2""		857.4	857400	858.00006	858000	1.6000366	1600	""osoba2""
""osoba4""		862.80005	862800	866.7	866700	4.8999634	4899	""osoba4""
""osoba4""		865.2	865200	866.7	866700	2.5	2500	""osoba4""
""osoba2""		866.4	866400	866.7	866700	1.2999878	1299	""osoba2""
""osoba3""		866.7	866700	910.2	910200	44.5	44500	""osoba3""
""osoba3""		867.60004	867600	910.2	910200	43.599976	43599	""osoba3""
""osoba3""		872.10004	872100	910.2	910200	39.099976	39099	""osoba3""
""osoba4""		872.10004	872100	872.10004	872100	1.0	1000	""osoba4""
""osoba3""		873.60004	873600	910.2	910200	37.599976	37599	""osoba3""
""osoba3""		876.9	876900	910.2	910200	34.299988	34299	""osoba3""
""osoba4""		877.50006	877500	877.50006	877500	1.0	1000	""osoba4""
""osoba3""		881.10004	881100	910.2	910200	30.099976	30099	""osoba3""
""osoba3""		881.7	881700	910.2	910200	29.5	29500	""osoba3""
""osoba3""		883.2	883200	910.2	910200	28.0	28000	""osoba3""
""osoba1""		883.50006	883500	884.7	884700	2.1999512	2199	""osoba1""
""osoba3""		886.50006	886500	910.2	910200	24.699951	24699	""osoba3""
""osoba4""		887.4	887400	888.9	888900	2.5	2500	""osoba4""
""osoba3""		888.30005	888300	910.2	910200	22.899963	22899	""osoba3""
""osoba4""		888.30005	888300	888.9	888900	1.5999756	1599	""osoba4""
""osoba3""		888.9	888900	910.2	910200	22.299988	22299	""osoba3""
""osoba3""		890.4	890400	910.2	910200	20.799988	20799	""osoba3""
""osoba3""		894.00006	894000	910.2	910200	17.199951	17199	""osoba3""
""osoba3""		895.50006	895500	910.2	910200	15.699951	15699	""osoba3""
""osoba3""		897.9	897900	910.2	910200	13.299988	13299	""osoba3""
""osoba3""		904.50006	904500	910.2	910200	6.699951	6699	""osoba3""
""osoba2""		906.9	906900	912.00006	912000	6.1000366	6100	""osoba2""
""osoba3""		906.9	906900	910.2	910200	4.299988	4299	""osoba3""
""osoba3""		908.10004	908100	910.2	910200	3.0999756	3099	""osoba3""
""osoba3""		909.30005	909300	910.2	910200	1.8999634	1899	""osoba3""
""osoba4""		912.9	912900	916.2	916200	4.299988	4299	""osoba4""
""osoba4""		913.80005	913800	916.2	916200	3.3999634	3399	""osoba4""
""osoba2""		915.60004	915600	918.60004	918600	4.0	4000	""osoba2""
""osoba3""		921.00006	921000	932.7	932700	12.699951	12699	""osoba3""
""osoba3""		923.7	923700	932.7	932700	10.0	10000	""osoba3""
""osoba3""		924.9	924900	932.7	932700	8.799988	8799	""osoba3""
""osoba4""		925.80005	925800	925.80005	925800	1.0	1000	""osoba4""
""osoba3""		927.9	927900	932.7	932700	5.799988	5799	""osoba3""
""osoba4""		929.4	929400	935.4	935400	7.0	7000	""osoba4""
""osoba3""		930.30005	930300	932.7	932700	3.3999634	3399	""osoba3""
""osoba3""		930.9	930900	932.7	932700	2.7999878	2799	""osoba3""
""osoba4""		931.80005	931800	935.4	935400	4.5999756	4599	""osoba4""
""osoba4""		933.60004	933600	935.4	935400	2.7999878	2799	""osoba4""
""osoba3""		935.10004	935100	940.80005	940800	6.700012	6700	""osoba3""
""osoba2""		938.4	938400	941.10004	941100	3.7000122	3700	""osoba2""
""osoba3""		946.80005	946800	951.00006	951000	5.200012	5200	""osoba3""
""osoba3""		948.00006	948000	951.00006	951000	4.0	4000	""osoba3""
""osoba3""		948.9	948900	951.00006	951000	3.1000366	3100	""osoba3""
""osoba4""		949.80005	949800	949.80005	949800	1.0	1000	""osoba4""
""osoba2""		950.7	950700	952.2	952200	2.5	2500	""osoba2""
""osoba4""		954.00006	954000	966.30005	966300	13.299988	13299	""osoba4""
""osoba4""		954.60004	954600	966.30005	966300	12.700012	12700	""osoba4""
""osoba4""		955.2	955200	966.30005	966300	12.100037	12100	""osoba4""
""osoba4""		955.80005	955800	966.30005	966300	11.5	11500	""osoba4""
""osoba4""		956.7	956700	966.30005	966300	10.600037	10600	""osoba4""
""osoba4""		957.30005	957300	966.30005	966300	10.0	10000	""osoba4""
""osoba3""		958.2	958200	958.2	958200	1.0	1000	""osoba3""
""osoba4""		959.7	959700	966.30005	966300	7.6000366	7600	""osoba4""
""osoba4""		960.9	960900	966.30005	966300	6.4000244	6400	""osoba4""
""osoba4""		962.10004	962100	966.30005	966300	5.200012	5200	""osoba4""
""osoba4""		963.00006	963000	966.30005	966300	4.299988	4299	""osoba4""
""osoba1""		965.10004	965100	968.7	968700	4.5999756	4599	""osoba1""
""osoba1""		966.60004	966600	968.7	968700	3.0999756	3099	""osoba1""
""osoba3""		966.60004	966600	967.80005	967800	2.2000122	2200	""osoba3""
""osoba3""		974.10004	974100	985.80005	985800	12.700012	12700	""osoba3""
""osoba3""		975.9	975900	985.80005	985800	10.900024	10900	""osoba3""
""osoba3""		976.50006	976500	985.80005	985800	10.299988	10299	""osoba3""
""osoba3""		978.60004	978600	985.80005	985800	8.200012	8200	""osoba3""
""osoba3""		982.2	982200	985.80005	985800	4.6000366	4600	""osoba3""
""osoba1""		982.50006	982500	985.2	985200	3.6999512	3699	""osoba1""
""osoba4""		984.30005	984300	990.30005	990300	7.0	7000	""osoba4""
""osoba4""		986.7	986700	990.30005	990300	4.6000366	4600	""osoba4""
""osoba4""		988.50006	988500	990.30005	990300	2.7999878	2799	""osoba4""
""osoba4""		989.10004	989100	990.30005	990300	2.2000122	2200	""osoba4""
""osoba1""		990.00006	990000	996.00006	996000	7.0	7000	""osoba1""
""osoba3""		991.50006	991500	1002.9	1002900	12.399963	12399	""osoba3""
""osoba3""		993.30005	993300	1002.9	1002900	10.599976	10599	""osoba3""
""osoba3""		996.9	996900	1002.9	1002900	7.0	7000	""osoba3""
""osoba3""		997.80005	997800	1002.9	1002900	6.0999756	6099	""osoba3""
""osoba3""		998.7	998700	1002.9	1002900	5.200012	5200	""osoba3""
""osoba3""		1001.10004	1001100	1002.9	1002900	2.7999878	2799	""osoba3""
""osoba3""		1002.9	1002900	1002.9	1002900	1.0	1000	""osoba3""
""osoba4""		1002.9	1002900	1011.60004	1011600	9.700012	9700	""osoba4""
""osoba4""		1005.00006	1005000	1011.60004	1011600	7.5999756	7599	""osoba4""
""osoba4""		1006.2	1006200	1011.60004	1011600	6.4000244	6400	""osoba4""
""osoba4""		1007.10004	1007100	1011.60004	1011600	5.5	5500	""osoba4""
""osoba3""		1008.9	1008900	1008.9	1008900	1.0	1000	""osoba3""
""osoba1""		1010.4	1010400	1017.9	1017900	8.5	8500	""osoba1""
""osoba4""		1010.4	1010400	1011.60004	1011600	2.2000122	2200	""osoba4""
""osoba3""		1011.00006	1011000	1014.30005	1014300	4.299988	4299	""osoba3""
""osoba4""		1025.4	1025400	1040.1001	1040100	15.700073	15700	""osoba4""
""osoba4""		1026.3	1026300	1040.1001	1040100	14.800049	14800	""osoba4""
""osoba4""		1033.8	1033800	1040.1001	1040100	7.300049	7300	""osoba4""
""osoba4""		1034.7001	1034700	1040.1001	1040100	6.4000244	6400	""osoba4""
""osoba3""		1037.1001	1037100	1037.1001	1037100	1.0	1000	""osoba3""
""osoba4""		1037.1001	1037100	1040.1001	1040100	4.0	4000	""osoba4""
""osoba4""		1038.6001	1038600	1040.1001	1040100	2.5	2500	""osoba4""
""osoba2""		1040.1001	1040100	1044.0	1044000	4.8999023	4899	""osoba2""
""osoba1""		1040.4	1040400	1046.4	1046400	7.0	7000	""osoba1""
""osoba1""		1042.5	1042500	1046.4	1046400	4.9000244	4900	""osoba1""
""osoba3""		1043.1001	1043100	1043.1001	1043100	1.0	1000	""osoba3""
""osoba3""		1048.2001	1048200	1057.8	1057800	10.599976	10599	""osoba3""
""osoba3""		1048.8	1048800	1057.8	1057800	10.0	10000	""osoba3""
""osoba3""		1050.6001	1050600	1057.8	1057800	8.199951	8199	""osoba3""
""osoba1""		1052.7001	1052700	1052.7001	1052700	1.0	1000	""osoba1""
""osoba3""		1054.2001	1054200	1057.8	1057800	4.5999756	4599	""osoba3""
""osoba3""		1055.4	1055400	1057.8	1057800	3.4000244	3400	""osoba3""
""osoba3""		1056.9	1056900	1057.8	1057800	1.9000244	1900	""osoba3""
""osoba4""		1056.9	1056900	1070.1001	1070100	14.200073	14200	""osoba4""
""osoba4""		1059.0	1059000	1070.1001	1070100	12.100098	12100	""osoba4""
""osoba4""		1059.6001	1059600	1070.1001	1070100	11.5	11500	""osoba4""
""osoba4""		1060.5	1060500	1070.1001	1070100	10.600098	10600	""osoba4""
""osoba3""		1061.7001	1061700	1063.2001	1063200	2.5	2500	""osoba3""
""osoba3""		1062.3	1062300	1063.2001	1063200	1.9000244	1900	""osoba3""
""osoba4""		1062.6001	1062600	1070.1001	1070100	8.5	8500	""osoba4""
""osoba4""		1064.1001	1064100	1070.1001	1070100	7.0	7000	""osoba4""
""osoba4""		1065.0	1065000	1070.1001	1070100	6.1000977	6100	""osoba4""
""osoba3""		1068.6001	1068600	1078.5	1078500	10.899902	10899	""osoba3""
""osoba4""		1069.2001	1069200	1070.1001	1070100	1.9000244	1900	""osoba4""
""osoba3""		1073.7001	1073700	1078.5	1078500	5.7999268	5799	""osoba3""
""osoba3""		1074.9	1074900	1078.5	1078500	4.5999756	4599	""osoba3""
""osoba3""		1075.5	1075500	1078.5	1078500	4.0	4000	""osoba3""
""osoba4""		1077.3	1077300	1089.3	1089300	13.0	13000	""osoba4""
""osoba4""		1079.4	1079400	1089.3	1089300	10.900024	10900	""osoba4""
""osoba4""		1080.3	1080300	1089.3	1089300	10.0	10000	""osoba4""
""osoba3""		1080.9	1080900	1081.2001	1081200	1.3000488	1300	""osoba3""
""osoba4""		1081.8	1081800	1089.3	1089300	8.5	8500	""osoba4""
""osoba4""		1083.6001	1083600	1089.3	1089300	6.699951	6699	""osoba4""
""osoba4""		1084.8	1084800	1089.3	1089300	5.5	5500	""osoba4""
""osoba4""		1085.7001	1085700	1089.3	1089300	4.5999756	4599	""osoba4""
""osoba3""		1088.1001	1088100	1107.6001	1107600	20.5	20500	""osoba3""
""osoba1""		1090.2001	1090200	1090.2001	1090200	1.0	1000	""osoba1""
""osoba3""		1092.6001	1092600	1107.6001	1107600	16.0	16000	""osoba3""
""osoba3""		1093.2001	1093200	1107.6001	1107600	15.400024	15400	""osoba3""
""osoba3""		1094.4	1094400	1107.6001	1107600	14.200073	14200	""osoba3""
""osoba3""		1097.4	1097400	1107.6001	1107600	11.200073	11200	""osoba3""
""osoba3""		1098.6001	1098600	1107.6001	1107600	10.0	10000	""osoba3""
""osoba2""		1098.9	1098900	1098.9	1098900	1.0	1000	""osoba2""
""osoba3""		1101.6001	1101600	1107.6001	1107600	7.0	7000	""osoba3""
""osoba3""		1102.2001	1102200	1107.6001	1107600	6.4000244	6400	""osoba3""
""osoba3""		1104.0	1104000	1107.6001	1107600	4.6000977	4600	""osoba3""
""osoba3""		1106.4	1106400	1107.6001	1107600	2.2000732	2200	""osoba3""
""osoba2""		1107.3	1107300	1107.9	1107900	1.5999756	1599	""osoba2""
""osoba3""		1107.6001	1107600	1107.6001	1107600	1.0	1000	""osoba3""
""osoba3""		1110.6001	1110600	1137.3	1137300	27.699951	27699	""osoba3""
""osoba3""		1111.2001	1111200	1137.3	1137300	27.099976	27099	""osoba3""
""osoba3""		1112.1001	1112100	1137.3	1137300	26.199951	26199	""osoba3""
""osoba3""		1113.0	1113000	1137.3	1137300	25.300049	25300	""osoba3""
""osoba3""		1113.6001	1113600	1137.3	1137300	24.699951	24699	""osoba3""
""osoba3""		1114.2001	1114200	1137.3	1137300	24.099976	24099	""osoba3""
""osoba3""		1114.8	1114800	1137.3	1137300	23.5	23500	""osoba3""
""osoba3""		1116.9	1116900	1137.3	1137300	21.400024	21400	""osoba3""
""osoba2""		1117.8	1117800	1117.8	1117800	1.0	1000	""osoba2""
""osoba3""		1118.4	1118400	1137.3	1137300	19.900024	19900	""osoba3""
""osoba3""		1120.5	1120500	1137.3	1137300	17.800049	17800	""osoba3""
""osoba1""		1121.1001	1121100	1121.7001	1121700	1.5999756	1599	""osoba1""
""osoba3""		1122.6001	1122600	1137.3	1137300	15.699951	15699	""osoba3""
""osoba3""		1123.2001	1123200	1137.3	1137300	15.099976	15099	""osoba3""
""osoba3""		1126.5	1126500	1137.3	1137300	11.800049	11800	""osoba3""
""osoba4""		1128.3	1128300	1128.3	1128300	1.0	1000	""osoba4""
""osoba3""		1128.9	1128900	1137.3	1137300	9.400024	9400	""osoba3""
""osoba4""		1131.9	1131900	1134.9	1134900	4.0	4000	""osoba4""
""osoba3""		1132.2001	1132200	1137.3	1137300	6.0999756	6099	""osoba3""
""osoba4""		1134.9	1134900	1134.9	1134900	1.0	1000	""osoba4""
""osoba2""		1135.5	1135500	1139.4	1139400	4.9000244	4900	""osoba2""
""osoba1""		1135.8	1135800	1144.2001	1144200	9.400024	9400	""osoba1""
""osoba3""		1139.4	1139400	1142.1001	1142100	3.7000732	3700	""osoba3""
""osoba3""		1140.9	1140900	1142.1001	1142100	2.2000732	2200	""osoba3""
""osoba4""		1152.3	1152300	1159.8	1159800	8.5	8500	""osoba4""
""osoba4""		1153.2001	1153200	1159.8	1159800	7.5999756	7599	""osoba4""
""osoba4""		1155.3	1155300	1159.8	1159800	5.5	5500	""osoba4""
""osoba4""		1156.5	1156500	1159.8	1159800	4.300049	4300	""osoba4""
""osoba4""		1158.6001	1158600	1159.8	1159800	2.1999512	2199	""osoba4""
""osoba3""		1159.2001	1159200	1164.3	1164300	6.0999756	6099	""osoba3""
""osoba4""		1159.5	1159500	1159.8	1159800	1.3000488	1300	""osoba4""
""osoba3""		1161.0	1161000	1164.3	1164300	4.300049	4300	""osoba3""
""osoba3""		1161.6001	1161600	1164.3	1164300	3.6999512	3699	""osoba3""
""osoba3""		1162.2001	1162200	1164.3	1164300	3.0999756	3099	""osoba3""
""osoba3""		1163.1001	1163100	1164.3	1164300	2.1999512	2199	""osoba3""
""osoba4""		1163.7001	1163700	1171.8	1171800	9.099976	9099	""osoba4""
""osoba2""		1164.0	1164000	1164.3	1164300	1.3000488	1300	""osoba2""
""osoba4""		1166.7001	1166700	1171.8	1171800	6.0999756	6099	""osoba4""
""osoba4""		1167.6001	1167600	1171.8	1171800	5.199951	5199	""osoba4""
""osoba4""		1168.2001	1168200	1171.8	1171800	4.5999756	4599	""osoba4""
""osoba4""		1169.7001	1169700	1171.8	1171800	3.0999756	3099	""osoba4""
""osoba4""		1170.9	1170900	1171.8	1171800	1.9000244	1900	""osoba4""
""osoba3""		1171.5	1171500	1204.5	1204500	34.0	34000	""osoba3""
""osoba4""		1171.5	1171500	1171.8	1171800	1.3000488	1300	""osoba4""
""osoba3""		1173.6001	1173600	1204.5	1204500	31.899902	31899	""osoba3""
""osoba3""		1176.3	1176300	1204.5	1204500	29.199951	29199	""osoba3""
""osoba3""		1176.9	1176900	1204.5	1204500	28.599976	28599	""osoba3""
""osoba3""		1179.0	1179000	1204.5	1204500	26.5	26500	""osoba3""
""osoba3""		1179.9	1179900	1204.5	1204500	25.599976	25599	""osoba3""
""osoba3""		1180.8	1180800	1204.5	1204500	24.699951	24699	""osoba3""
""osoba3""		1182.3	1182300	1204.5	1204500	23.199951	23199	""osoba3""
""osoba3""		1185.3	1185300	1204.5	1204500	20.199951	20199	""osoba3""
""osoba3""		1190.4	1190400	1204.5	1204500	15.099976	15099	""osoba3""
""osoba3""		1192.8	1192800	1204.5	1204500	12.699951	12699	""osoba3""
""osoba3""		1196.1001	1196100	1204.5	1204500	9.399902	9399	""osoba3""
""osoba3""		1200.3	1200300	1204.5	1204500	5.199951	5199	""osoba3""
""osoba3""		1201.2001	1201200	1204.5	1204500	4.2999268	4299	""osoba3""
""osoba3""		1201.8	1201800	1204.5	1204500	3.6999512	3699	""osoba3""
""osoba3""		1204.5	1204500	1204.5	1204500	1.0	1000	""osoba3""
""osoba4""		1204.5	1204500	1205.4	1205400	1.9000244	1900	""osoba4""
""osoba2""		1205.1001	1205100	1207.8	1207800	3.6999512	3699	""osoba2""
""osoba3""		1206.6001	1206600	1264.8	1264800	59.19995	59199	""osoba3""
""osoba4""		1207.5	1207500	1207.5	1207500	1.0	1000	""osoba4""
""osoba3""		1209.0	1209000	1264.8	1264800	56.80005	56800	""osoba3""
""osoba3""		1209.9	1209900	1264.8	1264800	55.900024	55900	""osoba3""
""osoba3""		1210.5	1210500	1264.8	1264800	55.30005	55300	""osoba3""
""osoba3""		1217.1001	1217100	1264.8	1264800	48.69995	48699	""osoba3""
""osoba3""		1218.0	1218000	1264.8	1264800	47.80005	47800	""osoba3""
""osoba3""		1218.9	1218900	1264.8	1264800	46.900024	46900	""osoba3""
""osoba3""		1220.4	1220400	1264.8	1264800	45.400024	45400	""osoba3""
""osoba3""		1221.0	1221000	1264.8	1264800	44.80005	44800	""osoba3""
""osoba4""		1221.6001	1221600	1224.3	1224300	3.6999512	3699	""osoba4""
""osoba3""		1221.9	1221900	1264.8	1264800	43.900024	43900	""osoba3""
""osoba3""		1226.4	1226400	1264.8	1264800	39.400024	39400	""osoba3""
""osoba4""		1230.9	1230900	1231.2001	1231200	1.3000488	1300	""osoba4""
""osoba3""		1232.7001	1232700	1264.8	1264800	33.099976	33099	""osoba3""
""osoba3""		1235.4	1235400	1264.8	1264800	30.400024	30400	""osoba3""
""osoba4""		1236.0	1236000	1236.0	1236000	1.0	1000	""osoba4""
""osoba3""		1236.3	1236300	1264.8	1264800	29.5	29500	""osoba3""
""osoba3""		1239.0	1239000	1264.8	1264800	26.800049	26800	""osoba3""
""osoba3""		1241.4	1241400	1264.8	1264800	24.400024	24400	""osoba3""
""osoba3""		1243.5	1243500	1264.8	1264800	22.300049	22300	""osoba3""
""osoba3""		1244.4	1244400	1264.8	1264800	21.400024	21400	""osoba3""
""osoba3""		1245.0	1245000	1264.8	1264800	20.800049	20800	""osoba3""
""osoba3""		1247.1001	1247100	1264.8	1264800	18.699951	18699	""osoba3""
""osoba3""		1248.0	1248000	1264.8	1264800	17.800049	17800	""osoba3""
""osoba4""		1248.6001	1248600	1249.8	1249800	2.1999512	2199	""osoba4""
""osoba3""		1251.0	1251000	1264.8	1264800	14.800049	14800	""osoba3""
""osoba3""		1253.4	1253400	1264.8	1264800	12.400024	12400	""osoba3""
""osoba3""		1254.6001	1254600	1264.8	1264800	11.199951	11199	""osoba3""
""osoba3""		1255.8	1255800	1264.8	1264800	10.0	10000	""osoba3""
""osoba3""		1257.0	1257000	1264.8	1264800	8.800049	8800	""osoba3""
""osoba3""		1259.4	1259400	1264.8	1264800	6.4000244	6400	""osoba3""
""osoba3""		1260.6001	1260600	1264.8	1264800	5.199951	5199	""osoba3""
""osoba3""		1261.8	1261800	1264.8	1264800	4.0	4000	""osoba3""
""osoba4""		1261.8	1261800	1280.1001	1280100	19.300049	19300	""osoba4""
""osoba3""		1264.8	1264800	1264.8	1264800	1.0	1000	""osoba3""
""osoba4""		1266.0	1266000	1280.1001	1280100	15.100098	15100	""osoba4""
""osoba4""		1266.9	1266900	1280.1001	1280100	14.200073	14200	""osoba4""
""osoba4""		1268.4	1268400	1280.1001	1280100	12.700073	12700	""osoba4""
""osoba4""		1269.3	1269300	1280.1001	1280100	11.800049	11800	""osoba4""
""osoba3""		1270.5	1270500	1272.9	1272900	3.4000244	3400	""osoba3""
""osoba4""		1270.5	1270500	1280.1001	1280100	10.600098	10600	""osoba4""
""osoba4""		1271.4	1271400	1280.1001	1280100	9.700073	9700	""osoba4""
""osoba3""		1272.0	1272000	1272.9	1272900	1.9000244	1900	""osoba3""
""osoba4""		1274.4	1274400	1280.1001	1280100	6.7000732	6700	""osoba4""
""osoba4""		1275.3	1275300	1280.1001	1280100	5.800049	5800	""osoba4""
""osoba4""		1278.0	1278000	1280.1001	1280100	3.1000977	3100	""osoba4""
""osoba3""		1279.2001	1279200	1279.2001	1279200	1.0	1000	""osoba3""
""osoba1""		1280.4	1280400	1282.2001	1282200	2.8000488	2800	""osoba1""
""osoba3""		1284.3	1284300	1306.2001	1306200	22.900024	22900	""osoba3""
""osoba3""		1287.6001	1287600	1306.2001	1306200	19.599976	19599	""osoba3""
""osoba4""		1289.1001	1289100	1290.9	1290900	2.7999268	2799	""osoba4""
""osoba3""		1293.3	1293300	1306.2001	1306200	13.900024	13900	""osoba3""
""osoba3""		1295.1001	1295100	1306.2001	1306200	12.099976	12099	""osoba3""
""osoba3""		1300.8	1300800	1306.2001	1306200	6.4000244	6400	""osoba3""
""osoba3""		1302.3	1302300	1306.2001	1306200	4.9000244	4900	""osoba3""
""osoba3""		1303.2001	1303200	1306.2001	1306200	4.0	4000	""osoba3""
""osoba3""		1305.0	1305000	1306.2001	1306200	2.2000732	2200	""osoba3""
""osoba2""		1305.9	1305900	1308.0	1308000	3.0999756	3099	""osoba2""
""osoba3""		1313.7001	1313700	1315.5	1315500	2.7999268	2799	""osoba3""
""osoba4""		1314.3	1314300	1327.8	1327800	14.5	14500	""osoba4""
""osoba4""		1314.9	1314900	1327.8	1327800	13.900024	13900	""osoba4""
""osoba3""		1315.5	1315500	1315.5	1315500	1.0	1000	""osoba3""
""osoba4""		1315.5	1315500	1327.8	1327800	13.300049	13300	""osoba4""
""osoba4""		1316.4	1316400	1327.8	1327800	12.400024	12400	""osoba4""
""osoba4""		1317.3	1317300	1327.8	1327800	11.5	11500	""osoba4""
""osoba4""		1318.2001	1318200	1327.8	1327800	10.599976	10599	""osoba4""
""osoba4""		1319.4	1319400	1327.8	1327800	9.400024	9400	""osoba4""
""osoba4""		1320.3	1320300	1327.8	1327800	8.5	8500	""osoba4""
""osoba4""		1320.9	1320900	1327.8	1327800	7.9000244	7900	""osoba4""
""osoba3""		1321.5	1321500	1328.1001	1328100	7.6000977	7600	""osoba3""
""osoba4""		1322.7001	1322700	1327.8	1327800	6.0999756	6099	""osoba4""
""osoba4""		1323.6001	1323600	1327.8	1327800	5.199951	5199	""osoba4""
""osoba4""		1324.2001	1324200	1327.8	1327800	4.5999756	4599	""osoba4""
""osoba4""		1325.7001	1325700	1327.8	1327800	3.0999756	3099	""osoba4""
""osoba3""		1326.3	1326300	1328.1001	1328100	2.8000488	2800	""osoba3""
""osoba1""		1326.9	1326900	1329.0	1329000	3.0999756	3099	""osoba1""
""osoba3""		1338.0	1338000	1358.4	1358400	21.400024	21400	""osoba3""
""osoba3""		1339.8	1339800	1358.4	1358400	19.599976	19599	""osoba3""
""osoba3""		1341.3	1341300	1358.4	1358400	18.099976	18099	""osoba3""
""osoba3""		1341.9	1341900	1358.4	1358400	17.5	17500	""osoba3""
""osoba3""		1344.6001	1344600	1358.4	1358400	14.799927	14799	""osoba3""
""osoba3""		1345.2001	1345200	1358.4	1358400	14.199951	14199	""osoba3""
""osoba3""		1346.4	1346400	1358.4	1358400	13.0	13000	""osoba3""
""osoba3""		1349.7001	1349700	1358.4	1358400	9.699951	9699	""osoba3""
""osoba3""		1350.6001	1350600	1358.4	1358400	8.799927	8799	""osoba3""
""osoba3""		1351.8	1351800	1358.4	1358400	7.5999756	7599	""osoba3""
""osoba2""		1353.0	1353000	1356.6001	1356600	4.6000977	4600	""osoba2""
""osoba1""		1353.9	1353900	1354.2001	1354200	1.3000488	1300	""osoba1""
""osoba4""		1358.1001	1358100	1364.4	1364400	7.2999268	7299	""osoba4""
""osoba4""		1359.9	1359900	1364.4	1364400	5.5	5500	""osoba4""
""osoba4""		1362.0	1362000	1364.4	1364400	3.4000244	3400	""osoba4""
""osoba3""		1363.2001	1363200	1371.3	1371300	9.099976	9099	""osoba3""
""osoba3""		1366.8	1366800	1371.3	1371300	5.5	5500	""osoba3""
""osoba1""		1367.7001	1367700	1370.7001	1370700	4.0	4000	""osoba1""
""osoba3""		1367.7001	1367700	1371.3	1371300	4.5999756	4599	""osoba3""
""osoba1""		1369.8	1369800	1370.7001	1370700	1.9000244	1900	""osoba1""
""osoba4""		1371.6001	1371600	1384.5	1384500	13.899902	13899	""osoba4""
""osoba4""		1374.0	1374000	1384.5	1384500	11.5	11500	""osoba4""
""osoba4""		1375.8	1375800	1384.5	1384500	9.699951	9699	""osoba4""
""osoba4""		1376.4	1376400	1384.5	1384500	9.099976	9099	""osoba4""
""osoba4""		1377.9	1377900	1384.5	1384500	7.5999756	7599	""osoba4""
""osoba4""		1380.6001	1380600	1384.5	1384500	4.8999023	4899	""osoba4""
""osoba4""		1381.2001	1381200	1384.5	1384500	4.2999268	4299	""osoba4""
""osoba4""		1382.1001	1382100	1384.5	1384500	3.3999023	3399	""osoba4""
""osoba4""		1383.3	1383300	1384.5	1384500	2.1999512	2199	""osoba4""
""osoba3""		1384.2001	1384200	1396.5	1396500	13.299927	13299	""osoba3""
""osoba3""		1385.7001	1385700	1396.5	1396500	11.799927	11799	""osoba3""
""osoba3""		1388.4	1388400	1396.5	1396500	9.099976	9099	""osoba3""
""osoba3""		1389.3	1389300	1396.5	1396500	8.199951	8199	""osoba3""
""osoba3""		1392.6001	1392600	1396.5	1396500	4.8999023	4899	""osoba3""
""osoba3""		1393.2001	1393200	1396.5	1396500	4.2999268	4299	""osoba3""
""osoba3""		1393.8	1393800	1396.5	1396500	3.6999512	3699	""osoba3""
""osoba1""		1394.4	1394400	1397.7001	1397700	4.300049	4300	""osoba1""
""osoba3""		1395.3	1395300	1396.5	1396500	2.1999512	2199	""osoba3""
""osoba2""		1397.7001	1397700	1400.4	1400400	3.6999512	3699	""osoba2""
""osoba1""		1400.7001	1400700	1401.6001	1401600	1.9000244	1900	""osoba1""
""osoba3""		1406.1001	1406100	1418.7001	1418700	13.599976	13599	""osoba3""
""osoba2""		1407.3	1407300	1408.5	1408500	2.1999512	2199	""osoba2""
""osoba3""		1408.5	1408500	1418.7001	1418700	11.200073	11200	""osoba3""
""osoba3""		1410.6001	1410600	1418.7001	1418700	9.099976	9099	""osoba3""
""osoba3""		1412.1001	1412100	1418.7001	1418700	7.5999756	7599	""osoba3""
""osoba3""		1413.9	1413900	1418.7001	1418700	5.800049	5800	""osoba3""
""osoba3""		1415.7001	1415700	1418.7001	1418700	4.0	4000	""osoba3""
""osoba4""		1417.5	1417500	1425.0	1425000	8.5	8500	""osoba4""
""osoba4""		1420.2001	1420200	1425.0	1425000	5.7999268	5799	""osoba4""
""osoba3""		1422.6001	1422600	1432.5	1432500	10.899902	10899	""osoba3""
""osoba3""		1425.3	1425300	1432.5	1432500	8.199951	8199	""osoba3""
""osoba3""		1427.7001	1427700	1432.5	1432500	5.7999268	5799	""osoba3""
""osoba3""		1428.6001	1428600	1432.5	1432500	4.8999023	4899	""osoba3""
""osoba3""		1431.0	1431000	1432.5	1432500	2.5	2500	""osoba3""
""osoba4""		1431.9	1431900	1436.4	1436400	5.5	5500	""osoba4""
""osoba2""		1435.8	1435800	1438.2001	1438200	3.4000244	3400	""osoba2""
""osoba4""		1440.9	1440900	1448.7001	1448700	8.800049	8800	""osoba4""
""osoba4""		1444.5	1444500	1448.7001	1448700	5.2000732	5200	""osoba4""
""osoba2""		1446.6001	1446600	1449.9	1449900	4.2999268	4299	""osoba2""
""osoba3""		1449.0	1449000	1467.0	1467000	19.0	19000	""osoba3""
""osoba3""		1450.8	1450800	1467.0	1467000	17.199951	17199	""osoba3""
""osoba3""		1451.7001	1451700	1467.0	1467000	16.299927	16299	""osoba3""
""osoba3""		1457.4	1457400	1467.0	1467000	10.599976	10599	""osoba3""
""osoba3""		1458.0	1458000	1467.0	1467000	10.0	10000	""osoba3""
""osoba3""		1464.6001	1464600	1467.0	1467000	3.3999023	3399	""osoba3""
""osoba3""		1465.2001	1465200	1467.0	1467000	2.7999268	2799	""osoba3""
""osoba3""		1466.1001	1466100	1467.0	1467000	1.8999023	1899	""osoba3""
""osoba4""		1466.1001	1466100	1469.7001	1469700	4.5999756	4599	""osoba4""
""osoba2""		1469.7001	1469700	1470.0	1470000	1.2999268	1299	""osoba2""
""osoba4""		1469.7001	1469700	1469.7001	1469700	1.0	1000	""osoba4""
""osoba4""		1472.4	1472400	1477.2001	1477200	5.800049	5800	""osoba4""
""osoba4""		1473.9	1473900	1477.2001	1477200	4.300049	4300	""osoba4""
""osoba4""		1475.1001	1475100	1477.2001	1477200	3.0999756	3099	""osoba4""
""osoba2""		1476.0	1476000	1477.5	1477500	2.5	2500	""osoba2""
""osoba3""		1477.8	1477800	1507.5	1507500	30.699951	30699	""osoba3""
""osoba3""		1479.3	1479300	1507.5	1507500	29.199951	29199	""osoba3""
""osoba3""		1484.1001	1484100	1507.5	1507500	24.399902	24399	""osoba3""
""osoba3""		1486.2001	1486200	1507.5	1507500	22.299927	22299	""osoba3""
""osoba3""		1487.4	1487400	1507.5	1507500	21.099976	21099	""osoba3""
""osoba3""		1488.6001	1488600	1507.5	1507500	19.899902	19899	""osoba3""
""osoba3""		1493.4	1493400	1507.5	1507500	15.099976	15099	""osoba3""
""osoba3""		1494.0	1494000	1507.5	1507500	14.5	14500	""osoba3""
""osoba3""		1495.2001	1495200	1507.5	1507500	13.299927	13299	""osoba3""
""osoba3""		1496.1001	1496100	1507.5	1507500	12.399902	12399	""osoba3""
""osoba3""		1500.9	1500900	1507.5	1507500	7.5999756	7599	""osoba3""
""osoba3""		1501.8	1501800	1507.5	1507500	6.699951	6699	""osoba3""
""osoba3""		1504.5	1504500	1507.5	1507500	4.0	4000	""osoba3""
""osoba3""		1506.0	1506000	1507.5	1507500	2.5	2500	""osoba3""
""osoba3""		1506.9	1506900	1507.5	1507500	1.5999756	1599	""osoba3""
""osoba3""		1507.5	1507500	1507.5	1507500	1.0	1000	""osoba3""
""osoba4""		1507.5	1507500	1514.1001	1514100	7.6000977	7600	""osoba4""
""osoba4""		1510.2001	1510200	1514.1001	1514100	4.9000244	4900	""osoba4""
""osoba4""		1512.6001	1512600	1514.1001	1514100	2.5	2500	""osoba4""
""osoba3""		1513.5	1513500	1540.8	1540800	28.300049	28300	""osoba3""
""osoba4""		1513.5	1513500	1514.1001	1514100	1.6000977	1600	""osoba4""
""osoba3""		1516.8	1516800	1540.8	1540800	25.0	25000	""osoba3""
""osoba3""		1519.8	1519800	1540.8	1540800	22.0	22000	""osoba3""
""osoba3""		1521.3	1521300	1540.8	1540800	20.5	20500	""osoba3""
""osoba3""		1525.8	1525800	1540.8	1540800	16.0	16000	""osoba3""
""osoba3""		1527.0	1527000	1540.8	1540800	14.800049	14800	""osoba3""
""osoba3""		1529.1001	1529100	1540.8	1540800	12.699951	12699	""osoba3""
""osoba2""		1529.4	1529400	1530.9	1530900	2.5	2500	""osoba2""
""osoba1""		1530.3	1530300	1530.3	1530300	1.0	1000	""osoba1""
""osoba3""		1533.0	1533000	1540.8	1540800	8.800049	8800	""osoba3""
""osoba3""		1534.5	1534500	1540.8	1540800	7.300049	7300	""osoba3""
""osoba3""		1535.7001	1535700	1540.8	1540800	6.0999756	6099	""osoba3""
""osoba2""		1536.0	1536000	1537.5001	1537500	2.500122	2500	""osoba2""
""osoba4""		1538.4	1538400	1548.0001	1548000	10.600098	10600	""osoba4""
""osoba3""		1540.8	1540800	1540.8	1540800	1.0	1000	""osoba3""
""osoba4""		1541.7001	1541700	1548.0001	1548000	7.300049	7300	""osoba4""
""osoba4""		1543.8	1543800	1548.0001	1548000	5.2000732	5200	""osoba4""
""osoba4""		1544.7001	1544700	1548.0001	1548000	4.300049	4300	""osoba4""
""osoba4""		1546.5001	1546500	1548.0001	1548000	2.5	2500	""osoba4""
""osoba4""		1547.4	1547400	1548.0001	1548000	1.6000977	1600	""osoba4""
""osoba2""		1547.7001	1547700	1548.9	1548900	2.1999512	2199	""osoba2""
""osoba4""		1551.6001	1551600	1565.7001	1565700	15.099976	15099	""osoba4""
""osoba4""		1553.4	1553400	1565.7001	1565700	13.300049	13300	""osoba4""
""osoba4""		1554.0001	1554000	1565.7001	1565700	12.699951	12699	""osoba4""
""osoba4""		1555.2001	1555200	1565.7001	1565700	11.5	11500	""osoba4""
""osoba4""		1556.4	1556400	1565.7001	1565700	10.300049	10300	""osoba4""
""osoba4""		1557.6001	1557600	1565.7001	1565700	9.099976	9099	""osoba4""
""osoba4""		1560.6001	1560600	1565.7001	1565700	6.0999756	6099	""osoba4""
""osoba4""		1561.5001	1561500	1565.7001	1565700	5.199951	5199	""osoba4""
""osoba4""		1564.2001	1564200	1565.7001	1565700	2.5	2500	""osoba4""
""osoba3""		1564.8	1564800	1581.0001	1581000	17.200073	17200	""osoba3""
""osoba3""		1566.9	1566900	1581.0001	1581000	15.100098	15100	""osoba3""
""osoba3""		1569.0001	1569000	1581.0001	1581000	13.0	13000	""osoba3""
""osoba3""		1569.6001	1569600	1581.0001	1581000	12.400024	12400	""osoba3""
""osoba3""		1571.7001	1571700	1581.0001	1581000	10.300049	10300	""osoba3""
""osoba3""		1573.5001	1573500	1581.0001	1581000	8.5	8500	""osoba3""
""osoba3""		1575.3	1575300	1581.0001	1581000	6.7000732	6700	""osoba3""
""osoba3""		1578.0001	1578000	1581.0001	1581000	4.0	4000	""osoba3""
""osoba3""		1579.2001	1579200	1581.0001	1581000	2.8000488	2800	""osoba3""
""osoba2""		1581.0001	1581000	1581.3	1581300	1.2999268	1299	""osoba2""
""osoba3""		1583.1001	1583100	1588.2001	1588200	6.0999756	6099	""osoba3""
""osoba3""		1584.9	1584900	1588.2001	1588200	4.300049	4300	""osoba3""
""osoba3""		1585.5001	1585500	1588.2001	1588200	3.6999512	3699	""osoba3""
""osoba3""		1586.7001	1586700	1588.2001	1588200	2.5	2500	""osoba3""
""osoba3""		1587.9	1587900	1588.2001	1588200	1.3000488	1300	""osoba3""
""osoba2""		1588.2001	1588200	1590.9	1590900	3.6999512	3699	""osoba2""
""osoba3""		1596.9	1596900	1620.3	1620300	24.400024	24400	""osoba3""
""osoba3""		1598.7001	1598700	1620.3	1620300	22.599976	22599	""osoba3""
""osoba3""		1600.2001	1600200	1620.3	1620300	21.099976	21099	""osoba3""
""osoba3""		1601.1001	1601100	1620.3	1620300	20.199951	20199	""osoba3""
""osoba1""		1602.0001	1602000	1602.0001	1602000	1.0	1000	""osoba1""
""osoba3""		1602.6001	1602600	1620.3	1620300	18.699951	18699	""osoba3""
""osoba3""		1604.7001	1604700	1620.3	1620300	16.599976	16599	""osoba3""
""osoba3""		1605.6001	1605600	1620.3	1620300	15.699951	15699	""osoba3""
""osoba4""		1605.6001	1605600	1607.4	1607400	2.7999268	2799	""osoba4""
""osoba4""		1607.4	1607400	1607.4	1607400	1.0	1000	""osoba4""
""osoba3""		1608.3	1608300	1620.3	1620300	13.0	13000	""osoba3""
""osoba3""		1609.2001	1609200	1620.3	1620300	12.099976	12099	""osoba3""
""osoba3""		1609.8	1609800	1620.3	1620300	11.5	11500	""osoba3""
""osoba3""		1610.7001	1610700	1620.3	1620300	10.599976	10599	""osoba3""
""osoba3""		1611.9	1611900	1620.3	1620300	9.400024	9400	""osoba3""
""osoba3""		1612.8	1612800	1620.3	1620300	8.5	8500	""osoba3""
""osoba3""		1614.6001	1614600	1620.3	1620300	6.699951	6699	""osoba3""
""osoba3""		1617.3	1617300	1620.3	1620300	4.0	4000	""osoba3""
""osoba3""		1617.9	1617900	1620.3	1620300	3.4000244	3400	""osoba3""
""osoba3""		1618.5001	1618500	1620.3	1620300	2.7999268	2799	""osoba3""
