"default"		0.0	0	1.0	1000	1.0	1000	BEGIN
"default"		1620.3	1620300	1620.31	1621300	1.0	1000	END
""osoba4""		6.6000004	6600	16.5	16500	10.9	10900	""osoba4""
""osoba4""		7.5000005	7500	16.5	16500	10.0	10000	""osoba4""
""osoba4""		10.5	10500	16.5	16500	7.0	7000	""osoba4""
""osoba4""		13.500001	13500	16.5	16500	3.999999	3999	""osoba4""
""osoba4""		14.700001	14700	16.5	16500	2.7999992	2799	""osoba4""
""osoba3""		15.3	15300	16.5	16500	2.1999998	2199	""osoba3""
""osoba1""		16.2	16200	17.400002	17400	2.2000008	2200	""osoba1""
""osoba3""		19.2	19200	19.2	19200	1.0	1000	""osoba3""
""osoba2""		22.2	22200	25.2	25200	4.0	4000	""osoba2""
""osoba3""		23.1	23100	23.7	23700	1.6000004	1600	""osoba3""
""osoba4""		27.6	27600	38.7	38700	12.1	12100	""osoba4""
""osoba4""		29.400002	29400	38.7	38700	10.299999	10299	""osoba4""
""osoba4""		30.000002	30000	38.7	38700	9.699999	9699	""osoba4""
""osoba3""		32.100002	32100	32.100002	32100	1.0	1000	""osoba3""
""osoba4""		33.600002	33600	38.7	38700	6.0999985	6099	""osoba4""
""osoba4""		35.4	35400	38.7	38700	4.299999	4299	""osoba4""
""osoba3""		36.300003	36300	45.600002	45600	10.299999	10299	""osoba3""
""osoba3""		37.2	37200	45.600002	45600	9.400002	9400	""osoba3""
""osoba3""		38.4	38400	45.600002	45600	8.200001	8200	""osoba3""
""osoba4""		38.7	38700	38.7	38700	1.0	1000	""osoba4""
""osoba3""		39.0	39000	45.600002	45600	7.6000023	7600	""osoba3""
""osoba3""		40.2	40200	45.600002	45600	6.4000015	6400	""osoba3""
""osoba3""		43.5	43500	45.600002	45600	3.1000023	3100	""osoba3""
""osoba2""		44.100002	44100	47.100002	47100	4.0	4000	""osoba2""
""osoba3""		45.600002	45600	45.600002	45600	1.0	1000	""osoba3""
""osoba4""		51.600002	51600	63.300003	63300	12.700001	12700	""osoba4""
""osoba1""		52.2	52200	52.2	52200	1.0	1000	""osoba1""
""osoba4""		52.2	52200	63.300003	63300	12.100002	12100	""osoba4""
""osoba4""		56.4	56400	63.300003	63300	7.9000015	7900	""osoba4""
""osoba4""		57.300003	57300	63.300003	63300	7.0	7000	""osoba4""
""osoba4""		59.100002	59100	63.300003	63300	5.200001	5200	""osoba4""
""osoba4""		60.300003	60300	63.300003	63300	4.0	4000	""osoba4""
""osoba3""		62.4	62400	69.600006	69600	8.200005	8200	""osoba3""
""osoba3""		64.8	64800	69.600006	69600	5.800003	5800	""osoba3""
""osoba3""		65.4	65400	69.600006	69600	5.2000046	5200	""osoba3""
""osoba3""		66.0	66000	69.600006	69600	4.600006	4600	""osoba3""
""osoba2""		66.600006	66600	69.9	69900	4.2999954	4299	""osoba2""
""osoba3""		66.9	66900	69.600006	69600	3.7000046	3700	""osoba3""
""osoba2""		69.0	69000	69.9	69900	1.9000015	1900	""osoba2""
""osoba3""		75.3	75300	119.700005	119700	45.4	45400	""osoba3""
""osoba3""		75.9	75900	119.700005	119700	44.800003	44800	""osoba3""
""osoba2""		76.200005	76200	81.9	81900	6.699997	6699	""osoba2""
""osoba4""		76.200005	76200	78.3	78300	3.0999985	3099	""osoba4""
""osoba3""		80.100006	80100	119.700005	119700	40.6	40600	""osoba3""
""osoba4""		81.600006	81600	82.200005	82200	1.5999985	1599	""osoba4""
""osoba3""		84.3	84300	119.700005	119700	36.4	36400	""osoba3""
""osoba3""		84.9	84900	119.700005	119700	35.800003	35800	""osoba3""
""osoba3""		86.700005	86700	119.700005	119700	34.0	34000	""osoba3""
""osoba3""		87.600006	87600	119.700005	119700	33.1	33100	""osoba3""
""osoba3""		90.600006	90600	119.700005	119700	30.099998	30099	""osoba3""
""osoba3""		91.8	91800	119.700005	119700	28.900002	28900	""osoba3""
""osoba3""		92.700005	92700	119.700005	119700	28.0	28000	""osoba3""
""osoba3""		94.200005	94200	119.700005	119700	26.5	26500	""osoba3""
""osoba3""		95.4	95400	119.700005	119700	25.300003	25300	""osoba3""
""osoba3""		97.200005	97200	119.700005	119700	23.5	23500	""osoba3""
""osoba3""		98.100006	98100	119.700005	119700	22.599998	22599	""osoba3""
""osoba3""		100.200005	100200	119.700005	119700	20.5	20500	""osoba3""
""osoba3""		102.3	102300	119.700005	119700	18.400002	18400	""osoba3""
""osoba4""		103.8	103800	103.8	103800	1.0	1000	""osoba4""
""osoba3""		104.700005	104700	119.700005	119700	16.0	16000	""osoba3""
""osoba3""		105.600006	105600	119.700005	119700	15.099998	15099	""osoba3""
""osoba1""		108.3	108300	108.600006	108600	1.300003	1300	""osoba1""
""osoba3""		109.50001	109500	119.700005	119700	11.199997	11199	""osoba3""
""osoba3""		110.4	110400	119.700005	119700	10.300003	10300	""osoba3""
""osoba3""		111.3	111300	119.700005	119700	9.400002	9400	""osoba3""
""osoba3""		112.50001	112500	119.700005	119700	8.199997	8199	""osoba3""
""osoba3""		114.00001	114000	119.700005	119700	6.699997	6699	""osoba3""
""osoba3""		116.100006	116100	119.700005	119700	4.5999985	4599	""osoba3""
""osoba2""		119.4	119400	121.50001	121500	3.100006	3100	""osoba2""
""osoba3""		124.8	124800	174.3	174300	50.5	50500	""osoba3""
""osoba3""		126.3	126300	174.3	174300	49.0	49000	""osoba3""
""osoba3""		127.200005	127200	174.3	174300	48.1	48100	""osoba3""
""osoba3""		128.1	128100	174.3	174300	47.199997	47199	""osoba3""
""osoba4""		128.1	128100	129.3	129300	2.199997	2199	""osoba4""
""osoba4""		128.70001	128700	129.3	129300	1.5999908	1599	""osoba4""
""osoba1""		129.90001	129900	130.20001	130200	1.300003	1300	""osoba1""
""osoba4""		131.40001	131400	131.70001	131700	1.300003	1300	""osoba4""
""osoba3""		132.90001	132900	174.3	174300	42.399994	42399	""osoba3""
""osoba3""		134.70001	134700	174.3	174300	40.59999	40599	""osoba3""
""osoba3""		136.20001	136200	174.3	174300	39.09999	39099	""osoba3""
""osoba2""		136.8	136800	138.3	138300	2.5	2500	""osoba2""
""osoba4""		138.6	138600	141.90001	141900	4.300003	4300	""osoba4""
""osoba2""		140.70001	140700	144.3	144300	4.599991	4599	""osoba2""
""osoba1""		144.0	144000	144.0	144000	1.0	1000	""osoba1""
""osoba3""		146.1	146100	174.3	174300	29.199997	29199	""osoba3""
""osoba3""		147.90001	147900	174.3	174300	27.399994	27399	""osoba3""
""osoba3""		148.8	148800	174.3	174300	26.5	26500	""osoba3""
""osoba3""		149.70001	149700	174.3	174300	25.59999	25599	""osoba3""
""osoba3""		151.5	151500	174.3	174300	23.800003	23800	""osoba3""
""osoba3""		153.6	153600	174.3	174300	21.699997	21699	""osoba3""
""osoba3""		156.3	156300	174.3	174300	19.0	19000	""osoba3""
""osoba4""		156.6	156600	156.6	156600	1.0	1000	""osoba4""
""osoba3""		158.1	158100	174.3	174300	17.199997	17199	""osoba3""
""osoba3""		164.70001	164700	174.3	174300	10.599991	10599	""osoba3""
""osoba3""		165.3	165300	174.3	174300	10.0	10000	""osoba3""
""osoba3""		165.90001	165900	174.3	174300	9.399994	9399	""osoba3""
""osoba3""		167.1	167100	174.3	174300	8.199997	8199	""osoba3""
""osoba3""		168.0	168000	174.3	174300	7.300003	7300	""osoba3""
""osoba3""		170.40001	170400	174.3	174300	4.899994	4899	""osoba3""
""osoba2""		171.0	171000	175.5	175500	5.5	5500	""osoba2""
""osoba3""		173.1	173100	174.3	174300	2.199997	2199	""osoba3""
""osoba2""		174.0	174000	175.5	175500	2.5	2500	""osoba2""
""osoba3""		174.0	174000	174.3	174300	1.300003	1300	""osoba3""
""osoba3""		180.6	180600	193.50002	193500	13.900009	13900	""osoba3""
""osoba3""		184.5	184500	193.50002	193500	10.000015	10000	""osoba3""
""osoba3""		185.70001	185700	193.50002	193500	8.800003	8800	""osoba3""
""osoba3""		187.20001	187200	193.50002	193500	7.300003	7300	""osoba3""
""osoba4""		187.20001	187200	188.40001	188400	2.199997	2199	""osoba4""
""osoba3""		189.90001	189900	193.50002	193500	4.600006	4600	""osoba3""
""osoba3""		192.3	192300	193.50002	193500	2.2000122	2200	""osoba3""
""osoba4""		192.90001	192900	196.20001	196200	4.300003	4300	""osoba4""
""osoba1""		194.40001	194400	196.20001	196200	2.800003	2800	""osoba1""
""osoba4""		194.70001	194700	196.20001	196200	2.5	2500	""osoba4""
""osoba4""		196.20001	196200	196.20001	196200	1.0	1000	""osoba4""
""osoba3""		196.8	196800	204.3	204300	8.5	8500	""osoba3""
""osoba3""		199.20001	199200	204.3	204300	6.099991	6099	""osoba3""
""osoba4""		199.8	199800	203.70001	203700	4.900009	4900	""osoba4""
""osoba3""		200.40001	200400	204.3	204300	4.899994	4899	""osoba3""
""osoba4""		200.70001	200700	203.70001	203700	4.0	4000	""osoba4""
""osoba2""		204.00002	204000	205.50002	205500	2.5	2500	""osoba2""
""osoba4""		212.70001	212700	216.3	216300	4.599991	4599	""osoba4""
""osoba4""		215.1	215100	216.3	216300	2.199997	2199	""osoba4""
""osoba1""		216.00002	216000	216.90001	216900	1.8999939	1899	""osoba1""
""osoba4""		218.70001	218700	234.6	234600	16.899994	16899	""osoba4""
""osoba4""		220.8	220800	234.6	234600	14.800003	14800	""osoba4""
""osoba4""		222.6	222600	234.6	234600	13.0	13000	""osoba4""
""osoba4""		225.90001	225900	234.6	234600	9.699997	9699	""osoba4""
""osoba4""		228.00002	228000	234.6	234600	7.599991	7599	""osoba4""
""osoba4""		228.90001	228900	234.6	234600	6.699997	6699	""osoba4""
""osoba4""		229.50002	229500	234.6	234600	6.099991	6099	""osoba4""
""osoba3""		233.70001	233700	257.7	257700	25.0	25000	""osoba3""
""osoba3""		239.40001	239400	257.7	257700	19.300003	19300	""osoba3""
""osoba3""		240.3	240300	257.7	257700	18.40001	18400	""osoba3""
""osoba1""		243.3	243300	243.3	243300	1.0	1000	""osoba1""
""osoba3""		244.50002	244500	257.7	257700	14.199997	14199	""osoba3""
""osoba3""		246.00002	246000	257.7	257700	12.699997	12699	""osoba3""
""osoba3""		247.50002	247500	257.7	257700	11.199997	11199	""osoba3""
""osoba3""		248.40001	248400	257.7	257700	10.300003	10300	""osoba3""
""osoba3""		249.00002	249000	257.7	257700	9.699997	9699	""osoba3""
""osoba3""		254.70001	254700	257.7	257700	4.0	4000	""osoba3""
""osoba1""		256.80002	256800	258.0	258000	2.1999817	2199	""osoba1""
""osoba3""		262.80002	262800	270.90002	270900	9.100006	9100	""osoba3""
""osoba3""		264.6	264600	270.90002	270900	7.3000183	7300	""osoba3""
""osoba3""		266.1	266100	270.90002	270900	5.8000183	5800	""osoba3""
""osoba3""		266.7	266700	270.90002	270900	5.200012	5200	""osoba3""
""osoba3""		267.30002	267300	270.90002	270900	4.600006	4600	""osoba3""
""osoba4""		268.5	268500	290.1	290100	22.600006	22600	""osoba4""
""osoba3""		270.30002	270300	270.90002	270900	1.6000061	1600	""osoba3""
""osoba4""		271.5	271500	290.1	290100	19.600006	19600	""osoba4""
""osoba4""		273.90002	273900	290.1	290100	17.199982	17199	""osoba4""
""osoba4""		277.5	277500	290.1	290100	13.600006	13600	""osoba4""
""osoba4""		279.6	279600	290.1	290100	11.5	11500	""osoba4""
""osoba4""		281.1	281100	290.1	290100	10.0	10000	""osoba4""
""osoba4""		282.6	282600	290.1	290100	8.5	8500	""osoba4""
""osoba4""		286.80002	286800	290.1	290100	4.299988	4299	""osoba4""
""osoba4""		288.6	288600	290.1	290100	2.5	2500	""osoba4""
""osoba3""		289.5	289500	293.7	293700	5.200012	5200	""osoba3""
""osoba3""		291.90002	291900	293.7	293700	2.7999878	2799	""osoba3""
""osoba4""		292.5	292500	300.30002	300300	8.800018	8800	""osoba4""
""osoba3""		293.40002	293400	293.7	293700	1.2999878	1299	""osoba3""
""osoba4""		294.90002	294900	300.30002	300300	6.399994	6399	""osoba4""
""osoba4""		295.80002	295800	300.30002	300300	5.5	5500	""osoba4""
""osoba4""		296.40002	296400	300.30002	300300	4.899994	4899	""osoba4""
""osoba4""		297.30002	297300	300.30002	300300	4.0	4000	""osoba4""
""osoba4""		297.90002	297900	300.30002	300300	3.399994	3399	""osoba4""
""osoba3""		300.30002	300300	316.5	316500	17.199982	17199	""osoba3""
""osoba2""		301.5	301500	303.30002	303300	2.8000183	2800	""osoba2""
""osoba3""		301.5	301500	316.5	316500	16.0	16000	""osoba3""
""osoba3""		303.0	303000	316.5	316500	14.5	14500	""osoba3""
""osoba3""		307.5	307500	316.5	316500	10.0	10000	""osoba3""
""osoba3""		310.5	310500	316.5	316500	7.0	7000	""osoba3""
""osoba3""		312.6	312600	316.5	316500	4.899994	4899	""osoba3""
""osoba4""		314.40002	314400	325.80002	325800	12.399994	12399	""osoba4""
""osoba3""		315.90002	315900	316.5	316500	1.5999756	1599	""osoba3""
""osoba4""		315.90002	315900	325.80002	325800	10.899994	10899	""osoba4""
""osoba4""		318.90002	318900	325.80002	325800	7.899994	7899	""osoba4""
""osoba4""		320.1	320100	325.80002	325800	6.700012	6700	""osoba4""
""osoba4""		321.0	321000	325.80002	325800	5.8000183	5800	""osoba4""
""osoba4""		323.1	323100	325.80002	325800	3.7000122	3700	""osoba4""
""osoba4""		324.0	324000	325.80002	325800	2.8000183	2800	""osoba4""
""osoba3""		325.5	325500	344.1	344100	19.600006	19600	""osoba3""
""osoba3""		327.90002	327900	344.1	344100	17.199982	17199	""osoba3""
""osoba3""		329.40002	329400	344.1	344100	15.699982	15699	""osoba3""
""osoba3""		330.0	330000	344.1	344100	15.100006	15100	""osoba3""
""osoba3""		331.5	331500	344.1	344100	13.600006	13600	""osoba3""
""osoba3""		332.40002	332400	344.1	344100	12.699982	12699	""osoba3""
""osoba3""		334.80002	334800	344.1	344100	10.299988	10299	""osoba3""
""osoba3""		336.30002	336300	344.1	344100	8.799988	8799	""osoba3""
""osoba3""		338.1	338100	344.1	344100	7.0	7000	""osoba3""
""osoba4""		339.6	339600	341.1	341100	2.5	2500	""osoba4""
""osoba3""		340.5	340500	344.1	344100	4.600006	4600	""osoba3""
""osoba3""		343.5	343500	344.1	344100	1.6000061	1600	""osoba3""
""osoba4""		344.40002	344400	352.5	352500	9.099976	9099	""osoba4""
""osoba4""		345.0	345000	352.5	352500	8.5	8500	""osoba4""
""osoba4""		348.0	348000	352.5	352500	5.5	5500	""osoba4""
""osoba2""		350.40002	350400	352.5	352500	3.0999756	3099	""osoba2""
""osoba4""		354.6	354600	361.5	361500	7.899994	7899	""osoba4""
""osoba4""		355.80002	355800	361.5	361500	6.6999817	6699	""osoba4""
""osoba4""		357.90002	357900	361.5	361500	4.5999756	4599	""osoba4""
""osoba4""		359.7	359700	361.5	361500	2.7999878	2799	""osoba4""
""osoba2""		360.6	360600	361.80002	361800	2.2000122	2200	""osoba2""
""osoba4""		366.90002	366900	372.0	372000	6.0999756	6099	""osoba4""
""osoba3""		369.6	369600	386.7	386700	18.100006	18100	""osoba3""
""osoba4""		371.7	371700	372.0	372000	1.2999878	1299	""osoba4""
""osoba3""		372.90002	372900	386.7	386700	14.799988	14799	""osoba3""
""osoba3""		374.40002	374400	386.7	386700	13.299988	13299	""osoba3""
""osoba3""		378.30002	378300	386.7	386700	9.399994	9399	""osoba3""
""osoba1""		378.90002	378900	379.80002	379800	1.8999939	1899	""osoba1""
""osoba2""		380.40002	380400	381.0	381000	1.5999756	1599	""osoba2""
""osoba3""		380.7	380700	386.7	386700	7.0	7000	""osoba3""
""osoba3""		384.0	384000	386.7	386700	3.7000122	3700	""osoba3""
""osoba3""		384.6	384600	386.7	386700	3.100006	3100	""osoba3""
""osoba3""		386.1	386100	386.7	386700	1.6000061	1600	""osoba3""
""osoba2""		386.7	386700	387.30002	387300	1.6000061	1600	""osoba2""
""osoba3""		389.1	389100	390.30002	390300	2.2000122	2200	""osoba3""
""osoba2""		389.7	389700	391.80002	391800	3.100006	3100	""osoba2""
""osoba3""		389.7	389700	390.30002	390300	1.6000061	1600	""osoba3""
""osoba3""		398.40002	398400	428.1	428100	30.699982	30699	""osoba3""
""osoba1""		400.2	400200	402.6	402600	3.399994	3399	""osoba1""
""osoba3""		401.1	401100	428.1	428100	28.0	28000	""osoba3""
""osoba4""		402.00003	402000	402.30002	402300	1.2999878	1299	""osoba4""
""osoba3""		403.50003	403500	428.1	428100	25.599976	25599	""osoba3""
""osoba3""		405.00003	405000	428.1	428100	24.099976	24099	""osoba3""
""osoba3""		408.00003	408000	428.1	428100	21.099976	21099	""osoba3""
""osoba3""		411.00003	411000	428.1	428100	18.099976	18099	""osoba3""
""osoba1""		413.40002	413400	415.50003	415500	3.100006	3100	""osoba1""
""osoba1""		414.00003	414000	415.50003	415500	2.5	2500	""osoba1""
""osoba3""		419.7	419700	428.1	428100	9.399994	9399	""osoba3""
""osoba4""		420.6	420600	420.90002	420900	1.3000183	1300	""osoba4""
""osoba3""		421.50003	421500	428.1	428100	7.5999756	7599	""osoba3""
""osoba2""		426.6	426600	427.2	427200	1.6000061	1600	""osoba2""
""osoba4""		427.2	427200	453.6	453600	27.399994	27399	""osoba4""
""osoba4""		429.30002	429300	453.6	453600	25.299988	25299	""osoba4""
""osoba3""		432.90002	432900	434.7	434700	2.7999878	2799	""osoba3""
""osoba4""		433.80002	433800	453.6	453600	20.799988	20799	""osoba4""
""osoba4""		437.40002	437400	453.6	453600	17.199982	17199	""osoba4""
""osoba4""		439.50003	439500	453.6	453600	15.099976	15099	""osoba4""
""osoba2""		440.40002	440400	440.7	440700	1.2999878	1299	""osoba2""
""osoba4""		440.40002	440400	453.6	453600	14.199982	14199	""osoba4""
""osoba4""		441.6	441600	453.6	453600	13.0	13000	""osoba4""
""osoba4""		446.1	446100	453.6	453600	8.5	8500	""osoba4""
""osoba4""		447.90002	447900	453.6	453600	6.6999817	6699	""osoba4""
""osoba4""		450.00003	450000	453.6	453600	4.5999756	4599	""osoba4""
""osoba4""		451.50003	451500	453.6	453600	3.0999756	3099	""osoba4""
""osoba4""		452.7	452700	453.6	453600	1.8999939	1899	""osoba4""
""osoba1""		453.6	453600	453.90002	453900	1.3000183	1300	""osoba1""
""osoba4""		453.6	453600	453.6	453600	1.0	1000	""osoba4""
""osoba2""		454.80002	454800	457.50003	457500	3.7000122	3700	""osoba2""
""osoba4""		455.7	455700	467.1	467100	12.399994	12399	""osoba4""
""osoba4""		456.30002	456300	467.1	467100	11.799988	11799	""osoba4""
""osoba3""		457.2	457200	458.1	458100	1.8999939	1899	""osoba3""
""osoba4""		458.1	458100	467.1	467100	10.0	10000	""osoba4""
""osoba4""		459.30002	459300	467.1	467100	8.799988	8799	""osoba4""
""osoba3""		460.50003	460500	460.50003	460500	1.0	1000	""osoba3""
""osoba4""		460.80002	460800	467.1	467100	7.299988	7299	""osoba4""
""osoba4""		461.7	461700	467.1	467100	6.399994	6399	""osoba4""
""osoba4""		462.6	462600	467.1	467100	5.5	5500	""osoba4""
""osoba3""		466.50003	466500	472.2	472200	6.6999817	6699	""osoba3""
""osoba3""		469.2	469200	472.2	472200	4.0	4000	""osoba3""
""osoba3""		470.1	470100	472.2	472200	3.100006	3100	""osoba3""
""osoba3""		471.00003	471000	472.2	472200	2.1999817	2199	""osoba3""
""osoba4""		471.90002	471900	476.40002	476400	5.5	5500	""osoba4""
""osoba4""		474.00003	474000	476.40002	476400	3.399994	3399	""osoba4""
""osoba2""		476.1	476100	476.40002	476400	1.3000183	1300	""osoba2""
""osoba4""		478.50003	478500	482.7	482700	5.1999817	5199	""osoba4""
""osoba3""		480.30002	480300	480.30002	480300	1.0	1000	""osoba3""
""osoba4""		480.6	480600	482.7	482700	3.100006	3100	""osoba4""
""osoba4""		481.50003	481500	482.7	482700	2.1999817	2199	""osoba4""
""osoba3""		482.40002	482400	484.50003	484500	3.100006	3100	""osoba3""
""osoba3""		484.50003	484500	484.50003	484500	1.0	1000	""osoba3""
""osoba4""		485.1	485100	496.80002	496800	12.700012	12700	""osoba4""
""osoba4""		486.00003	486000	496.80002	496800	11.799988	11799	""osoba4""
""osoba4""		486.6	486600	496.80002	496800	11.200012	11200	""osoba4""
""osoba3""		488.7	488700	489.00003	489000	1.3000183	1300	""osoba3""
""osoba4""		490.80002	490800	496.80002	496800	7.0	7000	""osoba4""
""osoba4""		491.40002	491400	496.80002	496800	6.399994	6399	""osoba4""
""osoba3""		494.40002	494400	516.9	516900	23.5	23500	""osoba3""
""osoba4""		494.40002	494400	496.80002	496800	3.399994	3399	""osoba4""
""osoba4""		495.6	495600	496.80002	496800	2.2000122	2200	""osoba4""
""osoba3""		496.2	496200	516.9	516900	21.700012	21700	""osoba3""
""osoba4""		496.2	496200	496.80002	496800	1.6000061	1600	""osoba4""
""osoba3""		498.00003	498000	516.9	516900	19.899994	19899	""osoba3""
""osoba3""		499.80002	499800	516.9	516900	18.100006	18100	""osoba3""
""osoba1""		501.00003	501000	501.30002	501300	1.2999878	1299	""osoba1""
""osoba3""		502.2	502200	516.9	516900	15.700012	15700	""osoba3""
""osoba4""		504.30002	504300	505.80002	505800	2.5	2500	""osoba4""
""osoba3""		507.30002	507300	516.9	516900	10.600006	10600	""osoba3""
""osoba3""		509.40002	509400	516.9	516900	8.5	8500	""osoba3""
""osoba3""		510.30002	510300	516.9	516900	7.600006	7600	""osoba3""
""osoba3""		513.30005	513300	516.9	516900	4.5999756	4599	""osoba3""
""osoba4""		513.30005	513300	513.60004	513600	1.2999878	1299	""osoba4""
""osoba1""		513.9	513900	517.2	517200	4.299988	4299	""osoba1""
""osoba3""		514.2	514200	516.9	516900	3.7000122	3700	""osoba3""
""osoba3""		516.9	516900	516.9	516900	1.0	1000	""osoba3""
""osoba3""		521.4	521400	534.9	534900	14.5	14500	""osoba3""
""osoba3""		525.9	525900	534.9	534900	10.0	10000	""osoba3""
""osoba3""		526.80005	526800	534.9	534900	9.099976	9099	""osoba3""
""osoba3""		527.7	527700	534.9	534900	8.200012	8200	""osoba3""
""osoba3""		529.80005	529800	534.9	534900	6.0999756	6099	""osoba3""
""osoba3""		530.4	530400	534.9	534900	5.5	5500	""osoba3""
""osoba3""		532.2	532200	534.9	534900	3.7000122	3700	""osoba3""
""osoba3""		533.4	533400	534.9	534900	2.5	2500	""osoba3""
""osoba3""		534.30005	534300	534.9	534900	1.5999756	1599	""osoba3""
""osoba4""		534.30005	534300	545.4	545400	12.099976	12099	""osoba4""
""osoba4""		536.4	536400	545.4	545400	10.0	10000	""osoba4""
""osoba4""		543.0	543000	545.4	545400	3.4000244	3400	""osoba4""
""osoba4""		544.2	544200	545.4	545400	2.2000122	2200	""osoba4""
""osoba1""		544.80005	544800	546.60004	546600	2.7999878	2799	""osoba1""
""osoba3""		546.30005	546300	588.9	588900	43.599976	43599	""osoba3""
""osoba3""		549.0	549000	588.9	588900	40.900024	40900	""osoba3""
""osoba3""		552.0	552000	588.9	588900	37.900024	37900	""osoba3""
""osoba3""		553.80005	553800	588.9	588900	36.099976	36099	""osoba3""
""osoba3""		555.9	555900	588.9	588900	34.0	34000	""osoba3""
""osoba1""		556.2	556200	558.0	558000	2.7999878	2799	""osoba1""
""osoba3""		559.2	559200	588.9	588900	30.700012	30700	""osoba3""
""osoba3""		562.2	562200	588.9	588900	27.700012	27700	""osoba3""
""osoba3""		567.0	567000	588.9	588900	22.900024	22900	""osoba3""
""osoba3""		567.60004	567600	588.9	588900	22.299988	22299	""osoba3""
""osoba3""		568.2	568200	588.9	588900	21.700012	21700	""osoba3""
""osoba3""		572.10004	572100	588.9	588900	17.799988	17799	""osoba3""
""osoba3""		573.0	573000	588.9	588900	16.900024	16900	""osoba3""
""osoba3""		576.9	576900	588.9	588900	13.0	13000	""osoba3""
""osoba3""		577.5	577500	588.9	588900	12.400024	12400	""osoba3""
""osoba3""		581.10004	581100	588.9	588900	8.799988	8799	""osoba3""
""osoba4""		583.2	583200	586.80005	586800	4.6000366	4600	""osoba4""
""osoba4""		586.5	586500	586.80005	586800	1.3000488	1300	""osoba4""
""osoba2""		587.7	587700	588.9	588900	2.2000122	2200	""osoba2""
""osoba1""		589.5	589500	590.10004	590100	1.6000366	1600	""osoba1""
""osoba3""		594.9	594900	609.9	609900	16.0	16000	""osoba3""
""osoba3""		595.80005	595800	609.9	609900	15.099976	15099	""osoba3""
""osoba3""		597.9	597900	609.9	609900	13.0	13000	""osoba3""
""osoba3""		603.60004	603600	609.9	609900	7.299988	7299	""osoba3""
""osoba3""		604.5	604500	609.9	609900	6.4000244	6400	""osoba3""
""osoba3""		605.10004	605100	609.9	609900	5.799988	5799	""osoba3""
""osoba2""		606.30005	606300	607.5	607500	2.1999512	2199	""osoba2""
""osoba3""		606.30005	606300	609.9	609900	4.5999756	4599	""osoba3""
""osoba3""		609.30005	609300	609.9	609900	1.5999756	1599	""osoba3""
""osoba2""		610.2	610200	611.4	611400	2.2000122	2200	""osoba2""
""osoba4""		612.60004	612600	613.5	613500	1.8999634	1899	""osoba4""
""osoba3""		612.9	612900	618.30005	618300	6.4000244	6400	""osoba3""
""osoba3""		614.4	614400	618.30005	618300	4.9000244	4900	""osoba3""
""osoba3""		615.0	615000	618.30005	618300	4.300049	4300	""osoba3""
""osoba3""		616.80005	616800	618.30005	618300	2.5	2500	""osoba3""
""osoba3""		618.0	618000	618.30005	618300	1.3000488	1300	""osoba3""
""osoba4""		618.0	618000	643.80005	643800	26.800049	26800	""osoba4""
""osoba4""		621.30005	621300	643.80005	643800	23.5	23500	""osoba4""
""osoba4""		625.5	625500	643.80005	643800	19.300049	19300	""osoba4""
""osoba3""		626.10004	626100	626.10004	626100	1.0	1000	""osoba3""
""osoba4""		627.0	627000	643.80005	643800	17.800049	17800	""osoba4""
""osoba1""		627.30005	627300	627.60004	627600	1.2999878	1299	""osoba1""
""osoba4""		628.5	628500	643.80005	643800	16.300049	16300	""osoba4""
""osoba4""		630.9	630900	643.80005	643800	13.900024	13900	""osoba4""
""osoba4""		631.5	631500	643.80005	643800	13.300049	13300	""osoba4""
""osoba1""		632.10004	632100	632.10004	632100	1.0	1000	""osoba1""
""osoba4""		633.30005	633300	643.80005	643800	11.5	11500	""osoba4""
""osoba3""		633.9	633900	634.80005	634800	1.9000244	1900	""osoba3""
""osoba4""		634.2	634200	643.80005	643800	10.600037	10600	""osoba4""
""osoba4""		636.0	636000	643.80005	643800	8.800049	8800	""osoba4""
""osoba4""		636.9	636900	643.80005	643800	7.9000244	7900	""osoba4""
""osoba4""		638.4	638400	643.80005	643800	6.4000244	6400	""osoba4""
""osoba4""		642.30005	642300	643.80005	643800	2.5	2500	""osoba4""
""osoba4""		642.9	642900	643.80005	643800	1.9000244	1900	""osoba4""
""osoba1""		643.5	643500	645.0	645000	2.5	2500	""osoba1""
""osoba3""		646.80005	646800	654.0	654000	8.199951	8199	""osoba3""
""osoba3""		648.9	648900	654.0	654000	6.0999756	6099	""osoba3""
""osoba4""		652.80005	652800	657.9	657900	6.0999756	6099	""osoba4""
""osoba3""		653.7	653700	654.0	654000	1.2999878	1299	""osoba3""
""osoba4""		656.7	656700	657.9	657900	2.2000122	2200	""osoba4""
""osoba3""		657.9	657900	666.9	666900	10.0	10000	""osoba3""
""osoba4""		657.9	657900	657.9	657900	1.0	1000	""osoba4""
""osoba4""		660.30005	660300	662.10004	662100	2.7999878	2799	""osoba4""
""osoba3""		660.9	660900	666.9	666900	7.0	7000	""osoba3""
""osoba3""		664.2	664200	666.9	666900	3.7000122	3700	""osoba3""
""osoba3""		666.0	666000	666.9	666900	1.9000244	1900	""osoba3""
""osoba4""		666.30005	666300	691.80005	691800	26.5	26500	""osoba4""
""osoba4""		668.4	668400	691.80005	691800	24.400024	24400	""osoba4""
""osoba4""		672.0	672000	691.80005	691800	20.800049	20800	""osoba4""
""osoba4""		672.9	672900	691.80005	691800	19.900024	19900	""osoba4""
""osoba4""		673.80005	673800	691.80005	691800	19.0	19000	""osoba4""
""osoba2""		675.0	675000	675.0	675000	1.0	1000	""osoba2""
""osoba4""		678.30005	678300	691.80005	691800	14.5	14500	""osoba4""
""osoba4""		678.9	678900	691.80005	691800	13.900024	13900	""osoba4""
""osoba4""		679.5	679500	691.80005	691800	13.300049	13300	""osoba4""
""osoba1""		682.80005	682800	684.0	684000	2.1999512	2199	""osoba1""
""osoba4""		683.10004	683100	691.80005	691800	9.700012	9700	""osoba4""
""osoba4""		684.60004	684600	691.80005	691800	8.200012	8200	""osoba4""
""osoba4""		687.0	687000	691.80005	691800	5.800049	5800	""osoba4""
""osoba2""		687.9	687900	691.5	691500	4.5999756	4599	""osoba2""
""osoba4""		689.7	689700	691.80005	691800	3.1000366	3100	""osoba4""
""osoba3""		690.60004	690600	701.7	701700	12.099976	12099	""osoba3""
""osoba3""		693.0	693000	701.7	701700	9.700012	9700	""osoba3""
""osoba3""		693.9	693900	701.7	701700	8.799988	8799	""osoba3""
""osoba3""		696.60004	696600	701.7	701700	6.0999756	6099	""osoba3""
""osoba3""		697.2	697200	701.7	701700	5.5	5500	""osoba3""
""osoba1""		697.5	697500	698.10004	698100	1.6000366	1600	""osoba1""
""osoba2""		699.60004	699600	700.5	700500	1.8999634	1899	""osoba2""
""osoba3""		701.4	701400	701.7	701700	1.2999878	1299	""osoba3""
""osoba4""		701.4	701400	717.60004	717600	17.200012	17200	""osoba4""
""osoba4""		704.7	704700	717.60004	717600	13.900024	13900	""osoba4""
""osoba4""		708.0	708000	717.60004	717600	10.600037	10600	""osoba4""
""osoba4""		708.9	708900	717.60004	717600	9.700012	9700	""osoba4""
""osoba4""		711.30005	711300	717.60004	717600	7.299988	7299	""osoba4""
""osoba1""		712.2	712200	713.7	713700	2.5	2500	""osoba1""
""osoba4""		712.2	712200	717.60004	717600	6.4000244	6400	""osoba4""
""osoba4""		713.7	713700	717.60004	717600	4.9000244	4900	""osoba4""
""osoba4""		716.4	716400	717.60004	717600	2.2000122	2200	""osoba4""
""osoba4""		717.0	717000	717.60004	717600	1.6000366	1600	""osoba4""
""osoba2""		717.30005	717300	718.2	718200	1.8999634	1899	""osoba2""
""osoba3""		720.30005	720300	724.80005	724800	5.5	5500	""osoba3""
""osoba1""		722.7	722700	729.30005	729300	7.6000366	7600	""osoba1""
""osoba3""		722.7	722700	724.80005	724800	3.1000366	3100	""osoba3""
""osoba1""		724.2	724200	729.30005	729300	6.1000366	6100	""osoba1""
""osoba4""		728.7	728700	728.7	728700	1.0	1000	""osoba4""
""osoba4""		732.30005	732300	739.5	739500	8.199951	8199	""osoba4""
""osoba4""		736.80005	736800	739.5	739500	3.6999512	3699	""osoba4""
""osoba3""		738.60004	738600	746.4	746400	8.799988	8799	""osoba3""
""osoba4""		745.2	745200	759.30005	759300	15.100037	15100	""osoba4""
""osoba4""		748.5	748500	759.30005	759300	11.800049	11800	""osoba4""
""osoba4""		750.60004	750600	759.30005	759300	9.700012	9700	""osoba4""
""osoba3""		752.4	752400	755.10004	755100	3.7000122	3700	""osoba3""
""osoba4""		756.9	756900	759.30005	759300	3.4000244	3400	""osoba4""
""osoba4""		757.80005	757800	759.30005	759300	2.5	2500	""osoba4""
""osoba2""		758.7	758700	759.0	759000	1.2999878	1299	""osoba2""
""osoba1""		759.0	759000	765.0	765000	7.0	7000	""osoba1""
""osoba4""		762.9	762900	763.2	763200	1.2999878	1299	""osoba4""
""osoba2""		765.60004	765600	765.60004	765600	1.0	1000	""osoba2""
""osoba3""		766.2	766200	785.7	785700	20.5	20500	""osoba3""
""osoba4""		766.5	766500	766.5	766500	1.0	1000	""osoba4""
""osoba3""		767.4	767400	785.7	785700	19.299988	19299	""osoba3""
""osoba3""		772.2	772200	785.7	785700	14.5	14500	""osoba3""
""osoba3""		773.4	773400	785.7	785700	13.299988	13299	""osoba3""
""osoba3""		774.00006	774000	785.7	785700	12.699951	12699	""osoba3""
""osoba3""		775.50006	775500	785.7	785700	11.199951	11199	""osoba3""
""osoba3""		777.00006	777000	785.7	785700	9.699951	9699	""osoba3""
""osoba3""		778.2	778200	785.7	785700	8.5	8500	""osoba3""
""osoba3""		779.10004	779100	785.7	785700	7.5999756	7599	""osoba3""
""osoba3""		783.60004	783600	785.7	785700	3.0999756	3099	""osoba3""
""osoba3""		784.2	784200	785.7	785700	2.5	2500	""osoba3""
""osoba3""		785.7	785700	785.7	785700	1.0	1000	""osoba3""
""osoba3""		787.80005	787800	810.30005	810300	23.5	23500	""osoba3""
""osoba3""		790.80005	790800	810.30005	810300	20.5	20500	""osoba3""
""osoba3""		792.00006	792000	810.30005	810300	19.299988	19299	""osoba3""
""osoba3""		792.60004	792600	810.30005	810300	18.700012	18700	""osoba3""
""osoba3""		793.80005	793800	810.30005	810300	17.5	17500	""osoba3""
""osoba3""		795.00006	795000	810.30005	810300	16.299988	16299	""osoba3""
""osoba3""		798.30005	798300	810.30005	810300	13.0	13000	""osoba3""
""osoba3""		799.50006	799500	810.30005	810300	11.799988	11799	""osoba3""
""osoba2""		801.00006	801000	801.00006	801000	1.0	1000	""osoba2""
""osoba3""		805.2	805200	810.30005	810300	6.1000366	6100	""osoba3""
""osoba3""		807.30005	807300	810.30005	810300	4.0	4000	""osoba3""
""osoba3""		807.9	807900	810.30005	810300	3.4000244	3400	""osoba3""
""osoba2""		809.7	809700	816.9	816900	8.200012	8200	""osoba2""
""osoba3""		812.7	812700	816.00006	816000	4.300049	4300	""osoba3""
""osoba3""		816.00006	816000	816.00006	816000	1.0	1000	""osoba3""
""osoba4""		816.9	816900	818.10004	818100	2.2000122	2200	""osoba4""
""osoba3""		818.7	818700	856.80005	856800	39.100037	39100	""osoba3""
""osoba1""		819.00006	819000	821.7	821700	3.6999512	3699	""osoba1""
""osoba3""		820.2	820200	856.80005	856800	37.600037	37600	""osoba3""
""osoba4""		820.50006	820500	821.10004	821100	1.5999756	1599	""osoba4""
""osoba3""		822.9	822900	856.80005	856800	34.900024	34900	""osoba3""
""osoba3""		823.50006	823500	856.80005	856800	34.299988	34299	""osoba3""
""osoba3""		825.60004	825600	856.80005	856800	32.200012	32200	""osoba3""
""osoba3""		826.80005	826800	856.80005	856800	31.0	31000	""osoba3""
""osoba3""		828.9	828900	856.80005	856800	28.900024	28900	""osoba3""
""osoba3""		830.7	830700	856.80005	856800	27.100037	27100	""osoba3""
""osoba3""		832.80005	832800	856.80005	856800	25.0	25000	""osoba3""
""osoba4""		832.80005	832800	833.7	833700	1.8999634	1899	""osoba4""
""osoba2""		838.50006	838500	838.80005	838800	1.2999878	1299	""osoba2""
""osoba3""		838.50006	838500	856.80005	856800	19.299988	19299	""osoba3""
""osoba3""		843.60004	843600	856.80005	856800	14.200012	14200	""osoba3""
""osoba3""		846.60004	846600	856.80005	856800	11.200012	11200	""osoba3""
""osoba3""		849.30005	849300	856.80005	856800	8.5	8500	""osoba3""
""osoba3""		850.50006	850500	856.80005	856800	7.299988	7299	""osoba3""
""osoba3""		851.4	851400	856.80005	856800	6.4000244	6400	""osoba3""
""osoba4""		853.80005	853800	854.10004	854100	1.2999878	1299	""osoba4""
""osoba1""		854.10004	854100	857.10004	857100	4.0	4000	""osoba1""
""osoba1""		855.30005	855300	857.10004	857100	2.7999878	2799	""osoba1""
""osoba4""		863.7	863700	870.60004	870600	7.9000244	7900	""osoba4""
""osoba4""		867.60004	867600	870.60004	870600	4.0	4000	""osoba4""
""osoba1""		867.9	867900	873.30005	873300	6.4000244	6400	""osoba1""
""osoba3""		869.7	869700	873.00006	873000	4.300049	4300	""osoba3""
""osoba3""		879.30005	879300	903.30005	903300	25.0	25000	""osoba3""
""osoba3""		882.00006	882000	903.30005	903300	22.299988	22299	""osoba3""
""osoba3""		887.4	887400	903.30005	903300	16.900024	16900	""osoba3""
""osoba3""		888.30005	888300	903.30005	903300	16.0	16000	""osoba3""
""osoba3""		890.4	890400	903.30005	903300	13.900024	13900	""osoba3""
""osoba3""		891.30005	891300	903.30005	903300	13.0	13000	""osoba3""
""osoba3""		895.2	895200	903.30005	903300	9.100037	9100	""osoba3""
""osoba3""		897.30005	897300	903.30005	903300	7.0	7000	""osoba3""
""osoba4""		898.2	898200	899.10004	899100	1.9000244	1900	""osoba4""
""osoba2""		898.80005	898800	901.2	901200	3.3999634	3399	""osoba2""
""osoba3""		902.4	902400	903.30005	903300	1.9000244	1900	""osoba3""
""osoba1""		903.30005	903300	910.80005	910800	8.5	8500	""osoba1""
""osoba2""		905.4	905400	907.80005	907800	3.4000244	3400	""osoba2""
""osoba3""		907.2	907200	908.4	908400	2.2000122	2200	""osoba3""
""osoba3""		908.4	908400	908.4	908400	1.0	1000	""osoba3""
""osoba3""		911.7	911700	916.80005	916800	6.1000366	6100	""osoba3""
""osoba4""		912.00006	912000	912.00006	912000	1.0	1000	""osoba4""
""osoba3""		912.60004	912600	916.80005	916800	5.200012	5200	""osoba3""
""osoba3""		916.80005	916800	916.80005	916800	1.0	1000	""osoba3""
""osoba2""		917.10004	917100	918.00006	918000	1.9000244	1900	""osoba2""
""osoba4""		917.7	917700	928.2	928200	11.5	11500	""osoba4""
""osoba4""		919.50006	919500	928.2	928200	9.699951	9699	""osoba4""
""osoba4""		921.30005	921300	928.2	928200	7.8999634	7899	""osoba4""
""osoba4""		922.80005	922800	928.2	928200	6.3999634	6399	""osoba4""
""osoba4""		925.50006	925500	928.2	928200	3.6999512	3699	""osoba4""
""osoba2""		927.60004	927600	928.80005	928800	2.2000122	2200	""osoba2""
""osoba3""		927.9	927900	943.50006	943500	16.600037	16600	""osoba3""
""osoba4""		927.9	927900	928.2	928200	1.2999878	1299	""osoba4""
""osoba3""		930.00006	930000	943.50006	943500	14.5	14500	""osoba3""
""osoba3""		933.60004	933600	943.50006	943500	10.900024	10900	""osoba3""
""osoba4""		936.60004	936600	938.7	938700	3.0999756	3099	""osoba4""
""osoba1""		939.60004	939600	940.80005	940800	2.2000122	2200	""osoba1""
""osoba3""		940.50006	940500	943.50006	943500	4.0	4000	""osoba3""
""osoba3""		941.4	941400	943.50006	943500	3.1000366	3100	""osoba3""
""osoba3""		942.00006	942000	943.50006	943500	2.5	2500	""osoba3""
""osoba4""		943.80005	943800	978.60004	978600	35.799988	35799	""osoba4""
""osoba4""		945.00006	945000	978.60004	978600	34.599976	34599	""osoba4""
""osoba4""		945.9	945900	978.60004	978600	33.700012	33700	""osoba4""
""osoba4""		948.60004	948600	978.60004	978600	31.0	31000	""osoba4""
""osoba4""		951.30005	951300	978.60004	978600	28.299988	28299	""osoba4""
""osoba4""		952.2	952200	978.60004	978600	27.400024	27400	""osoba4""
""osoba3""		953.4	953400	953.7	953700	1.2999878	1299	""osoba3""
""osoba4""		955.2	955200	978.60004	978600	24.400024	24400	""osoba4""
""osoba4""		955.80005	955800	978.60004	978600	23.799988	23799	""osoba4""
""osoba4""		957.30005	957300	978.60004	978600	22.299988	22299	""osoba4""
""osoba4""		959.10004	959100	978.60004	978600	20.5	20500	""osoba4""
""osoba3""		959.7	959700	960.30005	960300	1.6000366	1600	""osoba3""
""osoba2""		963.00006	963000	964.80005	964800	2.7999878	2799	""osoba2""
""osoba4""		963.30005	963300	978.60004	978600	16.299988	16299	""osoba4""
""osoba3""		963.60004	963600	963.60004	963600	1.0	1000	""osoba3""
""osoba2""		964.2	964200	964.80005	964800	1.6000366	1600	""osoba2""
""osoba4""		966.60004	966600	978.60004	978600	13.0	13000	""osoba4""
""osoba4""		969.9	969900	978.60004	978600	9.700012	9700	""osoba4""
""osoba3""		971.10004	971100	971.4	971400	1.2999878	1299	""osoba3""
""osoba4""		972.9	972900	978.60004	978600	6.700012	6700	""osoba4""
""osoba3""		973.80005	973800	973.80005	973800	1.0	1000	""osoba3""
""osoba4""		974.10004	974100	978.60004	978600	5.5	5500	""osoba4""
""osoba4""		974.7	974700	978.60004	978600	4.9000244	4900	""osoba4""
""osoba4""		976.2	976200	978.60004	978600	3.4000244	3400	""osoba4""
""osoba1""		976.50006	976500	978.00006	978000	2.5	2500	""osoba1""
""osoba4""		977.4	977400	978.60004	978600	2.2000122	2200	""osoba4""
""osoba3""		978.00006	978000	983.10004	983100	6.0999756	6099	""osoba3""
""osoba4""		978.60004	978600	978.60004	978600	1.0	1000	""osoba4""
""osoba3""		981.30005	981300	983.10004	983100	2.7999878	2799	""osoba3""
""osoba4""		981.30005	981300	1011.30005	1011300	31.0	31000	""osoba4""
""osoba4""		982.80005	982800	1011.30005	1011300	29.5	29500	""osoba4""
""osoba3""		983.10004	983100	983.10004	983100	1.0	1000	""osoba3""
""osoba4""		984.9	984900	1011.30005	1011300	27.400024	27400	""osoba4""
""osoba4""		989.4	989400	1011.30005	1011300	22.900024	22900	""osoba4""
""osoba4""		990.30005	990300	1011.30005	1011300	22.0	22000	""osoba4""
""osoba4""		992.7	992700	1011.30005	1011300	19.600037	19600	""osoba4""
""osoba4""		994.2	994200	1011.30005	1011300	18.100037	18100	""osoba4""
""osoba4""		994.80005	994800	1011.30005	1011300	17.5	17500	""osoba4""
""osoba4""		995.4	995400	1011.30005	1011300	16.900024	16900	""osoba4""
""osoba4""		999.60004	999600	1011.30005	1011300	12.700012	12700	""osoba4""
""osoba4""		1004.7	1004700	1011.30005	1011300	7.6000366	7600	""osoba4""
""osoba4""		1007.7	1007700	1011.30005	1011300	4.6000366	4600	""osoba4""
""osoba3""		1011.30005	1011300	1017.60004	1017600	7.299988	7299	""osoba3""
""osoba3""		1014.00006	1014000	1017.60004	1017600	4.5999756	4599	""osoba3""
""osoba3""		1014.9	1014900	1017.60004	1017600	3.7000122	3700	""osoba3""
""osoba3""		1015.50006	1015500	1017.60004	1017600	3.0999756	3099	""osoba3""
""osoba4""		1017.30005	1017300	1027.5	1027500	11.199951	11199	""osoba4""
""osoba4""		1019.4	1019400	1027.5	1027500	9.099976	9099	""osoba4""
""osoba2""		1022.10004	1022100	1023.00006	1023000	1.9000244	1900	""osoba2""
""osoba4""		1024.8	1024800	1027.5	1027500	3.6999512	3699	""osoba4""
""osoba4""		1025.7001	1025700	1027.5	1027500	2.7999268	2799	""osoba4""
""osoba3""		1026.0	1026000	1030.5	1030500	5.5	5500	""osoba3""
""osoba4""		1026.3	1026300	1027.5	1027500	2.1999512	2199	""osoba4""
""osoba2""		1028.4	1028400	1029.9	1029900	2.5	2500	""osoba2""
""osoba3""		1030.5	1030500	1030.5	1030500	1.0	1000	""osoba3""
""osoba3""		1037.4	1037400	1047.0	1047000	10.599976	10599	""osoba3""
""osoba4""		1037.4	1037400	1037.7001	1037700	1.3000488	1300	""osoba4""
""osoba3""		1039.2001	1039200	1047.0	1047000	8.799927	8799	""osoba3""
""osoba3""		1040.7001	1040700	1047.0	1047000	7.2999268	7299	""osoba3""
""osoba3""		1044.6001	1044600	1047.0	1047000	3.3999023	3399	""osoba3""
""osoba4""		1046.4	1046400	1052.7001	1052700	7.300049	7300	""osoba4""
""osoba4""		1050.9	1050900	1052.7001	1052700	2.8000488	2800	""osoba4""
""osoba3""		1051.2001	1051200	1055.1001	1055100	4.9000244	4900	""osoba3""
""osoba2""		1053.6001	1053600	1055.4	1055400	2.7999268	2799	""osoba2""
""osoba3""		1053.9	1053900	1055.1001	1055100	2.2000732	2200	""osoba3""
""osoba4""		1061.7001	1061700	1097.1001	1097100	36.400024	36400	""osoba4""
""osoba4""		1063.8	1063800	1097.1001	1097100	34.30005	34300	""osoba4""
""osoba4""		1065.6001	1065600	1097.1001	1097100	32.5	32500	""osoba4""
""osoba4""		1067.7001	1067700	1097.1001	1097100	30.400024	30400	""osoba4""
""osoba4""		1070.1001	1070100	1097.1001	1097100	28.0	28000	""osoba4""
""osoba4""		1070.7001	1070700	1097.1001	1097100	27.400024	27400	""osoba4""
""osoba4""		1076.7001	1076700	1097.1001	1097100	21.400024	21400	""osoba4""
""osoba3""		1078.2001	1078200	1078.5	1078500	1.2999268	1299	""osoba3""
""osoba4""		1081.5	1081500	1097.1001	1097100	16.600098	16600	""osoba4""
""osoba4""		1084.8	1084800	1097.1001	1097100	13.300049	13300	""osoba4""
""osoba4""		1087.2001	1087200	1097.1001	1097100	10.900024	10900	""osoba4""
""osoba2""		1088.1001	1088100	1088.4	1088400	1.2999268	1299	""osoba2""
""osoba3""		1089.0	1089000	1091.7001	1091700	3.7000732	3700	""osoba3""
""osoba4""		1092.3	1092300	1097.1001	1097100	5.800049	5800	""osoba4""
""osoba4""		1092.9	1092900	1097.1001	1097100	5.2000732	5200	""osoba4""
""osoba4""		1094.7001	1094700	1097.1001	1097100	3.4000244	3400	""osoba4""
""osoba2""		1095.6001	1095600	1100.4	1100400	5.7999268	5799	""osoba2""
""osoba4""		1099.8	1099800	1113.0	1113000	14.199951	14199	""osoba4""
""osoba4""		1102.2001	1102200	1113.0	1113000	11.799927	11799	""osoba4""
""osoba2""		1104.6001	1104600	1104.6001	1104600	1.0	1000	""osoba2""
""osoba4""		1105.5	1105500	1113.0	1113000	8.5	8500	""osoba4""
""osoba3""		1108.2001	1108200	1109.1001	1109100	1.9000244	1900	""osoba3""
""osoba4""		1110.3	1110300	1113.0	1113000	3.6999512	3699	""osoba4""
""osoba3""		1112.1001	1112100	1135.8	1135800	24.699951	24699	""osoba3""
""osoba3""		1113.6001	1113600	1135.8	1135800	23.199951	23199	""osoba3""
""osoba4""		1116.6001	1116600	1116.9	1116900	1.2999268	1299	""osoba4""
""osoba3""		1118.7001	1118700	1135.8	1135800	18.099976	18099	""osoba3""
""osoba1""		1119.6001	1119600	1120.2001	1120200	1.5999756	1599	""osoba1""
""osoba3""		1122.0	1122000	1135.8	1135800	14.800049	14800	""osoba3""
""osoba3""		1122.9	1122900	1135.8	1135800	13.900024	13900	""osoba3""
""osoba3""		1128.6001	1128600	1135.8	1135800	8.199951	8199	""osoba3""
""osoba3""		1129.5	1129500	1135.8	1135800	7.300049	7300	""osoba3""
""osoba3""		1131.3	1131300	1135.8	1135800	5.5	5500	""osoba3""
""osoba3""		1133.4	1133400	1135.8	1135800	3.4000244	3400	""osoba3""
""osoba4""		1133.4	1133400	1135.2001	1135200	2.8000488	2800	""osoba4""
""osoba2""		1134.9	1134900	1134.9	1134900	1.0	1000	""osoba2""
""osoba1""		1135.8	1135800	1137.0	1137000	2.1999512	2199	""osoba1""
""osoba4""		1140.3	1140300	1147.2001	1147200	7.9000244	7900	""osoba4""
""osoba4""		1141.5	1141500	1147.2001	1147200	6.7000732	6700	""osoba4""
""osoba3""		1142.4	1142400	1143.6001	1143600	2.2000732	2200	""osoba3""
""osoba3""		1143.6001	1143600	1143.6001	1143600	1.0	1000	""osoba3""
""osoba4""		1143.9	1143900	1147.2001	1147200	4.300049	4300	""osoba4""
""osoba4""		1146.3	1146300	1147.2001	1147200	1.9000244	1900	""osoba4""
""osoba2""		1146.9	1146900	1147.5	1147500	1.5999756	1599	""osoba2""
""osoba1""		1148.7001	1148700	1148.7001	1148700	1.0	1000	""osoba1""
""osoba4""		1149.6001	1149600	1154.7001	1154700	6.0999756	6099	""osoba4""
""osoba4""		1150.8	1150800	1154.7001	1154700	4.9000244	4900	""osoba4""
""osoba2""		1151.1001	1151100	1151.4	1151400	1.2999268	1299	""osoba2""
""osoba3""		1153.5	1153500	1154.1001	1154100	1.6000977	1600	""osoba3""
""osoba1""		1154.4	1154400	1155.3	1155300	1.9000244	1900	""osoba1""
""osoba4""		1159.8	1159800	1161.0	1161000	2.1999512	2199	""osoba4""
""osoba3""		1161.3	1161300	1162.8	1162800	2.5	2500	""osoba3""
""osoba1""		1161.9	1161900	1165.5	1165500	4.5999756	4599	""osoba1""
""osoba3""		1167.6001	1167600	1170.6001	1170600	4.0	4000	""osoba3""
""osoba3""		1168.2001	1168200	1170.6001	1170600	3.4000244	3400	""osoba3""
""osoba2""		1169.7001	1169700	1170.9	1170900	2.1999512	2199	""osoba2""
""osoba3""		1177.2001	1177200	1201.8	1201800	25.599976	25599	""osoba3""
""osoba3""		1179.9	1179900	1201.8	1201800	22.900024	22900	""osoba3""
""osoba3""		1182.3	1182300	1201.8	1201800	20.5	20500	""osoba3""
""osoba3""		1183.2001	1183200	1201.8	1201800	19.599976	19599	""osoba3""
""osoba2""		1186.2001	1186200	1188.0	1188000	2.7999268	2799	""osoba2""
""osoba3""		1189.5	1189500	1201.8	1201800	13.300049	13300	""osoba3""
""osoba1""		1190.4	1190400	1191.3	1191300	1.9000244	1900	""osoba1""
""osoba2""		1190.7001	1190700	1191.3	1191300	1.5999756	1599	""osoba2""
""osoba3""		1194.0	1194000	1201.8	1201800	8.800049	8800	""osoba3""
""osoba3""		1194.6001	1194600	1201.8	1201800	8.199951	8199	""osoba3""
""osoba4""		1195.5	1195500	1196.1001	1196100	1.6000977	1600	""osoba4""
""osoba3""		1198.8	1198800	1201.8	1201800	4.0	4000	""osoba3""
""osoba3""		1199.4	1199400	1201.8	1201800	3.4000244	3400	""osoba3""
""osoba1""		1201.5	1201500	1202.7001	1202700	2.2000732	2200	""osoba1""
""osoba3""		1201.8	1201800	1201.8	1201800	1.0	1000	""osoba3""
""osoba3""		1205.4	1205400	1210.2001	1210200	5.800049	5800	""osoba3""
""osoba1""		1206.3	1206300	1211.4	1211400	6.0999756	6099	""osoba1""
""osoba4""		1211.1001	1211100	1214.4	1214400	4.2999268	4299	""osoba4""
""osoba1""		1211.4	1211400	1211.4	1211400	1.0	1000	""osoba1""
""osoba3""		1212.6001	1212600	1227.0	1227000	15.399902	15399	""osoba3""
""osoba3""		1215.3	1215300	1227.0	1227000	12.699951	12699	""osoba3""
""osoba3""		1217.4	1217400	1227.0	1227000	10.599976	10599	""osoba3""
""osoba1""		1217.7001	1217700	1218.3	1218300	1.5999756	1599	""osoba1""
""osoba3""		1220.4	1220400	1227.0	1227000	7.5999756	7599	""osoba3""
""osoba3""		1223.1001	1223100	1227.0	1227000	4.8999023	4899	""osoba3""
""osoba3""		1224.0	1224000	1227.0	1227000	4.0	4000	""osoba3""
""osoba3""		1226.4	1226400	1227.0	1227000	1.5999756	1599	""osoba3""
""osoba4""		1227.0	1227000	1230.6001	1230600	4.6000977	4600	""osoba4""
""osoba4""		1229.4	1229400	1230.6001	1230600	2.2000732	2200	""osoba4""
""osoba2""		1230.0	1230000	1235.1001	1235100	6.1000977	6100	""osoba2""
""osoba4""		1230.0	1230000	1230.6001	1230600	1.6000977	1600	""osoba4""
""osoba4""		1239.9	1239900	1244.7001	1244700	5.800049	5800	""osoba4""
""osoba1""		1241.1001	1241100	1241.4	1241400	1.2999268	1299	""osoba1""
""osoba4""		1242.6001	1242600	1244.7001	1244700	3.0999756	3099	""osoba4""
""osoba4""		1243.8	1243800	1244.7001	1244700	1.9000244	1900	""osoba4""
""osoba4""		1244.7001	1244700	1244.7001	1244700	1.0	1000	""osoba4""
""osoba2""		1245.6001	1245600	1246.2001	1246200	1.5999756	1599	""osoba2""
""osoba4""		1248.0	1248000	1260.0	1260000	13.0	13000	""osoba4""
""osoba4""		1249.5	1249500	1260.0	1260000	11.5	11500	""osoba4""
""osoba4""		1250.4	1250400	1260.0	1260000	10.599976	10599	""osoba4""
""osoba4""		1252.5	1252500	1260.0	1260000	8.5	8500	""osoba4""
""osoba4""		1255.5	1255500	1260.0	1260000	5.5	5500	""osoba4""
""osoba4""		1257.0	1257000	1260.0	1260000	4.0	4000	""osoba4""
""osoba4""		1257.6001	1257600	1260.0	1260000	3.3999023	3399	""osoba4""
""osoba1""		1258.5	1258500	1258.5	1258500	1.0	1000	""osoba1""
""osoba2""		1259.7001	1259700	1263.6001	1263600	4.9000244	4900	""osoba2""
""osoba4""		1263.0	1263000	1271.4	1271400	9.400024	9400	""osoba4""
""osoba2""		1265.7001	1265700	1266.9	1266900	2.1999512	2199	""osoba2""
""osoba4""		1266.6001	1266600	1271.4	1271400	5.7999268	5799	""osoba4""
""osoba3""		1271.4	1271400	1284.3	1284300	13.900024	13900	""osoba3""
""osoba1""		1272.6001	1272600	1273.2001	1273200	1.5999756	1599	""osoba1""
""osoba3""		1276.2001	1276200	1284.3	1284300	9.099976	9099	""osoba3""
""osoba3""		1280.4	1280400	1284.3	1284300	4.9000244	4900	""osoba3""
""osoba3""		1281.6001	1281600	1284.3	1284300	3.6999512	3699	""osoba3""
""osoba3""		1283.7001	1283700	1284.3	1284300	1.5999756	1599	""osoba3""
""osoba1""		1284.9	1284900	1285.5	1285500	1.5999756	1599	""osoba1""
""osoba2""		1285.8	1285800	1285.8	1285800	1.0	1000	""osoba2""
""osoba3""		1289.1001	1289100	1302.6001	1302600	14.5	14500	""osoba3""
""osoba3""		1291.2001	1291200	1302.6001	1302600	12.400024	12400	""osoba3""
""osoba3""		1292.4	1292400	1302.6001	1302600	11.200073	11200	""osoba3""
""osoba3""		1294.8	1294800	1302.6001	1302600	8.800049	8800	""osoba3""
""osoba3""		1296.6001	1296600	1302.6001	1302600	7.0	7000	""osoba3""
""osoba4""		1296.6001	1296600	1296.6001	1296600	1.0	1000	""osoba4""
""osoba3""		1298.4	1298400	1302.6001	1302600	5.2000732	5200	""osoba3""
""osoba3""		1299.0	1299000	1302.6001	1302600	4.6000977	4600	""osoba3""
""osoba3""		1300.2001	1300200	1302.6001	1302600	3.4000244	3400	""osoba3""
""osoba2""		1301.1001	1301100	1305.6001	1305600	5.5	5500	""osoba2""
""osoba1""		1305.9	1305900	1307.4	1307400	2.5	2500	""osoba1""
""osoba4""		1307.1001	1307100	1317.6001	1317600	11.5	11500	""osoba4""
""osoba4""		1310.7001	1310700	1317.6001	1317600	7.9000244	7900	""osoba4""
""osoba4""		1313.4	1313400	1317.6001	1317600	5.2000732	5200	""osoba4""
""osoba4""		1315.2001	1315200	1317.6001	1317600	3.4000244	3400	""osoba4""
""osoba3""		1317.6001	1317600	1323.9	1323900	7.2999268	7299	""osoba3""
""osoba4""		1317.6001	1317600	1317.6001	1317600	1.0	1000	""osoba4""
""osoba3""		1319.7001	1319700	1323.9	1323900	5.199951	5199	""osoba3""
""osoba3""		1320.6001	1320600	1323.9	1323900	4.2999268	4299	""osoba3""
""osoba3""		1321.8	1321800	1323.9	1323900	3.0999756	3099	""osoba3""
""osoba4""		1323.9	1323900	1326.6001	1326600	3.7000732	3700	""osoba4""
""osoba4""		1324.8	1324800	1326.6001	1326600	2.8000488	2800	""osoba4""
""osoba2""		1326.0	1326000	1326.6001	1326600	1.6000977	1600	""osoba2""
""osoba4""		1330.5	1330500	1340.7001	1340700	11.200073	11200	""osoba4""
""osoba4""		1331.7001	1331700	1340.7001	1340700	10.0	10000	""osoba4""
""osoba2""		1332.6001	1332600	1334.1001	1334100	2.5	2500	""osoba2""
""osoba4""		1335.6001	1335600	1340.7001	1340700	6.0999756	6099	""osoba4""
""osoba4""		1336.2001	1336200	1340.7001	1340700	5.5	5500	""osoba4""
""osoba4""		1337.7001	1337700	1340.7001	1340700	4.0	4000	""osoba4""
""osoba4""		1340.1001	1340100	1340.7001	1340700	1.5999756	1599	""osoba4""
""osoba3""		1340.7001	1340700	1363.2001	1363200	23.5	23500	""osoba3""
""osoba3""		1343.7001	1343700	1363.2001	1363200	20.5	20500	""osoba3""
""osoba3""		1344.3	1344300	1363.2001	1363200	19.900024	19900	""osoba3""
""osoba3""		1347.0	1347000	1363.2001	1363200	17.200073	17200	""osoba3""
""osoba3""		1347.6001	1347600	1363.2001	1363200	16.599976	16599	""osoba3""
""osoba4""		1350.6001	1350600	1351.8	1351800	2.1999512	2199	""osoba4""
""osoba3""		1352.1001	1352100	1363.2001	1363200	12.099976	12099	""osoba3""
""osoba3""		1353.3	1353300	1363.2001	1363200	10.900024	10900	""osoba3""
""osoba4""		1354.2001	1354200	1354.8	1354800	1.5999756	1599	""osoba4""
""osoba3""		1354.5	1354500	1363.2001	1363200	9.700073	9700	""osoba3""
""osoba3""		1355.7001	1355700	1363.2001	1363200	8.5	8500	""osoba3""
""osoba3""		1356.3	1356300	1363.2001	1363200	7.9000244	7900	""osoba3""
""osoba3""		1358.7001	1358700	1363.2001	1363200	5.5	5500	""osoba3""
""osoba3""		1359.6001	1359600	1363.2001	1363200	4.5999756	4599	""osoba3""
""osoba3""		1362.3	1362300	1363.2001	1363200	1.9000244	1900	""osoba3""
""osoba4""		1363.8	1363800	1372.5	1372500	9.699951	9699	""osoba4""
""osoba4""		1365.3	1365300	1372.5	1372500	8.199951	8199	""osoba4""
""osoba3""		1367.1001	1367100	1395.3	1395300	29.199951	29199	""osoba3""
""osoba4""		1368.3	1368300	1372.5	1372500	5.199951	5199	""osoba4""
""osoba3""		1369.2001	1369200	1395.3	1395300	27.099976	27099	""osoba3""
""osoba3""		1371.0	1371000	1395.3	1395300	25.300049	25300	""osoba3""
""osoba3""		1371.6001	1371600	1395.3	1395300	24.699951	24699	""osoba3""
""osoba4""		1371.9	1371900	1372.5	1372500	1.5999756	1599	""osoba4""
""osoba3""		1378.2001	1378200	1395.3	1395300	18.099976	18099	""osoba3""
""osoba3""		1380.3	1380300	1395.3	1395300	16.0	16000	""osoba3""
""osoba1""		1382.4	1382400	1383.3	1383300	1.9000244	1900	""osoba1""
""osoba4""		1382.7001	1382700	1383.6001	1383600	1.9000244	1900	""osoba4""
""osoba3""		1383.9	1383900	1395.3	1395300	12.400024	12400	""osoba3""
""osoba3""		1387.2001	1387200	1395.3	1395300	9.099976	9099	""osoba3""
""osoba4""		1388.1001	1388100	1401.9	1401900	14.799927	14799	""osoba4""
""osoba3""		1389.0	1389000	1395.3	1395300	7.300049	7300	""osoba3""
""osoba3""		1389.9	1389900	1395.3	1395300	6.4000244	6400	""osoba3""
""osoba3""		1390.5	1390500	1395.3	1395300	5.800049	5800	""osoba3""
""osoba4""		1390.5	1390500	1401.9	1401900	12.400024	12400	""osoba4""
""osoba4""		1392.6001	1392600	1401.9	1401900	10.299927	10299	""osoba4""
""osoba3""		1393.5	1393500	1395.3	1395300	2.8000488	2800	""osoba3""
""osoba4""		1394.4	1394400	1401.9	1401900	8.5	8500	""osoba4""
""osoba4""		1396.2001	1396200	1401.9	1401900	6.699951	6699	""osoba4""
""osoba4""		1397.4	1397400	1401.9	1401900	5.5	5500	""osoba4""
""osoba4""		1398.0	1398000	1401.9	1401900	4.9000244	4900	""osoba4""
""osoba1""		1400.7001	1400700	1403.4	1403400	3.6999512	3699	""osoba1""
""osoba2""		1401.9	1401900	1402.2001	1402200	1.3000488	1300	""osoba2""
""osoba3""		1401.9	1401900	1402.2001	1402200	1.3000488	1300	""osoba3""
""osoba4""		1406.1001	1406100	1418.4	1418400	13.299927	13299	""osoba4""
""osoba4""		1407.6001	1407600	1418.4	1418400	11.799927	11799	""osoba4""
""osoba4""		1410.6001	1410600	1418.4	1418400	8.799927	8799	""osoba4""
""osoba4""		1413.0	1413000	1418.4	1418400	6.4000244	6400	""osoba4""
""osoba4""		1414.5	1414500	1418.4	1418400	4.9000244	4900	""osoba4""
""osoba1""		1415.7001	1415700	1419.0	1419000	4.2999268	4299	""osoba1""
""osoba4""		1417.2001	1417200	1418.4	1418400	2.1999512	2199	""osoba4""
""osoba3""		1427.7001	1427700	1453.2001	1453200	26.5	26500	""osoba3""
""osoba3""		1428.9	1428900	1453.2001	1453200	25.300049	25300	""osoba3""
""osoba3""		1433.4	1433400	1453.2001	1453200	20.800049	20800	""osoba3""
""osoba4""		1434.0	1434000	1434.0	1434000	1.0	1000	""osoba4""
""osoba2""		1434.9	1434900	1436.4	1436400	2.5	2500	""osoba2""
""osoba3""		1437.3	1437300	1453.2001	1453200	16.900024	16900	""osoba3""
""osoba3""		1438.8	1438800	1453.2001	1453200	15.400024	15400	""osoba3""
""osoba3""		1440.3	1440300	1453.2001	1453200	13.900024	13900	""osoba3""
""osoba3""		1442.4	1442400	1453.2001	1453200	11.800049	11800	""osoba3""
""osoba3""		1443.6001	1443600	1453.2001	1453200	10.599976	10599	""osoba3""
""osoba3""		1448.7001	1448700	1453.2001	1453200	5.5	5500	""osoba3""
""osoba2""		1450.5	1450500	1451.7001	1451700	2.2000732	2200	""osoba2""
""osoba1""		1451.4	1451400	1454.1001	1454100	3.7000732	3700	""osoba1""
""osoba3""		1451.7001	1451700	1453.2001	1453200	2.5	2500	""osoba3""
""osoba3""		1461.6001	1461600	1476.3	1476300	15.699951	15699	""osoba3""
""osoba4""		1461.6001	1461600	1461.9	1461900	1.2999268	1299	""osoba4""
""osoba1""		1462.2001	1462200	1462.5	1462500	1.2999268	1299	""osoba1""
""osoba3""		1463.7001	1463700	1476.3	1476300	13.599976	13599	""osoba3""
""osoba3""		1466.4	1466400	1476.3	1476300	10.900024	10900	""osoba3""
""osoba3""		1468.5	1468500	1476.3	1476300	8.800049	8800	""osoba3""
""osoba2""		1470.9	1470900	1473.0	1473000	3.0999756	3099	""osoba2""
""osoba3""		1473.9	1473900	1476.3	1476300	3.4000244	3400	""osoba3""
""osoba3""		1474.5	1474500	1476.3	1476300	2.8000488	2800	""osoba3""
""osoba4""		1474.8	1474800	1493.7001	1493700	19.900024	19900	""osoba4""
""osoba2""		1475.7001	1475700	1477.2001	1477200	2.5	2500	""osoba2""
""osoba4""		1479.3	1479300	1493.7001	1493700	15.400024	15400	""osoba4""
""osoba4""		1481.4	1481400	1493.7001	1493700	13.300049	13300	""osoba4""
""osoba4""		1483.5	1483500	1493.7001	1493700	11.200073	11200	""osoba4""
""osoba4""		1485.3	1485300	1493.7001	1493700	9.400024	9400	""osoba4""
""osoba1""		1486.2001	1486200	1486.2001	1486200	1.0	1000	""osoba1""
""osoba4""		1486.2001	1486200	1493.7001	1493700	8.5	8500	""osoba4""
""osoba4""		1487.1001	1487100	1493.7001	1493700	7.5999756	7599	""osoba4""
""osoba4""		1488.0	1488000	1493.7001	1493700	6.7000732	6700	""osoba4""
""osoba4""		1488.9	1488900	1493.7001	1493700	5.800049	5800	""osoba4""
""osoba1""		1489.2001	1489200	1489.2001	1489200	1.0	1000	""osoba1""
""osoba4""		1490.4	1490400	1493.7001	1493700	4.300049	4300	""osoba4""
""osoba4""		1491.0	1491000	1493.7001	1493700	3.7000732	3700	""osoba4""
""osoba3""		1493.7001	1493700	1506.6001	1506600	13.900024	13900	""osoba3""
""osoba3""		1495.2001	1495200	1506.6001	1506600	12.400024	12400	""osoba3""
""osoba3""		1501.5	1501500	1506.6001	1506600	6.1000977	6100	""osoba3""
""osoba3""		1502.7001	1502700	1506.6001	1506600	4.9000244	4900	""osoba3""
""osoba4""		1503.0	1503000	1537.8	1537800	35.80005	35800	""osoba4""
""osoba3""		1506.0	1506000	1506.6001	1506600	1.6000977	1600	""osoba3""
""osoba4""		1507.8	1507800	1537.8	1537800	31.0	31000	""osoba4""
""osoba4""		1509.9	1509900	1537.8	1537800	28.900024	28900	""osoba4""
""osoba4""		1511.4	1511400	1537.8	1537800	27.400024	27400	""osoba4""
""osoba4""		1512.9	1512900	1537.8	1537800	25.900024	25900	""osoba4""
""osoba4""		1515.9	1515900	1537.8	1537800	22.900024	22900	""osoba4""
""osoba4""		1518.3	1518300	1537.8	1537800	20.5	20500	""osoba4""
""osoba4""		1523.4	1523400	1537.8	1537800	15.400024	15400	""osoba4""
""osoba4""		1524.9	1524900	1537.8	1537800	13.900024	13900	""osoba4""
""osoba4""		1525.5	1525500	1537.8	1537800	13.300049	13300	""osoba4""
""osoba4""		1527.3	1527300	1537.8	1537800	11.5	11500	""osoba4""
""osoba4""		1530.9	1530900	1537.8	1537800	7.9000244	7900	""osoba4""
""osoba4""		1532.4	1532400	1537.8	1537800	6.4000244	6400	""osoba4""
""osoba4""		1533.6001	1533600	1537.8	1537800	5.199951	5199	""osoba4""
""osoba4""		1534.5	1534500	1537.8	1537800	4.300049	4300	""osoba4""
""osoba4""		1536.3	1536300	1537.8	1537800	2.5	2500	""osoba4""
""osoba3""		1536.9	1536900	1574.7001	1574700	38.80005	38800	""osoba3""
""osoba3""		1539.3	1539300	1574.7001	1574700	36.400024	36400	""osoba3""
""osoba3""		1541.1001	1541100	1574.7001	1574700	34.599976	34599	""osoba3""
""osoba3""		1543.5001	1543500	1574.7001	1574700	32.19995	32199	""osoba3""
""osoba3""		1544.7001	1544700	1574.7001	1574700	31.0	31000	""osoba3""
""osoba3""		1547.7001	1547700	1574.7001	1574700	28.0	28000	""osoba3""
""osoba3""		1549.2001	1549200	1574.7001	1574700	26.5	26500	""osoba3""
""osoba3""		1550.1001	1550100	1574.7001	1574700	25.599976	25599	""osoba3""
""osoba3""		1550.7001	1550700	1574.7001	1574700	25.0	25000	""osoba3""
""osoba3""		1551.3	1551300	1574.7001	1574700	24.400024	24400	""osoba3""
""osoba3""		1552.5001	1552500	1574.7001	1574700	23.199951	23199	""osoba3""
""osoba3""		1556.1001	1556100	1574.7001	1574700	19.599976	19599	""osoba3""
""osoba2""		1559.1001	1559100	1559.4	1559400	1.2999268	1299	""osoba2""
""osoba3""		1562.7001	1562700	1574.7001	1574700	13.0	13000	""osoba3""
""osoba3""		1563.6001	1563600	1574.7001	1574700	12.099976	12099	""osoba3""
""osoba3""		1565.1001	1565100	1574.7001	1574700	10.599976	10599	""osoba3""
""osoba3""		1567.8	1567800	1574.7001	1574700	7.9000244	7900	""osoba3""
""osoba3""		1568.7001	1568700	1574.7001	1574700	7.0	7000	""osoba3""
""osoba3""		1570.2001	1570200	1574.7001	1574700	5.5	5500	""osoba3""
""osoba3""		1571.1001	1571100	1574.7001	1574700	4.5999756	4599	""osoba3""
""osoba3""		1572.0001	1572000	1574.7001	1574700	3.6999512	3699	""osoba3""
""osoba3""		1572.6001	1572600	1574.7001	1574700	3.0999756	3099	""osoba3""
""osoba3""		1573.2001	1573200	1574.7001	1574700	2.5	2500	""osoba3""
""osoba2""		1573.8	1573800	1576.2001	1576200	3.4000244	3400	""osoba2""
""osoba3""		1574.7001	1574700	1574.7001	1574700	1.0	1000	""osoba3""
""osoba3""		1581.0001	1581000	1592.1001	1592100	12.099976	12099	""osoba3""
""osoba3""		1582.2001	1582200	1592.1001	1592100	10.900024	10900	""osoba3""
""osoba3""		1584.0001	1584000	1592.1001	1592100	9.099976	9099	""osoba3""
""osoba3""		1585.2001	1585200	1592.1001	1592100	7.9000244	7900	""osoba3""
""osoba1""		1586.4	1586400	1595.4	1595400	10.0	10000	""osoba1""
""osoba1""		1588.2001	1588200	1595.4	1595400	8.199951	8199	""osoba1""
""osoba3""		1591.2001	1591200	1592.1001	1592100	1.9000244	1900	""osoba3""
""osoba3""		1594.2001	1594200	1600.2001	1600200	7.0	7000	""osoba3""
""osoba2""		1595.7001	1595700	1601.7001	1601700	7.0	7000	""osoba2""
""osoba2""		1598.7001	1598700	1601.7001	1601700	4.0	4000	""osoba2""
""osoba1""		1600.5001	1600500	1600.5001	1600500	1.0	1000	""osoba1""
""osoba4""		1602.0001	1602000	1602.0001	1602000	1.0	1000	""osoba4""
""osoba4""		1609.5001	1609500	1614.9	1614900	6.3999023	6399	""osoba4""
""osoba4""		1610.4	1610400	1614.9	1614900	5.5	5500	""osoba4""
""osoba3""		1611.0001	1611000	1611.3	1611300	1.2999268	1299	""osoba3""
""osoba4""		1613.1001	1613100	1614.9	1614900	2.7999268	2799	""osoba4""
""osoba3""		1614.3	1614300	1620.3	1620300	7.0	7000	""osoba3""
""osoba3""		1617.6001	1617600	1620.3	1620300	3.6999512	3699	""osoba3""
""osoba3""		1619.1001	1619100	1620.3	1620300	2.1999512	2199	""osoba3""
