"default"		0.0	0	1.0	1000	1.0	1000	BEGIN
"default"		1620.3	1620300	1620.31	1621300	1.0	1000	END
""osoba4""		6.0	6000	14.1	14100	9.1	9100	""osoba4""
""osoba4""		10.8	10800	14.1	14100	4.3	4300	""osoba4""
""osoba4""		13.200001	13200	14.1	14100	1.8999996	1899	""osoba4""
""osoba3""		13.8	13800	25.500002	25500	12.700002	12700	""osoba3""
""osoba1""		15.000001	15000	15.3	15300	1.2999992	1299	""osoba1""
""osoba3""		17.400002	17400	25.500002	25500	9.1	9100	""osoba3""
""osoba3""		19.2	19200	25.500002	25500	7.300001	7300	""osoba3""
""osoba3""		21.0	21000	25.500002	25500	5.500002	5500	""osoba3""
""osoba3""		22.2	22200	25.500002	25500	4.300001	4300	""osoba3""
""osoba1""		24.300001	24300	26.400002	26400	3.1000004	3100	""osoba1""
""osoba3""		24.300001	24300	25.500002	25500	2.2000008	2200	""osoba3""
""osoba4""		24.300001	24300	25.800001	25800	2.5	2500	""osoba4""
""osoba3""		28.500002	28500	28.800001	28800	1.2999992	1299	""osoba3""
""osoba4""		28.800001	28800	30.900002	30900	3.1000004	3100	""osoba4""
""osoba3""		31.2	31200	55.800003	55800	25.600002	25600	""osoba3""
""osoba2""		32.100002	32100	32.100002	32100	1.0	1000	""osoba2""
""osoba3""		33.0	33000	55.800003	55800	23.800003	23800	""osoba3""
""osoba3""		34.2	34200	55.800003	55800	22.600002	22600	""osoba3""
""osoba3""		35.100002	35100	55.800003	55800	21.7	21700	""osoba3""
""osoba3""		36.0	36000	55.800003	55800	20.800003	20800	""osoba3""
""osoba3""		38.7	38700	55.800003	55800	18.100002	18100	""osoba3""
""osoba3""		40.5	40500	55.800003	55800	16.300003	16300	""osoba3""
""osoba4""		42.0	42000	42.0	42000	1.0	1000	""osoba4""
""osoba3""		43.2	43200	55.800003	55800	13.600002	13600	""osoba3""
""osoba3""		44.100002	44100	55.800003	55800	12.700001	12700	""osoba3""
""osoba3""		44.7	44700	55.800003	55800	12.100002	12100	""osoba3""
""osoba1""		45.600002	45600	48.600002	48600	4.0	4000	""osoba1""
""osoba3""		46.800003	46800	55.800003	55800	10.0	10000	""osoba3""
""osoba1""		47.7	47700	48.600002	48600	1.9000015	1900	""osoba1""
""osoba3""		49.800003	49800	55.800003	55800	7.0	7000	""osoba3""
""osoba3""		50.4	50400	55.800003	55800	6.4000015	6400	""osoba3""
""osoba3""		51.000004	51000	55.800003	55800	5.799999	5799	""osoba3""
""osoba2""		52.500004	52500	53.7	53700	2.199997	2199	""osoba2""
""osoba3""		53.100002	53100	55.800003	55800	3.7000008	3700	""osoba3""
""osoba2""		55.800003	55800	57.9	57900	3.0999985	3099	""osoba2""
""osoba4""		62.100002	62100	72.600006	72600	11.500004	11500	""osoba4""
""osoba4""		62.7	62700	72.600006	72600	10.900005	10900	""osoba4""
""osoba4""		64.5	64500	72.600006	72600	9.100006	9100	""osoba4""
""osoba4""		65.100006	65100	72.600006	72600	8.5	8500	""osoba4""
""osoba4""		66.3	66300	72.600006	72600	7.300003	7300	""osoba4""
""osoba2""		69.3	69300	70.200005	70200	1.9000015	1900	""osoba2""
""osoba3""		71.100006	71100	88.5	88500	18.399994	18399	""osoba3""
""osoba3""		75.3	75300	88.5	88500	14.199997	14199	""osoba3""
""osoba3""		78.0	78000	88.5	88500	11.5	11500	""osoba3""
""osoba3""		79.200005	79200	88.5	88500	10.299995	10299	""osoba3""
""osoba3""		84.3	84300	88.5	88500	5.199997	5199	""osoba3""
""osoba3""		86.4	86400	88.5	88500	3.0999985	3099	""osoba3""
""osoba2""		87.9	87900	90.0	90000	3.0999985	3099	""osoba2""
""osoba1""		88.8	88800	89.4	89400	1.5999985	1599	""osoba1""
""osoba4""		90.9	90900	90.9	90900	1.0	1000	""osoba4""
""osoba3""		96.9	96900	105.9	105900	10.0	10000	""osoba3""
""osoba3""		98.700005	98700	105.9	105900	8.199997	8199	""osoba3""
""osoba3""		99.600006	99600	105.9	105900	7.2999954	7299	""osoba3""
""osoba3""		102.600006	102600	105.9	105900	4.2999954	4299	""osoba3""
""osoba4""		104.4	104400	104.4	104400	1.0	1000	""osoba4""
""osoba3""		104.700005	104700	105.9	105900	2.199997	2199	""osoba3""
""osoba3""		105.3	105300	105.9	105900	1.5999985	1599	""osoba3""
""osoba1""		105.9	105900	111.3	111300	6.4000015	6400	""osoba1""
""osoba3""		110.100006	110100	110.100006	110100	1.0	1000	""osoba3""
""osoba4""		112.200005	112200	149.1	149100	37.9	37900	""osoba4""
""osoba4""		113.700005	113700	149.1	149100	36.4	36400	""osoba4""
""osoba4""		114.600006	114600	149.1	149100	35.5	35500	""osoba4""
""osoba4""		115.50001	115500	149.1	149100	34.6	34600	""osoba4""
""osoba4""		117.600006	117600	149.1	149100	32.5	32500	""osoba4""
""osoba4""		120.3	120300	149.1	149100	29.800003	29800	""osoba4""
""osoba4""		122.100006	122100	149.1	149100	28.0	28000	""osoba4""
""osoba4""		125.100006	125100	149.1	149100	25.0	25000	""osoba4""
""osoba4""		126.00001	126000	149.1	149100	24.099998	24099	""osoba4""
""osoba4""		127.200005	127200	149.1	149100	22.900002	22900	""osoba4""
""osoba4""		128.70001	128700	149.1	149100	21.399994	21399	""osoba4""
""osoba4""		130.8	130800	149.1	149100	19.300003	19300	""osoba4""
""osoba4""		132.3	132300	149.1	149100	17.800003	17800	""osoba4""
""osoba4""		132.90001	132900	149.1	149100	17.199997	17199	""osoba4""
""osoba3""		133.8	133800	133.8	133800	1.0	1000	""osoba3""
""osoba4""		134.1	134100	149.1	149100	16.0	16000	""osoba4""
""osoba4""		138.3	138300	149.1	149100	11.800003	11800	""osoba4""
""osoba4""		140.40001	140400	149.1	149100	9.699997	9699	""osoba4""
""osoba4""		142.20001	142200	149.1	149100	7.899994	7899	""osoba4""
""osoba4""		144.90001	144900	149.1	149100	5.199997	5199	""osoba4""
""osoba4""		145.5	145500	149.1	149100	4.600006	4600	""osoba4""
""osoba4""		146.1	146100	149.1	149100	4.0	4000	""osoba4""
""osoba3""		148.20001	148200	154.20001	154200	7.0	7000	""osoba3""
""osoba3""		150.0	150000	154.20001	154200	5.200012	5200	""osoba3""
""osoba3""		152.1	152100	154.20001	154200	3.100006	3100	""osoba3""
""osoba4""		152.40001	152400	174.0	174000	22.59999	22599	""osoba4""
""osoba3""		153.3	153300	154.20001	154200	1.9000092	1900	""osoba3""
""osoba4""		157.5	157500	174.0	174000	17.5	17500	""osoba4""
""osoba4""		158.1	158100	174.0	174000	16.899994	16899	""osoba4""
""osoba4""		159.3	159300	174.0	174000	15.699997	15699	""osoba4""
""osoba4""		160.20001	160200	174.0	174000	14.799988	14799	""osoba4""
""osoba4""		161.1	161100	174.0	174000	13.899994	13899	""osoba4""
""osoba3""		162.0	162000	162.6	162600	1.6000061	1600	""osoba3""
""osoba4""		167.1	167100	174.0	174000	7.899994	7899	""osoba4""
""osoba4""		168.90001	168900	174.0	174000	6.099991	6099	""osoba4""
""osoba4""		169.8	169800	174.0	174000	5.199997	5199	""osoba4""
""osoba3""		171.6	171600	180.6	180600	10.0	10000	""osoba3""
""osoba3""		175.5	175500	180.6	180600	6.100006	6100	""osoba3""
""osoba3""		177.6	177600	180.6	180600	4.0	4000	""osoba3""
""osoba4""		180.0	180000	223.8	223800	44.800003	44800	""osoba4""
""osoba4""		181.8	181800	223.8	223800	43.0	43000	""osoba4""
""osoba4""		186.90001	186900	223.8	223800	37.899994	37899	""osoba4""
""osoba4""		190.5	190500	223.8	223800	34.300003	34300	""osoba4""
""osoba4""		193.50002	193500	223.8	223800	31.299988	31299	""osoba4""
""osoba3""		193.8	193800	195.3	195300	2.5	2500	""osoba3""
""osoba4""		195.00002	195000	223.8	223800	29.799988	29799	""osoba4""
""osoba4""		198.90001	198900	223.8	223800	25.899994	25899	""osoba4""
""osoba4""		199.50002	199500	223.8	223800	25.299988	25299	""osoba4""
""osoba4""		201.90001	201900	223.8	223800	22.899994	22899	""osoba4""
""osoba4""		206.70001	206700	223.8	223800	18.09999	18099	""osoba4""
""osoba4""		208.20001	208200	223.8	223800	16.59999	16599	""osoba4""
""osoba4""		210.90001	210900	223.8	223800	13.899994	13899	""osoba4""
""osoba4""		212.40001	212400	223.8	223800	12.399994	12399	""osoba4""
""osoba4""		214.50002	214500	223.8	223800	10.299988	10299	""osoba4""
""osoba3""		215.70001	215700	215.70001	215700	1.0	1000	""osoba3""
""osoba2""		216.90001	216900	217.8	217800	1.8999939	1899	""osoba2""
""osoba4""		218.1	218100	223.8	223800	6.699997	6699	""osoba4""
""osoba4""		220.50002	220500	223.8	223800	4.299988	4299	""osoba4""
""osoba4""		221.1	221100	223.8	223800	3.699997	3699	""osoba4""
""osoba4""		222.3	222300	223.8	223800	2.5	2500	""osoba4""
""osoba2""		223.20001	223200	223.8	223800	1.5999908	1599	""osoba2""
""osoba4""		223.50002	223500	223.8	223800	1.2999878	1299	""osoba4""
""osoba4""		226.20001	226200	241.50002	241500	16.300003	16300	""osoba4""
""osoba4""		230.70001	230700	241.50002	241500	11.800003	11800	""osoba4""
""osoba4""		231.6	231600	241.50002	241500	10.900009	10900	""osoba4""
""osoba4""		232.20001	232200	241.50002	241500	10.300003	10300	""osoba4""
""osoba2""		234.6	234600	234.6	234600	1.0	1000	""osoba2""
""osoba4""		236.1	236100	241.50002	241500	6.400009	6400	""osoba4""
""osoba1""		237.6	237600	239.1	239100	2.5	2500	""osoba1""
""osoba4""		240.6	240600	241.50002	241500	1.9000092	1900	""osoba4""
""osoba3""		241.50002	241500	254.40001	254400	13.899994	13899	""osoba3""
""osoba3""		243.00002	243000	254.40001	254400	12.399994	12399	""osoba3""
""osoba4""		246.3	246300	246.3	246300	1.0	1000	""osoba4""
""osoba3""		249.6	249600	254.40001	254400	5.800003	5800	""osoba3""
""osoba3""		253.8	253800	254.40001	254400	1.6000061	1600	""osoba3""
""osoba4""		253.8	253800	286.2	286200	33.40001	33400	""osoba4""
""osoba4""		256.5	256500	286.2	286200	30.700012	30700	""osoba4""
""osoba4""		257.7	257700	286.2	286200	29.5	29500	""osoba4""
""osoba2""		258.30002	258300	259.2	259200	1.8999939	1899	""osoba2""
""osoba4""		261.0	261000	286.2	286200	26.200012	26200	""osoba4""
""osoba4""		262.5	262500	286.2	286200	24.700012	24700	""osoba4""
""osoba4""		263.1	263100	286.2	286200	24.100006	24100	""osoba4""
""osoba4""		264.6	264600	286.2	286200	22.600006	22600	""osoba4""
""osoba4""		266.7	266700	286.2	286200	20.5	20500	""osoba4""
""osoba4""		267.6	267600	286.2	286200	19.600006	19600	""osoba4""
""osoba1""		268.5	268500	268.5	268500	1.0	1000	""osoba1""
""osoba3""		268.5	268500	269.40002	269400	1.9000244	1900	""osoba3""
""osoba4""		269.7	269700	286.2	286200	17.5	17500	""osoba4""
""osoba4""		270.90002	270900	286.2	286200	16.299988	16299	""osoba4""
""osoba4""		271.5	271500	286.2	286200	15.700012	15700	""osoba4""
""osoba4""		274.2	274200	286.2	286200	13.0	13000	""osoba4""
""osoba4""		274.80002	274800	286.2	286200	12.399994	12399	""osoba4""
""osoba4""		276.90002	276900	286.2	286200	10.299988	10299	""osoba4""
""osoba4""		279.30002	279300	286.2	286200	7.899994	7899	""osoba4""
""osoba4""		280.5	280500	286.2	286200	6.700012	6700	""osoba4""
""osoba2""		280.80002	280800	281.1	281100	1.2999878	1299	""osoba2""
""osoba4""		282.0	282000	286.2	286200	5.200012	5200	""osoba4""
""osoba4""		284.7	284700	286.2	286200	2.5	2500	""osoba4""
""osoba4""		285.30002	285300	286.2	286200	1.8999939	1899	""osoba4""
""osoba3""		285.6	285600	288.90002	288900	4.3000183	4300	""osoba3""
""osoba4""		288.6	288600	294.6	294600	7.0	7000	""osoba4""
""osoba4""		290.40002	290400	294.6	294600	5.1999817	5199	""osoba4""
""osoba4""		291.6	291600	294.6	294600	4.0	4000	""osoba4""
""osoba4""		292.2	292200	294.6	294600	3.399994	3399	""osoba4""
""osoba3""		293.1	293100	304.80002	304800	12.700012	12700	""osoba3""
""osoba4""		294.6	294600	294.6	294600	1.0	1000	""osoba4""
""osoba3""		295.2	295200	304.80002	304800	10.600006	10600	""osoba3""
""osoba3""		297.6	297600	304.80002	304800	8.200012	8200	""osoba3""
""osoba3""		302.1	302100	304.80002	304800	3.7000122	3700	""osoba3""
""osoba4""		305.1	305100	311.1	311100	7.0	7000	""osoba4""
""osoba4""		307.2	307200	311.1	311100	4.899994	4899	""osoba4""
""osoba4""		308.7	308700	311.1	311100	3.399994	3399	""osoba4""
""osoba3""		309.90002	309900	310.2	310200	1.2999878	1299	""osoba3""
""osoba1""		310.2	310200	311.1	311100	1.8999939	1899	""osoba1""
""osoba4""		316.5	316500	324.6	324600	9.100006	9100	""osoba4""
""osoba4""		321.30002	321300	324.6	324600	4.299988	4299	""osoba4""
""osoba4""		322.2	322200	324.6	324600	3.399994	3399	""osoba4""
""osoba3""		324.90002	324900	335.7	335700	11.799988	11799	""osoba3""
""osoba3""		325.80002	325800	335.7	335700	10.899994	10899	""osoba3""
""osoba4""		327.0	327000	331.80002	331800	5.8000183	5800	""osoba4""
""osoba4""		327.6	327600	331.80002	331800	5.200012	5200	""osoba4""
""osoba3""		328.2	328200	335.7	335700	8.5	8500	""osoba3""
""osoba4""		328.80002	328800	331.80002	331800	4.0	4000	""osoba4""
""osoba2""		329.7	329700	330.30002	330300	1.6000061	1600	""osoba2""
""osoba2""		333.30002	333300	336.30002	336300	4.0	4000	""osoba2""
""osoba1""		337.2	337200	340.80002	340800	4.600006	4600	""osoba1""
""osoba3""		340.80002	340800	340.80002	340800	1.0	1000	""osoba3""
""osoba4""		340.80002	340800	369.90002	369900	30.100006	30100	""osoba4""
""osoba4""		342.30002	342300	369.90002	369900	28.600006	28600	""osoba4""
""osoba4""		343.80002	343800	369.90002	369900	27.100006	27100	""osoba4""
""osoba4""		345.6	345600	369.90002	369900	25.300018	25300	""osoba4""
""osoba4""		347.1	347100	369.90002	369900	23.800018	23800	""osoba4""
""osoba2""		349.5	349500	351.6	351600	3.100006	3100	""osoba2""
""osoba3""		349.5	349500	350.40002	350400	1.9000244	1900	""osoba3""
""osoba4""		352.5	352500	369.90002	369900	18.400024	18400	""osoba4""
""osoba4""		353.1	353100	369.90002	369900	17.800018	17800	""osoba4""
""osoba4""		354.6	354600	369.90002	369900	16.300018	16300	""osoba4""
""osoba4""		356.1	356100	369.90002	369900	14.800018	14800	""osoba4""
""osoba4""		357.90002	357900	369.90002	369900	13.0	13000	""osoba4""
""osoba4""		359.1	359100	369.90002	369900	11.800018	11800	""osoba4""
""osoba4""		360.30002	360300	369.90002	369900	10.600006	10600	""osoba4""
""osoba4""		364.2	364200	369.90002	369900	6.700012	6700	""osoba4""
""osoba4""		366.6	366600	369.90002	369900	4.3000183	4300	""osoba4""
""osoba4""		367.80002	367800	369.90002	369900	3.100006	3100	""osoba4""
""osoba3""		368.1	368100	375.6	375600	8.5	8500	""osoba3""
""osoba3""		373.2	373200	375.6	375600	3.399994	3399	""osoba3""
""osoba3""		374.1	374100	375.6	375600	2.5	2500	""osoba3""
""osoba3""		374.7	374700	375.6	375600	1.8999939	1899	""osoba3""
""osoba4""		374.7	374700	382.2	382200	8.5	8500	""osoba4""
""osoba4""		378.30002	378300	382.2	382200	4.899994	4899	""osoba4""
""osoba1""		380.7	380700	382.2	382200	2.5	2500	""osoba1""
""osoba4""		387.30002	387300	414.90002	414900	28.600006	28600	""osoba4""
""osoba4""		387.90002	387900	414.90002	414900	28.0	28000	""osoba4""
""osoba3""		389.40002	389400	391.2	391200	2.7999878	2799	""osoba3""
""osoba1""		390.30002	390300	391.2	391200	1.8999939	1899	""osoba1""
""osoba4""		393.00003	393000	414.90002	414900	22.899994	22899	""osoba4""
""osoba4""		394.2	394200	414.90002	414900	21.700012	21700	""osoba4""
""osoba2""		400.50003	400500	400.50003	400500	1.0	1000	""osoba2""
""osoba4""		402.6	402600	414.90002	414900	13.300018	13300	""osoba4""
""osoba3""		404.7	404700	408.6	408600	4.899994	4899	""osoba3""
""osoba4""		406.2	406200	414.90002	414900	9.700012	9700	""osoba4""
""osoba3""		407.1	407100	408.6	408600	2.5	2500	""osoba3""
""osoba4""		407.1	407100	414.90002	414900	8.800018	8800	""osoba4""
""osoba3""		408.00003	408000	408.6	408600	1.5999756	1599	""osoba3""
""osoba4""		408.00003	408000	414.90002	414900	7.899994	7899	""osoba4""
""osoba4""		409.80002	409800	414.90002	414900	6.100006	6100	""osoba4""
""osoba4""		411.00003	411000	414.90002	414900	4.899994	4899	""osoba4""
""osoba4""		411.6	411600	414.90002	414900	4.3000183	4300	""osoba4""
""osoba4""		412.80002	412800	414.90002	414900	3.100006	3100	""osoba4""
""osoba4""		413.40002	413400	414.90002	414900	2.5	2500	""osoba4""
""osoba2""		414.6	414600	415.80002	415800	2.2000122	2200	""osoba2""
""osoba4""		414.6	414600	414.90002	414900	1.3000183	1300	""osoba4""
""osoba3""		415.2	415200	415.2	415200	1.0	1000	""osoba3""
""osoba4""		418.50003	418500	422.7	422700	5.1999817	5199	""osoba4""
""osoba3""		419.40002	419400	420.00003	420000	1.6000061	1600	""osoba3""
""osoba3""		422.40002	422400	443.40002	443400	22.0	22000	""osoba3""
""osoba4""		422.40002	422400	422.7	422700	1.2999878	1299	""osoba4""
""osoba2""		423.00003	423000	423.30002	423300	1.2999878	1299	""osoba2""
""osoba3""		425.1	425100	443.40002	443400	19.300018	19300	""osoba3""
""osoba3""		429.6	429600	443.40002	443400	14.800018	14800	""osoba3""
""osoba3""		430.50003	430500	443.40002	443400	13.899994	13899	""osoba3""
""osoba3""		431.40002	431400	443.40002	443400	13.0	13000	""osoba3""
""osoba3""		432.30002	432300	443.40002	443400	12.100006	12100	""osoba3""
""osoba3""		432.90002	432900	443.40002	443400	11.5	11500	""osoba3""
""osoba3""		433.80002	433800	443.40002	443400	10.600006	10600	""osoba3""
""osoba3""		436.2	436200	443.40002	443400	8.200012	8200	""osoba3""
""osoba3""		438.00003	438000	443.40002	443400	6.399994	6399	""osoba3""
""osoba3""		439.2	439200	443.40002	443400	5.200012	5200	""osoba3""
""osoba3""		440.1	440100	443.40002	443400	4.3000183	4300	""osoba3""
""osoba3""		441.90002	441900	443.40002	443400	2.5	2500	""osoba3""
""osoba2""		443.1	443100	446.40002	446400	4.3000183	4300	""osoba2""
""osoba3""		446.40002	446400	455.1	455100	9.699982	9699	""osoba3""
""osoba3""		448.50003	448500	455.1	455100	7.5999756	7599	""osoba3""
""osoba3""		451.50003	451500	455.1	455100	4.5999756	4599	""osoba3""
""osoba3""		453.00003	453000	455.1	455100	3.0999756	3099	""osoba3""
""osoba4""		453.90002	453900	460.2	460200	7.299988	7299	""osoba4""
""osoba4""		456.00003	456000	460.2	460200	5.1999817	5199	""osoba4""
""osoba4""		456.90002	456900	460.2	460200	4.299988	4299	""osoba4""
""osoba4""		458.40002	458400	460.2	460200	2.7999878	2799	""osoba4""
""osoba4""		459.00003	459000	460.2	460200	2.1999817	2199	""osoba4""
""osoba1""		460.2	460200	461.40002	461400	2.2000122	2200	""osoba1""
""osoba4""		460.2	460200	460.2	460200	1.0	1000	""osoba4""
""osoba4""		465.30002	465300	497.7	497700	33.399994	33399	""osoba4""
""osoba4""		465.90002	465900	497.7	497700	32.799988	32799	""osoba4""
""osoba4""		466.50003	466500	497.7	497700	32.19998	32199	""osoba4""
""osoba3""		467.7	467700	474.00003	474000	7.3000183	7300	""osoba3""
""osoba3""		470.1	470100	474.00003	474000	4.9000244	4900	""osoba3""
""osoba4""		470.7	470700	497.7	497700	28.0	28000	""osoba4""
""osoba4""		473.40002	473400	497.7	497700	25.299988	25299	""osoba4""
""osoba1""		477.30002	477300	477.30002	477300	1.0	1000	""osoba1""
""osoba4""		477.90002	477900	497.7	497700	20.799988	20799	""osoba4""
""osoba4""		478.80002	478800	497.7	497700	19.899994	19899	""osoba4""
""osoba4""		482.1	482100	497.7	497700	16.600006	16600	""osoba4""
""osoba4""		482.7	482700	497.7	497700	16.0	16000	""osoba4""
""osoba4""		484.50003	484500	497.7	497700	14.199982	14199	""osoba4""
""osoba4""		485.7	485700	497.7	497700	13.0	13000	""osoba4""
""osoba4""		486.30002	486300	497.7	497700	12.399994	12399	""osoba4""
""osoba4""		487.50003	487500	497.7	497700	11.199982	11199	""osoba4""
""osoba3""		489.90002	489900	490.80002	490800	1.8999939	1899	""osoba3""
""osoba4""		490.50003	490500	497.7	497700	8.199982	8199	""osoba4""
""osoba4""		495.6	495600	497.7	497700	3.100006	3100	""osoba4""
""osoba4""		496.50003	496500	497.7	497700	2.1999817	2199	""osoba4""
""osoba3""		497.7	497700	507.30002	507300	10.600006	10600	""osoba3""
""osoba3""		500.1	500100	507.30002	507300	8.200012	8200	""osoba3""
""osoba4""		500.7	500700	501.00003	501000	1.3000183	1300	""osoba4""
""osoba3""		504.6	504600	507.30002	507300	3.7000122	3700	""osoba3""
""osoba3""		505.2	505200	507.30002	507300	3.100006	3100	""osoba3""
""osoba4""		507.6	507600	521.4	521400	14.800018	14800	""osoba4""
""osoba2""		509.1	509100	509.40002	509400	1.3000183	1300	""osoba2""
""osoba4""		509.1	509100	521.4	521400	13.300018	13300	""osoba4""
""osoba3""		509.40002	509400	510.00003	510000	1.6000061	1600	""osoba3""
""osoba4""		512.10004	512100	521.4	521400	10.299988	10299	""osoba4""
""osoba3""		513.60004	513600	513.9	513900	1.2999878	1299	""osoba3""
""osoba4""		513.60004	513600	521.4	521400	8.799988	8799	""osoba4""
""osoba4""		516.30005	516300	521.4	521400	6.0999756	6099	""osoba4""
""osoba4""		517.2	517200	521.4	521400	5.200012	5200	""osoba4""
""osoba4""		518.10004	518100	521.4	521400	4.299988	4299	""osoba4""
""osoba3""		518.7	518700	518.7	518700	1.0	1000	""osoba3""
""osoba4""		519.60004	519600	521.4	521400	2.7999878	2799	""osoba4""
""osoba1""		521.7	521700	528.0	528000	7.299988	7299	""osoba1""
""osoba4""		526.5	526500	526.5	526500	1.0	1000	""osoba4""
""osoba3""		528.60004	528600	533.4	533400	5.799988	5799	""osoba3""
""osoba3""		530.10004	530100	533.4	533400	4.299988	4299	""osoba3""
""osoba1""		530.4	530400	530.7	530700	1.2999878	1299	""osoba1""
""osoba3""		531.60004	531600	533.4	533400	2.7999878	2799	""osoba3""
""osoba2""		532.80005	532800	533.7	533700	1.8999634	1899	""osoba2""
""osoba3""		535.80005	535800	535.80005	535800	1.0	1000	""osoba3""
""osoba3""		539.4	539400	558.60004	558600	20.200012	20200	""osoba3""
""osoba3""		540.0	540000	558.60004	558600	19.600037	19600	""osoba3""
""osoba3""		541.2	541200	558.60004	558600	18.400024	18400	""osoba3""
""osoba3""		542.4	542400	558.60004	558600	17.200012	17200	""osoba3""
""osoba3""		543.60004	543600	558.60004	558600	16.0	16000	""osoba3""
""osoba4""		543.9	543900	545.10004	545100	2.2000122	2200	""osoba4""
""osoba1""		545.10004	545100	549.30005	549300	5.200012	5200	""osoba1""
""osoba4""		547.5	547500	548.4	548400	1.9000244	1900	""osoba4""
""osoba3""		549.0	549000	558.60004	558600	10.600037	10600	""osoba3""
""osoba3""		550.80005	550800	558.60004	558600	8.799988	8799	""osoba3""
""osoba2""		552.0	552000	552.0	552000	1.0	1000	""osoba2""
""osoba4""		552.0	552000	552.30005	552300	1.3000488	1300	""osoba4""
""osoba3""		555.60004	555600	558.60004	558600	4.0	4000	""osoba3""
""osoba4""		555.60004	555600	585.30005	585300	30.700012	30700	""osoba4""
""osoba4""		556.80005	556800	585.30005	585300	29.5	29500	""osoba4""
""osoba3""		557.10004	557100	558.60004	558600	2.5	2500	""osoba3""
""osoba3""		558.30005	558300	558.60004	558600	1.2999878	1299	""osoba3""
""osoba4""		560.4	560400	585.30005	585300	25.900024	25900	""osoba4""
""osoba3""		561.0	561000	562.2	562200	2.2000122	2200	""osoba3""
""osoba3""		564.9	564900	565.5	565500	1.5999756	1599	""osoba3""
""osoba2""		566.4	566400	566.4	566400	1.0	1000	""osoba2""
""osoba4""		570.9	570900	585.30005	585300	15.400024	15400	""osoba4""
""osoba4""		571.80005	571800	585.30005	585300	14.5	14500	""osoba4""
""osoba4""		573.30005	573300	585.30005	585300	13.0	13000	""osoba4""
""osoba4""		574.2	574200	585.30005	585300	12.100037	12100	""osoba4""
""osoba4""		578.10004	578100	585.30005	585300	8.200012	8200	""osoba4""
""osoba4""		579.30005	579300	585.30005	585300	7.0	7000	""osoba4""
""osoba4""		581.10004	581100	585.30005	585300	5.200012	5200	""osoba4""
""osoba1""		581.7	581700	582.30005	582300	1.6000366	1600	""osoba1""
""osoba4""		584.10004	584100	585.30005	585300	2.2000122	2200	""osoba4""
""osoba3""		585.0	585000	590.4	590400	6.4000244	6400	""osoba3""
""osoba3""		587.4	587400	590.4	590400	4.0	4000	""osoba3""
""osoba3""		588.0	588000	590.4	590400	3.4000244	3400	""osoba3""
""osoba3""		588.9	588900	590.4	590400	2.5	2500	""osoba3""
""osoba4""		588.9	588900	668.10004	668100	80.20001	80200	""osoba4""
""osoba4""		591.60004	591600	668.10004	668100	77.5	77500	""osoba4""
""osoba4""		592.80005	592800	668.10004	668100	76.29999	76299	""osoba4""
""osoba1""		593.4	593400	594.9	594900	2.5	2500	""osoba1""
""osoba4""		596.7	596700	668.10004	668100	72.400024	72400	""osoba4""
""osoba4""		597.60004	597600	668.10004	668100	71.5	71500	""osoba4""
""osoba4""		599.10004	599100	668.10004	668100	70.0	70000	""osoba4""
""osoba4""		599.7	599700	668.10004	668100	69.400024	69400	""osoba4""
""osoba4""		600.9	600900	668.10004	668100	68.20001	68200	""osoba4""
""osoba4""		602.7	602700	668.10004	668100	66.400024	66400	""osoba4""
""osoba4""		603.60004	603600	668.10004	668100	65.5	65500	""osoba4""
""osoba4""		607.5	607500	668.10004	668100	61.600037	61600	""osoba4""
""osoba3""		608.10004	608100	608.10004	608100	1.0	1000	""osoba3""
""osoba4""		609.60004	609600	668.10004	668100	59.5	59500	""osoba4""
""osoba4""		612.0	612000	668.10004	668100	57.100037	57100	""osoba4""
""osoba3""		612.30005	612300	612.9	612900	1.5999756	1599	""osoba3""
""osoba4""		613.80005	613800	668.10004	668100	55.299988	55299	""osoba4""
""osoba4""		615.0	615000	668.10004	668100	54.100037	54100	""osoba4""
""osoba3""		618.60004	618600	618.60004	618600	1.0	1000	""osoba3""
""osoba4""		621.30005	621300	668.10004	668100	47.799988	47799	""osoba4""
""osoba4""		623.4	623400	668.10004	668100	45.700012	45700	""osoba4""
""osoba1""		624.30005	624300	624.60004	624600	1.2999878	1299	""osoba1""
""osoba4""		625.80005	625800	668.10004	668100	43.299988	43299	""osoba4""
""osoba1""		628.80005	628800	628.80005	628800	1.0	1000	""osoba1""
""osoba4""		629.4	629400	668.10004	668100	39.700012	39700	""osoba4""
""osoba4""		631.2	631200	668.10004	668100	37.900024	37900	""osoba4""
""osoba3""		632.7	632700	633.0	633000	1.2999878	1299	""osoba3""
""osoba1""		633.0	633000	633.0	633000	1.0	1000	""osoba1""
""osoba4""		633.0	633000	668.10004	668100	36.100037	36100	""osoba4""
""osoba2""		634.5	634500	637.2	637200	3.7000122	3700	""osoba2""
""osoba4""		636.0	636000	668.10004	668100	33.100037	33100	""osoba4""
""osoba4""		638.10004	638100	668.10004	668100	31.0	31000	""osoba4""
""osoba4""		640.5	640500	668.10004	668100	28.600037	28600	""osoba4""
""osoba3""		641.10004	641100	641.4	641400	1.2999878	1299	""osoba3""
""osoba4""		642.9	642900	668.10004	668100	26.200012	26200	""osoba4""
""osoba4""		646.5	646500	668.10004	668100	22.600037	22600	""osoba4""
""osoba4""		648.0	648000	668.10004	668100	21.100037	21100	""osoba4""
""osoba4""		648.60004	648600	668.10004	668100	20.5	20500	""osoba4""
""osoba4""		650.10004	650100	668.10004	668100	19.0	19000	""osoba4""
""osoba4""		651.30005	651300	668.10004	668100	17.799988	17799	""osoba4""
""osoba1""		653.7	653700	654.60004	654600	1.9000244	1900	""osoba1""
""osoba4""		655.5	655500	668.10004	668100	13.600037	13600	""osoba4""
""osoba4""		656.4	656400	668.10004	668100	12.700012	12700	""osoba4""
""osoba4""		657.30005	657300	668.10004	668100	11.799988	11799	""osoba4""
""osoba4""		658.2	658200	668.10004	668100	10.900024	10900	""osoba4""
""osoba4""		660.0	660000	668.10004	668100	9.100037	9100	""osoba4""
""osoba4""		661.5	661500	668.10004	668100	7.6000366	7600	""osoba4""
""osoba4""		663.60004	663600	668.10004	668100	5.5	5500	""osoba4""
""osoba4""		665.4	665400	668.10004	668100	3.7000122	3700	""osoba4""
""osoba3""		667.2	667200	672.30005	672300	6.1000366	6100	""osoba3""
""osoba4""		667.80005	667800	668.10004	668100	1.2999878	1299	""osoba4""
""osoba3""		669.9	669900	672.30005	672300	3.4000244	3400	""osoba3""
""osoba3""		670.5	670500	672.30005	672300	2.8000488	2800	""osoba3""
""osoba4""		671.10004	671100	683.7	683700	13.599976	13599	""osoba4""
""osoba3""		671.4	671400	672.30005	672300	1.9000244	1900	""osoba3""
""osoba4""		673.80005	673800	683.7	683700	10.899963	10899	""osoba4""
""osoba4""		674.4	674400	683.7	683700	10.299988	10299	""osoba4""
""osoba4""		679.5	679500	683.7	683700	5.200012	5200	""osoba4""
""osoba4""		681.60004	681600	683.7	683700	3.0999756	3099	""osoba4""
""osoba3""		682.2	682200	698.10004	698100	16.900024	16900	""osoba3""
""osoba4""		682.2	682200	683.7	683700	2.5	2500	""osoba4""
""osoba4""		682.80005	682800	683.7	683700	1.8999634	1899	""osoba4""
""osoba4""		683.7	683700	683.7	683700	1.0	1000	""osoba4""
""osoba3""		685.5	685500	698.10004	698100	13.600037	13600	""osoba3""
""osoba3""		687.0	687000	698.10004	698100	12.100037	12100	""osoba3""
""osoba3""		687.60004	687600	698.10004	698100	11.5	11500	""osoba3""
""osoba3""		688.2	688200	698.10004	698100	10.900024	10900	""osoba3""
""osoba3""		689.10004	689100	698.10004	698100	10.0	10000	""osoba3""
""osoba3""		690.9	690900	698.10004	698100	8.200012	8200	""osoba3""
""osoba3""		691.80005	691800	698.10004	698100	7.299988	7299	""osoba3""
""osoba3""		692.7	692700	698.10004	698100	6.4000244	6400	""osoba3""
""osoba3""		693.60004	693600	698.10004	698100	5.5	5500	""osoba3""
""osoba2""		694.80005	694800	702.9	702900	9.099976	9099	""osoba2""
""osoba4""		696.9	696900	697.80005	697800	1.9000244	1900	""osoba4""
""osoba2""		698.10004	698100	702.9	702900	5.799988	5799	""osoba2""
""osoba3""		700.5	700500	700.80005	700800	1.3000488	1300	""osoba3""
""osoba1""		701.7	701700	703.5	703500	2.7999878	2799	""osoba1""
""osoba3""		705.9	705900	706.80005	706800	1.9000244	1900	""osoba3""
""osoba4""		705.9	705900	709.5	709500	4.5999756	4599	""osoba4""
""osoba1""		707.4	707400	710.7	710700	4.299988	4299	""osoba1""
""osoba4""		708.0	708000	709.5	709500	2.5	2500	""osoba4""
""osoba1""		708.9	708900	710.7	710700	2.7999878	2799	""osoba1""
""osoba3""		712.5	712500	778.2	778200	66.70001	66700	""osoba3""
""osoba3""		714.9	714900	778.2	778200	64.29999	64299	""osoba3""
""osoba3""		715.5	715500	778.2	778200	63.700012	63700	""osoba3""
""osoba3""		718.5	718500	778.2	778200	60.700012	60700	""osoba3""
""osoba1""		721.2	721200	722.10004	722100	1.9000244	1900	""osoba1""
""osoba3""		723.0	723000	778.2	778200	56.200012	56200	""osoba3""
""osoba3""		724.5	724500	778.2	778200	54.700012	54700	""osoba3""
""osoba3""		725.4	725400	778.2	778200	53.799988	53799	""osoba3""
""osoba4""		726.0	726000	727.80005	727800	2.8000488	2800	""osoba4""
""osoba3""		730.2	730200	778.2	778200	49.0	49000	""osoba3""
""osoba3""		733.5	733500	778.2	778200	45.700012	45700	""osoba3""
""osoba3""		735.9	735900	778.2	778200	43.299988	43299	""osoba3""
""osoba3""		736.5	736500	778.2	778200	42.700012	42700	""osoba3""
""osoba3""		741.0	741000	778.2	778200	38.200012	38200	""osoba3""
""osoba3""		742.80005	742800	778.2	778200	36.399963	36399	""osoba3""
""osoba1""		743.10004	743100	743.7	743700	1.5999756	1599	""osoba1""
""osoba3""		745.2	745200	778.2	778200	34.0	34000	""osoba3""
""osoba3""		746.10004	746100	778.2	778200	33.099976	33099	""osoba3""
""osoba1""		750.0	750000	750.30005	750300	1.3000488	1300	""osoba1""
""osoba3""		751.2	751200	778.2	778200	28.0	28000	""osoba3""
""osoba3""		752.4	752400	778.2	778200	26.799988	26799	""osoba3""
""osoba3""		754.80005	754800	778.2	778200	24.399963	24399	""osoba3""
""osoba3""		756.0	756000	778.2	778200	23.200012	23200	""osoba3""
""osoba3""		756.60004	756600	778.2	778200	22.599976	22599	""osoba3""
""osoba1""		757.80005	757800	759.0	759000	2.1999512	2199	""osoba1""
""osoba3""		760.80005	760800	778.2	778200	18.399963	18399	""osoba3""
""osoba3""		764.10004	764100	778.2	778200	15.099976	15099	""osoba3""
""osoba3""		765.60004	765600	778.2	778200	13.599976	13599	""osoba3""
""osoba3""		768.0	768000	778.2	778200	11.200012	11200	""osoba3""
""osoba3""		770.7	770700	778.2	778200	8.5	8500	""osoba3""
""osoba4""		771.30005	771300	771.60004	771600	1.2999878	1299	""osoba4""
""osoba3""		774.60004	774600	778.2	778200	4.5999756	4599	""osoba3""
""osoba3""		775.2	775200	778.2	778200	4.0	4000	""osoba3""
""osoba3""		777.00006	777000	778.2	778200	2.1999512	2199	""osoba3""
""osoba4""		777.30005	777300	780.9	780900	4.5999756	4599	""osoba4""
""osoba1""		781.2	781200	781.80005	781800	1.6000366	1600	""osoba1""
""osoba4""		784.80005	784800	812.10004	812100	28.299988	28299	""osoba4""
""osoba4""		785.4	785400	812.10004	812100	27.700012	27700	""osoba4""
""osoba4""		786.30005	786300	812.10004	812100	26.799988	26799	""osoba4""
""osoba4""		795.9	795900	812.10004	812100	17.200012	17200	""osoba4""
""osoba4""		797.4	797400	812.10004	812100	15.700012	15700	""osoba4""
""osoba4""		801.60004	801600	812.10004	812100	11.5	11500	""osoba4""
""osoba4""		804.00006	804000	812.10004	812100	9.099976	9099	""osoba4""
""osoba3""		804.9	804900	806.4	806400	2.5	2500	""osoba3""
""osoba4""		806.10004	806100	812.10004	812100	7.0	7000	""osoba4""
""osoba4""		810.60004	810600	812.10004	812100	2.5	2500	""osoba4""
""osoba3""		811.2	811200	816.00006	816000	5.800049	5800	""osoba3""
""osoba2""		812.10004	812100	812.10004	812100	1.0	1000	""osoba2""
""osoba3""		813.30005	813300	816.00006	816000	3.7000122	3700	""osoba3""
""osoba2""		814.2	814200	816.60004	816600	3.4000244	3400	""osoba2""
""osoba3""		814.50006	814500	816.00006	816000	2.5	2500	""osoba3""
""osoba3""		818.10004	818100	820.2	820200	3.0999756	3099	""osoba3""
""osoba2""		818.7	818700	821.10004	821100	3.4000244	3400	""osoba2""
""osoba4""		822.30005	822300	827.7	827700	6.3999634	6399	""osoba4""
""osoba4""		823.50006	823500	827.7	827700	5.199951	5199	""osoba4""
""osoba4""		826.2	826200	827.7	827700	2.5	2500	""osoba4""
""osoba1""		826.50006	826500	827.7	827700	2.1999512	2199	""osoba1""
""osoba4""		832.80005	832800	841.2	841200	9.399963	9399	""osoba4""
""osoba4""		834.00006	834000	841.2	841200	8.199951	8199	""osoba4""
""osoba3""		836.7	836700	849.60004	849600	13.900024	13900	""osoba3""
""osoba4""		838.50006	838500	841.2	841200	3.6999512	3699	""osoba4""
""osoba3""		839.4	839400	849.60004	849600	11.200012	11200	""osoba3""
""osoba3""		842.7	842700	849.60004	849600	7.9000244	7900	""osoba3""
""osoba3""		843.60004	843600	849.60004	849600	7.0	7000	""osoba3""
""osoba3""		844.2	844200	849.60004	849600	6.4000244	6400	""osoba3""
""osoba3""		845.4	845400	849.60004	849600	5.200012	5200	""osoba3""
""osoba3""		846.00006	846000	849.60004	849600	4.5999756	4599	""osoba3""
""osoba3""		846.60004	846600	849.60004	849600	4.0	4000	""osoba3""
""osoba3""		847.50006	847500	849.60004	849600	3.0999756	3099	""osoba3""
""osoba1""		847.80005	847800	850.2	850200	3.3999634	3399	""osoba1""
""osoba2""		848.7	848700	849.00006	849000	1.3000488	1300	""osoba2""
""osoba3""		849.30005	849300	849.60004	849600	1.2999878	1299	""osoba3""
""osoba4""		852.60004	852600	883.80005	883800	32.200012	32200	""osoba4""
""osoba4""		854.10004	854100	883.80005	883800	30.700012	30700	""osoba4""
""osoba4""		855.30005	855300	883.80005	883800	29.5	29500	""osoba4""
""osoba4""		856.50006	856500	883.80005	883800	28.299988	28299	""osoba4""
""osoba4""		857.10004	857100	883.80005	883800	27.700012	27700	""osoba4""
""osoba4""		860.10004	860100	883.80005	883800	24.700012	24700	""osoba4""
""osoba4""		865.2	865200	883.80005	883800	19.600037	19600	""osoba4""
""osoba4""		869.10004	869100	883.80005	883800	15.700012	15700	""osoba4""
""osoba4""		869.7	869700	883.80005	883800	15.100037	15100	""osoba4""
""osoba4""		871.80005	871800	883.80005	883800	13.0	13000	""osoba4""
""osoba3""		872.7	872700	873.00006	873000	1.3000488	1300	""osoba3""
""osoba4""		873.9	873900	883.80005	883800	10.900024	10900	""osoba4""
""osoba4""		877.80005	877800	883.80005	883800	7.0	7000	""osoba4""
""osoba4""		878.4	878400	883.80005	883800	6.4000244	6400	""osoba4""
""osoba4""		879.60004	879600	883.80005	883800	5.200012	5200	""osoba4""
""osoba4""		880.80005	880800	883.80005	883800	4.0	4000	""osoba4""
""osoba4""		882.60004	882600	883.80005	883800	2.2000122	2200	""osoba4""
""osoba3""		882.9	882900	900.9	900900	19.0	19000	""osoba3""
""osoba4""		883.2	883200	883.80005	883800	1.6000366	1600	""osoba4""
""osoba3""		885.00006	885000	900.9	900900	16.899963	16899	""osoba3""
""osoba3""		888.00006	888000	900.9	900900	13.899963	13899	""osoba3""
""osoba3""		889.80005	889800	900.9	900900	12.099976	12099	""osoba3""
""osoba3""		891.30005	891300	900.9	900900	10.599976	10599	""osoba3""
""osoba4""		891.60004	891600	891.9	891900	1.2999878	1299	""osoba4""
""osoba3""		893.10004	893100	900.9	900900	8.799988	8799	""osoba3""
""osoba3""		894.60004	894600	900.9	900900	7.299988	7299	""osoba3""
""osoba3""		895.80005	895800	900.9	900900	6.0999756	6099	""osoba3""
""osoba1""		900.9	900900	903.30005	903300	3.4000244	3400	""osoba1""
""osoba4""		908.4	908400	912.00006	912000	4.6000366	4600	""osoba4""
""osoba4""		909.60004	909600	912.00006	912000	3.4000244	3400	""osoba4""
""osoba3""		911.4	911400	914.4	914400	4.0	4000	""osoba3""
""osoba4""		911.4	911400	912.00006	912000	1.6000366	1600	""osoba4""
""osoba3""		913.50006	913500	914.4	914400	1.8999634	1899	""osoba3""
""osoba2""		914.10004	914100	915.60004	915600	2.5	2500	""osoba2""
""osoba3""		914.10004	914100	914.4	914400	1.2999878	1299	""osoba3""
""osoba3""		921.30005	921300	922.50006	922500	2.2000122	2200	""osoba3""
""osoba4""		921.9	921900	962.7	962700	41.799988	41799	""osoba4""
""osoba3""		922.2	922200	922.50006	922500	1.3000488	1300	""osoba3""
""osoba4""		923.7	923700	962.7	962700	40.0	40000	""osoba4""
""osoba4""		924.60004	924600	962.7	962700	39.099976	39099	""osoba4""
""osoba4""		925.2	925200	962.7	962700	38.5	38500	""osoba4""
""osoba4""		927.00006	927000	962.7	962700	36.69995	36699	""osoba4""
""osoba4""		930.30005	930300	962.7	962700	33.399963	33399	""osoba4""
""osoba4""		932.4	932400	962.7	962700	31.299988	31299	""osoba4""
""osoba4""		937.2	937200	962.7	962700	26.5	26500	""osoba4""
""osoba4""		939.00006	939000	962.7	962700	24.699951	24699	""osoba4""
""osoba4""		939.9	939900	962.7	962700	23.799988	23799	""osoba4""
""osoba4""		942.60004	942600	962.7	962700	21.099976	21099	""osoba4""
""osoba4""		943.50006	943500	962.7	962700	20.199951	20199	""osoba4""
""osoba4""		945.00006	945000	962.7	962700	18.699951	18699	""osoba4""
""osoba4""		948.30005	948300	962.7	962700	15.399963	15399	""osoba4""
""osoba4""		949.50006	949500	962.7	962700	14.199951	14199	""osoba4""
""osoba3""		950.10004	950100	952.50006	952500	3.4000244	3400	""osoba3""
""osoba4""		951.9	951900	962.7	962700	11.799988	11799	""osoba4""
""osoba3""		952.2	952200	952.50006	952500	1.3000488	1300	""osoba3""
""osoba4""		953.10004	953100	962.7	962700	10.599976	10599	""osoba4""
""osoba4""		955.2	955200	962.7	962700	8.5	8500	""osoba4""
""osoba4""		958.50006	958500	962.7	962700	5.199951	5199	""osoba4""
""osoba4""		959.4	959400	962.7	962700	4.299988	4299	""osoba4""
""osoba3""		960.60004	960600	972.60004	972600	13.0	13000	""osoba3""
""osoba4""		960.60004	960600	962.7	962700	3.0999756	3099	""osoba4""
""osoba4""		962.10004	962100	962.7	962700	1.5999756	1599	""osoba4""
""osoba3""		962.7	962700	972.60004	972600	10.900024	10900	""osoba3""
""osoba3""		964.2	964200	972.60004	972600	9.400024	9400	""osoba3""
""osoba3""		964.80005	964800	972.60004	972600	8.799988	8799	""osoba3""
""osoba4""		965.4	965400	965.4	965400	1.0	1000	""osoba4""
""osoba3""		965.7	965700	972.60004	972600	7.9000244	7900	""osoba3""
""osoba3""		966.60004	966600	972.60004	972600	7.0	7000	""osoba3""
""osoba3""		968.10004	968100	972.60004	972600	5.5	5500	""osoba3""
""osoba1""		968.4	968400	968.7	968700	1.2999878	1299	""osoba1""
""osoba4""		969.00006	969000	969.00006	969000	1.0	1000	""osoba4""
""osoba3""		970.2	970200	972.60004	972600	3.4000244	3400	""osoba3""
""osoba1""		972.00006	972000	976.2	976200	5.199951	5199	""osoba1""
""osoba3""		972.00006	972000	972.60004	972600	1.5999756	1599	""osoba3""
""osoba4""		974.10004	974100	975.9	975900	2.7999878	2799	""osoba4""
""osoba1""		975.60004	975600	976.2	976200	1.5999756	1599	""osoba1""
""osoba3""		977.4	977400	980.4	980400	4.0	4000	""osoba3""
""osoba1""		980.10004	980100	980.7	980700	1.5999756	1599	""osoba1""
""osoba3""		984.30005	984300	998.4	998400	15.099976	15099	""osoba3""
""osoba3""		986.10004	986100	998.4	998400	13.299988	13299	""osoba3""
""osoba3""		988.80005	988800	998.4	998400	10.599976	10599	""osoba3""
""osoba3""		991.80005	991800	998.4	998400	7.5999756	7599	""osoba3""
""osoba1""		993.9	993900	994.2	994200	1.2999878	1299	""osoba1""
""osoba3""		994.2	994200	998.4	998400	5.200012	5200	""osoba3""
""osoba3""		996.9	996900	998.4	998400	2.5	2500	""osoba3""
""osoba4""		997.50006	997500	1013.4	1013400	16.899963	16899	""osoba4""
""osoba3""		998.4	998400	998.4	998400	1.0	1000	""osoba3""
""osoba4""		999.9	999900	1013.4	1013400	14.5	14500	""osoba4""
""osoba1""		1001.10004	1001100	1001.10004	1001100	1.0	1000	""osoba1""
""osoba2""		1001.4	1001400	1001.4	1001400	1.0	1000	""osoba2""
""osoba4""		1003.80005	1003800	1013.4	1013400	10.599976	10599	""osoba4""
""osoba3""		1006.80005	1006800	1007.10004	1007100	1.2999878	1299	""osoba3""
""osoba4""		1009.2	1009200	1013.4	1013400	5.200012	5200	""osoba4""
""osoba3""		1012.80005	1012800	1024.2001	1024200	12.400024	12400	""osoba3""
""osoba4""		1012.80005	1012800	1013.4	1013400	1.5999756	1599	""osoba4""
""osoba3""		1014.30005	1014300	1024.2001	1024200	10.900024	10900	""osoba3""
""osoba3""		1014.9	1014900	1024.2001	1024200	10.300049	10300	""osoba3""
""osoba3""		1016.10004	1016100	1024.2001	1024200	9.100037	9100	""osoba3""
""osoba2""		1017.9	1017900	1018.50006	1018500	1.6000366	1600	""osoba2""
""osoba3""		1021.50006	1021500	1024.2001	1024200	3.7000122	3700	""osoba3""
""osoba3""		1022.4	1022400	1024.2001	1024200	2.8000488	2800	""osoba3""
""osoba2""		1023.30005	1023300	1024.5	1024500	2.1999512	2199	""osoba2""
""osoba3""		1023.60004	1023600	1024.2001	1024200	1.6000366	1600	""osoba3""
""osoba4""		1025.4	1025400	1041.9	1041900	17.5	17500	""osoba4""
""osoba4""		1027.8	1027800	1041.9	1041900	15.099976	15099	""osoba4""
""osoba4""		1029.0	1029000	1041.9	1041900	13.900024	13900	""osoba4""
""osoba2""		1032.0	1032000	1032.3	1032300	1.3000488	1300	""osoba2""
""osoba4""		1035.3	1035300	1041.9	1041900	7.5999756	7599	""osoba4""
""osoba4""		1036.8	1036800	1041.9	1041900	6.0999756	6099	""osoba4""
""osoba3""		1038.9	1038900	1038.9	1038900	1.0	1000	""osoba3""
""osoba2""		1039.2001	1039200	1044.0	1044000	5.7999268	5799	""osoba2""
""osoba4""		1040.7001	1040700	1041.9	1041900	2.1999512	2199	""osoba4""
""osoba2""		1041.3	1041300	1044.0	1044000	3.6999512	3699	""osoba2""
""osoba3""		1045.5	1045500	1058.4	1058400	13.900024	13900	""osoba3""
""osoba3""		1047.3	1047300	1058.4	1058400	12.099976	12099	""osoba3""
""osoba3""		1050.0	1050000	1058.4	1058400	9.400024	9400	""osoba3""
""osoba3""		1051.2001	1051200	1058.4	1058400	8.199951	8199	""osoba3""
""osoba3""		1053.6001	1053600	1058.4	1058400	5.7999268	5799	""osoba3""
""osoba3""		1054.5	1054500	1058.4	1058400	4.9000244	4900	""osoba3""
""osoba2""		1056.0	1056000	1056.0	1056000	1.0	1000	""osoba2""
""osoba3""		1057.2001	1057200	1058.4	1058400	2.1999512	2199	""osoba3""
""osoba3""		1057.8	1057800	1058.4	1058400	1.5999756	1599	""osoba3""
""osoba2""		1058.4	1058400	1059.0	1059000	1.5999756	1599	""osoba2""
""osoba3""		1062.3	1062300	1087.5	1087500	26.199951	26199	""osoba3""
""osoba3""		1064.1001	1064100	1087.5	1087500	24.399902	24399	""osoba3""
""osoba3""		1064.7001	1064700	1087.5	1087500	23.799927	23799	""osoba3""
""osoba3""		1070.1001	1070100	1087.5	1087500	18.399902	18399	""osoba3""
""osoba2""		1070.7001	1070700	1071.6001	1071600	1.9000244	1900	""osoba2""
""osoba3""		1073.1001	1073100	1087.5	1087500	15.399902	15399	""osoba3""
""osoba3""		1077.0	1077000	1087.5	1087500	11.5	11500	""osoba3""
""osoba3""		1078.8	1078800	1087.5	1087500	9.699951	9699	""osoba3""
""osoba3""		1079.4	1079400	1087.5	1087500	9.099976	9099	""osoba3""
""osoba3""		1080.3	1080300	1087.5	1087500	8.199951	8199	""osoba3""
""osoba3""		1082.4	1082400	1087.5	1087500	6.0999756	6099	""osoba3""
""osoba3""		1084.8	1084800	1087.5	1087500	3.6999512	3699	""osoba3""
""osoba2""		1085.4	1085400	1085.4	1085400	1.0	1000	""osoba2""
""osoba3""		1085.4	1085400	1087.5	1087500	3.0999756	3099	""osoba3""
""osoba3""		1087.5	1087500	1087.5	1087500	1.0	1000	""osoba3""
""osoba4""		1087.5	1087500	1103.1001	1103100	16.600098	16600	""osoba4""
""osoba1""		1088.7001	1088700	1089.0	1089000	1.2999268	1299	""osoba1""
""osoba4""		1088.7001	1088700	1103.1001	1103100	15.400024	15400	""osoba4""
""osoba4""		1090.5	1090500	1103.1001	1103100	13.600098	13600	""osoba4""
""osoba4""		1092.6001	1092600	1103.1001	1103100	11.5	11500	""osoba4""
""osoba4""		1093.2001	1093200	1103.1001	1103100	10.900024	10900	""osoba4""
""osoba4""		1097.4	1097400	1103.1001	1103100	6.7000732	6700	""osoba4""
""osoba4""		1099.2001	1099200	1103.1001	1103100	4.9000244	4900	""osoba4""
""osoba4""		1099.8	1099800	1103.1001	1103100	4.300049	4300	""osoba4""
""osoba3""		1101.9	1101900	1126.5	1126500	25.599976	25599	""osoba3""
""osoba4""		1102.8	1102800	1103.1001	1103100	1.3000488	1300	""osoba4""
""osoba3""		1107.6001	1107600	1126.5	1126500	19.899902	19899	""osoba3""
""osoba3""		1110.3	1110300	1126.5	1126500	17.199951	17199	""osoba3""
""osoba3""		1111.2001	1111200	1126.5	1126500	16.299927	16299	""osoba3""
""osoba3""		1113.9	1113900	1126.5	1126500	13.599976	13599	""osoba3""
""osoba3""		1115.1001	1115100	1126.5	1126500	12.399902	12399	""osoba3""
""osoba4""		1116.6001	1116600	1116.6001	1116600	1.0	1000	""osoba4""
""osoba3""		1119.6001	1119600	1126.5	1126500	7.8999023	7899	""osoba3""
""osoba3""		1120.8	1120800	1126.5	1126500	6.699951	6699	""osoba3""
""osoba3""		1122.9	1122900	1126.5	1126500	4.5999756	4599	""osoba3""
""osoba4""		1123.2001	1123200	1146.6001	1146600	24.400024	24400	""osoba4""
""osoba1""		1125.0	1125000	1126.8	1126800	2.8000488	2800	""osoba1""
""osoba3""		1129.5	1129500	1131.0	1131000	2.5	2500	""osoba3""
""osoba4""		1130.4	1130400	1146.6001	1146600	17.200073	17200	""osoba4""
""osoba4""		1133.1001	1133100	1146.6001	1146600	14.5	14500	""osoba4""
""osoba4""		1134.3	1134300	1146.6001	1146600	13.300049	13300	""osoba4""
""osoba4""		1136.4	1136400	1146.6001	1146600	11.200073	11200	""osoba4""
""osoba4""		1137.0	1137000	1146.6001	1146600	10.600098	10600	""osoba4""
""osoba4""		1137.6001	1137600	1146.6001	1146600	10.0	10000	""osoba4""
""osoba4""		1139.1001	1139100	1146.6001	1146600	8.5	8500	""osoba4""
""osoba4""		1141.5	1141500	1146.6001	1146600	6.1000977	6100	""osoba4""
""osoba4""		1143.9	1143900	1146.6001	1146600	3.7000732	3700	""osoba4""
""osoba4""		1145.4	1145400	1146.6001	1146600	2.2000732	2200	""osoba4""
""osoba4""		1146.0	1146000	1146.6001	1146600	1.6000977	1600	""osoba4""
""osoba2""		1146.3	1146300	1146.9	1146900	1.5999756	1599	""osoba2""
""osoba4""		1146.6001	1146600	1146.6001	1146600	1.0	1000	""osoba4""
""osoba3""		1146.9	1146900	1149.0	1149000	3.0999756	3099	""osoba3""
""osoba1""		1148.7001	1148700	1149.6001	1149600	1.9000244	1900	""osoba1""
""osoba3""		1153.8	1153800	1163.4	1163400	10.599976	10599	""osoba3""
""osoba3""		1155.6001	1155600	1163.4	1163400	8.799927	8799	""osoba3""
""osoba3""		1158.6001	1158600	1163.4	1163400	5.7999268	5799	""osoba3""
""osoba3""		1159.2001	1159200	1163.4	1163400	5.199951	5199	""osoba3""
""osoba3""		1162.2001	1162200	1163.4	1163400	2.1999512	2199	""osoba3""
""osoba3""		1163.4	1163400	1163.4	1163400	1.0	1000	""osoba3""
""osoba1""		1163.7001	1163700	1165.8	1165800	3.0999756	3099	""osoba1""
""osoba4""		1168.8	1168800	1181.4	1181400	13.599976	13599	""osoba4""
""osoba4""		1170.3	1170300	1181.4	1181400	12.099976	12099	""osoba4""
""osoba4""		1171.8	1171800	1181.4	1181400	10.599976	10599	""osoba4""
""osoba4""		1175.4	1175400	1181.4	1181400	7.0	7000	""osoba4""
""osoba4""		1176.9	1176900	1181.4	1181400	5.5	5500	""osoba4""
""osoba4""		1178.1001	1178100	1181.4	1181400	4.2999268	4299	""osoba4""
""osoba4""		1179.0	1179000	1181.4	1181400	3.4000244	3400	""osoba4""
""osoba3""		1179.6001	1179600	1184.7001	1184700	6.0999756	6099	""osoba3""
""osoba3""		1182.6001	1182600	1184.7001	1184700	3.0999756	3099	""osoba3""
""osoba3""		1183.5	1183500	1184.7001	1184700	2.2000732	2200	""osoba3""
""osoba4""		1184.4	1184400	1188.0	1188000	4.5999756	4599	""osoba4""
""osoba3""		1184.7001	1184700	1184.7001	1184700	1.0	1000	""osoba3""
""osoba2""		1186.2001	1186200	1189.2001	1189200	4.0	4000	""osoba2""
""osoba1""		1186.5	1186500	1186.8	1186800	1.3000488	1300	""osoba1""
""osoba3""		1196.7001	1196700	1204.2001	1204200	8.5	8500	""osoba3""
""osoba3""		1197.6001	1197600	1204.2001	1204200	7.5999756	7599	""osoba3""
""osoba3""		1200.6001	1200600	1204.2001	1204200	4.5999756	4599	""osoba3""
""osoba4""		1201.2001	1201200	1201.5	1201500	1.2999268	1299	""osoba4""
""osoba3""		1201.5	1201500	1204.2001	1204200	3.7000732	3700	""osoba3""
""osoba2""		1202.4	1202400	1207.2001	1207200	5.800049	5800	""osoba2""
""osoba4""		1208.1001	1208100	1212.0	1212000	4.8999023	4899	""osoba4""
""osoba4""		1209.9	1209900	1212.0	1212000	3.0999756	3099	""osoba4""
""osoba3""		1210.5	1210500	1245.0	1245000	35.5	35500	""osoba3""
""osoba3""		1211.1001	1211100	1245.0	1245000	34.899902	34899	""osoba3""
""osoba4""		1211.4	1211400	1212.0	1212000	1.5999756	1599	""osoba4""
""osoba3""		1214.7001	1214700	1245.0	1245000	31.299927	31299	""osoba3""
""osoba3""		1219.2001	1219200	1245.0	1245000	26.799927	26799	""osoba3""
""osoba3""		1224.9	1224900	1245.0	1245000	21.099976	21099	""osoba3""
""osoba3""		1225.5	1225500	1245.0	1245000	20.5	20500	""osoba3""
""osoba3""		1226.7001	1226700	1245.0	1245000	19.299927	19299	""osoba3""
""osoba3""		1228.8	1228800	1245.0	1245000	17.199951	17199	""osoba3""
""osoba3""		1231.2001	1231200	1245.0	1245000	14.799927	14799	""osoba3""
""osoba2""		1231.5	1231500	1233.6001	1233600	3.1000977	3100	""osoba2""
""osoba1""		1234.5	1234500	1236.6001	1236600	3.1000977	3100	""osoba1""
""osoba3""		1234.8	1234800	1245.0	1245000	11.199951	11199	""osoba3""
""osoba3""		1236.0	1236000	1245.0	1245000	10.0	10000	""osoba3""
""osoba3""		1237.2001	1237200	1245.0	1245000	8.799927	8799	""osoba3""
""osoba3""		1238.1001	1238100	1245.0	1245000	7.8999023	7899	""osoba3""
""osoba3""		1243.2001	1243200	1245.0	1245000	2.7999268	2799	""osoba3""
""osoba3""		1244.1001	1244100	1245.0	1245000	1.8999023	1899	""osoba3""
""osoba3""		1244.7001	1244700	1245.0	1245000	1.2999268	1299	""osoba3""
""osoba1""		1245.3	1245300	1246.5	1246500	2.1999512	2199	""osoba1""
""osoba3""		1247.1001	1247100	1261.8	1261800	15.699951	15699	""osoba3""
""osoba4""		1247.1001	1247100	1249.2001	1249200	3.0999756	3099	""osoba4""
""osoba3""		1250.7001	1250700	1261.8	1261800	12.099976	12099	""osoba3""
""osoba3""		1252.2001	1252200	1261.8	1261800	10.599976	10599	""osoba3""
""osoba3""		1254.9	1254900	1261.8	1261800	7.9000244	7900	""osoba3""
""osoba3""		1257.3	1257300	1261.8	1261800	5.5	5500	""osoba3""
""osoba3""		1258.2001	1258200	1261.8	1261800	4.5999756	4599	""osoba3""
""osoba3""		1259.7001	1259700	1261.8	1261800	3.0999756	3099	""osoba3""
""osoba4""		1261.8	1261800	1265.7001	1265700	4.9000244	4900	""osoba4""
""osoba4""		1263.3	1263300	1265.7001	1265700	3.4000244	3400	""osoba4""
""osoba4""		1264.5	1264500	1265.7001	1265700	2.2000732	2200	""osoba4""
""osoba2""		1264.8	1264800	1267.5	1267500	3.6999512	3699	""osoba2""
""osoba4""		1274.7001	1274700	1293.6001	1293600	19.900024	19900	""osoba4""
""osoba4""		1277.4	1277400	1293.6001	1293600	17.200073	17200	""osoba4""
""osoba4""		1279.2001	1279200	1293.6001	1293600	15.400024	15400	""osoba4""
""osoba1""		1279.8	1279800	1281.3	1281300	2.5	2500	""osoba1""
""osoba4""		1279.8	1279800	1293.6001	1293600	14.800049	14800	""osoba4""
""osoba4""		1284.0	1284000	1293.6001	1293600	10.600098	10600	""osoba4""
""osoba3""		1285.8	1285800	1287.6001	1287600	2.8000488	2800	""osoba3""
""osoba3""		1286.7001	1286700	1287.6001	1287600	1.9000244	1900	""osoba3""
""osoba4""		1286.7001	1286700	1293.6001	1293600	7.9000244	7900	""osoba4""
""osoba4""		1289.4	1289400	1293.6001	1293600	5.2000732	5200	""osoba4""
""osoba3""		1293.3	1293300	1307.4	1307400	15.099976	15099	""osoba3""
""osoba3""		1295.4	1295400	1307.4	1307400	13.0	13000	""osoba3""
""osoba3""		1296.3	1296300	1307.4	1307400	12.099976	12099	""osoba3""
""osoba3""		1298.1001	1298100	1307.4	1307400	10.299927	10299	""osoba3""
""osoba3""		1299.0	1299000	1307.4	1307400	9.400024	9400	""osoba3""
""osoba4""		1299.3	1299300	1299.3	1299300	1.0	1000	""osoba4""
""osoba3""		1306.8	1306800	1307.4	1307400	1.5999756	1599	""osoba3""
""osoba3""		1307.4	1307400	1307.4	1307400	1.0	1000	""osoba3""
""osoba4""		1307.7001	1307700	1308.0	1308000	1.2999268	1299	""osoba4""
""osoba3""		1309.8	1309800	1336.2001	1336200	27.400024	27400	""osoba3""
""osoba3""		1310.4	1310400	1336.2001	1336200	26.800049	26800	""osoba3""
""osoba3""		1313.7001	1313700	1336.2001	1336200	23.5	23500	""osoba3""
""osoba3""		1316.7001	1316700	1336.2001	1336200	20.5	20500	""osoba3""
""osoba4""		1317.0	1317000	1317.6001	1317600	1.6000977	1600	""osoba4""
""osoba3""		1318.5	1318500	1336.2001	1336200	18.700073	18700	""osoba3""
""osoba3""		1320.0	1320000	1336.2001	1336200	17.200073	17200	""osoba3""
""osoba3""		1320.6001	1320600	1336.2001	1336200	16.599976	16599	""osoba3""
""osoba3""		1321.8	1321800	1336.2001	1336200	15.400024	15400	""osoba3""
""osoba3""		1323.6001	1323600	1336.2001	1336200	13.599976	13599	""osoba3""
""osoba3""		1324.5	1324500	1336.2001	1336200	12.700073	12700	""osoba3""
""osoba3""		1325.7001	1325700	1336.2001	1336200	11.5	11500	""osoba3""
""osoba3""		1326.3	1326300	1336.2001	1336200	10.900024	10900	""osoba3""
""osoba1""		1327.8	1327800	1331.1001	1331100	4.300049	4300	""osoba1""
""osoba1""		1329.9	1329900	1331.1001	1331100	2.2000732	2200	""osoba1""
""osoba3""		1330.2001	1330200	1336.2001	1336200	7.0	7000	""osoba3""
""osoba4""		1332.9	1332900	1347.3	1347300	15.400024	15400	""osoba4""
""osoba4""		1334.4	1334400	1347.3	1347300	13.900024	13900	""osoba4""
""osoba3""		1336.2001	1336200	1336.2001	1336200	1.0	1000	""osoba3""
""osoba4""		1336.2001	1336200	1347.3	1347300	12.099976	12099	""osoba4""
""osoba1""		1336.8	1336800	1337.4	1337400	1.5999756	1599	""osoba1""
""osoba2""		1340.7001	1340700	1341.6001	1341600	1.9000244	1900	""osoba2""
""osoba4""		1342.8	1342800	1347.3	1347300	5.5	5500	""osoba4""
""osoba3""		1343.4	1343400	1358.4	1358400	16.0	16000	""osoba3""
""osoba3""		1344.6001	1344600	1358.4	1358400	14.799927	14799	""osoba3""
""osoba4""		1344.9	1344900	1347.3	1347300	3.4000244	3400	""osoba4""
""osoba3""		1345.8	1345800	1358.4	1358400	13.599976	13599	""osoba3""
""osoba4""		1346.7001	1346700	1347.3	1347300	1.5999756	1599	""osoba4""
""osoba3""		1348.2001	1348200	1358.4	1358400	11.199951	11199	""osoba3""
""osoba4""		1350.6001	1350600	1351.8	1351800	2.1999512	2199	""osoba4""
""osoba4""		1351.5	1351500	1351.8	1351800	1.3000488	1300	""osoba4""
""osoba3""		1352.1001	1352100	1358.4	1358400	7.2999268	7299	""osoba3""
""osoba3""		1353.9	1353900	1358.4	1358400	5.5	5500	""osoba3""
""osoba4""		1357.8	1357800	1397.7001	1397700	40.900024	40900	""osoba4""
""osoba4""		1359.0	1359000	1397.7001	1397700	39.700073	39700	""osoba4""
""osoba2""		1359.6001	1359600	1359.9	1359900	1.2999268	1299	""osoba2""
""osoba2""		1363.2001	1363200	1364.4	1364400	2.1999512	2199	""osoba2""
""osoba4""		1364.1001	1364100	1397.7001	1397700	34.599976	34599	""osoba4""
""osoba4""		1368.9	1368900	1397.7001	1397700	29.800049	29800	""osoba4""
""osoba4""		1369.8	1369800	1397.7001	1397700	28.900024	28900	""osoba4""
""osoba4""		1371.6001	1371600	1397.7001	1397700	27.099976	27099	""osoba4""
""osoba4""		1372.2001	1372200	1397.7001	1397700	26.5	26500	""osoba4""
""osoba4""		1374.9	1374900	1397.7001	1397700	23.800049	23800	""osoba4""
""osoba1""		1376.1001	1376100	1376.7001	1376700	1.5999756	1599	""osoba1""
""osoba4""		1376.4	1376400	1397.7001	1397700	22.300049	22300	""osoba4""
""osoba3""		1377.0	1377000	1377.9	1377900	1.9000244	1900	""osoba3""
""osoba4""		1378.8	1378800	1397.7001	1397700	19.900024	19900	""osoba4""
""osoba3""		1380.3	1380300	1380.3	1380300	1.0	1000	""osoba3""
""osoba4""		1382.1001	1382100	1397.7001	1397700	16.599976	16599	""osoba4""
""osoba4""		1384.5	1384500	1397.7001	1397700	14.200073	14200	""osoba4""
""osoba1""		1386.0	1386000	1386.0	1386000	1.0	1000	""osoba1""
""osoba4""		1386.3	1386300	1397.7001	1397700	12.400024	12400	""osoba4""
""osoba4""		1387.8	1387800	1397.7001	1397700	10.900024	10900	""osoba4""
""osoba4""		1389.0	1389000	1397.7001	1397700	9.700073	9700	""osoba4""
""osoba4""		1389.9	1389900	1397.7001	1397700	8.800049	8800	""osoba4""
""osoba4""		1391.4	1391400	1397.7001	1397700	7.300049	7300	""osoba4""
""osoba4""		1392.0	1392000	1397.7001	1397700	6.7000732	6700	""osoba4""
""osoba4""		1395.3	1395300	1397.7001	1397700	3.4000244	3400	""osoba4""
""osoba4""		1396.5	1396500	1397.7001	1397700	2.2000732	2200	""osoba4""
""osoba3""		1397.4	1397400	1407.9	1407900	11.5	11500	""osoba3""
""osoba4""		1397.4	1397400	1397.7001	1397700	1.3000488	1300	""osoba4""
""osoba3""		1404.0	1404000	1407.9	1407900	4.9000244	4900	""osoba3""
""osoba3""		1404.9	1404900	1407.9	1407900	4.0	4000	""osoba3""
""osoba1""		1407.0	1407000	1408.8	1408800	2.8000488	2800	""osoba1""
""osoba2""		1407.0	1407000	1407.6001	1407600	1.6000977	1600	""osoba2""
""osoba4""		1411.2001	1411200	1412.4	1412400	2.1999512	2199	""osoba4""
""osoba3""		1411.8	1411800	1417.5	1417500	6.699951	6699	""osoba3""
""osoba1""		1412.1001	1412100	1413.3	1413300	2.1999512	2199	""osoba1""
""osoba4""		1416.6001	1416600	1422.3	1422300	6.699951	6699	""osoba4""
""osoba4""		1421.7001	1421700	1422.3	1422300	1.5999756	1599	""osoba4""
""osoba3""		1422.6001	1422600	1448.7001	1448700	27.099976	27099	""osoba3""
""osoba3""		1428.3	1428300	1448.7001	1448700	21.400024	21400	""osoba3""
""osoba3""		1432.2001	1432200	1448.7001	1448700	17.5	17500	""osoba3""
""osoba3""		1433.4	1433400	1448.7001	1448700	16.300049	16300	""osoba3""
""osoba1""		1434.0	1434000	1434.0	1434000	1.0	1000	""osoba1""
""osoba3""		1435.2001	1435200	1448.7001	1448700	14.5	14500	""osoba3""
""osoba3""		1436.4	1436400	1448.7001	1448700	13.300049	13300	""osoba3""
""osoba4""		1436.4	1436400	1436.7001	1436700	1.3000488	1300	""osoba4""
""osoba3""		1440.3	1440300	1448.7001	1448700	9.400024	9400	""osoba3""
""osoba3""		1442.1001	1442100	1448.7001	1448700	7.5999756	7599	""osoba3""
""osoba3""		1443.6001	1443600	1448.7001	1448700	6.0999756	6099	""osoba3""
""osoba3""		1445.1001	1445100	1448.7001	1448700	4.5999756	4599	""osoba3""
""osoba3""		1446.3	1446300	1448.7001	1448700	3.4000244	3400	""osoba3""
""osoba3""		1447.2001	1447200	1448.7001	1448700	2.5	2500	""osoba3""
""osoba3""		1447.8	1447800	1448.7001	1448700	1.9000244	1900	""osoba3""
""osoba4""		1448.1001	1448100	1498.8	1498800	51.69995	51699	""osoba4""
""osoba4""		1451.1001	1451100	1498.8	1498800	48.69995	48699	""osoba4""
""osoba2""		1453.8	1453800	1455.0	1455000	2.1999512	2199	""osoba2""
""osoba3""		1454.7001	1454700	1454.7001	1454700	1.0	1000	""osoba3""
""osoba4""		1456.5	1456500	1498.8	1498800	43.30005	43300	""osoba4""
""osoba4""		1460.4	1460400	1498.8	1498800	39.400024	39400	""osoba4""
""osoba4""		1464.0	1464000	1498.8	1498800	35.80005	35800	""osoba4""
""osoba4""		1466.7001	1466700	1498.8	1498800	33.099976	33099	""osoba4""
""osoba4""		1467.9	1467900	1498.8	1498800	31.900024	31900	""osoba4""
""osoba4""		1469.7001	1469700	1498.8	1498800	30.099976	30099	""osoba4""
""osoba4""		1472.1001	1472100	1498.8	1498800	27.699951	27699	""osoba4""
""osoba4""		1473.3	1473300	1498.8	1498800	26.5	26500	""osoba4""
""osoba4""		1475.4	1475400	1498.8	1498800	24.400024	24400	""osoba4""
""osoba1""		1476.0	1476000	1476.0	1476000	1.0	1000	""osoba1""
""osoba4""		1477.5	1477500	1498.8	1498800	22.300049	22300	""osoba4""
""osoba4""		1478.4	1478400	1498.8	1498800	21.400024	21400	""osoba4""
""osoba3""		1478.7001	1478700	1478.7001	1478700	1.0	1000	""osoba3""
""osoba1""		1482.6001	1482600	1483.2001	1483200	1.5999756	1599	""osoba1""
""osoba4""		1482.6001	1482600	1498.8	1498800	17.199951	17199	""osoba4""
""osoba4""		1486.8	1486800	1498.8	1498800	13.0	13000	""osoba4""
""osoba4""		1491.3	1491300	1498.8	1498800	8.5	8500	""osoba4""
""osoba2""		1494.0	1494000	1495.5	1495500	2.5	2500	""osoba2""
""osoba4""		1494.0	1494000	1498.8	1498800	5.800049	5800	""osoba4""
""osoba3""		1497.3	1497300	1503.6001	1503600	7.300049	7300	""osoba3""
""osoba4""		1503.9	1503900	1517.7001	1517700	14.800049	14800	""osoba4""
""osoba4""		1505.1001	1505100	1517.7001	1517700	13.599976	13599	""osoba4""
""osoba4""		1506.9	1506900	1517.7001	1517700	11.800049	11800	""osoba4""
""osoba1""		1508.1001	1508100	1509.3	1509300	2.1999512	2199	""osoba1""
""osoba4""		1509.9	1509900	1517.7001	1517700	8.800049	8800	""osoba4""
""osoba4""		1512.0	1512000	1517.7001	1517700	6.7000732	6700	""osoba4""
""osoba4""		1513.5	1513500	1517.7001	1517700	5.2000732	5200	""osoba4""
""osoba4""		1515.0	1515000	1517.7001	1517700	3.7000732	3700	""osoba4""
""osoba4""		1515.6001	1515600	1517.7001	1517700	3.0999756	3099	""osoba4""
""osoba3""		1516.5	1516500	1525.8	1525800	10.300049	10300	""osoba3""
""osoba4""		1516.8	1516800	1517.7001	1517700	1.9000244	1900	""osoba4""
""osoba3""		1519.5	1519500	1525.8	1525800	7.300049	7300	""osoba3""
""osoba3""		1521.3	1521300	1525.8	1525800	5.5	5500	""osoba3""
""osoba1""		1521.6001	1521600	1521.6001	1521600	1.0	1000	""osoba1""
""osoba4""		1523.4	1523400	1552.8	1552800	30.400024	30400	""osoba4""
""osoba4""		1527.3	1527300	1552.8	1552800	26.5	26500	""osoba4""
""osoba3""		1527.9	1527900	1528.8	1528800	1.9000244	1900	""osoba3""
""osoba2""		1528.2001	1528200	1528.8	1528800	1.5999756	1599	""osoba2""
""osoba4""		1530.3	1530300	1552.8	1552800	23.5	23500	""osoba4""
""osoba4""		1532.4	1532400	1552.8	1552800	21.400024	21400	""osoba4""
""osoba4""		1533.3	1533300	1552.8	1552800	20.5	20500	""osoba4""
""osoba4""		1537.2001	1537200	1552.8	1552800	16.599976	16599	""osoba4""
""osoba4""		1537.8	1537800	1552.8	1552800	16.0	16000	""osoba4""
""osoba4""		1538.7001	1538700	1552.8	1552800	15.099976	15099	""osoba4""
""osoba3""		1539.9	1539900	1540.8	1540800	1.9000244	1900	""osoba3""
""osoba4""		1539.9	1539900	1552.8	1552800	13.900024	13900	""osoba4""
""osoba4""		1542.0001	1542000	1552.8	1552800	11.799927	11799	""osoba4""
""osoba4""		1544.7001	1544700	1552.8	1552800	9.099976	9099	""osoba4""
""osoba3""		1546.8	1546800	1547.1001	1547100	1.3000488	1300	""osoba3""
""osoba4""		1548.9	1548900	1552.8	1552800	4.9000244	4900	""osoba4""
""osoba4""		1551.6001	1551600	1552.8	1552800	2.1999512	2199	""osoba4""
""osoba3""		1551.9	1551900	1570.5001	1570500	19.600098	19600	""osoba3""
""osoba3""		1554.0001	1554000	1570.5001	1570500	17.5	17500	""osoba3""
""osoba3""		1554.9	1554900	1570.5001	1570500	16.600098	16600	""osoba3""
""osoba3""		1556.4	1556400	1570.5001	1570500	15.100098	15100	""osoba3""
""osoba3""		1559.4	1559400	1570.5001	1570500	12.100098	12100	""osoba3""
""osoba1""		1560.3	1560300	1561.8	1561800	2.5	2500	""osoba1""
""osoba2""		1566.3	1566300	1566.3	1566300	1.0	1000	""osoba2""
""osoba1""		1569.0001	1569000	1576.5001	1576500	8.5	8500	""osoba1""
""osoba4""		1573.5001	1573500	1573.8	1573800	1.2999268	1299	""osoba4""
""osoba4""		1579.5001	1579500	1579.5001	1579500	1.0	1000	""osoba4""
""osoba2""		1579.8	1579800	1580.4	1580400	1.5999756	1599	""osoba2""
""osoba4""		1582.8	1582800	1620.3	1620300	38.5	38500	""osoba4""
""osoba4""		1587.0001	1587000	1620.3	1620300	34.299927	34299	""osoba4""
""osoba1""		1587.3	1587300	1587.3	1587300	1.0	1000	""osoba1""
""osoba4""		1587.6001	1587600	1620.3	1620300	33.69995	33699	""osoba4""
""osoba4""		1591.5001	1591500	1620.3	1620300	29.799927	29799	""osoba4""
""osoba3""		1591.8	1591800	1592.4	1592400	1.5999756	1599	""osoba3""
""osoba4""		1593.9	1593900	1620.3	1620300	27.400024	27400	""osoba4""
""osoba4""		1596.3	1596300	1620.3	1620300	25.0	25000	""osoba4""
""osoba4""		1598.1001	1598100	1620.3	1620300	23.199951	23199	""osoba4""
""osoba4""		1599.0001	1599000	1620.3	1620300	22.299927	22299	""osoba4""
""osoba4""		1600.5001	1600500	1620.3	1620300	20.799927	20799	""osoba4""
""osoba3""		1603.2001	1603200	1603.2001	1603200	1.0	1000	""osoba3""
""osoba4""		1603.2001	1603200	1620.3	1620300	18.099976	18099	""osoba4""
""osoba4""		1608.3	1608300	1620.3	1620300	13.0	13000	""osoba4""
""osoba4""		1608.9	1608900	1620.3	1620300	12.400024	12400	""osoba4""
""osoba4""		1609.5001	1609500	1620.3	1620300	11.799927	11799	""osoba4""
""osoba4""		1610.4	1610400	1620.3	1620300	10.900024	10900	""osoba4""
""osoba4""		1615.8	1615800	1620.3	1620300	5.5	5500	""osoba4""
""osoba4""		1617.0001	1617000	1620.3	1620300	4.2999268	4299	""osoba4""
""osoba3""		1617.9	1617900	1620.3	1620300	3.4000244	3400	""osoba3""
""osoba4""		1618.8	1618800	1620.3	1620300	2.5	2500	""osoba4""
