"default"		0.0	0	1.0	1000	1.0	1000	BEGIN
"default"		1620.3	1620300	1620.31	1621300	1.0	1000	END
""osoba4""		9.0	9000	21.6	21600	13.6	13600	""osoba4""
""osoba4""		9.900001	9900	21.6	21600	12.7	12700	""osoba4""
""osoba4""		10.8	10800	21.6	21600	11.8	11800	""osoba4""
""osoba4""		11.700001	11700	21.6	21600	10.9	10900	""osoba4""
""osoba4""		13.500001	13500	21.6	21600	9.099999	9099	""osoba4""
""osoba4""		14.1	14100	21.6	21600	8.5	8500	""osoba4""
""osoba4""		16.800001	16800	21.6	21600	5.799999	5799	""osoba4""
""osoba4""		18.0	18000	21.6	21600	4.6000004	4600	""osoba4""
""osoba3""		20.1	20100	21.6	21600	2.5	2500	""osoba3""
""osoba4""		20.1	20100	21.6	21600	2.5	2500	""osoba4""
""osoba2""		20.7	20700	22.2	22200	2.5	2500	""osoba2""
""osoba2""		21.300001	21300	22.2	22200	1.8999996	1899	""osoba2""
""osoba3""		26.1	26100	27.6	27600	2.5	2500	""osoba3""
""osoba2""		27.900002	27900	29.400002	29400	2.5	2500	""osoba2""
""osoba3""		33.0	33000	76.5	76500	44.5	44500	""osoba3""
""osoba3""		33.9	33900	76.5	76500	43.6	43600	""osoba3""
""osoba4""		36.0	36000	40.5	40500	5.5	5500	""osoba4""
""osoba3""		41.7	41700	76.5	76500	35.8	35800	""osoba3""
""osoba3""		45.0	45000	76.5	76500	32.5	32500	""osoba3""
""osoba3""		48.9	48900	76.5	76500	28.599998	28599	""osoba3""
""osoba3""		49.800003	49800	76.5	76500	27.699997	27699	""osoba3""
""osoba3""		53.100002	53100	76.5	76500	24.399998	24399	""osoba3""
""osoba3""		53.7	53700	76.5	76500	23.8	23800	""osoba3""
""osoba3""		56.100002	56100	76.5	76500	21.399998	21399	""osoba3""
""osoba4""		59.100002	59100	59.100002	59100	1.0	1000	""osoba4""
""osoba3""		60.300003	60300	76.5	76500	17.199997	17199	""osoba3""
""osoba3""		61.500004	61500	76.5	76500	15.999996	15999	""osoba3""
""osoba3""		64.200005	64200	76.5	76500	13.299995	13299	""osoba3""
""osoba2""		65.4	65400	65.700005	65700	1.300003	1300	""osoba2""
""osoba3""		65.700005	65700	76.5	76500	11.799995	11799	""osoba3""
""osoba3""		66.9	66900	76.5	76500	10.599998	10599	""osoba3""
""osoba3""		69.3	69300	76.5	76500	8.199997	8199	""osoba3""
""osoba3""		70.5	70500	76.5	76500	7.0	7000	""osoba3""
""osoba4""		73.5	73500	73.5	73500	1.0	1000	""osoba4""
""osoba3""		73.8	73800	76.5	76500	3.699997	3699	""osoba3""
""osoba1""		74.700005	74700	76.8	76800	3.0999985	3099	""osoba1""
""osoba1""		75.3	75300	76.8	76800	2.5	2500	""osoba1""
""osoba3""		76.5	76500	76.5	76500	1.0	1000	""osoba3""
""osoba2""		77.4	77400	78.600006	78600	2.2000046	2200	""osoba2""
""osoba3""		78.9	78900	87.0	87000	9.099998	9099	""osoba3""
""osoba3""		80.100006	80100	87.0	87000	7.899994	7899	""osoba3""
""osoba3""		81.0	81000	87.0	87000	7.0	7000	""osoba3""
""osoba3""		81.9	81900	87.0	87000	6.0999985	6099	""osoba3""
""osoba4""		82.200005	82200	85.8	85800	4.5999985	4599	""osoba4""
""osoba4""		83.700005	83700	85.8	85800	3.0999985	3099	""osoba4""
""osoba3""		84.0	84000	87.0	87000	4.0	4000	""osoba3""
""osoba4""		84.600006	84600	85.8	85800	2.199997	2199	""osoba4""
""osoba1""		87.3	87300	91.8	91800	5.5	5500	""osoba1""
""osoba4""		88.8	88800	89.4	89400	1.5999985	1599	""osoba4""
""osoba3""		98.4	98400	103.8	103800	6.4000015	6400	""osoba3""
""osoba3""		99.3	99300	103.8	103800	5.5	5500	""osoba3""
""osoba4""		99.600006	99600	100.50001	100500	1.9000015	1900	""osoba4""
""osoba4""		100.50001	100500	100.50001	100500	1.0	1000	""osoba4""
""osoba3""		100.8	100800	103.8	103800	4.0	4000	""osoba3""
""osoba3""		103.50001	103500	103.8	103800	1.2999954	1299	""osoba3""
""osoba4""		103.8	103800	114.3	114300	11.5	11500	""osoba4""
""osoba4""		105.9	105900	114.3	114300	9.400002	9400	""osoba4""
""osoba4""		107.100006	107100	114.3	114300	8.199997	8199	""osoba4""
""osoba4""		107.700005	107700	114.3	114300	7.5999985	7599	""osoba4""
""osoba4""		108.3	108300	114.3	114300	7.0	7000	""osoba4""
""osoba4""		110.100006	110100	114.3	114300	5.199997	5199	""osoba4""
""osoba4""		111.00001	111000	114.3	114300	4.2999954	4299	""osoba4""
""osoba4""		111.600006	111600	114.3	114300	3.699997	3699	""osoba4""
""osoba3""		111.9	111900	115.50001	115500	4.600006	4600	""osoba3""
""osoba4""		112.200005	112200	114.3	114300	3.0999985	3099	""osoba4""
""osoba4""		113.700005	113700	114.3	114300	1.5999985	1599	""osoba4""
""osoba3""		115.50001	115500	115.50001	115500	1.0	1000	""osoba3""
""osoba2""		115.8	115800	116.4	116400	1.5999985	1599	""osoba2""
""osoba3""		119.4	119400	136.5	136500	18.099998	18099	""osoba3""
""osoba3""		124.200005	124200	136.5	136500	13.299995	13299	""osoba3""
""osoba3""		125.700005	125700	136.5	136500	11.799995	11799	""osoba3""
""osoba3""		126.9	126900	136.5	136500	10.599998	10599	""osoba3""
""osoba3""		128.40001	128400	136.5	136500	9.099991	9099	""osoba3""
""osoba1""		136.5	136500	136.8	136800	1.300003	1300	""osoba1""
""osoba3""		138.90001	138900	151.5	151500	13.599991	13599	""osoba3""
""osoba3""		140.1	140100	151.5	151500	12.399994	12399	""osoba3""
""osoba3""		141.6	141600	151.5	151500	10.899994	10899	""osoba3""
""osoba3""		146.70001	146700	151.5	151500	5.799988	5799	""osoba3""
""osoba3""		147.6	147600	151.5	151500	4.899994	4899	""osoba3""
""osoba4""		149.1	149100	159.0	159000	10.899994	10899	""osoba4""
""osoba3""		149.70001	149700	151.5	151500	2.7999878	2799	""osoba3""
""osoba4""		149.70001	149700	159.0	159000	10.299988	10299	""osoba4""
""osoba4""		151.20001	151200	159.0	159000	8.799988	8799	""osoba4""
""osoba3""		151.5	151500	151.5	151500	1.0	1000	""osoba3""
""osoba4""		154.20001	154200	159.0	159000	5.799988	5799	""osoba4""
""osoba4""		154.8	154800	159.0	159000	5.199997	5199	""osoba4""
""osoba4""		156.3	156300	159.0	159000	3.699997	3699	""osoba4""
""osoba4""		157.20001	157200	159.0	159000	2.7999878	2799	""osoba4""
""osoba3""		159.0	159000	174.6	174600	16.600006	16600	""osoba3""
""osoba4""		159.0	159000	159.0	159000	1.0	1000	""osoba4""
""osoba3""		162.3	162300	174.6	174600	13.300003	13300	""osoba3""
""osoba3""		163.5	163500	174.6	174600	12.100006	12100	""osoba3""
""osoba4""		165.90001	165900	167.1	167100	2.199997	2199	""osoba4""
""osoba3""		168.0	168000	174.6	174600	7.600006	7600	""osoba3""
""osoba3""		169.5	169500	174.6	174600	6.100006	6100	""osoba3""
""osoba1""		171.3	171300	171.6	171600	1.300003	1300	""osoba1""
""osoba3""		173.1	173100	174.6	174600	2.5	2500	""osoba3""
""osoba4""		174.3	174300	200.40001	200400	27.100006	27100	""osoba4""
""osoba4""		176.1	176100	200.40001	200400	25.300003	25300	""osoba4""
""osoba4""		179.70001	179700	200.40001	200400	21.699997	21699	""osoba4""
""osoba2""		181.8	181800	181.8	181800	1.0	1000	""osoba2""
""osoba4""		181.8	181800	200.40001	200400	19.600006	19600	""osoba4""
""osoba3""		183.0	183000	183.6	183600	1.6000061	1600	""osoba3""
""osoba4""		183.3	183300	200.40001	200400	18.100006	18100	""osoba4""
""osoba4""		184.8	184800	200.40001	200400	16.600006	16600	""osoba4""
""osoba4""		186.6	186600	200.40001	200400	14.800003	14800	""osoba4""
""osoba4""		188.1	188100	200.40001	200400	13.300003	13300	""osoba4""
""osoba4""		189.3	189300	200.40001	200400	12.100006	12100	""osoba4""
""osoba4""		195.3	195300	200.40001	200400	6.100006	6100	""osoba4""
""osoba1""		199.20001	199200	201.3	201300	3.0999908	3099	""osoba1""
""osoba4""		206.70001	206700	209.40001	209400	3.699997	3699	""osoba4""
""osoba4""		208.8	208800	209.40001	209400	1.6000061	1600	""osoba4""
""osoba3""		209.40001	209400	211.20001	211200	2.800003	2800	""osoba3""
""osoba1""		210.3	210300	211.8	211800	2.5	2500	""osoba1""
""osoba4""		212.70001	212700	231.6	231600	19.899994	19899	""osoba4""
""osoba4""		216.00002	216000	231.6	231600	16.59999	16599	""osoba4""
""osoba4""		218.70001	218700	231.6	231600	13.899994	13899	""osoba4""
""osoba4""		219.3	219300	231.6	231600	13.300003	13300	""osoba4""
""osoba4""		219.90001	219900	231.6	231600	12.699997	12699	""osoba4""
""osoba4""		220.8	220800	231.6	231600	11.800003	11800	""osoba4""
""osoba1""		221.1	221100	222.90001	222900	2.800003	2800	""osoba1""
""osoba4""		222.3	222300	231.6	231600	10.300003	10300	""osoba4""
""osoba3""		222.90001	222900	225.3	225300	3.399994	3399	""osoba3""
""osoba4""		223.50002	223500	231.6	231600	9.099991	9099	""osoba4""
""osoba3""		224.40001	224400	225.3	225300	1.8999939	1899	""osoba3""
""osoba4""		224.70001	224700	231.6	231600	7.899994	7899	""osoba4""
""osoba1""		229.50002	229500	231.90001	231900	3.399994	3399	""osoba1""
""osoba4""		230.70001	230700	231.6	231600	1.8999939	1899	""osoba4""
""osoba4""		234.90001	234900	244.8	244800	10.899994	10899	""osoba4""
""osoba4""		236.40001	236400	244.8	244800	9.399994	9399	""osoba4""
""osoba3""		237.00002	237000	239.40001	239400	3.399994	3399	""osoba3""
""osoba4""		237.6	237600	244.8	244800	8.199997	8199	""osoba4""
""osoba3""		237.90001	237900	239.40001	239400	2.5	2500	""osoba3""
""osoba4""		243.00002	243000	244.8	244800	2.7999878	2799	""osoba4""
""osoba4""		243.6	243600	244.8	244800	2.199997	2199	""osoba4""
""osoba2""		244.8	244800	245.1	245100	1.300003	1300	""osoba2""
""osoba3""		245.1	245100	247.20001	247200	3.100006	3100	""osoba3""
""osoba4""		247.20001	247200	249.6	249600	3.399994	3399	""osoba4""
""osoba2""		248.70001	248700	259.2	259200	11.5	11500	""osoba2""
""osoba4""		249.6	249600	249.6	249600	1.0	1000	""osoba4""
""osoba3""		252.90001	252900	253.20001	253200	1.300003	1300	""osoba3""
""osoba4""		253.20001	253200	254.40001	254400	2.199997	2199	""osoba4""
""osoba2""		254.40001	254400	259.2	259200	5.800003	5800	""osoba2""
""osoba3""		258.6	258600	283.80002	283800	26.200012	26200	""osoba3""
""osoba2""		258.90002	258900	259.2	259200	1.2999878	1299	""osoba2""
""osoba3""		260.40002	260400	283.80002	283800	24.399994	24399	""osoba3""
""osoba3""		261.6	261600	283.80002	283800	23.200012	23200	""osoba3""
""osoba1""		263.7	263700	264.0	264000	1.2999878	1299	""osoba1""
""osoba3""		265.5	265500	283.80002	283800	19.300018	19300	""osoba3""
""osoba3""		267.90002	267900	283.80002	283800	16.899994	16899	""osoba3""
""osoba3""		270.30002	270300	283.80002	283800	14.5	14500	""osoba3""
""osoba2""		272.7	272700	272.7	272700	1.0	1000	""osoba2""
""osoba3""		273.0	273000	283.80002	283800	11.800018	11800	""osoba3""
""osoba3""		278.7	278700	283.80002	283800	6.100006	6100	""osoba3""
""osoba3""		281.40002	281400	283.80002	283800	3.399994	3399	""osoba3""
""osoba3""		282.0	282000	283.80002	283800	2.8000183	2800	""osoba3""
""osoba4""		282.6	282600	288.30002	288300	6.700012	6700	""osoba4""
""osoba3""		283.5	283500	283.80002	283800	1.3000183	1300	""osoba3""
""osoba4""		285.30002	285300	288.30002	288300	4.0	4000	""osoba4""
""osoba1""		288.30002	288300	294.6	294600	7.299988	7299	""osoba1""
""osoba3""		290.1	290100	291.6	291600	2.5	2500	""osoba3""
""osoba2""		290.7	290700	291.90002	291900	2.2000122	2200	""osoba2""
""osoba4""		294.30002	294300	305.1	305100	11.799988	11799	""osoba4""
""osoba3""		295.80002	295800	296.7	296700	1.8999939	1899	""osoba3""
""osoba4""		296.1	296100	305.1	305100	10.0	10000	""osoba4""
""osoba4""		299.7	299700	305.1	305100	6.399994	6399	""osoba4""
""osoba1""		302.1	302100	305.40002	305400	4.3000183	4300	""osoba1""
""osoba2""		306.6	306600	307.2	307200	1.6000061	1600	""osoba2""
""osoba4""		312.90002	312900	326.1	326100	14.199982	14199	""osoba4""
""osoba2""		313.5	313500	314.40002	314400	1.9000244	1900	""osoba2""
""osoba4""		316.5	316500	326.1	326100	10.600006	10600	""osoba4""
""osoba4""		317.7	317700	326.1	326100	9.399994	9399	""osoba4""
""osoba4""		318.90002	318900	326.1	326100	8.199982	8199	""osoba4""
""osoba4""		319.80002	319800	326.1	326100	7.299988	7299	""osoba4""
""osoba4""		323.1	323100	326.1	326100	4.0	4000	""osoba4""
""osoba4""		324.6	324600	326.1	326100	2.5	2500	""osoba4""
""osoba2""		326.1	326100	326.40002	326400	1.3000183	1300	""osoba2""
""osoba4""		326.1	326100	326.1	326100	1.0	1000	""osoba4""
""osoba4""		328.5	328500	342.6	342600	15.100006	15100	""osoba4""
""osoba3""		329.40002	329400	335.1	335100	6.6999817	6699	""osoba3""
""osoba4""		330.6	330600	342.6	342600	13.0	13000	""osoba4""
""osoba3""		331.5	331500	335.1	335100	4.600006	4600	""osoba3""
""osoba3""		333.90002	333900	335.1	335100	2.1999817	2199	""osoba3""
""osoba4""		334.2	334200	342.6	342600	9.399994	9399	""osoba4""
""osoba4""		339.90002	339900	342.6	342600	3.6999817	3699	""osoba4""
""osoba3""		340.80002	340800	369.0	369000	29.199982	29199	""osoba3""
""osoba3""		343.2	343200	369.0	369000	26.799988	26799	""osoba3""
""osoba3""		344.1	344100	369.0	369000	25.899994	25899	""osoba3""
""osoba3""		344.7	344700	369.0	369000	25.299988	25299	""osoba3""
""osoba3""		345.6	345600	369.0	369000	24.399994	24399	""osoba3""
""osoba3""		346.5	346500	369.0	369000	23.5	23500	""osoba3""
""osoba3""		347.1	347100	369.0	369000	22.899994	22899	""osoba3""
""osoba3""		348.0	348000	369.0	369000	22.0	22000	""osoba3""
""osoba3""		353.1	353100	369.0	369000	16.899994	16899	""osoba3""
""osoba3""		354.30002	354300	369.0	369000	15.699982	15699	""osoba3""
""osoba3""		355.5	355500	369.0	369000	14.5	14500	""osoba3""
""osoba3""		358.80002	358800	369.0	369000	11.199982	11199	""osoba3""
""osoba3""		360.0	360000	369.0	369000	10.0	10000	""osoba3""
""osoba3""		360.90002	360900	369.0	369000	9.099976	9099	""osoba3""
""osoba3""		361.80002	361800	369.0	369000	8.199982	8199	""osoba3""
""osoba3""		363.6	363600	369.0	369000	6.399994	6399	""osoba3""
""osoba3""		364.2	364200	369.0	369000	5.799988	5799	""osoba3""
""osoba3""		365.40002	365400	369.0	369000	4.5999756	4599	""osoba3""
""osoba3""		366.0	366000	369.0	369000	4.0	4000	""osoba3""
""osoba3""		366.6	366600	369.0	369000	3.399994	3399	""osoba3""
""osoba3""		367.2	367200	369.0	369000	2.7999878	2799	""osoba3""
""osoba3""		368.40002	368400	369.0	369000	1.5999756	1599	""osoba3""
""osoba2""		368.7	368700	369.30002	369300	1.6000061	1600	""osoba2""
""osoba4""		370.2	370200	373.2	373200	4.0	4000	""osoba4""
""osoba4""		371.40002	371400	373.2	373200	2.7999878	2799	""osoba4""
""osoba3""		372.6	372600	396.30002	396300	24.700012	24700	""osoba3""
""osoba4""		372.6	372600	373.2	373200	1.6000061	1600	""osoba4""
""osoba3""		374.1	374100	396.30002	396300	23.200012	23200	""osoba3""
""osoba3""		377.40002	377400	396.30002	396300	19.899994	19899	""osoba3""
""osoba3""		379.5	379500	396.30002	396300	17.800018	17800	""osoba3""
""osoba3""		381.6	381600	396.30002	396300	15.700012	15700	""osoba3""
""osoba3""		382.5	382500	396.30002	396300	14.800018	14800	""osoba3""
""osoba1""		385.50003	385500	387.30002	387300	2.7999878	2799	""osoba1""
""osoba3""		387.30002	387300	396.30002	396300	10.0	10000	""osoba3""
""osoba3""		388.80002	388800	396.30002	396300	8.5	8500	""osoba3""
""osoba3""		390.30002	390300	396.30002	396300	7.0	7000	""osoba3""
""osoba4""		391.50003	391500	391.50003	391500	1.0	1000	""osoba4""
""osoba2""		395.7	395700	397.50003	397500	2.8000183	2800	""osoba2""
""osoba4""		404.40002	404400	430.50003	430500	27.100006	27100	""osoba4""
""osoba4""		405.6	405600	430.50003	430500	25.900024	25900	""osoba4""
""osoba4""		407.7	407700	430.50003	430500	23.800018	23800	""osoba4""
""osoba4""		409.80002	409800	430.50003	430500	21.700012	21700	""osoba4""
""osoba4""		411.00003	411000	430.50003	430500	20.5	20500	""osoba4""
""osoba3""		415.50003	415500	415.80002	415800	1.2999878	1299	""osoba3""
""osoba4""		415.50003	415500	430.50003	430500	16.0	16000	""osoba4""
""osoba4""		416.40002	416400	430.50003	430500	15.100006	15100	""osoba4""
""osoba4""		417.00003	417000	430.50003	430500	14.5	14500	""osoba4""
""osoba4""		418.50003	418500	430.50003	430500	13.0	13000	""osoba4""
""osoba4""		419.40002	419400	430.50003	430500	12.100006	12100	""osoba4""
""osoba4""		420.6	420600	430.50003	430500	10.900024	10900	""osoba4""
""osoba4""		423.30002	423300	430.50003	430500	8.200012	8200	""osoba4""
""osoba4""		424.80002	424800	430.50003	430500	6.700012	6700	""osoba4""
""osoba2""		426.6	426600	426.90002	426900	1.3000183	1300	""osoba2""
""osoba4""		426.6	426600	430.50003	430500	4.9000244	4900	""osoba4""
""osoba4""		428.40002	428400	430.50003	430500	3.100006	3100	""osoba4""
""osoba3""		430.2	430200	435.6	435600	6.399994	6399	""osoba3""
""osoba2""		434.40002	434400	436.50003	436500	3.100006	3100	""osoba2""
""osoba3""		434.40002	434400	435.6	435600	2.1999817	2199	""osoba3""
""osoba1""		440.1	440100	440.7	440700	1.6000061	1600	""osoba1""
""osoba3""		443.7	443700	467.7	467700	25.0	25000	""osoba3""
""osoba3""		444.6	444600	467.7	467700	24.100006	24100	""osoba3""
""osoba3""		445.50003	445500	467.7	467700	23.199982	23199	""osoba3""
""osoba3""		447.90002	447900	467.7	467700	20.799988	20799	""osoba3""
""osoba4""		448.2	448200	448.80002	448800	1.6000061	1600	""osoba4""
""osoba3""		450.30002	450300	467.7	467700	18.399994	18399	""osoba3""
""osoba3""		451.2	451200	467.7	467700	17.5	17500	""osoba3""
""osoba1""		452.40002	452400	455.7	455700	4.299988	4299	""osoba1""
""osoba3""		452.40002	452400	467.7	467700	16.299988	16299	""osoba3""
""osoba3""		453.30002	453300	467.7	467700	15.399994	15399	""osoba3""
""osoba3""		457.80002	457800	467.7	467700	10.899994	10899	""osoba3""
""osoba3""		458.40002	458400	467.7	467700	10.299988	10299	""osoba3""
""osoba3""		459.6	459600	467.7	467700	9.100006	9100	""osoba3""
""osoba2""		461.1	461100	461.1	461100	1.0	1000	""osoba2""
""osoba3""		463.2	463200	467.7	467700	5.5	5500	""osoba3""
""osoba3""		464.40002	464400	467.7	467700	4.299988	4299	""osoba3""
""osoba3""		465.90002	465900	467.7	467700	2.7999878	2799	""osoba3""
""osoba4""		467.1	467100	467.7	467700	1.6000061	1600	""osoba4""
""osoba1""		468.00003	468000	471.00003	471000	4.0	4000	""osoba1""
""osoba3""		479.7	479700	507.6	507600	28.899994	28899	""osoba3""
""osoba4""		479.7	479700	479.7	479700	1.0	1000	""osoba4""
""osoba3""		480.30002	480300	507.6	507600	28.299988	28299	""osoba3""
""osoba3""		482.1	482100	507.6	507600	26.5	26500	""osoba3""
""osoba3""		491.7	491700	507.6	507600	16.899994	16899	""osoba3""
""osoba1""		493.80002	493800	495.00003	495000	2.2000122	2200	""osoba1""
""osoba3""		496.80002	496800	507.6	507600	11.799988	11799	""osoba3""
""osoba3""		498.6	498600	507.6	507600	10.0	10000	""osoba3""
""osoba3""		500.40002	500400	507.6	507600	8.199982	8199	""osoba3""
""osoba3""		503.40002	503400	507.6	507600	5.1999817	5199	""osoba3""
""osoba3""		504.30002	504300	507.6	507600	4.299988	4299	""osoba3""
""osoba3""		506.40002	506400	507.6	507600	2.1999817	2199	""osoba3""
""osoba2""		506.7	506700	507.90002	507900	2.2000122	2200	""osoba2""
""osoba3""		510.6	510600	518.4	518400	8.800018	8800	""osoba3""
""osoba3""		511.50003	511500	518.4	518400	7.899994	7899	""osoba3""
""osoba4""		512.10004	512100	524.7	524700	13.599976	13599	""osoba4""
""osoba3""		514.5	514500	518.4	518400	4.9000244	4900	""osoba3""
""osoba4""		515.10004	515100	524.7	524700	10.599976	10599	""osoba4""
""osoba4""		516.0	516000	524.7	524700	9.700012	9700	""osoba4""
""osoba3""		516.9	516900	518.4	518400	2.5	2500	""osoba3""
""osoba4""		519.30005	519300	524.7	524700	6.3999634	6399	""osoba4""
""osoba1""		521.10004	521100	524.7	524700	4.5999756	4599	""osoba1""
""osoba2""		522.9	522900	527.4	527400	5.5	5500	""osoba2""
""osoba3""		527.10004	527100	530.10004	530100	4.0	4000	""osoba3""
""osoba4""		528.60004	528600	543.0	543000	15.399963	15399	""osoba4""
""osoba3""		528.9	528900	530.10004	530100	2.2000122	2200	""osoba3""
""osoba4""		531.0	531000	543.0	543000	13.0	13000	""osoba4""
""osoba4""		531.9	531900	543.0	543000	12.099976	12099	""osoba4""
""osoba4""		533.10004	533100	543.0	543000	10.899963	10899	""osoba4""
""osoba4""		535.2	535200	543.0	543000	8.799988	8799	""osoba4""
""osoba4""		537.9	537900	543.0	543000	6.0999756	6099	""osoba4""
""osoba4""		539.10004	539100	543.0	543000	4.8999634	4899	""osoba4""
""osoba3""		541.2	541200	546.9	546900	6.700012	6700	""osoba3""
""osoba3""		542.10004	542100	546.9	546900	5.799988	5799	""osoba3""
""osoba4""		542.4	542400	543.0	543000	1.5999756	1599	""osoba4""
""osoba4""		545.4	545400	551.7	551700	7.299988	7299	""osoba4""
""osoba3""		546.60004	546600	546.9	546900	1.2999878	1299	""osoba3""
""osoba4""		550.80005	550800	551.7	551700	1.8999634	1899	""osoba4""
""osoba3""		551.10004	551100	567.60004	567600	17.5	17500	""osoba3""
""osoba3""		554.4	554400	567.60004	567600	14.200012	14200	""osoba3""
""osoba3""		557.7	557700	567.60004	567600	10.900024	10900	""osoba3""
""osoba3""		558.60004	558600	567.60004	567600	10.0	10000	""osoba3""
""osoba3""		559.2	559200	567.60004	567600	9.400024	9400	""osoba3""
""osoba3""		561.0	561000	567.60004	567600	7.6000366	7600	""osoba3""
""osoba3""		561.60004	561600	567.60004	567600	7.0	7000	""osoba3""
""osoba3""		563.4	563400	567.60004	567600	5.200012	5200	""osoba3""
""osoba3""		565.80005	565800	567.60004	567600	2.7999878	2799	""osoba3""
""osoba4""		565.80005	565800	575.10004	575100	10.299988	10299	""osoba4""
""osoba3""		573.0	573000	617.4	617400	45.400024	45400	""osoba3""
""osoba3""		574.2	574200	617.4	617400	44.200012	44200	""osoba3""
""osoba4""		574.5	574500	575.10004	575100	1.6000366	1600	""osoba4""
""osoba2""		575.4	575400	575.4	575400	1.0	1000	""osoba2""
""osoba3""		576.9	576900	617.4	617400	41.5	41500	""osoba3""
""osoba3""		578.10004	578100	617.4	617400	40.299988	40299	""osoba3""
""osoba3""		580.80005	580800	617.4	617400	37.599976	37599	""osoba3""
""osoba3""		581.7	581700	617.4	617400	36.700012	36700	""osoba3""
""osoba3""		582.60004	582600	617.4	617400	35.799988	35799	""osoba3""
""osoba4""		585.30005	585300	585.9	585900	1.5999756	1599	""osoba4""
""osoba3""		587.10004	587100	617.4	617400	31.299988	31299	""osoba3""
""osoba3""		588.0	588000	617.4	617400	30.400024	30400	""osoba3""
""osoba3""		588.60004	588600	617.4	617400	29.799988	29799	""osoba3""
""osoba1""		589.80005	589800	590.7	590700	1.8999634	1899	""osoba1""
""osoba3""		591.9	591900	617.4	617400	26.5	26500	""osoba3""
""osoba3""		595.5	595500	617.4	617400	22.900024	22900	""osoba3""
""osoba3""		600.0	600000	617.4	617400	18.400024	18400	""osoba3""
""osoba3""		601.80005	601800	617.4	617400	16.599976	16599	""osoba3""
""osoba3""		606.9	606900	617.4	617400	11.5	11500	""osoba3""
""osoba3""		614.10004	614100	617.4	617400	4.299988	4299	""osoba3""
""osoba3""		614.7	614700	617.4	617400	3.7000122	3700	""osoba3""
""osoba3""		615.60004	615600	617.4	617400	2.7999878	2799	""osoba3""
""osoba2""		617.10004	617100	618.9	618900	2.7999878	2799	""osoba2""
""osoba3""		617.4	617400	617.4	617400	1.0	1000	""osoba3""
""osoba4""		617.7	617700	618.0	618000	1.2999878	1299	""osoba4""
""osoba4""		620.4	620400	633.30005	633300	13.900024	13900	""osoba4""
""osoba4""		625.2	625200	633.30005	633300	9.100037	9100	""osoba4""
""osoba4""		626.10004	626100	633.30005	633300	8.200012	8200	""osoba4""
""osoba4""		631.2	631200	633.30005	633300	3.1000366	3100	""osoba4""
""osoba1""		632.4	632400	635.10004	635100	3.7000122	3700	""osoba1""
""osoba3""		633.30005	633300	633.9	633900	1.5999756	1599	""osoba3""
""osoba3""		639.0	639000	642.9	642900	4.9000244	4900	""osoba3""
""osoba3""		640.2	640200	642.9	642900	3.7000122	3700	""osoba3""
""osoba1""		642.0	642000	642.9	642900	1.9000244	1900	""osoba1""
""osoba4""		642.0	642000	653.4	653400	12.400024	12400	""osoba4""
""osoba2""		642.30005	642300	642.9	642900	1.5999756	1599	""osoba2""
""osoba4""		645.30005	645300	653.4	653400	9.099976	9099	""osoba4""
""osoba4""		645.9	645900	653.4	653400	8.5	8500	""osoba4""
""osoba4""		646.80005	646800	653.4	653400	7.5999756	7599	""osoba4""
""osoba4""		647.4	647400	653.4	653400	7.0	7000	""osoba4""
""osoba4""		648.30005	648300	653.4	653400	6.0999756	6099	""osoba4""
""osoba4""		649.5	649500	653.4	653400	4.9000244	4900	""osoba4""
""osoba4""		650.7	650700	653.4	653400	3.7000122	3700	""osoba4""
""osoba4""		651.30005	651300	653.4	653400	3.0999756	3099	""osoba4""
""osoba4""		652.5	652500	653.4	653400	1.9000244	1900	""osoba4""
""osoba3""		653.10004	653100	661.5	661500	9.399963	9399	""osoba3""
""osoba3""		654.9	654900	661.5	661500	7.5999756	7599	""osoba3""
""osoba3""		655.5	655500	661.5	661500	7.0	7000	""osoba3""
""osoba3""		657.60004	657600	661.5	661500	4.8999634	4899	""osoba3""
""osoba1""		659.7	659700	664.2	664200	5.5	5500	""osoba1""
""osoba4""		659.7	659700	660.0	660000	1.2999878	1299	""osoba4""
""osoba3""		660.0	660000	661.5	661500	2.5	2500	""osoba3""
""osoba1""		661.80005	661800	664.2	664200	3.3999634	3399	""osoba1""
""osoba4""		662.4	662400	675.9	675900	14.5	14500	""osoba4""
""osoba4""		666.30005	666300	675.9	675900	10.599976	10599	""osoba4""
""osoba2""		668.10004	668100	671.4	671400	4.299988	4299	""osoba2""
""osoba2""		670.2	670200	671.4	671400	2.2000122	2200	""osoba2""
""osoba4""		671.10004	671100	675.9	675900	5.799988	5799	""osoba4""
""osoba4""		672.30005	672300	675.9	675900	4.5999756	4599	""osoba4""
""osoba3""		673.2	673200	684.0	684000	11.799988	11799	""osoba3""
""osoba4""		675.30005	675300	675.9	675900	1.5999756	1599	""osoba4""
""osoba3""		675.60004	675600	684.0	684000	9.399963	9399	""osoba3""
""osoba3""		676.80005	676800	684.0	684000	8.199951	8199	""osoba3""
""osoba3""		677.7	677700	684.0	684000	7.299988	7299	""osoba3""
""osoba2""		682.5	682500	685.80005	685800	4.300049	4300	""osoba2""
""osoba1""		684.0	684000	689.4	689400	6.4000244	6400	""osoba1""
""osoba4""		684.9	684900	692.4	692400	8.5	8500	""osoba4""
""osoba4""		686.4	686400	692.4	692400	7.0	7000	""osoba4""
""osoba3""		690.9	690900	690.9	690900	1.0	1000	""osoba3""
""osoba4""		691.5	691500	692.4	692400	1.9000244	1900	""osoba4""
""osoba2""		692.10004	692100	693.30005	693300	2.2000122	2200	""osoba2""
""osoba4""		698.10004	698100	698.4	698400	1.2999878	1299	""osoba4""
""osoba3""		698.4	698400	712.5	712500	15.099976	15099	""osoba3""
""osoba4""		701.10004	701100	701.10004	701100	1.0	1000	""osoba4""
""osoba3""		702.9	702900	712.5	712500	10.599976	10599	""osoba3""
""osoba3""		703.80005	703800	712.5	712500	9.699951	9699	""osoba3""
""osoba3""		704.4	704400	712.5	712500	9.099976	9099	""osoba3""
""osoba4""		705.60004	705600	706.5	706500	1.8999634	1899	""osoba4""
""osoba3""		708.30005	708300	712.5	712500	5.199951	5199	""osoba3""
""osoba1""		709.2	709200	710.10004	710100	1.9000244	1900	""osoba1""
""osoba3""		709.2	709200	712.5	712500	4.299988	4299	""osoba3""
""osoba2""		712.2	712200	714.30005	714300	3.1000366	3100	""osoba2""
""osoba4""		720.9	720900	722.4	722400	2.5	2500	""osoba4""
""osoba3""		722.10004	722100	749.7	749700	28.599976	28599	""osoba3""
""osoba4""		722.10004	722100	722.4	722400	1.2999878	1299	""osoba4""
""osoba3""		723.60004	723600	749.7	749700	27.099976	27099	""osoba3""
""osoba4""		724.5	724500	724.5	724500	1.0	1000	""osoba4""
""osoba3""		726.0	726000	749.7	749700	24.700012	24700	""osoba3""
""osoba1""		726.9	726900	726.9	726900	1.0	1000	""osoba1""
""osoba3""		727.2	727200	749.7	749700	23.5	23500	""osoba3""
""osoba3""		730.2	730200	749.7	749700	20.5	20500	""osoba3""
""osoba3""		732.60004	732600	749.7	749700	18.099976	18099	""osoba3""
""osoba3""		733.5	733500	749.7	749700	17.200012	17200	""osoba3""
""osoba3""		734.7	734700	749.7	749700	16.0	16000	""osoba3""
""osoba3""		737.7	737700	749.7	749700	13.0	13000	""osoba3""
""osoba3""		739.2	739200	749.7	749700	11.5	11500	""osoba3""
""osoba3""		741.60004	741600	749.7	749700	9.099976	9099	""osoba3""
""osoba3""		743.10004	743100	749.7	749700	7.5999756	7599	""osoba3""
""osoba4""		743.10004	743100	753.0	753000	10.899963	10899	""osoba4""
""osoba3""		744.30005	744300	749.7	749700	6.3999634	6399	""osoba3""
""osoba1""		745.5	745500	747.9	747900	3.4000244	3400	""osoba1""
""osoba4""		746.10004	746100	753.0	753000	7.8999634	7899	""osoba4""
""osoba2""		746.4	746400	754.80005	754800	9.400024	9400	""osoba2""
""osoba3""		747.60004	747600	749.7	749700	3.0999756	3099	""osoba3""
""osoba1""		753.60004	753600	754.5	754500	1.8999634	1899	""osoba1""
""osoba4""		761.4	761400	776.7	776700	16.299988	16299	""osoba4""
""osoba3""		762.30005	762300	763.2	763200	1.8999634	1899	""osoba3""
""osoba4""		765.30005	765300	776.7	776700	12.399963	12399	""osoba4""
""osoba2""		765.60004	765600	765.9	765900	1.2999878	1299	""osoba2""
""osoba4""		768.0	768000	776.7	776700	9.700012	9700	""osoba4""
""osoba4""		772.50006	772500	776.7	776700	5.199951	5199	""osoba4""
""osoba1""		775.2	775200	777.9	777900	3.7000122	3700	""osoba1""
""osoba2""		776.4	776400	776.7	776700	1.2999878	1299	""osoba2""
""osoba4""		784.50006	784500	792.00006	792000	8.5	8500	""osoba4""
""osoba4""		785.4	785400	792.00006	792000	7.6000366	7600	""osoba4""
""osoba4""		786.30005	786300	792.00006	792000	6.700012	6700	""osoba4""
""osoba4""		788.10004	788100	792.00006	792000	4.9000244	4900	""osoba4""
""osoba3""		788.7	788700	788.7	788700	1.0	1000	""osoba3""
""osoba4""		790.50006	790500	792.00006	792000	2.5	2500	""osoba4""
""osoba3""		791.4	791400	791.7	791700	1.2999878	1299	""osoba3""
""osoba2""		791.7	791700	793.2	793200	2.5	2500	""osoba2""
""osoba3""		793.80005	793800	818.10004	818100	25.299988	25299	""osoba3""
""osoba3""		795.30005	795300	818.10004	818100	23.799988	23799	""osoba3""
""osoba2""		798.00006	798000	799.50006	799500	2.5	2500	""osoba2""
""osoba3""		798.00006	798000	818.10004	818100	21.099976	21099	""osoba3""
""osoba2""		798.9	798900	799.50006	799500	1.6000366	1600	""osoba2""
""osoba1""		799.50006	799500	800.4	800400	1.8999634	1899	""osoba1""
""osoba3""		800.7	800700	818.10004	818100	18.400024	18400	""osoba3""
""osoba3""		801.9	801900	818.10004	818100	17.200012	17200	""osoba3""
""osoba3""		803.7	803700	818.10004	818100	15.400024	15400	""osoba3""
""osoba3""		804.60004	804600	818.10004	818100	14.5	14500	""osoba3""
""osoba3""		807.30005	807300	818.10004	818100	11.799988	11799	""osoba3""
""osoba3""		809.10004	809100	818.10004	818100	10.0	10000	""osoba3""
""osoba3""		810.60004	810600	818.10004	818100	8.5	8500	""osoba3""
""osoba3""		811.2	811200	818.10004	818100	7.9000244	7900	""osoba3""
""osoba3""		812.10004	812100	818.10004	818100	7.0	7000	""osoba3""
""osoba3""		812.7	812700	818.10004	818100	6.4000244	6400	""osoba3""
""osoba4""		814.2	814200	814.50006	814500	1.3000488	1300	""osoba4""
""osoba2""		815.7	815700	817.50006	817500	2.8000488	2800	""osoba2""
""osoba3""		816.60004	816600	818.10004	818100	2.5	2500	""osoba3""
""osoba3""		817.2	817200	818.10004	818100	1.9000244	1900	""osoba3""
""osoba4""		818.4	818400	832.80005	832800	15.400024	15400	""osoba4""
""osoba4""		822.30005	822300	832.80005	832800	11.5	11500	""osoba4""
""osoba4""		823.80005	823800	832.80005	832800	10.0	10000	""osoba4""
""osoba4""		825.9	825900	832.80005	832800	7.9000244	7900	""osoba4""
""osoba4""		826.80005	826800	832.80005	832800	7.0	7000	""osoba4""
""osoba1""		828.00006	828000	828.60004	828600	1.5999756	1599	""osoba1""
""osoba4""		830.10004	830100	832.80005	832800	3.7000122	3700	""osoba4""
""osoba4""		830.7	830700	832.80005	832800	3.1000366	3100	""osoba4""
""osoba3""		833.10004	833100	861.30005	861300	29.200012	29200	""osoba3""
""osoba3""		834.9	834900	861.30005	861300	27.400024	27400	""osoba3""
""osoba3""		840.30005	840300	861.30005	861300	22.0	22000	""osoba3""
""osoba4""		841.2	841200	845.7	845700	5.5	5500	""osoba4""
""osoba3""		841.50006	841500	861.30005	861300	20.799988	20799	""osoba3""
""osoba3""		843.30005	843300	861.30005	861300	19.0	19000	""osoba3""
""osoba4""		843.30005	843300	845.7	845700	3.3999634	3399	""osoba4""
""osoba3""		844.2	844200	861.30005	861300	18.100037	18100	""osoba3""
""osoba4""		845.7	845700	845.7	845700	1.0	1000	""osoba4""
""osoba3""		849.30005	849300	861.30005	861300	13.0	13000	""osoba3""
""osoba3""		849.9	849900	861.30005	861300	12.400024	12400	""osoba3""
""osoba3""		850.80005	850800	861.30005	861300	11.5	11500	""osoba3""
""osoba3""		854.10004	854100	861.30005	861300	8.200012	8200	""osoba3""
""osoba3""		856.80005	856800	861.30005	861300	5.5	5500	""osoba3""
""osoba3""		858.60004	858600	861.30005	861300	3.7000122	3700	""osoba3""
""osoba2""		859.2	859200	862.2	862200	4.0	4000	""osoba2""
""osoba3""		861.30005	861300	861.30005	861300	1.0	1000	""osoba3""
""osoba3""		865.80005	865800	880.2	880200	15.399963	15399	""osoba3""
""osoba3""		866.4	866400	880.2	880200	14.799988	14799	""osoba3""
""osoba2""		868.80005	868800	869.7	869700	1.8999634	1899	""osoba2""
""osoba3""		871.80005	871800	880.2	880200	9.399963	9399	""osoba3""
""osoba2""		874.2	874200	874.2	874200	1.0	1000	""osoba2""
""osoba3""		875.7	875700	880.2	880200	5.5	5500	""osoba3""
""osoba4""		880.80005	880800	888.60004	888600	8.799988	8799	""osoba4""
""osoba4""		882.60004	882600	888.60004	888600	7.0	7000	""osoba4""
""osoba4""		884.4	884400	888.60004	888600	5.200012	5200	""osoba4""
""osoba4""		885.30005	885300	888.60004	888600	4.299988	4299	""osoba4""
""osoba4""		886.80005	886800	888.60004	888600	2.7999878	2799	""osoba4""
""osoba3""		887.7	887700	894.00006	894000	7.300049	7300	""osoba3""
""osoba3""		891.30005	891300	894.00006	894000	3.7000122	3700	""osoba3""
""osoba3""		892.50006	892500	894.00006	894000	2.5	2500	""osoba3""
""osoba3""		893.7	893700	894.00006	894000	1.3000488	1300	""osoba3""
""osoba4""		893.7	893700	902.4	902400	9.700012	9700	""osoba4""
""osoba4""		895.50006	895500	902.4	902400	7.8999634	7899	""osoba4""
""osoba4""		897.60004	897600	902.4	902400	5.799988	5799	""osoba4""
""osoba4""		899.10004	899100	902.4	902400	4.299988	4299	""osoba4""
""osoba3""		900.30005	900300	906.9	906900	7.5999756	7599	""osoba3""
""osoba2""		901.50006	901500	902.4	902400	1.8999634	1899	""osoba2""
""osoba4""		901.80005	901800	902.4	902400	1.5999756	1599	""osoba4""
""osoba3""		903.60004	903600	906.9	906900	4.299988	4299	""osoba3""
""osoba3""		905.4	905400	906.9	906900	2.5	2500	""osoba3""
""osoba4""		906.60004	906600	909.60004	909600	4.0	4000	""osoba4""
""osoba4""		909.00006	909000	909.60004	909600	1.5999756	1599	""osoba4""
""osoba3""		909.30005	909300	914.4	914400	6.0999756	6099	""osoba3""
""osoba3""		911.4	911400	914.4	914400	4.0	4000	""osoba3""
""osoba4""		912.00006	912000	912.30005	912300	1.2999878	1299	""osoba4""
""osoba1""		913.50006	913500	924.00006	924000	11.5	11500	""osoba1""
""osoba4""		916.80005	916800	918.30005	918300	2.5	2500	""osoba4""
""osoba3""		919.2	919200	920.10004	920100	1.9000244	1900	""osoba3""
""osoba3""		920.10004	920100	920.10004	920100	1.0	1000	""osoba3""
""osoba3""		930.60004	930600	982.50006	982500	52.900024	52900	""osoba3""
""osoba3""		931.50006	931500	982.50006	982500	52.0	52000	""osoba3""
""osoba3""		933.30005	933300	982.50006	982500	50.200012	50200	""osoba3""
""osoba3""		934.2	934200	982.50006	982500	49.30005	49300	""osoba3""
""osoba3""		935.4	935400	982.50006	982500	48.100037	48100	""osoba3""
""osoba3""		937.80005	937800	982.50006	982500	45.700012	45700	""osoba3""
""osoba3""		939.30005	939300	982.50006	982500	44.200012	44200	""osoba3""
""osoba3""		940.50006	940500	982.50006	982500	43.0	43000	""osoba3""
""osoba3""		941.10004	941100	982.50006	982500	42.400024	42400	""osoba3""
""osoba2""		942.00006	942000	943.2	943200	2.1999512	2199	""osoba2""
""osoba3""		942.30005	942300	982.50006	982500	41.200012	41200	""osoba3""
""osoba3""		943.2	943200	982.50006	982500	40.30005	40300	""osoba3""
""osoba3""		945.60004	945600	982.50006	982500	37.900024	37900	""osoba3""
""osoba4""		946.50006	946500	946.80005	946800	1.2999878	1299	""osoba4""
""osoba3""		948.00006	948000	982.50006	982500	35.5	35500	""osoba3""
""osoba3""		948.60004	948600	982.50006	982500	34.900024	34900	""osoba3""
""osoba3""		949.50006	949500	982.50006	982500	34.0	34000	""osoba3""
""osoba3""		950.7	950700	982.50006	982500	32.80005	32800	""osoba3""
""osoba3""		951.9	951900	982.50006	982500	31.600037	31600	""osoba3""
""osoba2""		954.00006	954000	955.50006	955500	2.5	2500	""osoba2""
""osoba3""		956.4	956400	982.50006	982500	27.100037	27100	""osoba3""
""osoba3""		957.60004	957600	982.50006	982500	25.900024	25900	""osoba3""
""osoba3""		958.80005	958800	982.50006	982500	24.700012	24700	""osoba3""
""osoba4""		959.10004	959100	959.4	959400	1.2999878	1299	""osoba4""
""osoba3""		963.30005	963300	982.50006	982500	20.200012	20200	""osoba3""
""osoba3""		964.80005	964800	982.50006	982500	18.700012	18700	""osoba3""
""osoba3""		967.80005	967800	982.50006	982500	15.700012	15700	""osoba3""
""osoba3""		969.60004	969600	982.50006	982500	13.900024	13900	""osoba3""
""osoba3""		973.2	973200	982.50006	982500	10.300049	10300	""osoba3""
""osoba3""		975.30005	975300	982.50006	982500	8.200012	8200	""osoba3""
""osoba3""		978.00006	978000	982.50006	982500	5.5	5500	""osoba3""
""osoba3""		979.50006	979500	982.50006	982500	4.0	4000	""osoba3""
""osoba4""		982.50006	982500	996.9	996900	15.399963	15399	""osoba4""
""osoba4""		985.2	985200	996.9	996900	12.700012	12700	""osoba4""
""osoba4""		986.4	986400	996.9	996900	11.5	11500	""osoba4""
""osoba4""		987.60004	987600	996.9	996900	10.299988	10299	""osoba4""
""osoba3""		988.2	988200	990.60004	990600	3.4000244	3400	""osoba3""
""osoba4""		988.80005	988800	996.9	996900	9.099976	9099	""osoba4""
""osoba4""		991.50006	991500	996.9	996900	6.3999634	6399	""osoba4""
""osoba4""		992.7	992700	996.9	996900	5.200012	5200	""osoba4""
""osoba4""		995.10004	995100	996.9	996900	2.7999878	2799	""osoba4""
""osoba3""		996.30005	996300	1020.9	1020900	25.599976	25599	""osoba3""
""osoba3""		999.60004	999600	1020.9	1020900	22.299988	22299	""osoba3""
""osoba3""		1000.2	1000200	1020.9	1020900	21.700012	21700	""osoba3""
""osoba3""		1002.60004	1002600	1020.9	1020900	19.299988	19299	""osoba3""
""osoba3""		1003.50006	1003500	1020.9	1020900	18.399963	18399	""osoba3""
""osoba3""		1006.50006	1006500	1020.9	1020900	15.399963	15399	""osoba3""
""osoba3""		1007.7	1007700	1020.9	1020900	14.200012	14200	""osoba3""
""osoba3""		1008.9	1008900	1020.9	1020900	13.0	13000	""osoba3""
""osoba3""		1010.10004	1010100	1020.9	1020900	11.799988	11799	""osoba3""
""osoba3""		1011.60004	1011600	1020.9	1020900	10.299988	10299	""osoba3""
""osoba3""		1014.9	1014900	1020.9	1020900	7.0	7000	""osoba3""
""osoba3""		1015.80005	1015800	1020.9	1020900	6.0999756	6099	""osoba3""
""osoba3""		1016.4	1016400	1020.9	1020900	5.5	5500	""osoba3""
""osoba3""		1017.00006	1017000	1020.9	1020900	4.8999634	4899	""osoba3""
""osoba4""		1017.60004	1017600	1017.60004	1017600	1.0	1000	""osoba4""
""osoba3""		1017.9	1017900	1020.9	1020900	4.0	4000	""osoba3""
""osoba3""		1019.4	1019400	1020.9	1020900	2.5	2500	""osoba3""
""osoba4""		1020.00006	1020000	1024.5	1024500	5.499939	5499	""osoba4""
""osoba4""		1022.10004	1022100	1024.5	1024500	3.3999634	3399	""osoba4""
""osoba2""		1023.9	1023900	1024.5	1024500	1.5999756	1599	""osoba2""
""osoba4""		1028.1001	1028100	1030.5	1030500	3.3999023	3399	""osoba4""
""osoba4""		1029.0	1029000	1030.5	1030500	2.5	2500	""osoba4""
""osoba1""		1029.6001	1029600	1031.7001	1031700	3.0999756	3099	""osoba1""
""osoba3""		1031.7001	1031700	1066.5	1066500	35.799927	35799	""osoba3""
""osoba3""		1034.1001	1034100	1066.5	1066500	33.399902	33399	""osoba3""
""osoba3""		1034.7001	1034700	1066.5	1066500	32.799927	32799	""osoba3""
""osoba3""		1036.5	1036500	1066.5	1066500	31.0	31000	""osoba3""
""osoba3""		1037.1001	1037100	1066.5	1066500	30.399902	30399	""osoba3""
""osoba3""		1039.5	1039500	1066.5	1066500	28.0	28000	""osoba3""
""osoba3""		1040.7001	1040700	1066.5	1066500	26.799927	26799	""osoba3""
""osoba3""		1041.9	1041900	1066.5	1066500	25.599976	25599	""osoba3""
""osoba4""		1045.8	1045800	1045.8	1045800	1.0	1000	""osoba4""
""osoba3""		1046.4	1046400	1066.5	1066500	21.099976	21099	""osoba3""
""osoba3""		1048.8	1048800	1066.5	1066500	18.699951	18699	""osoba3""
""osoba3""		1049.7001	1049700	1066.5	1066500	17.799927	17799	""osoba3""
""osoba2""		1050.6001	1050600	1054.8	1054800	5.199951	5199	""osoba2""
""osoba3""		1051.8	1051800	1066.5	1066500	15.699951	15699	""osoba3""
""osoba4""		1052.7001	1052700	1053.6001	1053600	1.9000244	1900	""osoba4""
""osoba2""		1053.0	1053000	1054.8	1054800	2.8000488	2800	""osoba2""
""osoba4""		1053.3	1053300	1053.6001	1053600	1.3000488	1300	""osoba4""
""osoba3""		1053.9	1053900	1066.5	1066500	13.599976	13599	""osoba3""
""osoba3""		1056.9	1056900	1066.5	1066500	10.599976	10599	""osoba3""
""osoba2""		1058.4	1058400	1059.3	1059300	1.9000244	1900	""osoba2""
""osoba4""		1058.7001	1058700	1060.2001	1060200	2.5	2500	""osoba4""
""osoba3""		1061.4	1061400	1066.5	1066500	6.0999756	6099	""osoba3""
""osoba3""		1062.6001	1062600	1066.5	1066500	4.8999023	4899	""osoba3""
""osoba3""		1063.5	1063500	1066.5	1066500	4.0	4000	""osoba3""
""osoba1""		1065.9	1065900	1067.1001	1067100	2.2000732	2200	""osoba1""
""osoba3""		1065.9	1065900	1066.5	1066500	1.5999756	1599	""osoba3""
""osoba3""		1072.5	1072500	1084.8	1084800	13.300049	13300	""osoba3""
""osoba3""		1073.1001	1073100	1084.8	1084800	12.699951	12699	""osoba3""
""osoba3""		1074.3	1074300	1084.8	1084800	11.5	11500	""osoba3""
""osoba3""		1077.0	1077000	1084.8	1084800	8.800049	8800	""osoba3""
""osoba3""		1079.4	1079400	1084.8	1084800	6.4000244	6400	""osoba3""
""osoba3""		1082.7001	1082700	1084.8	1084800	3.0999756	3099	""osoba3""
""osoba3""		1083.6001	1083600	1084.8	1084800	2.1999512	2199	""osoba3""
""osoba2""		1083.9	1083900	1089.6001	1089600	6.7000732	6700	""osoba2""
""osoba4""		1086.6001	1086600	1088.4	1088400	2.7999268	2799	""osoba4""
""osoba3""		1090.5	1090500	1090.5	1090500	1.0	1000	""osoba3""
""osoba4""		1096.5	1096500	1110.0	1110000	14.5	14500	""osoba4""
""osoba4""		1097.4	1097400	1110.0	1110000	13.599976	13599	""osoba4""
""osoba1""		1098.6001	1098600	1100.4	1100400	2.7999268	2799	""osoba1""
""osoba3""		1101.3	1101300	1101.6001	1101600	1.3000488	1300	""osoba3""
""osoba4""		1101.6001	1101600	1110.0	1110000	9.399902	9399	""osoba4""
""osoba4""		1106.1001	1106100	1110.0	1110000	4.8999023	4899	""osoba4""
""osoba4""		1107.6001	1107600	1110.0	1110000	3.3999023	3399	""osoba4""
""osoba4""		1108.8	1108800	1110.0	1110000	2.1999512	2199	""osoba4""
""osoba2""		1109.4	1109400	1113.0	1113000	4.5999756	4599	""osoba2""
""osoba3""		1119.9	1119900	1122.6001	1122600	3.7000732	3700	""osoba3""
""osoba3""		1121.1001	1121100	1122.6001	1122600	2.5	2500	""osoba3""
""osoba3""		1122.3	1122300	1122.6001	1122600	1.3000488	1300	""osoba3""
""osoba2""		1122.6001	1122600	1125.3	1125300	3.6999512	3699	""osoba2""
""osoba1""		1129.8	1129800	1131.6001	1131600	2.8000488	2800	""osoba1""
""osoba2""		1129.8	1129800	1130.4	1130400	1.5999756	1599	""osoba2""
""osoba4""		1129.8	1129800	1130.1001	1130100	1.3000488	1300	""osoba4""
""osoba3""		1133.1001	1133100	1134.9	1134900	2.7999268	2799	""osoba3""
""osoba3""		1133.7001	1133700	1134.9	1134900	2.1999512	2199	""osoba3""
""osoba1""		1134.3	1134300	1134.3	1134300	1.0	1000	""osoba1""
""osoba3""		1134.6001	1134600	1134.9	1134900	1.2999268	1299	""osoba3""
""osoba4""		1134.6001	1134600	1148.1001	1148100	14.5	14500	""osoba4""
""osoba4""		1139.1001	1139100	1148.1001	1148100	10.0	10000	""osoba4""
""osoba4""		1140.3	1140300	1148.1001	1148100	8.800049	8800	""osoba4""
""osoba4""		1141.2001	1141200	1148.1001	1148100	7.9000244	7900	""osoba4""
""osoba4""		1142.1001	1142100	1148.1001	1148100	7.0	7000	""osoba4""
""osoba1""		1144.2001	1144200	1144.2001	1144200	1.0	1000	""osoba1""
""osoba2""		1146.0	1146000	1148.7001	1148700	3.7000732	3700	""osoba2""
""osoba4""		1146.0	1146000	1148.1001	1148100	3.1000977	3100	""osoba4""
""osoba1""		1147.8	1147800	1149.0	1149000	2.1999512	2199	""osoba1""
""osoba2""		1151.4	1151400	1153.8	1153800	3.4000244	3400	""osoba2""
""osoba1""		1155.9	1155900	1155.9	1155900	1.0	1000	""osoba1""
""osoba3""		1162.2001	1162200	1165.8	1165800	4.5999756	4599	""osoba3""
""osoba3""		1162.8	1162800	1165.8	1165800	4.0	4000	""osoba3""
""osoba2""		1164.9	1164900	1166.7001	1166700	2.8000488	2800	""osoba2""
""osoba3""		1168.8	1168800	1210.2001	1210200	42.400024	42400	""osoba3""
""osoba3""		1170.0	1170000	1210.2001	1210200	41.200073	41200	""osoba3""
""osoba3""		1171.2001	1171200	1210.2001	1210200	40.0	40000	""osoba3""
""osoba3""		1173.9	1173900	1210.2001	1210200	37.30005	37300	""osoba3""
""osoba1""		1174.5	1174500	1174.5	1174500	1.0	1000	""osoba1""
""osoba3""		1175.7001	1175700	1210.2001	1210200	35.5	35500	""osoba3""
""osoba3""		1176.6001	1176600	1210.2001	1210200	34.599976	34599	""osoba3""
""osoba3""		1178.7001	1178700	1210.2001	1210200	32.5	32500	""osoba3""
""osoba3""		1180.8	1180800	1210.2001	1210200	30.400024	30400	""osoba3""
""osoba3""		1181.4	1181400	1210.2001	1210200	29.800049	29800	""osoba3""
""osoba3""		1187.7001	1187700	1210.2001	1210200	23.5	23500	""osoba3""
""osoba2""		1188.3	1188300	1188.3	1188300	1.0	1000	""osoba2""
""osoba3""		1190.7001	1190700	1210.2001	1210200	20.5	20500	""osoba3""
""osoba3""		1194.6001	1194600	1210.2001	1210200	16.599976	16599	""osoba3""
""osoba2""		1196.7001	1196700	1197.0	1197000	1.2999268	1299	""osoba2""
""osoba3""		1196.7001	1196700	1210.2001	1210200	14.5	14500	""osoba3""
""osoba3""		1198.2001	1198200	1210.2001	1210200	13.0	13000	""osoba3""
""osoba4""		1198.2001	1198200	1198.5	1198500	1.2999268	1299	""osoba4""
""osoba3""		1203.0	1203000	1210.2001	1210200	8.200073	8200	""osoba3""
""osoba3""		1203.9	1203900	1210.2001	1210200	7.300049	7300	""osoba3""
""osoba4""		1205.4	1205400	1206.0	1206000	1.5999756	1599	""osoba4""
""osoba3""		1206.0	1206000	1210.2001	1210200	5.2000732	5200	""osoba3""
""osoba3""		1208.1001	1208100	1210.2001	1210200	3.0999756	3099	""osoba3""
""osoba3""		1208.7001	1208700	1210.2001	1210200	2.5	2500	""osoba3""
""osoba4""		1208.7001	1208700	1237.8	1237800	30.099976	30099	""osoba4""
""osoba3""		1210.2001	1210200	1210.2001	1210200	1.0	1000	""osoba3""
""osoba4""		1217.4	1217400	1237.8	1237800	21.400024	21400	""osoba4""
""osoba4""		1220.1001	1220100	1237.8	1237800	18.699951	18699	""osoba4""
""osoba4""		1221.9	1221900	1237.8	1237800	16.900024	16900	""osoba4""
""osoba4""		1225.8	1225800	1237.8	1237800	13.0	13000	""osoba4""
""osoba4""		1227.3	1227300	1237.8	1237800	11.5	11500	""osoba4""
""osoba4""		1227.9	1227900	1237.8	1237800	10.900024	10900	""osoba4""
""osoba4""		1229.7001	1229700	1237.8	1237800	9.099976	9099	""osoba4""
""osoba1""		1230.9	1230900	1232.4	1232400	2.5	2500	""osoba1""
""osoba4""		1232.1001	1232100	1237.8	1237800	6.699951	6699	""osoba4""
""osoba2""		1232.7001	1232700	1233.3	1233300	1.5999756	1599	""osoba2""
""osoba4""		1233.6001	1233600	1237.8	1237800	5.199951	5199	""osoba4""
""osoba3""		1236.6001	1236600	1255.2001	1255200	19.599976	19599	""osoba3""
""osoba4""		1237.5	1237500	1237.8	1237800	1.3000488	1300	""osoba4""
""osoba4""		1239.9	1239900	1239.9	1239900	1.0	1000	""osoba4""
""osoba3""		1241.1001	1241100	1255.2001	1255200	15.099976	15099	""osoba3""
""osoba3""		1241.7001	1241700	1255.2001	1255200	14.5	14500	""osoba3""
""osoba3""		1243.2001	1243200	1255.2001	1255200	13.0	13000	""osoba3""
""osoba4""		1245.3	1245300	1250.4	1250400	6.0999756	6099	""osoba4""
""osoba4""		1248.6001	1248600	1250.4	1250400	2.7999268	2799	""osoba4""
""osoba3""		1248.9	1248900	1255.2001	1255200	7.300049	7300	""osoba3""
""osoba4""		1250.4	1250400	1250.4	1250400	1.0	1000	""osoba4""
""osoba3""		1254.3	1254300	1255.2001	1255200	1.9000244	1900	""osoba3""
""osoba1""		1255.5	1255500	1258.8	1258800	4.300049	4300	""osoba1""
""osoba2""		1260.6001	1260600	1263.3	1263300	3.6999512	3699	""osoba2""
""osoba3""		1263.0	1263000	1271.4	1271400	9.400024	9400	""osoba3""
""osoba3""		1264.2001	1264200	1271.4	1271400	8.199951	8199	""osoba3""
""osoba1""		1266.9	1266900	1267.5	1267500	1.5999756	1599	""osoba1""
""osoba3""		1267.2001	1267200	1271.4	1271400	5.199951	5199	""osoba3""
""osoba3""		1267.8	1267800	1271.4	1271400	4.5999756	4599	""osoba3""
""osoba3""		1269.3	1269300	1271.4	1271400	3.0999756	3099	""osoba3""
""osoba1""		1270.8	1270800	1274.7001	1274700	4.9000244	4900	""osoba1""
""osoba4""		1275.6001	1275600	1303.8	1303800	29.199951	29199	""osoba4""
""osoba3""		1277.4	1277400	1279.5	1279500	3.0999756	3099	""osoba3""
""osoba4""		1282.8	1282800	1303.8	1303800	22.0	22000	""osoba4""
""osoba4""		1283.4	1283400	1303.8	1303800	21.400024	21400	""osoba4""
""osoba3""		1286.1001	1286100	1286.1001	1286100	1.0	1000	""osoba3""
""osoba4""		1290.6001	1290600	1303.8	1303800	14.199951	14199	""osoba4""
""osoba2""		1291.2001	1291200	1293.0	1293000	2.7999268	2799	""osoba2""
""osoba4""		1295.4	1295400	1303.8	1303800	9.400024	9400	""osoba4""
""osoba4""		1296.9	1296900	1303.8	1303800	7.9000244	7900	""osoba4""
""osoba4""		1298.1001	1298100	1303.8	1303800	6.699951	6699	""osoba4""
""osoba4""		1300.8	1300800	1303.8	1303800	4.0	4000	""osoba4""
""osoba2""		1301.4	1301400	1302.0	1302000	1.5999756	1599	""osoba2""
""osoba4""		1301.7001	1301700	1303.8	1303800	3.0999756	3099	""osoba4""
""osoba1""		1302.9	1302900	1304.7001	1304700	2.8000488	2800	""osoba1""
""osoba4""		1303.2001	1303200	1303.8	1303800	1.5999756	1599	""osoba4""
""osoba4""		1310.4	1310400	1311.6001	1311600	2.2000732	2200	""osoba4""
""osoba1""		1311.0	1311000	1317.9	1317900	7.9000244	7900	""osoba1""
""osoba2""		1312.2001	1312200	1312.5	1312500	1.2999268	1299	""osoba2""
""osoba4""		1314.6001	1314600	1315.5	1315500	1.8999023	1899	""osoba4""
""osoba3""		1325.7001	1325700	1335.0	1335000	10.299927	10299	""osoba3""
""osoba3""		1326.3	1326300	1335.0	1335000	9.699951	9699	""osoba3""
""osoba4""		1326.9	1326900	1326.9	1326900	1.0	1000	""osoba4""
""osoba3""		1327.8	1327800	1335.0	1335000	8.199951	8199	""osoba3""
""osoba3""		1328.7001	1328700	1335.0	1335000	7.2999268	7299	""osoba3""
""osoba3""		1331.4	1331400	1335.0	1335000	4.5999756	4599	""osoba3""
""osoba3""		1332.3	1332300	1335.0	1335000	3.6999512	3699	""osoba3""
""osoba3""		1333.2001	1333200	1335.0	1335000	2.7999268	2799	""osoba3""
""osoba4""		1335.0	1335000	1347.3	1347300	13.300049	13300	""osoba4""
""osoba4""		1340.7001	1340700	1347.3	1347300	7.5999756	7599	""osoba4""
""osoba1""		1341.3	1341300	1344.0	1344000	3.6999512	3699	""osoba1""
""osoba2""		1341.3	1341300	1342.2001	1342200	1.9000244	1900	""osoba2""
""osoba4""		1345.5	1345500	1347.3	1347300	2.8000488	2800	""osoba4""
""osoba4""		1347.0	1347000	1347.3	1347300	1.3000488	1300	""osoba4""
""osoba2""		1347.3	1347300	1348.8	1348800	2.5	2500	""osoba2""
""osoba3""		1348.8	1348800	1355.7001	1355700	7.9000244	7900	""osoba3""
""osoba3""		1353.0	1353000	1355.7001	1355700	3.7000732	3700	""osoba3""
""osoba3""		1354.2001	1354200	1355.7001	1355700	2.5	2500	""osoba3""
""osoba2""		1355.1001	1355100	1356.3	1356300	2.1999512	2199	""osoba2""
""osoba3""		1361.4	1361400	1381.5	1381500	21.099976	21099	""osoba3""
""osoba3""		1362.3	1362300	1381.5	1381500	20.199951	20199	""osoba3""
""osoba3""		1363.8	1363800	1381.5	1381500	18.699951	18699	""osoba3""
""osoba2""		1364.4	1364400	1365.6001	1365600	2.2000732	2200	""osoba2""
""osoba3""		1365.6001	1365600	1381.5	1381500	16.899902	16899	""osoba3""
""osoba1""		1365.9	1365900	1366.8	1366800	1.9000244	1900	""osoba1""
""osoba3""		1368.6001	1368600	1381.5	1381500	13.899902	13899	""osoba3""
""osoba3""		1369.5	1369500	1381.5	1381500	13.0	13000	""osoba3""
""osoba3""		1370.7001	1370700	1381.5	1381500	11.799927	11799	""osoba3""
""osoba3""		1372.5	1372500	1381.5	1381500	10.0	10000	""osoba3""
""osoba3""		1373.7001	1373700	1381.5	1381500	8.799927	8799	""osoba3""
""osoba3""		1376.1001	1376100	1381.5	1381500	6.3999023	6399	""osoba3""
""osoba4""		1380.6001	1380600	1388.7001	1388700	9.099976	9099	""osoba4""
""osoba3""		1381.5	1381500	1381.5	1381500	1.0	1000	""osoba3""
""osoba3""		1386.9	1386900	1422.9	1422900	37.0	37000	""osoba3""
""osoba3""		1387.8	1387800	1422.9	1422900	36.099976	36099	""osoba3""
""osoba4""		1388.4	1388400	1388.7001	1388700	1.3000488	1300	""osoba4""
""osoba3""		1391.1001	1391100	1422.9	1422900	32.799927	32799	""osoba3""
""osoba3""		1394.1001	1394100	1422.9	1422900	29.799927	29799	""osoba3""
""osoba3""		1395.6001	1395600	1422.9	1422900	28.299927	28299	""osoba3""
""osoba3""		1397.4	1397400	1422.9	1422900	26.5	26500	""osoba3""
""osoba3""		1404.3	1404300	1422.9	1422900	19.599976	19599	""osoba3""
""osoba3""		1404.9	1404900	1422.9	1422900	19.0	19000	""osoba3""
""osoba1""		1406.1001	1406100	1406.1001	1406100	1.0	1000	""osoba1""
""osoba3""		1408.2001	1408200	1422.9	1422900	15.699951	15699	""osoba3""
""osoba3""		1409.4	1409400	1422.9	1422900	14.5	14500	""osoba3""
""osoba3""		1410.9	1410900	1422.9	1422900	13.0	13000	""osoba3""
""osoba4""		1413.0	1413000	1415.1001	1415100	3.1000977	3100	""osoba4""
""osoba3""		1417.2001	1417200	1422.9	1422900	6.699951	6699	""osoba3""
""osoba3""		1417.8	1417800	1422.9	1422900	6.0999756	6099	""osoba3""
""osoba3""		1420.2001	1420200	1422.9	1422900	3.6999512	3699	""osoba3""
""osoba3""		1421.4	1421400	1422.9	1422900	2.5	2500	""osoba3""
""osoba4""		1421.4	1421400	1434.0	1434000	13.599976	13599	""osoba4""
""osoba4""		1425.0	1425000	1434.0	1434000	10.0	10000	""osoba4""
""osoba4""		1429.5	1429500	1434.0	1434000	5.5	5500	""osoba4""
""osoba3""		1430.1001	1430100	1431.0	1431000	1.8999023	1899	""osoba3""
""osoba4""		1432.2001	1432200	1434.0	1434000	2.7999268	2799	""osoba4""
""osoba3""		1434.6001	1434600	1446.3	1446300	12.699951	12699	""osoba3""
""osoba3""		1437.0	1437000	1446.3	1446300	10.300049	10300	""osoba3""
""osoba4""		1437.3	1437300	1438.5	1438500	2.1999512	2199	""osoba4""
""osoba1""		1437.9	1437900	1437.9	1437900	1.0	1000	""osoba1""
""osoba3""		1440.3	1440300	1446.3	1446300	7.0	7000	""osoba3""
""osoba3""		1440.9	1440900	1446.3	1446300	6.4000244	6400	""osoba3""
""osoba4""		1442.1001	1442100	1445.7001	1445700	4.5999756	4599	""osoba4""
""osoba3""		1443.0	1443000	1446.3	1446300	4.300049	4300	""osoba3""
""osoba4""		1443.0	1443000	1445.7001	1445700	3.7000732	3700	""osoba4""
""osoba4""		1444.2001	1444200	1445.7001	1445700	2.5	2500	""osoba4""
""osoba3""		1444.5	1444500	1446.3	1446300	2.8000488	2800	""osoba3""
""osoba1""		1446.0	1446000	1446.9	1446900	1.9000244	1900	""osoba1""
""osoba4""		1447.8	1447800	1455.9	1455900	9.099976	9099	""osoba4""
""osoba4""		1449.3	1449300	1455.9	1455900	7.5999756	7599	""osoba4""
""osoba3""		1453.5	1453500	1453.8	1453800	1.3000488	1300	""osoba3""
""osoba3""		1455.9	1455900	1458.0	1458000	3.0999756	3099	""osoba3""
""osoba3""		1456.8	1456800	1458.0	1458000	2.1999512	2199	""osoba3""
""osoba2""		1458.0	1458000	1461.3	1461300	4.300049	4300	""osoba2""
""osoba4""		1460.1001	1460100	1468.2001	1468200	9.099976	9099	""osoba4""
""osoba4""		1462.8	1462800	1468.2001	1468200	6.4000244	6400	""osoba4""
""osoba4""		1464.0	1464000	1468.2001	1468200	5.2000732	5200	""osoba4""
""osoba1""		1465.5	1465500	1469.1001	1469100	4.6000977	4600	""osoba1""
""osoba3""		1475.4	1475400	1487.7001	1487700	13.300049	13300	""osoba3""
""osoba3""		1476.0	1476000	1487.7001	1487700	12.700073	12700	""osoba3""
""osoba3""		1481.4	1481400	1487.7001	1487700	7.300049	7300	""osoba3""
""osoba3""		1483.2001	1483200	1487.7001	1487700	5.5	5500	""osoba3""
""osoba3""		1485.0	1485000	1487.7001	1487700	3.7000732	3700	""osoba3""
""osoba3""		1485.6001	1485600	1487.7001	1487700	3.0999756	3099	""osoba3""
""osoba4""		1487.4	1487400	1495.2001	1495200	8.800049	8800	""osoba4""
""osoba3""		1487.7001	1487700	1487.7001	1487700	1.0	1000	""osoba3""
""osoba4""		1488.6001	1488600	1495.2001	1495200	7.5999756	7599	""osoba4""
""osoba4""		1491.3	1491300	1495.2001	1495200	4.9000244	4900	""osoba4""
""osoba4""		1491.9	1491900	1495.2001	1495200	4.300049	4300	""osoba4""
""osoba1""		1492.5	1492500	1492.8	1492800	1.3000488	1300	""osoba1""
""osoba4""		1494.3	1494300	1495.2001	1495200	1.9000244	1900	""osoba4""
""osoba1""		1495.2001	1495200	1496.1001	1496100	1.9000244	1900	""osoba1""
""osoba4""		1499.1001	1499100	1504.8	1504800	6.699951	6699	""osoba4""
""osoba4""		1502.7001	1502700	1504.8	1504800	3.0999756	3099	""osoba4""
""osoba4""		1503.3	1503300	1504.8	1504800	2.5	2500	""osoba4""
""osoba4""		1503.9	1503900	1504.8	1504800	1.9000244	1900	""osoba4""
""osoba3""		1504.5	1504500	1555.8	1555800	52.30005	52300	""osoba3""
""osoba3""		1507.2001	1507200	1555.8	1555800	49.599976	49599	""osoba3""
""osoba3""		1508.1001	1508100	1555.8	1555800	48.69995	48699	""osoba3""
""osoba3""		1509.3	1509300	1555.8	1555800	47.5	47500	""osoba3""
""osoba3""		1513.2001	1513200	1555.8	1555800	43.599976	43599	""osoba3""
""osoba3""		1516.8	1516800	1555.8	1555800	40.0	40000	""osoba3""
""osoba3""		1519.5	1519500	1555.8	1555800	37.30005	37300	""osoba3""
""osoba3""		1522.2001	1522200	1555.8	1555800	34.599976	34599	""osoba3""
""osoba3""		1522.8	1522800	1555.8	1555800	34.0	34000	""osoba3""
""osoba3""		1523.4	1523400	1555.8	1555800	33.400024	33400	""osoba3""
""osoba3""		1524.3	1524300	1555.8	1555800	32.5	32500	""osoba3""
""osoba3""		1524.9	1524900	1555.8	1555800	31.900024	31900	""osoba3""
""osoba3""		1526.4	1526400	1555.8	1555800	30.400024	30400	""osoba3""
""osoba3""		1528.5	1528500	1555.8	1555800	28.300049	28300	""osoba3""
""osoba3""		1532.4	1532400	1555.8	1555800	24.400024	24400	""osoba3""
""osoba3""		1533.3	1533300	1555.8	1555800	23.5	23500	""osoba3""
""osoba4""		1534.8	1534800	1537.2001	1537200	3.4000244	3400	""osoba4""
""osoba1""		1535.7001	1535700	1536.9	1536900	2.1999512	2199	""osoba1""
""osoba3""		1538.4	1538400	1555.8	1555800	18.400024	18400	""osoba3""
""osoba3""		1540.2001	1540200	1555.8	1555800	16.599976	16599	""osoba3""
""osoba3""		1541.1001	1541100	1555.8	1555800	15.699951	15699	""osoba3""
""osoba3""		1543.2001	1543200	1555.8	1555800	13.599976	13599	""osoba3""
""osoba3""		1546.2001	1546200	1555.8	1555800	10.599976	10599	""osoba3""
""osoba3""		1548.0001	1548000	1555.8	1555800	8.799927	8799	""osoba3""
""osoba3""		1550.4	1550400	1555.8	1555800	6.4000244	6400	""osoba3""
""osoba3""		1551.9	1551900	1555.8	1555800	4.9000244	4900	""osoba3""
""osoba3""		1554.3	1554300	1555.8	1555800	2.5	2500	""osoba3""
""osoba4""		1554.3	1554300	1566.9	1566900	13.599976	13599	""osoba4""
""osoba4""		1563.9	1563900	1566.9	1566900	4.0	4000	""osoba4""
""osoba4""		1564.5001	1564500	1566.9	1566900	3.3999023	3399	""osoba4""
""osoba3""		1565.7001	1565700	1600.8	1600800	36.099976	36099	""osoba3""
""osoba3""		1568.7001	1568700	1600.8	1600800	33.099976	33099	""osoba3""
""osoba3""		1569.3	1569300	1600.8	1600800	32.5	32500	""osoba3""
""osoba3""		1570.8	1570800	1600.8	1600800	31.0	31000	""osoba3""
""osoba3""		1572.0001	1572000	1600.8	1600800	29.799927	29799	""osoba3""
""osoba4""		1573.2001	1573200	1573.8	1573800	1.5999756	1599	""osoba4""
""osoba3""		1574.7001	1574700	1600.8	1600800	27.099976	27099	""osoba3""
""osoba3""		1577.4	1577400	1600.8	1600800	24.400024	24400	""osoba3""
""osoba3""		1578.3	1578300	1600.8	1600800	23.5	23500	""osoba3""
""osoba3""		1579.5001	1579500	1600.8	1600800	22.299927	22299	""osoba3""
""osoba3""		1584.3	1584300	1600.8	1600800	17.5	17500	""osoba3""
""osoba3""		1585.8	1585800	1600.8	1600800	16.0	16000	""osoba3""
""osoba3""		1588.5001	1588500	1600.8	1600800	13.299927	13299	""osoba3""
""osoba1""		1589.4	1589400	1590.9	1590900	2.5	2500	""osoba1""
""osoba4""		1592.4	1592400	1603.5001	1603500	12.100098	12100	""osoba4""
""osoba3""		1593.9	1593900	1600.8	1600800	7.9000244	7900	""osoba3""
""osoba4""		1594.5001	1594500	1603.5001	1603500	10.0	10000	""osoba4""
""osoba3""		1596.0001	1596000	1600.8	1600800	5.7999268	5799	""osoba3""
""osoba4""		1596.3	1596300	1603.5001	1603500	8.200073	8200	""osoba4""
""osoba4""		1601.7001	1601700	1603.5001	1603500	2.8000488	2800	""osoba4""
""osoba3""		1603.2001	1603200	1620.3	1620300	18.099976	18099	""osoba3""
""osoba4""		1606.5001	1606500	1606.8	1606800	1.2999268	1299	""osoba4""
""osoba3""		1608.6001	1608600	1620.3	1620300	12.699951	12699	""osoba3""
""osoba3""		1610.4	1610400	1620.3	1620300	10.900024	10900	""osoba3""
""osoba4""		1610.4	1610400	1618.2001	1618200	8.800049	8800	""osoba4""
""osoba4""		1611.3	1611300	1618.2001	1618200	7.9000244	7900	""osoba4""
""osoba3""		1611.9	1611900	1620.3	1620300	9.400024	9400	""osoba3""
""osoba2""		1612.2001	1612200	1612.2001	1612200	1.0	1000	""osoba2""
""osoba3""		1614.3	1614300	1620.3	1620300	7.0	7000	""osoba3""
""osoba4""		1617.9	1617900	1618.2001	1618200	1.3000488	1300	""osoba4""
