"default"		0.0	0	1.0	1000	1.0	1000	BEGIN
"default"		1620.3	1620300	1620.31	1621300	1.0	1000	END
""osoba3""		8.1	8100	14.400001	14400	7.3	7300	""osoba3""
""osoba3""		10.200001	10200	14.400001	14400	5.2	5200	""osoba3""
""osoba2""		12.900001	12900	14.1	14100	2.1999998	2199	""osoba2""
""osoba3""		12.900001	12900	14.400001	14400	2.5	2500	""osoba3""
""osoba4""		13.500001	13500	24.300001	24300	11.8	11800	""osoba4""
""osoba4""		18.300001	18300	24.300001	24300	7.0	7000	""osoba4""
""osoba4""		21.300001	21300	24.300001	24300	4.0	4000	""osoba4""
""osoba4""		21.900002	21900	24.300001	24300	3.3999996	3399	""osoba4""
""osoba3""		23.7	23700	23.7	23700	1.0	1000	""osoba3""
""osoba1""		24.0	24000	24.6	24600	1.6000004	1600	""osoba1""
""osoba2""		24.300001	24300	24.6	24600	1.2999992	1299	""osoba2""
""osoba4""		29.1	29100	41.100002	41100	13.000002	13000	""osoba4""
""osoba4""		30.300001	30300	41.100002	41100	11.800001	11800	""osoba4""
""osoba4""		35.100002	35100	41.100002	41100	7.0	7000	""osoba4""
""osoba4""		35.7	35700	41.100002	41100	6.4000015	6400	""osoba4""
""osoba1""		39.600002	39600	41.4	41400	2.7999992	2799	""osoba1""
""osoba1""		40.5	40500	41.4	41400	1.9000015	1900	""osoba1""
""osoba3""		40.5	40500	41.4	41400	1.9000015	1900	""osoba3""
""osoba4""		40.5	40500	41.100002	41100	1.6000023	1600	""osoba4""
""osoba2""		41.7	41700	43.5	43500	2.7999992	2799	""osoba2""
""osoba3""		45.300003	45300	47.100002	47100	2.7999992	2799	""osoba3""
""osoba3""		46.2	46200	47.100002	47100	1.9000015	1900	""osoba3""
""osoba4""		47.100002	47100	50.4	50400	4.299999	4299	""osoba4""
""osoba2""		48.9	48900	52.500004	52500	4.6000023	4600	""osoba2""
""osoba4""		49.2	49200	50.4	50400	2.2000008	2200	""osoba4""
""osoba1""		52.800003	52800	55.800003	55800	4.0	4000	""osoba1""
""osoba4""		58.800003	58800	79.5	79500	21.699997	21699	""osoba4""
""osoba3""		60.600002	60600	61.2	61200	1.5999985	1599	""osoba3""
""osoba4""		62.100002	62100	79.5	79500	18.399998	18399	""osoba4""
""osoba4""		63.9	63900	79.5	79500	16.599998	16599	""osoba4""
""osoba4""		64.8	64800	79.5	79500	15.699997	15699	""osoba4""
""osoba3""		66.3	66300	66.3	66300	1.0	1000	""osoba3""
""osoba4""		66.3	66300	79.5	79500	14.199997	14199	""osoba4""
""osoba4""		69.3	69300	79.5	79500	11.199997	11199	""osoba4""
""osoba1""		72.0	72000	72.0	72000	1.0	1000	""osoba1""
""osoba2""		74.100006	74100	74.100006	74100	1.0	1000	""osoba2""
""osoba4""		74.700005	74700	79.5	79500	5.7999954	5799	""osoba4""
""osoba4""		76.200005	76200	79.5	79500	4.2999954	4299	""osoba4""
""osoba4""		76.8	76800	79.5	79500	3.699997	3699	""osoba4""
""osoba4""		77.4	77400	79.5	79500	3.0999985	3099	""osoba4""
""osoba3""		78.600006	78600	95.4	95400	17.799995	17799	""osoba3""
""osoba4""		79.200005	79200	79.5	79500	1.2999954	1299	""osoba4""
""osoba3""		80.700005	80700	95.4	95400	15.699997	15699	""osoba3""
""osoba3""		82.200005	82200	95.4	95400	14.199997	14199	""osoba3""
""osoba3""		82.8	82800	95.4	95400	13.599998	13599	""osoba3""
""osoba3""		86.700005	86700	95.4	95400	9.699997	9699	""osoba3""
""osoba4""		87.3	87300	87.600006	87600	1.300003	1300	""osoba4""
""osoba3""		87.600006	87600	95.4	95400	8.799995	8799	""osoba3""
""osoba2""		91.5	91500	91.8	91800	1.300003	1300	""osoba2""
""osoba4""		91.8	91800	91.8	91800	1.0	1000	""osoba4""
""osoba3""		92.4	92400	95.4	95400	4.0	4000	""osoba3""
""osoba3""		94.200005	94200	95.4	95400	2.199997	2199	""osoba3""
""osoba2""		94.8	94800	102.3	102300	8.5	8500	""osoba2""
""osoba4""		98.700005	98700	102.00001	102000	4.300003	4300	""osoba4""
""osoba2""		99.600006	99600	102.3	102300	3.699997	3699	""osoba2""
""osoba4""		101.100006	101100	102.00001	102000	1.9000015	1900	""osoba4""
""osoba4""		109.200005	109200	113.4	113400	5.199997	5199	""osoba4""
""osoba4""		111.00001	111000	113.4	113400	3.399994	3399	""osoba4""
""osoba3""		112.8	112800	117.3	117300	5.5	5500	""osoba3""
""osoba3""		115.8	115800	117.3	117300	2.5	2500	""osoba3""
""osoba2""		116.100006	116100	118.200005	118200	3.0999985	3099	""osoba2""
""osoba4""		124.8	124800	137.1	137100	13.300003	13300	""osoba4""
""osoba4""		126.9	126900	137.1	137100	11.200005	11200	""osoba4""
""osoba4""		129.6	129600	137.1	137100	8.5	8500	""osoba4""
""osoba4""		131.40001	131400	137.1	137100	6.699997	6699	""osoba4""
""osoba4""		132.3	132300	137.1	137100	5.800003	5800	""osoba4""
""osoba4""		133.8	133800	137.1	137100	4.300003	4300	""osoba4""
""osoba4""		135.0	135000	137.1	137100	3.100006	3100	""osoba4""
""osoba4""		136.20001	136200	137.1	137100	1.8999939	1899	""osoba4""
""osoba4""		137.1	137100	137.1	137100	1.0	1000	""osoba4""
""osoba3""		137.70001	137700	141.6	141600	4.899994	4899	""osoba3""
""osoba3""		139.8	139800	141.6	141600	2.800003	2800	""osoba3""
""osoba4""		140.40001	140400	151.5	151500	12.099991	12099	""osoba4""
""osoba4""		142.5	142500	151.5	151500	10.0	10000	""osoba4""
""osoba4""		143.1	143100	151.5	151500	9.399994	9399	""osoba4""
""osoba4""		145.5	145500	151.5	151500	7.0	7000	""osoba4""
""osoba4""		146.1	146100	151.5	151500	6.399994	6399	""osoba4""
""osoba1""		148.20001	148200	152.70001	152700	5.5	5500	""osoba1""
""osoba3""		152.70001	152700	152.70001	152700	1.0	1000	""osoba3""
""osoba4""		156.90001	156900	164.1	164100	8.199997	8199	""osoba4""
""osoba4""		159.90001	159900	164.1	164100	5.199997	5199	""osoba4""
""osoba3""		160.20001	160200	161.40001	161400	2.199997	2199	""osoba3""
""osoba4""		162.90001	162900	164.1	164100	2.199997	2199	""osoba4""
""osoba1""		163.20001	163200	164.40001	164400	2.199997	2199	""osoba1""
""osoba3""		165.6	165600	180.90001	180900	16.300003	16300	""osoba3""
""osoba3""		166.8	166800	180.90001	180900	15.100006	15100	""osoba3""
""osoba3""		167.40001	167400	180.90001	180900	14.5	14500	""osoba3""
""osoba3""		168.90001	168900	180.90001	180900	13.0	13000	""osoba3""
""osoba3""		171.6	171600	180.90001	180900	10.300003	10300	""osoba3""
""osoba3""		172.8	172800	180.90001	180900	9.100006	9100	""osoba3""
""osoba3""		174.3	174300	180.90001	180900	7.600006	7600	""osoba3""
""osoba3""		175.20001	175200	180.90001	180900	6.699997	6699	""osoba3""
""osoba3""		175.8	175800	180.90001	180900	6.100006	6100	""osoba3""
""osoba4""		176.1	176100	193.50002	193500	18.40001	18400	""osoba4""
""osoba2""		176.40001	176400	177.6	177600	2.199997	2199	""osoba2""
""osoba3""		177.90001	177900	180.90001	180900	4.0	4000	""osoba3""
""osoba3""		185.40001	185400	185.70001	185700	1.300003	1300	""osoba3""
""osoba4""		187.20001	187200	193.50002	193500	7.300003	7300	""osoba4""
""osoba4""		189.0	189000	193.50002	193500	5.5000153	5500	""osoba4""
""osoba3""		193.20001	193200	217.20001	217200	25.0	25000	""osoba3""
""osoba3""		196.20001	196200	217.20001	217200	22.0	22000	""osoba3""
""osoba4""		196.8	196800	196.8	196800	1.0	1000	""osoba4""
""osoba2""		197.1	197100	198.3	198300	2.199997	2199	""osoba2""
""osoba2""		198.3	198300	198.3	198300	1.0	1000	""osoba2""
""osoba3""		199.50002	199500	217.20001	217200	18.699997	18699	""osoba3""
""osoba2""		202.20001	202200	203.40001	203400	2.199997	2199	""osoba2""
""osoba3""		206.1	206100	217.20001	217200	12.100006	12100	""osoba3""
""osoba2""		208.50002	208500	208.50002	208500	1.0	1000	""osoba2""
""osoba3""		208.50002	208500	217.20001	217200	9.699997	9699	""osoba3""
""osoba3""		209.70001	209700	217.20001	217200	8.5	8500	""osoba3""
""osoba3""		211.50002	211500	217.20001	217200	6.699997	6699	""osoba3""
""osoba3""		212.70001	212700	217.20001	217200	5.5	5500	""osoba3""
""osoba3""		214.50002	214500	217.20001	217200	3.699997	3699	""osoba3""
""osoba3""		215.40001	215400	217.20001	217200	2.800003	2800	""osoba3""
""osoba4""		216.90001	216900	228.3	228300	12.399994	12399	""osoba4""
""osoba4""		219.6	219600	228.3	228300	9.699997	9699	""osoba4""
""osoba4""		220.8	220800	228.3	228300	8.5	8500	""osoba4""
""osoba4""		221.40001	221400	228.3	228300	7.899994	7899	""osoba4""
""osoba4""		222.6	222600	228.3	228300	6.699997	6699	""osoba4""
""osoba4""		223.20001	223200	228.3	228300	6.099991	6099	""osoba4""
""osoba4""		225.00002	225000	228.3	228300	4.299988	4299	""osoba4""
""osoba4""		226.8	226800	228.3	228300	2.5	2500	""osoba4""
""osoba3""		227.70001	227700	261.6	261600	34.899994	34899	""osoba3""
""osoba4""		227.70001	227700	228.3	228300	1.5999908	1599	""osoba4""
""osoba3""		229.20001	229200	261.6	261600	33.399994	33399	""osoba3""
""osoba3""		229.8	229800	261.6	261600	32.800003	32800	""osoba3""
""osoba3""		234.3	234300	261.6	261600	28.300003	28300	""osoba3""
""osoba3""		235.8	235800	261.6	261600	26.800003	26800	""osoba3""
""osoba4""		241.50002	241500	243.3	243300	2.7999878	2799	""osoba4""
""osoba4""		246.00002	246000	246.00002	246000	1.0	1000	""osoba4""
""osoba3""		247.50002	247500	261.6	261600	15.099991	15099	""osoba3""
""osoba3""		248.40001	248400	261.6	261600	14.199997	14199	""osoba3""
""osoba3""		249.6	249600	261.6	261600	13.0	13000	""osoba3""
""osoba3""		250.50002	250500	261.6	261600	12.099991	12099	""osoba3""
""osoba3""		251.1	251100	261.6	261600	11.5	11500	""osoba3""
""osoba3""		252.3	252300	261.6	261600	10.300003	10300	""osoba3""
""osoba1""		255.90001	255900	256.2	256200	1.300003	1300	""osoba1""
""osoba2""		255.90001	255900	261.90002	261900	7.0000153	7000	""osoba2""
""osoba4""		255.90001	255900	258.0	258000	3.0999908	3099	""osoba4""
""osoba4""		262.80002	262800	269.7	269700	7.899994	7899	""osoba4""
""osoba4""		263.40002	263400	269.7	269700	7.299988	7299	""osoba4""
""osoba4""		264.6	264600	269.7	269700	6.100006	6100	""osoba4""
""osoba4""		265.5	265500	269.7	269700	5.200012	5200	""osoba4""
""osoba4""		266.40002	266400	269.7	269700	4.299988	4299	""osoba4""
""osoba4""		267.0	267000	269.7	269700	3.7000122	3700	""osoba4""
""osoba3""		267.90002	267900	275.1	275100	8.199982	8199	""osoba3""
""osoba4""		268.2	268200	269.7	269700	2.5	2500	""osoba4""
""osoba2""		268.80002	268800	269.40002	269400	1.6000061	1600	""osoba2""
""osoba4""		269.7	269700	269.7	269700	1.0	1000	""osoba4""
""osoba3""		270.0	270000	275.1	275100	6.100006	6100	""osoba3""
""osoba3""		270.90002	270900	275.1	275100	5.1999817	5199	""osoba3""
""osoba3""		271.80002	271800	275.1	275100	4.299988	4299	""osoba3""
""osoba3""		272.40002	272400	275.1	275100	3.6999817	3699	""osoba3""
""osoba3""		273.30002	273300	275.1	275100	2.7999878	2799	""osoba3""
""osoba2""		274.2	274200	277.5	277500	4.299988	4299	""osoba2""
""osoba4""		275.7	275700	294.90002	294900	20.200012	20200	""osoba4""
""osoba4""		278.7	278700	294.90002	294900	17.200012	17200	""osoba4""
""osoba4""		279.90002	279900	294.90002	294900	16.0	16000	""osoba4""
""osoba4""		281.7	281700	294.90002	294900	14.200012	14200	""osoba4""
""osoba4""		282.90002	282900	294.90002	294900	13.0	13000	""osoba4""
""osoba4""		284.40002	284400	294.90002	294900	11.5	11500	""osoba4""
""osoba3""		285.0	285000	285.0	285000	1.0	1000	""osoba3""
""osoba4""		287.1	287100	294.90002	294900	8.800018	8800	""osoba4""
""osoba4""		288.0	288000	294.90002	294900	7.9000244	7900	""osoba4""
""osoba4""		289.2	289200	294.90002	294900	6.700012	6700	""osoba4""
""osoba4""		291.90002	291900	294.90002	294900	4.0	4000	""osoba4""
""osoba4""		292.80002	292800	294.90002	294900	3.100006	3100	""osoba4""
""osoba2""		295.2	295200	296.1	296100	1.8999939	1899	""osoba2""
""osoba4""		299.1	299100	299.1	299100	1.0	1000	""osoba4""
""osoba2""		299.40002	299400	299.7	299700	1.2999878	1299	""osoba2""
""osoba4""		301.2	301200	310.2	310200	10.0	10000	""osoba4""
""osoba4""		305.7	305700	310.2	310200	5.5	5500	""osoba4""
""osoba4""		306.6	306600	310.2	310200	4.600006	4600	""osoba4""
""osoba3""		307.80002	307800	308.1	308100	1.2999878	1299	""osoba3""
""osoba4""		309.0	309000	310.2	310200	2.2000122	2200	""osoba4""
""osoba4""		309.90002	309900	310.2	310200	1.2999878	1299	""osoba4""
""osoba3""		310.2	310200	315.0	315000	5.799988	5799	""osoba3""
""osoba3""		311.1	311100	315.0	315000	4.899994	4899	""osoba3""
""osoba3""		312.0	312000	315.0	315000	4.0	4000	""osoba3""
""osoba3""		313.5	313500	315.0	315000	2.5	2500	""osoba3""
""osoba3""		314.7	314700	315.0	315000	1.2999878	1299	""osoba3""
""osoba1""		315.0	315000	317.7	317700	3.7000122	3700	""osoba1""
""osoba3""		322.5	322500	335.1	335100	13.600006	13600	""osoba3""
""osoba4""		323.40002	323400	323.40002	323400	1.0	1000	""osoba4""
""osoba3""		325.5	325500	335.1	335100	10.600006	10600	""osoba3""
""osoba3""		326.40002	326400	335.1	335100	9.699982	9699	""osoba3""
""osoba2""		328.80002	328800	329.7	329700	1.8999939	1899	""osoba2""
""osoba3""		329.1	329100	335.1	335100	7.0	7000	""osoba3""
""osoba1""		330.90002	330900	331.2	331200	1.2999878	1299	""osoba1""
""osoba3""		331.80002	331800	335.1	335100	4.299988	4299	""osoba3""
""osoba3""		333.30002	333300	335.1	335100	2.7999878	2799	""osoba3""
""osoba3""		333.90002	333900	335.1	335100	2.1999817	2199	""osoba3""
""osoba2""		335.1	335100	336.90002	336900	2.8000183	2800	""osoba2""
""osoba3""		341.1	341100	354.0	354000	13.899994	13899	""osoba3""
""osoba3""		341.7	341700	354.0	354000	13.299988	13299	""osoba3""
""osoba3""		343.80002	343800	354.0	354000	11.199982	11199	""osoba3""
""osoba3""		345.90002	345900	354.0	354000	9.099976	9099	""osoba3""
""osoba3""		347.40002	347400	354.0	354000	7.5999756	7599	""osoba3""
""osoba3""		348.90002	348900	354.0	354000	6.0999756	6099	""osoba3""
""osoba3""		349.5	349500	354.0	354000	5.5	5500	""osoba3""
""osoba3""		350.40002	350400	354.0	354000	4.5999756	4599	""osoba3""
""osoba3""		351.30002	351300	354.0	354000	3.6999817	3699	""osoba3""
""osoba3""		352.80002	352800	354.0	354000	2.1999817	2199	""osoba3""
""osoba4""		353.1	353100	377.1	377100	25.0	25000	""osoba4""
""osoba4""		355.5	355500	377.1	377100	22.600006	22600	""osoba4""
""osoba4""		359.1	359100	377.1	377100	19.0	19000	""osoba4""
""osoba4""		360.0	360000	377.1	377100	18.100006	18100	""osoba4""
""osoba4""		360.90002	360900	377.1	377100	17.199982	17199	""osoba4""
""osoba4""		362.40002	362400	377.1	377100	15.699982	15699	""osoba4""
""osoba4""		365.1	365100	377.1	377100	13.0	13000	""osoba4""
""osoba3""		366.30002	366300	367.80002	367800	2.5	2500	""osoba3""
""osoba4""		366.30002	366300	377.1	377100	11.799988	11799	""osoba4""
""osoba2""		368.7	368700	369.90002	369900	2.2000122	2200	""osoba2""
""osoba4""		369.90002	369900	377.1	377100	8.199982	8199	""osoba4""
""osoba4""		371.40002	371400	377.1	377100	6.6999817	6699	""osoba4""
""osoba4""		374.40002	374400	377.1	377100	3.6999817	3699	""osoba4""
""osoba3""		375.30002	375300	376.80002	376800	2.5	2500	""osoba3""
""osoba1""		376.2	376200	378.6	378600	3.399994	3399	""osoba1""
""osoba3""		386.40002	386400	441.90002	441900	56.5	56500	""osoba3""
""osoba3""		387.90002	387900	441.90002	441900	55.0	55000	""osoba3""
""osoba3""		389.40002	389400	441.90002	441900	53.5	53500	""osoba3""
""osoba3""		391.2	391200	441.90002	441900	51.700012	51700	""osoba3""
""osoba3""		393.6	393600	441.90002	441900	49.30002	49300	""osoba3""
""osoba4""		395.1	395100	395.7	395700	1.6000061	1600	""osoba4""
""osoba3""		396.00003	396000	441.90002	441900	46.899994	46899	""osoba3""
""osoba3""		397.2	397200	441.90002	441900	45.700012	45700	""osoba3""
""osoba3""		399.90002	399900	441.90002	441900	43.0	43000	""osoba3""
""osoba3""		400.80002	400800	441.90002	441900	42.100006	42100	""osoba3""
""osoba3""		402.6	402600	441.90002	441900	40.30002	40300	""osoba3""
""osoba3""		403.80002	403800	441.90002	441900	39.100006	39100	""osoba3""
""osoba3""		405.00003	405000	441.90002	441900	37.899994	37899	""osoba3""
""osoba3""		406.2	406200	441.90002	441900	36.700012	36700	""osoba3""
""osoba3""		408.90002	408900	441.90002	441900	34.0	34000	""osoba3""
""osoba3""		409.80002	409800	441.90002	441900	33.100006	33100	""osoba3""
""osoba3""		411.90002	411900	441.90002	441900	31.0	31000	""osoba3""
""osoba1""		415.2	415200	416.40002	416400	2.2000122	2200	""osoba1""
""osoba3""		415.2	415200	441.90002	441900	27.700012	27700	""osoba3""
""osoba3""		420.00003	420000	441.90002	441900	22.899994	22899	""osoba3""
""osoba3""		421.50003	421500	441.90002	441900	21.399994	21399	""osoba3""
""osoba3""		423.30002	423300	441.90002	441900	19.600006	19600	""osoba3""
""osoba2""		424.50003	424500	424.80002	424800	1.2999878	1299	""osoba2""
""osoba3""		424.80002	424800	441.90002	441900	18.100006	18100	""osoba3""
""osoba3""		426.6	426600	441.90002	441900	16.300018	16300	""osoba3""
""osoba4""		427.2	427200	427.50003	427500	1.3000183	1300	""osoba4""
""osoba3""		429.90002	429900	441.90002	441900	13.0	13000	""osoba3""
""osoba3""		431.7	431700	441.90002	441900	11.200012	11200	""osoba3""
""osoba3""		432.6	432600	441.90002	441900	10.300018	10300	""osoba3""
""osoba3""		433.80002	433800	441.90002	441900	9.100006	9100	""osoba3""
""osoba4""		435.30002	435300	437.1	437100	2.7999878	2799	""osoba4""
""osoba1""		435.6	435600	435.90002	435900	1.3000183	1300	""osoba1""
""osoba4""		442.2	442200	444.00003	444000	2.8000183	2800	""osoba4""
""osoba1""		443.7	443700	444.90002	444900	2.2000122	2200	""osoba1""
""osoba3""		444.30002	444300	444.6	444600	1.2999878	1299	""osoba3""
""osoba4""		451.50003	451500	457.2	457200	6.6999817	6699	""osoba4""
""osoba4""		452.40002	452400	457.2	457200	5.799988	5799	""osoba4""
""osoba4""		453.00003	453000	457.2	457200	5.1999817	5199	""osoba4""
""osoba4""		453.6	453600	457.2	457200	4.600006	4600	""osoba4""
""osoba4""		454.2	454200	457.2	457200	4.0	4000	""osoba4""
""osoba4""		454.80002	454800	457.2	457200	3.399994	3399	""osoba4""
""osoba4""		456.00003	456000	457.2	457200	2.1999817	2199	""osoba4""
""osoba3""		456.30002	456300	465.6	465600	10.299988	10299	""osoba3""
""osoba3""		460.80002	460800	465.6	465600	5.799988	5799	""osoba3""
""osoba2""		462.90002	462900	462.90002	462900	1.0	1000	""osoba2""
""osoba3""		463.50003	463500	465.6	465600	3.0999756	3099	""osoba3""
""osoba4""		465.30002	465300	478.80002	478800	14.5	14500	""osoba4""
""osoba4""		468.30002	468300	478.80002	478800	11.5	11500	""osoba4""
""osoba4""		470.7	470700	478.80002	478800	9.100006	9100	""osoba4""
""osoba4""		471.30002	471300	478.80002	478800	8.5	8500	""osoba4""
""osoba4""		472.2	472200	478.80002	478800	7.600006	7600	""osoba4""
""osoba4""		474.30002	474300	478.80002	478800	5.5	5500	""osoba4""
""osoba4""		475.50003	475500	478.80002	478800	4.299988	4299	""osoba4""
""osoba4""		477.00003	477000	478.80002	478800	2.7999878	2799	""osoba4""
""osoba2""		477.30002	477300	479.1	479100	2.7999878	2799	""osoba2""
""osoba1""		479.7	479700	479.7	479700	1.0	1000	""osoba1""
""osoba4""		486.6	486600	489.00003	489000	3.4000244	3400	""osoba4""
""osoba3""		487.50003	487500	492.6	492600	6.0999756	6099	""osoba3""
""osoba4""		488.40002	488400	489.00003	489000	1.6000061	1600	""osoba4""
""osoba3""		490.50003	490500	492.6	492600	3.0999756	3099	""osoba3""
""osoba1""		492.6	492600	493.50003	493500	1.9000244	1900	""osoba1""
""osoba3""		496.2	496200	501.6	501600	6.399994	6399	""osoba3""
""osoba3""		498.00003	498000	501.6	501600	4.5999756	4599	""osoba3""
""osoba3""		499.2	499200	501.6	501600	3.399994	3399	""osoba3""
""osoba3""		501.30002	501300	501.6	501600	1.2999878	1299	""osoba3""
""osoba1""		501.6	501600	506.1	506100	5.5	5500	""osoba1""
""osoba3""		507.6	507600	512.7	512700	6.100006	6100	""osoba3""
""osoba3""		509.1	509100	512.7	512700	4.600006	4600	""osoba3""
""osoba4""		510.90002	510900	520.2	520200	10.299988	10299	""osoba4""
""osoba3""		511.2	511200	512.7	512700	2.5	2500	""osoba3""
""osoba4""		511.80002	511800	520.2	520200	9.399994	9399	""osoba4""
""osoba1""		517.5	517500	517.80005	517800	1.3000488	1300	""osoba1""
""osoba3""		519.60004	519600	532.80005	532800	14.200012	14200	""osoba3""
""osoba3""		522.60004	522600	532.80005	532800	11.200012	11200	""osoba3""
""osoba3""		525.0	525000	532.80005	532800	8.800049	8800	""osoba3""
""osoba4""		528.60004	528600	539.10004	539100	11.5	11500	""osoba4""
""osoba3""		529.80005	529800	532.80005	532800	4.0	4000	""osoba3""
""osoba4""		530.10004	530100	539.10004	539100	10.0	10000	""osoba4""
""osoba4""		536.7	536700	539.10004	539100	3.4000244	3400	""osoba4""
""osoba4""		537.9	537900	539.10004	539100	2.2000122	2200	""osoba4""
""osoba2""		539.10004	539100	543.0	543000	4.8999634	4899	""osoba2""
""osoba4""		539.10004	539100	539.10004	539100	1.0	1000	""osoba4""
""osoba4""		550.80005	550800	575.4	575400	25.599976	25599	""osoba4""
""osoba4""		552.0	552000	575.4	575400	24.400024	24400	""osoba4""
""osoba4""		552.9	552900	575.4	575400	23.5	23500	""osoba4""
""osoba4""		553.5	553500	575.4	575400	22.900024	22900	""osoba4""
""osoba4""		554.4	554400	575.4	575400	22.0	22000	""osoba4""
""osoba4""		555.9	555900	575.4	575400	20.5	20500	""osoba4""
""osoba4""		556.5	556500	575.4	575400	19.900024	19900	""osoba4""
""osoba4""		557.10004	557100	575.4	575400	19.299988	19299	""osoba4""
""osoba4""		559.2	559200	575.4	575400	17.200012	17200	""osoba4""
""osoba3""		561.9	561900	561.9	561900	1.0	1000	""osoba3""
""osoba4""		562.5	562500	575.4	575400	13.900024	13900	""osoba4""
""osoba4""		565.5	565500	575.4	575400	10.900024	10900	""osoba4""
""osoba4""		567.9	567900	575.4	575400	8.5	8500	""osoba4""
""osoba4""		570.60004	570600	575.4	575400	5.799988	5799	""osoba4""
""osoba4""		571.5	571500	575.4	575400	4.9000244	4900	""osoba4""
""osoba2""		575.10004	575100	579.0	579000	4.8999634	4899	""osoba2""
""osoba3""		585.30005	585300	590.7	590700	6.3999634	6399	""osoba3""
""osoba3""		585.9	585900	590.7	590700	5.799988	5799	""osoba3""
""osoba3""		586.5	586500	590.7	590700	5.200012	5200	""osoba3""
""osoba2""		588.60004	588600	593.10004	593100	5.5	5500	""osoba2""
""osoba3""		589.80005	589800	590.7	590700	1.8999634	1899	""osoba3""
""osoba4""		589.80005	589800	591.60004	591600	2.7999878	2799	""osoba4""
""osoba1""		591.30005	591300	595.80005	595800	5.5	5500	""osoba1""
""osoba2""		591.60004	591600	593.10004	593100	2.5	2500	""osoba2""
""osoba1""		593.10004	593100	595.80005	595800	3.7000122	3700	""osoba1""
""osoba3""		593.4	593400	606.0	606000	13.599976	13599	""osoba3""
""osoba3""		596.4	596400	606.0	606000	10.599976	10599	""osoba3""
""osoba3""		600.60004	600600	606.0	606000	6.3999634	6399	""osoba3""
""osoba3""		603.9	603900	606.0	606000	3.0999756	3099	""osoba3""
""osoba3""		605.10004	605100	606.0	606000	1.8999634	1899	""osoba3""
""osoba2""		605.7	605700	606.30005	606300	1.6000366	1600	""osoba2""
""osoba3""		612.60004	612600	632.10004	632100	20.5	20500	""osoba3""
""osoba3""		613.2	613200	632.10004	632100	19.900024	19900	""osoba3""
""osoba1""		615.60004	615600	615.60004	615600	1.0	1000	""osoba1""
""osoba3""		617.10004	617100	632.10004	632100	16.0	16000	""osoba3""
""osoba3""		617.7	617700	632.10004	632100	15.400024	15400	""osoba3""
""osoba3""		619.5	619500	632.10004	632100	13.600037	13600	""osoba3""
""osoba1""		621.9	621900	622.80005	622800	1.9000244	1900	""osoba1""
""osoba4""		623.7	623700	625.2	625200	2.5	2500	""osoba4""
""osoba3""		626.4	626400	632.10004	632100	6.700012	6700	""osoba3""
""osoba4""		628.5	628500	637.5	637500	10.0	10000	""osoba4""
""osoba3""		630.0	630000	632.10004	632100	3.1000366	3100	""osoba3""
""osoba4""		633.60004	633600	637.5	637500	4.8999634	4899	""osoba4""
""osoba4""		635.7	635700	637.5	637500	2.7999878	2799	""osoba4""
""osoba4""		636.9	636900	637.5	637500	1.5999756	1599	""osoba4""
""osoba2""		637.2	637200	637.5	637500	1.2999878	1299	""osoba2""
""osoba4""		639.9	639900	642.0	642000	3.0999756	3099	""osoba4""
""osoba3""		640.2	640200	642.0	642000	2.7999878	2799	""osoba3""
""osoba2""		641.10004	641100	642.30005	642300	2.2000122	2200	""osoba2""
""osoba3""		651.0	651000	655.2	655200	5.200012	5200	""osoba3""
""osoba3""		652.2	652200	655.2	655200	4.0	4000	""osoba3""
""osoba2""		652.80005	652800	655.2	655200	3.3999634	3399	""osoba2""
""osoba3""		657.60004	657600	688.80005	688800	32.200012	32200	""osoba3""
""osoba3""		662.4	662400	688.80005	688800	27.400024	27400	""osoba3""
""osoba4""		663.30005	663300	663.60004	663600	1.2999878	1299	""osoba4""
""osoba3""		666.60004	666600	688.80005	688800	23.200012	23200	""osoba3""
""osoba3""		669.0	669000	688.80005	688800	20.800049	20800	""osoba3""
""osoba3""		670.5	670500	688.80005	688800	19.300049	19300	""osoba3""
""osoba3""		672.0	672000	688.80005	688800	17.800049	17800	""osoba3""
""osoba3""		672.9	672900	688.80005	688800	16.900024	16900	""osoba3""
""osoba2""		673.2	673200	673.5	673500	1.2999878	1299	""osoba2""
""osoba3""		675.0	675000	688.80005	688800	14.800049	14800	""osoba3""
""osoba3""		680.4	680400	688.80005	688800	9.400024	9400	""osoba3""
""osoba3""		681.30005	681300	688.80005	688800	8.5	8500	""osoba3""
""osoba3""		682.2	682200	688.80005	688800	7.6000366	7600	""osoba3""
""osoba3""		683.10004	683100	688.80005	688800	6.700012	6700	""osoba3""
""osoba4""		685.80005	685800	686.10004	686100	1.2999878	1299	""osoba4""
""osoba2""		689.10004	689100	689.4	689400	1.2999878	1299	""osoba2""
""osoba3""		691.80005	691800	698.7	698700	7.8999634	7899	""osoba3""
""osoba4""		694.2	694200	695.10004	695100	1.9000244	1900	""osoba4""
""osoba1""		696.30005	696300	699.60004	699600	4.299988	4299	""osoba1""
""osoba4""		705.9	705900	718.80005	718800	13.900024	13900	""osoba4""
""osoba4""		706.5	706500	718.80005	718800	13.300049	13300	""osoba4""
""osoba4""		711.30005	711300	718.80005	718800	8.5	8500	""osoba4""
""osoba4""		713.4	713400	718.80005	718800	6.4000244	6400	""osoba4""
""osoba4""		718.2	718200	718.80005	718800	1.6000366	1600	""osoba4""
""osoba3""		719.4	719400	733.80005	733800	15.400024	15400	""osoba3""
""osoba3""		721.2	721200	733.80005	733800	13.600037	13600	""osoba3""
""osoba3""		724.2	724200	733.80005	733800	10.600037	10600	""osoba3""
""osoba3""		726.0	726000	733.80005	733800	8.800049	8800	""osoba3""
""osoba3""		726.60004	726600	733.80005	733800	8.200012	8200	""osoba3""
""osoba3""		727.2	727200	733.80005	733800	7.6000366	7600	""osoba3""
""osoba4""		728.4	728400	728.4	728400	1.0	1000	""osoba4""
""osoba3""		729.30005	729300	733.80005	733800	5.5	5500	""osoba3""
""osoba3""		732.0	732000	733.80005	733800	2.8000488	2800	""osoba3""
""osoba4""		732.60004	732600	734.7	734700	3.0999756	3099	""osoba4""
""osoba2""		734.7	734700	735.0	735000	1.2999878	1299	""osoba2""
""osoba1""		737.7	737700	739.5	739500	2.7999878	2799	""osoba1""
""osoba4""		737.7	737700	756.0	756000	19.299988	19299	""osoba4""
""osoba2""		740.10004	740100	740.4	740400	1.2999878	1299	""osoba2""
""osoba4""		744.60004	744600	756.0	756000	12.399963	12399	""osoba4""
""osoba2""		745.80005	745800	746.10004	746100	1.2999878	1299	""osoba2""
""osoba3""		747.60004	747600	750.0	750000	3.3999634	3399	""osoba3""
""osoba4""		750.0	750000	756.0	756000	7.0	7000	""osoba4""
""osoba4""		750.60004	750600	756.0	756000	6.3999634	6399	""osoba4""
""osoba2""		751.5	751500	752.4	752400	1.9000244	1900	""osoba2""
""osoba4""		753.0	753000	756.0	756000	4.0	4000	""osoba4""
""osoba4""		753.60004	753600	756.0	756000	3.3999634	3399	""osoba4""
""osoba4""		754.2	754200	756.0	756000	2.7999878	2799	""osoba4""
""osoba4""		754.80005	754800	756.0	756000	2.1999512	2199	""osoba4""
""osoba1""		755.7	755700	757.2	757200	2.5	2500	""osoba1""
""osoba4""		758.4	758400	762.60004	762600	5.200012	5200	""osoba4""
""osoba4""		759.30005	759300	762.60004	762600	4.299988	4299	""osoba4""
""osoba4""		761.10004	761100	762.60004	762600	2.5	2500	""osoba4""
""osoba2""		762.60004	762600	765.0	765000	3.3999634	3399	""osoba2""
""osoba3""		765.30005	765300	769.2	769200	4.8999634	4899	""osoba3""
""osoba3""		767.10004	767100	769.2	769200	3.0999756	3099	""osoba3""
""osoba4""		768.0	768000	777.00006	777000	10.000061	10000	""osoba4""
""osoba3""		768.9	768900	769.2	769200	1.2999878	1299	""osoba3""
""osoba4""		770.7	770700	777.00006	777000	7.300049	7300	""osoba4""
""osoba2""		772.50006	772500	772.50006	772500	1.0	1000	""osoba2""
""osoba4""		773.4	773400	777.00006	777000	4.6000366	4600	""osoba4""
""osoba4""		774.30005	774300	777.00006	777000	3.7000122	3700	""osoba4""
""osoba2""		776.7	776700	777.30005	777300	1.6000366	1600	""osoba2""
""osoba4""		776.7	776700	777.00006	777000	1.3000488	1300	""osoba4""
""osoba4""		780.00006	780000	786.9	786900	7.8999634	7899	""osoba4""
""osoba4""		783.00006	783000	786.9	786900	4.8999634	4899	""osoba4""
""osoba4""		786.60004	786600	786.9	786900	1.2999878	1299	""osoba4""
""osoba1""		786.9	786900	789.60004	789600	3.7000122	3700	""osoba1""
""osoba3""		788.10004	788100	819.9	819900	32.799988	32799	""osoba3""
""osoba3""		789.60004	789600	819.9	819900	31.299988	31299	""osoba3""
""osoba3""		791.4	791400	819.9	819900	29.5	29500	""osoba3""
""osoba3""		793.50006	793500	819.9	819900	27.399963	27399	""osoba3""
""osoba1""		794.7	794700	794.7	794700	1.0	1000	""osoba1""
""osoba3""		794.7	794700	819.9	819900	26.200012	26200	""osoba3""
""osoba3""		795.60004	795600	819.9	819900	25.299988	25299	""osoba3""
""osoba3""		796.80005	796800	819.9	819900	24.099976	24099	""osoba3""
""osoba3""		797.4	797400	819.9	819900	23.5	23500	""osoba3""
""osoba3""		800.4	800400	819.9	819900	20.5	20500	""osoba3""
""osoba3""		801.9	801900	819.9	819900	19.0	19000	""osoba3""
""osoba3""		805.80005	805800	819.9	819900	15.099976	15099	""osoba3""
""osoba3""		806.4	806400	819.9	819900	14.5	14500	""osoba3""
""osoba4""		807.9	807900	807.9	807900	1.0	1000	""osoba4""
""osoba3""		809.7	809700	819.9	819900	11.200012	11200	""osoba3""
""osoba3""		811.2	811200	819.9	819900	9.700012	9700	""osoba3""
""osoba4""		815.4	815400	828.60004	828600	14.200012	14200	""osoba4""
""osoba4""		816.9	816900	828.60004	828600	12.700012	12700	""osoba4""
""osoba3""		817.80005	817800	819.9	819900	3.0999756	3099	""osoba3""
""osoba4""		822.00006	822000	828.60004	828600	7.5999756	7599	""osoba4""
""osoba4""		822.60004	822600	828.60004	828600	7.0	7000	""osoba4""
""osoba3""		828.00006	828000	851.7	851700	24.699951	24699	""osoba3""
""osoba3""		831.60004	831600	851.7	851700	21.099976	21099	""osoba3""
""osoba3""		833.7	833700	851.7	851700	19.0	19000	""osoba3""
""osoba3""		835.80005	835800	851.7	851700	16.899963	16899	""osoba3""
""osoba3""		836.4	836400	851.7	851700	16.299988	16299	""osoba3""
""osoba3""		839.10004	839100	851.7	851700	13.599976	13599	""osoba3""
""osoba3""		839.7	839700	851.7	851700	13.0	13000	""osoba3""
""osoba4""		840.30005	840300	840.30005	840300	1.0	1000	""osoba4""
""osoba3""		842.4	842400	851.7	851700	10.299988	10299	""osoba3""
""osoba1""		842.7	842700	842.7	842700	1.0	1000	""osoba1""
""osoba3""		845.4	845400	851.7	851700	7.299988	7299	""osoba3""
""osoba2""		846.00006	846000	847.2	847200	2.1999512	2199	""osoba2""
""osoba3""		847.80005	847800	851.7	851700	4.8999634	4899	""osoba3""
""osoba3""		849.60004	849600	851.7	851700	3.0999756	3099	""osoba3""
""osoba3""		851.10004	851100	851.7	851700	1.5999756	1599	""osoba3""
""osoba4""		851.7	851700	859.80005	859800	9.100037	9100	""osoba4""
""osoba4""		852.9	852900	859.80005	859800	7.9000244	7900	""osoba4""
""osoba4""		854.7	854700	859.80005	859800	6.1000366	6100	""osoba4""
""osoba1""		855.60004	855600	856.2	856200	1.5999756	1599	""osoba1""
""osoba4""		857.4	857400	859.80005	859800	3.4000244	3400	""osoba4""
""osoba3""		858.60004	858600	866.10004	866100	8.5	8500	""osoba3""
""osoba4""		858.9	858900	859.80005	859800	1.9000244	1900	""osoba4""
""osoba2""		860.10004	860100	860.10004	860100	1.0	1000	""osoba2""
""osoba3""		864.30005	864300	866.10004	866100	2.7999878	2799	""osoba3""
""osoba1""		864.60004	864600	866.10004	866100	2.5	2500	""osoba1""
""osoba3""		865.80005	865800	866.10004	866100	1.2999878	1299	""osoba3""
""osoba2""		866.10004	866100	868.2	868200	3.0999756	3099	""osoba2""
""osoba3""		869.4	869400	882.9	882900	14.5	14500	""osoba3""
""osoba3""		870.30005	870300	882.9	882900	13.599976	13599	""osoba3""
""osoba3""		870.9	870900	882.9	882900	13.0	13000	""osoba3""
""osoba1""		872.7	872700	873.30005	873300	1.6000366	1600	""osoba1""
""osoba3""		873.00006	873000	882.9	882900	10.899963	10899	""osoba3""
""osoba3""		874.2	874200	882.9	882900	9.700012	9700	""osoba3""
""osoba3""		875.10004	875100	882.9	882900	8.799988	8799	""osoba3""
""osoba3""		876.9	876900	882.9	882900	7.0	7000	""osoba3""
""osoba3""		877.80005	877800	882.9	882900	6.0999756	6099	""osoba3""
""osoba4""		881.10004	881100	885.30005	885300	5.200012	5200	""osoba4""
""osoba3""		882.60004	882600	882.9	882900	1.2999878	1299	""osoba3""
""osoba2""		884.4	884400	887.10004	887100	3.7000122	3700	""osoba2""
""osoba4""		893.7	893700	897.60004	897600	4.9000244	4900	""osoba4""
""osoba4""		895.2	895200	897.60004	897600	3.4000244	3400	""osoba4""
""osoba4""		896.10004	896100	897.60004	897600	2.5	2500	""osoba4""
""osoba1""		897.30005	897300	899.7	899700	3.3999634	3399	""osoba1""
""osoba2""		900.60004	900600	900.9	900900	1.2999878	1299	""osoba2""
""osoba3""		902.10004	902100	905.7	905700	4.5999756	4599	""osoba3""
""osoba4""		903.30005	903300	904.2	904200	1.8999634	1899	""osoba4""
""osoba2""		905.4	905400	906.60004	906600	2.2000122	2200	""osoba2""
""osoba3""		910.80005	910800	925.2	925200	15.399963	15399	""osoba3""
""osoba3""		912.30005	912300	925.2	925200	13.899963	13899	""osoba3""
""osoba3""		913.80005	913800	925.2	925200	12.399963	12399	""osoba3""
""osoba3""		915.30005	915300	925.2	925200	10.899963	10899	""osoba3""
""osoba4""		916.2	916200	916.50006	916500	1.3000488	1300	""osoba4""
""osoba3""		918.30005	918300	925.2	925200	7.8999634	7899	""osoba3""
""osoba2""		920.4	920400	926.10004	926100	6.700012	6700	""osoba2""
""osoba3""		921.30005	921300	925.2	925200	4.8999634	4899	""osoba3""
""osoba2""		924.9	924900	926.10004	926100	2.2000122	2200	""osoba2""
""osoba3""		928.80005	928800	966.60004	966600	38.799988	38799	""osoba3""
""osoba4""		928.80005	928800	928.80005	928800	1.0	1000	""osoba4""
""osoba3""		930.60004	930600	966.60004	966600	37.0	37000	""osoba3""
""osoba3""		932.10004	932100	966.60004	966600	35.5	35500	""osoba3""
""osoba3""		933.30005	933300	966.60004	966600	34.299988	34299	""osoba3""
""osoba3""		935.7	935700	966.60004	966600	31.900024	31900	""osoba3""
""osoba4""		938.10004	938100	938.10004	938100	1.0	1000	""osoba4""
""osoba3""		940.2	940200	966.60004	966600	27.400024	27400	""osoba3""
""osoba3""		941.10004	941100	966.60004	966600	26.5	26500	""osoba3""
""osoba3""		941.7	941700	966.60004	966600	25.900024	25900	""osoba3""
""osoba3""		944.10004	944100	966.60004	966600	23.5	23500	""osoba3""
""osoba2""		945.60004	945600	946.50006	946500	1.9000244	1900	""osoba2""
""osoba3""		945.60004	945600	966.60004	966600	22.0	22000	""osoba3""
""osoba3""		946.50006	946500	966.60004	966600	21.099976	21099	""osoba3""
""osoba3""		947.4	947400	966.60004	966600	20.200012	20200	""osoba3""
""osoba4""		947.4	947400	948.60004	948600	2.2000122	2200	""osoba4""
""osoba3""		948.60004	948600	966.60004	966600	19.0	19000	""osoba3""
""osoba4""		948.60004	948600	948.60004	948600	1.0	1000	""osoba4""
""osoba3""		949.50006	949500	966.60004	966600	18.099976	18099	""osoba3""
""osoba3""		950.10004	950100	966.60004	966600	17.5	17500	""osoba3""
""osoba3""		951.30005	951300	966.60004	966600	16.299988	16299	""osoba3""
""osoba3""		952.50006	952500	966.60004	966600	15.099976	15099	""osoba3""
""osoba3""		953.7	953700	966.60004	966600	13.900024	13900	""osoba3""
""osoba3""		954.9	954900	966.60004	966600	12.700012	12700	""osoba3""
""osoba3""		957.9	957900	966.60004	966600	9.700012	9700	""osoba3""
""osoba3""		958.50006	958500	966.60004	966600	9.099976	9099	""osoba3""
""osoba2""		959.7	959700	960.9	960900	2.2000122	2200	""osoba2""
""osoba4""		960.00006	960000	960.00006	960000	1.0	1000	""osoba4""
""osoba3""		963.9	963900	966.60004	966600	3.7000122	3700	""osoba3""
""osoba2""		965.10004	965100	969.00006	969000	4.9000244	4900	""osoba2""
""osoba3""		976.2	976200	983.10004	983100	7.9000244	7900	""osoba3""
""osoba3""		977.4	977400	983.10004	983100	6.700012	6700	""osoba3""
""osoba3""		978.30005	978300	983.10004	983100	5.799988	5799	""osoba3""
""osoba3""		980.4	980400	983.10004	983100	3.7000122	3700	""osoba3""
""osoba4""		982.80005	982800	987.30005	987300	5.5	5500	""osoba4""
""osoba2""		984.30005	984300	985.2	985200	1.8999634	1899	""osoba2""
""osoba4""		984.60004	984600	987.30005	987300	3.7000122	3700	""osoba4""
""osoba3""		986.4	986400	1040.1001	1040100	54.700073	54700	""osoba3""
""osoba4""		987.30005	987300	987.30005	987300	1.0	1000	""osoba4""
""osoba3""		988.2	988200	1040.1001	1040100	52.900085	52900	""osoba3""
""osoba3""		990.30005	990300	1040.1001	1040100	50.80005	50800	""osoba3""
""osoba3""		992.4	992400	1040.1001	1040100	48.700073	48700	""osoba3""
""osoba3""		994.2	994200	1040.1001	1040100	46.900085	46900	""osoba3""
""osoba3""		995.7	995700	1040.1001	1040100	45.400085	45400	""osoba3""
""osoba3""		997.50006	997500	1040.1001	1040100	43.600037	43600	""osoba3""
""osoba3""		998.7	998700	1040.1001	1040100	42.400085	42400	""osoba3""
""osoba3""		1000.50006	1000500	1040.1001	1040100	40.600037	40600	""osoba3""
""osoba3""		1004.10004	1004100	1040.1001	1040100	37.00006	37000	""osoba3""
""osoba3""		1004.7	1004700	1040.1001	1040100	36.400085	36400	""osoba3""
""osoba3""		1005.30005	1005300	1040.1001	1040100	35.80005	35800	""osoba3""
""osoba4""		1006.50006	1006500	1007.7	1007700	2.1999512	2199	""osoba4""
""osoba3""		1011.9	1011900	1040.1001	1040100	29.200073	29200	""osoba3""
""osoba3""		1015.2	1015200	1040.1001	1040100	25.900085	25900	""osoba3""
""osoba2""		1016.7	1016700	1018.2	1018200	2.5	2500	""osoba2""
""osoba3""		1020.00006	1020000	1040.1001	1040100	21.100037	21100	""osoba3""
""osoba3""		1020.60004	1020600	1040.1001	1040100	20.500061	20500	""osoba3""
""osoba3""		1021.2	1021200	1040.1001	1040100	19.900085	19900	""osoba3""
""osoba1""		1022.7	1022700	1023.60004	1023600	1.9000244	1900	""osoba1""
""osoba3""		1023.00006	1023000	1040.1001	1040100	18.100037	18100	""osoba3""
""osoba3""		1025.1001	1025100	1040.1001	1040100	16.0	16000	""osoba3""
""osoba3""		1026.0	1026000	1040.1001	1040100	15.100098	15100	""osoba3""
""osoba3""		1027.2001	1027200	1040.1001	1040100	13.900024	13900	""osoba3""
""osoba3""		1027.8	1027800	1040.1001	1040100	13.300049	13300	""osoba3""
""osoba3""		1030.5	1030500	1040.1001	1040100	10.600098	10600	""osoba3""
""osoba3""		1032.0	1032000	1040.1001	1040100	9.100098	9100	""osoba3""
""osoba3""		1032.6001	1032600	1040.1001	1040100	8.5	8500	""osoba3""
""osoba3""		1033.5	1033500	1040.1001	1040100	7.6000977	7600	""osoba3""
""osoba4""		1033.8	1033800	1034.4	1034400	1.5999756	1599	""osoba4""
""osoba1""		1034.4	1034400	1035.0	1035000	1.5999756	1599	""osoba1""
""osoba2""		1034.7001	1034700	1034.7001	1034700	1.0	1000	""osoba2""
""osoba3""		1038.0	1038000	1040.1001	1040100	3.1000977	3100	""osoba3""
""osoba3""		1038.9	1038900	1040.1001	1040100	2.2000732	2200	""osoba3""
""osoba4""		1041.0	1041000	1056.6001	1056600	16.600098	16600	""osoba4""
""osoba3""		1042.2001	1042200	1042.8	1042800	1.5999756	1599	""osoba3""
""osoba4""		1044.0	1044000	1056.6001	1056600	13.600098	13600	""osoba4""
""osoba4""		1045.5	1045500	1056.6001	1056600	12.100098	12100	""osoba4""
""osoba4""		1049.7001	1049700	1056.6001	1056600	7.9000244	7900	""osoba4""
""osoba4""		1052.7001	1052700	1056.6001	1056600	4.9000244	4900	""osoba4""
""osoba4""		1054.5	1054500	1056.6001	1056600	3.1000977	3100	""osoba4""
""osoba2""		1056.3	1056300	1057.8	1057800	2.5	2500	""osoba2""
""osoba4""		1059.0	1059000	1091.7001	1091700	33.700073	33700	""osoba4""
""osoba4""		1063.2001	1063200	1091.7001	1091700	29.5	29500	""osoba4""
""osoba4""		1064.4	1064400	1091.7001	1091700	28.300049	28300	""osoba4""
""osoba4""		1065.3	1065300	1091.7001	1091700	27.400024	27400	""osoba4""
""osoba3""		1067.1001	1067100	1067.1001	1067100	1.0	1000	""osoba3""
""osoba4""		1069.5	1069500	1091.7001	1091700	23.200073	23200	""osoba4""
""osoba4""		1071.3	1071300	1091.7001	1091700	21.400024	21400	""osoba4""
""osoba1""		1072.2001	1072200	1075.5	1075500	4.2999268	4299	""osoba1""
""osoba4""		1076.4	1076400	1091.7001	1091700	16.300049	16300	""osoba4""
""osoba4""		1077.6001	1077600	1091.7001	1091700	15.099976	15099	""osoba4""
""osoba4""		1079.1001	1079100	1091.7001	1091700	13.599976	13599	""osoba4""
""osoba4""		1080.3	1080300	1091.7001	1091700	12.400024	12400	""osoba4""
""osoba4""		1083.9	1083900	1091.7001	1091700	8.800049	8800	""osoba4""
""osoba4""		1084.8	1084800	1091.7001	1091700	7.9000244	7900	""osoba4""
""osoba4""		1085.4	1085400	1091.7001	1091700	7.300049	7300	""osoba4""
""osoba4""		1086.6001	1086600	1091.7001	1091700	6.0999756	6099	""osoba4""
""osoba4""		1088.1001	1088100	1091.7001	1091700	4.5999756	4599	""osoba4""
""osoba4""		1088.7001	1088700	1091.7001	1091700	4.0	4000	""osoba4""
""osoba4""		1091.7001	1091700	1091.7001	1091700	1.0	1000	""osoba4""
""osoba3""		1092.6001	1092600	1101.0	1101000	9.399902	9399	""osoba3""
""osoba3""		1096.8	1096800	1101.0	1101000	5.199951	5199	""osoba3""
""osoba3""		1098.3	1098300	1101.0	1101000	3.6999512	3699	""osoba3""
""osoba3""		1099.2001	1099200	1101.0	1101000	2.7999268	2799	""osoba3""
""osoba2""		1100.4	1100400	1102.8	1102800	3.4000244	3400	""osoba2""
""osoba3""		1103.4	1103400	1132.5	1132500	30.099976	30099	""osoba3""
""osoba3""		1105.5	1105500	1132.5	1132500	28.0	28000	""osoba3""
""osoba3""		1107.9	1107900	1132.5	1132500	25.599976	25599	""osoba3""
""osoba3""		1109.7001	1109700	1132.5	1132500	23.799927	23799	""osoba3""
""osoba2""		1110.0	1110000	1110.3	1110300	1.3000488	1300	""osoba2""
""osoba3""		1111.2001	1111200	1132.5	1132500	22.299927	22299	""osoba3""
""osoba3""		1112.7001	1112700	1132.5	1132500	20.799927	20799	""osoba3""
""osoba3""		1113.3	1113300	1132.5	1132500	20.199951	20199	""osoba3""
""osoba3""		1114.5	1114500	1132.5	1132500	19.0	19000	""osoba3""
""osoba3""		1115.4	1115400	1132.5	1132500	18.099976	18099	""osoba3""
""osoba3""		1116.9	1116900	1132.5	1132500	16.599976	16599	""osoba3""
""osoba3""		1119.3	1119300	1132.5	1132500	14.199951	14199	""osoba3""
""osoba3""		1119.9	1119900	1132.5	1132500	13.599976	13599	""osoba3""
""osoba3""		1120.5	1120500	1132.5	1132500	13.0	13000	""osoba3""
""osoba3""		1122.3	1122300	1132.5	1132500	11.199951	11199	""osoba3""
""osoba3""		1123.8	1123800	1132.5	1132500	9.699951	9699	""osoba3""
""osoba4""		1124.4	1124400	1125.3	1125300	1.9000244	1900	""osoba4""
""osoba3""		1127.1001	1127100	1132.5	1132500	6.3999023	6399	""osoba3""
""osoba1""		1129.5	1129500	1133.4	1133400	4.9000244	4900	""osoba1""
""osoba3""		1129.5	1129500	1132.5	1132500	4.0	4000	""osoba3""
""osoba1""		1131.0	1131000	1133.4	1133400	3.4000244	3400	""osoba1""
""osoba3""		1138.5	1138500	1203.9	1203900	66.400024	66400	""osoba3""
""osoba3""		1140.3	1140300	1203.9	1203900	64.599976	64599	""osoba3""
""osoba3""		1143.3	1143300	1203.9	1203900	61.599976	61599	""osoba3""
""osoba3""		1146.0	1146000	1203.9	1203900	58.900024	58900	""osoba3""
""osoba3""		1146.9	1146900	1203.9	1203900	58.0	58000	""osoba3""
""osoba1""		1147.5	1147500	1148.4	1148400	1.9000244	1900	""osoba1""
""osoba3""		1150.2001	1150200	1203.9	1203900	54.69995	54699	""osoba3""
""osoba3""		1151.4	1151400	1203.9	1203900	53.5	53500	""osoba3""
""osoba3""		1152.0	1152000	1203.9	1203900	52.900024	52900	""osoba3""
""osoba3""		1153.8	1153800	1203.9	1203900	51.099976	51099	""osoba3""
""osoba3""		1159.8	1159800	1203.9	1203900	45.099976	45099	""osoba3""
""osoba2""		1161.9	1161900	1163.4	1163400	2.5	2500	""osoba2""
""osoba3""		1164.6001	1164600	1203.9	1203900	40.299927	40299	""osoba3""
""osoba3""		1166.1001	1166100	1203.9	1203900	38.799927	38799	""osoba3""
""osoba4""		1167.0	1167000	1167.9	1167900	1.9000244	1900	""osoba4""
""osoba3""		1171.5	1171500	1203.9	1203900	33.400024	33400	""osoba3""
""osoba3""		1173.0	1173000	1203.9	1203900	31.900024	31900	""osoba3""
""osoba2""		1173.9	1173900	1174.5	1174500	1.5999756	1599	""osoba2""
""osoba3""		1176.9	1176900	1203.9	1203900	28.0	28000	""osoba3""
""osoba4""		1178.7001	1178700	1180.5	1180500	2.7999268	2799	""osoba4""
""osoba3""		1179.0	1179000	1203.9	1203900	25.900024	25900	""osoba3""
""osoba3""		1182.3	1182300	1203.9	1203900	22.599976	22599	""osoba3""
""osoba3""		1185.0	1185000	1203.9	1203900	19.900024	19900	""osoba3""
""osoba3""		1187.1001	1187100	1203.9	1203900	17.799927	17799	""osoba3""
""osoba3""		1191.0	1191000	1203.9	1203900	13.900024	13900	""osoba3""
""osoba3""		1191.6001	1191600	1203.9	1203900	13.299927	13299	""osoba3""
""osoba3""		1193.4	1193400	1203.9	1203900	11.5	11500	""osoba3""
""osoba3""		1194.6001	1194600	1203.9	1203900	10.299927	10299	""osoba3""
""osoba3""		1195.5	1195500	1203.9	1203900	9.400024	9400	""osoba3""
""osoba3""		1197.0	1197000	1203.9	1203900	7.9000244	7900	""osoba3""
""osoba3""		1198.5	1198500	1203.9	1203900	6.4000244	6400	""osoba3""
""osoba3""		1199.7001	1199700	1203.9	1203900	5.199951	5199	""osoba3""
""osoba3""		1200.3	1200300	1203.9	1203900	4.5999756	4599	""osoba3""
""osoba3""		1201.2001	1201200	1203.9	1203900	3.6999512	3699	""osoba3""
""osoba3""		1202.4	1202400	1203.9	1203900	2.5	2500	""osoba3""
""osoba1""		1202.7001	1202700	1203.0	1203000	1.2999268	1299	""osoba1""
""osoba3""		1203.0	1203000	1203.9	1203900	1.9000244	1900	""osoba3""
""osoba3""		1203.6001	1203600	1203.9	1203900	1.2999268	1299	""osoba3""
""osoba4""		1203.6001	1203600	1215.3	1215300	12.699951	12699	""osoba4""
""osoba4""		1205.4	1205400	1215.3	1215300	10.900024	10900	""osoba4""
""osoba4""		1206.9	1206900	1215.3	1215300	9.400024	9400	""osoba4""
""osoba4""		1209.9	1209900	1215.3	1215300	6.4000244	6400	""osoba4""
""osoba4""		1210.8	1210800	1215.3	1215300	5.5	5500	""osoba4""
""osoba3""		1215.6001	1215600	1221.6001	1221600	7.0	7000	""osoba3""
""osoba3""		1219.8	1219800	1221.6001	1221600	2.8000488	2800	""osoba3""
""osoba4""		1221.9	1221900	1227.6001	1227600	6.7000732	6700	""osoba4""
""osoba4""		1222.8	1222800	1227.6001	1227600	5.800049	5800	""osoba4""
""osoba4""		1223.7001	1223700	1227.6001	1227600	4.9000244	4900	""osoba4""
""osoba3""		1225.8	1225800	1234.2001	1234200	9.400024	9400	""osoba3""
""osoba3""		1230.3	1230300	1234.2001	1234200	4.9000244	4900	""osoba3""
""osoba3""		1231.2001	1231200	1234.2001	1234200	4.0	4000	""osoba3""
""osoba3""		1231.8	1231800	1234.2001	1234200	3.4000244	3400	""osoba3""
""osoba3""		1232.7001	1232700	1234.2001	1234200	2.5	2500	""osoba3""
""osoba1""		1233.0	1233000	1235.1001	1235100	3.1000977	3100	""osoba1""
""osoba4""		1241.7001	1241700	1249.2001	1249200	8.5	8500	""osoba4""
""osoba4""		1243.8	1243800	1249.2001	1249200	6.4000244	6400	""osoba4""
""osoba4""		1245.6001	1245600	1249.2001	1249200	4.5999756	4599	""osoba4""
""osoba4""		1246.5	1246500	1249.2001	1249200	3.7000732	3700	""osoba4""
""osoba3""		1248.3	1248300	1256.7001	1256700	9.400024	9400	""osoba3""
""osoba4""		1248.3	1248300	1249.2001	1249200	1.9000244	1900	""osoba4""
""osoba4""		1248.9	1248900	1249.2001	1249200	1.3000488	1300	""osoba4""
""osoba3""		1249.2001	1249200	1256.7001	1256700	8.5	8500	""osoba3""
""osoba3""		1252.8	1252800	1256.7001	1256700	4.9000244	4900	""osoba3""
""osoba3""		1254.9	1254900	1256.7001	1256700	2.8000488	2800	""osoba3""
""osoba3""		1255.8	1255800	1256.7001	1256700	1.9000244	1900	""osoba3""
""osoba2""		1256.4	1256400	1260.9	1260900	5.5	5500	""osoba2""
""osoba4""		1261.2001	1261200	1268.4	1268400	8.199951	8199	""osoba4""
""osoba4""		1262.1001	1262100	1268.4	1268400	7.2999268	7299	""osoba4""
""osoba3""		1262.7001	1262700	1279.2001	1279200	17.5	17500	""osoba3""
""osoba4""		1262.7001	1262700	1268.4	1268400	6.699951	6699	""osoba4""
""osoba3""		1265.1001	1265100	1279.2001	1279200	15.099976	15099	""osoba3""
""osoba3""		1269.0	1269000	1279.2001	1279200	11.200073	11200	""osoba3""
""osoba3""		1270.8	1270800	1279.2001	1279200	9.400024	9400	""osoba3""
""osoba3""		1274.7001	1274700	1279.2001	1279200	5.5	5500	""osoba3""
""osoba3""		1275.3	1275300	1279.2001	1279200	4.9000244	4900	""osoba3""
""osoba3""		1276.8	1276800	1279.2001	1279200	3.4000244	3400	""osoba3""
""osoba3""		1277.7001	1277700	1279.2001	1279200	2.5	2500	""osoba3""
""osoba2""		1278.0	1278000	1279.5	1279500	2.5	2500	""osoba2""
""osoba3""		1279.2001	1279200	1279.2001	1279200	1.0	1000	""osoba3""
""osoba3""		1281.3	1281300	1329.3	1329300	49.0	49000	""osoba3""
""osoba3""		1282.5	1282500	1329.3	1329300	47.80005	47800	""osoba3""
""osoba4""		1284.6001	1284600	1288.2001	1288200	4.5999756	4599	""osoba4""
""osoba2""		1285.8	1285800	1285.8	1285800	1.0	1000	""osoba2""
""osoba2""		1290.9	1290900	1294.5	1294500	4.5999756	4599	""osoba2""
""osoba3""		1291.5	1291500	1329.3	1329300	38.80005	38800	""osoba3""
""osoba3""		1295.4	1295400	1329.3	1329300	34.900024	34900	""osoba3""
""osoba3""		1296.9	1296900	1329.3	1329300	33.400024	33400	""osoba3""
""osoba3""		1297.8	1297800	1329.3	1329300	32.5	32500	""osoba3""
""osoba3""		1299.3	1299300	1329.3	1329300	31.0	31000	""osoba3""
""osoba3""		1299.9	1299900	1329.3	1329300	30.400024	30400	""osoba3""
""osoba3""		1301.4	1301400	1329.3	1329300	28.900024	28900	""osoba3""
""osoba3""		1302.3	1302300	1329.3	1329300	28.0	28000	""osoba3""
""osoba3""		1302.9	1302900	1329.3	1329300	27.400024	27400	""osoba3""
""osoba3""		1303.8	1303800	1329.3	1329300	26.5	26500	""osoba3""
""osoba3""		1304.4	1304400	1329.3	1329300	25.900024	25900	""osoba3""
""osoba3""		1305.3	1305300	1329.3	1329300	25.0	25000	""osoba3""
""osoba3""		1306.5	1306500	1329.3	1329300	23.800049	23800	""osoba3""
""osoba2""		1307.4	1307400	1307.7001	1307700	1.3000488	1300	""osoba2""
""osoba3""		1310.4	1310400	1329.3	1329300	19.900024	19900	""osoba3""
""osoba3""		1311.0	1311000	1329.3	1329300	19.300049	19300	""osoba3""
""osoba4""		1313.1001	1313100	1314.3	1314300	2.1999512	2199	""osoba4""
""osoba3""		1313.4	1313400	1329.3	1329300	16.900024	16900	""osoba3""
""osoba3""		1315.8	1315800	1329.3	1329300	14.5	14500	""osoba3""
""osoba3""		1316.4	1316400	1329.3	1329300	13.900024	13900	""osoba3""
""osoba3""		1317.3	1317300	1329.3	1329300	13.0	13000	""osoba3""
""osoba3""		1318.8	1318800	1329.3	1329300	11.5	11500	""osoba3""
""osoba3""		1319.4	1319400	1329.3	1329300	10.900024	10900	""osoba3""
""osoba3""		1320.6001	1320600	1329.3	1329300	9.699951	9699	""osoba3""
""osoba3""		1321.2001	1321200	1329.3	1329300	9.099976	9099	""osoba3""
""osoba3""		1322.1001	1322100	1329.3	1329300	8.199951	8199	""osoba3""
""osoba3""		1323.0	1323000	1329.3	1329300	7.300049	7300	""osoba3""
""osoba3""		1325.7001	1325700	1329.3	1329300	4.5999756	4599	""osoba3""
""osoba1""		1326.0	1326000	1327.2001	1327200	2.2000732	2200	""osoba1""
""osoba1""		1326.6001	1326600	1327.2001	1327200	1.5999756	1599	""osoba1""
""osoba3""		1326.6001	1326600	1329.3	1329300	3.6999512	3699	""osoba3""
""osoba2""		1328.4	1328400	1330.2001	1330200	2.8000488	2800	""osoba2""
""osoba3""		1329.3	1329300	1329.3	1329300	1.0	1000	""osoba3""
""osoba3""		1333.5	1333500	1373.1001	1373100	40.600098	40600	""osoba3""
""osoba3""		1334.1001	1334100	1373.1001	1373100	40.0	40000	""osoba3""
""osoba3""		1335.6001	1335600	1373.1001	1373100	38.5	38500	""osoba3""
""osoba3""		1336.2001	1336200	1373.1001	1373100	37.900024	37900	""osoba3""
""osoba3""		1337.1001	1337100	1373.1001	1373100	37.0	37000	""osoba3""
""osoba3""		1339.8	1339800	1373.1001	1373100	34.30005	34300	""osoba3""
""osoba3""		1340.4	1340400	1373.1001	1373100	33.700073	33700	""osoba3""
""osoba2""		1341.9	1341900	1341.9	1341900	1.0	1000	""osoba2""
""osoba3""		1342.2001	1342200	1373.1001	1373100	31.900024	31900	""osoba3""
""osoba4""		1342.2001	1342200	1342.8	1342800	1.5999756	1599	""osoba4""
""osoba3""		1345.5	1345500	1373.1001	1373100	28.600098	28600	""osoba3""
""osoba3""		1346.4	1346400	1373.1001	1373100	27.700073	27700	""osoba3""
""osoba3""		1347.3	1347300	1373.1001	1373100	26.800049	26800	""osoba3""
""osoba3""		1348.5	1348500	1373.1001	1373100	25.600098	25600	""osoba3""
""osoba3""		1349.4	1349400	1373.1001	1373100	24.700073	24700	""osoba3""
""osoba2""		1349.7001	1349700	1349.7001	1349700	1.0	1000	""osoba2""
""osoba3""		1350.9	1350900	1373.1001	1373100	23.200073	23200	""osoba3""
""osoba3""		1353.9	1353900	1373.1001	1373100	20.200073	20200	""osoba3""
""osoba3""		1355.4	1355400	1373.1001	1373100	18.700073	18700	""osoba3""
""osoba3""		1358.7001	1358700	1373.1001	1373100	15.400024	15400	""osoba3""
""osoba3""		1359.6001	1359600	1373.1001	1373100	14.5	14500	""osoba3""
""osoba3""		1360.2001	1360200	1373.1001	1373100	13.900024	13900	""osoba3""
""osoba3""		1362.6001	1362600	1373.1001	1373100	11.5	11500	""osoba3""
""osoba3""		1365.9	1365900	1373.1001	1373100	8.200073	8200	""osoba3""
""osoba3""		1367.1001	1367100	1373.1001	1373100	7.0	7000	""osoba3""
""osoba2""		1372.8	1372800	1373.4	1373400	1.5999756	1599	""osoba2""
""osoba3""		1375.5	1375500	1400.1001	1400100	25.600098	25600	""osoba3""
""osoba3""		1377.3	1377300	1400.1001	1400100	23.800049	23800	""osoba3""
""osoba3""		1377.9	1377900	1400.1001	1400100	23.200073	23200	""osoba3""
""osoba3""		1383.3	1383300	1400.1001	1400100	17.800049	17800	""osoba3""
""osoba1""		1384.2001	1384200	1385.4	1385400	2.1999512	2199	""osoba1""
""osoba3""		1387.2001	1387200	1400.1001	1400100	13.900024	13900	""osoba3""
""osoba4""		1388.4	1388400	1389.3	1389300	1.9000244	1900	""osoba4""
""osoba3""		1390.5	1390500	1400.1001	1400100	10.600098	10600	""osoba3""
""osoba3""		1391.7001	1391700	1400.1001	1400100	9.400024	9400	""osoba3""
""osoba3""		1393.5	1393500	1400.1001	1400100	7.6000977	7600	""osoba3""
""osoba3""		1396.2001	1396200	1400.1001	1400100	4.9000244	4900	""osoba3""
""osoba2""		1398.3	1398300	1401.6001	1401600	4.300049	4300	""osoba2""
""osoba4""		1403.4	1403400	1416.3	1416300	13.900024	13900	""osoba4""
""osoba4""		1404.6001	1404600	1416.3	1416300	12.699951	12699	""osoba4""
""osoba1""		1407.0	1407000	1407.6001	1407600	1.6000977	1600	""osoba1""
""osoba2""		1408.2001	1408200	1412.1001	1412100	4.9000244	4900	""osoba2""
""osoba2""		1409.1001	1409100	1412.1001	1412100	4.0	4000	""osoba2""
""osoba2""		1410.6001	1410600	1412.1001	1412100	2.5	2500	""osoba2""
""osoba4""		1413.6001	1413600	1416.3	1416300	3.6999512	3699	""osoba4""
""osoba4""		1414.5	1414500	1416.3	1416300	2.8000488	2800	""osoba4""
""osoba2""		1415.4	1415400	1417.2001	1417200	2.8000488	2800	""osoba2""
""osoba4""		1421.7001	1421700	1449.3	1449300	28.599976	28599	""osoba4""
""osoba3""		1422.9	1422900	1423.2001	1423200	1.3000488	1300	""osoba3""
""osoba4""		1424.4	1424400	1449.3	1449300	25.900024	25900	""osoba4""
""osoba4""		1425.3	1425300	1449.3	1449300	25.0	25000	""osoba4""
""osoba4""		1427.4	1427400	1449.3	1449300	22.900024	22900	""osoba4""
""osoba3""		1428.3	1428300	1428.9	1428900	1.5999756	1599	""osoba3""
""osoba4""		1428.3	1428300	1449.3	1449300	22.0	22000	""osoba4""
""osoba4""		1430.4	1430400	1449.3	1449300	19.900024	19900	""osoba4""
""osoba3""		1434.3	1434300	1434.6001	1434600	1.3000488	1300	""osoba3""
""osoba4""		1440.0	1440000	1449.3	1449300	10.300049	10300	""osoba4""
""osoba4""		1441.2001	1441200	1449.3	1449300	9.099976	9099	""osoba4""
""osoba4""		1442.1001	1442100	1449.3	1449300	8.199951	8199	""osoba4""
""osoba4""		1442.7001	1442700	1449.3	1449300	7.5999756	7599	""osoba4""
""osoba4""		1445.4	1445400	1449.3	1449300	4.9000244	4900	""osoba4""
""osoba4""		1446.6001	1446600	1449.3	1449300	3.6999512	3699	""osoba4""
""osoba3""		1447.8	1447800	1449.0	1449000	2.1999512	2199	""osoba3""
""osoba2""		1448.4	1448400	1455.6001	1455600	8.200073	8200	""osoba2""
""osoba3""		1452.9	1452900	1453.8	1453800	1.9000244	1900	""osoba3""
""osoba4""		1453.5	1453500	1472.7001	1472700	20.200073	20200	""osoba4""
""osoba4""		1456.8	1456800	1472.7001	1472700	16.900024	16900	""osoba4""
""osoba4""		1458.3	1458300	1472.7001	1472700	15.400024	15400	""osoba4""
""osoba4""		1459.8	1459800	1472.7001	1472700	13.900024	13900	""osoba4""
""osoba4""		1460.7001	1460700	1472.7001	1472700	13.0	13000	""osoba4""
""osoba4""		1463.1001	1463100	1472.7001	1472700	10.599976	10599	""osoba4""
""osoba2""		1468.2001	1468200	1473.6001	1473600	6.4000244	6400	""osoba2""
""osoba4""		1468.2001	1468200	1472.7001	1472700	5.5	5500	""osoba4""
""osoba2""		1470.9	1470900	1473.6001	1473600	3.7000732	3700	""osoba2""
""osoba4""		1479.6001	1479600	1490.7001	1490700	12.099976	12099	""osoba4""
""osoba4""		1480.2001	1480200	1490.7001	1490700	11.5	11500	""osoba4""
""osoba4""		1482.6001	1482600	1490.7001	1490700	9.099976	9099	""osoba4""
""osoba4""		1483.2001	1483200	1490.7001	1490700	8.5	8500	""osoba4""
""osoba4""		1485.6001	1485600	1490.7001	1490700	6.0999756	6099	""osoba4""
""osoba4""		1486.8	1486800	1490.7001	1490700	4.9000244	4900	""osoba4""
""osoba3""		1487.7001	1487700	1521.6001	1521600	34.900024	34900	""osoba3""
""osoba3""		1498.5	1498500	1521.6001	1521600	24.100098	24100	""osoba3""
""osoba3""		1503.0	1503000	1521.6001	1521600	19.600098	19600	""osoba3""
""osoba3""		1506.3	1506300	1521.6001	1521600	16.300049	16300	""osoba3""
""osoba2""		1506.9	1506900	1507.8	1507800	1.9000244	1900	""osoba2""
""osoba3""		1511.1001	1511100	1521.6001	1521600	11.5	11500	""osoba3""
""osoba1""		1511.7001	1511700	1512.6001	1512600	1.9000244	1900	""osoba1""
""osoba3""		1512.0	1512000	1521.6001	1521600	10.600098	10600	""osoba3""
""osoba3""		1512.9	1512900	1521.6001	1521600	9.700073	9700	""osoba3""
""osoba4""		1513.8	1513800	1515.9	1515900	3.0999756	3099	""osoba4""
""osoba4""		1515.6001	1515600	1515.9	1515900	1.2999268	1299	""osoba4""
""osoba3""		1515.9	1515900	1521.6001	1521600	6.7000732	6700	""osoba3""
""osoba3""		1517.4	1517400	1521.6001	1521600	5.2000732	5200	""osoba3""
""osoba3""		1518.6001	1518600	1521.6001	1521600	4.0	4000	""osoba3""
""osoba4""		1520.4	1520400	1548.0001	1548000	28.600098	28600	""osoba4""
""osoba4""		1524.3	1524300	1548.0001	1548000	24.700073	24700	""osoba4""
""osoba4""		1525.2001	1525200	1548.0001	1548000	23.800049	23800	""osoba4""
""osoba2""		1526.1001	1526100	1527.0	1527000	1.8999023	1899	""osoba2""
""osoba4""		1527.0	1527000	1548.0001	1548000	22.000122	22000	""osoba4""
""osoba4""		1529.4	1529400	1548.0001	1548000	19.600098	19600	""osoba4""
""osoba4""		1531.5	1531500	1548.0001	1548000	17.500122	17500	""osoba4""
""osoba1""		1533.0	1533000	1533.0	1533000	1.0	1000	""osoba1""
""osoba4""		1533.0	1533000	1548.0001	1548000	16.000122	16000	""osoba4""
""osoba4""		1534.8	1534800	1548.0001	1548000	14.200073	14200	""osoba4""
""osoba4""		1535.4	1535400	1548.0001	1548000	13.600098	13600	""osoba4""
""osoba4""		1536.3	1536300	1548.0001	1548000	12.700073	12700	""osoba4""
""osoba3""		1536.9	1536900	1536.9	1536900	1.0	1000	""osoba3""
""osoba4""		1541.1001	1541100	1548.0001	1548000	7.9000244	7900	""osoba4""
""osoba4""		1541.7001	1541700	1548.0001	1548000	7.300049	7300	""osoba4""
""osoba4""		1543.5001	1543500	1548.0001	1548000	5.5	5500	""osoba4""
""osoba3""		1544.7001	1544700	1560.9	1560900	17.199951	17199	""osoba3""
""osoba4""		1546.5001	1546500	1548.0001	1548000	2.5	2500	""osoba4""
""osoba3""		1547.1001	1547100	1560.9	1560900	14.799927	14799	""osoba3""
""osoba3""		1549.5001	1549500	1560.9	1560900	12.399902	12399	""osoba3""
""osoba3""		1550.4	1550400	1560.9	1560900	11.5	11500	""osoba3""
""osoba4""		1550.4	1550400	1556.7001	1556700	7.300049	7300	""osoba4""
""osoba3""		1553.1001	1553100	1560.9	1560900	8.799927	8799	""osoba3""
""osoba4""		1553.7001	1553700	1556.7001	1556700	4.0	4000	""osoba4""
""osoba4""		1556.4	1556400	1556.7001	1556700	1.3000488	1300	""osoba4""
""osoba3""		1557.9	1557900	1560.9	1560900	4.0	4000	""osoba3""
""osoba3""		1559.1001	1559100	1560.9	1560900	2.7999268	2799	""osoba3""
""osoba4""		1560.3	1560300	1563.0001	1563000	3.7000732	3700	""osoba4""
""osoba4""		1562.7001	1562700	1563.0001	1563000	1.3000488	1300	""osoba4""
""osoba3""		1563.0001	1563000	1599.3	1599300	37.299927	37299	""osoba3""
""osoba3""		1567.8	1567800	1599.3	1599300	32.5	32500	""osoba3""
""osoba3""		1569.0001	1569000	1599.3	1599300	31.299927	31299	""osoba3""
""osoba2""		1571.7001	1571700	1572.3	1572300	1.5999756	1599	""osoba2""
""osoba3""		1572.6001	1572600	1599.3	1599300	27.699951	27699	""osoba3""
""osoba1""		1574.1001	1574100	1574.4	1574400	1.2999268	1299	""osoba1""
""osoba3""		1574.1001	1574100	1599.3	1599300	26.199951	26199	""osoba3""
""osoba3""		1575.3	1575300	1599.3	1599300	25.0	25000	""osoba3""
""osoba3""		1575.9	1575900	1599.3	1599300	24.400024	24400	""osoba3""
""osoba4""		1578.3	1578300	1578.6001	1578600	1.3000488	1300	""osoba4""
""osoba3""		1579.8	1579800	1599.3	1599300	20.5	20500	""osoba3""
""osoba3""		1580.7001	1580700	1599.3	1599300	19.599976	19599	""osoba3""
""osoba3""		1582.5001	1582500	1599.3	1599300	17.799927	17799	""osoba3""
""osoba3""		1586.1001	1586100	1599.3	1599300	14.199951	14199	""osoba3""
""osoba3""		1587.6001	1587600	1599.3	1599300	12.699951	12699	""osoba3""
""osoba3""		1588.2001	1588200	1599.3	1599300	12.099976	12099	""osoba3""
""osoba3""		1591.2001	1591200	1599.3	1599300	9.099976	9099	""osoba3""
""osoba2""		1593.6001	1593600	1595.1001	1595100	2.5	2500	""osoba2""
""osoba3""		1596.6001	1596600	1599.3	1599300	3.6999512	3699	""osoba3""
""osoba1""		1598.1001	1598100	1598.1001	1598100	1.0	1000	""osoba1""
""osoba4""		1598.4	1598400	1601.1001	1601100	3.7000732	3700	""osoba4""
""osoba2""		1598.7001	1598700	1602.0001	1602000	4.300049	4300	""osoba2""
""osoba4""		1605.3	1605300	1620.3	1620300	16.0	16000	""osoba4""
""osoba4""		1606.5001	1606500	1620.3	1620300	14.799927	14799	""osoba4""
""osoba4""		1607.1001	1607100	1620.3	1620300	14.199951	14199	""osoba4""
""osoba4""		1608.6001	1608600	1620.3	1620300	12.699951	12699	""osoba4""
""osoba4""		1610.1001	1610100	1620.3	1620300	11.199951	11199	""osoba4""
""osoba4""		1611.6001	1611600	1620.3	1620300	9.699951	9699	""osoba4""
""osoba4""		1612.2001	1612200	1620.3	1620300	9.099976	9099	""osoba4""
""osoba4""		1613.4	1613400	1620.3	1620300	7.9000244	7900	""osoba4""
""osoba3""		1615.8	1615800	1616.1001	1616100	1.3000488	1300	""osoba3""
""osoba4""		1617.3	1617300	1620.3	1620300	4.0	4000	""osoba4""
