"default"		0.0	0	1.0	1000	1.0	1000	BEGIN
"default"		1620.3	1620300	1620.31	1621300	1.0	1000	END
""osoba4""		6.9	6900	12.3	12300	6.4	6400	""osoba4""
""osoba4""		8.1	8100	12.3	12300	5.2	5200	""osoba4""
""osoba3""		9.6	9600	39.0	39000	30.4	30400	""osoba3""
""osoba4""		12.0	12000	12.3	12300	1.3000002	1300	""osoba4""
""osoba3""		14.1	14100	39.0	39000	25.9	25900	""osoba3""
""osoba3""		15.3	15300	39.0	39000	24.7	24700	""osoba3""
""osoba3""		16.2	16200	39.0	39000	23.8	23800	""osoba3""
""osoba3""		17.400002	17400	39.0	39000	22.599998	22599	""osoba3""
""osoba3""		19.2	19200	39.0	39000	20.8	20800	""osoba3""
""osoba3""		22.2	22200	39.0	39000	17.8	17800	""osoba3""
""osoba3""		27.300001	27300	39.0	39000	12.699999	12699	""osoba3""
""osoba4""		30.000002	30000	30.000002	30000	1.0	1000	""osoba4""
""osoba3""		30.900002	30900	39.0	39000	9.099998	9099	""osoba3""
""osoba2""		31.2	31200	32.4	32400	2.2000008	2200	""osoba2""
""osoba4""		32.100002	32100	32.4	32400	1.2999992	1299	""osoba4""
""osoba4""		35.100002	35100	35.100002	35100	1.0	1000	""osoba4""
""osoba2""		36.0	36000	36.9	36900	1.9000015	1900	""osoba2""
""osoba3""		36.0	36000	39.0	39000	4.0	4000	""osoba3""
""osoba1""		38.7	38700	39.9	39900	2.2000008	2200	""osoba1""
""osoba3""		45.0	45000	82.8	82800	38.800003	38800	""osoba3""
""osoba3""		48.9	48900	82.8	82800	34.9	34900	""osoba3""
""osoba3""		49.800003	49800	82.8	82800	34.0	34000	""osoba3""
""osoba4""		56.4	56400	60.000004	60000	4.6000023	4600	""osoba4""
""osoba3""		57.300003	57300	82.8	82800	26.5	26500	""osoba3""
""osoba4""		58.800003	58800	60.000004	60000	2.2000008	2200	""osoba4""
""osoba3""		59.100002	59100	82.8	82800	24.7	24700	""osoba3""
""osoba3""		61.2	61200	82.8	82800	22.600002	22600	""osoba3""
""osoba3""		62.100002	62100	82.8	82800	21.7	21700	""osoba3""
""osoba3""		63.600002	63600	82.8	82800	20.2	20200	""osoba3""
""osoba3""		64.5	64500	82.8	82800	19.300003	19300	""osoba3""
""osoba3""		66.600006	66600	82.8	82800	17.199997	17199	""osoba3""
""osoba3""		67.200005	67200	82.8	82800	16.599998	16599	""osoba3""
""osoba3""		68.4	68400	82.8	82800	15.400002	15400	""osoba3""
""osoba2""		68.700005	68700	68.700005	68700	1.0	1000	""osoba2""
""osoba4""		69.0	69000	70.8	70800	2.800003	2800	""osoba4""
""osoba4""		70.8	70800	70.8	70800	1.0	1000	""osoba4""
""osoba3""		71.4	71400	82.8	82800	12.400002	12400	""osoba3""
""osoba3""		74.4	74400	82.8	82800	9.400002	9400	""osoba3""
""osoba3""		77.100006	77100	82.8	82800	6.699997	6699	""osoba3""
""osoba3""		78.600006	78600	82.8	82800	5.199997	5199	""osoba3""
""osoba3""		79.200005	79200	82.8	82800	4.5999985	4599	""osoba3""
""osoba2""		82.200005	82200	82.8	82800	1.5999985	1599	""osoba2""
""osoba3""		82.8	82800	82.8	82800	1.0	1000	""osoba3""
""osoba3""		84.9	84900	94.8	94800	10.900002	10900	""osoba3""
""osoba2""		86.4	86400	87.3	87300	1.9000015	1900	""osoba2""
""osoba3""		88.5	88500	94.8	94800	7.300003	7300	""osoba3""
""osoba3""		89.700005	89700	94.8	94800	6.0999985	6099	""osoba3""
""osoba3""		90.3	90300	94.8	94800	5.5	5500	""osoba3""
""osoba3""		91.5	91500	94.8	94800	4.300003	4300	""osoba3""
""osoba3""		92.100006	92100	94.8	94800	3.699997	3699	""osoba3""
""osoba4""		94.200005	94200	94.200005	94200	1.0	1000	""osoba4""
""osoba2""		95.100006	95100	96.3	96300	2.199997	2199	""osoba2""
""osoba1""		97.50001	97500	100.50001	100500	4.0	4000	""osoba1""
""osoba4""		98.4	98400	98.700005	98700	1.300003	1300	""osoba4""
""osoba3""		102.00001	102000	142.8	142800	41.799995	41799	""osoba3""
""osoba3""		104.700005	104700	142.8	142800	39.1	39100	""osoba3""
""osoba3""		108.9	108900	142.8	142800	34.9	34900	""osoba3""
""osoba3""		113.700005	113700	142.8	142800	30.099998	30099	""osoba3""
""osoba3""		114.9	114900	142.8	142800	28.900002	28900	""osoba3""
""osoba3""		117.600006	117600	142.8	142800	26.199997	26199	""osoba3""
""osoba3""		118.50001	118500	142.8	142800	25.299995	25299	""osoba3""
""osoba3""		119.4	119400	142.8	142800	24.400002	24400	""osoba3""
""osoba3""		121.200005	121200	142.8	142800	22.599998	22599	""osoba3""
""osoba3""		123.600006	123600	142.8	142800	20.199997	20199	""osoba3""
""osoba3""		125.100006	125100	142.8	142800	18.699997	18699	""osoba3""
""osoba3""		126.00001	126000	142.8	142800	17.799995	17799	""osoba3""
""osoba3""		126.600006	126600	142.8	142800	17.199997	17199	""osoba3""
""osoba2""		127.50001	127500	129.6	129600	3.0999985	3099	""osoba2""
""osoba3""		127.8	127800	142.8	142800	16.0	16000	""osoba3""
""osoba4""		129.0	129000	131.1	131100	3.100006	3100	""osoba4""
""osoba3""		130.20001	130200	142.8	142800	13.599991	13599	""osoba3""
""osoba3""		131.70001	131700	142.8	142800	12.099991	12099	""osoba3""
""osoba3""		133.8	133800	142.8	142800	10.0	10000	""osoba3""
""osoba3""		136.20001	136200	142.8	142800	7.599991	7599	""osoba3""
""osoba3""		136.8	136800	142.8	142800	7.0	7000	""osoba3""
""osoba3""		139.5	139500	142.8	142800	4.300003	4300	""osoba3""
""osoba2""		139.8	139800	142.5	142500	3.699997	3699	""osoba2""
""osoba1""		141.3	141300	146.40001	146400	6.100006	6100	""osoba1""
""osoba3""		142.20001	142200	142.8	142800	1.5999908	1599	""osoba3""
""osoba4""		142.20001	142200	145.5	145500	4.299988	4299	""osoba4""
""osoba2""		142.5	142500	142.5	142500	1.0	1000	""osoba2""
""osoba4""		145.20001	145200	145.5	145500	1.2999878	1299	""osoba4""
""osoba3""		153.0	153000	155.40001	155400	3.4000092	3400	""osoba3""
""osoba1""		156.0	156000	159.3	159300	4.300003	4300	""osoba1""
""osoba3""		160.5	160500	193.50002	193500	34.000015	34000	""osoba3""
""osoba3""		164.70001	164700	193.50002	193500	29.800003	29800	""osoba3""
""osoba3""		168.90001	168900	193.50002	193500	25.600006	25600	""osoba3""
""osoba3""		174.3	174300	193.50002	193500	20.200012	20200	""osoba3""
""osoba3""		176.1	176100	193.50002	193500	18.40001	18400	""osoba3""
""osoba3""		179.70001	179700	193.50002	193500	14.800003	14800	""osoba3""
""osoba2""		180.3	180300	181.8	181800	2.5	2500	""osoba2""
""osoba3""		180.6	180600	193.50002	193500	13.900009	13900	""osoba3""
""osoba3""		181.5	181500	193.50002	193500	13.000015	13000	""osoba3""
""osoba4""		181.8	181800	183.0	183000	2.199997	2199	""osoba4""
""osoba1""		182.1	182100	182.70001	182700	1.6000061	1600	""osoba1""
""osoba3""		184.8	184800	193.50002	193500	9.700012	9700	""osoba3""
""osoba3""		187.5	187500	193.50002	193500	7.0000153	7000	""osoba3""
""osoba1""		187.8	187800	187.8	187800	1.0	1000	""osoba1""
""osoba3""		189.0	189000	193.50002	193500	5.5000153	5500	""osoba3""
""osoba2""		189.3	189300	190.5	190500	2.199997	2199	""osoba2""
""osoba1""		193.8	193800	194.1	194100	1.300003	1300	""osoba1""
""osoba3""		196.20001	196200	219.6	219600	24.399994	24399	""osoba3""
""osoba4""		199.8	199800	200.1	200100	1.300003	1300	""osoba4""
""osoba3""		201.90001	201900	219.6	219600	18.699997	18699	""osoba3""
""osoba3""		205.8	205800	219.6	219600	14.800003	14800	""osoba3""
""osoba3""		208.8	208800	219.6	219600	11.800003	11800	""osoba3""
""osoba3""		210.90001	210900	219.6	219600	9.699997	9699	""osoba3""
""osoba3""		211.8	211800	219.6	219600	8.800003	8800	""osoba3""
""osoba1""		212.40001	212400	212.70001	212700	1.300003	1300	""osoba1""
""osoba3""		212.40001	212400	219.6	219600	8.199997	8199	""osoba3""
""osoba3""		216.00002	216000	219.6	219600	4.599991	4599	""osoba3""
""osoba1""		217.50002	217500	217.50002	217500	1.0	1000	""osoba1""
""osoba3""		218.1	218100	219.6	219600	2.5	2500	""osoba3""
""osoba3""		218.70001	218700	219.6	219600	1.8999939	1899	""osoba3""
""osoba3""		219.3	219300	219.6	219600	1.300003	1300	""osoba3""
""osoba4""		219.90001	219900	220.20001	220200	1.300003	1300	""osoba4""
""osoba2""		220.50002	220500	220.8	220800	1.2999878	1299	""osoba2""
""osoba3""		224.40001	224400	236.40001	236400	13.0	13000	""osoba3""
""osoba2""		224.70001	224700	225.3	225300	1.5999908	1599	""osoba2""
""osoba3""		229.8	229800	236.40001	236400	7.600006	7600	""osoba3""
""osoba3""		230.70001	230700	236.40001	236400	6.699997	6699	""osoba3""
""osoba4""		231.6	231600	233.1	233100	2.5	2500	""osoba4""
""osoba4""		232.50002	232500	233.1	233100	1.5999908	1599	""osoba4""
""osoba3""		232.8	232800	236.40001	236400	4.600006	4600	""osoba3""
""osoba3""		234.00002	234000	236.40001	236400	3.399994	3399	""osoba3""
""osoba3""		234.90001	234900	236.40001	236400	2.5	2500	""osoba3""
""osoba3""		235.50002	235500	236.40001	236400	1.8999939	1899	""osoba3""
""osoba2""		236.70001	236700	237.3	237300	1.5999908	1599	""osoba2""
""osoba3""		238.8	238800	238.8	238800	1.0	1000	""osoba3""
""osoba3""		242.40001	242400	267.0	267000	25.59999	25599	""osoba3""
""osoba3""		243.3	243300	267.0	267000	24.699997	24699	""osoba3""
""osoba3""		244.8	244800	267.0	267000	23.199997	23199	""osoba3""
""osoba3""		245.70001	245700	267.0	267000	22.299988	22299	""osoba3""
""osoba3""		247.20001	247200	267.0	267000	20.799988	20799	""osoba3""
""osoba3""		248.70001	248700	267.0	267000	19.299988	19299	""osoba3""
""osoba3""		249.3	249300	267.0	267000	18.699997	18699	""osoba3""
""osoba4""		249.90001	249900	250.8	250800	1.8999939	1899	""osoba4""
""osoba3""		251.70001	251700	267.0	267000	16.299988	16299	""osoba3""
""osoba3""		252.3	252300	267.0	267000	15.699997	15699	""osoba3""
""osoba3""		253.50002	253500	267.0	267000	14.499985	14499	""osoba3""
""osoba3""		254.70001	254700	267.0	267000	13.299988	13299	""osoba3""
""osoba3""		255.6	255600	267.0	267000	12.399994	12399	""osoba3""
""osoba3""		257.40002	257400	267.0	267000	10.599976	10599	""osoba3""
""osoba3""		258.30002	258300	267.0	267000	9.699982	9699	""osoba3""
""osoba3""		259.2	259200	267.0	267000	8.799988	8799	""osoba3""
""osoba4""		259.5	259500	259.5	259500	1.0	1000	""osoba4""
""osoba3""		260.1	260100	267.0	267000	7.899994	7899	""osoba3""
""osoba3""		261.6	261600	267.0	267000	6.399994	6399	""osoba3""
""osoba3""		262.5	262500	267.0	267000	5.5	5500	""osoba3""
""osoba3""		263.40002	263400	267.0	267000	4.5999756	4599	""osoba3""
""osoba1""		266.7	266700	267.30002	267300	1.6000061	1600	""osoba1""
""osoba3""		271.5	271500	312.30002	312300	41.80002	41800	""osoba3""
""osoba3""		272.40002	272400	312.30002	312300	40.899994	40899	""osoba3""
""osoba1""		274.5	274500	275.1	275100	1.6000061	1600	""osoba1""
""osoba3""		276.90002	276900	312.30002	312300	36.399994	36399	""osoba3""
""osoba3""		277.80002	277800	312.30002	312300	35.5	35500	""osoba3""
""osoba3""		279.30002	279300	312.30002	312300	34.0	34000	""osoba3""
""osoba3""		280.5	280500	312.30002	312300	32.80002	32800	""osoba3""
""osoba3""		284.1	284100	312.30002	312300	29.200012	29200	""osoba3""
""osoba3""		284.7	284700	312.30002	312300	28.600006	28600	""osoba3""
""osoba3""		287.40002	287400	312.30002	312300	25.899994	25899	""osoba3""
""osoba3""		288.90002	288900	312.30002	312300	24.399994	24399	""osoba3""
""osoba3""		289.5	289500	312.30002	312300	23.800018	23800	""osoba3""
""osoba2""		293.7	293700	295.5	295500	2.7999878	2799	""osoba2""
""osoba4""		294.30002	294300	296.7	296700	3.399994	3399	""osoba4""
""osoba3""		297.6	297600	312.30002	312300	15.700012	15700	""osoba3""
""osoba3""		301.2	301200	312.30002	312300	12.100006	12100	""osoba3""
""osoba3""		301.80002	301800	312.30002	312300	11.5	11500	""osoba3""
""osoba3""		303.6	303600	312.30002	312300	9.700012	9700	""osoba3""
""osoba3""		304.80002	304800	312.30002	312300	8.5	8500	""osoba3""
""osoba3""		306.0	306000	312.30002	312300	7.3000183	7300	""osoba3""
""osoba3""		306.90002	306900	312.30002	312300	6.399994	6399	""osoba3""
""osoba4""		311.1	311100	321.6	321600	11.5	11500	""osoba4""
""osoba4""		314.7	314700	321.6	321600	7.899994	7899	""osoba4""
""osoba4""		317.40002	317400	321.6	321600	5.1999817	5199	""osoba4""
""osoba4""		319.5	319500	321.6	321600	3.100006	3100	""osoba4""
""osoba4""		320.1	320100	321.6	321600	2.5	2500	""osoba4""
""osoba4""		321.0	321000	321.6	321600	1.6000061	1600	""osoba4""
""osoba2""		321.6	321600	322.80002	322800	2.2000122	2200	""osoba2""
""osoba1""		322.80002	322800	327.6	327600	5.799988	5799	""osoba1""
""osoba4""		326.40002	326400	327.0	327000	1.5999756	1599	""osoba4""
""osoba3""		335.7	335700	360.0	360000	25.299988	25299	""osoba3""
""osoba4""		336.6	336600	336.90002	336900	1.3000183	1300	""osoba4""
""osoba3""		338.40002	338400	360.0	360000	22.599976	22599	""osoba3""
""osoba3""		340.2	340200	360.0	360000	20.799988	20799	""osoba3""
""osoba3""		343.2	343200	360.0	360000	17.799988	17799	""osoba3""
""osoba3""		345.90002	345900	360.0	360000	15.099976	15099	""osoba3""
""osoba3""		346.80002	346800	360.0	360000	14.199982	14199	""osoba3""
""osoba3""		347.40002	347400	360.0	360000	13.599976	13599	""osoba3""
""osoba3""		352.80002	352800	360.0	360000	8.199982	8199	""osoba3""
""osoba2""		354.6	354600	355.5	355500	1.8999939	1899	""osoba2""
""osoba3""		357.30002	357300	360.0	360000	3.6999817	3699	""osoba3""
""osoba3""		358.5	358500	360.0	360000	2.5	2500	""osoba3""
""osoba4""		359.7	359700	366.6	366600	7.899994	7899	""osoba4""
""osoba4""		363.6	363600	366.6	366600	4.0	4000	""osoba4""
""osoba3""		364.2	364200	392.1	392100	28.899994	28899	""osoba3""
""osoba4""		364.2	364200	366.6	366600	3.399994	3399	""osoba4""
""osoba4""		366.30002	366300	366.6	366600	1.2999878	1299	""osoba4""
""osoba3""		370.80002	370800	392.1	392100	22.299988	22299	""osoba3""
""osoba3""		372.90002	372900	392.1	392100	20.199982	20199	""osoba3""
""osoba4""		374.1	374100	374.1	374100	1.0	1000	""osoba4""
""osoba3""		377.1	377100	392.1	392100	16.0	16000	""osoba3""
""osoba4""		379.80002	379800	380.7	380700	1.8999939	1899	""osoba4""
""osoba4""		380.7	380700	380.7	380700	1.0	1000	""osoba4""
""osoba1""		384.0	384000	384.30002	384300	1.3000183	1300	""osoba1""
""osoba3""		384.0	384000	392.1	392100	9.100006	9100	""osoba3""
""osoba3""		385.2	385200	392.1	392100	7.899994	7899	""osoba3""
""osoba4""		385.50003	385500	385.50003	385500	1.0	1000	""osoba4""
""osoba3""		387.90002	387900	392.1	392100	5.1999817	5199	""osoba3""
""osoba3""		388.80002	388800	392.1	392100	4.299988	4299	""osoba3""
""osoba4""		391.50003	391500	402.6	402600	12.099976	12099	""osoba4""
""osoba3""		391.80002	391800	392.1	392100	1.2999878	1299	""osoba3""
""osoba4""		395.7	395700	402.6	402600	7.899994	7899	""osoba4""
""osoba4""		397.2	397200	402.6	402600	6.399994	6399	""osoba4""
""osoba4""		399.00003	399000	402.6	402600	4.5999756	4599	""osoba4""
""osoba1""		400.50003	400500	405.90002	405900	6.399994	6399	""osoba1""
""osoba4""		400.50003	400500	402.6	402600	3.0999756	3099	""osoba4""
""osoba2""		401.40002	401400	404.1	404100	3.6999817	3699	""osoba2""
""osoba1""		402.90002	402900	405.90002	405900	4.0	4000	""osoba1""
""osoba3""		413.1	413100	427.50003	427500	15.400024	15400	""osoba3""
""osoba3""		414.30002	414300	427.50003	427500	14.200012	14200	""osoba3""
""osoba4""		415.50003	415500	416.7	416700	2.1999817	2199	""osoba4""
""osoba3""		417.90002	417900	427.50003	427500	10.600006	10600	""osoba3""
""osoba3""		419.40002	419400	427.50003	427500	9.100006	9100	""osoba3""
""osoba2""		423.90002	423900	423.90002	423900	1.0	1000	""osoba2""
""osoba3""		424.80002	424800	427.50003	427500	3.7000122	3700	""osoba3""
""osoba3""		426.6	426600	427.50003	427500	1.9000244	1900	""osoba3""
""osoba4""		426.6	426600	450.30002	450300	24.700012	24700	""osoba4""
""osoba4""		428.7	428700	450.30002	450300	22.600006	22600	""osoba4""
""osoba4""		429.90002	429900	450.30002	450300	21.399994	21399	""osoba4""
""osoba4""		432.90002	432900	450.30002	450300	18.399994	18399	""osoba4""
""osoba4""		433.80002	433800	450.30002	450300	17.5	17500	""osoba4""
""osoba4""		434.40002	434400	450.30002	450300	16.899994	16899	""osoba4""
""osoba4""		435.30002	435300	450.30002	450300	16.0	16000	""osoba4""
""osoba4""		438.6	438600	450.30002	450300	12.700012	12700	""osoba4""
""osoba4""		444.90002	444900	450.30002	450300	6.399994	6399	""osoba4""
""osoba4""		445.50003	445500	450.30002	450300	5.799988	5799	""osoba4""
""osoba2""		448.50003	448500	449.40002	449400	1.8999939	1899	""osoba2""
""osoba1""		450.00003	450000	451.80002	451800	2.7999878	2799	""osoba1""
""osoba4""		450.30002	450300	450.30002	450300	1.0	1000	""osoba4""
""osoba3""		450.6	450600	476.1	476100	26.5	26500	""osoba3""
""osoba3""		456.6	456600	476.1	476100	20.5	20500	""osoba3""
""osoba3""		457.80002	457800	476.1	476100	19.299988	19299	""osoba3""
""osoba3""		459.00003	459000	476.1	476100	18.099976	18099	""osoba3""
""osoba1""		459.30002	459300	459.30002	459300	1.0	1000	""osoba1""
""osoba3""		460.80002	460800	476.1	476100	16.299988	16299	""osoba3""
""osoba3""		462.6	462600	476.1	476100	14.5	14500	""osoba3""
""osoba3""		465.90002	465900	476.1	476100	11.199982	11199	""osoba3""
""osoba1""		468.90002	468900	471.30002	471300	3.399994	3399	""osoba1""
""osoba4""		474.90002	474900	495.90002	495900	22.0	22000	""osoba4""
""osoba2""		478.2	478200	478.2	478200	1.0	1000	""osoba2""
""osoba3""		478.50003	478500	481.50003	481500	4.0	4000	""osoba3""
""osoba4""		479.40002	479400	495.90002	495900	17.5	17500	""osoba4""
""osoba3""		481.50003	481500	481.50003	481500	1.0	1000	""osoba3""
""osoba4""		481.80002	481800	495.90002	495900	15.100006	15100	""osoba4""
""osoba4""		485.40002	485400	495.90002	495900	11.5	11500	""osoba4""
""osoba4""		486.6	486600	495.90002	495900	10.300018	10300	""osoba4""
""osoba4""		487.80002	487800	495.90002	495900	9.100006	9100	""osoba4""
""osoba4""		488.7	488700	495.90002	495900	8.200012	8200	""osoba4""
""osoba2""		489.00003	489000	492.90002	492900	4.899994	4899	""osoba2""
""osoba3""		489.30002	489300	491.1	491100	2.7999878	2799	""osoba3""
""osoba4""		489.6	489600	495.90002	495900	7.3000183	7300	""osoba4""
""osoba2""		495.00003	495000	497.40002	497400	3.399994	3399	""osoba2""
""osoba4""		495.30002	495300	495.90002	495900	1.6000061	1600	""osoba4""
""osoba3""		495.90002	495900	496.50003	496500	1.6000061	1600	""osoba3""
""osoba3""		502.50003	502500	509.7	509700	8.199982	8199	""osoba3""
""osoba3""		505.50003	505500	509.7	509700	5.1999817	5199	""osoba3""
""osoba2""		507.30002	507300	513.60004	513600	7.3000183	7300	""osoba2""
""osoba3""		508.50003	508500	509.7	509700	2.1999817	2199	""osoba3""
""osoba2""		509.1	509100	513.60004	513600	5.5000305	5500	""osoba2""
""osoba3""		509.1	509100	509.7	509700	1.6000061	1600	""osoba3""
""osoba3""		512.10004	512100	512.10004	512100	1.0	1000	""osoba3""
""osoba3""		514.80005	514800	517.80005	517800	4.0	4000	""osoba3""
""osoba4""		515.4	515400	531.0	531000	16.599976	16599	""osoba4""
""osoba3""		516.60004	516600	517.80005	517800	2.2000122	2200	""osoba3""
""osoba4""		518.7	518700	531.0	531000	13.299988	13299	""osoba4""
""osoba4""		519.9	519900	531.0	531000	12.099976	12099	""osoba4""
""osoba4""		521.10004	521100	531.0	531000	10.899963	10899	""osoba4""
""osoba4""		522.0	522000	531.0	531000	10.0	10000	""osoba4""
""osoba4""		525.30005	525300	531.0	531000	6.699951	6699	""osoba4""
""osoba4""		527.10004	527100	531.0	531000	4.8999634	4899	""osoba4""
""osoba4""		528.30005	528300	531.0	531000	3.6999512	3699	""osoba4""
""osoba4""		529.5	529500	531.0	531000	2.5	2500	""osoba4""
""osoba4""		530.10004	530100	531.0	531000	1.8999634	1899	""osoba4""
""osoba3""		531.30005	531300	532.2	532200	1.8999634	1899	""osoba3""
""osoba1""		532.5	532500	533.7	533700	2.2000122	2200	""osoba1""
""osoba3""		538.2	538200	541.5	541500	4.299988	4299	""osoba3""
""osoba4""		538.80005	538800	539.10004	539100	1.2999878	1299	""osoba4""
""osoba2""		539.4	539400	540.30005	540300	1.9000244	1900	""osoba2""
""osoba4""		542.10004	542100	552.0	552000	10.899963	10899	""osoba4""
""osoba4""		543.30005	543300	552.0	552000	9.699951	9699	""osoba4""
""osoba4""		546.60004	546600	552.0	552000	6.3999634	6399	""osoba4""
""osoba1""		547.5	547500	547.80005	547800	1.3000488	1300	""osoba1""
""osoba4""		548.7	548700	552.0	552000	4.299988	4299	""osoba4""
""osoba4""		550.2	550200	552.0	552000	2.7999878	2799	""osoba4""
""osoba3""		551.4	551400	574.5	574500	24.099976	24099	""osoba3""
""osoba3""		553.5	553500	574.5	574500	22.0	22000	""osoba3""
""osoba3""		557.4	557400	574.5	574500	18.099976	18099	""osoba3""
""osoba3""		560.7	560700	574.5	574500	14.799988	14799	""osoba3""
""osoba3""		562.80005	562800	574.5	574500	12.699951	12699	""osoba3""
""osoba4""		564.9	564900	566.4	566400	2.5	2500	""osoba4""
""osoba4""		565.80005	565800	566.4	566400	1.5999756	1599	""osoba4""
""osoba3""		566.10004	566100	574.5	574500	9.399963	9399	""osoba3""
""osoba3""		567.0	567000	574.5	574500	8.5	8500	""osoba3""
""osoba3""		567.60004	567600	574.5	574500	7.8999634	7899	""osoba3""
""osoba3""		568.2	568200	574.5	574500	7.299988	7299	""osoba3""
""osoba3""		569.10004	569100	574.5	574500	6.3999634	6399	""osoba3""
""osoba3""		570.30005	570300	574.5	574500	5.199951	5199	""osoba3""
""osoba3""		573.9	573900	574.5	574500	1.5999756	1599	""osoba3""
""osoba4""		574.2	574200	591.9	591900	18.700012	18700	""osoba4""
""osoba4""		576.30005	576300	591.9	591900	16.599976	16599	""osoba4""
""osoba4""		576.9	576900	591.9	591900	16.0	16000	""osoba4""
""osoba4""		578.10004	578100	591.9	591900	14.799988	14799	""osoba4""
""osoba4""		579.9	579900	591.9	591900	13.0	13000	""osoba4""
""osoba4""		581.7	581700	591.9	591900	11.200012	11200	""osoba4""
""osoba4""		583.5	583500	591.9	591900	9.400024	9400	""osoba4""
""osoba1""		583.80005	583800	584.7	584700	1.8999634	1899	""osoba1""
""osoba4""		585.9	585900	591.9	591900	7.0	7000	""osoba4""
""osoba4""		588.0	588000	591.9	591900	4.9000244	4900	""osoba4""
""osoba4""		591.0	591000	591.9	591900	1.9000244	1900	""osoba4""
""osoba3""		592.2	592200	600.9	600900	9.700012	9700	""osoba3""
""osoba3""		593.4	593400	600.9	600900	8.5	8500	""osoba3""
""osoba3""		595.2	595200	600.9	600900	6.700012	6700	""osoba3""
""osoba3""		595.80005	595800	600.9	600900	6.0999756	6099	""osoba3""
""osoba3""		598.5	598500	600.9	600900	3.4000244	3400	""osoba3""
""osoba4""		599.4	599400	602.4	602400	4.0	4000	""osoba4""
""osoba2""		601.80005	601800	603.0	603000	2.1999512	2199	""osoba2""
""osoba4""		609.60004	609600	631.80005	631800	23.200012	23200	""osoba4""
""osoba4""		610.2	610200	631.80005	631800	22.600037	22600	""osoba4""
""osoba4""		611.7	611700	631.80005	631800	21.100037	21100	""osoba4""
""osoba4""		612.60004	612600	631.80005	631800	20.200012	20200	""osoba4""
""osoba3""		615.60004	615600	615.9	615900	1.2999878	1299	""osoba3""
""osoba2""		620.4	620400	623.10004	623100	3.7000122	3700	""osoba2""
""osoba4""		620.4	620400	631.80005	631800	12.400024	12400	""osoba4""
""osoba1""		622.80005	622800	623.4	623400	1.5999756	1599	""osoba1""
""osoba4""		623.10004	623100	631.80005	631800	9.700012	9700	""osoba4""
""osoba4""		625.5	625500	631.80005	631800	7.300049	7300	""osoba4""
""osoba4""		629.10004	629100	631.80005	631800	3.7000122	3700	""osoba4""
""osoba2""		631.5	631500	634.2	634200	3.7000122	3700	""osoba2""
""osoba3""		634.2	634200	638.10004	638100	4.9000244	4900	""osoba3""
""osoba1""		635.4	635400	638.7	638700	4.299988	4299	""osoba1""
""osoba3""		643.5	643500	649.80005	649800	7.300049	7300	""osoba3""
""osoba2""		644.10004	644100	645.60004	645600	2.5	2500	""osoba2""
""osoba3""		646.5	646500	649.80005	649800	4.300049	4300	""osoba3""
""osoba3""		647.4	647400	649.80005	649800	3.4000244	3400	""osoba3""
""osoba3""		648.0	648000	649.80005	649800	2.8000488	2800	""osoba3""
""osoba3""		649.2	649200	649.80005	649800	1.6000366	1600	""osoba3""
""osoba1""		649.5	649500	650.4	650400	1.9000244	1900	""osoba1""
""osoba3""		654.30005	654300	688.5	688500	35.19995	35199	""osoba3""
""osoba3""		656.7	656700	688.5	688500	32.799988	32799	""osoba3""
""osoba3""		657.30005	657300	688.5	688500	32.19995	32199	""osoba3""
""osoba3""		658.2	658200	688.5	688500	31.299988	31299	""osoba3""
""osoba3""		662.10004	662100	688.5	688500	27.399963	27399	""osoba3""
""osoba2""		663.60004	663600	664.2	664200	1.5999756	1599	""osoba2""
""osoba3""		665.7	665700	688.5	688500	23.799988	23799	""osoba3""
""osoba3""		668.7	668700	688.5	688500	20.799988	20799	""osoba3""
""osoba3""		669.30005	669300	688.5	688500	20.199951	20199	""osoba3""
""osoba4""		674.7	674700	677.4	677400	3.7000122	3700	""osoba4""
""osoba2""		676.2	676200	677.7	677700	2.5	2500	""osoba2""
""osoba3""		678.9	678900	688.5	688500	10.599976	10599	""osoba3""
""osoba3""		681.30005	681300	688.5	688500	8.199951	8199	""osoba3""
""osoba3""		681.9	681900	688.5	688500	7.5999756	7599	""osoba3""
""osoba3""		684.9	684900	688.5	688500	4.5999756	4599	""osoba3""
""osoba3""		685.5	685500	688.5	688500	4.0	4000	""osoba3""
""osoba1""		688.80005	688800	689.4	689400	1.5999756	1599	""osoba1""
""osoba4""		690.9	690900	706.2	706200	16.299988	16299	""osoba4""
""osoba4""		692.4	692400	706.2	706200	14.799988	14799	""osoba4""
""osoba4""		694.2	694200	706.2	706200	13.0	13000	""osoba4""
""osoba4""		694.80005	694800	706.2	706200	12.399963	12399	""osoba4""
""osoba4""		696.9	696900	706.2	706200	10.299988	10299	""osoba4""
""osoba4""		697.5	697500	706.2	706200	9.700012	9700	""osoba4""
""osoba4""		698.4	698400	706.2	706200	8.799988	8799	""osoba4""
""osoba4""		699.60004	699600	706.2	706200	7.5999756	7599	""osoba4""
""osoba4""		700.5	700500	706.2	706200	6.700012	6700	""osoba4""
""osoba4""		705.30005	705300	706.2	706200	1.8999634	1899	""osoba4""
""osoba1""		706.2	706200	710.10004	710100	4.9000244	4900	""osoba1""
""osoba3""		708.0	708000	708.30005	708300	1.3000488	1300	""osoba3""
""osoba4""		717.60004	717600	734.7	734700	18.099976	18099	""osoba4""
""osoba4""		719.10004	719100	734.7	734700	16.599976	16599	""osoba4""
""osoba4""		720.0	720000	734.7	734700	15.700012	15700	""osoba4""
""osoba4""		720.60004	720600	734.7	734700	15.099976	15099	""osoba4""
""osoba1""		720.9	720900	723.0	723000	3.0999756	3099	""osoba1""
""osoba2""		724.80005	724800	724.80005	724800	1.0	1000	""osoba2""
""osoba4""		727.2	727200	734.7	734700	8.5	8500	""osoba4""
""osoba4""		728.4	728400	734.7	734700	7.299988	7299	""osoba4""
""osoba4""		729.0	729000	734.7	734700	6.700012	6700	""osoba4""
""osoba4""		730.2	730200	734.7	734700	5.5	5500	""osoba4""
""osoba4""		732.60004	732600	734.7	734700	3.0999756	3099	""osoba4""
""osoba1""		733.80005	733800	735.0	735000	2.1999512	2199	""osoba1""
""osoba4""		734.10004	734100	734.7	734700	1.5999756	1599	""osoba4""
""osoba4""		741.30005	741300	757.2	757200	16.899963	16899	""osoba4""
""osoba4""		742.5	742500	757.2	757200	15.700012	15700	""osoba4""
""osoba4""		743.10004	743100	757.2	757200	15.099976	15099	""osoba4""
""osoba4""		751.80005	751800	757.2	757200	6.3999634	6399	""osoba4""
""osoba4""		754.5	754500	757.2	757200	3.7000122	3700	""osoba4""
""osoba4""		755.4	755400	757.2	757200	2.7999878	2799	""osoba4""
""osoba3""		756.9	756900	778.50006	778500	22.600037	22600	""osoba3""
""osoba3""		757.80005	757800	778.50006	778500	21.700012	21700	""osoba3""
""osoba3""		758.4	758400	778.50006	778500	21.100037	21100	""osoba3""
""osoba4""		759.30005	759300	760.80005	760800	2.5	2500	""osoba4""
""osoba4""		760.2	760200	760.80005	760800	1.6000366	1600	""osoba4""
""osoba3""		760.5	760500	778.50006	778500	19.000061	19000	""osoba3""
""osoba3""		764.4	764400	778.50006	778500	15.100037	15100	""osoba3""
""osoba3""		769.50006	769500	778.50006	778500	10.0	10000	""osoba3""
""osoba3""		770.10004	770100	778.50006	778500	9.400024	9400	""osoba3""
""osoba3""		771.00006	771000	778.50006	778500	8.5	8500	""osoba3""
""osoba3""		772.2	772200	778.50006	778500	7.300049	7300	""osoba3""
""osoba2""		774.00006	774000	778.80005	778800	5.799988	5799	""osoba2""
""osoba2""		777.9	777900	778.80005	778800	1.9000244	1900	""osoba2""
""osoba3""		777.9	777900	778.50006	778500	1.6000366	1600	""osoba3""
""osoba4""		780.00006	780000	789.30005	789300	10.299988	10299	""osoba4""
""osoba3""		783.9	783900	786.30005	786300	3.4000244	3400	""osoba3""
""osoba3""		784.80005	784800	786.30005	786300	2.5	2500	""osoba3""
""osoba4""		785.10004	785100	789.30005	789300	5.200012	5200	""osoba4""
""osoba4""		787.50006	787500	789.30005	789300	2.7999878	2799	""osoba4""
""osoba4""		788.4	788400	789.30005	789300	1.9000244	1900	""osoba4""
""osoba1""		789.00006	789000	791.4	791400	3.3999634	3399	""osoba1""
""osoba3""		795.30005	795300	810.00006	810000	15.700012	15700	""osoba3""
""osoba3""		795.9	795900	810.00006	810000	15.100037	15100	""osoba3""
""osoba2""		798.9	798900	804.00006	804000	6.1000366	6100	""osoba2""
""osoba3""		799.80005	799800	810.00006	810000	11.200012	11200	""osoba3""
""osoba4""		800.4	800400	802.50006	802500	3.1000366	3100	""osoba4""
""osoba3""		804.30005	804300	810.00006	810000	6.700012	6700	""osoba3""
""osoba3""		804.9	804900	810.00006	810000	6.1000366	6100	""osoba3""
""osoba3""		809.4	809400	810.00006	810000	1.6000366	1600	""osoba3""
""osoba4""		809.4	809400	813.60004	813600	5.200012	5200	""osoba4""
""osoba4""		811.50006	811500	813.60004	813600	3.0999756	3099	""osoba4""
""osoba4""		812.10004	812100	813.60004	813600	2.5	2500	""osoba4""
""osoba2""		813.00006	813000	814.80005	814800	2.7999878	2799	""osoba2""
""osoba4""		817.80005	817800	843.9	843900	27.099976	27099	""osoba4""
""osoba4""		820.80005	820800	843.9	843900	24.099976	24099	""osoba4""
""osoba4""		822.00006	822000	843.9	843900	22.899963	22899	""osoba4""
""osoba4""		824.10004	824100	843.9	843900	20.799988	20799	""osoba4""
""osoba3""		826.2	826200	826.2	826200	1.0	1000	""osoba3""
""osoba4""		828.9	828900	843.9	843900	16.0	16000	""osoba4""
""osoba4""		830.7	830700	843.9	843900	14.200012	14200	""osoba4""
""osoba4""		833.7	833700	843.9	843900	11.200012	11200	""osoba4""
""osoba4""		834.60004	834600	843.9	843900	10.299988	10299	""osoba4""
""osoba4""		835.50006	835500	843.9	843900	9.399963	9399	""osoba4""
""osoba4""		836.4	836400	843.9	843900	8.5	8500	""osoba4""
""osoba4""		837.60004	837600	843.9	843900	7.299988	7299	""osoba4""
""osoba4""		838.2	838200	843.9	843900	6.700012	6700	""osoba4""
""osoba4""		840.9	840900	843.9	843900	4.0	4000	""osoba4""
""osoba4""		841.50006	841500	843.9	843900	3.3999634	3399	""osoba4""
""osoba4""		842.10004	842100	843.9	843900	2.7999878	2799	""osoba4""
""osoba3""		843.60004	843600	861.30005	861300	18.700012	18700	""osoba3""
""osoba3""		845.10004	845100	861.30005	861300	17.200012	17200	""osoba3""
""osoba3""		846.30005	846300	861.30005	861300	16.0	16000	""osoba3""
""osoba3""		848.4	848400	861.30005	861300	13.900024	13900	""osoba3""
""osoba3""		849.9	849900	861.30005	861300	12.400024	12400	""osoba3""
""osoba3""		852.00006	852000	861.30005	861300	10.299988	10299	""osoba3""
""osoba2""		854.4	854400	855.30005	855300	1.9000244	1900	""osoba2""
""osoba3""		857.10004	857100	861.30005	861300	5.200012	5200	""osoba3""
""osoba3""		860.10004	860100	861.30005	861300	2.2000122	2200	""osoba3""
""osoba1""		861.00006	861000	861.9	861900	1.8999634	1899	""osoba1""
""osoba3""		861.30005	861300	861.30005	861300	1.0	1000	""osoba3""
""osoba1""		861.9	861900	861.9	861900	1.0	1000	""osoba1""
""osoba4""		861.9	861900	903.00006	903000	42.100037	42100	""osoba4""
""osoba4""		862.80005	862800	903.00006	903000	41.200012	41200	""osoba4""
""osoba4""		863.7	863700	903.00006	903000	40.30005	40300	""osoba4""
""osoba2""		864.00006	864000	865.50006	865500	2.5	2500	""osoba2""
""osoba2""		864.9	864900	865.50006	865500	1.6000366	1600	""osoba2""
""osoba4""		866.10004	866100	903.00006	903000	37.900024	37900	""osoba4""
""osoba4""		868.50006	868500	903.00006	903000	35.5	35500	""osoba4""
""osoba3""		869.4	869400	870.60004	870600	2.2000122	2200	""osoba3""
""osoba4""		869.4	869400	903.00006	903000	34.600037	34600	""osoba4""
""osoba4""		872.4	872400	903.00006	903000	31.600037	31600	""osoba4""
""osoba4""		873.30005	873300	903.00006	903000	30.700012	30700	""osoba4""
""osoba4""		873.9	873900	903.00006	903000	30.100037	30100	""osoba4""
""osoba4""		875.4	875400	903.00006	903000	28.600037	28600	""osoba4""
""osoba3""		877.50006	877500	877.50006	877500	1.0	1000	""osoba3""
""osoba4""		878.7	878700	903.00006	903000	25.300049	25300	""osoba4""
""osoba4""		881.10004	881100	903.00006	903000	22.900024	22900	""osoba4""
""osoba2""		881.4	881400	882.30005	882300	1.9000244	1900	""osoba2""
""osoba2""		882.30005	882300	882.30005	882300	1.0	1000	""osoba2""
""osoba4""		884.4	884400	903.00006	903000	19.600037	19600	""osoba4""
""osoba1""		885.30005	885300	885.30005	885300	1.0	1000	""osoba1""
""osoba4""		886.2	886200	903.00006	903000	17.800049	17800	""osoba4""
""osoba4""		887.4	887400	903.00006	903000	16.600037	16600	""osoba4""
""osoba3""		891.30005	891300	893.10004	893100	2.7999878	2799	""osoba3""
""osoba1""		891.9	891900	893.7	893700	2.7999878	2799	""osoba1""
""osoba4""		894.60004	894600	903.00006	903000	9.400024	9400	""osoba4""
""osoba4""		895.50006	895500	903.00006	903000	8.5	8500	""osoba4""
""osoba4""		896.10004	896100	903.00006	903000	7.9000244	7900	""osoba4""
""osoba3""		897.60004	897600	899.4	899400	2.7999878	2799	""osoba3""
""osoba4""		899.4	899400	903.00006	903000	4.6000366	4600	""osoba4""
""osoba1""		902.4	902400	903.00006	903000	1.6000366	1600	""osoba1""
""osoba4""		906.9	906900	929.4	929400	23.5	23500	""osoba4""
""osoba1""		908.10004	908100	908.10004	908100	1.0	1000	""osoba1""
""osoba4""		910.2	910200	929.4	929400	20.200012	20200	""osoba4""
""osoba4""		913.2	913200	929.4	929400	17.200012	17200	""osoba4""
""osoba3""		916.50006	916500	917.10004	917100	1.5999756	1599	""osoba3""
""osoba4""		918.00006	918000	929.4	929400	12.399963	12399	""osoba4""
""osoba1""		919.80005	919800	921.00006	921000	2.2000122	2200	""osoba1""
""osoba4""		925.50006	925500	929.4	929400	4.8999634	4899	""osoba4""
""osoba4""		926.10004	926100	929.4	929400	4.299988	4299	""osoba4""
""osoba3""		929.10004	929100	962.4	962400	34.299988	34299	""osoba3""
""osoba3""		931.2	931200	962.4	962400	32.200012	32200	""osoba3""
""osoba3""		932.7	932700	962.4	962400	30.700012	30700	""osoba3""
""osoba3""		933.60004	933600	962.4	962400	29.799988	29799	""osoba3""
""osoba3""		936.9	936900	962.4	962400	26.5	26500	""osoba3""
""osoba3""		941.10004	941100	962.4	962400	22.299988	22299	""osoba3""
""osoba3""		942.00006	942000	962.4	962400	21.399963	21399	""osoba3""
""osoba3""		943.80005	943800	962.4	962400	19.599976	19599	""osoba3""
""osoba3""		944.7	944700	962.4	962400	18.700012	18700	""osoba3""
""osoba3""		945.30005	945300	962.4	962400	18.099976	18099	""osoba3""
""osoba3""		946.2	946200	962.4	962400	17.200012	17200	""osoba3""
""osoba3""		946.80005	946800	962.4	962400	16.599976	16599	""osoba3""
""osoba3""		948.00006	948000	962.4	962400	15.399963	15399	""osoba3""
""osoba3""		950.10004	950100	962.4	962400	13.299988	13299	""osoba3""
""osoba3""		950.7	950700	962.4	962400	12.700012	12700	""osoba3""
""osoba3""		951.30005	951300	962.4	962400	12.099976	12099	""osoba3""
""osoba3""		952.80005	952800	962.4	962400	10.599976	10599	""osoba3""
""osoba3""		954.00006	954000	962.4	962400	9.399963	9399	""osoba3""
""osoba3""		955.50006	955500	962.4	962400	7.8999634	7899	""osoba3""
""osoba3""		956.4	956400	962.4	962400	7.0	7000	""osoba3""
""osoba3""		957.00006	957000	962.4	962400	6.3999634	6399	""osoba3""
""osoba3""		958.2	958200	962.4	962400	5.200012	5200	""osoba3""
""osoba3""		959.4	959400	962.4	962400	4.0	4000	""osoba3""
""osoba3""		960.60004	960600	962.4	962400	2.7999878	2799	""osoba3""
""osoba1""		962.7	962700	963.30005	963300	1.6000366	1600	""osoba1""
""osoba2""		963.00006	963000	966.60004	966600	4.5999756	4599	""osoba2""
""osoba4""		966.9	966900	968.10004	968100	2.2000122	2200	""osoba4""
""osoba4""		968.10004	968100	968.10004	968100	1.0	1000	""osoba4""
""osoba3""		968.4	968400	970.80005	970800	3.4000244	3400	""osoba3""
""osoba3""		969.9	969900	970.80005	970800	1.9000244	1900	""osoba3""
""osoba4""		970.80005	970800	978.60004	978600	8.799988	8799	""osoba4""
""osoba4""		972.30005	972300	978.60004	978600	7.299988	7299	""osoba4""
""osoba3""		974.7	974700	984.30005	984300	10.600037	10600	""osoba3""
""osoba3""		976.50006	976500	984.30005	984300	8.799988	8799	""osoba3""
""osoba3""		977.4	977400	984.30005	984300	7.9000244	7900	""osoba3""
""osoba4""		977.7	977700	978.60004	978600	1.9000244	1900	""osoba4""
""osoba3""		979.50006	979500	984.30005	984300	5.799988	5799	""osoba3""
""osoba2""		982.2	982200	982.2	982200	1.0	1000	""osoba2""
""osoba4""		982.2	982200	1013.10004	1013100	31.900024	31900	""osoba4""
""osoba4""		985.2	985200	1013.10004	1013100	28.900024	28900	""osoba4""
""osoba3""		986.7	986700	992.10004	992100	6.4000244	6400	""osoba3""
""osoba4""		988.2	988200	1013.10004	1013100	25.900024	25900	""osoba4""
""osoba3""		992.10004	992100	992.10004	992100	1.0	1000	""osoba3""
""osoba4""		992.10004	992100	1013.10004	1013100	22.0	22000	""osoba4""
""osoba4""		995.10004	995100	1013.10004	1013100	19.0	19000	""osoba4""
""osoba1""		998.10004	998100	998.10004	998100	1.0	1000	""osoba1""
""osoba4""		999.30005	999300	1013.10004	1013100	14.799988	14799	""osoba4""
""osoba4""		1004.10004	1004100	1013.10004	1013100	10.0	10000	""osoba4""
""osoba1""		1006.2	1006200	1006.50006	1006500	1.3000488	1300	""osoba1""
""osoba4""		1006.50006	1006500	1013.10004	1013100	7.5999756	7599	""osoba4""
""osoba2""		1009.50006	1009500	1010.10004	1010100	1.5999756	1599	""osoba2""
""osoba4""		1012.2	1012200	1013.10004	1013100	1.9000244	1900	""osoba4""
""osoba3""		1013.4	1013400	1026.3	1026300	13.900024	13900	""osoba3""
""osoba3""		1016.7	1016700	1026.3	1026300	10.600037	10600	""osoba3""
""osoba3""		1017.30005	1017300	1026.3	1026300	10.0	10000	""osoba3""
""osoba3""		1023.00006	1023000	1026.3	1026300	4.299988	4299	""osoba3""
""osoba3""		1024.8	1024800	1026.3	1026300	2.5	2500	""osoba3""
""osoba4""		1025.1001	1025100	1025.1001	1025100	1.0	1000	""osoba4""
""osoba2""		1025.4	1025400	1025.4	1025400	1.0	1000	""osoba2""
""osoba1""		1026.3	1026300	1031.1001	1031100	5.800049	5800	""osoba1""
""osoba3""		1026.3	1026300	1026.3	1026300	1.0	1000	""osoba3""
""osoba4""		1028.4	1028400	1053.9	1053900	26.5	26500	""osoba4""
""osoba4""		1035.3	1035300	1053.9	1053900	19.599976	19599	""osoba4""
""osoba4""		1037.4	1037400	1053.9	1053900	17.5	17500	""osoba4""
""osoba4""		1039.2001	1039200	1053.9	1053900	15.699951	15699	""osoba4""
""osoba4""		1042.2001	1042200	1053.9	1053900	12.699951	12699	""osoba4""
""osoba4""		1044.3	1044300	1053.9	1053900	10.599976	10599	""osoba4""
""osoba4""		1047.0	1047000	1053.9	1053900	7.9000244	7900	""osoba4""
""osoba4""		1047.9	1047900	1053.9	1053900	7.0	7000	""osoba4""
""osoba4""		1050.0	1050000	1053.9	1053900	4.9000244	4900	""osoba4""
""osoba4""		1050.6001	1050600	1053.9	1053900	4.2999268	4299	""osoba4""
""osoba4""		1051.8	1051800	1053.9	1053900	3.0999756	3099	""osoba4""
""osoba2""		1052.7001	1052700	1054.5	1054500	2.7999268	2799	""osoba2""
""osoba3""		1052.7001	1052700	1066.2001	1066200	14.5	14500	""osoba3""
""osoba3""		1055.4	1055400	1066.2001	1066200	11.800049	11800	""osoba3""
""osoba3""		1056.6001	1056600	1066.2001	1066200	10.599976	10599	""osoba3""
""osoba3""		1058.4	1058400	1066.2001	1066200	8.800049	8800	""osoba3""
""osoba3""		1059.0	1059000	1066.2001	1066200	8.200073	8200	""osoba3""
""osoba3""		1059.6001	1059600	1066.2001	1066200	7.5999756	7599	""osoba3""
""osoba3""		1060.2001	1060200	1066.2001	1066200	7.0	7000	""osoba3""
""osoba3""		1061.4	1061400	1066.2001	1066200	5.800049	5800	""osoba3""
""osoba3""		1063.2001	1063200	1066.2001	1066200	4.0	4000	""osoba3""
""osoba3""		1063.8	1063800	1066.2001	1066200	3.4000244	3400	""osoba3""
""osoba3""		1064.7001	1064700	1066.2001	1066200	2.5	2500	""osoba3""
""osoba4""		1066.5	1066500	1074.3	1074300	8.800049	8800	""osoba4""
""osoba4""		1072.2001	1072200	1074.3	1074300	3.0999756	3099	""osoba4""
""osoba3""		1072.5	1072500	1078.5	1078500	7.0	7000	""osoba3""
""osoba4""		1072.8	1072800	1074.3	1074300	2.5	2500	""osoba4""
""osoba3""		1075.2001	1075200	1078.5	1078500	4.2999268	4299	""osoba3""
""osoba3""		1076.4	1076400	1078.5	1078500	3.0999756	3099	""osoba3""
""osoba3""		1077.9	1077900	1078.5	1078500	1.5999756	1599	""osoba3""
""osoba1""		1078.8	1078800	1081.8	1081800	4.0	4000	""osoba1""
""osoba4""		1083.3	1083300	1097.4	1097400	15.099976	15099	""osoba4""
""osoba4""		1084.5	1084500	1097.4	1097400	13.900024	13900	""osoba4""
""osoba4""		1085.1001	1085100	1097.4	1097400	13.299927	13299	""osoba4""
""osoba4""		1086.6001	1086600	1097.4	1097400	11.799927	11799	""osoba4""
""osoba4""		1087.2001	1087200	1097.4	1097400	11.199951	11199	""osoba4""
""osoba4""		1090.2001	1090200	1097.4	1097400	8.199951	8199	""osoba4""
""osoba2""		1091.7001	1091700	1092.3	1092300	1.5999756	1599	""osoba2""
""osoba1""		1092.3	1092300	1094.4	1094400	3.0999756	3099	""osoba1""
""osoba4""		1093.5	1093500	1097.4	1097400	4.9000244	4900	""osoba4""
""osoba4""		1096.5	1096500	1097.4	1097400	1.9000244	1900	""osoba4""
""osoba3""		1097.4	1097400	1108.5	1108500	12.099976	12099	""osoba3""
""osoba3""		1098.6001	1098600	1108.5	1108500	10.899902	10899	""osoba3""
""osoba3""		1101.0	1101000	1108.5	1108500	8.5	8500	""osoba3""
""osoba3""		1101.9	1101900	1108.5	1108500	7.5999756	7599	""osoba3""
""osoba3""		1102.8	1102800	1108.5	1108500	6.699951	6699	""osoba3""
""osoba4""		1105.5	1105500	1105.8	1105800	1.3000488	1300	""osoba4""
""osoba1""		1107.3	1107300	1108.5	1108500	2.1999512	2199	""osoba1""
""osoba3""		1113.3	1113300	1118.7001	1118700	6.4000244	6400	""osoba3""
""osoba3""		1114.8	1114800	1118.7001	1118700	4.9000244	4900	""osoba3""
""osoba3""		1117.2001	1117200	1118.7001	1118700	2.5	2500	""osoba3""
""osoba3""		1118.1001	1118100	1118.7001	1118700	1.5999756	1599	""osoba3""
""osoba4""		1119.0	1119000	1151.7001	1151700	33.700073	33700	""osoba4""
""osoba4""		1120.2001	1120200	1151.7001	1151700	32.5	32500	""osoba4""
""osoba3""		1121.1001	1121100	1121.7001	1121700	1.5999756	1599	""osoba3""
""osoba4""		1122.0	1122000	1151.7001	1151700	30.700073	30700	""osoba4""
""osoba1""		1122.6001	1122600	1125.6001	1125600	4.0	4000	""osoba1""
""osoba4""		1126.8	1126800	1151.7001	1151700	25.900024	25900	""osoba4""
""osoba4""		1127.4	1127400	1151.7001	1151700	25.300049	25300	""osoba4""
""osoba4""		1131.9	1131900	1151.7001	1151700	20.800049	20800	""osoba4""
""osoba4""		1134.3	1134300	1151.7001	1151700	18.400024	18400	""osoba4""
""osoba4""		1136.4	1136400	1151.7001	1151700	16.300049	16300	""osoba4""
""osoba4""		1137.0	1137000	1151.7001	1151700	15.700073	15700	""osoba4""
""osoba4""		1138.2001	1138200	1151.7001	1151700	14.5	14500	""osoba4""
""osoba4""		1139.4	1139400	1151.7001	1151700	13.300049	13300	""osoba4""
""osoba3""		1139.7001	1139700	1140.3	1140300	1.5999756	1599	""osoba3""
""osoba4""		1142.7001	1142700	1151.7001	1151700	10.0	10000	""osoba4""
""osoba4""		1145.4	1145400	1151.7001	1151700	7.300049	7300	""osoba4""
""osoba1""		1146.6001	1146600	1147.8	1147800	2.1999512	2199	""osoba1""
""osoba4""		1148.7001	1148700	1151.7001	1151700	4.0	4000	""osoba4""
""osoba3""		1150.5	1150500	1154.7001	1154700	5.2000732	5200	""osoba3""
""osoba3""		1152.3	1152300	1154.7001	1154700	3.4000244	3400	""osoba3""
""osoba3""		1152.9	1152900	1154.7001	1154700	2.8000488	2800	""osoba3""
""osoba4""		1153.8	1153800	1157.4	1157400	4.5999756	4599	""osoba4""
""osoba3""		1154.7001	1154700	1154.7001	1154700	1.0	1000	""osoba3""
""osoba4""		1155.6001	1155600	1157.4	1157400	2.7999268	2799	""osoba4""
""osoba1""		1157.1001	1157100	1158.6001	1158600	2.5	2500	""osoba1""
""osoba4""		1163.1001	1163100	1180.5	1180500	18.399902	18399	""osoba4""
""osoba4""		1164.6001	1164600	1180.5	1180500	16.899902	16899	""osoba4""
""osoba4""		1165.2001	1165200	1180.5	1180500	16.299927	16299	""osoba4""
""osoba4""		1166.4	1166400	1180.5	1180500	15.099976	15099	""osoba4""
""osoba4""		1167.3	1167300	1180.5	1180500	14.199951	14199	""osoba4""
""osoba4""		1169.4	1169400	1180.5	1180500	12.099976	12099	""osoba4""
""osoba1""		1171.8	1171800	1171.8	1171800	1.0	1000	""osoba1""
""osoba4""		1173.0	1173000	1180.5	1180500	8.5	8500	""osoba4""
""osoba4""		1173.6001	1173600	1180.5	1180500	7.8999023	7899	""osoba4""
""osoba4""		1175.7001	1175700	1180.5	1180500	5.7999268	5799	""osoba4""
""osoba3""		1176.9	1176900	1177.2001	1177200	1.3000488	1300	""osoba3""
""osoba4""		1178.1001	1178100	1180.5	1180500	3.3999023	3399	""osoba4""
""osoba4""		1179.0	1179000	1180.5	1180500	2.5	2500	""osoba4""
""osoba3""		1179.3	1179300	1209.0	1209000	30.699951	30699	""osoba3""
""osoba3""		1182.9	1182900	1209.0	1209000	27.099976	27099	""osoba3""
""osoba3""		1184.1001	1184100	1209.0	1209000	25.899902	25899	""osoba3""
""osoba3""		1184.7001	1184700	1209.0	1209000	25.299927	25299	""osoba3""
""osoba4""		1185.3	1185300	1186.8	1186800	2.5	2500	""osoba4""
""osoba1""		1185.6001	1185600	1186.5	1186500	1.8999023	1899	""osoba1""
""osoba3""		1188.0	1188000	1209.0	1209000	22.0	22000	""osoba3""
""osoba3""		1188.6001	1188600	1209.0	1209000	21.399902	21399	""osoba3""
""osoba3""		1193.7001	1193700	1209.0	1209000	16.299927	16299	""osoba3""
""osoba3""		1196.4	1196400	1209.0	1209000	13.599976	13599	""osoba3""
""osoba3""		1197.0	1197000	1209.0	1209000	13.0	13000	""osoba3""
""osoba3""		1197.6001	1197600	1209.0	1209000	12.399902	12399	""osoba3""
""osoba3""		1200.6001	1200600	1209.0	1209000	9.399902	9399	""osoba3""
""osoba4""		1202.1001	1202100	1202.4	1202400	1.2999268	1299	""osoba4""
""osoba3""		1203.9	1203900	1209.0	1209000	6.0999756	6099	""osoba3""
""osoba3""		1206.6001	1206600	1209.0	1209000	3.3999023	3399	""osoba3""
""osoba4""		1207.5	1207500	1214.1001	1214100	7.6000977	7600	""osoba4""
""osoba3""		1211.7001	1211700	1234.8	1234800	24.099976	24099	""osoba3""
""osoba3""		1212.9	1212900	1234.8	1234800	22.900024	22900	""osoba3""
""osoba3""		1213.5	1213500	1234.8	1234800	22.300049	22300	""osoba3""
""osoba4""		1213.5	1213500	1214.1001	1214100	1.6000977	1600	""osoba4""
""osoba3""		1216.8	1216800	1234.8	1234800	19.0	19000	""osoba3""
""osoba3""		1217.7001	1217700	1234.8	1234800	18.099976	18099	""osoba3""
""osoba3""		1218.9	1218900	1234.8	1234800	16.900024	16900	""osoba3""
""osoba3""		1222.8	1222800	1234.8	1234800	13.0	13000	""osoba3""
""osoba2""		1223.4	1223400	1224.6001	1224600	2.2000732	2200	""osoba2""
""osoba3""		1223.4	1223400	1234.8	1234800	12.400024	12400	""osoba3""
""osoba3""		1227.3	1227300	1234.8	1234800	8.5	8500	""osoba3""
""osoba3""		1229.4	1229400	1234.8	1234800	6.4000244	6400	""osoba3""
""osoba3""		1230.9	1230900	1234.8	1234800	4.9000244	4900	""osoba3""
""osoba3""		1231.8	1231800	1234.8	1234800	4.0	4000	""osoba3""
""osoba3""		1233.0	1233000	1234.8	1234800	2.8000488	2800	""osoba3""
""osoba3""		1234.2001	1234200	1234.8	1234800	1.5999756	1599	""osoba3""
""osoba2""		1234.5	1234500	1236.0	1236000	2.5	2500	""osoba2""
""osoba1""		1234.8	1234800	1237.8	1237800	4.0	4000	""osoba1""
""osoba2""		1238.1001	1238100	1238.7001	1238700	1.5999756	1599	""osoba2""
""osoba3""		1247.4	1247400	1253.7001	1253700	7.300049	7300	""osoba3""
""osoba3""		1248.6001	1248600	1253.7001	1253700	6.0999756	6099	""osoba3""
""osoba3""		1250.4	1250400	1253.7001	1253700	4.300049	4300	""osoba3""
""osoba3""		1252.2001	1252200	1253.7001	1253700	2.5	2500	""osoba3""
""osoba1""		1253.7001	1253700	1254.6001	1254600	1.9000244	1900	""osoba1""
""osoba3""		1258.2001	1258200	1287.6001	1287600	30.400024	30400	""osoba3""
""osoba3""		1258.8	1258800	1287.6001	1287600	29.800049	29800	""osoba3""
""osoba3""		1260.3	1260300	1287.6001	1287600	28.300049	28300	""osoba3""
""osoba4""		1260.9	1260900	1261.2001	1261200	1.3000488	1300	""osoba4""
""osoba3""		1265.4	1265400	1287.6001	1287600	23.200073	23200	""osoba3""
""osoba4""		1268.7001	1268700	1269.0	1269000	1.2999268	1299	""osoba4""
""osoba3""		1270.8	1270800	1287.6001	1287600	17.800049	17800	""osoba3""
""osoba3""		1271.4	1271400	1287.6001	1287600	17.200073	17200	""osoba3""
""osoba4""		1272.6001	1272600	1275.0	1275000	3.3999023	3399	""osoba4""
""osoba3""		1272.9	1272900	1287.6001	1287600	15.700073	15700	""osoba3""
""osoba4""		1274.1001	1274100	1275.0	1275000	1.8999023	1899	""osoba4""
""osoba3""		1274.7001	1274700	1287.6001	1287600	13.900024	13900	""osoba3""
""osoba2""		1278.9	1278900	1281.0	1281000	3.0999756	3099	""osoba2""
""osoba3""		1279.2001	1279200	1287.6001	1287600	9.400024	9400	""osoba3""
""osoba3""		1279.8	1279800	1287.6001	1287600	8.800049	8800	""osoba3""
""osoba3""		1284.3	1284300	1287.6001	1287600	4.300049	4300	""osoba3""
""osoba3""		1284.9	1284900	1287.6001	1287600	3.7000732	3700	""osoba3""
""osoba3""		1286.4	1286400	1287.6001	1287600	2.2000732	2200	""osoba3""
""osoba4""		1286.4	1286400	1296.9	1296900	11.5	11500	""osoba4""
""osoba4""		1290.3	1290300	1296.9	1296900	7.5999756	7599	""osoba4""
""osoba4""		1291.5	1291500	1296.9	1296900	6.4000244	6400	""osoba4""
""osoba4""		1295.1001	1295100	1296.9	1296900	2.7999268	2799	""osoba4""
""osoba2""		1296.6001	1296600	1296.9	1296900	1.2999268	1299	""osoba2""
""osoba4""		1299.0	1299000	1317.9	1317900	19.900024	19900	""osoba4""
""osoba3""		1301.1001	1301100	1301.1001	1301100	1.0	1000	""osoba3""
""osoba4""		1302.3	1302300	1317.9	1317900	16.599976	16599	""osoba4""
""osoba4""		1304.4	1304400	1317.9	1317900	14.5	14500	""osoba4""
""osoba4""		1305.0	1305000	1317.9	1317900	13.900024	13900	""osoba4""
""osoba4""		1306.2001	1306200	1317.9	1317900	12.699951	12699	""osoba4""
""osoba4""		1308.6001	1308600	1317.9	1317900	10.299927	10299	""osoba4""
""osoba4""		1312.2001	1312200	1317.9	1317900	6.699951	6699	""osoba4""
""osoba2""		1313.7001	1313700	1313.7001	1313700	1.0	1000	""osoba2""
""osoba4""		1314.3	1314300	1317.9	1317900	4.5999756	4599	""osoba4""
""osoba4""		1315.5	1315500	1317.9	1317900	3.4000244	3400	""osoba4""
""osoba4""		1316.4	1316400	1317.9	1317900	2.5	2500	""osoba4""
""osoba3""		1317.3	1317300	1328.4	1328400	12.099976	12099	""osoba3""
""osoba1""		1322.1001	1322100	1322.1001	1322100	1.0	1000	""osoba1""
""osoba4""		1325.4	1325400	1362.6001	1362600	38.200073	38200	""osoba4""
""osoba1""		1328.4	1328400	1330.8	1330800	3.4000244	3400	""osoba1""
""osoba3""		1328.4	1328400	1328.4	1328400	1.0	1000	""osoba3""
""osoba4""		1338.6001	1338600	1362.6001	1362600	25.0	25000	""osoba4""
""osoba4""		1343.4	1343400	1362.6001	1362600	20.200073	20200	""osoba4""
""osoba4""		1344.6001	1344600	1362.6001	1362600	19.0	19000	""osoba4""
""osoba4""		1346.1001	1346100	1362.6001	1362600	17.5	17500	""osoba4""
""osoba4""		1347.3	1347300	1362.6001	1362600	16.300049	16300	""osoba4""
""osoba4""		1350.0	1350000	1362.6001	1362600	13.600098	13600	""osoba4""
""osoba4""		1351.8	1351800	1362.6001	1362600	11.800049	11800	""osoba4""
""osoba4""		1353.3	1353300	1362.6001	1362600	10.300049	10300	""osoba4""
""osoba2""		1354.2001	1354200	1355.1001	1355100	1.9000244	1900	""osoba2""
""osoba3""		1356.3	1356300	1356.3	1356300	1.0	1000	""osoba3""
""osoba4""		1358.7001	1358700	1362.6001	1362600	4.9000244	4900	""osoba4""
""osoba3""		1360.2001	1360200	1365.9	1365900	6.699951	6699	""osoba3""
""osoba4""		1361.7001	1361700	1362.6001	1362600	1.9000244	1900	""osoba4""
""osoba4""		1362.3	1362300	1362.6001	1362600	1.3000488	1300	""osoba4""
""osoba3""		1362.9	1362900	1365.9	1365900	4.0	4000	""osoba3""
""osoba4""		1366.2001	1366200	1393.2001	1393200	28.0	28000	""osoba4""
""osoba4""		1370.1001	1370100	1393.2001	1393200	24.099976	24099	""osoba4""
""osoba4""		1371.3	1371300	1393.2001	1393200	22.900024	22900	""osoba4""
""osoba4""		1372.8	1372800	1393.2001	1393200	21.400024	21400	""osoba4""
""osoba4""		1375.2001	1375200	1393.2001	1393200	19.0	19000	""osoba4""
""osoba4""		1378.2001	1378200	1393.2001	1393200	16.0	16000	""osoba4""
""osoba4""		1379.1001	1379100	1393.2001	1393200	15.099976	15099	""osoba4""
""osoba4""		1380.0	1380000	1393.2001	1393200	14.200073	14200	""osoba4""
""osoba4""		1382.1001	1382100	1393.2001	1393200	12.099976	12099	""osoba4""
""osoba4""		1382.7001	1382700	1393.2001	1393200	11.5	11500	""osoba4""
""osoba4""		1387.8	1387800	1393.2001	1393200	6.4000244	6400	""osoba4""
""osoba4""		1389.6001	1389600	1393.2001	1393200	4.5999756	4599	""osoba4""
""osoba4""		1390.8	1390800	1393.2001	1393200	3.4000244	3400	""osoba4""
""osoba3""		1391.4	1391400	1392.3	1392300	1.9000244	1900	""osoba3""
""osoba2""		1393.5	1393500	1395.0	1395000	2.5	2500	""osoba2""
""osoba4""		1396.2001	1396200	1396.2001	1396200	1.0	1000	""osoba4""
""osoba4""		1398.6001	1398600	1403.7001	1403700	6.0999756	6099	""osoba4""
""osoba4""		1399.8	1399800	1403.7001	1403700	4.9000244	4900	""osoba4""
""osoba1""		1401.9	1401900	1402.2001	1402200	1.3000488	1300	""osoba1""
""osoba2""		1402.5	1402500	1408.5	1408500	7.0	7000	""osoba2""
""osoba1""		1406.1001	1406100	1409.4	1409400	4.2999268	4299	""osoba1""
""osoba3""		1417.5	1417500	1427.7001	1427700	11.200073	11200	""osoba3""
""osoba3""		1419.9	1419900	1427.7001	1427700	8.800049	8800	""osoba3""
""osoba4""		1419.9	1419900	1419.9	1419900	1.0	1000	""osoba4""
""osoba3""		1421.7001	1421700	1427.7001	1427700	7.0	7000	""osoba3""
""osoba3""		1423.5	1423500	1427.7001	1427700	5.2000732	5200	""osoba3""
""osoba3""		1425.0	1425000	1427.7001	1427700	3.7000732	3700	""osoba3""
""osoba3""		1426.2001	1426200	1427.7001	1427700	2.5	2500	""osoba3""
""osoba1""		1426.5	1426500	1428.6001	1428600	3.1000977	3100	""osoba1""
""osoba4""		1435.2001	1435200	1462.8	1462800	28.599976	28599	""osoba4""
""osoba4""		1437.3	1437300	1462.8	1462800	26.5	26500	""osoba4""
""osoba4""		1439.1001	1439100	1462.8	1462800	24.699951	24699	""osoba4""
""osoba4""		1440.6001	1440600	1462.8	1462800	23.199951	23199	""osoba4""
""osoba4""		1441.8	1441800	1462.8	1462800	22.0	22000	""osoba4""
""osoba4""		1443.0	1443000	1462.8	1462800	20.800049	20800	""osoba4""
""osoba3""		1444.8	1444800	1444.8	1444800	1.0	1000	""osoba3""
""osoba4""		1446.9	1446900	1462.8	1462800	16.900024	16900	""osoba4""
""osoba4""		1447.8	1447800	1462.8	1462800	16.0	16000	""osoba4""
""osoba4""		1449.9	1449900	1462.8	1462800	13.900024	13900	""osoba4""
""osoba4""		1451.4	1451400	1462.8	1462800	12.400024	12400	""osoba4""
""osoba4""		1452.9	1452900	1462.8	1462800	10.900024	10900	""osoba4""
""osoba4""		1455.0	1455000	1462.8	1462800	8.800049	8800	""osoba4""
""osoba4""		1461.0	1461000	1462.8	1462800	2.8000488	2800	""osoba4""
""osoba4""		1461.9	1461900	1462.8	1462800	1.9000244	1900	""osoba4""
""osoba3""		1463.4	1463400	1468.2001	1468200	5.800049	5800	""osoba3""
""osoba3""		1464.3	1464300	1468.2001	1468200	4.9000244	4900	""osoba3""
""osoba3""		1465.2001	1465200	1468.2001	1468200	4.0	4000	""osoba3""
""osoba3""		1465.8	1465800	1468.2001	1468200	3.4000244	3400	""osoba3""
""osoba4""		1466.1001	1466100	1470.9	1470900	5.7999268	5799	""osoba4""
""osoba2""		1466.4	1466400	1467.9	1467900	2.5	2500	""osoba2""
""osoba3""		1466.7001	1466700	1468.2001	1468200	2.5	2500	""osoba3""
""osoba4""		1469.4	1469400	1470.9	1470900	2.5	2500	""osoba4""
""osoba1""		1470.9	1470900	1472.7001	1472700	2.8000488	2800	""osoba1""
""osoba3""		1476.6001	1476600	1499.1001	1499100	23.5	23500	""osoba3""
""osoba3""		1477.2001	1477200	1499.1001	1499100	22.900024	22900	""osoba3""
""osoba4""		1478.4	1478400	1478.7001	1478700	1.3000488	1300	""osoba4""
""osoba3""		1479.9	1479900	1499.1001	1499100	20.200073	20200	""osoba3""
""osoba3""		1480.5	1480500	1499.1001	1499100	19.600098	19600	""osoba3""
""osoba3""		1481.7001	1481700	1499.1001	1499100	18.400024	18400	""osoba3""
""osoba3""		1484.4	1484400	1499.1001	1499100	15.700073	15700	""osoba3""
""osoba2""		1486.8	1486800	1487.1001	1487100	1.3000488	1300	""osoba2""
""osoba3""		1490.4	1490400	1499.1001	1499100	9.700073	9700	""osoba3""
""osoba3""		1491.0	1491000	1499.1001	1499100	9.100098	9100	""osoba3""
""osoba3""		1491.9	1491900	1499.1001	1499100	8.200073	8200	""osoba3""
""osoba3""		1494.0	1494000	1499.1001	1499100	6.1000977	6100	""osoba3""
""osoba3""		1495.2001	1495200	1499.1001	1499100	4.9000244	4900	""osoba3""
""osoba3""		1496.1001	1496100	1499.1001	1499100	4.0	4000	""osoba3""
""osoba4""		1497.9	1497900	1519.2001	1519200	22.300049	22300	""osoba4""
""osoba4""		1500.3	1500300	1519.2001	1519200	19.900024	19900	""osoba4""
""osoba4""		1501.8	1501800	1519.2001	1519200	18.400024	18400	""osoba4""
""osoba4""		1502.4	1502400	1519.2001	1519200	17.800049	17800	""osoba4""
""osoba4""		1503.3	1503300	1519.2001	1519200	16.900024	16900	""osoba4""
""osoba4""		1505.7001	1505700	1519.2001	1519200	14.5	14500	""osoba4""
""osoba3""		1507.8	1507800	1509.0	1509000	2.1999512	2199	""osoba3""
""osoba4""		1507.8	1507800	1519.2001	1519200	12.400024	12400	""osoba4""
""osoba3""		1508.7001	1508700	1509.0	1509000	1.2999268	1299	""osoba3""
""osoba4""		1508.7001	1508700	1519.2001	1519200	11.5	11500	""osoba4""
""osoba4""		1510.5	1510500	1519.2001	1519200	9.700073	9700	""osoba4""
""osoba4""		1515.0	1515000	1519.2001	1519200	5.2000732	5200	""osoba4""
""osoba1""		1516.2001	1516200	1522.2001	1522200	7.0	7000	""osoba1""
""osoba4""		1521.6001	1521600	1521.9	1521900	1.2999268	1299	""osoba4""
""osoba3""		1523.4	1523400	1523.4	1523400	1.0	1000	""osoba3""
""osoba2""		1526.1001	1526100	1527.6001	1527600	2.5	2500	""osoba2""
""osoba3""		1526.1001	1526100	1609.5001	1609500	84.400024	84400	""osoba3""
""osoba3""		1529.4	1529400	1609.5001	1609500	81.1001	81100	""osoba3""
""osoba3""		1530.9	1530900	1609.5001	1609500	79.6001	79600	""osoba3""
""osoba3""		1531.8	1531800	1609.5001	1609500	78.70007	78700	""osoba3""
""osoba3""		1535.4	1535400	1609.5001	1609500	75.1001	75100	""osoba3""
""osoba3""		1536.3	1536300	1609.5001	1609500	74.20007	74200	""osoba3""
""osoba3""		1542.3	1542300	1609.5001	1609500	68.20007	68200	""osoba3""
""osoba1""		1542.9	1542900	1542.9	1542900	1.0	1000	""osoba1""
""osoba3""		1543.2001	1543200	1609.5001	1609500	67.30005	67300	""osoba3""
""osoba4""		1545.9	1545900	1546.5001	1546500	1.6000977	1600	""osoba4""
""osoba3""		1550.4	1550400	1609.5001	1609500	60.100098	60100	""osoba3""
""osoba3""		1552.2001	1552200	1609.5001	1609500	58.30005	58300	""osoba3""
""osoba3""		1553.1001	1553100	1609.5001	1609500	57.400024	57400	""osoba3""
""osoba2""		1553.4	1553400	1554.3	1554300	1.9000244	1900	""osoba2""
""osoba3""		1555.8	1555800	1609.5001	1609500	54.700073	54700	""osoba3""
""osoba4""		1556.7001	1556700	1557.9	1557900	2.1999512	2199	""osoba4""
""osoba4""		1557.6001	1557600	1557.9	1557900	1.2999268	1299	""osoba4""
""osoba3""		1558.2001	1558200	1609.5001	1609500	52.30005	52300	""osoba3""
""osoba4""		1560.0001	1560000	1561.8	1561800	2.7999268	2799	""osoba4""
""osoba3""		1561.5001	1561500	1609.5001	1609500	49.0	49000	""osoba3""
""osoba3""		1563.6001	1563600	1609.5001	1609500	46.900024	46900	""osoba3""
""osoba3""		1564.5001	1564500	1609.5001	1609500	46.0	46000	""osoba3""
""osoba3""		1568.4	1568400	1609.5001	1609500	42.100098	42100	""osoba3""
""osoba1""		1575.0001	1575000	1576.2001	1576200	2.1999512	2199	""osoba1""
""osoba2""		1575.0001	1575000	1575.0001	1575000	1.0	1000	""osoba2""
""osoba3""		1575.3	1575300	1609.5001	1609500	35.200073	35200	""osoba3""
""osoba3""		1577.4	1577400	1609.5001	1609500	33.100098	33100	""osoba3""
""osoba3""		1578.0001	1578000	1609.5001	1609500	32.5	32500	""osoba3""
""osoba3""		1578.9	1578900	1609.5001	1609500	31.600098	31600	""osoba3""
""osoba3""		1579.8	1579800	1609.5001	1609500	30.700073	30700	""osoba3""
""osoba3""		1580.4	1580400	1609.5001	1609500	30.100098	30100	""osoba3""
""osoba3""		1582.8	1582800	1609.5001	1609500	27.700073	27700	""osoba3""
""osoba3""		1586.1001	1586100	1609.5001	1609500	24.400024	24400	""osoba3""
""osoba4""		1586.4	1586400	1586.4	1586400	1.0	1000	""osoba4""
""osoba3""		1589.7001	1589700	1609.5001	1609500	20.800049	20800	""osoba3""
""osoba3""		1592.1001	1592100	1609.5001	1609500	18.400024	18400	""osoba3""
""osoba3""		1593.9	1593900	1609.5001	1609500	16.600098	16600	""osoba3""
""osoba3""		1595.1001	1595100	1609.5001	1609500	15.400024	15400	""osoba3""
""osoba3""		1596.3	1596300	1609.5001	1609500	14.200073	14200	""osoba3""
""osoba3""		1598.4	1598400	1609.5001	1609500	12.100098	12100	""osoba3""
""osoba3""		1599.6001	1599600	1609.5001	1609500	10.900024	10900	""osoba3""
""osoba3""		1600.2001	1600200	1609.5001	1609500	10.300049	10300	""osoba3""
""osoba3""		1601.1001	1601100	1609.5001	1609500	9.400024	9400	""osoba3""
""osoba3""		1602.3	1602300	1609.5001	1609500	8.200073	8200	""osoba3""
""osoba3""		1603.8	1603800	1609.5001	1609500	6.7000732	6700	""osoba3""
""osoba3""		1604.4	1604400	1609.5001	1609500	6.1000977	6100	""osoba3""
""osoba3""		1605.9	1605900	1609.5001	1609500	4.6000977	4600	""osoba3""
""osoba4""		1605.9	1605900	1620.3	1620300	15.400024	15400	""osoba4""
""osoba3""		1606.8	1606800	1609.5001	1609500	3.7000732	3700	""osoba3""
""osoba3""		1608.3	1608300	1609.5001	1609500	2.2000732	2200	""osoba3""
""osoba4""		1608.9	1608900	1620.3	1620300	12.400024	12400	""osoba4""
""osoba4""		1611.0001	1611000	1620.3	1620300	10.299927	10299	""osoba4""
""osoba4""		1613.1001	1613100	1620.3	1620300	8.199951	8199	""osoba4""
""osoba1""		1614.0001	1614000	1615.5001	1615500	2.5	2500	""osoba1""
""osoba4""		1614.3	1614300	1620.3	1620300	7.0	7000	""osoba4""
""osoba2""		1614.9	1614900	1620.3	1620300	6.4000244	6400	""osoba2""
