"default"		0.0	0	1.0	1000	1.0	1000	BEGIN
"default"		1620.3	1620300	1620.31	1621300	1.0	1000	END
""osoba1""		6.3	6300	17.7	17700	12.400001	12400	""osoba1""
""osoba1""		7.8	7800	17.7	17700	10.900001	10900	""osoba1""
""osoba1""		9.900001	9900	17.7	17700	8.8	8800	""osoba1""
""osoba1""		10.8	10800	17.7	17700	7.9000006	7900	""osoba1""
""osoba1""		11.400001	11400	17.7	17700	7.3	7300	""osoba1""
""osoba1""		13.8	13800	17.7	17700	4.9000006	4900	""osoba1""
""osoba3""		14.1	14100	14.1	14100	1.0	1000	""osoba3""
""osoba3""		16.2	16200	17.7	17700	2.5	2500	""osoba3""
""osoba2""		17.7	17700	27.300001	27300	10.6	10600	""osoba2""
""osoba3""		19.800001	19800	19.800001	19800	1.0	1000	""osoba3""
""osoba2""		20.400002	20400	27.300001	27300	7.8999996	7899	""osoba2""
""osoba2""		22.2	22200	27.300001	27300	6.1000004	6100	""osoba2""
""osoba2""		23.400002	23400	27.300001	27300	4.8999996	4899	""osoba2""
""osoba4""		24.300001	24300	52.800003	52800	29.500002	29500	""osoba4""
""osoba1""		24.900002	24900	25.800001	25800	1.8999996	1899	""osoba1""
""osoba2""		27.000002	27000	27.300001	27300	1.2999992	1299	""osoba2""
""osoba3""		30.6	30600	31.2	31200	1.6000004	1600	""osoba3""
""osoba4""		33.600002	33600	52.800003	52800	20.2	20200	""osoba4""
""osoba2""		34.2	34200	34.5	34500	1.2999992	1299	""osoba2""
""osoba4""		39.0	39000	52.800003	52800	14.800003	14800	""osoba4""
""osoba1""		39.300003	39300	39.600002	39600	1.2999992	1299	""osoba1""
""osoba4""		42.0	42000	52.800003	52800	11.800003	11800	""osoba4""
""osoba4""		44.4	44400	52.800003	52800	9.400002	9400	""osoba4""
""osoba4""		46.800003	46800	52.800003	52800	7.0	7000	""osoba4""
""osoba4""		47.4	47400	52.800003	52800	6.4000015	6400	""osoba4""
""osoba4""		49.2	49200	52.800003	52800	4.6000023	4600	""osoba4""
""osoba1""		51.9	51900	55.800003	55800	4.9000015	4900	""osoba1""
""osoba3""		54.9	54900	89.100006	89100	35.200005	35200	""osoba3""
""osoba3""		60.000004	60000	89.100006	89100	30.100002	30100	""osoba3""
""osoba3""		60.600002	60600	89.100006	89100	29.500004	29500	""osoba3""
""osoba2""		60.9	60900	60.9	60900	1.0	1000	""osoba2""
""osoba1""		61.2	61200	61.2	61200	1.0	1000	""osoba1""
""osoba3""		63.300003	63300	89.100006	89100	26.800003	26800	""osoba3""
""osoba4""		64.5	64500	64.5	64500	1.0	1000	""osoba4""
""osoba3""		64.8	64800	89.100006	89100	25.300003	25300	""osoba3""
""osoba3""		66.3	66300	89.100006	89100	23.800003	23800	""osoba3""
""osoba3""		66.9	66900	89.100006	89100	23.200005	23200	""osoba3""
""osoba4""		67.8	67800	69.0	69000	2.199997	2199	""osoba4""
""osoba2""		69.600006	69600	70.200005	70200	1.5999985	1599	""osoba2""
""osoba1""		69.9	69900	71.4	71400	2.5	2500	""osoba1""
""osoba3""		72.600006	72600	89.100006	89100	17.5	17500	""osoba3""
""osoba2""		74.700005	74700	77.4	77400	3.699997	3699	""osoba2""
""osoba3""		80.100006	80100	89.100006	89100	10.0	10000	""osoba3""
""osoba3""		84.3	84300	89.100006	89100	5.800003	5800	""osoba3""
""osoba3""		86.4	86400	89.100006	89100	3.7000046	3700	""osoba3""
""osoba2""		86.700005	86700	88.200005	88200	2.5	2500	""osoba2""
""osoba4""		87.600006	87600	94.5	94500	7.899994	7899	""osoba4""
""osoba3""		88.5	88500	89.100006	89100	1.6000061	1600	""osoba3""
""osoba4""		90.600006	90600	94.5	94500	4.899994	4899	""osoba4""
""osoba4""		91.5	91500	94.5	94500	4.0	4000	""osoba4""
""osoba4""		92.4	92400	94.5	94500	3.0999985	3099	""osoba4""
""osoba1""		92.700005	92700	92.700005	92700	1.0	1000	""osoba1""
""osoba3""		94.200005	94200	113.4	113400	20.199997	20199	""osoba3""
""osoba3""		96.0	96000	113.4	113400	18.400002	18400	""osoba3""
""osoba3""		98.4	98400	113.4	113400	16.0	16000	""osoba3""
""osoba4""		99.600006	99600	100.50001	100500	1.9000015	1900	""osoba4""
""osoba3""		101.4	101400	113.4	113400	13.0	13000	""osoba3""
""osoba3""		103.200005	103200	113.4	113400	11.199997	11199	""osoba3""
""osoba3""		104.100006	104100	113.4	113400	10.299995	10299	""osoba3""
""osoba3""		104.700005	104700	113.4	113400	9.699997	9699	""osoba3""
""osoba3""		105.600006	105600	113.4	113400	8.799995	8799	""osoba3""
""osoba3""		107.100006	107100	113.4	113400	7.2999954	7299	""osoba3""
""osoba3""		108.9	108900	113.4	113400	5.5	5500	""osoba3""
""osoba3""		111.00001	111000	113.4	113400	3.399994	3399	""osoba3""
""osoba3""		111.9	111900	113.4	113400	2.5	2500	""osoba3""
""osoba1""		113.100006	113100	117.600006	117600	5.5	5500	""osoba1""
""osoba2""		115.200005	115200	130.20001	130200	16.000008	16000	""osoba2""
""osoba2""		119.4	119400	130.20001	130200	11.800011	11800	""osoba2""
""osoba3""		121.200005	121200	121.50001	121500	1.300003	1300	""osoba3""
""osoba2""		123.600006	123600	130.20001	130200	7.600006	7600	""osoba2""
""osoba2""		124.50001	124500	130.20001	130200	6.7000046	6700	""osoba2""
""osoba2""		126.00001	126000	130.20001	130200	5.2000046	5200	""osoba2""
""osoba2""		126.9	126900	130.20001	130200	4.3000107	4300	""osoba2""
""osoba2""		127.8	127800	130.20001	130200	3.4000092	3400	""osoba2""
""osoba2""		128.40001	128400	130.20001	130200	2.800003	2800	""osoba2""
""osoba4""		128.40001	128400	136.20001	136200	8.800003	8800	""osoba4""
""osoba4""		131.70001	131700	136.20001	136200	5.5	5500	""osoba4""
""osoba4""		132.6	132600	136.20001	136200	4.600006	4600	""osoba4""
""osoba2""		132.90001	132900	143.40001	143400	11.5	11500	""osoba2""
""osoba2""		135.0	135000	143.40001	143400	9.400009	9400	""osoba2""
""osoba4""		135.6	135600	136.20001	136200	1.6000061	1600	""osoba4""
""osoba2""		138.0	138000	143.40001	143400	6.400009	6400	""osoba2""
""osoba2""		138.90001	138900	143.40001	143400	5.5	5500	""osoba2""
""osoba1""		139.5	139500	139.5	139500	1.0	1000	""osoba1""
""osoba2""		139.8	139800	143.40001	143400	4.600006	4600	""osoba2""
""osoba2""		141.6	141600	143.40001	143400	2.800003	2800	""osoba2""
""osoba4""		143.40001	143400	147.90001	147900	5.5	5500	""osoba4""
""osoba4""		144.6	144600	147.90001	147900	4.300003	4300	""osoba4""
""osoba4""		145.20001	145200	147.90001	147900	3.699997	3699	""osoba4""
""osoba2""		145.8	145800	146.1	146100	1.300003	1300	""osoba2""
""osoba4""		147.0	147000	147.90001	147900	1.9000092	1900	""osoba4""
""osoba1""		148.5	148500	151.20001	151200	3.7000122	3700	""osoba1""
""osoba1""		149.40001	149400	151.20001	151200	2.800003	2800	""osoba1""
""osoba1""		150.6	150600	151.20001	151200	1.6000061	1600	""osoba1""
""osoba3""		151.5	151500	151.8	151800	1.300003	1300	""osoba3""
""osoba2""		152.1	152100	156.3	156300	5.199997	5199	""osoba2""
""osoba1""		153.6	153600	177.0	177000	24.399994	24399	""osoba1""
""osoba1""		159.0	159000	177.0	177000	19.0	19000	""osoba1""
""osoba1""		160.5	160500	177.0	177000	17.5	17500	""osoba1""
""osoba1""		166.8	166800	177.0	177000	11.199997	11199	""osoba1""
""osoba1""		169.5	169500	177.0	177000	8.5	8500	""osoba1""
""osoba1""		171.3	171300	177.0	177000	6.699997	6699	""osoba1""
""osoba1""		172.5	172500	177.0	177000	5.5	5500	""osoba1""
""osoba1""		173.40001	173400	177.0	177000	4.599991	4599	""osoba1""
""osoba2""		174.0	174000	180.6	180600	7.600006	7600	""osoba2""
""osoba3""		174.90001	174900	177.0	177000	3.0999908	3099	""osoba3""
""osoba2""		178.8	178800	180.6	180600	2.800003	2800	""osoba2""
""osoba4""		178.8	178800	191.70001	191700	13.900009	13900	""osoba4""
""osoba4""		184.20001	184200	191.70001	191700	8.5	8500	""osoba4""
""osoba4""		185.1	185100	191.70001	191700	7.600006	7600	""osoba4""
""osoba3""		186.3	186300	187.20001	187200	1.9000092	1900	""osoba3""
""osoba1""		187.20001	187200	188.1	188100	1.8999939	1899	""osoba1""
""osoba2""		189.90001	189900	193.20001	193200	4.300003	4300	""osoba2""
""osoba3""		189.90001	189900	198.90001	198900	10.0	10000	""osoba3""
""osoba4""		190.20001	190200	191.70001	191700	2.5	2500	""osoba4""
""osoba3""		193.20001	193200	198.90001	198900	6.699997	6699	""osoba3""
""osoba3""		194.70001	194700	198.90001	198900	5.199997	5199	""osoba3""
""osoba3""		195.3	195300	198.90001	198900	4.600006	4600	""osoba3""
""osoba3""		196.20001	196200	198.90001	198900	3.699997	3699	""osoba3""
""osoba2""		197.70001	197700	230.1	230100	33.399994	33399	""osoba2""
""osoba3""		198.00002	198000	198.90001	198900	1.8999939	1899	""osoba3""
""osoba2""		200.40001	200400	230.1	230100	30.699997	30699	""osoba2""
""osoba2""		202.8	202800	230.1	230100	28.300003	28300	""osoba2""
""osoba2""		206.40001	206400	230.1	230100	24.699997	24699	""osoba2""
""osoba4""		207.6	207600	208.20001	208200	1.6000061	1600	""osoba4""
""osoba2""		210.6	210600	230.1	230100	20.5	20500	""osoba2""
""osoba2""		213.00002	213000	230.1	230100	18.09999	18099	""osoba2""
""osoba2""		214.20001	214200	230.1	230100	16.899994	16899	""osoba2""
""osoba2""		216.90001	216900	230.1	230100	14.199997	14199	""osoba2""
""osoba2""		219.3	219300	230.1	230100	11.800003	11800	""osoba2""
""osoba2""		219.90001	219900	230.1	230100	11.199997	11199	""osoba2""
""osoba1""		220.20001	220200	220.8	220800	1.5999908	1599	""osoba1""
""osoba2""		220.50002	220500	230.1	230100	10.599991	10599	""osoba2""
""osoba2""		223.20001	223200	230.1	230100	7.899994	7899	""osoba2""
""osoba2""		224.1	224100	230.1	230100	7.0	7000	""osoba2""
""osoba2""		226.50002	226500	230.1	230100	4.599991	4599	""osoba2""
""osoba4""		228.90001	228900	243.3	243300	15.399994	15399	""osoba4""
""osoba4""		234.6	234600	243.3	243300	9.699997	9699	""osoba4""
""osoba2""		235.50002	235500	235.8	235800	1.2999878	1299	""osoba2""
""osoba4""		235.50002	235500	243.3	243300	8.799988	8799	""osoba4""
""osoba4""		237.00002	237000	243.3	243300	7.299988	7299	""osoba4""
""osoba4""		239.1	239100	243.3	243300	5.199997	5199	""osoba4""
""osoba4""		240.3	240300	243.3	243300	4.0	4000	""osoba4""
""osoba4""		241.20001	241200	243.3	243300	3.0999908	3099	""osoba4""
""osoba3""		242.1	242100	249.3	249300	8.199997	8199	""osoba3""
""osoba3""		246.90001	246900	249.3	249300	3.399994	3399	""osoba3""
""osoba3""		248.70001	248700	249.3	249300	1.5999908	1599	""osoba3""
""osoba4""		249.90001	249900	254.70001	254700	5.800003	5800	""osoba4""
""osoba4""		251.40001	251400	254.70001	254700	4.300003	4300	""osoba4""
""osoba4""		252.6	252600	254.70001	254700	3.100006	3100	""osoba4""
""osoba4""		253.20001	253200	254.70001	254700	2.5	2500	""osoba4""
""osoba4""		253.8	253800	254.70001	254700	1.9000092	1900	""osoba4""
""osoba4""		254.40001	254400	254.70001	254700	1.300003	1300	""osoba4""
""osoba2""		255.3	255300	256.80002	256800	2.5000153	2500	""osoba2""
""osoba2""		256.80002	256800	256.80002	256800	1.0	1000	""osoba2""
""osoba3""		257.40002	257400	273.90002	273900	17.5	17500	""osoba3""
""osoba4""		258.6	258600	258.6	258600	1.0	1000	""osoba4""
""osoba3""		260.7	260700	273.90002	273900	14.200012	14200	""osoba3""
""osoba2""		261.30002	261300	261.30002	261300	1.0	1000	""osoba2""
""osoba3""		262.5	262500	273.90002	273900	12.400024	12400	""osoba3""
""osoba3""		263.40002	263400	273.90002	273900	11.5	11500	""osoba3""
""osoba4""		265.2	265200	265.2	265200	1.0	1000	""osoba4""
""osoba3""		266.40002	266400	273.90002	273900	8.5	8500	""osoba3""
""osoba3""		269.40002	269400	273.90002	273900	5.5	5500	""osoba3""
""osoba1""		272.1	272100	286.5	286500	15.399994	15399	""osoba1""
""osoba2""		272.1	272100	274.5	274500	3.399994	3399	""osoba2""
""osoba3""		272.1	272100	273.90002	273900	2.8000183	2800	""osoba3""
""osoba1""		276.0	276000	286.5	286500	11.5	11500	""osoba1""
""osoba4""		276.30002	276300	276.6	276600	1.2999878	1299	""osoba4""
""osoba1""		278.1	278100	286.5	286500	9.399994	9399	""osoba1""
""osoba1""		285.90002	285900	286.5	286500	1.5999756	1599	""osoba1""
""osoba3""		285.90002	285900	290.7	290700	5.799988	5799	""osoba3""
""osoba2""		288.0	288000	289.5	289500	2.5	2500	""osoba2""
""osoba3""		288.0	288000	290.7	290700	3.7000122	3700	""osoba3""
""osoba1""		289.5	289500	302.40002	302400	13.900024	13900	""osoba1""
""osoba1""		293.40002	293400	302.40002	302400	10.0	10000	""osoba1""
""osoba2""		293.40002	293400	294.6	294600	2.1999817	2199	""osoba2""
""osoba1""		297.0	297000	302.40002	302400	6.4000244	6400	""osoba1""
""osoba1""		299.40002	299400	302.40002	302400	4.0	4000	""osoba1""
""osoba3""		300.6	300600	300.90002	300900	1.3000183	1300	""osoba3""
""osoba1""		300.90002	300900	302.40002	302400	2.5	2500	""osoba1""
""osoba2""		301.80002	301800	348.90002	348900	48.100006	48100	""osoba2""
""osoba2""		303.6	303600	348.90002	348900	46.30002	46300	""osoba2""
""osoba3""		306.6	306600	307.5	307500	1.8999939	1899	""osoba3""
""osoba2""		308.40002	308400	348.90002	348900	41.5	41500	""osoba2""
""osoba3""		309.90002	309900	309.90002	309900	1.0	1000	""osoba3""
""osoba2""		311.40002	311400	348.90002	348900	38.5	38500	""osoba2""
""osoba2""		312.6	312600	348.90002	348900	37.30002	37300	""osoba2""
""osoba2""		317.40002	317400	348.90002	348900	32.5	32500	""osoba2""
""osoba2""		318.6	318600	348.90002	348900	31.300018	31300	""osoba2""
""osoba2""		320.1	320100	348.90002	348900	29.800018	29800	""osoba2""
""osoba2""		321.30002	321300	348.90002	348900	28.600006	28600	""osoba2""
""osoba2""		322.2	322200	348.90002	348900	27.700012	27700	""osoba2""
""osoba2""		325.80002	325800	348.90002	348900	24.100006	24100	""osoba2""
""osoba1""		328.2	328200	331.5	331500	4.299988	4299	""osoba1""
""osoba2""		329.7	329700	348.90002	348900	20.200012	20200	""osoba2""
""osoba2""		333.30002	333300	348.90002	348900	16.600006	16600	""osoba2""
""osoba2""		334.2	334200	348.90002	348900	15.700012	15700	""osoba2""
""osoba2""		336.90002	336900	348.90002	348900	13.0	13000	""osoba2""
""osoba2""		337.80002	337800	348.90002	348900	12.100006	12100	""osoba2""
""osoba1""		339.0	339000	339.6	339600	1.6000061	1600	""osoba1""
""osoba2""		339.30002	339300	348.90002	348900	10.600006	10600	""osoba2""
""osoba2""		340.80002	340800	348.90002	348900	9.100006	9100	""osoba2""
""osoba2""		341.40002	341400	348.90002	348900	8.5	8500	""osoba2""
""osoba2""		342.30002	342300	348.90002	348900	7.600006	7600	""osoba2""
""osoba2""		343.80002	343800	348.90002	348900	6.100006	6100	""osoba2""
""osoba2""		345.0	345000	348.90002	348900	4.9000244	4900	""osoba2""
""osoba2""		345.6	345600	348.90002	348900	4.3000183	4300	""osoba2""
""osoba2""		347.40002	347400	348.90002	348900	2.5	2500	""osoba2""
""osoba2""		348.0	348000	348.90002	348900	1.9000244	1900	""osoba2""
""osoba4""		349.2	349200	351.90002	351900	3.7000122	3700	""osoba4""
""osoba1""		351.0	351000	373.5	373500	23.5	23500	""osoba1""
""osoba2""		352.5	352500	353.7	353700	2.2000122	2200	""osoba2""
""osoba1""		354.90002	354900	373.5	373500	19.599976	19599	""osoba1""
""osoba1""		357.0	357000	373.5	373500	17.5	17500	""osoba1""
""osoba1""		357.90002	357900	373.5	373500	16.599976	16599	""osoba1""
""osoba1""		359.40002	359400	373.5	373500	15.099976	15099	""osoba1""
""osoba1""		360.30002	360300	373.5	373500	14.199982	14199	""osoba1""
""osoba1""		360.90002	360900	373.5	373500	13.599976	13599	""osoba1""
""osoba2""		361.5	361500	361.5	361500	1.0	1000	""osoba2""
""osoba3""		362.40002	362400	362.7	362700	1.2999878	1299	""osoba3""
""osoba1""		364.5	364500	373.5	373500	10.0	10000	""osoba1""
""osoba1""		365.1	365100	373.5	373500	9.399994	9399	""osoba1""
""osoba1""		367.5	367500	373.5	373500	7.0	7000	""osoba1""
""osoba1""		368.1	368100	373.5	373500	6.399994	6399	""osoba1""
""osoba1""		369.0	369000	373.5	373500	5.5	5500	""osoba1""
""osoba1""		370.80002	370800	373.5	373500	3.6999817	3699	""osoba1""
""osoba4""		371.1	371100	387.90002	387900	17.800018	17800	""osoba4""
""osoba1""		372.0	372000	373.5	373500	2.5	2500	""osoba1""
""osoba1""		372.90002	372900	373.5	373500	1.5999756	1599	""osoba1""
""osoba4""		373.2	373200	387.90002	387900	15.700012	15700	""osoba4""
""osoba4""		375.0	375000	387.90002	387900	13.900024	13900	""osoba4""
""osoba4""		376.2	376200	387.90002	387900	12.700012	12700	""osoba4""
""osoba4""		382.80002	382800	387.90002	387900	6.100006	6100	""osoba4""
""osoba2""		387.90002	387900	400.50003	400500	13.600006	13600	""osoba2""
""osoba2""		389.40002	389400	400.50003	400500	12.100006	12100	""osoba2""
""osoba2""		390.6	390600	400.50003	400500	10.900024	10900	""osoba2""
""osoba3""		392.7	392700	393.90002	393900	2.2000122	2200	""osoba3""
""osoba2""		395.7	395700	400.50003	400500	5.8000183	5800	""osoba2""
""osoba3""		396.30002	396300	396.30002	396300	1.0	1000	""osoba3""
""osoba2""		397.2	397200	400.50003	400500	4.3000183	4300	""osoba2""
""osoba4""		397.2	397200	397.80002	397800	1.6000061	1600	""osoba4""
""osoba2""		400.50003	400500	400.50003	400500	1.0	1000	""osoba2""
""osoba3""		401.40002	401400	410.1	410100	9.699982	9699	""osoba3""
""osoba3""		403.2	403200	410.1	410100	7.899994	7899	""osoba3""
""osoba3""		404.1	404100	410.1	410100	7.0	7000	""osoba3""
""osoba3""		407.7	407700	410.1	410100	3.399994	3399	""osoba3""
""osoba4""		408.30002	408300	415.50003	415500	8.200012	8200	""osoba4""
""osoba3""		409.2	409200	410.1	410100	1.8999939	1899	""osoba3""
""osoba2""		411.6	411600	413.1	413100	2.5	2500	""osoba2""
""osoba4""		412.2	412200	415.50003	415500	4.3000183	4300	""osoba4""
""osoba2""		415.2	415200	432.00003	432000	17.800018	17800	""osoba2""
""osoba4""		415.50003	415500	415.50003	415500	1.0	1000	""osoba4""
""osoba2""		420.00003	420000	432.00003	432000	13.0	13000	""osoba2""
""osoba2""		420.6	420600	432.00003	432000	12.400024	12400	""osoba2""
""osoba2""		422.7	422700	432.00003	432000	10.300018	10300	""osoba2""
""osoba2""		423.30002	423300	432.00003	432000	9.700012	9700	""osoba2""
""osoba1""		424.80002	424800	425.40002	425400	1.6000061	1600	""osoba1""
""osoba2""		424.80002	424800	432.00003	432000	8.200012	8200	""osoba2""
""osoba2""		426.90002	426900	432.00003	432000	6.100006	6100	""osoba2""
""osoba2""		427.50003	427500	432.00003	432000	5.5	5500	""osoba2""
""osoba4""		429.30002	429300	429.30002	429300	1.0	1000	""osoba4""
""osoba4""		432.00003	432000	435.30002	435300	4.299988	4299	""osoba4""
""osoba4""		432.90002	432900	435.30002	435300	3.399994	3399	""osoba4""
""osoba1""		434.40002	434400	438.6	438600	5.1999817	5199	""osoba1""
""osoba1""		436.80002	436800	438.6	438600	2.7999878	2799	""osoba1""
""osoba2""		437.40002	437400	438.00003	438000	1.6000061	1600	""osoba2""
""osoba4""		438.90002	438900	464.7	464700	26.799988	26799	""osoba4""
""osoba4""		440.7	440700	464.7	464700	25.0	25000	""osoba4""
""osoba3""		441.00003	441000	450.30002	450300	10.299988	10299	""osoba3""
""osoba2""		443.40002	443400	444.90002	444900	2.5	2500	""osoba2""
""osoba3""		445.2	445200	450.30002	450300	6.100006	6100	""osoba3""
""osoba4""		446.7	446700	464.7	464700	19.0	19000	""osoba4""
""osoba4""		448.2	448200	464.7	464700	17.5	17500	""osoba4""
""osoba3""		448.80002	448800	450.30002	450300	2.5	2500	""osoba3""
""osoba4""		452.7	452700	464.7	464700	13.0	13000	""osoba4""
""osoba4""		455.1	455100	464.7	464700	10.600006	10600	""osoba4""
""osoba4""		457.2	457200	464.7	464700	8.5	8500	""osoba4""
""osoba4""		459.00003	459000	464.7	464700	6.6999817	6699	""osoba4""
""osoba4""		459.6	459600	464.7	464700	6.100006	6100	""osoba4""
""osoba2""		461.7	461700	472.50003	472500	11.800018	11800	""osoba2""
""osoba4""		463.80002	463800	464.7	464700	1.8999939	1899	""osoba4""
""osoba2""		464.40002	464400	472.50003	472500	9.100006	9100	""osoba2""
""osoba4""		464.7	464700	464.7	464700	1.0	1000	""osoba4""
""osoba2""		465.30002	465300	472.50003	472500	8.200012	8200	""osoba2""
""osoba2""		466.80002	466800	472.50003	472500	6.700012	6700	""osoba2""
""osoba2""		467.40002	467400	472.50003	472500	6.100006	6100	""osoba2""
""osoba4""		472.50003	472500	482.1	482100	10.599976	10599	""osoba4""
""osoba4""		473.7	473700	482.1	482100	9.399994	9399	""osoba4""
""osoba4""		475.50003	475500	482.1	482100	7.5999756	7599	""osoba4""
""osoba3""		479.7	479700	488.40002	488400	9.700012	9700	""osoba3""
""osoba4""		479.7	479700	482.1	482100	3.399994	3399	""osoba4""
""osoba3""		487.2	487200	488.40002	488400	2.2000122	2200	""osoba3""
""osoba2""		487.80002	487800	488.7	488700	1.8999939	1899	""osoba2""
""osoba4""		488.1	488100	506.7	506700	19.600006	19600	""osoba4""
""osoba4""		492.30002	492300	506.7	506700	15.399994	15399	""osoba4""
""osoba4""		493.2	493200	506.7	506700	14.5	14500	""osoba4""
""osoba3""		495.6	495600	497.40002	497400	2.8000183	2800	""osoba3""
""osoba3""		497.1	497100	497.40002	497400	1.3000183	1300	""osoba3""
""osoba4""		497.7	497700	506.7	506700	10.0	10000	""osoba4""
""osoba4""		498.30002	498300	506.7	506700	9.399994	9399	""osoba4""
""osoba4""		500.7	500700	506.7	506700	7.0	7000	""osoba4""
""osoba4""		502.50003	502500	506.7	506700	5.1999817	5199	""osoba4""
""osoba4""		503.1	503100	506.7	506700	4.600006	4600	""osoba4""
""osoba1""		504.6	504600	517.80005	517800	14.200043	14200	""osoba1""
""osoba1""		505.80002	505800	517.80005	517800	13.0000305	13000	""osoba1""
""osoba4""		505.80002	505800	506.7	506700	1.8999939	1899	""osoba4""
""osoba1""		509.7	509700	517.80005	517800	9.100037	9100	""osoba1""
""osoba1""		513.0	513000	517.80005	517800	5.800049	5800	""osoba1""
""osoba1""		515.7	515700	517.80005	517800	3.1000366	3100	""osoba1""
""osoba4""		516.9	516900	528.60004	528600	12.700012	12700	""osoba4""
""osoba2""		520.5	520500	520.5	520500	1.0	1000	""osoba2""
""osoba4""		522.30005	522300	528.60004	528600	7.299988	7299	""osoba4""
""osoba4""		522.9	522900	528.60004	528600	6.700012	6700	""osoba4""
""osoba4""		526.2	526200	528.60004	528600	3.4000244	3400	""osoba4""
""osoba3""		527.10004	527100	542.7	542700	16.599976	16599	""osoba3""
""osoba4""		527.10004	527100	528.60004	528600	2.5	2500	""osoba4""
""osoba4""		528.60004	528600	528.60004	528600	1.0	1000	""osoba4""
""osoba3""		530.7	530700	542.7	542700	13.0	13000	""osoba3""
""osoba3""		531.30005	531300	542.7	542700	12.399963	12399	""osoba3""
""osoba4""		531.60004	531600	534.30005	534300	3.7000122	3700	""osoba4""
""osoba3""		534.0	534000	542.7	542700	9.700012	9700	""osoba3""
""osoba3""		537.0	537000	542.7	542700	6.700012	6700	""osoba3""
""osoba2""		539.10004	539100	539.4	539400	1.2999878	1299	""osoba2""
""osoba3""		541.2	541200	542.7	542700	2.5	2500	""osoba3""
""osoba3""		542.10004	542100	542.7	542700	1.5999756	1599	""osoba3""
""osoba2""		542.7	542700	575.7	575700	34.0	34000	""osoba2""
""osoba4""		543.30005	543300	544.5	544500	2.1999512	2199	""osoba4""
""osoba2""		549.30005	549300	575.7	575700	27.399963	27399	""osoba2""
""osoba2""		552.9	552900	575.7	575700	23.799988	23799	""osoba2""
""osoba2""		554.10004	554100	575.7	575700	22.599976	22599	""osoba2""
""osoba3""		555.0	555000	555.30005	555300	1.3000488	1300	""osoba3""
""osoba2""		558.9	558900	575.7	575700	17.799988	17799	""osoba2""
""osoba3""		563.4	563400	564.30005	564300	1.9000244	1900	""osoba3""
""osoba4""		564.0	564000	566.7	566700	3.7000122	3700	""osoba4""
""osoba2""		571.80005	571800	575.7	575700	4.8999634	4899	""osoba2""
""osoba2""		574.2	574200	575.7	575700	2.5	2500	""osoba2""
""osoba3""		574.2	574200	574.80005	574800	1.6000366	1600	""osoba3""
""osoba4""		576.0	576000	582.9	582900	7.9000244	7900	""osoba4""
""osoba4""		577.2	577200	582.9	582900	6.700012	6700	""osoba4""
""osoba4""		577.80005	577800	582.9	582900	6.0999756	6099	""osoba4""
""osoba4""		580.5	580500	582.9	582900	3.4000244	3400	""osoba4""
""osoba2""		581.10004	581100	604.2	604200	24.099976	24099	""osoba2""
""osoba4""		581.10004	581100	582.9	582900	2.7999878	2799	""osoba4""
""osoba4""		582.30005	582300	582.9	582900	1.5999756	1599	""osoba4""
""osoba2""		582.9	582900	604.2	604200	22.299988	22299	""osoba2""
""osoba4""		582.9	582900	582.9	582900	1.0	1000	""osoba4""
""osoba3""		587.7	587700	589.5	589500	2.7999878	2799	""osoba3""
""osoba4""		588.30005	588300	589.2	589200	1.8999634	1899	""osoba4""
""osoba2""		591.0	591000	604.2	604200	14.200012	14200	""osoba2""
""osoba3""		592.2	592200	592.2	592200	1.0	1000	""osoba3""
""osoba2""		592.5	592500	604.2	604200	12.700012	12700	""osoba2""
""osoba2""		597.30005	597300	604.2	604200	7.8999634	7899	""osoba2""
""osoba4""		600.0	600000	600.60004	600600	1.6000366	1600	""osoba4""
""osoba2""		601.80005	601800	604.2	604200	3.3999634	3399	""osoba2""
""osoba1""		603.60004	603600	607.80005	607800	5.200012	5200	""osoba1""
""osoba1""		606.30005	606300	607.80005	607800	2.5	2500	""osoba1""
""osoba4""		607.2	607200	613.2	613200	7.0	7000	""osoba4""
""osoba1""		613.2	613200	615.60004	615600	3.4000244	3400	""osoba1""
""osoba3""		615.0	615000	641.7	641700	27.700012	27700	""osoba3""
""osoba1""		615.30005	615300	615.60004	615600	1.2999878	1299	""osoba1""
""osoba3""		617.7	617700	641.7	641700	25.0	25000	""osoba3""
""osoba3""		622.5	622500	641.7	641700	20.200012	20200	""osoba3""
""osoba4""		627.60004	627600	629.7	629700	3.0999756	3099	""osoba4""
""osoba4""		629.10004	629100	629.7	629700	1.5999756	1599	""osoba4""
""osoba3""		629.4	629400	641.7	641700	13.299988	13299	""osoba3""
""osoba4""		633.30005	633300	633.30005	633300	1.0	1000	""osoba4""
""osoba3""		635.10004	635100	641.7	641700	7.5999756	7599	""osoba3""
""osoba3""		636.60004	636600	641.7	641700	6.0999756	6099	""osoba3""
""osoba3""		637.80005	637800	641.7	641700	4.8999634	4899	""osoba3""
""osoba3""		639.30005	639300	641.7	641700	3.3999634	3399	""osoba3""
""osoba4""		640.5	640500	641.10004	641100	1.6000366	1600	""osoba4""
""osoba3""		640.80005	640800	641.7	641700	1.8999634	1899	""osoba3""
""osoba2""		641.7	641700	645.60004	645600	4.9000244	4900	""osoba2""
""osoba2""		644.10004	644100	645.60004	645600	2.5	2500	""osoba2""
""osoba2""		645.0	645000	645.60004	645600	1.6000366	1600	""osoba2""
""osoba3""		645.30005	645300	666.9	666900	22.599976	22599	""osoba3""
""osoba2""		645.60004	645600	645.60004	645600	1.0	1000	""osoba2""
""osoba3""		646.5	646500	666.9	666900	21.400024	21400	""osoba3""
""osoba3""		648.0	648000	666.9	666900	19.900024	19900	""osoba3""
""osoba3""		649.80005	649800	666.9	666900	18.099976	18099	""osoba3""
""osoba3""		657.0	657000	666.9	666900	10.900024	10900	""osoba3""
""osoba3""		658.2	658200	666.9	666900	9.700012	9700	""osoba3""
""osoba3""		658.80005	658800	666.9	666900	9.099976	9099	""osoba3""
""osoba4""		660.0	660000	660.0	660000	1.0	1000	""osoba4""
""osoba3""		660.60004	660600	666.9	666900	7.299988	7299	""osoba3""
""osoba1""		664.5	664500	665.10004	665100	1.6000366	1600	""osoba1""
""osoba3""		664.5	664500	666.9	666900	3.4000244	3400	""osoba3""
""osoba2""		666.9	666900	678.30005	678300	12.400024	12400	""osoba2""
""osoba2""		669.9	669900	678.30005	678300	9.400024	9400	""osoba2""
""osoba2""		673.2	673200	678.30005	678300	6.1000366	6100	""osoba2""
""osoba4""		676.80005	676800	677.4	677400	1.5999756	1599	""osoba4""
""osoba1""		678.60004	678600	681.0	681000	3.3999634	3399	""osoba1""
""osoba1""		680.7	680700	681.0	681000	1.2999878	1299	""osoba1""
""osoba2""		681.0	681000	693.60004	693600	13.600037	13600	""osoba2""
""osoba2""		682.2	682200	693.60004	693600	12.400024	12400	""osoba2""
""osoba4""		682.2	682200	682.5	682500	1.2999878	1299	""osoba4""
""osoba2""		683.7	683700	693.60004	693600	10.900024	10900	""osoba2""
""osoba2""		686.10004	686100	693.60004	693600	8.5	8500	""osoba2""
""osoba2""		687.0	687000	693.60004	693600	7.6000366	7600	""osoba2""
""osoba2""		688.80005	688800	693.60004	693600	5.799988	5799	""osoba2""
""osoba3""		690.60004	690600	690.60004	690600	1.0	1000	""osoba3""
""osoba1""		692.7	692700	703.5	703500	11.799988	11799	""osoba1""
""osoba1""		695.4	695400	703.5	703500	9.099976	9099	""osoba1""
""osoba1""		696.30005	696300	703.5	703500	8.199951	8199	""osoba1""
""osoba4""		698.4	698400	698.4	698400	1.0	1000	""osoba4""
""osoba1""		699.30005	699300	703.5	703500	5.199951	5199	""osoba1""
""osoba1""		702.30005	702300	703.5	703500	2.1999512	2199	""osoba1""
""osoba1""		702.9	702900	703.5	703500	1.5999756	1599	""osoba1""
""osoba3""		703.5	703500	708.0	708000	5.5	5500	""osoba3""
""osoba3""		706.80005	706800	708.0	708000	2.1999512	2199	""osoba3""
""osoba4""		707.4	707400	726.0	726000	19.599976	19599	""osoba4""
""osoba4""		708.9	708900	726.0	726000	18.099976	18099	""osoba4""
""osoba4""		712.80005	712800	726.0	726000	14.199951	14199	""osoba4""
""osoba3""		713.7	713700	715.2	715200	2.5	2500	""osoba3""
""osoba2""		714.0	714000	714.0	714000	1.0	1000	""osoba2""
""osoba4""		717.0	717000	726.0	726000	10.0	10000	""osoba4""
""osoba4""		717.60004	717600	726.0	726000	9.399963	9399	""osoba4""
""osoba4""		719.10004	719100	726.0	726000	7.8999634	7899	""osoba4""
""osoba4""		722.7	722700	726.0	726000	4.299988	4299	""osoba4""
""osoba4""		723.9	723900	726.0	726000	3.0999756	3099	""osoba4""
""osoba4""		724.5	724500	726.0	726000	2.5	2500	""osoba4""
""osoba1""		725.10004	725100	732.0	732000	7.8999634	7899	""osoba1""
""osoba2""		728.10004	728100	728.10004	728100	1.0	1000	""osoba2""
""osoba1""		729.30005	729300	732.0	732000	3.6999512	3699	""osoba1""
""osoba1""		730.80005	730800	732.0	732000	2.1999512	2199	""osoba1""
""osoba1""		731.4	731400	732.0	732000	1.5999756	1599	""osoba1""
""osoba4""		731.7	731700	733.80005	733800	3.1000366	3100	""osoba4""
""osoba3""		732.0	732000	762.0	762000	31.0	31000	""osoba3""
""osoba4""		732.9	732900	733.80005	733800	1.9000244	1900	""osoba4""
""osoba3""		734.7	734700	762.0	762000	28.299988	28299	""osoba3""
""osoba3""		736.5	736500	762.0	762000	26.5	26500	""osoba3""
""osoba3""		738.9	738900	762.0	762000	24.099976	24099	""osoba3""
""osoba3""		740.10004	740100	762.0	762000	22.899963	22899	""osoba3""
""osoba3""		742.5	742500	762.0	762000	20.5	20500	""osoba3""
""osoba4""		743.7	743700	743.7	743700	1.0	1000	""osoba4""
""osoba3""		746.4	746400	762.0	762000	16.599976	16599	""osoba3""
""osoba3""		747.30005	747300	762.0	762000	15.699951	15699	""osoba3""
""osoba3""		747.9	747900	762.0	762000	15.099976	15099	""osoba3""
""osoba3""		751.2	751200	762.0	762000	11.799988	11799	""osoba3""
""osoba3""		753.30005	753300	762.0	762000	9.699951	9699	""osoba3""
""osoba3""		753.9	753900	762.0	762000	9.099976	9099	""osoba3""
""osoba1""		756.30005	756300	756.30005	756300	1.0	1000	""osoba1""
""osoba3""		757.5	757500	762.0	762000	5.5	5500	""osoba3""
""osoba3""		758.7	758700	762.0	762000	4.299988	4299	""osoba3""
""osoba4""		758.7	758700	795.60004	795600	37.900024	37900	""osoba4""
""osoba3""		762.0	762000	762.0	762000	1.0	1000	""osoba3""
""osoba4""		762.0	762000	795.60004	795600	34.600037	34600	""osoba4""
""osoba4""		764.4	764400	795.60004	795600	32.200012	32200	""osoba4""
""osoba4""		765.30005	765300	795.60004	795600	31.299988	31299	""osoba4""
""osoba2""		765.60004	765600	766.2	766200	1.5999756	1599	""osoba2""
""osoba4""		768.0	768000	795.60004	795600	28.600037	28600	""osoba4""
""osoba4""		769.2	769200	795.60004	795600	27.400024	27400	""osoba4""
""osoba4""		771.00006	771000	795.60004	795600	25.599976	25599	""osoba4""
""osoba4""		772.2	772200	795.60004	795600	24.400024	24400	""osoba4""
""osoba2""		774.30005	774300	775.80005	775800	2.5	2500	""osoba2""
""osoba4""		776.10004	776100	795.60004	795600	20.5	20500	""osoba4""
""osoba1""		777.30005	777300	778.50006	778500	2.2000122	2200	""osoba1""
""osoba2""		778.80005	778800	781.2	781200	3.3999634	3399	""osoba2""
""osoba1""		780.9	780900	781.50006	781500	1.6000366	1600	""osoba1""
""osoba2""		780.9	780900	781.2	781200	1.2999878	1299	""osoba2""
""osoba4""		780.9	780900	795.60004	795600	15.700012	15700	""osoba4""
""osoba4""		785.10004	785100	795.60004	795600	11.5	11500	""osoba4""
""osoba4""		788.4	788400	795.60004	795600	8.200012	8200	""osoba4""
""osoba3""		788.7	788700	788.7	788700	1.0	1000	""osoba3""
""osoba4""		791.7	791700	795.60004	795600	4.9000244	4900	""osoba4""
""osoba3""		792.60004	792600	816.30005	816300	24.700012	24700	""osoba3""
""osoba3""		793.50006	793500	816.30005	816300	23.799988	23799	""osoba3""
""osoba4""		793.80005	793800	795.60004	795600	2.7999878	2799	""osoba4""
""osoba2""		795.00006	795000	795.00006	795000	1.0	1000	""osoba2""
""osoba3""		797.10004	797100	816.30005	816300	20.200012	20200	""osoba3""
""osoba3""		800.10004	800100	816.30005	816300	17.200012	17200	""osoba3""
""osoba3""		801.60004	801600	816.30005	816300	15.700012	15700	""osoba3""
""osoba3""		803.4	803400	816.30005	816300	13.900024	13900	""osoba3""
""osoba4""		803.4	803400	803.4	803400	1.0	1000	""osoba4""
""osoba3""		805.50006	805500	816.30005	816300	11.799988	11799	""osoba3""
""osoba3""		806.4	806400	816.30005	816300	10.900024	10900	""osoba3""
""osoba3""		807.60004	807600	816.30005	816300	9.700012	9700	""osoba3""
""osoba3""		808.80005	808800	816.30005	816300	8.5	8500	""osoba3""
""osoba3""		811.2	811200	816.30005	816300	6.1000366	6100	""osoba3""
""osoba1""		813.60004	813600	814.2	814200	1.5999756	1599	""osoba1""
""osoba4""		816.00006	816000	820.2	820200	5.199951	5199	""osoba4""
""osoba4""		817.2	817200	820.2	820200	4.0	4000	""osoba4""
""osoba3""		819.60004	819600	825.60004	825600	7.0	7000	""osoba3""
""osoba3""		821.4	821400	825.60004	825600	5.200012	5200	""osoba3""
""osoba3""		822.30005	822300	825.60004	825600	4.299988	4299	""osoba3""
""osoba3""		823.50006	823500	825.60004	825600	3.0999756	3099	""osoba3""
""osoba4""		824.7	824700	845.7	845700	22.0	22000	""osoba4""
""osoba4""		825.60004	825600	845.7	845700	21.099976	21099	""osoba4""
""osoba1""		826.2	826200	826.2	826200	1.0	1000	""osoba1""
""osoba4""		829.50006	829500	845.7	845700	17.199951	17199	""osoba4""
""osoba2""		829.80005	829800	834.00006	834000	5.200012	5200	""osoba2""
""osoba3""		831.00006	831000	833.7	833700	3.6999512	3699	""osoba3""
""osoba4""		831.30005	831300	845.7	845700	15.399963	15399	""osoba4""
""osoba4""		832.50006	832500	845.7	845700	14.199951	14199	""osoba4""
""osoba2""		832.80005	832800	834.00006	834000	2.2000122	2200	""osoba2""
""osoba4""		835.2	835200	845.7	845700	11.5	11500	""osoba4""
""osoba4""		839.10004	839100	845.7	845700	7.5999756	7599	""osoba4""
""osoba4""		844.80005	844800	845.7	845700	1.8999634	1899	""osoba4""
""osoba2""		845.7	845700	850.80005	850800	6.1000366	6100	""osoba2""
""osoba2""		848.10004	848100	850.80005	850800	3.7000122	3700	""osoba2""
""osoba2""		849.60004	849600	850.80005	850800	2.2000122	2200	""osoba2""
""osoba2""		850.80005	850800	850.80005	850800	1.0	1000	""osoba2""
""osoba4""		850.80005	850800	852.60004	852600	2.7999878	2799	""osoba4""
""osoba4""		852.30005	852300	852.60004	852600	1.2999878	1299	""osoba4""
""osoba2""		852.9	852900	856.80005	856800	4.9000244	4900	""osoba2""
""osoba2""		855.00006	855000	856.80005	856800	2.7999878	2799	""osoba2""
""osoba2""		856.2	856200	856.80005	856800	1.6000366	1600	""osoba2""
""osoba3""		856.80005	856800	858.30005	858300	2.5	2500	""osoba3""
""osoba4""		858.00006	858000	859.80005	859800	2.7999878	2799	""osoba4""
""osoba3""		860.4	860400	874.50006	874500	15.100037	15100	""osoba3""
""osoba3""		861.9	861900	874.50006	874500	13.600037	13600	""osoba3""
""osoba3""		864.9	864900	874.50006	874500	10.600037	10600	""osoba3""
""osoba2""		865.80005	865800	865.80005	865800	1.0	1000	""osoba2""
""osoba2""		870.60004	870600	870.60004	870600	1.0	1000	""osoba2""
""osoba2""		873.60004	873600	878.4	878400	5.799988	5799	""osoba2""
""osoba2""		877.80005	877800	878.4	878400	1.5999756	1599	""osoba2""
""osoba4""		878.4	878400	894.00006	894000	16.600037	16600	""osoba4""
""osoba4""		879.9	879900	894.00006	894000	15.100037	15100	""osoba4""
""osoba4""		883.2	883200	894.00006	894000	11.800049	11800	""osoba4""
""osoba4""		884.4	884400	894.00006	894000	10.600037	10600	""osoba4""
""osoba4""		885.00006	885000	894.00006	894000	10.0	10000	""osoba4""
""osoba4""		888.9	888900	894.00006	894000	6.1000366	6100	""osoba4""
""osoba4""		890.7	890700	894.00006	894000	4.300049	4300	""osoba4""
""osoba2""		892.80005	892800	918.60004	918600	26.799988	26799	""osoba2""
""osoba4""		896.10004	896100	896.10004	896100	1.0	1000	""osoba4""
""osoba2""		897.9	897900	918.60004	918600	21.700012	21700	""osoba2""
""osoba3""		898.2	898200	898.50006	898500	1.3000488	1300	""osoba3""
""osoba2""		900.30005	900300	918.60004	918600	19.299988	19299	""osoba2""
""osoba2""		901.80005	901800	918.60004	918600	17.799988	17799	""osoba2""
""osoba2""		904.50006	904500	918.60004	918600	15.099976	15099	""osoba2""
""osoba2""		906.60004	906600	918.60004	918600	13.0	13000	""osoba2""
""osoba2""		907.50006	907500	918.60004	918600	12.099976	12099	""osoba2""
""osoba2""		909.60004	909600	918.60004	918600	10.0	10000	""osoba2""
""osoba2""		912.9	912900	918.60004	918600	6.700012	6700	""osoba2""
""osoba2""		917.7	917700	918.60004	918600	1.9000244	1900	""osoba2""
""osoba2""		918.60004	918600	918.60004	918600	1.0	1000	""osoba2""
""osoba4""		918.9	918900	932.4	932400	14.5	14500	""osoba4""
""osoba4""		921.00006	921000	932.4	932400	12.399963	12399	""osoba4""
""osoba4""		921.60004	921600	932.4	932400	11.799988	11799	""osoba4""
""osoba4""		926.4	926400	932.4	932400	7.0	7000	""osoba4""
""osoba4""		927.30005	927300	932.4	932400	6.0999756	6099	""osoba4""
""osoba3""		929.4	929400	929.4	929400	1.0	1000	""osoba3""
""osoba4""		930.9	930900	932.4	932400	2.5	2500	""osoba4""
""osoba2""		932.10004	932100	944.4	944400	13.299988	13299	""osoba2""
""osoba4""		932.10004	932100	932.4	932400	1.2999878	1299	""osoba4""
""osoba2""		933.9	933900	944.4	944400	11.5	11500	""osoba2""
""osoba4""		934.80005	934800	936.60004	936600	2.7999878	2799	""osoba4""
""osoba3""		938.4	938400	939.30005	939300	1.9000244	1900	""osoba3""
""osoba2""		938.7	938700	944.4	944400	6.700012	6700	""osoba2""
""osoba2""		941.4	941400	944.4	944400	4.0	4000	""osoba2""
""osoba2""		942.30005	942300	944.4	944400	3.0999756	3099	""osoba2""
""osoba1""		944.4	944400	947.10004	947100	3.7000122	3700	""osoba1""
""osoba4""		944.7	944700	954.00006	954000	10.300049	10300	""osoba4""
""osoba4""		945.30005	945300	954.00006	954000	9.700012	9700	""osoba4""
""osoba4""		950.10004	950100	954.00006	954000	4.9000244	4900	""osoba4""
""osoba3""		951.60004	951600	959.4	959400	8.799988	8799	""osoba3""
""osoba4""		951.9	951900	954.00006	954000	3.1000366	3100	""osoba4""
""osoba3""		952.80005	952800	959.4	959400	7.5999756	7599	""osoba3""
""osoba3""		957.00006	957000	959.4	959400	3.3999634	3399	""osoba3""
""osoba3""		957.9	957900	959.4	959400	2.5	2500	""osoba3""
""osoba3""		959.10004	959100	959.4	959400	1.2999878	1299	""osoba3""
""osoba1""		959.7	959700	961.50006	961500	2.8000488	2800	""osoba1""
""osoba3""		961.50006	961500	966.00006	966000	5.5	5500	""osoba3""
""osoba3""		962.7	962700	966.00006	966000	4.300049	4300	""osoba3""
""osoba3""		963.60004	963600	966.00006	966000	3.4000244	3400	""osoba3""
""osoba1""		964.2	964200	965.4	965400	2.2000122	2200	""osoba1""
""osoba3""		965.10004	965100	966.00006	966000	1.9000244	1900	""osoba3""
""osoba2""		966.9	966900	984.30005	984300	18.400024	18400	""osoba2""
""osoba2""		967.80005	967800	984.30005	984300	17.5	17500	""osoba2""
""osoba2""		968.7	968700	984.30005	984300	16.600037	16600	""osoba2""
""osoba2""		971.4	971400	984.30005	984300	13.900024	13900	""osoba2""
""osoba4""		972.00006	972000	975.30005	975300	4.299988	4299	""osoba4""
""osoba2""		974.4	974400	984.30005	984300	10.900024	10900	""osoba2""
""osoba2""		975.00006	975000	984.30005	984300	10.299988	10299	""osoba2""
""osoba4""		975.30005	975300	975.30005	975300	1.0	1000	""osoba4""
""osoba2""		976.50006	976500	984.30005	984300	8.799988	8799	""osoba2""
""osoba2""		977.4	977400	984.30005	984300	7.9000244	7900	""osoba2""
""osoba2""		982.2	982200	984.30005	984300	3.1000366	3100	""osoba2""
""osoba4""		984.00006	984000	992.10004	992100	9.099976	9099	""osoba4""
""osoba2""		987.30005	987300	987.60004	987600	1.2999878	1299	""osoba2""
""osoba4""		989.7	989700	992.10004	992100	3.4000244	3400	""osoba4""
""osoba4""		990.9	990900	992.10004	992100	2.2000122	2200	""osoba4""
""osoba2""		992.10004	992100	1003.80005	1003800	12.700012	12700	""osoba2""
""osoba4""		992.10004	992100	992.10004	992100	1.0	1000	""osoba4""
""osoba2""		993.30005	993300	1003.80005	1003800	11.5	11500	""osoba2""
""osoba2""		994.80005	994800	1003.80005	1003800	10.0	10000	""osoba2""
""osoba2""		997.80005	997800	1003.80005	1003800	7.0	7000	""osoba2""
""osoba2""		998.4	998400	1003.80005	1003800	6.4000244	6400	""osoba2""
""osoba2""		1000.2	1000200	1003.80005	1003800	4.6000366	4600	""osoba2""
""osoba2""		1001.10004	1001100	1003.80005	1003800	3.7000122	3700	""osoba2""
""osoba1""		1001.7	1001700	1023.30005	1023300	22.600037	22600	""osoba1""
""osoba1""		1005.60004	1005600	1023.30005	1023300	18.700012	18700	""osoba1""
""osoba1""		1008.9	1008900	1023.30005	1023300	15.400024	15400	""osoba1""
""osoba2""		1011.00006	1011000	1011.00006	1011000	1.0	1000	""osoba2""
""osoba1""		1012.50006	1012500	1023.30005	1023300	11.799988	11799	""osoba1""
""osoba4""		1013.7	1013700	1013.7	1013700	1.0	1000	""osoba4""
""osoba1""		1014.30005	1014300	1023.30005	1023300	10.0	10000	""osoba1""
""osoba1""		1015.2	1015200	1023.30005	1023300	9.100037	9100	""osoba1""
""osoba3""		1015.2	1015200	1018.2	1018200	4.0	4000	""osoba3""
""osoba1""		1015.80005	1015800	1023.30005	1023300	8.5	8500	""osoba1""
""osoba4""		1015.80005	1015800	1017.30005	1017300	2.5	2500	""osoba4""
""osoba1""		1022.7	1022700	1023.30005	1023300	1.6000366	1600	""osoba1""
""osoba2""		1023.60004	1023600	1029.3	1029300	6.700012	6700	""osoba2""
""osoba2""		1025.7001	1025700	1029.3	1029300	4.5999756	4599	""osoba2""
""osoba2""		1027.5	1027500	1029.3	1029300	2.8000488	2800	""osoba2""
""osoba4""		1027.8	1027800	1031.1001	1031100	4.300049	4300	""osoba4""
""osoba3""		1029.0	1029000	1029.0	1029000	1.0	1000	""osoba3""
""osoba3""		1031.1001	1031100	1041.0	1041000	10.899902	10899	""osoba3""
""osoba4""		1031.1001	1031100	1031.1001	1031100	1.0	1000	""osoba4""
""osoba3""		1034.4	1034400	1041.0	1041000	7.5999756	7599	""osoba3""
""osoba2""		1035.0	1035000	1037.1001	1037100	3.1000977	3100	""osoba2""
""osoba3""		1035.6001	1035600	1041.0	1041000	6.3999023	6399	""osoba3""
""osoba3""		1039.2001	1039200	1041.0	1041000	2.7999268	2799	""osoba3""
""osoba2""		1040.7001	1040700	1045.2001	1045200	5.5	5500	""osoba2""
""osoba4""		1043.4	1043400	1043.4	1043400	1.0	1000	""osoba4""
""osoba2""		1045.2001	1045200	1045.2001	1045200	1.0	1000	""osoba2""
""osoba3""		1045.5	1045500	1057.5	1057500	13.0	13000	""osoba3""
""osoba4""		1047.0	1047000	1047.0	1047000	1.0	1000	""osoba4""
""osoba3""		1048.2001	1048200	1057.5	1057500	10.299927	10299	""osoba3""
""osoba2""		1049.1001	1049100	1050.3	1050300	2.1999512	2199	""osoba2""
""osoba3""		1049.1001	1049100	1057.5	1057500	9.399902	9399	""osoba3""
""osoba4""		1050.3	1050300	1052.4	1052400	3.0999756	3099	""osoba4""
""osoba4""		1051.5	1051500	1052.4	1052400	1.9000244	1900	""osoba4""
""osoba2""		1054.2001	1054200	1055.7001	1055700	2.5	2500	""osoba2""
""osoba2""		1055.7001	1055700	1055.7001	1055700	1.0	1000	""osoba2""
""osoba3""		1056.0	1056000	1057.5	1057500	2.5	2500	""osoba3""
""osoba2""		1058.1001	1058100	1060.2001	1060200	3.0999756	3099	""osoba2""
""osoba2""		1058.7001	1058700	1060.2001	1060200	2.5	2500	""osoba2""
""osoba3""		1059.6001	1059600	1064.4	1064400	5.7999268	5799	""osoba3""
""osoba3""		1062.3	1062300	1064.4	1064400	3.0999756	3099	""osoba3""
""osoba3""		1063.8	1063800	1064.4	1064400	1.5999756	1599	""osoba3""
""osoba4""		1065.0	1065000	1096.8	1096800	32.80005	32800	""osoba4""
""osoba4""		1065.6001	1065600	1096.8	1096800	32.19995	32199	""osoba4""
""osoba4""		1066.8	1066800	1096.8	1096800	31.0	31000	""osoba4""
""osoba2""		1067.4	1067400	1067.4	1067400	1.0	1000	""osoba2""
""osoba4""		1067.7001	1067700	1096.8	1096800	30.099976	30099	""osoba4""
""osoba1""		1068.3	1068300	1070.4	1070400	3.0999756	3099	""osoba1""
""osoba4""		1072.2001	1072200	1096.8	1096800	25.599976	25599	""osoba4""
""osoba3""		1074.0	1074000	1076.4	1076400	3.4000244	3400	""osoba3""
""osoba4""		1078.8	1078800	1096.8	1096800	19.0	19000	""osoba4""
""osoba4""		1081.8	1081800	1096.8	1096800	16.0	16000	""osoba4""
""osoba4""		1082.7001	1082700	1096.8	1096800	15.099976	15099	""osoba4""
""osoba4""		1083.6001	1083600	1096.8	1096800	14.199951	14199	""osoba4""
""osoba3""		1084.5	1084500	1085.7001	1085700	2.2000732	2200	""osoba3""
""osoba4""		1084.5	1084500	1096.8	1096800	13.300049	13300	""osoba4""
""osoba4""		1089.6001	1089600	1096.8	1096800	8.199951	8199	""osoba4""
""osoba4""		1091.4	1091400	1096.8	1096800	6.4000244	6400	""osoba4""
""osoba1""		1091.7001	1091700	1093.2001	1093200	2.5	2500	""osoba1""
""osoba4""		1093.2001	1093200	1096.8	1096800	4.5999756	4599	""osoba4""
""osoba1""		1095.3	1095300	1109.7001	1109700	15.400024	15400	""osoba1""
""osoba1""		1098.0	1098000	1109.7001	1109700	12.700073	12700	""osoba1""
""osoba1""		1100.7001	1100700	1109.7001	1109700	10.0	10000	""osoba1""
""osoba1""		1101.6001	1101600	1109.7001	1109700	9.099976	9099	""osoba1""
""osoba1""		1104.6001	1104600	1109.7001	1109700	6.0999756	6099	""osoba1""
""osoba2""		1105.8	1105800	1105.8	1105800	1.0	1000	""osoba2""
""osoba4""		1107.6001	1107600	1107.6001	1107600	1.0	1000	""osoba4""
""osoba3""		1108.5	1108500	1124.1001	1124100	16.600098	16600	""osoba3""
""osoba1""		1109.4	1109400	1109.7001	1109700	1.3000488	1300	""osoba1""
""osoba3""		1111.2001	1111200	1124.1001	1124100	13.900024	13900	""osoba3""
""osoba3""		1111.8	1111800	1124.1001	1124100	13.300049	13300	""osoba3""
""osoba3""		1112.4	1112400	1124.1001	1124100	12.700073	12700	""osoba3""
""osoba3""		1115.1001	1115100	1124.1001	1124100	10.0	10000	""osoba3""
""osoba1""		1115.7001	1115700	1118.1001	1118100	3.4000244	3400	""osoba1""
""osoba3""		1119.3	1119300	1124.1001	1124100	5.800049	5800	""osoba3""
""osoba3""		1122.9	1122900	1124.1001	1124100	2.2000732	2200	""osoba3""
""osoba2""		1124.4	1124400	1125.6001	1125600	2.2000732	2200	""osoba2""
""osoba4""		1125.6001	1125600	1130.1001	1130100	5.5	5500	""osoba4""
""osoba1""		1127.1001	1127100	1128.6001	1128600	2.5	2500	""osoba1""
""osoba4""		1128.0	1128000	1130.1001	1130100	3.1000977	3100	""osoba4""
""osoba2""		1129.2001	1129200	1134.0	1134000	5.7999268	5799	""osoba2""
""osoba2""		1131.0	1131000	1134.0	1134000	4.0	4000	""osoba2""
""osoba2""		1133.7001	1133700	1134.0	1134000	1.2999268	1299	""osoba2""
""osoba4""		1134.0	1134000	1140.3	1140300	7.300049	7300	""osoba4""
""osoba4""		1135.2001	1135200	1140.3	1140300	6.0999756	6099	""osoba4""
""osoba2""		1136.4	1136400	1137.0	1137000	1.5999756	1599	""osoba2""
""osoba4""		1137.6001	1137600	1140.3	1140300	3.6999512	3699	""osoba4""
""osoba1""		1137.9	1137900	1138.2001	1138200	1.3000488	1300	""osoba1""
""osoba3""		1138.2001	1138200	1147.8	1147800	10.599976	10599	""osoba3""
""osoba1""		1141.5	1141500	1143.6001	1143600	3.1000977	3100	""osoba1""
""osoba2""		1147.8	1147800	1153.8	1153800	7.0	7000	""osoba2""
""osoba2""		1149.0	1149000	1153.8	1153800	5.800049	5800	""osoba2""
""osoba2""		1151.4	1151400	1153.8	1153800	3.4000244	3400	""osoba2""
""osoba2""		1152.0	1152000	1153.8	1153800	2.8000488	2800	""osoba2""
""osoba3""		1152.3	1152300	1152.3	1152300	1.0	1000	""osoba3""
""osoba2""		1153.2001	1153200	1153.8	1153800	1.5999756	1599	""osoba2""
""osoba4""		1153.8	1153800	1168.8	1168800	16.0	16000	""osoba4""
""osoba4""		1155.9	1155900	1168.8	1168800	13.900024	13900	""osoba4""
""osoba3""		1158.0	1158000	1158.6001	1158600	1.6000977	1600	""osoba3""
""osoba4""		1159.8	1159800	1168.8	1168800	10.0	10000	""osoba4""
""osoba4""		1163.1001	1163100	1168.8	1168800	6.699951	6699	""osoba4""
""osoba4""		1163.7001	1163700	1168.8	1168800	6.0999756	6099	""osoba4""
""osoba4""		1165.8	1165800	1168.8	1168800	4.0	4000	""osoba4""
""osoba2""		1167.3	1167300	1170.0	1170000	3.6999512	3699	""osoba2""
""osoba1""		1168.5	1168500	1173.9	1173900	6.4000244	6400	""osoba1""
""osoba3""		1172.1001	1172100	1182.3	1182300	11.199951	11199	""osoba3""
""osoba1""		1172.7001	1172700	1173.9	1173900	2.1999512	2199	""osoba1""
""osoba3""		1173.3	1173300	1182.3	1182300	10.0	10000	""osoba3""
""osoba3""		1175.7001	1175700	1182.3	1182300	7.5999756	7599	""osoba3""
""osoba3""		1176.3	1176300	1182.3	1182300	7.0	7000	""osoba3""
""osoba3""		1179.3	1179300	1182.3	1182300	4.0	4000	""osoba3""
""osoba4""		1180.8	1180800	1186.2001	1186200	6.4000244	6400	""osoba4""
""osoba2""		1184.4	1184400	1200.9	1200900	17.5	17500	""osoba2""
""osoba3""		1185.6001	1185600	1189.5	1189500	4.8999023	4899	""osoba3""
""osoba2""		1193.1001	1193100	1200.9	1200900	8.799927	8799	""osoba2""
""osoba4""		1193.7001	1193700	1193.7001	1193700	1.0	1000	""osoba4""
""osoba2""		1196.7001	1196700	1200.9	1200900	5.199951	5199	""osoba2""
""osoba4""		1200.0	1200000	1201.5	1201500	2.5	2500	""osoba4""
""osoba1""		1200.6001	1200600	1233.9	1233900	34.299927	34299	""osoba1""
""osoba2""		1200.9	1200900	1200.9	1200900	1.0	1000	""osoba2""
""osoba4""		1201.5	1201500	1201.5	1201500	1.0	1000	""osoba4""
""osoba1""		1202.1001	1202100	1233.9	1233900	32.799927	32799	""osoba1""
""osoba1""		1205.4	1205400	1233.9	1233900	29.5	29500	""osoba1""
""osoba1""		1207.2001	1207200	1233.9	1233900	27.699951	27699	""osoba1""
""osoba3""		1208.7001	1208700	1211.1001	1211100	3.4000244	3400	""osoba3""
""osoba1""		1210.5	1210500	1233.9	1233900	24.400024	24400	""osoba1""
""osoba3""		1210.5	1210500	1211.1001	1211100	1.6000977	1600	""osoba3""
""osoba3""		1211.1001	1211100	1211.1001	1211100	1.0	1000	""osoba3""
""osoba1""		1211.7001	1211700	1233.9	1233900	23.199951	23199	""osoba1""
""osoba1""		1215.3	1215300	1233.9	1233900	19.599976	19599	""osoba1""
""osoba1""		1216.2001	1216200	1233.9	1233900	18.699951	18699	""osoba1""
""osoba1""		1218.0	1218000	1233.9	1233900	16.900024	16900	""osoba1""
""osoba1""		1219.2001	1219200	1233.9	1233900	15.699951	15699	""osoba1""
""osoba1""		1222.2001	1222200	1233.9	1233900	12.699951	12699	""osoba1""
""osoba1""		1224.0	1224000	1233.9	1233900	10.900024	10900	""osoba1""
""osoba4""		1224.0	1224000	1226.1001	1226100	3.1000977	3100	""osoba4""
""osoba3""		1224.6001	1224600	1225.2001	1225200	1.5999756	1599	""osoba3""
""osoba1""		1228.5	1228500	1233.9	1233900	6.4000244	6400	""osoba1""
""osoba1""		1230.3	1230300	1233.9	1233900	4.5999756	4599	""osoba1""
""osoba1""		1230.9	1230900	1233.9	1233900	4.0	4000	""osoba1""
""osoba1""		1232.7001	1232700	1233.9	1233900	2.1999512	2199	""osoba1""
""osoba4""		1233.6001	1233600	1264.8	1264800	32.19995	32199	""osoba4""
""osoba3""		1235.1001	1235100	1236.9	1236900	2.7999268	2799	""osoba3""
""osoba1""		1236.3	1236300	1236.3	1236300	1.0	1000	""osoba1""
""osoba4""		1238.4	1238400	1264.8	1264800	27.400024	27400	""osoba4""
""osoba4""		1239.3	1239300	1264.8	1264800	26.5	26500	""osoba4""
""osoba2""		1241.4	1241400	1241.7001	1241700	1.3000488	1300	""osoba2""
""osoba4""		1242.6001	1242600	1264.8	1264800	23.199951	23199	""osoba4""
""osoba4""		1245.0	1245000	1264.8	1264800	20.800049	20800	""osoba4""
""osoba4""		1249.8	1249800	1264.8	1264800	16.0	16000	""osoba4""
""osoba4""		1250.4	1250400	1264.8	1264800	15.400024	15400	""osoba4""
""osoba3""		1251.9	1251900	1253.4	1253400	2.5	2500	""osoba3""
""osoba4""		1251.9	1251900	1264.8	1264800	13.900024	13900	""osoba4""
""osoba2""		1252.2001	1252200	1253.1001	1253100	1.9000244	1900	""osoba2""
""osoba4""		1254.6001	1254600	1264.8	1264800	11.199951	11199	""osoba4""
""osoba4""		1260.6001	1260600	1264.8	1264800	5.199951	5199	""osoba4""
""osoba4""		1261.5	1261500	1264.8	1264800	4.300049	4300	""osoba4""
""osoba2""		1262.4	1262400	1284.6001	1284600	23.200073	23200	""osoba2""
""osoba4""		1262.4	1262400	1264.8	1264800	3.4000244	3400	""osoba4""
""osoba3""		1265.1001	1265100	1265.1001	1265100	1.0	1000	""osoba3""
""osoba2""		1265.7001	1265700	1284.6001	1284600	19.900024	19900	""osoba2""
""osoba2""		1266.3	1266300	1284.6001	1284600	19.300049	19300	""osoba2""
""osoba2""		1267.8	1267800	1284.6001	1284600	17.800049	17800	""osoba2""
""osoba2""		1268.7001	1268700	1284.6001	1284600	16.900024	16900	""osoba2""
""osoba2""		1269.3	1269300	1284.6001	1284600	16.300049	16300	""osoba2""
""osoba2""		1269.9	1269900	1284.6001	1284600	15.700073	15700	""osoba2""
""osoba3""		1270.2001	1270200	1270.2001	1270200	1.0	1000	""osoba3""
""osoba4""		1271.4	1271400	1271.4	1271400	1.0	1000	""osoba4""
""osoba2""		1274.7001	1274700	1284.6001	1284600	10.900024	10900	""osoba2""
""osoba2""		1279.2001	1279200	1284.6001	1284600	6.4000244	6400	""osoba2""
""osoba2""		1280.1001	1280100	1284.6001	1284600	5.5	5500	""osoba2""
""osoba2""		1281.6001	1281600	1284.6001	1284600	4.0	4000	""osoba2""
""osoba2""		1282.5	1282500	1284.6001	1284600	3.1000977	3100	""osoba2""
""osoba1""		1283.4	1283400	1288.2001	1288200	5.800049	5800	""osoba1""
""osoba4""		1285.2001	1285200	1285.5	1285500	1.2999268	1299	""osoba4""
""osoba1""		1285.5	1285500	1288.2001	1288200	3.7000732	3700	""osoba1""
""osoba1""		1286.7001	1286700	1288.2001	1288200	2.5	2500	""osoba1""
""osoba1""		1287.9	1287900	1288.2001	1288200	1.3000488	1300	""osoba1""
""osoba4""		1288.2001	1288200	1307.4	1307400	20.199951	20199	""osoba4""
""osoba4""		1290.0	1290000	1307.4	1307400	18.400024	18400	""osoba4""
""osoba4""		1290.9	1290900	1307.4	1307400	17.5	17500	""osoba4""
""osoba4""		1292.7001	1292700	1307.4	1307400	15.699951	15699	""osoba4""
""osoba4""		1293.3	1293300	1307.4	1307400	15.099976	15099	""osoba4""
""osoba4""		1294.2001	1294200	1307.4	1307400	14.199951	14199	""osoba4""
""osoba3""		1295.4	1295400	1295.7001	1295700	1.3000488	1300	""osoba3""
""osoba4""		1296.6001	1296600	1307.4	1307400	11.799927	11799	""osoba4""
""osoba4""		1297.8	1297800	1307.4	1307400	10.599976	10599	""osoba4""
""osoba4""		1299.0	1299000	1307.4	1307400	9.400024	9400	""osoba4""
""osoba3""		1306.8	1306800	1313.7001	1313700	7.9000244	7900	""osoba3""
""osoba4""		1306.8	1306800	1307.4	1307400	1.5999756	1599	""osoba4""
""osoba3""		1308.9	1308900	1313.7001	1313700	5.800049	5800	""osoba3""
""osoba3""		1310.1001	1310100	1313.7001	1313700	4.5999756	4599	""osoba3""
""osoba3""		1310.7001	1310700	1313.7001	1313700	4.0	4000	""osoba3""
""osoba3""		1311.3	1311300	1313.7001	1313700	3.4000244	3400	""osoba3""
""osoba3""		1312.5	1312500	1313.7001	1313700	2.2000732	2200	""osoba3""
""osoba2""		1313.1001	1313100	1329.0	1329000	16.899902	16899	""osoba2""
""osoba3""		1313.7001	1313700	1313.7001	1313700	1.0	1000	""osoba3""
""osoba2""		1317.3	1317300	1329.0	1329000	12.699951	12699	""osoba2""
""osoba2""		1318.8	1318800	1329.0	1329000	11.199951	11199	""osoba2""
""osoba2""		1319.4	1319400	1329.0	1329000	10.599976	10599	""osoba2""
""osoba2""		1320.3	1320300	1329.0	1329000	9.699951	9699	""osoba2""
""osoba2""		1321.5	1321500	1329.0	1329000	8.5	8500	""osoba2""
""osoba2""		1322.7001	1322700	1329.0	1329000	7.2999268	7299	""osoba2""
""osoba2""		1324.8	1324800	1329.0	1329000	5.199951	5199	""osoba2""
""osoba2""		1328.1001	1328100	1329.0	1329000	1.8999023	1899	""osoba2""
""osoba2""		1328.7001	1328700	1329.0	1329000	1.2999268	1299	""osoba2""
""osoba3""		1329.0	1329000	1331.7001	1331700	3.7000732	3700	""osoba3""
""osoba3""		1330.8	1330800	1331.7001	1331700	1.9000244	1900	""osoba3""
""osoba2""		1332.3	1332300	1343.1001	1343100	11.800049	11800	""osoba2""
""osoba2""		1335.6001	1335600	1343.1001	1343100	8.5	8500	""osoba2""
""osoba3""		1338.3	1338300	1338.9	1338900	1.5999756	1599	""osoba3""
""osoba1""		1339.2001	1339200	1339.5	1339500	1.2999268	1299	""osoba1""
""osoba4""		1341.3	1341300	1341.3	1341300	1.0	1000	""osoba4""
""osoba2""		1341.6001	1341600	1343.1001	1343100	2.5	2500	""osoba2""
""osoba3""		1342.8	1342800	1348.8	1348800	7.0	7000	""osoba3""
""osoba3""		1344.0	1344000	1348.8	1348800	5.800049	5800	""osoba3""
""osoba3""		1344.9	1344900	1348.8	1348800	4.9000244	4900	""osoba3""
""osoba1""		1349.4	1349400	1359.0	1359000	10.599976	10599	""osoba1""
""osoba1""		1351.2001	1351200	1359.0	1359000	8.799927	8799	""osoba1""
""osoba1""		1353.3	1353300	1359.0	1359000	6.699951	6699	""osoba1""
""osoba1""		1354.8	1354800	1359.0	1359000	5.199951	5199	""osoba1""
""osoba1""		1355.4	1355400	1359.0	1359000	4.5999756	4599	""osoba1""
""osoba1""		1356.3	1356300	1359.0	1359000	3.6999512	3699	""osoba1""
""osoba2""		1356.6001	1356600	1356.6001	1356600	1.0	1000	""osoba2""
""osoba1""		1357.2001	1357200	1359.0	1359000	2.7999268	2799	""osoba1""
""osoba2""		1358.7001	1358700	1368.3	1368300	10.599976	10599	""osoba2""
""osoba1""		1359.0	1359000	1359.0	1359000	1.0	1000	""osoba1""
""osoba2""		1359.9	1359900	1368.3	1368300	9.400024	9400	""osoba2""
""osoba3""		1360.8	1360800	1360.8	1360800	1.0	1000	""osoba3""
""osoba2""		1362.6001	1362600	1368.3	1368300	6.699951	6699	""osoba2""
""osoba2""		1363.2001	1363200	1368.3	1368300	6.0999756	6099	""osoba2""
""osoba1""		1365.3	1365300	1365.3	1365300	1.0	1000	""osoba1""
""osoba2""		1365.9	1365900	1368.3	1368300	3.4000244	3400	""osoba2""
""osoba4""		1366.8	1366800	1370.1001	1370100	4.300049	4300	""osoba4""
""osoba3""		1370.4	1370400	1378.2001	1378200	8.800049	8800	""osoba3""
""osoba3""		1372.2001	1372200	1378.2001	1378200	7.0	7000	""osoba3""
""osoba3""		1374.9	1374900	1378.2001	1378200	4.300049	4300	""osoba3""
""osoba3""		1376.4	1376400	1378.2001	1378200	2.8000488	2800	""osoba3""
""osoba3""		1377.6001	1377600	1378.2001	1378200	1.5999756	1599	""osoba3""
""osoba2""		1378.2001	1378200	1384.5	1384500	7.2999268	7299	""osoba2""
""osoba2""		1381.8	1381800	1384.5	1384500	3.6999512	3699	""osoba2""
""osoba2""		1383.0	1383000	1384.5	1384500	2.5	2500	""osoba2""
""osoba1""		1383.3	1383300	1387.2001	1387200	4.9000244	4900	""osoba1""
""osoba2""		1387.2001	1387200	1395.9	1395900	9.699951	9699	""osoba2""
""osoba2""		1390.2001	1390200	1395.9	1395900	6.699951	6699	""osoba2""
""osoba2""		1391.4	1391400	1395.9	1395900	5.5	5500	""osoba2""
""osoba2""		1392.0	1392000	1395.9	1395900	4.9000244	4900	""osoba2""
""osoba2""		1393.5	1393500	1395.9	1395900	3.4000244	3400	""osoba2""
""osoba2""		1395.3	1395300	1395.9	1395900	1.5999756	1599	""osoba2""
""osoba3""		1395.9	1395900	1402.5	1402500	7.5999756	7599	""osoba3""
""osoba3""		1398.0	1398000	1402.5	1402500	5.5	5500	""osoba3""
""osoba3""		1400.1001	1400100	1402.5	1402500	3.3999023	3399	""osoba3""
""osoba3""		1401.3	1401300	1402.5	1402500	2.1999512	2199	""osoba3""
""osoba3""		1401.9	1401900	1402.5	1402500	1.5999756	1599	""osoba3""
""osoba4""		1402.2001	1402200	1405.2001	1405200	4.0	4000	""osoba4""
""osoba4""		1403.7001	1403700	1405.2001	1405200	2.5	2500	""osoba4""
""osoba3""		1404.6001	1404600	1407.6001	1407600	4.0	4000	""osoba3""
""osoba3""		1405.8	1405800	1407.6001	1407600	2.8000488	2800	""osoba3""
""osoba2""		1406.4	1406400	1440.6001	1440600	35.200073	35200	""osoba2""
""osoba3""		1407.3	1407300	1407.6001	1407600	1.3000488	1300	""osoba3""
""osoba4""		1407.3	1407300	1409.4	1409400	3.0999756	3099	""osoba4""
""osoba2""		1409.4	1409400	1440.6001	1440600	32.200073	32200	""osoba2""
""osoba2""		1412.4	1412400	1440.6001	1440600	29.200073	29200	""osoba2""
""osoba2""		1413.3	1413300	1440.6001	1440600	28.300049	28300	""osoba2""
""osoba2""		1413.9	1413900	1440.6001	1440600	27.700073	27700	""osoba2""
""osoba2""		1416.6001	1416600	1440.6001	1440600	25.0	25000	""osoba2""
""osoba3""		1417.5	1417500	1419.3	1419300	2.8000488	2800	""osoba3""
""osoba2""		1421.4	1421400	1440.6001	1440600	20.200073	20200	""osoba2""
""osoba2""		1423.5	1423500	1440.6001	1440600	18.100098	18100	""osoba2""
""osoba2""		1428.3	1428300	1440.6001	1440600	13.300049	13300	""osoba2""
""osoba2""		1429.2001	1429200	1440.6001	1440600	12.400024	12400	""osoba2""
""osoba2""		1430.1001	1430100	1440.6001	1440600	11.5	11500	""osoba2""
""osoba2""		1431.3	1431300	1440.6001	1440600	10.300049	10300	""osoba2""
""osoba4""		1432.8	1432800	1435.2001	1435200	3.4000244	3400	""osoba4""
""osoba2""		1434.9	1434900	1440.6001	1440600	6.7000732	6700	""osoba2""
""osoba4""		1435.2001	1435200	1435.2001	1435200	1.0	1000	""osoba4""
""osoba2""		1436.1001	1436100	1440.6001	1440600	5.5	5500	""osoba2""
""osoba1""		1437.3	1437300	1438.2001	1438200	1.9000244	1900	""osoba1""
""osoba2""		1439.1001	1439100	1440.6001	1440600	2.5	2500	""osoba2""
""osoba3""		1440.6001	1440600	1470.6001	1470600	31.0	31000	""osoba3""
""osoba3""		1442.7001	1442700	1470.6001	1470600	28.900024	28900	""osoba3""
""osoba3""		1444.2001	1444200	1470.6001	1470600	27.400024	27400	""osoba3""
""osoba3""		1445.1001	1445100	1470.6001	1470600	26.5	26500	""osoba3""
""osoba4""		1445.4	1445400	1447.2001	1447200	2.8000488	2800	""osoba4""
""osoba3""		1446.3	1446300	1470.6001	1470600	25.300049	25300	""osoba3""
""osoba2""		1450.2001	1450200	1450.8	1450800	1.5999756	1599	""osoba2""
""osoba3""		1450.2001	1450200	1470.6001	1470600	21.400024	21400	""osoba3""
""osoba1""		1453.5	1453500	1453.5	1453500	1.0	1000	""osoba1""
""osoba3""		1453.8	1453800	1470.6001	1470600	17.800049	17800	""osoba3""
""osoba2""		1454.7001	1454700	1457.7001	1457700	4.0	4000	""osoba2""
""osoba3""		1458.9	1458900	1470.6001	1470600	12.700073	12700	""osoba3""
""osoba3""		1459.5	1459500	1470.6001	1470600	12.100098	12100	""osoba3""
""osoba3""		1462.8	1462800	1470.6001	1470600	8.800049	8800	""osoba3""
""osoba3""		1466.4	1466400	1470.6001	1470600	5.2000732	5200	""osoba3""
""osoba3""		1467.6001	1467600	1470.6001	1470600	4.0	4000	""osoba3""
""osoba3""		1468.5	1468500	1470.6001	1470600	3.1000977	3100	""osoba3""
""osoba3""		1469.4	1469400	1470.6001	1470600	2.2000732	2200	""osoba3""
""osoba3""		1470.3	1470300	1470.6001	1470600	1.3000488	1300	""osoba3""
""osoba4""		1470.6001	1470600	1483.8	1483800	14.199951	14199	""osoba4""
""osoba4""		1471.8	1471800	1483.8	1483800	13.0	13000	""osoba4""
""osoba1""		1473.6001	1473600	1475.1001	1475100	2.5	2500	""osoba1""
""osoba4""		1477.8	1477800	1483.8	1483800	7.0	7000	""osoba4""
""osoba3""		1478.1001	1478100	1478.1001	1478100	1.0	1000	""osoba3""
""osoba4""		1479.3	1479300	1483.8	1483800	5.5	5500	""osoba4""
""osoba2""		1480.2001	1480200	1487.7001	1487700	8.5	8500	""osoba2""
""osoba2""		1482.0	1482000	1487.7001	1487700	6.7000732	6700	""osoba2""
""osoba4""		1482.6001	1482600	1483.8	1483800	2.1999512	2199	""osoba4""
""osoba2""		1483.8	1483800	1487.7001	1487700	4.9000244	4900	""osoba2""
""osoba2""		1486.2001	1486200	1487.7001	1487700	2.5	2500	""osoba2""
""osoba3""		1486.2001	1486200	1519.8	1519800	34.599976	34599	""osoba3""
""osoba4""		1487.4	1487400	1487.7001	1487700	1.3000488	1300	""osoba4""
""osoba3""		1493.1001	1493100	1519.8	1519800	27.699951	27699	""osoba3""
""osoba4""		1493.1001	1493100	1496.4	1496400	4.2999268	4299	""osoba4""
""osoba4""		1494.9	1494900	1496.4	1496400	2.5	2500	""osoba4""
""osoba3""		1497.3	1497300	1519.8	1519800	23.5	23500	""osoba3""
""osoba3""		1498.5	1498500	1519.8	1519800	22.300049	22300	""osoba3""
""osoba4""		1499.7001	1499700	1499.7001	1499700	1.0	1000	""osoba4""
""osoba1""		1500.9	1500900	1501.2001	1501200	1.3000488	1300	""osoba1""
""osoba3""		1502.4	1502400	1519.8	1519800	18.400024	18400	""osoba3""
""osoba3""		1504.5	1504500	1519.8	1519800	16.300049	16300	""osoba3""
""osoba3""		1505.1001	1505100	1519.8	1519800	15.699951	15699	""osoba3""
""osoba3""		1506.0	1506000	1519.8	1519800	14.800049	14800	""osoba3""
""osoba3""		1507.2001	1507200	1519.8	1519800	13.599976	13599	""osoba3""
""osoba3""		1509.9	1509900	1519.8	1519800	10.900024	10900	""osoba3""
""osoba3""		1511.1001	1511100	1519.8	1519800	9.699951	9699	""osoba3""
""osoba3""		1512.3	1512300	1519.8	1519800	8.5	8500	""osoba3""
""osoba2""		1513.2001	1513200	1514.1001	1514100	1.9000244	1900	""osoba2""
""osoba3""		1513.5	1513500	1519.8	1519800	7.300049	7300	""osoba3""
""osoba3""		1517.1001	1517100	1519.8	1519800	3.6999512	3699	""osoba3""
""osoba2""		1518.6001	1518600	1521.6001	1521600	4.0	4000	""osoba2""
""osoba4""		1521.6001	1521600	1524.6001	1524600	4.0	4000	""osoba4""
""osoba4""		1523.1001	1523100	1524.6001	1524600	2.5	2500	""osoba4""
""osoba3""		1524.0	1524000	1544.1001	1544100	21.100098	21100	""osoba3""
""osoba3""		1527.9	1527900	1544.1001	1544100	17.200073	17200	""osoba3""
""osoba3""		1528.5	1528500	1544.1001	1544100	16.600098	16600	""osoba3""
""osoba3""		1529.1001	1529100	1544.1001	1544100	16.0	16000	""osoba3""
""osoba2""		1535.1001	1535100	1535.4	1535400	1.2999268	1299	""osoba2""
""osoba3""		1535.1001	1535100	1544.1001	1544100	10.0	10000	""osoba3""
""osoba3""		1536.9	1536900	1544.1001	1544100	8.200073	8200	""osoba3""
""osoba3""		1538.4	1538400	1544.1001	1544100	6.7000732	6700	""osoba3""
""osoba3""		1539.9	1539900	1544.1001	1544100	5.2000732	5200	""osoba3""
""osoba1""		1540.2001	1540200	1543.5001	1543500	4.300049	4300	""osoba1""
""osoba3""		1540.5001	1540500	1544.1001	1544100	4.5999756	4599	""osoba3""
""osoba2""		1541.4	1541400	1542.9	1542900	2.5	2500	""osoba2""
""osoba3""		1543.2001	1543200	1544.1001	1544100	1.9000244	1900	""osoba3""
""osoba4""		1544.1001	1544100	1548.3	1548300	5.199951	5199	""osoba4""
""osoba4""		1545.3	1545300	1548.3	1548300	4.0	4000	""osoba4""
""osoba2""		1546.2001	1546200	1550.4	1550400	5.199951	5199	""osoba2""
""osoba4""		1546.2001	1546200	1548.3	1548300	3.0999756	3099	""osoba4""
""osoba3""		1547.1001	1547100	1547.7001	1547700	1.5999756	1599	""osoba3""
""osoba4""		1547.4	1547400	1548.3	1548300	1.9000244	1900	""osoba4""
""osoba1""		1548.3	1548300	1573.5001	1573500	26.200073	26200	""osoba1""
""osoba2""		1548.3	1548300	1550.4	1550400	3.0999756	3099	""osoba2""
""osoba1""		1552.2001	1552200	1573.5001	1573500	22.300049	22300	""osoba1""
""osoba3""		1552.5001	1552500	1553.1001	1553100	1.5999756	1599	""osoba3""
""osoba4""		1553.4	1553400	1553.4	1553400	1.0	1000	""osoba4""
""osoba1""		1555.8	1555800	1573.5001	1573500	18.700073	18700	""osoba1""
""osoba1""		1556.7001	1556700	1573.5001	1573500	17.800049	17800	""osoba1""
""osoba1""		1559.1001	1559100	1573.5001	1573500	15.400024	15400	""osoba1""
""osoba1""		1560.6001	1560600	1573.5001	1573500	13.900024	13900	""osoba1""
""osoba1""		1561.5001	1561500	1573.5001	1573500	13.0	13000	""osoba1""
""osoba1""		1562.1001	1562100	1573.5001	1573500	12.400024	12400	""osoba1""
""osoba1""		1563.3	1563300	1573.5001	1573500	11.200073	11200	""osoba1""
""osoba1""		1565.4	1565400	1573.5001	1573500	9.100098	9100	""osoba1""
""osoba1""		1567.8	1567800	1573.5001	1573500	6.7000732	6700	""osoba1""
""osoba1""		1568.4	1568400	1573.5001	1573500	6.1000977	6100	""osoba1""
""osoba1""		1569.0001	1569000	1573.5001	1573500	5.5	5500	""osoba1""
""osoba1""		1569.9	1569900	1573.5001	1573500	4.6000977	4600	""osoba1""
""osoba1""		1570.8	1570800	1573.5001	1573500	3.7000732	3700	""osoba1""
""osoba3""		1570.8	1570800	1601.4	1601400	31.599976	31599	""osoba3""
""osoba3""		1572.9	1572900	1601.4	1601400	29.5	29500	""osoba3""
""osoba3""		1574.7001	1574700	1601.4	1601400	27.699951	27699	""osoba3""
""osoba3""		1575.9	1575900	1601.4	1601400	26.5	26500	""osoba3""
""osoba3""		1582.5001	1582500	1601.4	1601400	19.899902	19899	""osoba3""
""osoba3""		1583.1001	1583100	1601.4	1601400	19.299927	19299	""osoba3""
""osoba3""		1588.5001	1588500	1601.4	1601400	13.899902	13899	""osoba3""
""osoba3""		1592.7001	1592700	1601.4	1601400	9.699951	9699	""osoba3""
""osoba2""		1593.0001	1593000	1593.0001	1593000	1.0	1000	""osoba2""
""osoba4""		1593.3	1593300	1593.9	1593900	1.5999756	1599	""osoba4""
""osoba3""		1599.6001	1599600	1601.4	1601400	2.7999268	2799	""osoba3""
""osoba2""		1599.9	1599900	1601.4	1601400	2.5	2500	""osoba2""
""osoba3""		1600.2001	1600200	1601.4	1601400	2.1999512	2199	""osoba3""
""osoba4""		1601.1001	1601100	1612.8	1612800	12.699951	12699	""osoba4""
""osoba4""		1602.9	1602900	1612.8	1612800	10.900024	10900	""osoba4""
""osoba2""		1605.3	1605300	1606.8	1606800	2.5	2500	""osoba2""
""osoba4""		1608.0001	1608000	1612.8	1612800	5.7999268	5799	""osoba4""
""osoba4""		1609.2001	1609200	1612.8	1612800	4.5999756	4599	""osoba4""
""osoba4""		1609.8	1609800	1612.8	1612800	4.0	4000	""osoba4""
""osoba4""		1610.7001	1610700	1612.8	1612800	3.0999756	3099	""osoba4""
""osoba2""		1611.9	1611900	1612.2001	1612200	1.3000488	1300	""osoba2""
""osoba3""		1612.8	1612800	1618.2001	1618200	6.4000244	6400	""osoba3""
""osoba3""		1614.9	1614900	1618.2001	1618200	4.300049	4300	""osoba3""
""osoba3""		1616.1001	1616100	1618.2001	1618200	3.0999756	3099	""osoba3""
""osoba4""		1617.0001	1617000	1620.3	1620300	4.2999268	4299	""osoba4""
