"default"		0.0	0	1.0	1000	1.0	1000	BEGIN
"default"		1620.3	1620300	1620.31	1621300	1.0	1000	END
""osoba2""		6.6000004	6600	8.400001	8400	2.8000002	2800	""osoba2""
""osoba3""		8.1	8100	27.900002	27900	20.800001	20800	""osoba3""
""osoba3""		11.400001	11400	27.900002	27900	17.5	17500	""osoba3""
""osoba3""		12.0	12000	27.900002	27900	16.900002	16900	""osoba3""
""osoba3""		13.8	13800	27.900002	27900	15.100001	15100	""osoba3""
""osoba3""		16.5	16500	27.900002	27900	12.400002	12400	""osoba3""
""osoba4""		17.7	17700	18.300001	18300	1.6000004	1600	""osoba4""
""osoba3""		20.400002	20400	27.900002	27900	8.5	8500	""osoba3""
""osoba3""		21.300001	21300	27.900002	27900	7.6000004	7600	""osoba3""
""osoba3""		22.2	22200	27.900002	27900	6.700001	6700	""osoba3""
""osoba3""		23.7	23700	27.900002	27900	5.200001	5200	""osoba3""
""osoba4""		26.1	26100	31.2	31200	6.1000004	6100	""osoba4""
""osoba3""		26.7	26700	27.900002	27900	2.2000008	2200	""osoba3""
""osoba3""		27.300001	27300	27.900002	27900	1.6000004	1600	""osoba3""
""osoba4""		27.300001	27300	31.2	31200	4.8999996	4899	""osoba4""
""osoba4""		29.7	29700	31.2	31200	2.5	2500	""osoba4""
""osoba1""		31.800001	31800	40.5	40500	9.699999	9699	""osoba1""
""osoba1""		32.7	32700	40.5	40500	8.799999	8799	""osoba1""
""osoba1""		33.300003	33300	40.5	40500	8.199997	8199	""osoba1""
""osoba4""		34.2	34200	34.5	34500	1.2999992	1299	""osoba4""
""osoba1""		35.7	35700	40.5	40500	5.799999	5799	""osoba1""
""osoba1""		36.600002	36600	40.5	40500	4.8999977	4899	""osoba1""
""osoba4""		36.9	36900	36.9	36900	1.0	1000	""osoba4""
""osoba1""		38.7	38700	40.5	40500	2.7999992	2799	""osoba1""
""osoba2""		39.0	39000	45.0	45000	7.0	7000	""osoba2""
""osoba2""		41.7	41700	45.0	45000	4.299999	4299	""osoba2""
""osoba4""		42.600002	42600	63.9	63900	22.3	22300	""osoba4""
""osoba2""		44.4	44400	45.0	45000	1.5999985	1599	""osoba2""
""osoba4""		44.4	44400	63.9	63900	20.5	20500	""osoba4""
""osoba4""		47.4	47400	63.9	63900	17.5	17500	""osoba4""
""osoba2""		48.0	48000	48.300003	48300	1.300003	1300	""osoba2""
""osoba4""		49.500004	49500	63.9	63900	15.399998	15399	""osoba4""
""osoba4""		51.600002	51600	63.9	63900	13.299999	13299	""osoba4""
""osoba4""		52.500004	52500	63.9	63900	12.399998	12399	""osoba4""
""osoba4""		54.300003	54300	63.9	63900	10.599998	10599	""osoba4""
""osoba1""		54.600002	54600	55.800003	55800	2.2000008	2200	""osoba1""
""osoba3""		55.500004	55500	57.600002	57600	3.0999985	3099	""osoba3""
""osoba4""		59.7	59700	63.9	63900	5.200001	5200	""osoba4""
""osoba4""		60.9	60900	63.9	63900	4.0	4000	""osoba4""
""osoba4""		61.500004	61500	63.9	63900	3.3999977	3399	""osoba4""
""osoba2""		63.9	63900	76.8	76800	13.900002	13900	""osoba2""
""osoba2""		68.100006	68100	76.8	76800	9.699997	9699	""osoba2""
""osoba2""		69.0	69000	76.8	76800	8.800003	8800	""osoba2""
""osoba1""		70.5	70500	74.700005	74700	5.2000046	5200	""osoba1""
""osoba1""		73.200005	73200	74.700005	74700	2.5	2500	""osoba1""
""osoba2""		74.4	74400	76.8	76800	3.4000015	3400	""osoba2""
""osoba2""		75.9	75900	76.8	76800	1.9000015	1900	""osoba2""
""osoba1""		76.8	76800	87.0	87000	11.199997	11199	""osoba1""
""osoba1""		79.200005	79200	87.0	87000	8.799995	8799	""osoba1""
""osoba1""		80.4	80400	87.0	87000	7.5999985	7599	""osoba1""
""osoba1""		81.0	81000	87.0	87000	7.0	7000	""osoba1""
""osoba1""		82.200005	82200	87.0	87000	5.7999954	5799	""osoba1""
""osoba1""		83.100006	83100	87.0	87000	4.899994	4899	""osoba1""
""osoba1""		84.9	84900	87.0	87000	3.0999985	3099	""osoba1""
""osoba1""		86.700005	86700	87.0	87000	1.2999954	1299	""osoba1""
""osoba3""		87.0	87000	92.100006	92100	6.100006	6100	""osoba3""
""osoba3""		88.5	88500	92.100006	92100	4.600006	4600	""osoba3""
""osoba3""		89.4	89400	92.100006	92100	3.7000046	3700	""osoba3""
""osoba1""		91.5	91500	99.9	99900	9.400002	9400	""osoba1""
""osoba1""		95.100006	95100	99.9	99900	5.7999954	5799	""osoba1""
""osoba1""		95.700005	95700	99.9	99900	5.199997	5199	""osoba1""
""osoba1""		96.3	96300	99.9	99900	4.5999985	4599	""osoba1""
""osoba1""		97.8	97800	99.9	99900	3.0999985	3099	""osoba1""
""osoba4""		100.200005	100200	117.00001	117000	17.800003	17800	""osoba4""
""osoba4""		102.3	102300	117.00001	117000	15.700005	15700	""osoba4""
""osoba4""		104.4	104400	117.00001	117000	13.600006	13600	""osoba4""
""osoba3""		104.700005	104700	105.3	105300	1.5999985	1599	""osoba3""
""osoba4""		105.00001	105000	117.00001	117000	13.0	13000	""osoba4""
""osoba4""		106.50001	106500	117.00001	117000	11.5	11500	""osoba4""
""osoba4""		108.00001	108000	117.00001	117000	10.0	10000	""osoba4""
""osoba1""		109.200005	109200	109.200005	109200	1.0	1000	""osoba1""
""osoba4""		109.200005	109200	117.00001	117000	8.800003	8800	""osoba4""
""osoba4""		111.00001	111000	117.00001	117000	7.0	7000	""osoba4""
""osoba4""		111.9	111900	117.00001	117000	6.100006	6100	""osoba4""
""osoba1""		113.100006	113100	119.700005	119700	7.5999985	7599	""osoba1""
""osoba1""		117.9	117900	119.700005	119700	2.800003	2800	""osoba1""
""osoba1""		119.4	119400	119.700005	119700	1.300003	1300	""osoba1""
""osoba4""		119.4	119400	123.00001	123000	4.600006	4600	""osoba4""
""osoba4""		121.200005	121200	123.00001	123000	2.800003	2800	""osoba4""
""osoba1""		123.3	123300	136.8	136800	14.5	14500	""osoba1""
""osoba3""		123.9	123900	123.9	123900	1.0	1000	""osoba3""
""osoba1""		125.700005	125700	136.8	136800	12.099998	12099	""osoba1""
""osoba1""		126.600006	126600	136.8	136800	11.199997	11199	""osoba1""
""osoba1""		127.8	127800	136.8	136800	10.0	10000	""osoba1""
""osoba1""		129.3	129300	136.8	136800	8.5	8500	""osoba1""
""osoba1""		132.6	132600	136.8	136800	5.199997	5199	""osoba1""
""osoba1""		134.1	134100	136.8	136800	3.699997	3699	""osoba1""
""osoba1""		135.3	135300	136.8	136800	2.5	2500	""osoba1""
""osoba1""		135.90001	135900	136.8	136800	1.8999939	1899	""osoba1""
""osoba3""		137.1	137100	144.90001	144900	8.800003	8800	""osoba3""
""osoba4""		137.1	137100	139.5	139500	3.399994	3399	""osoba4""
""osoba3""		142.8	142800	144.90001	144900	3.100006	3100	""osoba3""
""osoba3""		144.6	144600	144.90001	144900	1.300003	1300	""osoba3""
""osoba1""		145.20001	145200	145.5	145500	1.2999878	1299	""osoba1""
""osoba2""		145.5	145500	160.8	160800	16.300003	16300	""osoba2""
""osoba2""		146.70001	146700	160.8	160800	15.099991	15099	""osoba2""
""osoba2""		147.3	147300	160.8	160800	14.5	14500	""osoba2""
""osoba3""		149.1	149100	149.70001	149700	1.6000061	1600	""osoba3""
""osoba2""		152.40001	152400	160.8	160800	9.399994	9399	""osoba2""
""osoba2""		155.1	155100	160.8	160800	6.699997	6699	""osoba2""
""osoba2""		155.70001	155700	160.8	160800	6.099991	6099	""osoba2""
""osoba2""		158.40001	158400	160.8	160800	3.399994	3399	""osoba2""
""osoba2""		160.5	160500	160.8	160800	1.300003	1300	""osoba2""
""osoba4""		161.1	161100	181.5	181500	21.399994	21399	""osoba4""
""osoba4""		162.3	162300	181.5	181500	20.199997	20199	""osoba4""
""osoba3""		163.5	163500	168.0	168000	5.5	5500	""osoba3""
""osoba4""		163.5	163500	181.5	181500	19.0	19000	""osoba4""
""osoba2""		164.70001	164700	165.0	165000	1.2999878	1299	""osoba2""
""osoba1""		167.1	167100	168.0	168000	1.8999939	1899	""osoba1""
""osoba3""		167.40001	167400	168.0	168000	1.5999908	1599	""osoba3""
""osoba4""		168.6	168600	181.5	181500	13.899994	13899	""osoba4""
""osoba4""		169.5	169500	181.5	181500	13.0	13000	""osoba4""
""osoba1""		171.6	171600	171.90001	171900	1.300003	1300	""osoba1""
""osoba2""		173.40001	173400	177.90001	177900	5.5	5500	""osoba2""
""osoba1""		176.1	176100	176.1	176100	1.0	1000	""osoba1""
""osoba2""		176.70001	176700	177.90001	177900	2.199997	2199	""osoba2""
""osoba4""		176.70001	176700	181.5	181500	5.799988	5799	""osoba4""
""osoba2""		177.90001	177900	177.90001	177900	1.0	1000	""osoba2""
""osoba4""		179.40001	179400	181.5	181500	3.0999908	3099	""osoba4""
""osoba3""		180.6	180600	186.90001	186900	7.300003	7300	""osoba3""
""osoba1""		181.20001	181200	183.6	183600	3.399994	3399	""osoba1""
""osoba3""		184.5	184500	186.90001	186900	3.4000092	3400	""osoba3""
""osoba3""		186.6	186600	186.90001	186900	1.300003	1300	""osoba3""
""osoba4""		186.90001	186900	195.6	195600	9.699997	9699	""osoba4""
""osoba4""		188.40001	188400	195.6	195600	8.199997	8199	""osoba4""
""osoba4""		189.0	189000	195.6	195600	7.600006	7600	""osoba4""
""osoba4""		190.20001	190200	195.6	195600	6.399994	6399	""osoba4""
""osoba4""		191.70001	191700	195.6	195600	4.899994	4899	""osoba4""
""osoba4""		193.20001	193200	195.6	195600	3.399994	3399	""osoba4""
""osoba3""		193.8	193800	217.50002	217500	24.700012	24700	""osoba3""
""osoba1""		194.40001	194400	195.00002	195000	1.6000061	1600	""osoba1""
""osoba3""		197.1	197100	217.50002	217500	21.40001	21400	""osoba3""
""osoba3""		199.50002	199500	217.50002	217500	19.0	19000	""osoba3""
""osoba3""		200.1	200100	217.50002	217500	18.40001	18400	""osoba3""
""osoba4""		200.1	200100	204.6	204600	5.5	5500	""osoba4""
""osoba3""		201.00002	201000	217.50002	217500	17.5	17500	""osoba3""
""osoba3""		201.6	201600	217.50002	217500	16.90001	16900	""osoba3""
""osoba4""		202.20001	202200	204.6	204600	3.399994	3399	""osoba4""
""osoba1""		203.40001	203400	207.6	207600	5.199997	5199	""osoba1""
""osoba1""		206.70001	206700	207.6	207600	1.8999939	1899	""osoba1""
""osoba3""		207.00002	207000	217.50002	217500	11.5	11500	""osoba3""
""osoba3""		209.1	209100	217.50002	217500	9.400009	9400	""osoba3""
""osoba3""		209.70001	209700	217.50002	217500	8.800003	8800	""osoba3""
""osoba2""		210.90001	210900	212.40001	212400	2.5	2500	""osoba2""
""osoba3""		214.50002	214500	217.50002	217500	4.0	4000	""osoba3""
""osoba1""		217.8	217800	220.20001	220200	3.4000092	3400	""osoba1""
""osoba2""		218.40001	218400	227.70001	227700	10.300003	10300	""osoba2""
""osoba1""		219.3	219300	220.20001	220200	1.9000092	1900	""osoba1""
""osoba2""		219.90001	219900	227.70001	227700	8.800003	8800	""osoba2""
""osoba2""		221.70001	221700	227.70001	227700	7.0	7000	""osoba2""
""osoba2""		222.90001	222900	227.70001	227700	5.800003	5800	""osoba2""
""osoba2""		223.50002	223500	227.70001	227700	5.199997	5199	""osoba2""
""osoba2""		224.40001	224400	227.70001	227700	4.300003	4300	""osoba2""
""osoba4""		224.70001	224700	226.20001	226200	2.5	2500	""osoba4""
""osoba2""		225.00002	225000	227.70001	227700	3.699997	3699	""osoba2""
""osoba2""		225.90001	225900	227.70001	227700	2.800003	2800	""osoba2""
""osoba2""		227.40001	227400	227.70001	227700	1.300003	1300	""osoba2""
""osoba3""		227.40001	227400	230.70001	230700	4.300003	4300	""osoba3""
""osoba4""		229.8	229800	248.70001	248700	19.90001	19900	""osoba4""
""osoba3""		230.1	230100	230.70001	230700	1.6000061	1600	""osoba3""
""osoba4""		232.50002	232500	248.70001	248700	17.199997	17199	""osoba4""
""osoba4""		233.40001	233400	248.70001	248700	16.300003	16300	""osoba4""
""osoba4""		234.3	234300	248.70001	248700	15.400009	15400	""osoba4""
""osoba4""		235.20001	235200	248.70001	248700	14.5	14500	""osoba4""
""osoba4""		237.00002	237000	248.70001	248700	12.699997	12699	""osoba4""
""osoba4""		239.40001	239400	248.70001	248700	10.300003	10300	""osoba4""
""osoba4""		240.90001	240900	248.70001	248700	8.800003	8800	""osoba4""
""osoba2""		246.6	246600	253.8	253800	8.199997	8199	""osoba2""
""osoba2""		248.40001	248400	253.8	253800	6.399994	6399	""osoba2""
""osoba2""		249.90001	249900	253.8	253800	4.899994	4899	""osoba2""
""osoba2""		252.3	252300	253.8	253800	2.5	2500	""osoba2""
""osoba1""		253.50002	253500	264.90002	264900	12.400009	12400	""osoba1""
""osoba1""		257.7	257700	264.90002	264900	8.200012	8200	""osoba1""
""osoba3""		259.2	259200	262.5	262500	4.299988	4299	""osoba3""
""osoba1""		261.30002	261300	264.90002	264900	4.600006	4600	""osoba1""
""osoba3""		261.6	261600	262.5	262500	1.8999939	1899	""osoba3""
""osoba3""		264.6	264600	278.1	278100	14.5	14500	""osoba3""
""osoba3""		266.40002	266400	278.1	278100	12.699982	12699	""osoba3""
""osoba3""		267.0	267000	278.1	278100	12.100006	12100	""osoba3""
""osoba3""		268.80002	268800	278.1	278100	10.299988	10299	""osoba3""
""osoba1""		270.0	270000	271.2	271200	2.2000122	2200	""osoba1""
""osoba3""		273.30002	273300	278.1	278100	5.799988	5799	""osoba3""
""osoba3""		276.90002	276900	278.1	278100	2.1999817	2199	""osoba3""
""osoba3""		278.1	278100	278.1	278100	1.0	1000	""osoba3""
""osoba4""		278.1	278100	300.90002	300900	23.800018	23800	""osoba4""
""osoba4""		280.80002	280800	300.90002	300900	21.100006	21100	""osoba4""
""osoba4""		281.7	281700	300.90002	300900	20.200012	20200	""osoba4""
""osoba4""		283.2	283200	300.90002	300900	18.700012	18700	""osoba4""
""osoba4""		286.5	286500	300.90002	300900	15.400024	15400	""osoba4""
""osoba4""		288.0	288000	300.90002	300900	13.900024	13900	""osoba4""
""osoba4""		291.30002	291300	300.90002	300900	10.600006	10600	""osoba4""
""osoba4""		294.0	294000	300.90002	300900	7.9000244	7900	""osoba4""
""osoba4""		296.40002	296400	300.90002	300900	5.5	5500	""osoba4""
""osoba4""		297.90002	297900	300.90002	300900	4.0	4000	""osoba4""
""osoba2""		299.7	299700	305.1	305100	6.399994	6399	""osoba2""
""osoba4""		300.30002	300300	300.90002	300900	1.6000061	1600	""osoba4""
""osoba2""		302.7	302700	305.1	305100	3.399994	3399	""osoba2""
""osoba3""		304.2	304200	309.0	309000	5.799988	5799	""osoba3""
""osoba4""		307.2	307200	309.90002	309900	3.7000122	3700	""osoba4""
""osoba3""		308.1	308100	309.0	309000	1.8999939	1899	""osoba3""
""osoba4""		308.1	308100	309.90002	309900	2.8000183	2800	""osoba4""
""osoba3""		308.7	308700	309.0	309000	1.2999878	1299	""osoba3""
""osoba1""		309.30002	309300	318.0	318000	9.699982	9699	""osoba1""
""osoba1""		312.0	312000	318.0	318000	7.0	7000	""osoba1""
""osoba1""		312.90002	312900	318.0	318000	6.0999756	6099	""osoba1""
""osoba1""		315.30002	315300	318.0	318000	3.6999817	3699	""osoba1""
""osoba1""		315.90002	315900	318.0	318000	3.0999756	3099	""osoba1""
""osoba1""		317.1	317100	318.0	318000	1.8999939	1899	""osoba1""
""osoba2""		317.7	317700	331.80002	331800	15.100006	15100	""osoba2""
""osoba2""		319.80002	319800	331.80002	331800	13.0	13000	""osoba2""
""osoba2""		322.80002	322800	331.80002	331800	10.0	10000	""osoba2""
""osoba4""		322.80002	322800	322.80002	322800	1.0	1000	""osoba4""
""osoba3""		323.1	323100	323.1	323100	1.0	1000	""osoba3""
""osoba2""		323.40002	323400	331.80002	331800	9.399994	9399	""osoba2""
""osoba2""		325.5	325500	331.80002	331800	7.3000183	7300	""osoba2""
""osoba2""		326.7	326700	331.80002	331800	6.100006	6100	""osoba2""
""osoba2""		327.90002	327900	331.80002	331800	4.899994	4899	""osoba2""
""osoba2""		330.30002	330300	331.80002	331800	2.5	2500	""osoba2""
""osoba3""		330.6	330600	338.7	338700	9.100006	9100	""osoba3""
""osoba3""		333.0	333000	338.7	338700	6.700012	6700	""osoba3""
""osoba4""		333.30002	333300	333.90002	333900	1.6000061	1600	""osoba4""
""osoba1""		333.6	333600	333.90002	333900	1.3000183	1300	""osoba1""
""osoba3""		335.40002	335400	338.7	338700	4.299988	4299	""osoba3""
""osoba3""		336.0	336000	338.7	338700	3.7000122	3700	""osoba3""
""osoba2""		338.1	338100	342.90002	342900	5.8000183	5800	""osoba2""
""osoba2""		339.90002	339900	342.90002	342900	4.0	4000	""osoba2""
""osoba1""		342.90002	342900	343.5	343500	1.5999756	1599	""osoba1""
""osoba4""		343.5	343500	345.0	345000	2.5	2500	""osoba4""
""osoba4""		344.40002	344400	345.0	345000	1.5999756	1599	""osoba4""
""osoba3""		345.0	345000	352.80002	352800	8.800018	8800	""osoba3""
""osoba3""		346.80002	346800	352.80002	352800	7.0	7000	""osoba3""
""osoba3""		347.40002	347400	352.80002	352800	6.399994	6399	""osoba3""
""osoba2""		349.2	349200	349.2	349200	1.0	1000	""osoba2""
""osoba3""		349.5	349500	352.80002	352800	4.3000183	4300	""osoba3""
""osoba3""		351.90002	351900	352.80002	352800	1.8999939	1899	""osoba3""
""osoba4""		353.1	353100	364.80002	364800	12.700012	12700	""osoba4""
""osoba4""		358.5	358500	364.80002	364800	7.3000183	7300	""osoba4""
""osoba4""		360.6	360600	364.80002	364800	5.200012	5200	""osoba4""
""osoba3""		361.5	361500	372.6	372600	12.100006	12100	""osoba3""
""osoba3""		366.30002	366300	372.6	372600	7.299988	7299	""osoba3""
""osoba3""		366.90002	366900	372.6	372600	6.6999817	6699	""osoba3""
""osoba4""		369.90002	369900	369.90002	369900	1.0	1000	""osoba4""
""osoba3""		370.80002	370800	372.6	372600	2.7999878	2799	""osoba3""
""osoba4""		372.30002	372300	400.50003	400500	29.200012	29200	""osoba4""
""osoba3""		372.6	372600	372.6	372600	1.0	1000	""osoba3""
""osoba4""		373.5	373500	400.50003	400500	28.00003	28000	""osoba4""
""osoba4""		374.40002	374400	400.50003	400500	27.100006	27100	""osoba4""
""osoba4""		375.30002	375300	400.50003	400500	26.200012	26200	""osoba4""
""osoba4""		376.2	376200	400.50003	400500	25.300018	25300	""osoba4""
""osoba4""		378.0	378000	400.50003	400500	23.50003	23500	""osoba4""
""osoba1""		378.90002	378900	382.5	382500	4.5999756	4599	""osoba1""
""osoba4""		378.90002	378900	400.50003	400500	22.600006	22600	""osoba4""
""osoba1""		381.30002	381300	382.5	382500	2.1999817	2199	""osoba1""
""osoba3""		384.0	384000	384.0	384000	1.0	1000	""osoba3""
""osoba1""		384.90002	384900	385.2	385200	1.2999878	1299	""osoba1""
""osoba4""		385.2	385200	400.50003	400500	16.300018	16300	""osoba4""
""osoba2""		386.40002	386400	386.40002	386400	1.0	1000	""osoba2""
""osoba4""		386.7	386700	400.50003	400500	14.800018	14800	""osoba4""
""osoba4""		387.90002	387900	400.50003	400500	13.600006	13600	""osoba4""
""osoba4""		388.50003	388500	400.50003	400500	13.0	13000	""osoba4""
""osoba2""		389.40002	389400	389.7	389700	1.2999878	1299	""osoba2""
""osoba4""		390.30002	390300	400.50003	400500	11.200012	11200	""osoba4""
""osoba4""		392.7	392700	400.50003	400500	8.800018	8800	""osoba4""
""osoba4""		395.40002	395400	400.50003	400500	6.100006	6100	""osoba4""
""osoba4""		396.00003	396000	400.50003	400500	5.5	5500	""osoba4""
""osoba1""		398.40002	398400	405.6	405600	8.199982	8199	""osoba1""
""osoba4""		398.40002	398400	400.50003	400500	3.100006	3100	""osoba4""
""osoba1""		402.00003	402000	405.6	405600	4.5999756	4599	""osoba1""
""osoba2""		403.2	403200	403.2	403200	1.0	1000	""osoba2""
""osoba1""		405.6	405600	405.6	405600	1.0	1000	""osoba1""
""osoba2""		406.50003	406500	410.40002	410400	4.899994	4899	""osoba2""
""osoba1""		407.7	407700	411.6	411600	4.899994	4899	""osoba1""
""osoba3""		409.50003	409500	428.1	428100	19.599976	19599	""osoba3""
""osoba3""		415.2	415200	428.1	428100	13.899994	13899	""osoba3""
""osoba3""		416.7	416700	428.1	428100	12.399994	12399	""osoba3""
""osoba3""		417.90002	417900	428.1	428100	11.199982	11199	""osoba3""
""osoba3""		421.80002	421800	428.1	428100	7.299988	7299	""osoba3""
""osoba3""		422.7	422700	428.1	428100	6.399994	6399	""osoba3""
""osoba3""		423.30002	423300	428.1	428100	5.799988	5799	""osoba3""
""osoba2""		424.80002	424800	441.90002	441900	18.100006	18100	""osoba2""
""osoba2""		430.2	430200	441.90002	441900	12.700012	12700	""osoba2""
""osoba1""		432.30002	432300	432.90002	432900	1.6000061	1600	""osoba1""
""osoba2""		432.30002	432300	441.90002	441900	10.600006	10600	""osoba2""
""osoba2""		433.80002	433800	441.90002	441900	9.100006	9100	""osoba2""
""osoba2""		434.40002	434400	441.90002	441900	8.5	8500	""osoba2""
""osoba2""		435.00003	435000	441.90002	441900	7.899994	7899	""osoba2""
""osoba2""		438.90002	438900	441.90002	441900	4.0	4000	""osoba2""
""osoba2""		439.50003	439500	441.90002	441900	3.399994	3399	""osoba2""
""osoba4""		440.1	440100	449.40002	449400	10.300018	10300	""osoba4""
""osoba1""		442.50003	442500	442.80002	442800	1.2999878	1299	""osoba1""
""osoba4""		444.6	444600	449.40002	449400	5.8000183	5800	""osoba4""
""osoba4""		447.00003	447000	449.40002	449400	3.399994	3399	""osoba4""
""osoba4""		447.90002	447900	449.40002	449400	2.5	2500	""osoba4""
""osoba4""		448.80002	448800	449.40002	449400	1.6000061	1600	""osoba4""
""osoba4""		449.40002	449400	449.40002	449400	1.0	1000	""osoba4""
""osoba1""		450.00003	450000	483.90002	483900	34.899994	34899	""osoba1""
""osoba1""		450.90002	450900	483.90002	483900	34.0	34000	""osoba1""
""osoba1""		453.00003	453000	483.90002	483900	31.899994	31899	""osoba1""
""osoba1""		454.2	454200	483.90002	483900	30.700012	30700	""osoba1""
""osoba1""		460.2	460200	483.90002	483900	24.700012	24700	""osoba1""
""osoba1""		462.30002	462300	483.90002	483900	22.600006	22600	""osoba1""
""osoba1""		462.90002	462900	483.90002	483900	22.0	22000	""osoba1""
""osoba1""		463.50003	463500	483.90002	483900	21.399994	21399	""osoba1""
""osoba1""		464.1	464100	483.90002	483900	20.800018	20800	""osoba1""
""osoba1""		471.00003	471000	483.90002	483900	13.899994	13899	""osoba1""
""osoba1""		476.40002	476400	483.90002	483900	8.5	8500	""osoba1""
""osoba1""		477.90002	477900	483.90002	483900	7.0	7000	""osoba1""
""osoba1""		479.40002	479400	483.90002	483900	5.5	5500	""osoba1""
""osoba1""		480.30002	480300	483.90002	483900	4.600006	4600	""osoba1""
""osoba1""		481.80002	481800	483.90002	483900	3.100006	3100	""osoba1""
""osoba1""		482.7	482700	483.90002	483900	2.2000122	2200	""osoba1""
""osoba1""		483.30002	483300	483.90002	483900	1.6000061	1600	""osoba1""
""osoba3""		484.50003	484500	486.00003	486000	2.5	2500	""osoba3""
""osoba4""		484.50003	484500	489.6	489600	6.0999756	6099	""osoba4""
""osoba2""		489.90002	489900	490.2	490200	1.2999878	1299	""osoba2""
""osoba1""		490.50003	490500	521.7	521700	32.19998	32199	""osoba1""
""osoba1""		492.6	492600	521.7	521700	30.100006	30100	""osoba1""
""osoba1""		494.1	494100	521.7	521700	28.600006	28600	""osoba1""
""osoba1""		495.30002	495300	521.7	521700	27.399994	27399	""osoba1""
""osoba1""		497.40002	497400	521.7	521700	25.299988	25299	""osoba1""
""osoba1""		498.6	498600	521.7	521700	24.100006	24100	""osoba1""
""osoba1""		501.6	501600	521.7	521700	21.100006	21100	""osoba1""
""osoba1""		502.50003	502500	521.7	521700	20.199982	20199	""osoba1""
""osoba1""		503.1	503100	521.7	521700	19.600006	19600	""osoba1""
""osoba1""		503.7	503700	521.7	521700	19.0	19000	""osoba1""
""osoba1""		504.6	504600	521.7	521700	18.100006	18100	""osoba1""
""osoba1""		507.90002	507900	521.7	521700	14.799988	14799	""osoba1""
""osoba1""		509.40002	509400	521.7	521700	13.299988	13299	""osoba1""
""osoba1""		510.90002	510900	521.7	521700	11.799988	11799	""osoba1""
""osoba1""		512.7	512700	521.7	521700	10.0	10000	""osoba1""
""osoba1""		513.30005	513300	521.7	521700	9.399963	9399	""osoba1""
""osoba1""		515.10004	515100	521.7	521700	7.5999756	7599	""osoba1""
""osoba1""		516.0	516000	521.7	521700	6.700012	6700	""osoba1""
""osoba1""		516.60004	516600	521.7	521700	6.0999756	6099	""osoba1""
""osoba1""		518.4	518400	521.7	521700	4.299988	4299	""osoba1""
""osoba3""		518.4	518400	518.7	518700	1.2999878	1299	""osoba3""
""osoba1""		519.60004	519600	521.7	521700	3.0999756	3099	""osoba1""
""osoba4""		520.2	520200	534.9	534900	15.700012	15700	""osoba4""
""osoba3""		520.80005	520800	522.30005	522300	2.5	2500	""osoba3""
""osoba2""		521.10004	521100	521.7	521700	1.5999756	1599	""osoba2""
""osoba4""		524.10004	524100	534.9	534900	11.799988	11799	""osoba4""
""osoba1""		525.60004	525600	525.9	525900	1.2999878	1299	""osoba1""
""osoba4""		528.0	528000	534.9	534900	7.9000244	7900	""osoba4""
""osoba3""		528.60004	528600	530.10004	530100	2.5	2500	""osoba3""
""osoba3""		530.10004	530100	530.10004	530100	1.0	1000	""osoba3""
""osoba4""		530.4	530400	534.9	534900	5.5	5500	""osoba4""
""osoba4""		531.30005	531300	534.9	534900	4.5999756	4599	""osoba4""
""osoba4""		532.2	532200	534.9	534900	3.7000122	3700	""osoba4""
""osoba4""		534.30005	534300	534.9	534900	1.5999756	1599	""osoba4""
""osoba2""		535.2	535200	545.10004	545100	10.900024	10900	""osoba2""
""osoba3""		535.80005	535800	539.4	539400	4.5999756	4599	""osoba3""
""osoba3""		537.0	537000	539.4	539400	3.4000244	3400	""osoba3""
""osoba2""		537.9	537900	545.10004	545100	8.200012	8200	""osoba2""
""osoba2""		541.5	541500	545.10004	545100	4.6000366	4600	""osoba2""
""osoba4""		541.80005	541800	567.9	567900	27.099976	27099	""osoba4""
""osoba4""		549.0	549000	567.9	567900	19.900024	19900	""osoba4""
""osoba4""		551.10004	551100	567.9	567900	17.799988	17799	""osoba4""
""osoba4""		552.60004	552600	567.9	567900	16.299988	16299	""osoba4""
""osoba4""		553.5	553500	567.9	567900	15.400024	15400	""osoba4""
""osoba3""		553.80005	553800	555.0	555000	2.1999512	2199	""osoba3""
""osoba4""		556.2	556200	567.9	567900	12.700012	12700	""osoba4""
""osoba4""		560.10004	560100	567.9	567900	8.799988	8799	""osoba4""
""osoba4""		560.7	560700	567.9	567900	8.200012	8200	""osoba4""
""osoba4""		561.9	561900	567.9	567900	7.0	7000	""osoba4""
""osoba4""		562.80005	562800	567.9	567900	6.0999756	6099	""osoba4""
""osoba4""		564.9	564900	567.9	567900	4.0	4000	""osoba4""
""osoba4""		567.0	567000	567.9	567900	1.9000244	1900	""osoba4""
""osoba2""		567.60004	567600	576.60004	576600	10.0	10000	""osoba2""
""osoba4""		567.9	567900	567.9	567900	1.0	1000	""osoba4""
""osoba2""		569.4	569400	576.60004	576600	8.200012	8200	""osoba2""
""osoba2""		570.0	570000	576.60004	576600	7.6000366	7600	""osoba2""
""osoba2""		570.9	570900	576.60004	576600	6.700012	6700	""osoba2""
""osoba2""		572.7	572700	576.60004	576600	4.9000244	4900	""osoba2""
""osoba2""		573.30005	573300	576.60004	576600	4.299988	4299	""osoba2""
""osoba2""		574.2	574200	576.60004	576600	3.4000244	3400	""osoba2""
""osoba2""		575.7	575700	576.60004	576600	1.9000244	1900	""osoba2""
""osoba1""		576.0	576000	596.7	596700	21.700012	21700	""osoba1""
""osoba1""		578.10004	578100	596.7	596700	19.599976	19599	""osoba1""
""osoba1""		578.7	578700	596.7	596700	19.0	19000	""osoba1""
""osoba1""		579.30005	579300	596.7	596700	18.399963	18399	""osoba1""
""osoba1""		581.7	581700	596.7	596700	16.0	16000	""osoba1""
""osoba3""		582.0	582000	584.7	584700	3.7000122	3700	""osoba3""
""osoba1""		582.30005	582300	596.7	596700	15.399963	15399	""osoba1""
""osoba4""		582.9	582900	582.9	582900	1.0	1000	""osoba4""
""osoba1""		586.80005	586800	596.7	596700	10.899963	10899	""osoba1""
""osoba1""		588.60004	588600	596.7	596700	9.099976	9099	""osoba1""
""osoba1""		589.80005	589800	596.7	596700	7.8999634	7899	""osoba1""
""osoba1""		590.4	590400	596.7	596700	7.299988	7299	""osoba1""
""osoba1""		592.80005	592800	596.7	596700	4.8999634	4899	""osoba1""
""osoba1""		595.2	595200	596.7	596700	2.5	2500	""osoba1""
""osoba1""		596.4	596400	596.7	596700	1.2999878	1299	""osoba1""
""osoba2""		596.4	596400	602.10004	602100	6.700012	6700	""osoba2""
""osoba2""		600.9	600900	602.10004	602100	2.2000122	2200	""osoba2""
""osoba4""		600.9	600900	602.7	602700	2.7999878	2799	""osoba4""
""osoba1""		601.2	601200	620.7	620700	20.5	20500	""osoba1""
""osoba1""		603.60004	603600	620.7	620700	18.099976	18099	""osoba1""
""osoba1""		605.10004	605100	620.7	620700	16.599976	16599	""osoba1""
""osoba1""		606.0	606000	620.7	620700	15.700012	15700	""osoba1""
""osoba1""		607.80005	607800	620.7	620700	13.899963	13899	""osoba1""
""osoba1""		609.9	609900	620.7	620700	11.799988	11799	""osoba1""
""osoba1""		612.9	612900	620.7	620700	8.799988	8799	""osoba1""
""osoba1""		613.80005	613800	620.7	620700	7.8999634	7899	""osoba1""
""osoba1""		615.0	615000	620.7	620700	6.700012	6700	""osoba1""
""osoba1""		615.60004	615600	620.7	620700	6.0999756	6099	""osoba1""
""osoba2""		616.5	616500	616.80005	616800	1.3000488	1300	""osoba2""
""osoba3""		618.0	618000	639.60004	639600	22.600037	22600	""osoba3""
""osoba3""		618.9	618900	639.60004	639600	21.700012	21700	""osoba3""
""osoba1""		619.5	619500	620.7	620700	2.2000122	2200	""osoba1""
""osoba2""		619.80005	619800	620.10004	620100	1.2999878	1299	""osoba2""
""osoba3""		621.60004	621600	639.60004	639600	19.0	19000	""osoba3""
""osoba3""		623.4	623400	639.60004	639600	17.200012	17200	""osoba3""
""osoba3""		626.10004	626100	639.60004	639600	14.5	14500	""osoba3""
""osoba3""		629.4	629400	639.60004	639600	11.200012	11200	""osoba3""
""osoba3""		630.30005	630300	639.60004	639600	10.299988	10299	""osoba3""
""osoba3""		632.4	632400	639.60004	639600	8.200012	8200	""osoba3""
""osoba3""		634.5	634500	639.60004	639600	6.1000366	6100	""osoba3""
""osoba2""		634.80005	634800	634.80005	634800	1.0	1000	""osoba2""
""osoba3""		635.7	635700	639.60004	639600	4.9000244	4900	""osoba3""
""osoba1""		637.2	637200	651.9	651900	15.700012	15700	""osoba1""
""osoba2""		644.7	644700	644.7	644700	1.0	1000	""osoba2""
""osoba1""		645.9	645900	651.9	651900	7.0	7000	""osoba1""
""osoba1""		646.80005	646800	651.9	651900	6.0999756	6099	""osoba1""
""osoba2""		651.9	651900	655.80005	655800	4.9000244	4900	""osoba2""
""osoba2""		652.80005	652800	655.80005	655800	4.0	4000	""osoba2""
""osoba3""		653.7	653700	661.80005	661800	9.100037	9100	""osoba3""
""osoba4""		653.7	653700	654.9	654900	2.2000122	2200	""osoba4""
""osoba4""		662.10004	662100	663.0	663000	1.8999634	1899	""osoba4""
""osoba2""		663.30005	663300	670.80005	670800	8.5	8500	""osoba2""
""osoba2""		663.9	663900	670.80005	670800	7.9000244	7900	""osoba2""
""osoba2""		664.5	664500	670.80005	670800	7.300049	7300	""osoba2""
""osoba3""		668.7	668700	668.7	668700	1.0	1000	""osoba3""
""osoba1""		669.0	669000	669.60004	669600	1.6000366	1600	""osoba1""
""osoba2""		670.2	670200	670.80005	670800	1.6000366	1600	""osoba2""
""osoba2""		670.80005	670800	670.80005	670800	1.0	1000	""osoba2""
""osoba3""		670.80005	670800	678.9	678900	9.099976	9099	""osoba3""
""osoba3""		672.30005	672300	678.9	678900	7.5999756	7599	""osoba3""
""osoba3""		672.9	672900	678.9	678900	7.0	7000	""osoba3""
""osoba3""		673.5	673500	678.9	678900	6.4000244	6400	""osoba3""
""osoba2""		677.4	677400	682.5	682500	6.0999756	6099	""osoba2""
""osoba1""		681.9	681900	693.0	693000	12.099976	12099	""osoba1""
""osoba3""		681.9	681900	681.9	681900	1.0	1000	""osoba3""
""osoba1""		682.80005	682800	693.0	693000	11.199951	11199	""osoba1""
""osoba1""		685.5	685500	693.0	693000	8.5	8500	""osoba1""
""osoba1""		686.7	686700	693.0	693000	7.299988	7299	""osoba1""
""osoba4""		687.30005	687300	688.80005	688800	2.5	2500	""osoba4""
""osoba1""		689.7	689700	693.0	693000	4.299988	4299	""osoba1""
""osoba1""		692.7	692700	693.0	693000	1.2999878	1299	""osoba1""
""osoba2""		693.0	693000	708.9	708900	16.900024	16900	""osoba2""
""osoba2""		695.7	695700	708.9	708900	14.200012	14200	""osoba2""
""osoba4""		696.9	696900	696.9	696900	1.0	1000	""osoba4""
""osoba1""		697.80005	697800	697.80005	697800	1.0	1000	""osoba1""
""osoba2""		699.9	699900	708.9	708900	10.0	10000	""osoba2""
""osoba2""		701.10004	701100	708.9	708900	8.799988	8799	""osoba2""
""osoba2""		701.7	701700	708.9	708900	8.200012	8200	""osoba2""
""osoba3""		702.0	702000	702.60004	702600	1.6000366	1600	""osoba3""
""osoba2""		705.9	705900	708.9	708900	4.0	4000	""osoba2""
""osoba4""		706.2	706200	707.10004	707100	1.9000244	1900	""osoba4""
""osoba2""		707.4	707400	708.9	708900	2.5	2500	""osoba2""
""osoba1""		708.60004	708600	717.0	717000	9.399963	9399	""osoba1""
""osoba1""		710.7	710700	717.0	717000	7.299988	7299	""osoba1""
""osoba1""		712.2	712200	717.0	717000	5.799988	5799	""osoba1""
""osoba1""		713.10004	713100	717.0	717000	4.8999634	4899	""osoba1""
""osoba1""		714.0	714000	717.0	717000	4.0	4000	""osoba1""
""osoba4""		716.7	716700	738.9	738900	23.200012	23200	""osoba4""
""osoba4""		717.9	717900	738.9	738900	22.0	22000	""osoba4""
""osoba4""		723.0	723000	738.9	738900	16.900024	16900	""osoba4""
""osoba4""		724.80005	724800	738.9	738900	15.099976	15099	""osoba4""
""osoba4""		725.7	725700	738.9	738900	14.200012	14200	""osoba4""
""osoba4""		729.0	729000	738.9	738900	10.900024	10900	""osoba4""
""osoba2""		729.9	729900	730.2	730200	1.2999878	1299	""osoba2""
""osoba4""		731.4	731400	738.9	738900	8.5	8500	""osoba4""
""osoba1""		732.60004	732600	733.80005	733800	2.2000122	2200	""osoba1""
""osoba4""		733.5	733500	738.9	738900	6.4000244	6400	""osoba4""
""osoba4""		735.9	735900	738.9	738900	4.0	4000	""osoba4""
""osoba4""		737.4	737400	738.9	738900	2.5	2500	""osoba4""
""osoba4""		738.0	738000	738.9	738900	1.9000244	1900	""osoba4""
""osoba3""		738.9	738900	742.5	742500	4.5999756	4599	""osoba3""
""osoba2""		740.7	740700	741.0	741000	1.2999878	1299	""osoba2""
""osoba4""		741.9	741900	744.60004	744600	3.7000122	3700	""osoba4""
""osoba1""		742.80005	742800	743.10004	743100	1.2999878	1299	""osoba1""
""osoba4""		744.0	744000	744.60004	744600	1.6000366	1600	""osoba4""
""osoba1""		745.80005	745800	750.60004	750600	5.799988	5799	""osoba1""
""osoba1""		747.9	747900	750.60004	750600	3.7000122	3700	""osoba1""
""osoba1""		748.5	748500	750.60004	750600	3.1000366	3100	""osoba1""
""osoba2""		749.10004	749100	753.60004	753600	5.5	5500	""osoba2""
""osoba1""		750.30005	750300	750.60004	750600	1.2999878	1299	""osoba1""
""osoba4""		754.2	754200	773.10004	773100	19.900024	19900	""osoba4""
""osoba4""		757.2	757200	773.10004	773100	16.900024	16900	""osoba4""
""osoba4""		757.80005	757800	773.10004	773100	16.299988	16299	""osoba4""
""osoba4""		759.0	759000	773.10004	773100	15.100037	15100	""osoba4""
""osoba4""		761.10004	761100	773.10004	773100	13.0	13000	""osoba4""
""osoba4""		764.10004	764100	773.10004	773100	10.0	10000	""osoba4""
""osoba4""		767.10004	767100	773.10004	773100	7.0	7000	""osoba4""
""osoba4""		768.9	768900	773.10004	773100	5.200012	5200	""osoba4""
""osoba4""		769.80005	769800	773.10004	773100	4.299988	4299	""osoba4""
""osoba1""		770.4	770400	770.7	770700	1.2999878	1299	""osoba1""
""osoba4""		772.2	772200	773.10004	773100	1.9000244	1900	""osoba4""
""osoba4""		772.80005	772800	773.10004	773100	1.2999878	1299	""osoba4""
""osoba3""		773.10004	773100	791.7	791700	19.599976	19599	""osoba3""
""osoba3""		774.60004	774600	791.7	791700	18.099976	18099	""osoba3""
""osoba3""		779.4	779400	791.7	791700	13.299988	13299	""osoba3""
""osoba3""		780.30005	780300	791.7	791700	12.399963	12399	""osoba3""
""osoba3""		780.9	780900	791.7	791700	11.799988	11799	""osoba3""
""osoba3""		781.80005	781800	791.7	791700	10.899963	10899	""osoba3""
""osoba4""		782.7	782700	782.7	782700	1.0	1000	""osoba4""
""osoba3""		783.60004	783600	791.7	791700	9.099976	9099	""osoba3""
""osoba3""		784.2	784200	791.7	791700	8.5	8500	""osoba3""
""osoba3""		785.10004	785100	791.7	791700	7.5999756	7599	""osoba3""
""osoba3""		786.00006	786000	791.7	791700	6.699951	6699	""osoba3""
""osoba3""		786.9	786900	791.7	791700	5.799988	5799	""osoba3""
""osoba3""		787.80005	787800	791.7	791700	4.8999634	4899	""osoba3""
""osoba3""		789.60004	789600	791.7	791700	3.0999756	3099	""osoba3""
""osoba1""		790.2	790200	828.60004	828600	39.400024	39400	""osoba1""
""osoba1""		793.50006	793500	828.60004	828600	36.099976	36099	""osoba1""
""osoba3""		794.7	794700	794.7	794700	1.0	1000	""osoba3""
""osoba1""		795.30005	795300	828.60004	828600	34.299988	34299	""osoba1""
""osoba1""		796.2	796200	828.60004	828600	33.400024	33400	""osoba1""
""osoba1""		798.9	798900	828.60004	828600	30.700012	30700	""osoba1""
""osoba1""		799.50006	799500	828.60004	828600	30.099976	30099	""osoba1""
""osoba1""		801.60004	801600	828.60004	828600	28.0	28000	""osoba1""
""osoba1""		804.9	804900	828.60004	828600	24.700012	24700	""osoba1""
""osoba1""		805.50006	805500	828.60004	828600	24.099976	24099	""osoba1""
""osoba1""		806.4	806400	828.60004	828600	23.200012	23200	""osoba1""
""osoba1""		809.4	809400	828.60004	828600	20.200012	20200	""osoba1""
""osoba1""		811.50006	811500	828.60004	828600	18.099976	18099	""osoba1""
""osoba4""		811.80005	811800	813.00006	813000	2.2000122	2200	""osoba4""
""osoba1""		812.7	812700	828.60004	828600	16.900024	16900	""osoba1""
""osoba1""		815.7	815700	828.60004	828600	13.900024	13900	""osoba1""
""osoba1""		816.60004	816600	828.60004	828600	13.0	13000	""osoba1""
""osoba1""		819.9	819900	828.60004	828600	9.700012	9700	""osoba1""
""osoba2""		820.50006	820500	820.50006	820500	1.0	1000	""osoba2""
""osoba1""		822.00006	822000	828.60004	828600	7.5999756	7599	""osoba1""
""osoba1""		823.80005	823800	828.60004	828600	5.799988	5799	""osoba1""
""osoba1""		825.60004	825600	828.60004	828600	4.0	4000	""osoba1""
""osoba1""		828.60004	828600	828.60004	828600	1.0	1000	""osoba1""
""osoba4""		828.9	828900	836.4	836400	8.5	8500	""osoba4""
""osoba1""		831.30005	831300	846.60004	846600	16.299988	16299	""osoba1""
""osoba1""		833.10004	833100	846.60004	846600	14.5	14500	""osoba1""
""osoba4""		833.10004	833100	836.4	836400	4.299988	4299	""osoba4""
""osoba1""		837.9	837900	846.60004	846600	9.700012	9700	""osoba1""
""osoba4""		839.7	839700	840.00006	840000	1.3000488	1300	""osoba4""
""osoba1""		840.9	840900	846.60004	846600	6.700012	6700	""osoba1""
""osoba1""		841.50006	841500	846.60004	846600	6.0999756	6099	""osoba1""
""osoba1""		846.60004	846600	846.60004	846600	1.0	1000	""osoba1""
""osoba4""		847.50006	847500	893.7	893700	47.19995	47199	""osoba4""
""osoba4""		848.7	848700	893.7	893700	46.0	46000	""osoba4""
""osoba4""		850.50006	850500	893.7	893700	44.19995	44199	""osoba4""
""osoba4""		851.7	851700	893.7	893700	43.0	43000	""osoba4""
""osoba4""		853.80005	853800	893.7	893700	40.899963	40899	""osoba4""
""osoba4""		855.30005	855300	893.7	893700	39.399963	39399	""osoba4""
""osoba4""		856.2	856200	893.7	893700	38.5	38500	""osoba4""
""osoba4""		858.60004	858600	893.7	893700	36.099976	36099	""osoba4""
""osoba4""		859.2	859200	893.7	893700	35.5	35500	""osoba4""
""osoba1""		862.2	862200	864.30005	864300	3.1000366	3100	""osoba1""
""osoba1""		863.4	863400	864.30005	864300	1.9000244	1900	""osoba1""
""osoba4""		866.4	866400	893.7	893700	28.299988	28299	""osoba4""
""osoba4""		867.30005	867300	893.7	893700	27.399963	27399	""osoba4""
""osoba4""		869.10004	869100	893.7	893700	25.599976	25599	""osoba4""
""osoba4""		870.60004	870600	893.7	893700	24.099976	24099	""osoba4""
""osoba4""		872.10004	872100	893.7	893700	22.599976	22599	""osoba4""
""osoba4""		874.80005	874800	893.7	893700	19.899963	19899	""osoba4""
""osoba4""		876.9	876900	893.7	893700	17.799988	17799	""osoba4""
""osoba4""		878.4	878400	893.7	893700	16.299988	16299	""osoba4""
""osoba4""		879.9	879900	893.7	893700	14.799988	14799	""osoba4""
""osoba4""		880.50006	880500	893.7	893700	14.199951	14199	""osoba4""
""osoba4""		881.10004	881100	893.7	893700	13.599976	13599	""osoba4""
""osoba4""		882.60004	882600	893.7	893700	12.099976	12099	""osoba4""
""osoba4""		883.2	883200	893.7	893700	11.5	11500	""osoba4""
""osoba4""		884.4	884400	893.7	893700	10.299988	10299	""osoba4""
""osoba2""		888.00006	888000	889.80005	889800	2.7999878	2799	""osoba2""
""osoba4""		889.80005	889800	893.7	893700	4.8999634	4899	""osoba4""
""osoba4""		890.4	890400	893.7	893700	4.299988	4299	""osoba4""
""osoba4""		891.60004	891600	893.7	893700	3.0999756	3099	""osoba4""
""osoba4""		892.2	892200	893.7	893700	2.5	2500	""osoba4""
""osoba4""		893.10004	893100	893.7	893700	1.5999756	1599	""osoba4""
""osoba1""		893.7	893700	900.9	900900	8.200012	8200	""osoba1""
""osoba1""		896.4	896400	900.9	900900	5.5	5500	""osoba1""
""osoba4""		896.4	896400	898.2	898200	2.7999878	2799	""osoba4""
""osoba4""		897.9	897900	898.2	898200	1.2999878	1299	""osoba4""
""osoba1""		899.4	899400	900.9	900900	2.5	2500	""osoba1""
""osoba1""		900.60004	900600	900.9	900900	1.2999878	1299	""osoba1""
""osoba3""		901.2	901200	918.9	918900	18.700012	18700	""osoba3""
""osoba3""		901.80005	901800	918.9	918900	18.099976	18099	""osoba3""
""osoba3""		903.30005	903300	918.9	918900	16.599976	16599	""osoba3""
""osoba3""		905.7	905700	918.9	918900	14.200012	14200	""osoba3""
""osoba2""		907.2	907200	907.2	907200	1.0	1000	""osoba2""
""osoba3""		908.4	908400	918.9	918900	11.5	11500	""osoba3""
""osoba1""		910.2	910200	910.2	910200	1.0	1000	""osoba1""
""osoba3""		911.4	911400	918.9	918900	8.5	8500	""osoba3""
""osoba3""		912.00006	912000	918.9	918900	7.8999634	7899	""osoba3""
""osoba3""		912.9	912900	918.9	918900	7.0	7000	""osoba3""
""osoba3""		913.80005	913800	918.9	918900	6.0999756	6099	""osoba3""
""osoba3""		914.4	914400	918.9	918900	5.5	5500	""osoba3""
""osoba3""		916.80005	916800	918.9	918900	3.0999756	3099	""osoba3""
""osoba3""		917.7	917700	918.9	918900	2.2000122	2200	""osoba3""
""osoba3""		918.30005	918300	918.9	918900	1.5999756	1599	""osoba3""
""osoba4""		918.9	918900	930.9	930900	13.0	13000	""osoba4""
""osoba4""		920.10004	920100	930.9	930900	11.799988	11799	""osoba4""
""osoba4""		921.00006	921000	930.9	930900	10.899963	10899	""osoba4""
""osoba4""		924.30005	924300	930.9	930900	7.5999756	7599	""osoba4""
""osoba1""		925.2	925200	925.80005	925800	1.6000366	1600	""osoba1""
""osoba4""		927.9	927900	930.9	930900	4.0	4000	""osoba4""
""osoba3""		928.50006	928500	928.50006	928500	1.0	1000	""osoba3""
""osoba1""		930.00006	930000	933.9	933900	4.8999634	4899	""osoba1""
""osoba4""		930.00006	930000	930.9	930900	1.8999634	1899	""osoba4""
""osoba1""		932.10004	932100	933.9	933900	2.7999878	2799	""osoba1""
""osoba4""		933.60004	933600	950.10004	950100	17.5	17500	""osoba4""
""osoba2""		933.9	933900	934.50006	934500	1.6000366	1600	""osoba2""
""osoba3""		935.10004	935100	935.4	935400	1.2999878	1299	""osoba3""
""osoba4""		938.10004	938100	950.10004	950100	13.0	13000	""osoba4""
""osoba4""		940.2	940200	950.10004	950100	10.900024	10900	""osoba4""
""osoba2""		942.00006	942000	943.2	943200	2.1999512	2199	""osoba2""
""osoba4""		944.7	944700	950.10004	950100	6.4000244	6400	""osoba4""
""osoba4""		945.9	945900	950.10004	950100	5.200012	5200	""osoba4""
""osoba4""		947.7	947700	950.10004	950100	3.4000244	3400	""osoba4""
""osoba4""		948.60004	948600	950.10004	950100	2.5	2500	""osoba4""
""osoba4""		950.10004	950100	950.10004	950100	1.0	1000	""osoba4""
""osoba3""		951.00006	951000	952.80005	952800	2.7999878	2799	""osoba3""
""osoba4""		952.50006	952500	953.4	953400	1.8999634	1899	""osoba4""
""osoba2""		952.80005	952800	960.30005	960300	8.5	8500	""osoba2""
""osoba2""		957.00006	957000	960.30005	960300	4.299988	4299	""osoba2""
""osoba2""		957.9	957900	960.30005	960300	3.4000244	3400	""osoba2""
""osoba4""		960.00006	960000	978.00006	978000	19.0	19000	""osoba4""
""osoba4""		961.2	961200	978.00006	978000	17.800049	17800	""osoba4""
""osoba4""		961.80005	961800	978.00006	978000	17.200012	17200	""osoba4""
""osoba4""		963.00006	963000	978.00006	978000	16.0	16000	""osoba4""
""osoba4""		963.60004	963600	978.00006	978000	15.400024	15400	""osoba4""
""osoba3""		963.9	963900	967.80005	967800	4.9000244	4900	""osoba3""
""osoba3""		966.60004	966600	967.80005	967800	2.2000122	2200	""osoba3""
""osoba4""		966.60004	966600	978.00006	978000	12.400024	12400	""osoba4""
""osoba4""		967.50006	967500	978.00006	978000	11.5	11500	""osoba4""
""osoba4""		968.7	968700	978.00006	978000	10.300049	10300	""osoba4""
""osoba4""		970.2	970200	978.00006	978000	8.800049	8800	""osoba4""
""osoba1""		971.10004	971100	971.10004	971100	1.0	1000	""osoba1""
""osoba3""		971.4	971400	975.00006	975000	4.6000366	4600	""osoba3""
""osoba4""		973.2	973200	978.00006	978000	5.800049	5800	""osoba4""
""osoba3""		974.10004	974100	975.00006	975000	1.9000244	1900	""osoba3""
""osoba4""		976.2	976200	978.00006	978000	2.8000488	2800	""osoba4""
""osoba2""		976.80005	976800	977.7	977700	1.8999634	1899	""osoba2""
""osoba3""		977.10004	977100	978.9	978900	2.7999878	2799	""osoba3""
""osoba4""		977.4	977400	978.00006	978000	1.6000366	1600	""osoba4""
""osoba1""		978.9	978900	986.4	986400	8.5	8500	""osoba1""
""osoba1""		980.7	980700	986.4	986400	6.700012	6700	""osoba1""
""osoba1""		982.50006	982500	986.4	986400	4.8999634	4899	""osoba1""
""osoba1""		984.00006	984000	986.4	986400	3.3999634	3399	""osoba1""
""osoba1""		985.50006	985500	986.4	986400	1.8999634	1899	""osoba1""
""osoba3""		985.50006	985500	987.60004	987600	3.0999756	3099	""osoba3""
""osoba4""		986.10004	986100	1009.50006	1009500	24.400024	24400	""osoba4""
""osoba4""		988.80005	988800	1009.50006	1009500	21.700012	21700	""osoba4""
""osoba4""		989.4	989400	1009.50006	1009500	21.100037	21100	""osoba4""
""osoba4""		991.80005	991800	1009.50006	1009500	18.700012	18700	""osoba4""
""osoba4""		995.10004	995100	1009.50006	1009500	15.400024	15400	""osoba4""
""osoba4""		996.00006	996000	1009.50006	1009500	14.5	14500	""osoba4""
""osoba4""		998.10004	998100	1009.50006	1009500	12.400024	12400	""osoba4""
""osoba3""		1000.2	1000200	1000.50006	1000500	1.3000488	1300	""osoba3""
""osoba4""		1001.4	1001400	1009.50006	1009500	9.100037	9100	""osoba4""
""osoba1""		1003.80005	1003800	1005.9	1005900	3.0999756	3099	""osoba1""
""osoba4""		1004.7	1004700	1009.50006	1009500	5.800049	5800	""osoba4""
""osoba1""		1008.9	1008900	1016.10004	1016100	8.200012	8200	""osoba1""
""osoba1""		1010.4	1010400	1016.10004	1016100	6.700012	6700	""osoba1""
""osoba1""		1011.9	1011900	1016.10004	1016100	5.200012	5200	""osoba1""
""osoba1""		1015.80005	1015800	1016.10004	1016100	1.2999878	1299	""osoba1""
""osoba3""		1016.10004	1016100	1026.3	1026300	11.200012	11200	""osoba3""
""osoba3""		1018.80005	1018800	1026.3	1026300	8.5	8500	""osoba3""
""osoba3""		1020.60004	1020600	1026.3	1026300	6.700012	6700	""osoba3""
""osoba3""		1021.80005	1021800	1026.3	1026300	5.5	5500	""osoba3""
""osoba4""		1022.7	1022700	1032.9	1032900	11.200012	11200	""osoba4""
""osoba4""		1024.8	1024800	1032.9	1032900	9.099976	9099	""osoba4""
""osoba3""		1025.7001	1025700	1026.3	1026300	1.5999756	1599	""osoba3""
""osoba4""		1025.7001	1025700	1032.9	1032900	8.199951	8199	""osoba4""
""osoba4""		1027.2001	1027200	1032.9	1032900	6.699951	6699	""osoba4""
""osoba4""		1027.8	1027800	1032.9	1032900	6.0999756	6099	""osoba4""
""osoba4""		1029.6001	1029600	1032.9	1032900	4.2999268	4299	""osoba4""
""osoba2""		1031.7001	1031700	1033.2001	1033200	2.5	2500	""osoba2""
""osoba3""		1032.9	1032900	1036.8	1036800	4.9000244	4900	""osoba3""
""osoba3""		1033.8	1033800	1036.8	1036800	4.0	4000	""osoba3""
""osoba4""		1035.0	1035000	1041.3	1041300	7.300049	7300	""osoba4""
""osoba4""		1039.8	1039800	1041.3	1041300	2.5	2500	""osoba4""
""osoba2""		1041.0	1041000	1075.8	1075800	35.80005	35800	""osoba2""
""osoba4""		1041.0	1041000	1041.3	1041300	1.3000488	1300	""osoba4""
""osoba2""		1042.2001	1042200	1075.8	1075800	34.599976	34599	""osoba2""
""osoba2""		1042.8	1042800	1075.8	1075800	34.0	34000	""osoba2""
""osoba2""		1045.8	1045800	1075.8	1075800	31.0	31000	""osoba2""
""osoba2""		1046.4	1046400	1075.8	1075800	30.400024	30400	""osoba2""
""osoba2""		1047.9	1047900	1075.8	1075800	28.900024	28900	""osoba2""
""osoba2""		1048.5	1048500	1075.8	1075800	28.300049	28300	""osoba2""
""osoba2""		1049.1001	1049100	1075.8	1075800	27.699951	27699	""osoba2""
""osoba1""		1050.3	1050300	1053.9	1053900	4.5999756	4599	""osoba1""
""osoba2""		1050.9	1050900	1075.8	1075800	25.900024	25900	""osoba2""
""osoba2""		1051.8	1051800	1075.8	1075800	25.0	25000	""osoba2""
""osoba1""		1052.4	1052400	1053.9	1053900	2.5	2500	""osoba1""
""osoba2""		1053.3	1053300	1075.8	1075800	23.5	23500	""osoba2""
""osoba2""		1054.8	1054800	1075.8	1075800	22.0	22000	""osoba2""
""osoba2""		1056.6001	1056600	1075.8	1075800	20.199951	20199	""osoba2""
""osoba2""		1062.3	1062300	1075.8	1075800	14.5	14500	""osoba2""
""osoba2""		1062.9	1062900	1075.8	1075800	13.900024	13900	""osoba2""
""osoba2""		1064.1001	1064100	1075.8	1075800	12.699951	12699	""osoba2""
""osoba1""		1065.3	1065300	1068.0	1068000	3.6999512	3699	""osoba1""
""osoba2""		1065.9	1065900	1075.8	1075800	10.900024	10900	""osoba2""
""osoba2""		1069.5	1069500	1075.8	1075800	7.300049	7300	""osoba2""
""osoba4""		1070.1001	1070100	1070.1001	1070100	1.0	1000	""osoba4""
""osoba2""		1071.0	1071000	1075.8	1075800	5.800049	5800	""osoba2""
""osoba2""		1071.9	1071900	1075.8	1075800	4.9000244	4900	""osoba2""
""osoba2""		1072.8	1072800	1075.8	1075800	4.0	4000	""osoba2""
""osoba3""		1074.9	1074900	1078.2001	1078200	4.300049	4300	""osoba3""
""osoba1""		1075.5	1075500	1078.5	1078500	4.0	4000	""osoba1""
""osoba2""		1078.5	1078500	1101.6001	1101600	24.100098	24100	""osoba2""
""osoba2""		1081.5	1081500	1101.6001	1101600	21.100098	21100	""osoba2""
""osoba3""		1082.1001	1082100	1082.4	1082400	1.2999268	1299	""osoba3""
""osoba4""		1082.1001	1082100	1083.3	1083300	2.1999512	2199	""osoba4""
""osoba1""		1084.5	1084500	1086.6001	1086600	3.1000977	3100	""osoba1""
""osoba2""		1087.8	1087800	1101.6001	1101600	14.800049	14800	""osoba2""
""osoba2""		1089.9	1089900	1101.6001	1101600	12.700073	12700	""osoba2""
""osoba2""		1092.0	1092000	1101.6001	1101600	10.600098	10600	""osoba2""
""osoba3""		1095.0	1095000	1095.0	1095000	1.0	1000	""osoba3""
""osoba1""		1096.5	1096500	1096.8	1096800	1.3000488	1300	""osoba1""
""osoba2""		1098.0	1098000	1101.6001	1101600	4.6000977	4600	""osoba2""
""osoba2""		1100.1001	1100100	1101.6001	1101600	2.5	2500	""osoba2""
""osoba2""		1101.0	1101000	1101.6001	1101600	1.6000977	1600	""osoba2""
""osoba4""		1102.2001	1102200	1109.4	1109400	8.199951	8199	""osoba4""
""osoba4""		1103.4	1103400	1109.4	1109400	7.0	7000	""osoba4""
""osoba2""		1104.6001	1104600	1119.6001	1119600	16.0	16000	""osoba2""
""osoba4""		1104.9	1104900	1109.4	1109400	5.5	5500	""osoba4""
""osoba2""		1110.6001	1110600	1119.6001	1119600	10.0	10000	""osoba2""
""osoba2""		1111.5	1111500	1119.6001	1119600	9.100098	9100	""osoba2""
""osoba2""		1112.1001	1112100	1119.6001	1119600	8.5	8500	""osoba2""
""osoba4""		1119.0	1119000	1132.2001	1132200	14.200073	14200	""osoba4""
""osoba4""		1120.8	1120800	1132.2001	1132200	12.400024	12400	""osoba4""
""osoba4""		1122.6001	1122600	1132.2001	1132200	10.599976	10599	""osoba4""
""osoba4""		1124.4	1124400	1132.2001	1132200	8.800049	8800	""osoba4""
""osoba4""		1125.0	1125000	1132.2001	1132200	8.200073	8200	""osoba4""
""osoba3""		1128.9	1128900	1141.5	1141500	13.599976	13599	""osoba3""
""osoba4""		1128.9	1128900	1132.2001	1132200	4.300049	4300	""osoba4""
""osoba3""		1131.3	1131300	1141.5	1141500	11.199951	11199	""osoba3""
""osoba3""		1134.0	1134000	1141.5	1141500	8.5	8500	""osoba3""
""osoba3""		1134.6001	1134600	1141.5	1141500	7.8999023	7899	""osoba3""
""osoba3""		1135.5	1135500	1141.5	1141500	7.0	7000	""osoba3""
""osoba4""		1135.5	1135500	1136.1001	1136100	1.6000977	1600	""osoba4""
""osoba3""		1136.7001	1136700	1141.5	1141500	5.7999268	5799	""osoba3""
""osoba3""		1139.7001	1139700	1141.5	1141500	2.7999268	2799	""osoba3""
""osoba4""		1140.3	1140300	1142.4	1142400	3.0999756	3099	""osoba4""
""osoba1""		1141.5	1141500	1147.8	1147800	7.300049	7300	""osoba1""
""osoba1""		1144.8	1144800	1147.8	1147800	4.0	4000	""osoba1""
""osoba4""		1148.1001	1148100	1152.6001	1152600	5.5	5500	""osoba4""
""osoba4""		1149.6001	1149600	1152.6001	1152600	4.0	4000	""osoba4""
""osoba4""		1150.8	1150800	1152.6001	1152600	2.8000488	2800	""osoba4""
""osoba2""		1153.5	1153500	1156.2001	1156200	3.7000732	3700	""osoba2""
""osoba4""		1154.7001	1154700	1158.0	1158000	4.2999268	4299	""osoba4""
""osoba4""		1155.3	1155300	1158.0	1158000	3.6999512	3699	""osoba4""
""osoba2""		1156.2001	1156200	1156.2001	1156200	1.0	1000	""osoba2""
""osoba3""		1157.7001	1157700	1173.9	1173900	17.199951	17199	""osoba3""
""osoba3""		1161.0	1161000	1173.9	1173900	13.900024	13900	""osoba3""
""osoba3""		1163.1001	1163100	1173.9	1173900	11.799927	11799	""osoba3""
""osoba3""		1165.2001	1165200	1173.9	1173900	9.699951	9699	""osoba3""
""osoba3""		1165.8	1165800	1173.9	1173900	9.099976	9099	""osoba3""
""osoba3""		1169.7001	1169700	1173.9	1173900	5.199951	5199	""osoba3""
""osoba3""		1170.9	1170900	1173.9	1173900	4.0	4000	""osoba3""
""osoba2""		1173.6001	1173600	1187.1001	1187100	14.5	14500	""osoba2""
""osoba1""		1173.9	1173900	1173.9	1173900	1.0	1000	""osoba1""
""osoba2""		1175.1001	1175100	1187.1001	1187100	13.0	13000	""osoba2""
""osoba2""		1176.9	1176900	1187.1001	1187100	11.200073	11200	""osoba2""
""osoba2""		1177.8	1177800	1187.1001	1187100	10.300049	10300	""osoba2""
""osoba2""		1179.0	1179000	1187.1001	1187100	9.100098	9100	""osoba2""
""osoba4""		1181.1001	1181100	1182.9	1182900	2.7999268	2799	""osoba4""
""osoba2""		1182.6001	1182600	1187.1001	1187100	5.5	5500	""osoba2""
""osoba2""		1184.4	1184400	1187.1001	1187100	3.7000732	3700	""osoba2""
""osoba2""		1185.6001	1185600	1187.1001	1187100	2.5	2500	""osoba2""
""osoba1""		1186.2001	1186200	1190.4	1190400	5.199951	5199	""osoba1""
""osoba1""		1188.0	1188000	1190.4	1190400	3.4000244	3400	""osoba1""
""osoba1""		1188.6001	1188600	1190.4	1190400	2.7999268	2799	""osoba1""
""osoba3""		1190.4	1190400	1223.1001	1223100	33.700073	33700	""osoba3""
""osoba3""		1191.9	1191900	1223.1001	1223100	32.200073	32200	""osoba3""
""osoba1""		1194.3	1194300	1194.9	1194900	1.5999756	1599	""osoba1""
""osoba3""		1196.1001	1196100	1223.1001	1223100	28.0	28000	""osoba3""
""osoba3""		1197.3	1197300	1223.1001	1223100	26.800049	26800	""osoba3""
""osoba3""		1200.3	1200300	1223.1001	1223100	23.800049	23800	""osoba3""
""osoba4""		1201.2001	1201200	1201.2001	1201200	1.0	1000	""osoba4""
""osoba3""		1204.2001	1204200	1223.1001	1223100	19.900024	19900	""osoba3""
""osoba3""		1207.5	1207500	1223.1001	1223100	16.600098	16600	""osoba3""
""osoba1""		1208.1001	1208100	1208.1001	1208100	1.0	1000	""osoba1""
""osoba3""		1208.1001	1208100	1223.1001	1223100	16.0	16000	""osoba3""
""osoba3""		1209.6001	1209600	1223.1001	1223100	14.5	14500	""osoba3""
""osoba2""		1211.7001	1211700	1213.8	1213800	3.0999756	3099	""osoba2""
""osoba3""		1215.6001	1215600	1223.1001	1223100	8.5	8500	""osoba3""
""osoba3""		1219.8	1219800	1223.1001	1223100	4.300049	4300	""osoba3""
""osoba1""		1223.1001	1223100	1235.4	1235400	13.299927	13299	""osoba1""
""osoba1""		1226.1001	1226100	1235.4	1235400	10.299927	10299	""osoba1""
""osoba1""		1230.3	1230300	1235.4	1235400	6.0999756	6099	""osoba1""
""osoba1""		1231.8	1231800	1235.4	1235400	4.5999756	4599	""osoba1""
""osoba1""		1234.2001	1234200	1235.4	1235400	2.1999512	2199	""osoba1""
""osoba3""		1234.8	1234800	1245.3	1245300	11.5	11500	""osoba3""
""osoba3""		1236.3	1236300	1245.3	1245300	10.0	10000	""osoba3""
""osoba3""		1238.1001	1238100	1245.3	1245300	8.199951	8199	""osoba3""
""osoba3""		1238.7001	1238700	1245.3	1245300	7.5999756	7599	""osoba3""
""osoba3""		1239.9	1239900	1245.3	1245300	6.4000244	6400	""osoba3""
""osoba1""		1243.5	1243500	1250.4	1250400	7.9000244	7900	""osoba1""
""osoba1""		1245.9	1245900	1250.4	1250400	5.5	5500	""osoba1""
""osoba4""		1247.4	1247400	1248.3	1248300	1.9000244	1900	""osoba4""
""osoba1""		1247.7001	1247700	1250.4	1250400	3.6999512	3699	""osoba1""
""osoba3""		1248.0	1248000	1253.7001	1253700	6.7000732	6700	""osoba3""
""osoba2""		1249.5	1249500	1249.8	1249800	1.3000488	1300	""osoba2""
""osoba3""		1251.3	1251300	1253.7001	1253700	3.4000244	3400	""osoba3""
""osoba4""		1253.4	1253400	1275.9	1275900	23.5	23500	""osoba4""
""osoba4""		1255.5	1255500	1275.9	1275900	21.400024	21400	""osoba4""
""osoba4""		1256.7001	1256700	1275.9	1275900	20.199951	20199	""osoba4""
""osoba4""		1259.1001	1259100	1275.9	1275900	17.799927	17799	""osoba4""
""osoba4""		1260.9	1260900	1275.9	1275900	16.0	16000	""osoba4""
""osoba4""		1262.1001	1262100	1275.9	1275900	14.799927	14799	""osoba4""
""osoba4""		1262.7001	1262700	1275.9	1275900	14.199951	14199	""osoba4""
""osoba4""		1263.6001	1263600	1275.9	1275900	13.299927	13299	""osoba4""
""osoba4""		1265.1001	1265100	1275.9	1275900	11.799927	11799	""osoba4""
""osoba1""		1266.6001	1266600	1268.7001	1268700	3.0999756	3099	""osoba1""
""osoba1""		1268.7001	1268700	1268.7001	1268700	1.0	1000	""osoba1""
""osoba4""		1270.2001	1270200	1275.9	1275900	6.699951	6699	""osoba4""
""osoba4""		1270.8	1270800	1275.9	1275900	6.0999756	6099	""osoba4""
""osoba2""		1272.6001	1272600	1272.6001	1272600	1.0	1000	""osoba2""
""osoba4""		1273.5	1273500	1275.9	1275900	3.4000244	3400	""osoba4""
""osoba4""		1275.0	1275000	1275.9	1275900	1.9000244	1900	""osoba4""
""osoba1""		1275.6001	1275600	1276.8	1276800	2.1999512	2199	""osoba1""
""osoba1""		1276.8	1276800	1276.8	1276800	1.0	1000	""osoba1""
""osoba2""		1276.8	1276800	1281.9	1281900	6.0999756	6099	""osoba2""
""osoba1""		1278.9	1278900	1286.7001	1286700	8.800049	8800	""osoba1""
""osoba3""		1280.1001	1280100	1285.2001	1285200	6.0999756	6099	""osoba3""
""osoba3""		1282.5	1282500	1285.2001	1285200	3.7000732	3700	""osoba3""
""osoba1""		1283.7001	1283700	1286.7001	1286700	4.0	4000	""osoba1""
""osoba3""		1283.7001	1283700	1285.2001	1285200	2.5	2500	""osoba3""
""osoba1""		1284.6001	1284600	1286.7001	1286700	3.0999756	3099	""osoba1""
""osoba4""		1286.7001	1286700	1290.3	1290300	4.5999756	4599	""osoba4""
""osoba4""		1289.7001	1289700	1290.3	1290300	1.5999756	1599	""osoba4""
""osoba1""		1290.0	1290000	1294.5	1294500	5.5	5500	""osoba1""
""osoba1""		1293.0	1293000	1294.5	1294500	2.5	2500	""osoba1""
""osoba4""		1293.3	1293300	1295.1001	1295100	2.8000488	2800	""osoba4""
""osoba1""		1294.2001	1294200	1294.5	1294500	1.2999268	1299	""osoba1""
""osoba4""		1294.5	1294500	1295.1001	1295100	1.6000977	1600	""osoba4""
""osoba3""		1295.4	1295400	1297.2001	1297200	2.8000488	2800	""osoba3""
""osoba3""		1296.9	1296900	1297.2001	1297200	1.3000488	1300	""osoba3""
""osoba1""		1297.5	1297500	1299.6001	1299600	3.1000977	3100	""osoba1""
""osoba1""		1298.7001	1298700	1299.6001	1299600	1.9000244	1900	""osoba1""
""osoba4""		1299.0	1299000	1328.1001	1328100	30.100098	30100	""osoba4""
""osoba4""		1302.0	1302000	1328.1001	1328100	27.100098	27100	""osoba4""
""osoba4""		1303.2001	1303200	1328.1001	1328100	25.900024	25900	""osoba4""
""osoba4""		1304.1001	1304100	1328.1001	1328100	25.0	25000	""osoba4""
""osoba4""		1307.7001	1307700	1328.1001	1328100	21.400024	21400	""osoba4""
""osoba4""		1308.6001	1308600	1328.1001	1328100	20.5	20500	""osoba4""
""osoba4""		1317.9	1317900	1328.1001	1328100	11.200073	11200	""osoba4""
""osoba4""		1320.9	1320900	1328.1001	1328100	8.200073	8200	""osoba4""
""osoba2""		1323.0	1323000	1327.2001	1327200	5.2000732	5200	""osoba2""
""osoba2""		1326.9	1326900	1327.2001	1327200	1.3000488	1300	""osoba2""
""osoba1""		1327.2001	1327200	1327.5	1327500	1.2999268	1299	""osoba1""
""osoba3""		1328.4	1328400	1337.7001	1337700	10.300049	10300	""osoba3""
""osoba3""		1329.6001	1329600	1337.7001	1337700	9.099976	9099	""osoba3""
""osoba3""		1330.2001	1330200	1337.7001	1337700	8.5	8500	""osoba3""
""osoba3""		1331.1001	1331100	1337.7001	1337700	7.5999756	7599	""osoba3""
""osoba3""		1332.3	1332300	1337.7001	1337700	6.4000244	6400	""osoba3""
""osoba3""		1334.4	1334400	1337.7001	1337700	4.300049	4300	""osoba3""
""osoba2""		1336.5	1336500	1359.0	1359000	23.5	23500	""osoba2""
""osoba4""		1336.8	1336800	1341.0	1341000	5.199951	5199	""osoba4""
""osoba4""		1339.8	1339800	1341.0	1341000	2.1999512	2199	""osoba4""
""osoba2""		1341.9	1341900	1359.0	1359000	18.099976	18099	""osoba2""
""osoba2""		1343.7001	1343700	1359.0	1359000	16.299927	16299	""osoba2""
""osoba2""		1345.5	1345500	1359.0	1359000	14.5	14500	""osoba2""
""osoba4""		1350.0	1350000	1352.1001	1352100	3.1000977	3100	""osoba4""
""osoba2""		1353.0	1353000	1359.0	1359000	7.0	7000	""osoba2""
""osoba1""		1354.2001	1354200	1354.2001	1354200	1.0	1000	""osoba1""
""osoba4""		1354.2001	1354200	1355.7001	1355700	2.5	2500	""osoba4""
""osoba2""		1354.5	1354500	1359.0	1359000	5.5	5500	""osoba2""
""osoba2""		1355.4	1355400	1359.0	1359000	4.5999756	4599	""osoba2""
""osoba4""		1355.4	1355400	1355.7001	1355700	1.3000488	1300	""osoba4""
""osoba4""		1358.7001	1358700	1398.3	1398300	40.599976	40599	""osoba4""
""osoba2""		1361.7001	1361700	1362.9	1362900	2.1999512	2199	""osoba2""
""osoba4""		1364.7001	1364700	1398.3	1398300	34.599976	34599	""osoba4""
""osoba1""		1365.9	1365900	1366.8	1366800	1.9000244	1900	""osoba1""
""osoba4""		1370.4	1370400	1398.3	1398300	28.900024	28900	""osoba4""
""osoba1""		1374.3	1374300	1374.6001	1374600	1.3000488	1300	""osoba1""
""osoba4""		1377.3	1377300	1398.3	1398300	22.0	22000	""osoba4""
""osoba4""		1378.5	1378500	1398.3	1398300	20.800049	20800	""osoba4""
""osoba4""		1380.0	1380000	1398.3	1398300	19.300049	19300	""osoba4""
""osoba4""		1382.7001	1382700	1398.3	1398300	16.599976	16599	""osoba4""
""osoba2""		1385.7001	1385700	1387.5	1387500	2.7999268	2799	""osoba2""
""osoba4""		1385.7001	1385700	1398.3	1398300	13.599976	13599	""osoba4""
""osoba4""		1388.7001	1388700	1398.3	1398300	10.599976	10599	""osoba4""
""osoba4""		1390.2001	1390200	1398.3	1398300	9.099976	9099	""osoba4""
""osoba4""		1391.4	1391400	1398.3	1398300	7.9000244	7900	""osoba4""
""osoba4""		1395.0	1395000	1398.3	1398300	4.300049	4300	""osoba4""
""osoba1""		1395.6001	1395600	1404.6001	1404600	10.0	10000	""osoba1""
""osoba4""		1396.2001	1396200	1398.3	1398300	3.0999756	3099	""osoba4""
""osoba4""		1398.3	1398300	1398.3	1398300	1.0	1000	""osoba4""
""osoba1""		1401.0	1401000	1404.6001	1404600	4.6000977	4600	""osoba1""
""osoba1""		1402.8	1402800	1404.6001	1404600	2.8000488	2800	""osoba1""
""osoba4""		1404.3	1404300	1422.6001	1422600	19.300049	19300	""osoba4""
""osoba2""		1405.2001	1405200	1405.5	1405500	1.2999268	1299	""osoba2""
""osoba1""		1407.9	1407900	1411.5	1411500	4.5999756	4599	""osoba1""
""osoba4""		1407.9	1407900	1422.6001	1422600	15.700073	15700	""osoba4""
""osoba4""		1411.8	1411800	1422.6001	1422600	11.800049	11800	""osoba4""
""osoba3""		1414.5	1414500	1415.7001	1415700	2.2000732	2200	""osoba3""
""osoba2""		1415.4	1415400	1419.9	1419900	5.5	5500	""osoba2""
""osoba4""		1419.3	1419300	1422.6001	1422600	4.300049	4300	""osoba4""
""osoba4""		1420.8	1420800	1422.6001	1422600	2.8000488	2800	""osoba4""
""osoba4""		1421.7001	1421700	1422.6001	1422600	1.9000244	1900	""osoba4""
""osoba2""		1422.9	1422900	1437.6001	1437600	15.700073	15700	""osoba2""
""osoba2""		1424.1001	1424100	1437.6001	1437600	14.5	14500	""osoba2""
""osoba4""		1424.7001	1424700	1425.3	1425300	1.5999756	1599	""osoba4""
""osoba2""		1426.5	1426500	1437.6001	1437600	12.100098	12100	""osoba2""
""osoba3""		1427.1001	1427100	1429.8	1429800	3.6999512	3699	""osoba3""
""osoba2""		1427.7001	1427700	1437.6001	1437600	10.900024	10900	""osoba2""
""osoba2""		1431.3	1431300	1437.6001	1437600	7.300049	7300	""osoba2""
""osoba4""		1431.3	1431300	1433.1001	1433100	2.8000488	2800	""osoba4""
""osoba1""		1432.8	1432800	1432.8	1432800	1.0	1000	""osoba1""
""osoba4""		1433.1001	1433100	1433.1001	1433100	1.0	1000	""osoba4""
""osoba2""		1434.9	1434900	1437.6001	1437600	3.7000732	3700	""osoba2""
""osoba2""		1435.8	1435800	1437.6001	1437600	2.8000488	2800	""osoba2""
""osoba2""		1436.4	1436400	1437.6001	1437600	2.2000732	2200	""osoba2""
""osoba3""		1436.7001	1436700	1452.9	1452900	17.199951	17199	""osoba3""
""osoba3""		1438.8	1438800	1452.9	1452900	15.099976	15099	""osoba3""
""osoba3""		1440.0	1440000	1452.9	1452900	13.900024	13900	""osoba3""
""osoba3""		1440.9	1440900	1452.9	1452900	13.0	13000	""osoba3""
""osoba3""		1442.7001	1442700	1452.9	1452900	11.199951	11199	""osoba3""
""osoba3""		1447.5	1447500	1452.9	1452900	6.4000244	6400	""osoba3""
""osoba4""		1447.8	1447800	1448.4	1448400	1.5999756	1599	""osoba4""
""osoba1""		1449.3	1449300	1450.2001	1450200	1.9000244	1900	""osoba1""
""osoba3""		1451.1001	1451100	1452.9	1452900	2.7999268	2799	""osoba3""
""osoba2""		1451.4	1451400	1478.7001	1478700	28.300049	28300	""osoba2""
""osoba3""		1452.6001	1452600	1452.9	1452900	1.2999268	1299	""osoba3""
""osoba2""		1453.8	1453800	1478.7001	1478700	25.900024	25900	""osoba2""
""osoba2""		1457.7001	1457700	1478.7001	1478700	22.0	22000	""osoba2""
""osoba4""		1457.7001	1457700	1457.7001	1457700	1.0	1000	""osoba4""
""osoba2""		1459.8	1459800	1478.7001	1478700	19.900024	19900	""osoba2""
""osoba3""		1463.1001	1463100	1464.0	1464000	1.8999023	1899	""osoba3""
""osoba2""		1466.4	1466400	1478.7001	1478700	13.300049	13300	""osoba2""
""osoba1""		1467.9	1467900	1469.1001	1469100	2.2000732	2200	""osoba1""
""osoba4""		1469.4	1469400	1470.6001	1470600	2.2000732	2200	""osoba4""
""osoba2""		1471.2001	1471200	1478.7001	1478700	8.5	8500	""osoba2""
""osoba2""		1473.9	1473900	1478.7001	1478700	5.800049	5800	""osoba2""
""osoba3""		1474.2001	1474200	1474.5	1474500	1.2999268	1299	""osoba3""
""osoba2""		1476.0	1476000	1478.7001	1478700	3.7000732	3700	""osoba2""
""osoba2""		1477.2001	1477200	1478.7001	1478700	2.5	2500	""osoba2""
""osoba4""		1477.5	1477500	1479.9	1479900	3.4000244	3400	""osoba4""
""osoba2""		1478.4	1478400	1478.7001	1478700	1.3000488	1300	""osoba2""
""osoba1""		1480.5	1480500	1506.3	1506300	26.800049	26800	""osoba1""
""osoba1""		1481.1001	1481100	1506.3	1506300	26.199951	26199	""osoba1""
""osoba1""		1482.3	1482300	1506.3	1506300	25.0	25000	""osoba1""
""osoba1""		1484.1001	1484100	1506.3	1506300	23.199951	23199	""osoba1""
""osoba1""		1485.3	1485300	1506.3	1506300	22.0	22000	""osoba1""
""osoba1""		1486.2001	1486200	1506.3	1506300	21.099976	21099	""osoba1""
""osoba1""		1489.8	1489800	1506.3	1506300	17.5	17500	""osoba1""
""osoba1""		1491.6001	1491600	1506.3	1506300	15.699951	15699	""osoba1""
""osoba1""		1494.3	1494300	1506.3	1506300	13.0	13000	""osoba1""
""osoba4""		1497.0	1497000	1497.9	1497900	1.9000244	1900	""osoba4""
""osoba1""		1498.2001	1498200	1506.3	1506300	9.099976	9099	""osoba1""
""osoba1""		1499.4	1499400	1506.3	1506300	7.9000244	7900	""osoba1""
""osoba1""		1502.7001	1502700	1506.3	1506300	4.5999756	4599	""osoba1""
""osoba2""		1503.0	1503000	1505.7001	1505700	3.7000732	3700	""osoba2""
""osoba1""		1503.3	1503300	1506.3	1506300	4.0	4000	""osoba1""
""osoba2""		1504.5	1504500	1505.7001	1505700	2.2000732	2200	""osoba2""
""osoba1""		1505.1001	1505100	1506.3	1506300	2.1999512	2199	""osoba1""
""osoba2""		1505.1001	1505100	1505.7001	1505700	1.5999756	1599	""osoba2""
""osoba3""		1506.3	1506300	1522.2001	1522200	16.900024	16900	""osoba3""
""osoba4""		1506.3	1506300	1507.5	1507500	2.1999512	2199	""osoba4""
""osoba3""		1508.7001	1508700	1522.2001	1522200	14.5	14500	""osoba3""
""osoba3""		1509.3	1509300	1522.2001	1522200	13.900024	13900	""osoba3""
""osoba3""		1513.5	1513500	1522.2001	1522200	9.700073	9700	""osoba3""
""osoba3""		1514.4	1514400	1522.2001	1522200	8.800049	8800	""osoba3""
""osoba3""		1515.0	1515000	1522.2001	1522200	8.200073	8200	""osoba3""
""osoba3""		1516.8	1516800	1522.2001	1522200	6.4000244	6400	""osoba3""
""osoba3""		1518.3	1518300	1522.2001	1522200	4.9000244	4900	""osoba3""
""osoba3""		1521.3	1521300	1522.2001	1522200	1.9000244	1900	""osoba3""
""osoba1""		1522.2001	1522200	1528.5	1528500	7.2999268	7299	""osoba1""
""osoba1""		1523.4	1523400	1528.5	1528500	6.0999756	6099	""osoba1""
""osoba2""		1524.3	1524300	1531.2001	1531200	7.9000244	7900	""osoba2""
""osoba1""		1528.2001	1528200	1528.5	1528500	1.2999268	1299	""osoba1""
""osoba4""		1530.3	1530300	1550.4	1550400	21.099976	21099	""osoba4""
""osoba2""		1530.9	1530900	1531.2001	1531200	1.3000488	1300	""osoba2""
""osoba4""		1532.4	1532400	1550.4	1550400	19.0	19000	""osoba4""
""osoba4""		1534.8	1534800	1550.4	1550400	16.599976	16599	""osoba4""
""osoba4""		1536.0	1536000	1550.4	1550400	15.400024	15400	""osoba4""
""osoba4""		1536.9	1536900	1550.4	1550400	14.5	14500	""osoba4""
""osoba2""		1537.5001	1537500	1537.5001	1537500	1.0	1000	""osoba2""
""osoba4""		1539.9	1539900	1550.4	1550400	11.5	11500	""osoba4""
""osoba2""		1540.5001	1540500	1540.5001	1540500	1.0	1000	""osoba2""
""osoba4""		1541.4	1541400	1550.4	1550400	10.0	10000	""osoba4""
""osoba1""		1542.6001	1542600	1542.6001	1542600	1.0	1000	""osoba1""
""osoba4""		1542.6001	1542600	1550.4	1550400	8.799927	8799	""osoba4""
""osoba4""		1546.2001	1546200	1550.4	1550400	5.199951	5199	""osoba4""
""osoba4""		1547.4	1547400	1550.4	1550400	4.0	4000	""osoba4""
""osoba4""		1549.5001	1549500	1550.4	1550400	1.8999023	1899	""osoba4""
""osoba2""		1550.7001	1550700	1554.0001	1554000	4.300049	4300	""osoba2""
""osoba4""		1553.7001	1553700	1563.9	1563900	11.199951	11199	""osoba4""
""osoba1""		1555.8	1555800	1555.8	1555800	1.0	1000	""osoba1""
""osoba4""		1558.8	1558800	1563.9	1563900	6.0999756	6099	""osoba4""
""osoba4""		1559.7001	1559700	1563.9	1563900	5.199951	5199	""osoba4""
""osoba4""		1560.3	1560300	1563.9	1563900	4.5999756	4599	""osoba4""
""osoba1""		1560.6001	1560600	1560.9	1560900	1.2999268	1299	""osoba1""
""osoba4""		1561.2001	1561200	1563.9	1563900	3.6999512	3699	""osoba4""
""osoba1""		1563.0001	1563000	1566.9	1566900	4.8999023	4899	""osoba1""
""osoba3""		1566.0001	1566000	1588.5001	1588500	23.5	23500	""osoba3""
""osoba1""		1566.3	1566300	1566.9	1566900	1.5999756	1599	""osoba1""
""osoba2""		1568.4	1568400	1570.5001	1570500	3.1000977	3100	""osoba2""
""osoba4""		1569.0001	1569000	1570.2001	1570200	2.1999512	2199	""osoba4""
""osoba2""		1569.9	1569900	1570.5001	1570500	1.6000977	1600	""osoba2""
""osoba3""		1572.3	1572300	1588.5001	1588500	17.200073	17200	""osoba3""
""osoba4""		1578.6001	1578600	1580.1001	1580100	2.5	2500	""osoba4""
""osoba2""		1578.9	1578900	1578.9	1578900	1.0	1000	""osoba2""
""osoba3""		1579.5001	1579500	1588.5001	1588500	10.0	10000	""osoba3""
""osoba3""		1581.0001	1581000	1588.5001	1588500	8.5	8500	""osoba3""
""osoba3""		1582.8	1582800	1588.5001	1588500	6.7000732	6700	""osoba3""
""osoba4""		1587.9	1587900	1608.6001	1608600	21.700073	21700	""osoba4""
""osoba4""		1590.0001	1590000	1608.6001	1608600	19.599976	19599	""osoba4""
""osoba4""		1590.9	1590900	1608.6001	1608600	18.700073	18700	""osoba4""
""osoba4""		1591.5001	1591500	1608.6001	1608600	18.099976	18099	""osoba4""
""osoba1""		1592.7001	1592700	1596.0001	1596000	4.300049	4300	""osoba1""
""osoba4""		1593.0001	1593000	1608.6001	1608600	16.599976	16599	""osoba4""
""osoba1""		1595.4	1595400	1596.0001	1596000	1.6000977	1600	""osoba1""
""osoba4""		1595.7001	1595700	1608.6001	1608600	13.900024	13900	""osoba4""
""osoba4""		1598.7001	1598700	1608.6001	1608600	10.900024	10900	""osoba4""
""osoba4""		1599.6001	1599600	1608.6001	1608600	10.0	10000	""osoba4""
""osoba2""		1601.1001	1601100	1605.0001	1605000	4.9000244	4900	""osoba2""
""osoba2""		1604.1001	1604100	1605.0001	1605000	1.9000244	1900	""osoba2""
""osoba3""		1604.1001	1604100	1604.1001	1604100	1.0	1000	""osoba3""
""osoba4""		1608.3	1608300	1608.6001	1608600	1.3000488	1300	""osoba4""
""osoba2""		1608.9	1608900	1620.3	1620300	12.400024	12400	""osoba2""
""osoba2""		1609.5001	1609500	1620.3	1620300	11.799927	11799	""osoba2""
""osoba2""		1611.9	1611900	1620.3	1620300	9.400024	9400	""osoba2""
""osoba2""		1614.3	1614300	1620.3	1620300	7.0	7000	""osoba2""
""osoba2""		1617.3	1617300	1620.3	1620300	4.0	4000	""osoba2""
""osoba2""		1617.9	1617900	1620.3	1620300	3.4000244	3400	""osoba2""
""osoba2""		1619.4	1619400	1620.3	1620300	1.9000244	1900	""osoba2""
