"default"		0.0	0	1.0	1000	1.0	1000	BEGIN
"default"		1620.3	1620300	1620.31	1621300	1.0	1000	END
""osoba2""		6.9	6900	7.2000003	7200	1.3000002	1300	""osoba2""
""osoba1""		7.2000003	7200	15.900001	15900	9.700001	9700	""osoba1""
""osoba1""		9.0	9000	15.900001	15900	7.9000006	7900	""osoba1""
""osoba1""		11.400001	11400	15.900001	15900	5.5	5500	""osoba1""
""osoba1""		12.0	12000	15.900001	15900	4.9000006	4900	""osoba1""
""osoba1""		13.8	13800	15.900001	15900	3.1000004	3100	""osoba1""
""osoba1""		15.000001	15000	15.900001	15900	1.8999996	1899	""osoba1""
""osoba3""		16.2	16200	40.2	40200	25.0	25000	""osoba3""
""osoba3""		16.800001	16800	40.2	40200	24.4	24400	""osoba3""
""osoba3""		17.400002	17400	40.2	40200	23.8	23800	""osoba3""
""osoba3""		18.0	18000	40.2	40200	23.2	23200	""osoba3""
""osoba3""		18.900002	18900	40.2	40200	22.3	22300	""osoba3""
""osoba1""		19.800001	19800	21.0	21000	2.1999989	2199	""osoba1""
""osoba3""		24.0	24000	40.2	40200	17.2	17200	""osoba3""
""osoba3""		25.2	25200	40.2	40200	16.0	16000	""osoba3""
""osoba3""		27.000002	27000	40.2	40200	14.199999	14199	""osoba3""
""osoba3""		27.900002	27900	40.2	40200	13.299999	13299	""osoba3""
""osoba3""		28.500002	28500	40.2	40200	12.699999	12699	""osoba3""
""osoba1""		28.800001	28800	30.6	30600	2.7999992	2799	""osoba1""
""osoba3""		29.1	29100	40.2	40200	12.1	12100	""osoba3""
""osoba3""		34.800003	34800	40.2	40200	6.3999977	6399	""osoba3""
""osoba1""		37.2	37200	37.800003	37800	1.6000023	1600	""osoba1""
""osoba2""		37.800003	37800	40.2	40200	3.3999977	3399	""osoba2""
""osoba2""		38.7	38700	40.2	40200	2.5	2500	""osoba2""
""osoba3""		39.600002	39600	40.2	40200	1.5999985	1599	""osoba3""
""osoba4""		40.5	40500	42.600002	42600	3.1000023	3100	""osoba4""
""osoba1""		42.300003	42300	47.7	47700	6.3999977	6399	""osoba1""
""osoba1""		46.2	46200	47.7	47700	2.5	2500	""osoba1""
""osoba3""		46.800003	46800	59.4	59400	13.599998	13599	""osoba3""
""osoba3""		48.9	48900	59.4	59400	11.5	11500	""osoba3""
""osoba3""		49.800003	49800	59.4	59400	10.599998	10599	""osoba3""
""osoba2""		52.2	52200	52.2	52200	1.0	1000	""osoba2""
""osoba3""		52.2	52200	59.4	59400	8.200001	8200	""osoba3""
""osoba3""		55.2	55200	59.4	59400	5.200001	5200	""osoba3""
""osoba3""		55.800003	55800	59.4	59400	4.5999985	4599	""osoba3""
""osoba4""		58.2	58200	73.5	73500	16.3	16299	""osoba4""
""osoba4""		62.100002	62100	73.5	73500	12.399998	12399	""osoba4""
""osoba4""		63.000004	63000	73.5	73500	11.499996	11499	""osoba4""
""osoba4""		65.100006	65100	73.5	73500	9.399994	9399	""osoba4""
""osoba4""		65.700005	65700	73.5	73500	8.799995	8799	""osoba4""
""osoba4""		66.3	66300	73.5	73500	8.199997	8199	""osoba4""
""osoba4""		68.700005	68700	73.5	73500	5.7999954	5799	""osoba4""
""osoba4""		71.100006	71100	73.5	73500	3.399994	3399	""osoba4""
""osoba1""		72.3	72300	93.3	93300	22.0	22000	""osoba1""
""osoba4""		73.5	73500	73.5	73500	1.0	1000	""osoba4""
""osoba1""		75.0	75000	93.3	93300	19.300003	19300	""osoba1""
""osoba1""		77.700005	77700	93.3	93300	16.599998	16599	""osoba1""
""osoba1""		78.3	78300	93.3	93300	16.0	16000	""osoba1""
""osoba1""		80.100006	80100	93.3	93300	14.199997	14199	""osoba1""
""osoba3""		81.600006	81600	81.9	81900	1.2999954	1299	""osoba3""
""osoba1""		82.5	82500	93.3	93300	11.800003	11800	""osoba1""
""osoba1""		84.0	84000	93.3	93300	10.300003	10300	""osoba1""
""osoba2""		85.200005	85200	85.200005	85200	1.0	1000	""osoba2""
""osoba4""		85.5	85500	85.8	85800	1.300003	1300	""osoba4""
""osoba3""		85.8	85800	85.8	85800	1.0	1000	""osoba3""
""osoba1""		87.3	87300	93.3	93300	7.0	7000	""osoba1""
""osoba1""		90.0	90000	93.3	93300	4.300003	4300	""osoba1""
""osoba4""		92.4	92400	100.200005	100200	8.800003	8800	""osoba4""
""osoba4""		94.5	94500	100.200005	100200	6.7000046	6700	""osoba4""
""osoba4""		96.9	96900	100.200005	100200	4.300003	4300	""osoba4""
""osoba1""		100.50001	100500	102.9	102900	3.399994	3399	""osoba1""
""osoba2""		100.50001	100500	102.9	102900	3.399994	3399	""osoba2""
""osoba1""		102.9	102900	102.9	102900	1.0	1000	""osoba1""
""osoba2""		102.9	102900	102.9	102900	1.0	1000	""osoba2""
""osoba3""		103.200005	103200	116.100006	116100	13.900002	13900	""osoba3""
""osoba3""		104.100006	104100	116.100006	116100	13.0	13000	""osoba3""
""osoba3""		105.00001	105000	116.100006	116100	12.099998	12099	""osoba3""
""osoba3""		105.600006	105600	116.100006	116100	11.5	11500	""osoba3""
""osoba3""		106.50001	106500	116.100006	116100	10.599998	10599	""osoba3""
""osoba1""		106.8	106800	106.8	106800	1.0	1000	""osoba1""
""osoba2""		110.4	110400	110.4	110400	1.0	1000	""osoba2""
""osoba3""		111.3	111300	116.100006	116100	5.800003	5800	""osoba3""
""osoba3""		111.9	111900	116.100006	116100	5.2000046	5200	""osoba3""
""osoba4""		112.200005	112200	112.50001	112500	1.300003	1300	""osoba4""
""osoba3""		114.00001	114000	116.100006	116100	3.0999985	3099	""osoba3""
""osoba3""		115.8	115800	116.100006	116100	1.300003	1300	""osoba3""
""osoba2""		116.100006	116100	119.100006	119100	4.0	4000	""osoba2""
""osoba2""		118.200005	118200	119.100006	119100	1.9000015	1900	""osoba2""
""osoba3""		118.50001	118500	129.0	129000	11.499992	11499	""osoba3""
""osoba1""		119.4	119400	121.50001	121500	3.100006	3100	""osoba1""
""osoba3""		123.9	123900	129.0	129000	6.0999985	6099	""osoba3""
""osoba1""		125.4	125400	141.3	141300	16.900002	16900	""osoba1""
""osoba3""		125.700005	125700	129.0	129000	4.2999954	4299	""osoba3""
""osoba3""		126.600006	126600	129.0	129000	3.399994	3399	""osoba3""
""osoba1""		128.1	128100	141.3	141300	14.199997	14199	""osoba1""
""osoba3""		128.70001	128700	129.0	129000	1.2999878	1299	""osoba3""
""osoba1""		129.0	129000	141.3	141300	13.300003	13300	""osoba1""
""osoba4""		129.0	129000	129.0	129000	1.0	1000	""osoba4""
""osoba1""		130.5	130500	141.3	141300	11.800003	11800	""osoba1""
""osoba1""		136.20001	136200	141.3	141300	6.099991	6099	""osoba1""
""osoba1""		137.1	137100	141.3	141300	5.199997	5199	""osoba1""
""osoba1""		138.0	138000	141.3	141300	4.300003	4300	""osoba1""
""osoba1""		138.90001	138900	141.3	141300	3.399994	3399	""osoba1""
""osoba4""		140.1	140100	160.20001	160200	21.100006	21100	""osoba4""
""osoba4""		142.20001	142200	160.20001	160200	19.0	19000	""osoba4""
""osoba4""		142.8	142800	160.20001	160200	18.40001	18400	""osoba4""
""osoba4""		150.6	150600	160.20001	160200	10.600006	10600	""osoba4""
""osoba4""		152.70001	152700	160.20001	160200	8.5	8500	""osoba4""
""osoba2""		154.5	154500	155.70001	155700	2.2000122	2200	""osoba2""
""osoba4""		154.5	154500	160.20001	160200	6.700012	6700	""osoba4""
""osoba4""		157.5	157500	160.20001	160200	3.7000122	3700	""osoba4""
""osoba3""		158.1	158100	160.20001	160200	3.100006	3100	""osoba3""
""osoba1""		158.40001	158400	182.1	182100	24.699997	24699	""osoba1""
""osoba2""		160.5	160500	163.8	163800	4.300003	4300	""osoba2""
""osoba2""		161.70001	161700	163.8	163800	3.0999908	3099	""osoba2""
""osoba1""		162.6	162600	182.1	182100	20.5	20500	""osoba1""
""osoba1""		165.0	165000	182.1	182100	18.100006	18100	""osoba1""
""osoba1""		166.20001	166200	182.1	182100	16.899994	16899	""osoba1""
""osoba4""		166.20001	166200	166.5	166500	1.2999878	1299	""osoba4""
""osoba1""		168.3	168300	182.1	182100	14.800003	14800	""osoba1""
""osoba1""		169.5	169500	182.1	182100	13.600006	13600	""osoba1""
""osoba1""		170.40001	170400	182.1	182100	12.699997	12699	""osoba1""
""osoba1""		171.0	171000	182.1	182100	12.100006	12100	""osoba1""
""osoba4""		171.90001	171900	171.90001	171900	1.0	1000	""osoba4""
""osoba4""		176.40001	176400	176.40001	176400	1.0	1000	""osoba4""
""osoba1""		177.0	177000	182.1	182100	6.100006	6100	""osoba1""
""osoba2""		177.90001	177900	180.0	180000	3.0999908	3099	""osoba2""
""osoba2""		178.5	178500	180.0	180000	2.5	2500	""osoba2""
""osoba1""		178.8	178800	182.1	182100	4.300003	4300	""osoba1""
""osoba3""		180.90001	180900	182.40001	182400	2.5	2500	""osoba3""
""osoba4""		181.5	181500	184.20001	184200	3.7000122	3700	""osoba4""
""osoba4""		183.3	183300	184.20001	184200	1.9000092	1900	""osoba4""
""osoba3""		184.5	184500	191.1	191100	7.600006	7600	""osoba3""
""osoba3""		186.90001	186900	191.1	191100	5.199997	5199	""osoba3""
""osoba4""		191.40001	191400	198.00002	198000	7.600006	7600	""osoba4""
""osoba4""		192.6	192600	198.00002	198000	6.400009	6400	""osoba4""
""osoba1""		195.00002	195000	211.50002	211500	17.5	17500	""osoba1""
""osoba3""		196.8	196800	198.90001	198900	3.100006	3100	""osoba3""
""osoba1""		202.8	202800	211.50002	211500	9.700012	9700	""osoba1""
""osoba1""		203.70001	203700	211.50002	211500	8.800003	8800	""osoba1""
""osoba1""		205.20001	205200	211.50002	211500	7.300003	7300	""osoba1""
""osoba2""		205.8	205800	213.90001	213900	9.100006	9100	""osoba2""
""osoba4""		209.70001	209700	209.70001	209700	1.0	1000	""osoba4""
""osoba1""		213.6	213600	218.1	218100	5.5	5500	""osoba1""
""osoba1""		214.8	214800	218.1	218100	4.300003	4300	""osoba1""
""osoba4""		215.70001	215700	222.3	222300	7.599991	7599	""osoba4""
""osoba4""		217.8	217800	222.3	222300	5.5	5500	""osoba4""
""osoba1""		218.1	218100	218.1	218100	1.0	1000	""osoba1""
""osoba4""		218.70001	218700	222.3	222300	4.599991	4599	""osoba4""
""osoba3""		219.90001	219900	231.00002	231000	12.100006	12100	""osoba3""
""osoba4""		220.20001	220200	222.3	222300	3.0999908	3099	""osoba4""
""osoba2""		222.3	222300	222.6	222600	1.300003	1300	""osoba2""
""osoba3""		224.1	224100	231.00002	231000	7.900009	7900	""osoba3""
""osoba2""		225.90001	225900	225.90001	225900	1.0	1000	""osoba2""
""osoba3""		226.8	226800	231.00002	231000	5.200012	5200	""osoba3""
""osoba3""		227.70001	227700	231.00002	231000	4.300003	4300	""osoba3""
""osoba4""		229.20001	229200	240.6	240600	12.399994	12399	""osoba4""
""osoba3""		235.20001	235200	246.6	246600	12.399994	12399	""osoba3""
""osoba3""		237.6	237600	246.6	246600	10.0	10000	""osoba3""
""osoba3""		238.20001	238200	246.6	246600	9.399994	9399	""osoba3""
""osoba2""		240.00002	240000	241.50002	241500	2.5	2500	""osoba2""
""osoba1""		244.8	244800	245.40001	245400	1.6000061	1600	""osoba1""
""osoba3""		246.00002	246000	246.6	246600	1.5999908	1599	""osoba3""
""osoba2""		247.20001	247200	249.6	249600	3.399994	3399	""osoba2""
""osoba1""		249.3	249300	253.8	253800	5.5	5500	""osoba1""
""osoba2""		249.3	249300	249.6	249600	1.300003	1300	""osoba2""
""osoba3""		252.00002	252000	267.0	267000	15.999985	15999	""osoba3""
""osoba1""		253.20001	253200	253.8	253800	1.5999908	1599	""osoba1""
""osoba3""		255.3	255300	267.0	267000	12.699997	12699	""osoba3""
""osoba4""		256.5	256500	258.6	258600	3.100006	3100	""osoba4""
""osoba3""		258.90002	258900	267.0	267000	9.099976	9099	""osoba3""
""osoba3""		261.90002	261900	267.0	267000	6.0999756	6099	""osoba3""
""osoba3""		263.1	263100	267.0	267000	4.899994	4899	""osoba3""
""osoba4""		267.30002	267300	270.6	270600	4.299988	4299	""osoba4""
""osoba4""		269.1	269100	270.6	270600	2.5	2500	""osoba4""
""osoba3""		269.40002	269400	277.5	277500	9.099976	9099	""osoba3""
""osoba3""		272.1	272100	277.5	277500	6.399994	6399	""osoba3""
""osoba4""		273.30002	273300	273.30002	273300	1.0	1000	""osoba4""
""osoba3""		274.2	274200	277.5	277500	4.299988	4299	""osoba3""
""osoba3""		275.40002	275400	277.5	277500	3.0999756	3099	""osoba3""
""osoba1""		277.80002	277800	282.0	282000	5.1999817	5199	""osoba1""
""osoba1""		280.2	280200	282.0	282000	2.7999878	2799	""osoba1""
""osoba2""		280.5	280500	283.2	283200	3.7000122	3700	""osoba2""
""osoba1""		281.7	281700	282.0	282000	1.2999878	1299	""osoba1""
""osoba3""		282.0	282000	286.5	286500	5.5	5500	""osoba3""
""osoba3""		285.6	285600	286.5	286500	1.8999939	1899	""osoba3""
""osoba4""		286.80002	286800	291.90002	291900	6.100006	6100	""osoba4""
""osoba4""		289.2	289200	291.90002	291900	3.7000122	3700	""osoba4""
""osoba2""		290.1	290100	299.1	299100	10.0	10000	""osoba2""
""osoba3""		290.7	290700	290.7	290700	1.0	1000	""osoba3""
""osoba2""		291.90002	291900	299.1	299100	8.199982	8199	""osoba2""
""osoba2""		293.7	293700	299.1	299100	6.399994	6399	""osoba2""
""osoba2""		294.30002	294300	299.1	299100	5.799988	5799	""osoba2""
""osoba2""		295.80002	295800	299.1	299100	4.299988	4299	""osoba2""
""osoba2""		298.80002	298800	299.1	299100	1.2999878	1299	""osoba2""
""osoba4""		299.1	299100	308.40002	308400	10.300018	10300	""osoba4""
""osoba4""		303.0	303000	308.40002	308400	6.4000244	6400	""osoba4""
""osoba4""		303.6	303600	308.40002	308400	5.8000183	5800	""osoba4""
""osoba4""		304.5	304500	308.40002	308400	4.9000244	4900	""osoba4""
""osoba4""		306.30002	306300	308.40002	308400	3.100006	3100	""osoba4""
""osoba4""		307.80002	307800	308.40002	308400	1.6000061	1600	""osoba4""
""osoba3""		309.0	309000	317.1	317100	9.100006	9100	""osoba3""
""osoba3""		309.6	309600	317.1	317100	8.5	8500	""osoba3""
""osoba3""		312.6	312600	317.1	317100	5.5	5500	""osoba3""
""osoba3""		313.2	313200	317.1	317100	4.899994	4899	""osoba3""
""osoba3""		314.1	314100	317.1	317100	4.0	4000	""osoba3""
""osoba3""		315.0	315000	317.1	317100	3.100006	3100	""osoba3""
""osoba3""		316.2	316200	317.1	317100	1.8999939	1899	""osoba3""
""osoba3""		317.1	317100	317.1	317100	1.0	1000	""osoba3""
""osoba4""		317.1	317100	325.2	325200	9.100006	9100	""osoba4""
""osoba4""		318.0	318000	325.2	325200	8.200012	8200	""osoba4""
""osoba4""		319.2	319200	325.2	325200	7.0	7000	""osoba4""
""osoba4""		320.7	320700	325.2	325200	5.5	5500	""osoba4""
""osoba4""		321.6	321600	325.2	325200	4.600006	4600	""osoba4""
""osoba2""		323.1	323100	323.1	323100	1.0	1000	""osoba2""
""osoba4""		324.0	324000	325.2	325200	2.2000122	2200	""osoba4""
""osoba1""		324.90002	324900	330.90002	330900	7.0	7000	""osoba1""
""osoba4""		325.2	325200	325.2	325200	1.0	1000	""osoba4""
""osoba1""		326.1	326100	330.90002	330900	5.8000183	5800	""osoba1""
""osoba1""		327.90002	327900	330.90002	330900	4.0	4000	""osoba1""
""osoba2""		328.80002	328800	333.30002	333300	5.5	5500	""osoba2""
""osoba1""		330.30002	330300	330.90002	330900	1.6000061	1600	""osoba1""
""osoba2""		332.1	332100	333.30002	333300	2.2000122	2200	""osoba2""
""osoba1""		333.0	333000	345.30002	345300	13.300018	13300	""osoba1""
""osoba1""		334.80002	334800	345.30002	345300	11.5	11500	""osoba1""
""osoba3""		338.1	338100	339.30002	339300	2.2000122	2200	""osoba3""
""osoba1""		341.1	341100	345.30002	345300	5.200012	5200	""osoba1""
""osoba2""		341.40002	341400	352.5	352500	12.099976	12099	""osoba2""
""osoba1""		344.7	344700	345.30002	345300	1.6000061	1600	""osoba1""
""osoba2""		346.2	346200	352.5	352500	7.299988	7299	""osoba2""
""osoba2""		347.7	347700	352.5	352500	5.799988	5799	""osoba2""
""osoba2""		348.90002	348900	352.5	352500	4.5999756	4599	""osoba2""
""osoba3""		349.80002	349800	359.40002	359400	10.600006	10600	""osoba3""
""osoba3""		351.6	351600	359.40002	359400	8.800018	8800	""osoba3""
""osoba2""		352.2	352200	352.5	352500	1.2999878	1299	""osoba2""
""osoba3""		353.7	353700	359.40002	359400	6.700012	6700	""osoba3""
""osoba3""		355.5	355500	359.40002	359400	4.9000244	4900	""osoba3""
""osoba3""		356.1	356100	359.40002	359400	4.3000183	4300	""osoba3""
""osoba1""		357.90002	357900	372.0	372000	15.099976	15099	""osoba1""
""osoba1""		359.40002	359400	372.0	372000	13.599976	13599	""osoba1""
""osoba3""		365.1	365100	365.40002	365400	1.3000183	1300	""osoba3""
""osoba1""		366.6	366600	372.0	372000	6.399994	6399	""osoba1""
""osoba1""		369.0	369000	372.0	372000	4.0	4000	""osoba1""
""osoba4""		370.5	370500	384.90002	384900	15.400024	15400	""osoba4""
""osoba3""		370.80002	370800	372.0	372000	2.1999817	2199	""osoba3""
""osoba4""		371.7	371700	384.90002	384900	14.200012	14200	""osoba4""
""osoba4""		376.2	376200	384.90002	384900	9.700012	9700	""osoba4""
""osoba4""		377.40002	377400	384.90002	384900	8.5	8500	""osoba4""
""osoba4""		378.30002	378300	384.90002	384900	7.600006	7600	""osoba4""
""osoba3""		379.80002	379800	379.80002	379800	1.0	1000	""osoba3""
""osoba4""		381.6	381600	384.90002	384900	4.3000183	4300	""osoba4""
""osoba1""		383.1	383100	406.80002	406800	24.700012	24700	""osoba1""
""osoba4""		384.0	384000	384.90002	384900	1.9000244	1900	""osoba4""
""osoba1""		384.90002	384900	406.80002	406800	22.899994	22899	""osoba1""
""osoba3""		385.50003	385500	386.40002	386400	1.8999939	1899	""osoba3""
""osoba1""		387.6	387600	406.80002	406800	20.200012	20200	""osoba1""
""osoba2""		390.00003	390000	393.30002	393300	4.299988	4299	""osoba2""
""osoba2""		392.7	392700	393.30002	393300	1.6000061	1600	""osoba2""
""osoba1""		397.2	397200	406.80002	406800	10.600006	10600	""osoba1""
""osoba1""		398.7	398700	406.80002	406800	9.100006	9100	""osoba1""
""osoba1""		399.6	399600	406.80002	406800	8.200012	8200	""osoba1""
""osoba1""		402.30002	402300	406.80002	406800	5.5	5500	""osoba1""
""osoba3""		402.30002	402300	402.6	402600	1.2999878	1299	""osoba3""
""osoba4""		404.40002	404400	414.90002	414900	11.5	11500	""osoba4""
""osoba2""		405.6	405600	405.90002	405900	1.3000183	1300	""osoba2""
""osoba1""		406.50003	406500	406.80002	406800	1.2999878	1299	""osoba1""
""osoba4""		408.00003	408000	414.90002	414900	7.899994	7899	""osoba4""
""osoba3""		409.80002	409800	411.6	411600	2.7999878	2799	""osoba3""
""osoba4""		409.80002	409800	414.90002	414900	6.100006	6100	""osoba4""
""osoba4""		412.50003	412500	414.90002	414900	3.399994	3399	""osoba4""
""osoba4""		413.1	413100	414.90002	414900	2.8000183	2800	""osoba4""
""osoba3""		414.6	414600	430.50003	430500	16.900024	16900	""osoba3""
""osoba4""		414.6	414600	414.90002	414900	1.3000183	1300	""osoba4""
""osoba3""		416.1	416100	430.50003	430500	15.400024	15400	""osoba3""
""osoba3""		417.00003	417000	430.50003	430500	14.5	14500	""osoba3""
""osoba3""		418.80002	418800	430.50003	430500	12.700012	12700	""osoba3""
""osoba4""		419.40002	419400	420.00003	420000	1.6000061	1600	""osoba4""
""osoba3""		421.80002	421800	430.50003	430500	9.700012	9700	""osoba3""
""osoba3""		422.7	422700	430.50003	430500	8.800018	8800	""osoba3""
""osoba2""		423.6	423600	424.2	424200	1.6000061	1600	""osoba2""
""osoba3""		423.90002	423900	430.50003	430500	7.600006	7600	""osoba3""
""osoba3""		427.80002	427800	430.50003	430500	3.7000122	3700	""osoba3""
""osoba2""		429.90002	429900	442.80002	442800	13.899994	13899	""osoba2""
""osoba2""		434.7	434700	442.80002	442800	9.100006	9100	""osoba2""
""osoba2""		435.6	435600	442.80002	442800	8.200012	8200	""osoba2""
""osoba2""		437.7	437700	442.80002	442800	6.100006	6100	""osoba2""
""osoba2""		439.2	439200	442.80002	442800	4.600006	4600	""osoba2""
""osoba2""		441.00003	441000	442.80002	442800	2.7999878	2799	""osoba2""
""osoba2""		442.50003	442500	442.80002	442800	1.2999878	1299	""osoba2""
""osoba3""		442.80002	442800	462.90002	462900	21.100006	21100	""osoba3""
""osoba3""		444.6	444600	462.90002	462900	19.300018	19300	""osoba3""
""osoba3""		446.7	446700	462.90002	462900	17.200012	17200	""osoba3""
""osoba3""		449.1	449100	462.90002	462900	14.800018	14800	""osoba3""
""osoba3""		450.30002	450300	462.90002	462900	13.600006	13600	""osoba3""
""osoba3""		453.6	453600	462.90002	462900	10.300018	10300	""osoba3""
""osoba3""		457.2	457200	462.90002	462900	6.700012	6700	""osoba3""
""osoba3""		459.00003	459000	462.90002	462900	4.899994	4899	""osoba3""
""osoba3""		459.90002	459900	462.90002	462900	4.0	4000	""osoba3""
""osoba2""		460.2	460200	460.2	460200	1.0	1000	""osoba2""
""osoba3""		461.40002	461400	462.90002	462900	2.5	2500	""osoba3""
""osoba4""		462.30002	462300	474.6	474600	13.299988	13299	""osoba4""
""osoba4""		464.7	464700	474.6	474600	10.899994	10899	""osoba4""
""osoba4""		466.50003	466500	474.6	474600	9.099976	9099	""osoba4""
""osoba4""		469.50003	469500	474.6	474600	6.0999756	6099	""osoba4""
""osoba4""		471.30002	471300	474.6	474600	4.299988	4299	""osoba4""
""osoba3""		473.40002	473400	508.80002	508800	36.399994	36399	""osoba3""
""osoba3""		476.7	476700	508.80002	508800	33.100006	33100	""osoba3""
""osoba3""		480.00003	480000	508.80002	508800	29.799988	29799	""osoba3""
""osoba4""		480.00003	480000	480.90002	480900	1.8999939	1899	""osoba4""
""osoba2""		482.7	482700	482.7	482700	1.0	1000	""osoba2""
""osoba3""		488.1	488100	508.80002	508800	21.700012	21700	""osoba3""
""osoba2""		490.2	490200	490.2	490200	1.0	1000	""osoba2""
""osoba3""		490.80002	490800	508.80002	508800	19.0	19000	""osoba3""
""osoba3""		491.7	491700	508.80002	508800	18.100006	18100	""osoba3""
""osoba3""		492.6	492600	508.80002	508800	17.200012	17200	""osoba3""
""osoba4""		493.2	493200	493.2	493200	1.0	1000	""osoba4""
""osoba3""		494.40002	494400	508.80002	508800	15.399994	15399	""osoba3""
""osoba3""		495.30002	495300	508.80002	508800	14.5	14500	""osoba3""
""osoba3""		496.80002	496800	508.80002	508800	13.0	13000	""osoba3""
""osoba3""		498.00003	498000	508.80002	508800	11.799988	11799	""osoba3""
""osoba3""		498.6	498600	508.80002	508800	11.200012	11200	""osoba3""
""osoba2""		499.2	499200	499.2	499200	1.0	1000	""osoba2""
""osoba3""		499.80002	499800	508.80002	508800	10.0	10000	""osoba3""
""osoba3""		501.6	501600	508.80002	508800	8.200012	8200	""osoba3""
""osoba3""		502.50003	502500	508.80002	508800	7.299988	7299	""osoba3""
""osoba3""		503.40002	503400	508.80002	508800	6.399994	6399	""osoba3""
""osoba1""		507.00003	507000	507.30002	507300	1.2999878	1299	""osoba1""
""osoba4""		508.2	508200	510.00003	510000	2.8000183	2800	""osoba4""
""osoba1""		509.7	509700	519.30005	519300	10.600037	10600	""osoba1""
""osoba4""		509.7	509700	510.00003	510000	1.3000183	1300	""osoba4""
""osoba1""		512.4	512400	519.30005	519300	7.9000244	7900	""osoba1""
""osoba1""		513.9	513900	519.30005	519300	6.4000244	6400	""osoba1""
""osoba1""		518.7	518700	519.30005	519300	1.6000366	1600	""osoba1""
""osoba4""		519.0	519000	523.2	523200	5.200012	5200	""osoba4""
""osoba3""		519.9	519900	520.2	520200	1.2999878	1299	""osoba3""
""osoba2""		520.5	520500	525.30005	525300	5.800049	5800	""osoba2""
""osoba2""		522.60004	522600	525.30005	525300	3.7000122	3700	""osoba2""
""osoba4""		522.60004	522600	523.2	523200	1.5999756	1599	""osoba4""
""osoba1""		524.4	524400	530.4	530400	7.0	7000	""osoba1""
""osoba1""		525.60004	525600	530.4	530400	5.799988	5799	""osoba1""
""osoba1""		527.10004	527100	530.4	530400	4.299988	4299	""osoba1""
""osoba1""		528.0	528000	530.4	530400	3.4000244	3400	""osoba1""
""osoba3""		528.9	528900	532.5	532500	4.5999756	4599	""osoba3""
""osoba4""		529.5	529500	535.80005	535800	7.300049	7300	""osoba4""
""osoba4""		534.9	534900	535.80005	535800	1.9000244	1900	""osoba4""
""osoba2""		535.80005	535800	538.5	538500	3.6999512	3699	""osoba2""
""osoba4""		535.80005	535800	535.80005	535800	1.0	1000	""osoba4""
""osoba2""		536.7	536700	538.5	538500	2.7999878	2799	""osoba2""
""osoba3""		537.60004	537600	537.60004	537600	1.0	1000	""osoba3""
""osoba1""		538.2	538200	542.4	542400	5.200012	5200	""osoba1""
""osoba2""		538.5	538500	538.5	538500	1.0	1000	""osoba2""
""osoba1""		539.4	539400	542.4	542400	4.0	4000	""osoba1""
""osoba3""		542.10004	542100	545.4	545400	4.299988	4299	""osoba3""
""osoba4""		542.7	542700	545.7	545700	4.0	4000	""osoba4""
""osoba4""		543.9	543900	545.7	545700	2.7999878	2799	""osoba4""
""osoba3""		544.2	544200	545.4	545400	2.2000122	2200	""osoba3""
""osoba1""		544.80005	544800	551.7	551700	7.8999634	7899	""osoba1""
""osoba1""		549.60004	549600	551.7	551700	3.0999756	3099	""osoba1""
""osoba4""		550.80005	550800	555.0	555000	5.199951	5199	""osoba4""
""osoba4""		553.5	553500	555.0	555000	2.5	2500	""osoba4""
""osoba2""		554.7	554700	567.0	567000	13.299988	13299	""osoba2""
""osoba2""		559.2	559200	567.0	567000	8.799988	8799	""osoba2""
""osoba2""		560.7	560700	567.0	567000	7.299988	7299	""osoba2""
""osoba2""		561.9	561900	567.0	567000	6.0999756	6099	""osoba2""
""osoba4""		562.80005	562800	563.10004	563100	1.2999878	1299	""osoba4""
""osoba2""		564.30005	564300	567.0	567000	3.6999512	3699	""osoba2""
""osoba1""		566.10004	566100	568.5	568500	3.3999634	3399	""osoba1""
""osoba2""		566.10004	566100	567.0	567000	1.8999634	1899	""osoba2""
""osoba3""		567.60004	567600	578.4	578400	11.799988	11799	""osoba3""
""osoba3""		569.7	569700	578.4	578400	9.700012	9700	""osoba3""
""osoba3""		570.9	570900	578.4	578400	8.5	8500	""osoba3""
""osoba2""		571.2	571200	571.5	571500	1.2999878	1299	""osoba2""
""osoba3""		573.9	573900	578.4	578400	5.5	5500	""osoba3""
""osoba1""		574.5	574500	596.7	596700	23.200012	23200	""osoba1""
""osoba1""		576.30005	576300	596.7	596700	21.399963	21399	""osoba1""
""osoba1""		577.80005	577800	596.7	596700	19.899963	19899	""osoba1""
""osoba3""		578.10004	578100	578.4	578400	1.2999878	1299	""osoba3""
""osoba1""		579.60004	579600	596.7	596700	18.099976	18099	""osoba1""
""osoba1""		580.80005	580800	596.7	596700	16.899963	16899	""osoba1""
""osoba1""		583.2	583200	596.7	596700	14.5	14500	""osoba1""
""osoba2""		585.30005	585300	587.10004	587100	2.7999878	2799	""osoba2""
""osoba1""		588.60004	588600	596.7	596700	9.099976	9099	""osoba1""
""osoba1""		591.0	591000	596.7	596700	6.700012	6700	""osoba1""
""osoba3""		594.0	594000	594.30005	594300	1.3000488	1300	""osoba3""
""osoba2""		595.2	595200	595.2	595200	1.0	1000	""osoba2""
""osoba1""		596.10004	596100	596.7	596700	1.5999756	1599	""osoba1""
""osoba4""		596.7	596700	610.5	610500	14.799988	14799	""osoba4""
""osoba4""		597.9	597900	610.5	610500	13.599976	13599	""osoba4""
""osoba4""		598.5	598500	610.5	610500	13.0	13000	""osoba4""
""osoba1""		598.80005	598800	598.80005	598800	1.0	1000	""osoba1""
""osoba4""		599.7	599700	610.5	610500	11.799988	11799	""osoba4""
""osoba2""		602.10004	602100	602.10004	602100	1.0	1000	""osoba2""
""osoba4""		603.60004	603600	610.5	610500	7.8999634	7899	""osoba4""
""osoba4""		604.80005	604800	610.5	610500	6.699951	6699	""osoba4""
""osoba4""		605.7	605700	610.5	610500	5.799988	5799	""osoba4""
""osoba4""		606.60004	606600	610.5	610500	4.8999634	4899	""osoba4""
""osoba1""		609.0	609000	626.4	626400	18.400024	18400	""osoba1""
""osoba1""		609.9	609900	626.4	626400	17.5	17500	""osoba1""
""osoba1""		611.4	611400	626.4	626400	16.0	16000	""osoba1""
""osoba1""		612.0	612000	626.4	626400	15.400024	15400	""osoba1""
""osoba1""		614.4	614400	626.4	626400	13.0	13000	""osoba1""
""osoba1""		618.0	618000	626.4	626400	9.400024	9400	""osoba1""
""osoba1""		620.4	620400	626.4	626400	7.0	7000	""osoba1""
""osoba1""		621.30005	621300	626.4	626400	6.0999756	6099	""osoba1""
""osoba1""		621.9	621900	626.4	626400	5.5	5500	""osoba1""
""osoba3""		622.5	622500	645.60004	645600	24.100037	24100	""osoba3""
""osoba1""		624.60004	624600	626.4	626400	2.7999878	2799	""osoba1""
""osoba4""		625.80005	625800	628.80005	628800	4.0	4000	""osoba4""
""osoba3""		627.30005	627300	645.60004	645600	19.299988	19299	""osoba3""
""osoba4""		627.30005	627300	628.80005	628800	2.5	2500	""osoba4""
""osoba3""		629.7	629700	645.60004	645600	16.900024	16900	""osoba3""
""osoba3""		630.30005	630300	645.60004	645600	16.299988	16299	""osoba3""
""osoba3""		632.7	632700	645.60004	645600	13.900024	13900	""osoba3""
""osoba3""		634.80005	634800	645.60004	645600	11.799988	11799	""osoba3""
""osoba3""		635.4	635400	645.60004	645600	11.200012	11200	""osoba3""
""osoba3""		639.60004	639600	645.60004	645600	7.0	7000	""osoba3""
""osoba3""		643.80005	643800	645.60004	645600	2.7999878	2799	""osoba3""
""osoba4""		645.60004	645600	649.2	649200	4.5999756	4599	""osoba4""
""osoba1""		646.80005	646800	652.5	652500	6.699951	6699	""osoba1""
""osoba1""		648.60004	648600	652.5	652500	4.8999634	4899	""osoba1""
""osoba3""		649.2	649200	649.2	649200	1.0	1000	""osoba3""
""osoba1""		650.4	650400	652.5	652500	3.0999756	3099	""osoba1""
""osoba3""		651.30005	651300	654.9	654900	4.5999756	4599	""osoba3""
""osoba3""		652.80005	652800	654.9	654900	3.0999756	3099	""osoba3""
""osoba3""		654.30005	654300	654.9	654900	1.5999756	1599	""osoba3""
""osoba1""		654.60004	654600	655.5	655500	1.8999634	1899	""osoba1""
""osoba4""		655.5	655500	658.5	658500	4.0	4000	""osoba4""
""osoba1""		659.4	659400	682.80005	682800	24.400024	24400	""osoba1""
""osoba1""		661.2	661200	682.80005	682800	22.600037	22600	""osoba1""
""osoba4""		662.4	662400	666.30005	666300	4.9000244	4900	""osoba4""
""osoba3""		663.30005	663300	665.7	665700	3.3999634	3399	""osoba3""
""osoba1""		665.7	665700	682.80005	682800	18.100037	18100	""osoba1""
""osoba1""		668.7	668700	682.80005	682800	15.100037	15100	""osoba1""
""osoba1""		673.80005	673800	682.80005	682800	10.0	10000	""osoba1""
""osoba1""		680.10004	680100	682.80005	682800	3.7000122	3700	""osoba1""
""osoba1""		680.7	680700	682.80005	682800	3.1000366	3100	""osoba1""
""osoba4""		680.7	680700	690.0	690000	10.299988	10299	""osoba4""
""osoba4""		684.9	684900	690.0	690000	6.0999756	6099	""osoba4""
""osoba4""		686.10004	686100	690.0	690000	4.8999634	4899	""osoba4""
""osoba4""		686.7	686700	690.0	690000	4.299988	4299	""osoba4""
""osoba4""		687.9	687900	690.0	690000	3.0999756	3099	""osoba4""
""osoba1""		688.2	688200	689.4	689400	2.2000122	2200	""osoba1""
""osoba3""		688.5	688500	693.30005	693300	5.800049	5800	""osoba3""
""osoba3""		690.9	690900	693.30005	693300	3.4000244	3400	""osoba3""
""osoba3""		691.80005	691800	693.30005	693300	2.5	2500	""osoba3""
""osoba3""		692.7	692700	693.30005	693300	1.6000366	1600	""osoba3""
""osoba1""		693.0	693000	699.30005	699300	7.300049	7300	""osoba1""
""osoba1""		694.5	694500	699.30005	699300	5.800049	5800	""osoba1""
""osoba1""		696.0	696000	699.30005	699300	4.300049	4300	""osoba1""
""osoba1""		696.60004	696600	699.30005	699300	3.7000122	3700	""osoba1""
""osoba1""		697.80005	697800	699.30005	699300	2.5	2500	""osoba1""
""osoba2""		699.60004	699600	711.9	711900	13.299988	13299	""osoba2""
""osoba2""		701.7	701700	711.9	711900	11.200012	11200	""osoba2""
""osoba2""		706.5	706500	711.9	711900	6.4000244	6400	""osoba2""
""osoba4""		707.7	707700	709.5	709500	2.7999878	2799	""osoba4""
""osoba2""		711.0	711000	711.9	711900	1.9000244	1900	""osoba2""
""osoba4""		711.9	711900	726.30005	726300	15.400024	15400	""osoba4""
""osoba4""		713.4	713400	726.30005	726300	13.900024	13900	""osoba4""
""osoba4""		716.10004	716100	726.30005	726300	11.200012	11200	""osoba4""
""osoba1""		717.0	717000	717.30005	717300	1.3000488	1300	""osoba1""
""osoba4""		717.0	717000	726.30005	726300	10.300049	10300	""osoba4""
""osoba4""		719.4	719400	726.30005	726300	7.9000244	7900	""osoba4""
""osoba4""		720.30005	720300	726.30005	726300	7.0	7000	""osoba4""
""osoba4""		721.80005	721800	726.30005	726300	5.5	5500	""osoba4""
""osoba4""		723.30005	723300	726.30005	726300	4.0	4000	""osoba4""
""osoba4""		723.9	723900	726.30005	726300	3.4000244	3400	""osoba4""
""osoba4""		724.5	724500	726.30005	726300	2.8000488	2800	""osoba4""
""osoba2""		726.9	726900	739.2	739200	13.299988	13299	""osoba2""
""osoba3""		727.2	727200	728.7	728700	2.5	2500	""osoba3""
""osoba2""		730.2	730200	739.2	739200	10.0	10000	""osoba2""
""osoba2""		732.0	732000	739.2	739200	8.200012	8200	""osoba2""
""osoba1""		732.9	732900	735.0	735000	3.0999756	3099	""osoba1""
""osoba2""		732.9	732900	739.2	739200	7.299988	7299	""osoba2""
""osoba2""		735.9	735900	739.2	739200	4.299988	4299	""osoba2""
""osoba3""		739.80005	739800	759.0	759000	20.199951	20199	""osoba3""
""osoba4""		741.60004	741600	741.60004	741600	1.0	1000	""osoba4""
""osoba1""		743.4	743400	745.2	745200	2.7999878	2799	""osoba1""
""osoba3""		744.60004	744600	759.0	759000	15.399963	15399	""osoba3""
""osoba4""		746.4	746400	752.10004	752100	6.700012	6700	""osoba4""
""osoba4""		747.0	747000	752.10004	752100	6.1000366	6100	""osoba4""
""osoba3""		747.9	747900	759.0	759000	12.099976	12099	""osoba3""
""osoba4""		747.9	747900	752.10004	752100	5.200012	5200	""osoba4""
""osoba3""		750.9	750900	759.0	759000	9.099976	9099	""osoba3""
""osoba3""		753.0	753000	759.0	759000	7.0	7000	""osoba3""
""osoba3""		755.7	755700	759.0	759000	4.299988	4299	""osoba3""
""osoba1""		757.80005	757800	764.10004	764100	7.299988	7299	""osoba1""
""osoba3""		757.80005	757800	759.0	759000	2.1999512	2199	""osoba3""
""osoba3""		758.7	758700	759.0	759000	1.2999878	1299	""osoba3""
""osoba1""		763.2	763200	764.10004	764100	1.9000244	1900	""osoba1""
""osoba3""		763.5	763500	768.30005	768300	5.800049	5800	""osoba3""
""osoba3""		765.0	765000	768.30005	768300	4.300049	4300	""osoba3""
""osoba4""		768.60004	768600	780.00006	780000	12.400024	12400	""osoba4""
""osoba4""		769.2	769200	780.00006	780000	11.800049	11800	""osoba4""
""osoba4""		770.4	770400	780.00006	780000	10.600037	10600	""osoba4""
""osoba4""		771.30005	771300	780.00006	780000	9.700012	9700	""osoba4""
""osoba4""		772.50006	772500	780.00006	780000	8.5	8500	""osoba4""
""osoba4""		776.4	776400	780.00006	780000	4.6000366	4600	""osoba4""
""osoba3""		779.4	779400	780.30005	780300	1.9000244	1900	""osoba3""
""osoba4""		779.4	779400	780.00006	780000	1.6000366	1600	""osoba4""
""osoba2""		780.30005	780300	784.50006	784500	5.200012	5200	""osoba2""
""osoba2""		783.00006	783000	784.50006	784500	2.5	2500	""osoba2""
""osoba1""		783.9	783900	795.9	795900	13.0	13000	""osoba1""
""osoba2""		783.9	783900	784.50006	784500	1.6000366	1600	""osoba2""
""osoba2""		784.50006	784500	784.50006	784500	1.0	1000	""osoba2""
""osoba1""		785.4	785400	795.9	795900	11.5	11500	""osoba1""
""osoba3""		786.60004	786600	786.9	786900	1.2999878	1299	""osoba3""
""osoba1""		788.7	788700	795.9	795900	8.200012	8200	""osoba1""
""osoba3""		790.2	790200	791.10004	791100	1.9000244	1900	""osoba3""
""osoba1""		792.00006	792000	795.9	795900	4.8999634	4899	""osoba1""
""osoba1""		795.9	795900	795.9	795900	1.0	1000	""osoba1""
""osoba4""		796.2	796200	804.30005	804300	9.100037	9100	""osoba4""
""osoba4""		798.9	798900	804.30005	804300	6.4000244	6400	""osoba4""
""osoba2""		799.2	799200	814.50006	814500	16.300049	16300	""osoba2""
""osoba4""		799.50006	799500	804.30005	804300	5.799988	5799	""osoba4""
""osoba1""		799.80005	799800	800.10004	800100	1.2999878	1299	""osoba1""
""osoba2""		801.30005	801300	814.50006	814500	14.200012	14200	""osoba2""
""osoba4""		801.30005	801300	804.30005	804300	4.0	4000	""osoba4""
""osoba1""		806.4	806400	808.50006	808500	3.1000366	3100	""osoba1""
""osoba2""		809.10004	809100	814.50006	814500	6.4000244	6400	""osoba2""
""osoba2""		810.30005	810300	814.50006	814500	5.200012	5200	""osoba2""
""osoba1""		812.7	812700	813.00006	813000	1.3000488	1300	""osoba1""
""osoba2""		814.2	814200	814.50006	814500	1.3000488	1300	""osoba2""
""osoba3""		814.80005	814800	816.9	816900	3.0999756	3099	""osoba3""
""osoba3""		815.7	815700	816.9	816900	2.2000122	2200	""osoba3""
""osoba3""		816.30005	816300	816.9	816900	1.5999756	1599	""osoba3""
""osoba2""		816.9	816900	822.60004	822600	6.700012	6700	""osoba2""
""osoba2""		818.4	818400	822.60004	822600	5.200012	5200	""osoba2""
""osoba1""		820.80005	820800	821.4	821400	1.5999756	1599	""osoba1""
""osoba2""		820.80005	820800	822.60004	822600	2.7999878	2799	""osoba2""
""osoba4""		822.9	822900	824.10004	824100	2.2000122	2200	""osoba4""
""osoba3""		824.10004	824100	835.2	835200	12.099976	12099	""osoba3""
""osoba4""		824.10004	824100	824.10004	824100	1.0	1000	""osoba4""
""osoba3""		827.7	827700	835.2	835200	8.5	8500	""osoba3""
""osoba3""		829.80005	829800	835.2	835200	6.3999634	6399	""osoba3""
""osoba3""		831.60004	831600	835.2	835200	4.5999756	4599	""osoba3""
""osoba2""		834.60004	834600	846.60004	846600	13.0	13000	""osoba2""
""osoba2""		839.7	839700	846.60004	846600	7.9000244	7900	""osoba2""
""osoba2""		840.60004	840600	846.60004	846600	7.0	7000	""osoba2""
""osoba2""		842.4	842400	846.60004	846600	5.200012	5200	""osoba2""
""osoba4""		842.7	842700	843.00006	843000	1.3000488	1300	""osoba4""
""osoba1""		844.50006	844500	848.7	848700	5.199951	5199	""osoba1""
""osoba2""		844.80005	844800	846.60004	846600	2.7999878	2799	""osoba2""
""osoba1""		845.7	845700	848.7	848700	4.0	4000	""osoba1""
""osoba2""		846.00006	846000	846.60004	846600	1.5999756	1599	""osoba2""
""osoba3""		846.60004	846600	850.50006	850500	4.9000244	4900	""osoba3""
""osoba3""		848.4	848400	850.50006	850500	3.1000366	3100	""osoba3""
""osoba3""		849.60004	849600	850.50006	850500	1.9000244	1900	""osoba3""
""osoba4""		849.9	849900	851.7	851700	2.7999878	2799	""osoba4""
""osoba1""		850.80005	850800	864.9	864900	15.099976	15099	""osoba1""
""osoba2""		852.30005	852300	852.60004	852600	1.2999878	1299	""osoba2""
""osoba1""		853.80005	853800	864.9	864900	12.099976	12099	""osoba1""
""osoba1""		854.4	854400	864.9	864900	11.5	11500	""osoba1""
""osoba3""		856.50006	856500	858.00006	858000	2.5	2500	""osoba3""
""osoba2""		857.10004	857100	857.10004	857100	1.0	1000	""osoba2""
""osoba1""		862.2	862200	864.9	864900	3.7000122	3700	""osoba1""
""osoba4""		863.10004	863100	864.00006	864000	1.9000244	1900	""osoba4""
""osoba3""		863.7	863700	889.2	889200	26.5	26500	""osoba3""
""osoba2""		865.80005	865800	865.80005	865800	1.0	1000	""osoba2""
""osoba4""		869.10004	869100	869.10004	869100	1.0	1000	""osoba4""
""osoba3""		870.00006	870000	889.2	889200	20.199951	20199	""osoba3""
""osoba1""		870.60004	870600	871.80005	871800	2.2000122	2200	""osoba1""
""osoba2""		873.60004	873600	876.60004	876600	4.0	4000	""osoba2""
""osoba2""		876.30005	876300	876.60004	876600	1.2999878	1299	""osoba2""
""osoba3""		879.30005	879300	889.2	889200	10.899963	10899	""osoba3""
""osoba3""		880.50006	880500	889.2	889200	9.699951	9699	""osoba3""
""osoba2""		882.60004	882600	884.7	884700	3.0999756	3099	""osoba2""
""osoba4""		884.10004	884100	884.7	884700	1.5999756	1599	""osoba4""
""osoba2""		889.2	889200	903.60004	903600	15.400024	15400	""osoba2""
""osoba1""		889.80005	889800	890.7	890700	1.8999634	1899	""osoba1""
""osoba2""		891.60004	891600	903.60004	903600	13.0	13000	""osoba2""
""osoba3""		893.10004	893100	893.10004	893100	1.0	1000	""osoba3""
""osoba2""		893.4	893400	903.60004	903600	11.200012	11200	""osoba2""
""osoba2""		895.80005	895800	903.60004	903600	8.799988	8799	""osoba2""
""osoba2""		896.4	896400	903.60004	903600	8.200012	8200	""osoba2""
""osoba2""		897.30005	897300	903.60004	903600	7.299988	7299	""osoba2""
""osoba2""		897.9	897900	903.60004	903600	6.700012	6700	""osoba2""
""osoba2""		899.10004	899100	903.60004	903600	5.5	5500	""osoba2""
""osoba2""		900.00006	900000	903.60004	903600	4.5999756	4599	""osoba2""
""osoba2""		901.80005	901800	903.60004	903600	2.7999878	2799	""osoba2""
""osoba3""		901.80005	901800	912.60004	912600	11.799988	11799	""osoba3""
""osoba3""		904.50006	904500	912.60004	912600	9.099976	9099	""osoba3""
""osoba3""		906.00006	906000	912.60004	912600	7.5999756	7599	""osoba3""
""osoba4""		908.7	908700	910.80005	910800	3.1000366	3100	""osoba4""
""osoba1""		910.50006	910500	910.50006	910500	1.0	1000	""osoba1""
""osoba3""		912.60004	912600	912.60004	912600	1.0	1000	""osoba3""
""osoba4""		912.9	912900	915.30005	915300	3.4000244	3400	""osoba4""
""osoba4""		914.4	914400	915.30005	915300	1.9000244	1900	""osoba4""
""osoba3""		914.7	914700	934.80005	934800	21.100037	21100	""osoba3""
""osoba3""		916.80005	916800	934.80005	934800	19.0	19000	""osoba3""
""osoba4""		919.80005	919800	921.30005	921300	2.5	2500	""osoba4""
""osoba3""		923.4	923400	934.80005	934800	12.400024	12400	""osoba3""
""osoba3""		924.30005	924300	934.80005	934800	11.5	11500	""osoba3""
""osoba3""		927.00006	927000	934.80005	934800	8.799988	8799	""osoba3""
""osoba3""		928.80005	928800	934.80005	934800	7.0	7000	""osoba3""
""osoba4""		931.50006	931500	931.50006	931500	1.0	1000	""osoba4""
""osoba3""		931.80005	931800	934.80005	934800	4.0	4000	""osoba3""
""osoba3""		933.60004	933600	934.80005	934800	2.2000122	2200	""osoba3""
""osoba3""		934.2	934200	934.80005	934800	1.6000366	1600	""osoba3""
""osoba2""		934.50006	934500	942.30005	942300	8.799988	8799	""osoba2""
""osoba1""		938.7	938700	941.4	941400	3.7000122	3700	""osoba1""
""osoba2""		938.7	938700	942.30005	942300	4.6000366	4600	""osoba2""
""osoba4""		941.10004	941100	959.10004	959100	19.0	19000	""osoba4""
""osoba1""		947.10004	947100	947.7	947700	1.5999756	1599	""osoba1""
""osoba2""		949.2	949200	950.7	950700	2.5	2500	""osoba2""
""osoba2""		950.4	950400	950.7	950700	1.2999878	1299	""osoba2""
""osoba4""		950.7	950700	959.10004	959100	9.400024	9400	""osoba4""
""osoba4""		952.2	952200	959.10004	959100	7.9000244	7900	""osoba4""
""osoba4""		954.00006	954000	959.10004	959100	6.0999756	6099	""osoba4""
""osoba4""		955.2	955200	959.10004	959100	4.9000244	4900	""osoba4""
""osoba2""		958.2	958200	959.4	959400	2.2000122	2200	""osoba2""
""osoba3""		960.00006	960000	964.2	964200	5.199951	5199	""osoba3""
""osoba3""		960.60004	960600	964.2	964200	4.5999756	4599	""osoba3""
""osoba3""		963.60004	963600	964.2	964200	1.5999756	1599	""osoba3""
""osoba4""		963.9	963900	987.60004	987600	24.700012	24700	""osoba4""
""osoba4""		965.10004	965100	987.60004	987600	23.5	23500	""osoba4""
""osoba4""		966.00006	966000	987.60004	987600	22.599976	22599	""osoba4""
""osoba1""		966.30005	966300	968.4	968400	3.0999756	3099	""osoba1""
""osoba2""		970.50006	970500	975.60004	975600	6.0999756	6099	""osoba2""
""osoba4""		970.50006	970500	987.60004	987600	18.099976	18099	""osoba4""
""osoba4""		973.80005	973800	987.60004	987600	14.799988	14799	""osoba4""
""osoba4""		976.50006	976500	987.60004	987600	12.099976	12099	""osoba4""
""osoba1""		977.10004	977100	977.4	977400	1.2999878	1299	""osoba1""
""osoba4""		978.00006	978000	987.60004	987600	10.599976	10599	""osoba4""
""osoba4""		979.2	979200	987.60004	987600	9.400024	9400	""osoba4""
""osoba3""		980.7	980700	984.60004	984600	4.9000244	4900	""osoba3""
""osoba2""		981.00006	981000	981.60004	981600	1.5999756	1599	""osoba2""
""osoba4""		983.7	983700	987.60004	987600	4.9000244	4900	""osoba4""
""osoba4""		986.4	986400	987.60004	987600	2.2000122	2200	""osoba4""
""osoba2""		987.30005	987300	988.80005	988800	2.5	2500	""osoba2""
""osoba1""		988.50006	988500	992.10004	992100	4.5999756	4599	""osoba1""
""osoba1""		990.30005	990300	992.10004	992100	2.7999878	2799	""osoba1""
""osoba1""		991.2	991200	992.10004	992100	1.9000244	1900	""osoba1""
""osoba3""		991.80005	991800	1002.00006	1002000	11.200012	11200	""osoba3""
""osoba3""		995.4	995400	1002.00006	1002000	7.6000366	7600	""osoba3""
""osoba3""		996.9	996900	1002.00006	1002000	6.1000366	6100	""osoba3""
""osoba3""		998.4	998400	1002.00006	1002000	4.6000366	4600	""osoba3""
""osoba4""		998.7	998700	998.7	998700	1.0	1000	""osoba4""
""osoba2""		1001.7	1001700	1010.4	1010400	9.700012	9700	""osoba2""
""osoba3""		1002.00006	1002000	1002.00006	1002000	1.0	1000	""osoba3""
""osoba2""		1003.50006	1003500	1010.4	1010400	7.8999634	7899	""osoba2""
""osoba2""		1007.7	1007700	1010.4	1010400	3.7000122	3700	""osoba2""
""osoba2""		1008.60004	1008600	1010.4	1010400	2.7999878	2799	""osoba2""
""osoba4""		1010.7	1010700	1015.2	1015200	5.5	5500	""osoba4""
""osoba3""		1011.00006	1011000	1011.00006	1011000	1.0	1000	""osoba3""
""osoba1""		1011.9	1011900	1012.80005	1012800	1.9000244	1900	""osoba1""
""osoba4""		1013.4	1013400	1015.2	1015200	2.7999878	2799	""osoba4""
""osoba4""		1015.2	1015200	1015.2	1015200	1.0	1000	""osoba4""
""osoba2""		1015.50006	1015500	1017.00006	1017000	2.5	2500	""osoba2""
""osoba1""		1015.80005	1015800	1032.6001	1032600	17.800049	17800	""osoba1""
""osoba3""		1016.4	1016400	1016.4	1016400	1.0	1000	""osoba3""
""osoba1""		1018.2	1018200	1032.6001	1032600	15.400085	15400	""osoba1""
""osoba1""		1018.80005	1018800	1032.6001	1032600	14.800049	14800	""osoba1""
""osoba1""		1019.4	1019400	1032.6001	1032600	14.200073	14200	""osoba1""
""osoba1""		1023.9	1023900	1032.6001	1032600	9.700073	9700	""osoba1""
""osoba1""		1025.4	1025400	1032.6001	1032600	8.200073	8200	""osoba1""
""osoba1""		1026.0	1026000	1032.6001	1032600	7.6000977	7600	""osoba1""
""osoba1""		1026.6001	1026600	1032.6001	1032600	7.0	7000	""osoba1""
""osoba1""		1027.8	1027800	1032.6001	1032600	5.800049	5800	""osoba1""
""osoba1""		1028.7001	1028700	1032.6001	1032600	4.9000244	4900	""osoba1""
""osoba4""		1029.0	1029000	1031.4	1031400	3.4000244	3400	""osoba4""
""osoba3""		1032.6001	1032600	1062.3	1062300	30.699951	30699	""osoba3""
""osoba2""		1033.2001	1033200	1040.4	1040400	8.199951	8199	""osoba2""
""osoba1""		1038.0	1038000	1038.6001	1038600	1.6000977	1600	""osoba1""
""osoba3""		1042.2001	1042200	1062.3	1062300	21.099976	21099	""osoba3""
""osoba3""		1043.4	1043400	1062.3	1062300	19.900024	19900	""osoba3""
""osoba3""		1044.6001	1044600	1062.3	1062300	18.699951	18699	""osoba3""
""osoba2""		1044.9	1044900	1046.4	1046400	2.5	2500	""osoba2""
""osoba1""		1045.5	1045500	1046.4	1046400	1.9000244	1900	""osoba1""
""osoba3""		1049.4	1049400	1062.3	1062300	13.900024	13900	""osoba3""
""osoba3""		1052.1001	1052100	1062.3	1062300	11.199951	11199	""osoba3""
""osoba3""		1054.5	1054500	1062.3	1062300	8.800049	8800	""osoba3""
""osoba1""		1054.8	1054800	1054.8	1054800	1.0	1000	""osoba1""
""osoba4""		1056.9	1056900	1057.5	1057500	1.5999756	1599	""osoba4""
""osoba1""		1061.7001	1061700	1065.3	1065300	4.5999756	4599	""osoba1""
""osoba3""		1062.0	1062000	1062.3	1062300	1.3000488	1300	""osoba3""
""osoba1""		1063.8	1063800	1065.3	1065300	2.5	2500	""osoba1""
""osoba4""		1064.4	1064400	1076.4	1076400	13.0	13000	""osoba4""
""osoba4""		1066.8	1066800	1076.4	1076400	10.599976	10599	""osoba4""
""osoba4""		1069.2001	1069200	1076.4	1076400	8.199951	8199	""osoba4""
""osoba4""		1070.7001	1070700	1076.4	1076400	6.699951	6699	""osoba4""
""osoba4""		1071.3	1071300	1076.4	1076400	6.0999756	6099	""osoba4""
""osoba4""		1072.2001	1072200	1076.4	1076400	5.199951	5199	""osoba4""
""osoba4""		1074.3	1074300	1076.4	1076400	3.0999756	3099	""osoba4""
""osoba4""		1075.2001	1075200	1076.4	1076400	2.1999512	2199	""osoba4""
""osoba1""		1077.0	1077000	1080.9	1080900	4.9000244	4900	""osoba1""
""osoba1""		1077.6001	1077600	1080.9	1080900	4.2999268	4299	""osoba1""
""osoba1""		1078.2001	1078200	1080.9	1080900	3.6999512	3699	""osoba1""
""osoba4""		1078.5	1078500	1080.9	1080900	3.4000244	3400	""osoba4""
""osoba4""		1079.1001	1079100	1080.9	1080900	2.7999268	2799	""osoba4""
""osoba1""		1079.7001	1079700	1080.9	1080900	2.1999512	2199	""osoba1""
""osoba2""		1080.3	1080300	1097.7001	1097700	18.400024	18400	""osoba2""
""osoba2""		1081.8	1081800	1097.7001	1097700	16.900024	16900	""osoba2""
""osoba2""		1082.7001	1082700	1097.7001	1097700	16.0	16000	""osoba2""
""osoba2""		1083.9	1083900	1097.7001	1097700	14.800049	14800	""osoba2""
""osoba2""		1085.1001	1085100	1097.7001	1097700	13.599976	13599	""osoba2""
""osoba2""		1086.3	1086300	1097.7001	1097700	12.400024	12400	""osoba2""
""osoba2""		1086.9	1086900	1097.7001	1097700	11.800049	11800	""osoba2""
""osoba4""		1087.5	1087500	1087.5	1087500	1.0	1000	""osoba4""
""osoba2""		1089.3	1089300	1097.7001	1097700	9.400024	9400	""osoba2""
""osoba2""		1090.2001	1090200	1097.7001	1097700	8.5	8500	""osoba2""
""osoba2""		1092.6001	1092600	1097.7001	1097700	6.0999756	6099	""osoba2""
""osoba2""		1096.5	1096500	1097.7001	1097700	2.2000732	2200	""osoba2""
""osoba1""		1096.8	1096800	1127.1001	1127100	31.300049	31300	""osoba1""
""osoba1""		1100.1001	1100100	1127.1001	1127100	28.0	28000	""osoba1""
""osoba1""		1101.3	1101300	1127.1001	1127100	26.800049	26800	""osoba1""
""osoba2""		1101.3	1101300	1105.8	1105800	5.5	5500	""osoba2""
""osoba2""		1103.7001	1103700	1105.8	1105800	3.0999756	3099	""osoba2""
""osoba2""		1104.9	1104900	1105.8	1105800	1.9000244	1900	""osoba2""
""osoba1""		1105.8	1105800	1127.1001	1127100	22.300049	22300	""osoba1""
""osoba3""		1108.8	1108800	1109.1001	1109100	1.3000488	1300	""osoba3""
""osoba1""		1109.1001	1109100	1127.1001	1127100	19.0	19000	""osoba1""
""osoba2""		1112.1001	1112100	1113.0	1113000	1.8999023	1899	""osoba2""
""osoba1""		1118.4	1118400	1127.1001	1127100	9.700073	9700	""osoba1""
""osoba3""		1118.7001	1118700	1119.3	1119300	1.5999756	1599	""osoba3""
""osoba2""		1119.3	1119300	1119.3	1119300	1.0	1000	""osoba2""
""osoba1""		1124.7001	1124700	1127.1001	1127100	3.4000244	3400	""osoba1""
""osoba1""		1126.8	1126800	1127.1001	1127100	1.3000488	1300	""osoba1""
""osoba3""		1127.1001	1127100	1131.0	1131000	4.8999023	4899	""osoba3""
""osoba3""		1128.9	1128900	1131.0	1131000	3.0999756	3099	""osoba3""
""osoba4""		1128.9	1128900	1135.2001	1135200	7.300049	7300	""osoba4""
""osoba2""		1131.3	1131300	1131.6001	1131600	1.3000488	1300	""osoba2""
""osoba4""		1132.8	1132800	1135.2001	1135200	3.4000244	3400	""osoba4""
""osoba4""		1133.7001	1133700	1135.2001	1135200	2.5	2500	""osoba4""
""osoba1""		1134.3	1134300	1149.6001	1149600	16.300049	16300	""osoba1""
""osoba1""		1136.4	1136400	1149.6001	1149600	14.200073	14200	""osoba1""
""osoba2""		1142.1001	1142100	1142.1001	1142100	1.0	1000	""osoba2""
""osoba1""		1142.7001	1142700	1149.6001	1149600	7.9000244	7900	""osoba1""
""osoba1""		1143.9	1143900	1149.6001	1149600	6.7000732	6700	""osoba1""
""osoba1""		1144.5	1144500	1149.6001	1149600	6.1000977	6100	""osoba1""
""osoba1""		1146.6001	1146600	1149.6001	1149600	4.0	4000	""osoba1""
""osoba1""		1147.5	1147500	1149.6001	1149600	3.1000977	3100	""osoba1""
""osoba1""		1148.1001	1148100	1149.6001	1149600	2.5	2500	""osoba1""
""osoba4""		1149.9	1149900	1182.9	1182900	34.0	34000	""osoba4""
""osoba3""		1150.2001	1150200	1151.7001	1151700	2.5	2500	""osoba3""
""osoba3""		1154.1001	1154100	1154.1001	1154100	1.0	1000	""osoba3""
""osoba4""		1154.1001	1154100	1182.9	1182900	29.799927	29799	""osoba4""
""osoba4""		1155.9	1155900	1182.9	1182900	28.0	28000	""osoba4""
""osoba4""		1157.1001	1157100	1182.9	1182900	26.799927	26799	""osoba4""
""osoba2""		1157.4	1157400	1157.4	1157400	1.0	1000	""osoba2""
""osoba3""		1157.4	1157400	1158.0	1158000	1.5999756	1599	""osoba3""
""osoba1""		1161.0	1161000	1161.3	1161300	1.3000488	1300	""osoba1""
""osoba4""		1162.8	1162800	1182.9	1182900	21.099976	21099	""osoba4""
""osoba4""		1163.4	1163400	1182.9	1182900	20.5	20500	""osoba4""
""osoba4""		1164.6001	1164600	1182.9	1182900	19.299927	19299	""osoba4""
""osoba4""		1165.5	1165500	1182.9	1182900	18.400024	18400	""osoba4""
""osoba4""		1167.3	1167300	1182.9	1182900	16.599976	16599	""osoba4""
""osoba4""		1169.1001	1169100	1182.9	1182900	14.799927	14799	""osoba4""
""osoba2""		1170.6001	1170600	1176.0	1176000	6.3999023	6399	""osoba2""
""osoba4""		1170.9	1170900	1182.9	1182900	13.0	13000	""osoba4""
""osoba2""		1174.2001	1174200	1176.0	1176000	2.7999268	2799	""osoba2""
""osoba2""		1174.8	1174800	1176.0	1176000	2.1999512	2199	""osoba2""
""osoba4""		1175.1001	1175100	1182.9	1182900	8.799927	8799	""osoba4""
""osoba4""		1177.8	1177800	1182.9	1182900	6.0999756	6099	""osoba4""
""osoba3""		1178.4	1178400	1193.7001	1193700	16.300049	16300	""osoba3""
""osoba4""		1179.0	1179000	1182.9	1182900	4.9000244	4900	""osoba4""
""osoba4""		1179.9	1179900	1182.9	1182900	4.0	4000	""osoba4""
""osoba3""		1180.2001	1180200	1193.7001	1193700	14.5	14500	""osoba3""
""osoba3""		1181.7001	1181700	1193.7001	1193700	13.0	13000	""osoba3""
""osoba3""		1184.1001	1184100	1193.7001	1193700	10.599976	10599	""osoba3""
""osoba3""		1185.3	1185300	1193.7001	1193700	9.400024	9400	""osoba3""
""osoba3""		1185.9	1185900	1193.7001	1193700	8.800049	8800	""osoba3""
""osoba3""		1191.3	1191300	1193.7001	1193700	3.4000244	3400	""osoba3""
""osoba3""		1193.7001	1193700	1193.7001	1193700	1.0	1000	""osoba3""
""osoba2""		1194.0	1194000	1199.1001	1199100	6.1000977	6100	""osoba2""
""osoba2""		1196.4	1196400	1199.1001	1199100	3.7000732	3700	""osoba2""
""osoba1""		1197.6001	1197600	1199.1001	1199100	2.5	2500	""osoba1""
""osoba2""		1197.6001	1197600	1199.1001	1199100	2.5	2500	""osoba2""
""osoba3""		1199.1001	1199100	1202.1001	1202100	4.0	4000	""osoba3""
""osoba3""		1201.2001	1201200	1202.1001	1202100	1.9000244	1900	""osoba3""
""osoba4""		1201.5	1201500	1205.4	1205400	4.9000244	4900	""osoba4""
""osoba4""		1203.6001	1203600	1205.4	1205400	2.7999268	2799	""osoba4""
""osoba2""		1204.8	1204800	1209.3	1209300	5.5	5500	""osoba2""
""osoba2""		1208.1001	1208100	1209.3	1209300	2.1999512	2199	""osoba2""
""osoba2""		1208.7001	1208700	1209.3	1209300	1.5999756	1599	""osoba2""
""osoba3""		1208.7001	1208700	1215.3	1215300	7.5999756	7599	""osoba3""
""osoba3""		1210.5	1210500	1215.3	1215300	5.800049	5800	""osoba3""
""osoba1""		1211.4	1211400	1212.9	1212900	2.5	2500	""osoba1""
""osoba4""		1211.4	1211400	1212.3	1212300	1.9000244	1900	""osoba4""
""osoba3""		1212.6001	1212600	1215.3	1215300	3.6999512	3699	""osoba3""
""osoba4""		1215.6001	1215600	1222.2001	1222200	7.5999756	7599	""osoba4""
""osoba2""		1215.9	1215900	1218.6001	1218600	3.7000732	3700	""osoba2""
""osoba2""		1216.5	1216500	1218.6001	1218600	3.1000977	3100	""osoba2""
""osoba1""		1217.4	1217400	1220.7001	1220700	4.300049	4300	""osoba1""
""osoba3""		1218.3	1218300	1218.3	1218300	1.0	1000	""osoba3""
""osoba1""		1218.9	1218900	1220.7001	1220700	2.8000488	2800	""osoba1""
""osoba4""		1221.0	1221000	1222.2001	1222200	2.2000732	2200	""osoba4""
""osoba3""		1221.9	1221900	1258.5	1258500	37.599976	37599	""osoba3""
""osoba3""		1223.7001	1223700	1258.5	1258500	35.799927	35799	""osoba3""
""osoba3""		1225.2001	1225200	1258.5	1258500	34.299927	34299	""osoba3""
""osoba3""		1225.8	1225800	1258.5	1258500	33.69995	33699	""osoba3""
""osoba3""		1227.3	1227300	1258.5	1258500	32.19995	32199	""osoba3""
""osoba3""		1230.6001	1230600	1258.5	1258500	28.899902	28899	""osoba3""
""osoba1""		1232.7001	1232700	1233.0	1233000	1.2999268	1299	""osoba1""
""osoba3""		1233.9	1233900	1258.5	1258500	25.599976	25599	""osoba3""
""osoba4""		1238.1001	1238100	1242.0	1242000	4.8999023	4899	""osoba4""
""osoba3""		1239.0	1239000	1258.5	1258500	20.5	20500	""osoba3""
""osoba3""		1239.6001	1239600	1258.5	1258500	19.899902	19899	""osoba3""
""osoba4""		1239.9	1239900	1242.0	1242000	3.0999756	3099	""osoba4""
""osoba3""		1240.8	1240800	1258.5	1258500	18.699951	18699	""osoba3""
""osoba4""		1241.4	1241400	1242.0	1242000	1.5999756	1599	""osoba4""
""osoba3""		1241.7001	1241700	1258.5	1258500	17.799927	17799	""osoba3""
""osoba2""		1242.0	1242000	1244.4	1244400	3.4000244	3400	""osoba2""
""osoba3""		1243.5	1243500	1258.5	1258500	16.0	16000	""osoba3""
""osoba2""		1243.8	1243800	1244.4	1244400	1.5999756	1599	""osoba2""
""osoba3""		1245.9	1245900	1258.5	1258500	13.599976	13599	""osoba3""
""osoba3""		1248.6001	1248600	1258.5	1258500	10.899902	10899	""osoba3""
""osoba3""		1253.1001	1253100	1258.5	1258500	6.3999023	6399	""osoba3""
""osoba3""		1254.6001	1254600	1258.5	1258500	4.8999023	4899	""osoba3""
""osoba3""		1255.5	1255500	1258.5	1258500	4.0	4000	""osoba3""
""osoba3""		1256.4	1256400	1258.5	1258500	3.0999756	3099	""osoba3""
""osoba1""		1258.8	1258800	1262.1001	1262100	4.300049	4300	""osoba1""
""osoba4""		1260.3	1260300	1284.0	1284000	24.699951	24699	""osoba4""
""osoba1""		1260.9	1260900	1262.1001	1262100	2.2000732	2200	""osoba1""
""osoba2""		1262.4	1262400	1268.4	1268400	7.0	7000	""osoba2""
""osoba2""		1263.9	1263900	1268.4	1268400	5.5	5500	""osoba2""
""osoba4""		1264.2001	1264200	1284.0	1284000	20.799927	20799	""osoba4""
""osoba2""		1265.1001	1265100	1268.4	1268400	4.2999268	4299	""osoba2""
""osoba4""		1266.6001	1266600	1284.0	1284000	18.399902	18399	""osoba4""
""osoba1""		1267.2001	1267200	1267.2001	1267200	1.0	1000	""osoba1""
""osoba2""		1267.5	1267500	1268.4	1268400	1.9000244	1900	""osoba2""
""osoba4""		1267.5	1267500	1284.0	1284000	17.5	17500	""osoba4""
""osoba4""		1269.0	1269000	1284.0	1284000	16.0	16000	""osoba4""
""osoba4""		1269.6001	1269600	1284.0	1284000	15.399902	15399	""osoba4""
""osoba2""		1275.6001	1275600	1278.0	1278000	3.3999023	3399	""osoba2""
""osoba1""		1276.8	1276800	1280.1001	1280100	4.300049	4300	""osoba1""
""osoba2""		1277.7001	1277700	1278.0	1278000	1.2999268	1299	""osoba2""
""osoba4""		1279.5	1279500	1284.0	1284000	5.5	5500	""osoba4""
""osoba4""		1281.3	1281300	1284.0	1284000	3.6999512	3699	""osoba4""
""osoba4""		1281.9	1281900	1284.0	1284000	3.0999756	3099	""osoba4""
""osoba3""		1282.5	1282500	1296.6001	1296600	15.100098	15100	""osoba3""
""osoba3""		1286.1001	1286100	1296.6001	1296600	11.5	11500	""osoba3""
""osoba1""		1287.9	1287900	1288.5	1288500	1.5999756	1599	""osoba1""
""osoba3""		1290.0	1290000	1296.6001	1296600	7.6000977	7600	""osoba3""
""osoba3""		1291.5	1291500	1296.6001	1296600	6.1000977	6100	""osoba3""
""osoba3""		1293.3	1293300	1296.6001	1296600	4.300049	4300	""osoba3""
""osoba3""		1295.4	1295400	1296.6001	1296600	2.2000732	2200	""osoba3""
""osoba3""		1296.0	1296000	1296.6001	1296600	1.6000977	1600	""osoba3""
""osoba1""		1296.6001	1296600	1311.3	1311300	15.699951	15699	""osoba1""
""osoba1""		1297.8	1297800	1311.3	1311300	14.5	14500	""osoba1""
""osoba1""		1299.9	1299900	1311.3	1311300	12.400024	12400	""osoba1""
""osoba1""		1303.8	1303800	1311.3	1311300	8.5	8500	""osoba1""
""osoba1""		1305.0	1305000	1311.3	1311300	7.300049	7300	""osoba1""
""osoba1""		1306.5	1306500	1311.3	1311300	5.800049	5800	""osoba1""
""osoba1""		1307.1001	1307100	1311.3	1311300	5.199951	5199	""osoba1""
""osoba1""		1307.7001	1307700	1311.3	1311300	4.5999756	4599	""osoba1""
""osoba1""		1308.6001	1308600	1311.3	1311300	3.6999512	3699	""osoba1""
""osoba1""		1309.2001	1309200	1311.3	1311300	3.0999756	3099	""osoba1""
""osoba3""		1310.4	1310400	1311.9	1311900	2.5	2500	""osoba3""
""osoba3""		1311.9	1311900	1311.9	1311900	1.0	1000	""osoba3""
""osoba4""		1311.9	1311900	1313.7001	1313700	2.8000488	2800	""osoba4""
""osoba2""		1314.0	1314000	1331.7001	1331700	18.700073	18700	""osoba2""
""osoba2""		1317.0	1317000	1331.7001	1331700	15.700073	15700	""osoba2""
""osoba2""		1317.6001	1317600	1331.7001	1331700	15.099976	15099	""osoba2""
""osoba2""		1319.1001	1319100	1331.7001	1331700	13.599976	13599	""osoba2""
""osoba3""		1320.0	1320000	1320.6001	1320600	1.6000977	1600	""osoba3""
""osoba2""		1322.1001	1322100	1331.7001	1331700	10.599976	10599	""osoba2""
""osoba2""		1324.5	1324500	1331.7001	1331700	8.200073	8200	""osoba2""
""osoba3""		1329.0	1329000	1341.9	1341900	13.900024	13900	""osoba3""
""osoba2""		1334.1001	1334100	1334.7001	1334700	1.5999756	1599	""osoba2""
""osoba3""		1335.3	1335300	1341.9	1341900	7.5999756	7599	""osoba3""
""osoba4""		1335.3	1335300	1336.8	1336800	2.5	2500	""osoba4""
""osoba3""		1337.1001	1337100	1341.9	1341900	5.7999268	5799	""osoba3""
""osoba3""		1338.3	1338300	1341.9	1341900	4.5999756	4599	""osoba3""
""osoba1""		1339.8	1339800	1340.7001	1340700	1.9000244	1900	""osoba1""
""osoba3""		1341.0	1341000	1341.9	1341900	1.9000244	1900	""osoba3""
""osoba2""		1342.8	1342800	1343.7001	1343700	1.9000244	1900	""osoba2""
""osoba3""		1344.3	1344300	1351.8	1351800	8.5	8500	""osoba3""
""osoba3""		1345.8	1345800	1351.8	1351800	7.0	7000	""osoba3""
""osoba3""		1346.7001	1346700	1351.8	1351800	6.0999756	6099	""osoba3""
""osoba3""		1348.8	1348800	1351.8	1351800	4.0	4000	""osoba3""
""osoba2""		1350.6001	1350600	1367.7001	1367700	18.099976	18099	""osoba2""
""osoba2""		1354.2001	1354200	1367.7001	1367700	14.5	14500	""osoba2""
""osoba3""		1355.1001	1355100	1355.1001	1355100	1.0	1000	""osoba3""
""osoba2""		1355.7001	1355700	1367.7001	1367700	13.0	13000	""osoba2""
""osoba2""		1356.6001	1356600	1367.7001	1367700	12.099976	12099	""osoba2""
""osoba2""		1357.5	1357500	1367.7001	1367700	11.200073	11200	""osoba2""
""osoba2""		1361.1001	1361100	1367.7001	1367700	7.5999756	7599	""osoba2""
""osoba2""		1362.3	1362300	1367.7001	1367700	6.4000244	6400	""osoba2""
""osoba4""		1364.4	1364400	1364.4	1364400	1.0	1000	""osoba4""
""osoba2""		1365.0	1365000	1367.7001	1367700	3.7000732	3700	""osoba2""
""osoba2""		1366.5	1366500	1367.7001	1367700	2.2000732	2200	""osoba2""
""osoba3""		1367.1001	1367100	1368.3	1368300	2.1999512	2199	""osoba3""
""osoba1""		1368.0	1368000	1368.0	1368000	1.0	1000	""osoba1""
""osoba4""		1368.3	1368300	1371.6001	1371600	4.300049	4300	""osoba4""
""osoba2""		1370.4	1370400	1456.2001	1456200	86.80005	86800	""osoba2""
""osoba2""		1372.8	1372800	1456.2001	1456200	84.400024	84400	""osoba2""
""osoba2""		1375.5	1375500	1456.2001	1456200	81.70007	81700	""osoba2""
""osoba3""		1376.1001	1376100	1376.1001	1376100	1.0	1000	""osoba3""
""osoba2""		1376.4	1376400	1456.2001	1456200	80.80005	80800	""osoba2""
""osoba2""		1377.3	1377300	1456.2001	1456200	79.900024	79900	""osoba2""
""osoba1""		1378.2001	1378200	1378.5	1378500	1.2999268	1299	""osoba1""
""osoba2""		1379.7001	1379700	1456.2001	1456200	77.5	77500	""osoba2""
""osoba4""		1380.6001	1380600	1381.8	1381800	2.1999512	2199	""osoba4""
""osoba2""		1380.9	1380900	1456.2001	1456200	76.30005	76300	""osoba2""
""osoba2""		1384.8	1384800	1456.2001	1456200	72.400024	72400	""osoba2""
""osoba2""		1386.6001	1386600	1456.2001	1456200	70.599976	70599	""osoba2""
""osoba2""		1388.1001	1388100	1456.2001	1456200	69.099976	69099	""osoba2""
""osoba4""		1389.3	1389300	1394.1001	1394100	5.800049	5800	""osoba4""
""osoba2""		1395.0	1395000	1456.2001	1456200	62.200073	62200	""osoba2""
""osoba2""		1396.2001	1396200	1456.2001	1456200	61.0	61000	""osoba2""
""osoba2""		1398.9	1398900	1456.2001	1456200	58.30005	58300	""osoba2""
""osoba2""		1399.5	1399500	1456.2001	1456200	57.700073	57700	""osoba2""
""osoba1""		1403.7001	1403700	1406.4	1406400	3.6999512	3699	""osoba1""
""osoba4""		1407.0	1407000	1410.0	1410000	4.0	4000	""osoba4""
""osoba2""		1408.2001	1408200	1456.2001	1456200	49.0	49000	""osoba2""
""osoba4""		1410.0	1410000	1410.0	1410000	1.0	1000	""osoba4""
""osoba2""		1413.6001	1413600	1456.2001	1456200	43.599976	43599	""osoba2""
""osoba2""		1415.4	1415400	1456.2001	1456200	41.80005	41800	""osoba2""
""osoba2""		1416.0	1416000	1456.2001	1456200	41.200073	41200	""osoba2""
""osoba2""		1417.5	1417500	1456.2001	1456200	39.700073	39700	""osoba2""
""osoba3""		1418.7001	1418700	1418.7001	1418700	1.0	1000	""osoba3""
""osoba2""		1419.9	1419900	1456.2001	1456200	37.30005	37300	""osoba2""
""osoba2""		1421.1001	1421100	1456.2001	1456200	36.099976	36099	""osoba2""
""osoba2""		1423.5	1423500	1456.2001	1456200	33.700073	33700	""osoba2""
""osoba1""		1424.7001	1424700	1425.0	1425000	1.2999268	1299	""osoba1""
""osoba2""		1426.5	1426500	1456.2001	1456200	30.700073	30700	""osoba2""
""osoba2""		1427.4	1427400	1456.2001	1456200	29.800049	29800	""osoba2""
""osoba2""		1429.5	1429500	1456.2001	1456200	27.700073	27700	""osoba2""
""osoba2""		1430.7001	1430700	1456.2001	1456200	26.5	26500	""osoba2""
""osoba2""		1431.9	1431900	1456.2001	1456200	25.300049	25300	""osoba2""
""osoba2""		1434.6001	1434600	1456.2001	1456200	22.599976	22599	""osoba2""
""osoba2""		1435.5	1435500	1456.2001	1456200	21.700073	21700	""osoba2""
""osoba2""		1438.8	1438800	1456.2001	1456200	18.400024	18400	""osoba2""
""osoba2""		1444.8	1444800	1456.2001	1456200	12.400024	12400	""osoba2""
""osoba2""		1445.4	1445400	1456.2001	1456200	11.800049	11800	""osoba2""
""osoba2""		1446.9	1446900	1456.2001	1456200	10.300049	10300	""osoba2""
""osoba2""		1448.1001	1448100	1456.2001	1456200	9.099976	9099	""osoba2""
""osoba2""		1450.5	1450500	1456.2001	1456200	6.7000732	6700	""osoba2""
""osoba2""		1453.5	1453500	1456.2001	1456200	3.7000732	3700	""osoba2""
""osoba2""		1454.4	1454400	1456.2001	1456200	2.8000488	2800	""osoba2""
""osoba1""		1454.7001	1454700	1459.5	1459500	5.7999268	5799	""osoba1""
""osoba2""		1455.9	1455900	1456.2001	1456200	1.3000488	1300	""osoba2""
""osoba1""		1458.6001	1458600	1459.5	1459500	1.8999023	1899	""osoba1""
""osoba3""		1458.9	1458900	1466.7001	1466700	8.800049	8800	""osoba3""
""osoba3""		1461.9	1461900	1466.7001	1466700	5.800049	5800	""osoba3""
""osoba1""		1464.3	1464300	1466.1001	1466100	2.8000488	2800	""osoba1""
""osoba3""		1465.5	1465500	1466.7001	1466700	2.2000732	2200	""osoba3""
""osoba4""		1467.3	1467300	1478.7001	1478700	12.400024	12400	""osoba4""
""osoba2""		1470.3	1470300	1470.6001	1470600	1.3000488	1300	""osoba2""
""osoba4""		1472.4	1472400	1478.7001	1478700	7.300049	7300	""osoba4""
""osoba4""		1473.0	1473000	1478.7001	1478700	6.7000732	6700	""osoba4""
""osoba4""		1473.9	1473900	1478.7001	1478700	5.800049	5800	""osoba4""
""osoba1""		1477.8	1477800	1487.4	1487400	10.599976	10599	""osoba1""
""osoba1""		1479.0	1479000	1487.4	1487400	9.400024	9400	""osoba1""
""osoba1""		1481.1001	1481100	1487.4	1487400	7.2999268	7299	""osoba1""
""osoba3""		1481.7001	1481700	1482.0	1482000	1.2999268	1299	""osoba3""
""osoba1""		1482.9	1482900	1487.4	1487400	5.5	5500	""osoba1""
""osoba1""		1484.4	1484400	1487.4	1487400	4.0	4000	""osoba1""
""osoba1""		1486.8	1486800	1487.4	1487400	1.5999756	1599	""osoba1""
""osoba2""		1487.4	1487400	1488.0	1488000	1.5999756	1599	""osoba2""
""osoba4""		1487.7001	1487700	1491.0	1491000	4.2999268	4299	""osoba4""
""osoba1""		1490.7001	1490700	1495.5	1495500	5.7999268	5799	""osoba1""
""osoba4""		1490.7001	1490700	1491.0	1491000	1.2999268	1299	""osoba4""
""osoba1""		1491.9	1491900	1495.5	1495500	4.5999756	4599	""osoba1""
""osoba1""		1492.8	1492800	1495.5	1495500	3.6999512	3699	""osoba1""
""osoba4""		1494.9	1494900	1497.6001	1497600	3.7000732	3700	""osoba4""
""osoba2""		1495.2001	1495200	1499.4	1499400	5.199951	5199	""osoba2""
""osoba1""		1498.5	1498500	1506.3	1506300	8.800049	8800	""osoba1""
""osoba3""		1498.5	1498500	1500.6001	1500600	3.1000977	3100	""osoba3""
""osoba2""		1498.8	1498800	1499.4	1499400	1.5999756	1599	""osoba2""
""osoba1""		1502.1001	1502100	1506.3	1506300	5.199951	5199	""osoba1""
""osoba1""		1502.7001	1502700	1506.3	1506300	4.5999756	4599	""osoba1""
""osoba1""		1503.9	1503900	1506.3	1506300	3.4000244	3400	""osoba1""
""osoba3""		1504.8	1504800	1506.0	1506000	2.1999512	2199	""osoba3""
""osoba4""		1506.0	1506000	1547.7001	1547700	42.700073	42700	""osoba4""
""osoba2""		1506.6001	1506600	1506.6001	1506600	1.0	1000	""osoba2""
""osoba4""		1507.5	1507500	1547.7001	1547700	41.200073	41200	""osoba4""
""osoba4""		1511.1001	1511100	1547.7001	1547700	37.599976	37599	""osoba4""
""osoba4""		1522.2001	1522200	1547.7001	1547700	26.5	26500	""osoba4""
""osoba4""		1524.3	1524300	1547.7001	1547700	24.400024	24400	""osoba4""
""osoba3""		1527.6001	1527600	1530.3	1530300	3.6999512	3699	""osoba3""
""osoba4""		1533.6001	1533600	1547.7001	1547700	15.099976	15099	""osoba4""
""osoba4""		1534.5	1534500	1547.7001	1547700	14.200073	14200	""osoba4""
""osoba4""		1535.7001	1535700	1547.7001	1547700	13.0	13000	""osoba4""
""osoba2""		1537.8	1537800	1541.7001	1541700	4.9000244	4900	""osoba2""
""osoba2""		1539.9	1539900	1541.7001	1541700	2.8000488	2800	""osoba2""
""osoba2""		1541.4	1541400	1541.7001	1541700	1.3000488	1300	""osoba2""
""osoba4""		1542.3	1542300	1547.7001	1547700	6.4000244	6400	""osoba4""
""osoba3""		1544.4	1544400	1549.2001	1549200	5.800049	5800	""osoba3""
""osoba3""		1545.6001	1545600	1549.2001	1549200	4.5999756	4599	""osoba3""
""osoba4""		1545.6001	1545600	1547.7001	1547700	3.0999756	3099	""osoba4""
""osoba1""		1548.9	1548900	1549.8	1549800	1.9000244	1900	""osoba1""
""osoba2""		1549.2001	1549200	1550.7001	1550700	2.5	2500	""osoba2""
""osoba4""		1550.4	1550400	1564.8	1564800	15.400024	15400	""osoba4""
""osoba4""		1551.9	1551900	1564.8	1564800	13.900024	13900	""osoba4""
""osoba4""		1555.2001	1555200	1564.8	1564800	10.599976	10599	""osoba4""
""osoba4""		1557.6001	1557600	1564.8	1564800	8.199951	8199	""osoba4""
""osoba4""		1558.8	1558800	1564.8	1564800	7.0	7000	""osoba4""
""osoba2""		1560.0001	1560000	1560.3	1560300	1.2999268	1299	""osoba2""
""osoba4""		1561.2001	1561200	1564.8	1564800	4.5999756	4599	""osoba4""
""osoba4""		1562.1001	1562100	1564.8	1564800	3.6999512	3699	""osoba4""
""osoba1""		1562.4	1562400	1574.4	1574400	13.0	13000	""osoba1""
""osoba3""		1564.5001	1564500	1565.4	1565400	1.8999023	1899	""osoba3""
""osoba1""		1566.3	1566300	1574.4	1574400	9.099976	9099	""osoba1""
""osoba1""		1567.5001	1567500	1574.4	1574400	7.8999023	7899	""osoba1""
""osoba4""		1571.1001	1571100	1571.1001	1571100	1.0	1000	""osoba4""
""osoba2""		1572.6001	1572600	1578.0001	1578000	6.4000244	6400	""osoba2""
""osoba1""		1574.4	1574400	1574.4	1574400	1.0	1000	""osoba1""
""osoba2""		1574.7001	1574700	1578.0001	1578000	4.300049	4300	""osoba2""
""osoba2""		1575.3	1575300	1578.0001	1578000	3.7000732	3700	""osoba2""
""osoba2""		1577.1001	1577100	1578.0001	1578000	1.9000244	1900	""osoba2""
""osoba2""		1578.0001	1578000	1578.0001	1578000	1.0	1000	""osoba2""
""osoba1""		1578.3	1578300	1591.8	1591800	14.5	14500	""osoba1""
""osoba3""		1584.0001	1584000	1584.3	1584300	1.2999268	1299	""osoba3""
""osoba1""		1587.3	1587300	1591.8	1591800	5.5	5500	""osoba1""
""osoba3""		1589.4	1589400	1597.2001	1597200	8.800049	8800	""osoba3""
""osoba3""		1590.3	1590300	1597.2001	1597200	7.9000244	7900	""osoba3""
""osoba1""		1591.2001	1591200	1591.8	1591800	1.5999756	1599	""osoba1""
""osoba2""		1595.1001	1595100	1595.1001	1595100	1.0	1000	""osoba2""
""osoba3""		1595.4	1595400	1597.2001	1597200	2.8000488	2800	""osoba3""
""osoba3""		1596.9	1596900	1597.2001	1597200	1.3000488	1300	""osoba3""
""osoba2""		1597.2001	1597200	1602.3	1602300	6.0999756	6099	""osoba2""
""osoba2""		1598.4	1598400	1602.3	1602300	4.9000244	4900	""osoba2""
""osoba2""		1600.5001	1600500	1602.3	1602300	2.7999268	2799	""osoba2""
""osoba2""		1601.4	1601400	1602.3	1602300	1.9000244	1900	""osoba2""
""osoba1""		1602.3	1602300	1606.2001	1606200	4.9000244	4900	""osoba1""
""osoba3""		1603.8	1603800	1604.7001	1604700	1.9000244	1900	""osoba3""
""osoba4""		1604.7001	1604700	1620.3	1620300	16.599976	16599	""osoba4""
""osoba1""		1605.0001	1605000	1606.2001	1606200	2.1999512	2199	""osoba1""
""osoba4""		1605.3	1605300	1620.3	1620300	16.0	16000	""osoba4""
""osoba4""		1606.5001	1606500	1620.3	1620300	14.799927	14799	""osoba4""
""osoba3""		1613.1001	1613100	1613.7001	1613700	1.5999756	1599	""osoba3""
""osoba4""		1617.0001	1617000	1620.3	1620300	4.2999268	4299	""osoba4""
""osoba2""		1617.3	1617300	1620.3	1620300	4.0	4000	""osoba2""
""osoba2""		1620.0001	1620000	1620.3	1620300	1.2999268	1299	""osoba2""
