"default"		0.0	0	1.0	1000	1.0	1000	BEGIN
"default"		1620.3	1620300	1620.31	1621300	1.0	1000	END
""osoba2""		6.0	6000	10.200001	10200	5.200001	5200	""osoba2""
""osoba2""		7.2000003	7200	10.200001	10200	4.0000005	4000	""osoba2""
""osoba2""		7.8	7800	10.200001	10200	3.4000006	3400	""osoba2""
""osoba2""		8.400001	8400	10.200001	10200	2.8000002	2800	""osoba2""
""osoba1""		10.200001	10200	25.2	25200	16.0	16000	""osoba1""
""osoba2""		13.200001	13200	15.3	15300	3.0999994	3099	""osoba2""
""osoba1""		14.1	14100	25.2	25200	12.1	12100	""osoba1""
""osoba3""		14.400001	14400	14.400001	14400	1.0	1000	""osoba3""
""osoba1""		18.900002	18900	25.2	25200	7.299999	7299	""osoba1""
""osoba1""		20.1	20100	25.2	25200	6.1000004	6100	""osoba1""
""osoba1""		20.7	20700	25.2	25200	5.5	5500	""osoba1""
""osoba3""		21.900002	21900	34.2	34200	13.299999	13299	""osoba3""
""osoba1""		23.7	23700	25.2	25200	2.5	2500	""osoba1""
""osoba3""		24.6	24600	34.2	34200	10.6	10600	""osoba3""
""osoba3""		27.000002	27000	34.2	34200	8.199999	8199	""osoba3""
""osoba3""		28.2	28200	34.2	34200	7.0	7000	""osoba3""
""osoba2""		28.800001	28800	28.800001	28800	1.0	1000	""osoba2""
""osoba3""		29.1	29100	34.2	34200	6.1000004	6100	""osoba3""
""osoba4""		30.900002	30900	33.600002	33600	3.7000008	3700	""osoba4""
""osoba2""		32.4	32400	48.600002	48600	17.2	17200	""osoba2""
""osoba3""		34.2	34200	34.2	34200	1.0	1000	""osoba3""
""osoba2""		36.600002	36600	48.600002	48600	13.0	13000	""osoba2""
""osoba2""		37.5	37500	48.600002	48600	12.100002	12100	""osoba2""
""osoba2""		38.7	38700	48.600002	48600	10.900002	10900	""osoba2""
""osoba2""		41.4	41400	48.600002	48600	8.200001	8200	""osoba2""
""osoba2""		42.0	42000	48.600002	48600	7.6000023	7600	""osoba2""
""osoba2""		44.100002	44100	48.600002	48600	5.5	5500	""osoba2""
""osoba2""		44.7	44700	48.600002	48600	4.9000015	4900	""osoba2""
""osoba2""		47.4	47400	48.600002	48600	2.2000008	2200	""osoba2""
""osoba1""		48.9	48900	56.4	56400	8.5	8500	""osoba1""
""osoba1""		50.100002	50100	56.4	56400	7.299999	7299	""osoba1""
""osoba1""		51.000004	51000	56.4	56400	6.3999977	6399	""osoba1""
""osoba1""		52.2	52200	56.4	56400	5.200001	5200	""osoba1""
""osoba1""		53.7	53700	56.4	56400	3.7000008	3700	""osoba1""
""osoba1""		55.2	55200	56.4	56400	2.2000008	2200	""osoba1""
""osoba2""		55.800003	55800	66.9	66900	12.099998	12099	""osoba2""
""osoba4""		55.800003	55800	55.800003	55800	1.0	1000	""osoba4""
""osoba2""		58.500004	58500	66.9	66900	9.399998	9399	""osoba2""
""osoba2""		59.4	59400	66.9	66900	8.5	8500	""osoba2""
""osoba2""		60.300003	60300	66.9	66900	7.5999985	7599	""osoba2""
""osoba2""		62.4	62400	66.9	66900	5.5	5500	""osoba2""
""osoba3""		62.7	62700	63.000004	63000	1.300003	1300	""osoba3""
""osoba2""		64.200005	64200	66.9	66900	3.699997	3699	""osoba2""
""osoba1""		66.3	66300	72.3	72300	7.0	7000	""osoba1""
""osoba1""		68.4	68400	72.3	72300	4.9000015	4900	""osoba1""
""osoba1""		70.200005	70200	72.3	72300	3.0999985	3099	""osoba1""
""osoba2""		70.5	70500	82.5	82500	13.0	13000	""osoba2""
""osoba3""		73.200005	73200	73.8	73800	1.5999985	1599	""osoba3""
""osoba2""		73.5	73500	82.5	82500	10.0	10000	""osoba2""
""osoba4""		73.5	73500	73.5	73500	1.0	1000	""osoba4""
""osoba2""		75.600006	75600	82.5	82500	7.899994	7899	""osoba2""
""osoba3""		81.600006	81600	84.600006	84600	4.0	4000	""osoba3""
""osoba3""		84.3	84300	84.600006	84600	1.300003	1300	""osoba3""
""osoba4""		84.3	84300	92.700005	92700	9.400002	9400	""osoba4""
""osoba4""		86.100006	86100	92.700005	92700	7.5999985	7599	""osoba4""
""osoba2""		86.4	86400	87.0	87000	1.5999985	1599	""osoba2""
""osoba1""		88.200005	88200	88.200005	88200	1.0	1000	""osoba1""
""osoba3""		88.200005	88200	90.600006	90600	3.4000015	3400	""osoba3""
""osoba4""		88.200005	88200	92.700005	92700	5.5	5500	""osoba4""
""osoba3""		89.700005	89700	90.600006	90600	1.9000015	1900	""osoba3""
""osoba4""		90.0	90000	92.700005	92700	3.7000046	3700	""osoba4""
""osoba3""		93.0	93000	93.600006	93600	1.6000061	1600	""osoba3""
""osoba2""		93.9	93900	97.8	97800	4.9000015	4900	""osoba2""
""osoba1""		94.8	94800	94.8	94800	1.0	1000	""osoba1""
""osoba2""		95.100006	95100	97.8	97800	3.699997	3699	""osoba2""
""osoba1""		97.50001	97500	102.9	102900	6.399994	6399	""osoba1""
""osoba1""		99.600006	99600	102.9	102900	4.2999954	4299	""osoba1""
""osoba1""		100.200005	100200	102.9	102900	3.699997	3699	""osoba1""
""osoba1""		101.4	101400	102.9	102900	2.5	2500	""osoba1""
""osoba3""		102.600006	102600	110.4	110400	8.799995	8799	""osoba3""
""osoba1""		102.9	102900	102.9	102900	1.0	1000	""osoba1""
""osoba3""		105.3	105300	110.4	110400	6.0999985	6099	""osoba3""
""osoba3""		106.8	106800	110.4	110400	4.5999985	4599	""osoba3""
""osoba1""		107.4	107400	110.700005	110700	4.300003	4300	""osoba1""
""osoba2""		109.200005	109200	123.3	123300	15.099998	15099	""osoba2""
""osoba2""		111.600006	111600	123.3	123300	12.699997	12699	""osoba2""
""osoba2""		112.50001	112500	123.3	123300	11.799995	11799	""osoba2""
""osoba2""		113.4	113400	123.3	123300	10.900002	10900	""osoba2""
""osoba4""		114.600006	114600	114.600006	114600	1.0	1000	""osoba4""
""osoba3""		115.50001	115500	117.9	117900	3.399994	3399	""osoba3""
""osoba2""		116.4	116400	123.3	123300	7.9000015	7900	""osoba2""
""osoba3""		117.3	117300	117.9	117900	1.5999985	1599	""osoba3""
""osoba2""		117.9	117900	123.3	123300	6.4000015	6400	""osoba2""
""osoba2""		120.9	120900	123.3	123300	3.4000015	3400	""osoba2""
""osoba1""		123.00001	123000	134.40001	134400	12.400002	12400	""osoba1""
""osoba2""		123.00001	123000	123.3	123300	1.2999954	1299	""osoba2""
""osoba1""		124.8	124800	134.40001	134400	10.600006	10600	""osoba1""
""osoba3""		125.4	125400	126.00001	126000	1.6000061	1600	""osoba3""
""osoba1""		125.700005	125700	134.40001	134400	9.700005	9700	""osoba1""
""osoba1""		128.1	128100	134.40001	134400	7.300003	7300	""osoba1""
""osoba3""		131.40001	131400	139.8	139800	9.399994	9399	""osoba3""
""osoba1""		132.3	132300	134.40001	134400	3.100006	3100	""osoba1""
""osoba3""		133.20001	133200	139.8	139800	7.599991	7599	""osoba3""
""osoba3""		136.5	136500	139.8	139800	4.300003	4300	""osoba3""
""osoba1""		138.0	138000	149.70001	149700	12.700012	12700	""osoba1""
""osoba1""		141.3	141300	149.70001	149700	9.400009	9400	""osoba1""
""osoba4""		143.1	143100	144.3	144300	2.199997	2199	""osoba4""
""osoba3""		144.90001	144900	146.1	146100	2.199997	2199	""osoba3""
""osoba1""		147.0	147000	149.70001	149700	3.7000122	3700	""osoba1""
""osoba2""		147.6	147600	174.90001	174900	28.300003	28300	""osoba2""
""osoba2""		150.6	150600	174.90001	174900	25.300003	25300	""osoba2""
""osoba2""		151.20001	151200	174.90001	174900	24.699997	24699	""osoba2""
""osoba2""		152.1	152100	174.90001	174900	23.800003	23800	""osoba2""
""osoba2""		153.6	153600	174.90001	174900	22.300003	22300	""osoba2""
""osoba2""		155.40001	155400	174.90001	174900	20.5	20500	""osoba2""
""osoba2""		156.6	156600	174.90001	174900	19.300003	19300	""osoba2""
""osoba3""		157.20001	157200	157.20001	157200	1.0	1000	""osoba3""
""osoba2""		161.1	161100	174.90001	174900	14.800003	14800	""osoba2""
""osoba2""		162.0	162000	174.90001	174900	13.900009	13900	""osoba2""
""osoba2""		163.5	163500	174.90001	174900	12.400009	12400	""osoba2""
""osoba4""		165.3	165300	166.8	166800	2.5	2500	""osoba4""
""osoba3""		165.90001	165900	166.8	166800	1.8999939	1899	""osoba3""
""osoba2""		167.1	167100	174.90001	174900	8.800003	8800	""osoba2""
""osoba2""		168.6	168600	174.90001	174900	7.300003	7300	""osoba2""
""osoba2""		169.20001	169200	174.90001	174900	6.699997	6699	""osoba2""
""osoba3""		171.90001	171900	174.90001	174900	4.0	4000	""osoba3""
""osoba1""		173.70001	173700	204.3	204300	31.59999	31599	""osoba1""
""osoba1""		176.70001	176700	204.3	204300	28.59999	28599	""osoba1""
""osoba1""		177.90001	177900	204.3	204300	27.399994	27399	""osoba1""
""osoba1""		180.0	180000	204.3	204300	25.300003	25300	""osoba1""
""osoba1""		181.5	181500	204.3	204300	23.800003	23800	""osoba1""
""osoba1""		183.90001	183900	204.3	204300	21.399994	21399	""osoba1""
""osoba1""		184.5	184500	204.3	204300	20.800003	20800	""osoba1""
""osoba1""		190.20001	190200	204.3	204300	15.099991	15099	""osoba1""
""osoba1""		192.3	192300	204.3	204300	13.0	13000	""osoba1""
""osoba2""		193.20001	193200	193.20001	193200	1.0	1000	""osoba2""
""osoba1""		194.40001	194400	204.3	204300	10.899994	10899	""osoba1""
""osoba1""		195.00002	195000	204.3	204300	10.299988	10299	""osoba1""
""osoba4""		196.20001	196200	196.8	196800	1.5999908	1599	""osoba4""
""osoba2""		198.3	198300	198.3	198300	1.0	1000	""osoba2""
""osoba1""		199.50002	199500	204.3	204300	5.799988	5799	""osoba1""
""osoba3""		199.50002	199500	202.20001	202200	3.699997	3699	""osoba3""
""osoba2""		201.90001	201900	219.3	219300	18.399994	18399	""osoba2""
""osoba3""		201.90001	201900	202.20001	202200	1.300003	1300	""osoba3""
""osoba2""		206.40001	206400	219.3	219300	13.899994	13899	""osoba2""
""osoba2""		207.90001	207900	219.3	219300	12.399994	12399	""osoba2""
""osoba4""		208.20001	208200	208.8	208800	1.5999908	1599	""osoba4""
""osoba2""		210.00002	210000	219.3	219300	10.299988	10299	""osoba2""
""osoba2""		214.8	214800	219.3	219300	5.5	5500	""osoba2""
""osoba2""		215.40001	215400	219.3	219300	4.899994	4899	""osoba2""
""osoba2""		217.50002	217500	219.3	219300	2.7999878	2799	""osoba2""
""osoba2""		219.00002	219000	219.3	219300	1.2999878	1299	""osoba2""
""osoba4""		219.3	219300	223.8	223800	5.5	5500	""osoba4""
""osoba4""		220.50002	220500	223.8	223800	4.299988	4299	""osoba4""
""osoba3""		222.90001	222900	225.6	225600	3.699997	3699	""osoba3""
""osoba1""		225.3	225300	229.20001	229200	4.900009	4900	""osoba1""
""osoba3""		225.6	225600	225.6	225600	1.0	1000	""osoba3""
""osoba1""		228.3	228300	229.20001	229200	1.9000092	1900	""osoba1""
""osoba1""		229.20001	229200	229.20001	229200	1.0	1000	""osoba1""
""osoba4""		229.20001	229200	241.20001	241200	13.0	13000	""osoba4""
""osoba4""		230.70001	230700	241.20001	241200	11.5	11500	""osoba4""
""osoba4""		231.90001	231900	241.20001	241200	10.300003	10300	""osoba4""
""osoba4""		232.8	232800	241.20001	241200	9.400009	9400	""osoba4""
""osoba3""		233.40001	233400	235.20001	235200	2.800003	2800	""osoba3""
""osoba2""		236.1	236100	241.20001	241200	6.100006	6100	""osoba2""
""osoba3""		237.3	237300	237.3	237300	1.0	1000	""osoba3""
""osoba2""		237.6	237600	241.20001	241200	4.600006	4600	""osoba2""
""osoba2""		239.1	239100	241.20001	241200	3.100006	3100	""osoba2""
""osoba4""		239.1	239100	241.20001	241200	3.100006	3100	""osoba4""
""osoba2""		240.6	240600	241.20001	241200	1.6000061	1600	""osoba2""
""osoba3""		240.6	240600	248.40001	248400	8.800003	8800	""osoba3""
""osoba3""		244.20001	244200	248.40001	248400	5.199997	5199	""osoba3""
""osoba3""		246.00002	246000	248.40001	248400	3.399994	3399	""osoba3""
""osoba3""		246.90001	246900	248.40001	248400	2.5	2500	""osoba3""
""osoba4""		248.70001	248700	252.00002	252000	4.300003	4300	""osoba4""
""osoba1""		250.8	250800	259.80002	259800	10.000015	10000	""osoba1""
""osoba4""		250.8	250800	252.00002	252000	2.2000122	2200	""osoba4""
""osoba1""		255.00002	255000	259.80002	259800	5.800003	5800	""osoba1""
""osoba1""		257.1	257100	259.80002	259800	3.7000122	3700	""osoba1""
""osoba1""		257.7	257700	259.80002	259800	3.100006	3100	""osoba1""
""osoba3""		258.30002	258300	264.6	264600	7.299988	7299	""osoba3""
""osoba1""		259.2	259200	259.80002	259800	1.6000061	1600	""osoba1""
""osoba3""		259.2	259200	264.6	264600	6.399994	6399	""osoba3""
""osoba3""		261.0	261000	264.6	264600	4.600006	4600	""osoba3""
""osoba3""		261.90002	261900	264.6	264600	3.6999817	3699	""osoba3""
""osoba3""		263.1	263100	264.6	264600	2.5	2500	""osoba3""
""osoba2""		264.30002	264300	272.40002	272400	9.100006	9100	""osoba2""
""osoba3""		264.30002	264300	264.6	264600	1.2999878	1299	""osoba3""
""osoba2""		266.1	266100	272.40002	272400	7.3000183	7300	""osoba2""
""osoba2""		267.30002	267300	272.40002	272400	6.100006	6100	""osoba2""
""osoba2""		269.40002	269400	272.40002	272400	4.0	4000	""osoba2""
""osoba3""		271.80002	271800	295.5	295500	24.699982	24699	""osoba3""
""osoba4""		273.0	273000	273.90002	273900	1.9000244	1900	""osoba4""
""osoba2""		276.30002	276300	276.30002	276300	1.0	1000	""osoba2""
""osoba3""		277.5	277500	295.5	295500	19.0	19000	""osoba3""
""osoba1""		278.40002	278400	278.40002	278400	1.0	1000	""osoba1""
""osoba3""		278.40002	278400	295.5	295500	18.099976	18099	""osoba3""
""osoba3""		282.0	282000	295.5	295500	14.5	14500	""osoba3""
""osoba2""		282.90002	282900	284.1	284100	2.1999817	2199	""osoba2""
""osoba3""		284.40002	284400	295.5	295500	12.099976	12099	""osoba3""
""osoba3""		285.6	285600	295.5	295500	10.899994	10899	""osoba3""
""osoba3""		287.1	287100	295.5	295500	9.399994	9399	""osoba3""
""osoba3""		290.40002	290400	295.5	295500	6.0999756	6099	""osoba3""
""osoba3""		291.0	291000	295.5	295500	5.5	5500	""osoba3""
""osoba3""		292.80002	292800	295.5	295500	3.6999817	3699	""osoba3""
""osoba3""		294.30002	294300	295.5	295500	2.1999817	2199	""osoba3""
""osoba3""		294.90002	294900	295.5	295500	1.5999756	1599	""osoba3""
""osoba2""		295.80002	295800	297.6	297600	2.7999878	2799	""osoba2""
""osoba3""		297.6	297600	304.80002	304800	8.200012	8200	""osoba3""
""osoba3""		301.5	301500	304.80002	304800	4.3000183	4300	""osoba3""
""osoba3""		302.1	302100	304.80002	304800	3.7000122	3700	""osoba3""
""osoba3""		303.6	303600	304.80002	304800	2.2000122	2200	""osoba3""
""osoba1""		304.2	304200	310.5	310500	7.299988	7299	""osoba1""
""osoba1""		306.0	306000	310.5	310500	5.5	5500	""osoba1""
""osoba4""		306.30002	306300	319.5	319500	14.199982	14199	""osoba4""
""osoba2""		306.6	306600	309.90002	309900	4.3000183	4300	""osoba2""
""osoba3""		310.80002	310800	312.0	312000	2.1999817	2199	""osoba3""
""osoba4""		314.7	314700	319.5	319500	5.799988	5799	""osoba4""
""osoba3""		315.30002	315300	315.30002	315300	1.0	1000	""osoba3""
""osoba4""		315.90002	315900	319.5	319500	4.5999756	4599	""osoba4""
""osoba4""		316.5	316500	319.5	319500	4.0	4000	""osoba4""
""osoba1""		318.30002	318300	319.80002	319800	2.5	2500	""osoba1""
""osoba3""		319.2	319200	324.30002	324300	6.100006	6100	""osoba3""
""osoba3""		321.30002	321300	324.30002	324300	4.0	4000	""osoba3""
""osoba1""		323.1	323100	330.0	330000	7.899994	7899	""osoba1""
""osoba2""		323.7	323700	324.30002	324300	1.6000061	1600	""osoba2""
""osoba1""		326.1	326100	330.0	330000	4.899994	4899	""osoba1""
""osoba1""		328.2	328200	330.0	330000	2.7999878	2799	""osoba1""
""osoba1""		329.40002	329400	330.0	330000	1.5999756	1599	""osoba1""
""osoba4""		330.0	330000	333.30002	333300	4.3000183	4300	""osoba4""
""osoba4""		331.2	331200	333.30002	333300	3.100006	3100	""osoba4""
""osoba4""		332.1	332100	333.30002	333300	2.2000122	2200	""osoba4""
""osoba2""		333.0	333000	342.0	342000	10.0	10000	""osoba2""
""osoba3""		333.0	333000	333.6	333600	1.6000061	1600	""osoba3""
""osoba2""		334.80002	334800	342.0	342000	8.199982	8199	""osoba2""
""osoba3""		336.6	336600	337.80002	337800	2.2000122	2200	""osoba3""
""osoba2""		338.7	338700	342.0	342000	4.299988	4299	""osoba2""
""osoba2""		340.2	340200	342.0	342000	2.7999878	2799	""osoba2""
""osoba2""		340.80002	340800	342.0	342000	2.1999817	2199	""osoba2""
""osoba3""		341.7	341700	351.6	351600	10.899994	10899	""osoba3""
""osoba3""		343.5	343500	351.6	351600	9.100006	9100	""osoba3""
""osoba3""		346.5	346500	351.6	351600	6.100006	6100	""osoba3""
""osoba2""		348.6	348600	351.0	351000	3.399994	3399	""osoba2""
""osoba3""		348.6	348600	351.6	351600	4.0	4000	""osoba3""
""osoba1""		351.30002	351300	351.6	351600	1.2999878	1299	""osoba1""
""osoba3""		351.6	351600	351.6	351600	1.0	1000	""osoba3""
""osoba4""		351.6	351600	353.40002	353400	2.8000183	2800	""osoba4""
""osoba4""		353.1	353100	353.40002	353400	1.3000183	1300	""osoba4""
""osoba3""		353.7	353700	356.7	356700	4.0	4000	""osoba3""
""osoba2""		356.40002	356400	375.30002	375300	19.899994	19899	""osoba2""
""osoba2""		360.90002	360900	375.30002	375300	15.399994	15399	""osoba2""
""osoba2""		364.2	364200	375.30002	375300	12.100006	12100	""osoba2""
""osoba3""		364.80002	364800	365.40002	365400	1.6000061	1600	""osoba3""
""osoba2""		365.7	365700	375.30002	375300	10.600006	10600	""osoba2""
""osoba4""		366.0	366000	368.40002	368400	3.4000244	3400	""osoba4""
""osoba3""		369.0	369000	369.0	369000	1.0	1000	""osoba3""
""osoba2""		370.5	370500	375.30002	375300	5.8000183	5800	""osoba2""
""osoba1""		372.90002	372900	372.90002	372900	1.0	1000	""osoba1""
""osoba3""		374.1	374100	377.40002	377400	4.3000183	4300	""osoba3""
""osoba3""		377.1	377100	377.40002	377400	1.3000183	1300	""osoba3""
""osoba2""		377.40002	377400	381.6	381600	5.1999817	5199	""osoba2""
""osoba1""		378.30002	378300	381.6	381600	4.299988	4299	""osoba1""
""osoba2""		379.2	379200	381.6	381600	3.399994	3399	""osoba2""
""osoba3""		380.1	380100	396.90002	396900	17.800018	17800	""osoba3""
""osoba3""		386.1	386100	396.90002	396900	11.800018	11800	""osoba3""
""osoba3""		387.90002	387900	396.90002	396900	10.0	10000	""osoba3""
""osoba3""		388.80002	388800	396.90002	396900	9.100006	9100	""osoba3""
""osoba2""		389.1	389100	390.30002	390300	2.2000122	2200	""osoba2""
""osoba3""		392.1	392100	396.90002	396900	5.8000183	5800	""osoba3""
""osoba4""		392.40002	392400	393.90002	393900	2.5	2500	""osoba4""
""osoba2""		396.30002	396300	399.30002	399300	4.0	4000	""osoba2""
""osoba2""		397.80002	397800	399.30002	399300	2.5	2500	""osoba2""
""osoba1""		398.7	398700	402.6	402600	4.899994	4899	""osoba1""
""osoba4""		400.2	400200	400.50003	400500	1.3000183	1300	""osoba4""
""osoba1""		401.40002	401400	402.6	402600	2.1999817	2199	""osoba1""
""osoba3""		402.6	402600	405.90002	405900	4.3000183	4300	""osoba3""
""osoba1""		405.00003	405000	412.2	412200	8.199982	8199	""osoba1""
""osoba2""		405.90002	405900	419.7	419700	14.799988	14799	""osoba2""
""osoba2""		408.6	408600	419.7	419700	12.100006	12100	""osoba2""
""osoba2""		410.1	410100	419.7	419700	10.600006	10600	""osoba2""
""osoba3""		411.30002	411300	423.6	423600	13.299988	13299	""osoba3""
""osoba3""		412.50003	412500	423.6	423600	12.099976	12099	""osoba3""
""osoba2""		413.40002	413400	419.7	419700	7.299988	7299	""osoba2""
""osoba2""		416.1	416100	419.7	419700	4.600006	4600	""osoba2""
""osoba3""		416.1	416100	423.6	423600	8.5	8500	""osoba3""
""osoba2""		416.7	416700	419.7	419700	4.0	4000	""osoba2""
""osoba3""		420.00003	420000	423.6	423600	4.5999756	4599	""osoba3""
""osoba4""		420.00003	420000	420.00003	420000	1.0	1000	""osoba4""
""osoba2""		423.6	423600	429.90002	429900	7.3000183	7300	""osoba2""
""osoba1""		423.90002	423900	427.2	427200	4.299988	4299	""osoba1""
""osoba2""		426.00003	426000	429.90002	429900	4.899994	4899	""osoba2""
""osoba3""		429.30002	429300	432.30002	432300	4.0	4000	""osoba3""
""osoba1""		431.40002	431400	454.80002	454800	24.399994	24399	""osoba1""
""osoba3""		435.00003	435000	439.2	439200	5.1999817	5199	""osoba3""
""osoba1""		438.30002	438300	454.80002	454800	17.5	17500	""osoba1""
""osoba3""		438.6	438600	439.2	439200	1.6000061	1600	""osoba3""
""osoba1""		440.1	440100	454.80002	454800	15.700012	15700	""osoba1""
""osoba4""		445.80002	445800	446.7	446700	1.8999939	1899	""osoba4""
""osoba2""		446.1	446100	446.1	446100	1.0	1000	""osoba2""
""osoba3""		446.40002	446400	446.40002	446400	1.0	1000	""osoba3""
""osoba1""		452.1	452100	454.80002	454800	3.7000122	3700	""osoba1""
""osoba1""		453.00003	453000	454.80002	454800	2.7999878	2799	""osoba1""
""osoba1""		453.90002	453900	454.80002	454800	1.8999939	1899	""osoba1""
""osoba3""		454.50003	454500	455.7	455700	2.1999817	2199	""osoba3""
""osoba4""		455.1	455100	467.40002	467400	13.300018	13300	""osoba4""
""osoba4""		457.50003	457500	467.40002	467400	10.899994	10899	""osoba4""
""osoba4""		458.7	458700	467.40002	467400	9.700012	9700	""osoba4""
""osoba4""		459.90002	459900	467.40002	467400	8.5	8500	""osoba4""
""osoba4""		461.1	461100	467.40002	467400	7.3000183	7300	""osoba4""
""osoba4""		462.90002	462900	467.40002	467400	5.5	5500	""osoba4""
""osoba4""		465.90002	465900	467.40002	467400	2.5	2500	""osoba4""
""osoba4""		467.40002	467400	467.40002	467400	1.0	1000	""osoba4""
""osoba3""		467.7	467700	475.2	475200	8.5	8500	""osoba3""
""osoba2""		469.2	469200	472.50003	472500	4.3000183	4300	""osoba2""
""osoba2""		470.1	470100	472.50003	472500	3.4000244	3400	""osoba2""
""osoba3""		474.30002	474300	475.2	475200	1.8999939	1899	""osoba3""
""osoba4""		474.90002	474900	483.00003	483000	9.100006	9100	""osoba4""
""osoba4""		477.30002	477300	483.00003	483000	6.700012	6700	""osoba4""
""osoba4""		479.40002	479400	483.00003	483000	4.600006	4600	""osoba4""
""osoba4""		480.00003	480000	483.00003	483000	4.0	4000	""osoba4""
""osoba2""		480.6	480600	486.00003	486000	6.4000244	6400	""osoba2""
""osoba2""		481.80002	481800	486.00003	486000	5.200012	5200	""osoba2""
""osoba1""		485.40002	485400	488.7	488700	4.299988	4299	""osoba1""
""osoba1""		487.50003	487500	488.7	488700	2.1999817	2199	""osoba1""
""osoba3""		487.80002	487800	493.2	493200	6.399994	6399	""osoba3""
""osoba3""		490.2	490200	493.2	493200	4.0	4000	""osoba3""
""osoba3""		491.40002	491400	493.2	493200	2.7999878	2799	""osoba3""
""osoba2""		493.80002	493800	502.50003	502500	9.700012	9700	""osoba2""
""osoba2""		496.2	496200	502.50003	502500	7.3000183	7300	""osoba2""
""osoba2""		500.7	500700	502.50003	502500	2.8000183	2800	""osoba2""
""osoba1""		501.00003	501000	507.6	507600	7.5999756	7599	""osoba1""
""osoba2""		501.90002	501900	502.50003	502500	1.6000061	1600	""osoba2""
""osoba4""		503.1	503100	503.40002	503400	1.3000183	1300	""osoba4""
""osoba1""		504.90002	504900	507.6	507600	3.6999817	3699	""osoba1""
""osoba1""		505.50003	505500	507.6	507600	3.0999756	3099	""osoba1""
""osoba1""		506.1	506100	507.6	507600	2.5	2500	""osoba1""
""osoba2""		507.90002	507900	525.0	525000	18.099976	18099	""osoba2""
""osoba2""		508.80002	508800	525.0	525000	17.199982	17199	""osoba2""
""osoba2""		510.00003	510000	525.0	525000	15.9999695	15999	""osoba2""
""osoba2""		510.90002	510900	525.0	525000	15.099976	15099	""osoba2""
""osoba2""		513.30005	513300	525.0	525000	12.699951	12699	""osoba2""
""osoba2""		514.5	514500	525.0	525000	11.5	11500	""osoba2""
""osoba2""		515.10004	515100	525.0	525000	10.899963	10899	""osoba2""
""osoba2""		516.0	516000	525.0	525000	10.0	10000	""osoba2""
""osoba2""		516.60004	516600	525.0	525000	9.399963	9399	""osoba2""
""osoba2""		517.5	517500	525.0	525000	8.5	8500	""osoba2""
""osoba2""		518.10004	518100	525.0	525000	7.8999634	7899	""osoba2""
""osoba2""		519.30005	519300	525.0	525000	6.699951	6699	""osoba2""
""osoba2""		521.10004	521100	525.0	525000	4.8999634	4899	""osoba2""
""osoba2""		522.9	522900	525.0	525000	3.0999756	3099	""osoba2""
""osoba2""		523.5	523500	525.0	525000	2.5	2500	""osoba2""
""osoba2""		524.4	524400	525.0	525000	1.5999756	1599	""osoba2""
""osoba1""		525.30005	525300	529.80005	529800	5.5	5500	""osoba1""
""osoba1""		527.4	527400	529.80005	529800	3.4000244	3400	""osoba1""
""osoba1""		528.0	528000	529.80005	529800	2.8000488	2800	""osoba1""
""osoba3""		529.2	529200	534.9	534900	6.700012	6700	""osoba3""
""osoba3""		531.0	531000	534.9	534900	4.9000244	4900	""osoba3""
""osoba3""		534.9	534900	534.9	534900	1.0	1000	""osoba3""
""osoba2""		535.2	535200	545.7	545700	11.5	11500	""osoba2""
""osoba1""		535.80005	535800	536.10004	536100	1.2999878	1299	""osoba1""
""osoba2""		539.10004	539100	545.7	545700	7.5999756	7599	""osoba2""
""osoba2""		541.5	541500	545.7	545700	5.200012	5200	""osoba2""
""osoba2""		543.0	543000	545.7	545700	3.7000122	3700	""osoba2""
""osoba1""		543.9	543900	544.2	544200	1.2999878	1299	""osoba1""
""osoba3""		544.80005	544800	558.9	558900	15.099976	15099	""osoba3""
""osoba3""		546.30005	546300	558.9	558900	13.599976	13599	""osoba3""
""osoba4""		546.9	546900	549.0	549000	3.0999756	3099	""osoba4""
""osoba1""		549.30005	549300	550.80005	550800	2.5	2500	""osoba1""
""osoba3""		552.30005	552300	558.9	558900	7.5999756	7599	""osoba3""
""osoba3""		555.0	555000	558.9	558900	4.9000244	4900	""osoba3""
""osoba2""		555.60004	555600	562.2	562200	7.5999756	7599	""osoba2""
""osoba2""		556.80005	556800	562.2	562200	6.3999634	6399	""osoba2""
""osoba3""		556.80005	556800	558.9	558900	3.0999756	3099	""osoba3""
""osoba2""		559.5	559500	562.2	562200	3.7000122	3700	""osoba2""
""osoba4""		559.5	559500	573.0	573000	14.5	14500	""osoba4""
""osoba2""		561.0	561000	562.2	562200	2.2000122	2200	""osoba2""
""osoba4""		561.0	561000	573.0	573000	13.0	13000	""osoba4""
""osoba2""		561.9	561900	562.2	562200	1.2999878	1299	""osoba2""
""osoba4""		563.7	563700	573.0	573000	10.299988	10299	""osoba4""
""osoba4""		564.30005	564300	573.0	573000	9.699951	9699	""osoba4""
""osoba1""		564.9	564900	564.9	564900	1.0	1000	""osoba1""
""osoba4""		567.9	567900	573.0	573000	6.0999756	6099	""osoba4""
""osoba2""		568.80005	568800	570.30005	570300	2.5	2500	""osoba2""
""osoba4""		569.7	569700	573.0	573000	4.299988	4299	""osoba4""
""osoba4""		572.10004	572100	573.0	573000	1.8999634	1899	""osoba4""
""osoba2""		573.0	573000	573.30005	573300	1.3000488	1300	""osoba2""
""osoba1""		573.9	573900	578.7	578700	5.799988	5799	""osoba1""
""osoba1""		576.0	576000	578.7	578700	3.7000122	3700	""osoba1""
""osoba4""		576.60004	576600	578.10004	578100	2.5	2500	""osoba4""
""osoba3""		579.0	579000	588.0	588000	10.0	10000	""osoba3""
""osoba3""		582.30005	582300	588.0	588000	6.699951	6699	""osoba3""
""osoba3""		583.2	583200	588.0	588000	5.799988	5799	""osoba3""
""osoba3""		584.7	584700	588.0	588000	4.299988	4299	""osoba3""
""osoba3""		586.2	586200	588.0	588000	2.7999878	2799	""osoba3""
""osoba3""		587.7	587700	588.0	588000	1.2999878	1299	""osoba3""
""osoba2""		588.30005	588300	604.80005	604800	17.5	17500	""osoba2""
""osoba2""		589.5	589500	604.80005	604800	16.300049	16300	""osoba2""
""osoba2""		592.2	592200	604.80005	604800	13.600037	13600	""osoba2""
""osoba2""		594.60004	594600	604.80005	604800	11.200012	11200	""osoba2""
""osoba2""		595.5	595500	604.80005	604800	10.300049	10300	""osoba2""
""osoba2""		596.4	596400	604.80005	604800	9.400024	9400	""osoba2""
""osoba3""		599.10004	599100	600.9	600900	2.7999878	2799	""osoba3""
""osoba2""		601.5	601500	604.80005	604800	4.300049	4300	""osoba2""
""osoba2""		602.7	602700	604.80005	604800	3.1000366	3100	""osoba2""
""osoba1""		603.60004	603600	612.60004	612600	10.0	10000	""osoba1""
""osoba2""		604.80005	604800	604.80005	604800	1.0	1000	""osoba2""
""osoba1""		605.4	605400	612.60004	612600	8.200012	8200	""osoba1""
""osoba1""		606.9	606900	612.60004	612600	6.700012	6700	""osoba1""
""osoba1""		611.10004	611100	612.60004	612600	2.5	2500	""osoba1""
""osoba3""		611.7	611700	616.2	616200	5.5	5500	""osoba3""
""osoba1""		614.7	614700	615.0	615000	1.2999878	1299	""osoba1""
""osoba2""		615.60004	615600	624.60004	624600	10.0	10000	""osoba2""
""osoba3""		615.9	615900	616.2	616200	1.2999878	1299	""osoba3""
""osoba2""		617.4	617400	624.60004	624600	8.200012	8200	""osoba2""
""osoba1""		618.9	618900	624.0	624000	6.0999756	6099	""osoba1""
""osoba2""		621.60004	621600	624.60004	624600	4.0	4000	""osoba2""
""osoba4""		621.60004	621600	629.4	629400	8.799988	8799	""osoba4""
""osoba1""		622.80005	622800	624.0	624000	2.1999512	2199	""osoba1""
""osoba2""		623.10004	623100	624.60004	624600	2.5	2500	""osoba2""
""osoba1""		627.0	627000	630.9	630900	4.9000244	4900	""osoba1""
""osoba3""		627.0	627000	627.30005	627300	1.3000488	1300	""osoba3""
""osoba2""		630.9	630900	639.60004	639600	9.700012	9700	""osoba2""
""osoba2""		633.60004	633600	639.60004	639600	7.0	7000	""osoba2""
""osoba2""		634.2	634200	639.60004	639600	6.4000244	6400	""osoba2""
""osoba2""		634.80005	634800	639.60004	639600	5.799988	5799	""osoba2""
""osoba2""		635.7	635700	639.60004	639600	4.9000244	4900	""osoba2""
""osoba3""		637.5	637500	655.2	655200	18.700012	18700	""osoba3""
""osoba3""		639.0	639000	655.2	655200	17.200012	17200	""osoba3""
""osoba2""		639.60004	639600	639.60004	639600	1.0	1000	""osoba2""
""osoba3""		640.80005	640800	655.2	655200	15.399963	15399	""osoba3""
""osoba3""		641.7	641700	655.2	655200	14.5	14500	""osoba3""
""osoba1""		642.60004	642600	644.10004	644100	2.5	2500	""osoba1""
""osoba1""		643.5	643500	644.10004	644100	1.6000366	1600	""osoba1""
""osoba4""		643.5	643500	643.5	643500	1.0	1000	""osoba4""
""osoba3""		645.60004	645600	655.2	655200	10.599976	10599	""osoba3""
""osoba4""		645.60004	645600	647.4	647400	2.7999878	2799	""osoba4""
""osoba3""		646.80005	646800	655.2	655200	9.399963	9399	""osoba3""
""osoba3""		649.2	649200	655.2	655200	7.0	7000	""osoba3""
""osoba1""		650.4	650400	654.0	654000	4.5999756	4599	""osoba1""
""osoba1""		651.60004	651600	654.0	654000	3.3999634	3399	""osoba1""
""osoba4""		655.2	655200	663.9	663900	9.700012	9700	""osoba4""
""osoba2""		655.5	655500	656.10004	656100	1.6000366	1600	""osoba2""
""osoba2""		659.4	659400	659.4	659400	1.0	1000	""osoba2""
""osoba4""		660.60004	660600	663.9	663900	4.299988	4299	""osoba4""
""osoba4""		661.2	661200	663.9	663900	3.7000122	3700	""osoba4""
""osoba2""		662.4	662400	710.4	710400	49.0	49000	""osoba2""
""osoba2""		663.60004	663600	710.4	710400	47.799988	47799	""osoba2""
""osoba4""		663.60004	663600	663.9	663900	1.2999878	1299	""osoba4""
""osoba2""		668.7	668700	710.4	710400	42.700012	42700	""osoba2""
""osoba3""		668.7	668700	669.0	669000	1.2999878	1299	""osoba3""
""osoba1""		669.9	669900	669.9	669900	1.0	1000	""osoba1""
""osoba2""		672.60004	672600	710.4	710400	38.799988	38799	""osoba2""
""osoba1""		675.0	675000	675.30005	675300	1.3000488	1300	""osoba1""
""osoba3""		675.9	675900	676.2	676200	1.2999878	1299	""osoba3""
""osoba2""		677.7	677700	710.4	710400	33.700012	33700	""osoba2""
""osoba2""		681.9	681900	710.4	710400	29.5	29500	""osoba2""
""osoba2""		682.5	682500	710.4	710400	28.900024	28900	""osoba2""
""osoba1""		684.0	684000	684.0	684000	1.0	1000	""osoba1""
""osoba2""		686.7	686700	710.4	710400	24.700012	24700	""osoba2""
""osoba3""		688.5	688500	697.2	697200	9.700012	9700	""osoba3""
""osoba2""		689.4	689400	710.4	710400	22.0	22000	""osoba2""
""osoba3""		690.0	690000	697.2	697200	8.200012	8200	""osoba3""
""osoba4""		691.2	691200	692.7	692700	2.5	2500	""osoba4""
""osoba2""		692.4	692400	710.4	710400	19.0	19000	""osoba2""
""osoba1""		693.60004	693600	699.9	699900	7.299988	7299	""osoba1""
""osoba3""		694.5	694500	697.2	697200	3.7000122	3700	""osoba3""
""osoba2""		702.0	702000	710.4	710400	9.400024	9400	""osoba2""
""osoba2""		703.5	703500	710.4	710400	7.9000244	7900	""osoba2""
""osoba1""		703.80005	703800	703.80005	703800	1.0	1000	""osoba1""
""osoba2""		704.7	704700	710.4	710400	6.700012	6700	""osoba2""
""osoba2""		706.2	706200	710.4	710400	5.200012	5200	""osoba2""
""osoba3""		707.7	707700	712.2	712200	5.5	5500	""osoba3""
""osoba2""		709.5	709500	710.4	710400	1.9000244	1900	""osoba2""
""osoba3""		710.7	710700	712.2	712200	2.5	2500	""osoba3""
""osoba4""		710.7	710700	715.5	715500	5.799988	5799	""osoba4""
""osoba4""		713.7	713700	715.5	715500	2.7999878	2799	""osoba4""
""osoba3""		714.60004	714600	735.9	735900	22.299988	22299	""osoba3""
""osoba3""		717.0	717000	735.9	735900	19.900024	19900	""osoba3""
""osoba3""		718.80005	718800	735.9	735900	18.099976	18099	""osoba3""
""osoba3""		722.10004	722100	735.9	735900	14.799988	14799	""osoba3""
""osoba3""		722.7	722700	735.9	735900	14.200012	14200	""osoba3""
""osoba1""		723.30005	723300	725.10004	725100	2.7999878	2799	""osoba1""
""osoba3""		723.30005	723300	735.9	735900	13.599976	13599	""osoba3""
""osoba4""		725.4	725400	726.30005	726300	1.9000244	1900	""osoba4""
""osoba4""		726.0	726000	726.30005	726300	1.3000488	1300	""osoba4""
""osoba3""		726.30005	726300	735.9	735900	10.599976	10599	""osoba3""
""osoba2""		728.10004	728100	734.4	734400	7.299988	7299	""osoba2""
""osoba3""		728.4	728400	735.9	735900	8.5	8500	""osoba3""
""osoba2""		729.60004	729600	734.4	734400	5.799988	5799	""osoba2""
""osoba3""		730.2	730200	735.9	735900	6.700012	6700	""osoba3""
""osoba1""		732.30005	732300	735.9	735900	4.5999756	4599	""osoba1""
""osoba2""		733.2	733200	734.4	734400	2.2000122	2200	""osoba2""
""osoba3""		733.5	733500	735.9	735900	3.4000244	3400	""osoba3""
""osoba1""		734.10004	734100	735.9	735900	2.7999878	2799	""osoba1""
""osoba1""		735.60004	735600	735.9	735900	1.2999878	1299	""osoba1""
""osoba4""		735.60004	735600	755.7	755700	21.099976	21099	""osoba4""
""osoba4""		737.7	737700	755.7	755700	19.0	19000	""osoba4""
""osoba1""		738.0	738000	739.80005	739800	2.8000488	2800	""osoba1""
""osoba3""		738.60004	738600	738.60004	738600	1.0	1000	""osoba3""
""osoba4""		739.5	739500	755.7	755700	17.200012	17200	""osoba4""
""osoba1""		739.80005	739800	739.80005	739800	1.0	1000	""osoba1""
""osoba4""		741.0	741000	755.7	755700	15.700012	15700	""osoba4""
""osoba4""		741.60004	741600	755.7	755700	15.099976	15099	""osoba4""
""osoba4""		745.2	745200	755.7	755700	11.5	11500	""osoba4""
""osoba4""		746.10004	746100	755.7	755700	10.599976	10599	""osoba4""
""osoba4""		747.0	747000	755.7	755700	9.700012	9700	""osoba4""
""osoba4""		749.7	749700	755.7	755700	7.0	7000	""osoba4""
""osoba4""		752.10004	752100	755.7	755700	4.5999756	4599	""osoba4""
""osoba3""		752.4	752400	754.2	754200	2.7999878	2799	""osoba3""
""osoba4""		753.9	753900	755.7	755700	2.7999878	2799	""osoba4""
""osoba3""		754.2	754200	754.2	754200	1.0	1000	""osoba3""
""osoba1""		755.4	755400	758.7	758700	4.299988	4299	""osoba1""
""osoba1""		757.5	757500	758.7	758700	2.2000122	2200	""osoba1""
""osoba3""		758.7	758700	780.9	780900	23.200012	23200	""osoba3""
""osoba3""		761.10004	761100	780.9	780900	20.799988	20799	""osoba3""
""osoba3""		762.60004	762600	780.9	780900	19.299988	19299	""osoba3""
""osoba1""		767.10004	767100	767.10004	767100	1.0	1000	""osoba1""
""osoba3""		767.4	767400	780.9	780900	14.5	14500	""osoba3""
""osoba3""		768.30005	768300	780.9	780900	13.599976	13599	""osoba3""
""osoba3""		769.2	769200	780.9	780900	12.700012	12700	""osoba3""
""osoba3""		770.10004	770100	780.9	780900	11.799988	11799	""osoba3""
""osoba3""		773.10004	773100	780.9	780900	8.799988	8799	""osoba3""
""osoba4""		774.60004	774600	774.60004	774600	1.0	1000	""osoba4""
""osoba3""		775.80005	775800	780.9	780900	6.0999756	6099	""osoba3""
""osoba1""		776.4	776400	777.00006	777000	1.6000366	1600	""osoba1""
""osoba3""		778.50006	778500	780.9	780900	3.3999634	3399	""osoba3""
""osoba2""		781.2	781200	793.2	793200	13.0	13000	""osoba2""
""osoba2""		782.7	782700	793.2	793200	11.5	11500	""osoba2""
""osoba2""		785.7	785700	793.2	793200	8.5	8500	""osoba2""
""osoba2""		787.50006	787500	793.2	793200	6.699951	6699	""osoba2""
""osoba3""		789.00006	789000	790.50006	790500	2.5	2500	""osoba3""
""osoba3""		790.50006	790500	790.50006	790500	1.0	1000	""osoba3""
""osoba2""		790.80005	790800	793.2	793200	3.3999634	3399	""osoba2""
""osoba2""		791.7	791700	793.2	793200	2.5	2500	""osoba2""
""osoba2""		792.9	792900	793.2	793200	1.2999878	1299	""osoba2""
""osoba3""		793.80005	793800	798.9	798900	6.0999756	6099	""osoba3""
""osoba4""		794.10004	794100	795.9	795900	2.7999878	2799	""osoba4""
""osoba2""		795.30005	795300	813.30005	813300	19.0	19000	""osoba2""
""osoba2""		796.50006	796500	813.30005	813300	17.799988	17799	""osoba2""
""osoba3""		801.00006	801000	801.60004	801600	1.5999756	1599	""osoba3""
""osoba1""		801.60004	801600	801.60004	801600	1.0	1000	""osoba1""
""osoba2""		803.4	803400	813.30005	813300	10.900024	10900	""osoba2""
""osoba2""		804.30005	804300	813.30005	813300	10.0	10000	""osoba2""
""osoba1""		808.50006	808500	817.2	817200	9.699951	9699	""osoba1""
""osoba3""		808.50006	808500	808.50006	808500	1.0	1000	""osoba3""
""osoba2""		810.00006	810000	813.30005	813300	4.299988	4299	""osoba2""
""osoba1""		810.9	810900	817.2	817200	7.299988	7299	""osoba1""
""osoba1""		812.7	812700	817.2	817200	5.5	5500	""osoba1""
""osoba3""		812.7	812700	813.9	813900	2.2000122	2200	""osoba3""
""osoba4""		813.9	813900	813.9	813900	1.0	1000	""osoba4""
""osoba1""		816.30005	816300	817.2	817200	1.8999634	1899	""osoba1""
""osoba1""		816.9	816900	817.2	817200	1.2999878	1299	""osoba1""
""osoba3""		817.50006	817500	827.7	827700	11.199951	11199	""osoba3""
""osoba3""		818.7	818700	827.7	827700	10.0	10000	""osoba3""
""osoba2""		820.2	820200	820.2	820200	1.0	1000	""osoba2""
""osoba3""		825.00006	825000	827.7	827700	3.6999512	3699	""osoba3""
""osoba1""		826.2	826200	826.50006	826500	1.3000488	1300	""osoba1""
""osoba2""		827.4	827400	848.4	848400	22.0	22000	""osoba2""
""osoba3""		827.7	827700	827.7	827700	1.0	1000	""osoba3""
""osoba1""		831.9	831900	832.50006	832500	1.6000366	1600	""osoba1""
""osoba2""		832.2	832200	848.4	848400	17.200012	17200	""osoba2""
""osoba2""		833.4	833400	848.4	848400	16.0	16000	""osoba2""
""osoba2""		835.2	835200	848.4	848400	14.200012	14200	""osoba2""
""osoba2""		838.50006	838500	848.4	848400	10.899963	10899	""osoba2""
""osoba2""		839.10004	839100	848.4	848400	10.299988	10299	""osoba2""
""osoba2""		840.60004	840600	848.4	848400	8.799988	8799	""osoba2""
""osoba2""		843.30005	843300	848.4	848400	6.0999756	6099	""osoba2""
""osoba1""		847.80005	847800	849.60004	849600	2.7999878	2799	""osoba1""
""osoba1""		849.60004	849600	849.60004	849600	1.0	1000	""osoba1""
""osoba3""		849.60004	849600	854.10004	854100	5.5	5500	""osoba3""
""osoba3""		850.80005	850800	854.10004	854100	4.299988	4299	""osoba3""
""osoba4""		852.00006	852000	870.30005	870300	19.299988	19299	""osoba4""
""osoba2""		852.60004	852600	853.80005	853800	2.2000122	2200	""osoba2""
""osoba2""		853.80005	853800	853.80005	853800	1.0	1000	""osoba2""
""osoba4""		856.50006	856500	870.30005	870300	14.799988	14799	""osoba4""
""osoba2""		858.30005	858300	858.60004	858600	1.2999878	1299	""osoba2""
""osoba4""		860.7	860700	870.30005	870300	10.600037	10600	""osoba4""
""osoba4""		861.30005	861300	870.30005	870300	10.0	10000	""osoba4""
""osoba4""		863.7	863700	870.30005	870300	7.6000366	7600	""osoba4""
""osoba4""		864.60004	864600	870.30005	870300	6.700012	6700	""osoba4""
""osoba1""		865.50006	865500	865.50006	865500	1.0	1000	""osoba1""
""osoba4""		865.50006	865500	870.30005	870300	5.799988	5799	""osoba4""
""osoba2""		869.10004	869100	870.60004	870600	2.5	2500	""osoba2""
""osoba1""		870.00006	870000	881.4	881400	12.399963	12399	""osoba1""
""osoba1""		871.80005	871800	881.4	881400	10.599976	10599	""osoba1""
""osoba2""		873.00006	873000	873.00006	873000	1.0	1000	""osoba2""
""osoba1""		873.30005	873300	881.4	881400	9.099976	9099	""osoba1""
""osoba1""		873.9	873900	881.4	881400	8.5	8500	""osoba1""
""osoba1""		876.00006	876000	881.4	881400	6.3999634	6399	""osoba1""
""osoba3""		876.9	876900	876.9	876900	1.0	1000	""osoba3""
""osoba3""		881.10004	881100	891.00006	891000	10.900024	10900	""osoba3""
""osoba2""		885.60004	885600	886.50006	886500	1.9000244	1900	""osoba2""
""osoba3""		888.60004	888600	891.00006	891000	3.4000244	3400	""osoba3""
""osoba3""		889.80005	889800	891.00006	891000	2.2000122	2200	""osoba3""
""osoba3""		890.4	890400	891.00006	891000	1.6000366	1600	""osoba3""
""osoba3""		891.00006	891000	891.00006	891000	1.0	1000	""osoba3""
""osoba1""		891.30005	891300	900.30005	900300	10.0	10000	""osoba1""
""osoba1""		893.4	893400	900.30005	900300	7.9000244	7900	""osoba1""
""osoba4""		894.60004	894600	906.60004	906600	13.0	13000	""osoba4""
""osoba1""		895.80005	895800	900.30005	900300	5.5	5500	""osoba1""
""osoba4""		896.7	896700	906.60004	906600	10.900024	10900	""osoba4""
""osoba1""		897.60004	897600	900.30005	900300	3.7000122	3700	""osoba1""
""osoba3""		897.60004	897600	899.10004	899100	2.5	2500	""osoba3""
""osoba4""		898.2	898200	906.60004	906600	9.400024	9400	""osoba4""
""osoba4""		902.7	902700	906.60004	906600	4.9000244	4900	""osoba4""
""osoba2""		906.30005	906300	911.7	911700	6.3999634	6399	""osoba2""
""osoba2""		907.2	907200	911.7	911700	5.5	5500	""osoba2""
""osoba2""		907.80005	907800	911.7	911700	4.8999634	4899	""osoba2""
""osoba3""		909.60004	909600	909.9	909900	1.2999878	1299	""osoba3""
""osoba4""		910.50006	910500	915.00006	915000	5.5	5500	""osoba4""
""osoba4""		911.7	911700	915.00006	915000	4.300049	4300	""osoba4""
""osoba4""		912.60004	912600	915.00006	915000	3.4000244	3400	""osoba4""
""osoba3""		912.9	912900	915.00006	915000	3.1000366	3100	""osoba3""
""osoba1""		913.80005	913800	915.9	915900	3.0999756	3099	""osoba1""
""osoba4""		914.10004	914100	915.00006	915000	1.9000244	1900	""osoba4""
""osoba3""		915.00006	915000	915.00006	915000	1.0	1000	""osoba3""
""osoba1""		915.30005	915300	915.9	915900	1.5999756	1599	""osoba1""
""osoba2""		915.30005	915300	928.50006	928500	14.200012	14200	""osoba2""
""osoba2""		916.80005	916800	928.50006	928500	12.700012	12700	""osoba2""
""osoba2""		921.00006	921000	928.50006	928500	8.5	8500	""osoba2""
""osoba3""		926.7	926700	928.80005	928800	3.1000366	3100	""osoba3""
""osoba1""		927.00006	927000	927.30005	927300	1.2999878	1299	""osoba1""
""osoba1""		929.4	929400	939.30005	939300	10.900024	10900	""osoba1""
""osoba1""		930.30005	930300	939.30005	939300	10.0	10000	""osoba1""
""osoba2""		931.50006	931500	932.10004	932100	1.5999756	1599	""osoba2""
""osoba1""		933.00006	933000	939.30005	939300	7.299988	7299	""osoba1""
""osoba1""		934.50006	934500	939.30005	939300	5.799988	5799	""osoba1""
""osoba2""		936.00006	936000	936.00006	936000	1.0	1000	""osoba2""
""osoba1""		937.50006	937500	939.30005	939300	2.7999878	2799	""osoba1""
""osoba4""		938.10004	938100	951.30005	951300	14.200012	14200	""osoba4""
""osoba1""		939.30005	939300	939.30005	939300	1.0	1000	""osoba1""
""osoba4""		939.30005	939300	951.30005	951300	13.0	13000	""osoba4""
""osoba4""		940.80005	940800	951.30005	951300	11.5	11500	""osoba4""
""osoba4""		942.60004	942600	951.30005	951300	9.700012	9700	""osoba4""
""osoba3""		942.9	942900	943.50006	943500	1.6000366	1600	""osoba3""
""osoba4""		948.60004	948600	951.30005	951300	3.7000122	3700	""osoba4""
""osoba4""		949.50006	949500	951.30005	951300	2.7999878	2799	""osoba4""
""osoba4""		950.4	950400	951.30005	951300	1.9000244	1900	""osoba4""
""osoba2""		950.7	950700	951.00006	951000	1.3000488	1300	""osoba2""
""osoba4""		953.4	953400	959.10004	959100	6.700012	6700	""osoba4""
""osoba4""		955.80005	955800	959.10004	959100	4.299988	4299	""osoba4""
""osoba4""		958.80005	958800	959.10004	959100	1.2999878	1299	""osoba4""
""osoba3""		960.00006	960000	978.60004	978600	19.599976	19599	""osoba3""
""osoba1""		960.30005	960300	962.10004	962100	2.7999878	2799	""osoba1""
""osoba1""		964.50006	964500	969.00006	969000	5.5	5500	""osoba1""
""osoba3""		969.9	969900	978.60004	978600	9.700012	9700	""osoba3""
""osoba2""		970.2	970200	970.50006	970500	1.3000488	1300	""osoba2""
""osoba3""		971.7	971700	978.60004	978600	7.9000244	7900	""osoba3""
""osoba3""		972.30005	972300	978.60004	978600	7.299988	7299	""osoba3""
""osoba2""		972.9	972900	972.9	972900	1.0	1000	""osoba2""
""osoba3""		973.50006	973500	978.60004	978600	6.0999756	6099	""osoba3""
""osoba3""		974.7	974700	978.60004	978600	4.9000244	4900	""osoba3""
""osoba3""		975.30005	975300	978.60004	978600	4.299988	4299	""osoba3""
""osoba3""		976.2	976200	978.60004	978600	3.4000244	3400	""osoba3""
""osoba2""		977.4	977400	989.4	989400	13.0	13000	""osoba2""
""osoba3""		977.4	977400	978.60004	978600	2.2000122	2200	""osoba3""
""osoba4""		978.30005	978300	978.30005	978300	1.0	1000	""osoba4""
""osoba2""		980.7	980700	989.4	989400	9.700012	9700	""osoba2""
""osoba2""		982.2	982200	989.4	989400	8.200012	8200	""osoba2""
""osoba4""		982.2	982200	985.50006	985500	4.300049	4300	""osoba4""
""osoba4""		984.60004	984600	985.50006	985500	1.9000244	1900	""osoba4""
""osoba2""		988.2	988200	989.4	989400	2.2000122	2200	""osoba2""
""osoba4""		988.80005	988800	995.4	995400	7.5999756	7599	""osoba4""
""osoba2""		989.4	989400	989.4	989400	1.0	1000	""osoba2""
""osoba3""		989.4	989400	989.4	989400	1.0	1000	""osoba3""
""osoba4""		990.60004	990600	995.4	995400	5.799988	5799	""osoba4""
""osoba1""		991.50006	991500	992.7	992700	2.1999512	2199	""osoba1""
""osoba4""		994.50006	994500	995.4	995400	1.8999634	1899	""osoba4""
""osoba2""		994.80005	994800	1014.00006	1014000	20.200012	20200	""osoba2""
""osoba3""		995.7	995700	996.60004	996600	1.9000244	1900	""osoba3""
""osoba2""		997.80005	997800	1014.00006	1014000	17.200012	17200	""osoba2""
""osoba2""		999.9	999900	1014.00006	1014000	15.100037	15100	""osoba2""
""osoba2""		1000.80005	1000800	1014.00006	1014000	14.200012	14200	""osoba2""
""osoba2""		1003.80005	1003800	1014.00006	1014000	11.200012	11200	""osoba2""
""osoba2""		1004.4	1004400	1014.00006	1014000	10.600037	10600	""osoba2""
""osoba2""		1005.00006	1005000	1014.00006	1014000	10.0	10000	""osoba2""
""osoba2""		1006.2	1006200	1014.00006	1014000	8.800049	8800	""osoba2""
""osoba2""		1011.9	1011900	1014.00006	1014000	3.1000366	3100	""osoba2""
""osoba2""		1012.50006	1012500	1014.00006	1014000	2.5	2500	""osoba2""
""osoba3""		1012.50006	1012500	1018.50006	1018500	7.0	7000	""osoba3""
""osoba3""		1018.2	1018200	1018.50006	1018500	1.3000488	1300	""osoba3""
""osoba4""		1018.50006	1018500	1039.2001	1039200	21.700012	21700	""osoba4""
""osoba4""		1020.00006	1020000	1039.2001	1039200	20.200012	20200	""osoba4""
""osoba4""		1023.30005	1023300	1039.2001	1039200	16.900024	16900	""osoba4""
""osoba4""		1023.9	1023900	1039.2001	1039200	16.300049	16300	""osoba4""
""osoba4""		1026.6001	1026600	1039.2001	1039200	13.599976	13599	""osoba4""
""osoba3""		1029.3	1029300	1030.5	1030500	2.1999512	2199	""osoba3""
""osoba4""		1031.7001	1031700	1039.2001	1039200	8.5	8500	""osoba4""
""osoba4""		1032.3	1032300	1039.2001	1039200	7.9000244	7900	""osoba4""
""osoba4""		1033.8	1033800	1039.2001	1039200	6.4000244	6400	""osoba4""
""osoba4""		1034.7001	1034700	1039.2001	1039200	5.5	5500	""osoba4""
""osoba4""		1035.9	1035900	1039.2001	1039200	4.300049	4300	""osoba4""
""osoba1""		1036.8	1036800	1037.7001	1037700	1.9000244	1900	""osoba1""
""osoba3""		1037.4	1037400	1052.7001	1052700	16.300049	16300	""osoba3""
""osoba1""		1040.4	1040400	1041.6001	1041600	2.2000732	2200	""osoba1""
""osoba3""		1043.4	1043400	1052.7001	1052700	10.300049	10300	""osoba3""
""osoba3""		1044.9	1044900	1052.7001	1052700	8.800049	8800	""osoba3""
""osoba2""		1046.1001	1046100	1047.3	1047300	2.1999512	2199	""osoba2""
""osoba3""		1049.4	1049400	1052.7001	1052700	4.300049	4300	""osoba3""
""osoba3""		1050.6001	1050600	1052.7001	1052700	3.0999756	3099	""osoba3""
""osoba1""		1051.5	1051500	1058.4	1058400	7.9000244	7900	""osoba1""
""osoba3""		1051.5	1051500	1052.7001	1052700	2.2000732	2200	""osoba3""
""osoba1""		1054.2001	1054200	1058.4	1058400	5.199951	5199	""osoba1""
""osoba1""		1054.8	1054800	1058.4	1058400	4.5999756	4599	""osoba1""
""osoba4""		1055.7001	1055700	1059.6001	1059600	4.9000244	4900	""osoba4""
""osoba4""		1059.0	1059000	1059.6001	1059600	1.6000977	1600	""osoba4""
""osoba2""		1059.6001	1059600	1065.6001	1065600	7.0	7000	""osoba2""
""osoba4""		1059.6001	1059600	1059.6001	1059600	1.0	1000	""osoba4""
""osoba2""		1060.8	1060800	1065.6001	1065600	5.800049	5800	""osoba2""
""osoba3""		1062.9	1062900	1063.5	1063500	1.5999756	1599	""osoba3""
""osoba1""		1064.4	1064400	1074.9	1074900	11.5	11500	""osoba1""
""osoba1""		1065.3	1065300	1074.9	1074900	10.599976	10599	""osoba1""
""osoba1""		1068.0	1068000	1074.9	1074900	7.9000244	7900	""osoba1""
""osoba1""		1069.2001	1069200	1074.9	1074900	6.699951	6699	""osoba1""
""osoba2""		1069.2001	1069200	1071.6001	1071600	3.4000244	3400	""osoba2""
""osoba4""		1069.8	1069800	1069.8	1069800	1.0	1000	""osoba4""
""osoba3""		1072.5	1072500	1074.0	1074000	2.5	2500	""osoba3""
""osoba1""		1072.8	1072800	1074.9	1074900	3.0999756	3099	""osoba1""
""osoba3""		1073.7001	1073700	1074.0	1074000	1.2999268	1299	""osoba3""
""osoba4""		1074.0	1074000	1087.8	1087800	14.800049	14800	""osoba4""
""osoba2""		1075.5	1075500	1077.0	1077000	2.5	2500	""osoba2""
""osoba4""		1076.7001	1076700	1087.8	1087800	12.099976	12099	""osoba4""
""osoba3""		1077.9	1077900	1077.9	1077900	1.0	1000	""osoba3""
""osoba4""		1077.9	1077900	1087.8	1087800	10.900024	10900	""osoba4""
""osoba4""		1079.4	1079400	1087.8	1087800	9.400024	9400	""osoba4""
""osoba2""		1079.7001	1079700	1079.7001	1079700	1.0	1000	""osoba2""
""osoba4""		1080.6001	1080600	1087.8	1087800	8.199951	8199	""osoba4""
""osoba3""		1081.5	1081500	1081.5	1081500	1.0	1000	""osoba3""
""osoba1""		1082.4	1082400	1082.4	1082400	1.0	1000	""osoba1""
""osoba4""		1083.9	1083900	1087.8	1087800	4.9000244	4900	""osoba4""
""osoba1""		1086.3	1086300	1090.2001	1090200	4.9000244	4900	""osoba1""
""osoba1""		1087.2001	1087200	1090.2001	1090200	4.0	4000	""osoba1""
""osoba4""		1087.5	1087500	1087.8	1087800	1.3000488	1300	""osoba4""
""osoba2""		1088.7001	1088700	1088.7001	1088700	1.0	1000	""osoba2""
""osoba1""		1089.6001	1089600	1090.2001	1090200	1.5999756	1599	""osoba1""
""osoba3""		1090.5	1090500	1092.3	1092300	2.8000488	2800	""osoba3""
""osoba4""		1091.1001	1091100	1094.1001	1094100	4.0	4000	""osoba4""
""osoba4""		1093.8	1093800	1094.1001	1094100	1.3000488	1300	""osoba4""
""osoba3""		1094.4	1094400	1096.2001	1096200	2.8000488	2800	""osoba3""
""osoba3""		1095.3	1095300	1096.2001	1096200	1.9000244	1900	""osoba3""
""osoba1""		1096.2001	1096200	1116.0	1116000	20.799927	20799	""osoba1""
""osoba1""		1101.0	1101000	1116.0	1116000	16.0	16000	""osoba1""
""osoba1""		1101.6001	1101600	1116.0	1116000	15.399902	15399	""osoba1""
""osoba4""		1103.7001	1103700	1104.0	1104000	1.2999268	1299	""osoba4""
""osoba1""		1105.2001	1105200	1116.0	1116000	11.799927	11799	""osoba1""
""osoba1""		1107.6001	1107600	1116.0	1116000	9.399902	9399	""osoba1""
""osoba1""		1108.2001	1108200	1116.0	1116000	8.799927	8799	""osoba1""
""osoba1""		1109.7001	1109700	1116.0	1116000	7.2999268	7299	""osoba1""
""osoba3""		1110.3	1110300	1111.5	1111500	2.1999512	2199	""osoba3""
""osoba1""		1113.3	1113300	1116.0	1116000	3.6999512	3699	""osoba1""
""osoba2""		1116.0	1116000	1125.9	1125900	10.900024	10900	""osoba2""
""osoba2""		1118.7001	1118700	1125.9	1125900	8.199951	8199	""osoba2""
""osoba2""		1119.3	1119300	1125.9	1125900	7.5999756	7599	""osoba2""
""osoba2""		1122.6001	1122600	1125.9	1125900	4.2999268	4299	""osoba2""
""osoba2""		1124.7001	1124700	1125.9	1125900	2.1999512	2199	""osoba2""
""osoba3""		1125.6001	1125600	1130.4	1130400	5.7999268	5799	""osoba3""
""osoba3""		1126.5	1126500	1130.4	1130400	4.9000244	4900	""osoba3""
""osoba1""		1126.8	1126800	1127.4	1127400	1.5999756	1599	""osoba1""
""osoba3""		1129.8	1129800	1130.4	1130400	1.5999756	1599	""osoba3""
""osoba2""		1131.3	1131300	1149.3	1149300	19.0	19000	""osoba2""
""osoba2""		1133.4	1133400	1149.3	1149300	16.900024	16900	""osoba2""
""osoba1""		1134.9	1134900	1135.2001	1135200	1.3000488	1300	""osoba1""
""osoba4""		1134.9	1134900	1136.4	1136400	2.5	2500	""osoba4""
""osoba3""		1137.6001	1137600	1137.9	1137900	1.2999268	1299	""osoba3""
""osoba4""		1140.6001	1140600	1141.5	1141500	1.8999023	1899	""osoba4""
""osoba2""		1143.0	1143000	1149.3	1149300	7.300049	7300	""osoba2""
""osoba2""		1143.6001	1143600	1149.3	1149300	6.699951	6699	""osoba2""
""osoba2""		1144.2001	1144200	1149.3	1149300	6.0999756	6099	""osoba2""
""osoba2""		1144.8	1144800	1149.3	1149300	5.5	5500	""osoba2""
""osoba2""		1146.6001	1146600	1149.3	1149300	3.6999512	3699	""osoba2""
""osoba3""		1148.4	1148400	1149.3	1149300	1.9000244	1900	""osoba3""
""osoba4""		1149.6001	1149600	1155.9	1155900	7.2999268	7299	""osoba4""
""osoba4""		1150.8	1150800	1155.9	1155900	6.0999756	6099	""osoba4""
""osoba4""		1151.4	1151400	1155.9	1155900	5.5	5500	""osoba4""
""osoba4""		1153.8	1153800	1155.9	1155900	3.0999756	3099	""osoba4""
""osoba4""		1154.4	1154400	1155.9	1155900	2.5	2500	""osoba4""
""osoba4""		1155.0	1155000	1155.9	1155900	1.9000244	1900	""osoba4""
""osoba1""		1155.9	1155900	1156.8	1156800	1.9000244	1900	""osoba1""
""osoba2""		1156.5	1156500	1159.2001	1159200	3.7000732	3700	""osoba2""
""osoba2""		1158.3	1158300	1159.2001	1159200	1.9000244	1900	""osoba2""
""osoba2""		1159.2001	1159200	1159.2001	1159200	1.0	1000	""osoba2""
""osoba3""		1159.2001	1159200	1172.7001	1172700	14.5	14500	""osoba3""
""osoba3""		1163.7001	1163700	1172.7001	1172700	10.0	10000	""osoba3""
""osoba4""		1164.3	1164300	1165.2001	1165200	1.9000244	1900	""osoba4""
""osoba3""		1166.7001	1166700	1172.7001	1172700	7.0	7000	""osoba3""
""osoba3""		1167.9	1167900	1172.7001	1172700	5.800049	5800	""osoba3""
""osoba3""		1170.3	1170300	1172.7001	1172700	3.4000244	3400	""osoba3""
""osoba3""		1171.5	1171500	1172.7001	1172700	2.2000732	2200	""osoba3""
""osoba3""		1172.1001	1172100	1172.7001	1172700	1.5999756	1599	""osoba3""
""osoba3""		1172.7001	1172700	1172.7001	1172700	1.0	1000	""osoba3""
""osoba2""		1173.6001	1173600	1174.2001	1174200	1.5999756	1599	""osoba2""
""osoba4""		1173.6001	1173600	1176.9	1176900	4.2999268	4299	""osoba4""
""osoba4""		1175.7001	1175700	1176.9	1176900	2.1999512	2199	""osoba4""
""osoba3""		1176.0	1176000	1179.0	1179000	4.0	4000	""osoba3""
""osoba4""		1176.3	1176300	1176.9	1176900	1.5999756	1599	""osoba4""
""osoba3""		1178.4	1178400	1179.0	1179000	1.5999756	1599	""osoba3""
""osoba2""		1179.0	1179000	1184.7001	1184700	6.7000732	6700	""osoba2""
""osoba1""		1179.6001	1179600	1181.4	1181400	2.7999268	2799	""osoba1""
""osoba2""		1182.6001	1182600	1184.7001	1184700	3.0999756	3099	""osoba2""
""osoba3""		1183.5	1183500	1239.0	1239000	56.5	56500	""osoba3""
""osoba3""		1188.9	1188900	1239.0	1239000	51.099976	51099	""osoba3""
""osoba3""		1189.8	1189800	1239.0	1239000	50.19995	50199	""osoba3""
""osoba3""		1190.7001	1190700	1239.0	1239000	49.299927	49299	""osoba3""
""osoba3""		1192.2001	1192200	1239.0	1239000	47.799927	47799	""osoba3""
""osoba3""		1193.4	1193400	1239.0	1239000	46.599976	46599	""osoba3""
""osoba1""		1193.7001	1193700	1193.7001	1193700	1.0	1000	""osoba1""
""osoba4""		1194.0	1194000	1199.1001	1199100	6.1000977	6100	""osoba4""
""osoba3""		1194.3	1194300	1239.0	1239000	45.69995	45699	""osoba3""
""osoba2""		1196.7001	1196700	1199.7001	1199700	4.0	4000	""osoba2""
""osoba3""		1201.5	1201500	1239.0	1239000	38.5	38500	""osoba3""
""osoba3""		1202.1001	1202100	1239.0	1239000	37.899902	37899	""osoba3""
""osoba2""		1204.8	1204800	1204.8	1204800	1.0	1000	""osoba2""
""osoba3""		1204.8	1204800	1239.0	1239000	35.19995	35199	""osoba3""
""osoba3""		1206.0	1206000	1239.0	1239000	34.0	34000	""osoba3""
""osoba3""		1208.1001	1208100	1239.0	1239000	31.899902	31899	""osoba3""
""osoba3""		1210.2001	1210200	1239.0	1239000	29.799927	29799	""osoba3""
""osoba3""		1210.8	1210800	1239.0	1239000	29.199951	29199	""osoba3""
""osoba3""		1211.4	1211400	1239.0	1239000	28.599976	28599	""osoba3""
""osoba2""		1212.3	1212300	1213.2001	1213200	1.9000244	1900	""osoba2""
""osoba3""		1213.5	1213500	1239.0	1239000	26.5	26500	""osoba3""
""osoba3""		1214.7001	1214700	1239.0	1239000	25.299927	25299	""osoba3""
""osoba4""		1214.7001	1214700	1217.1001	1217100	3.4000244	3400	""osoba4""
""osoba1""		1215.9	1215900	1215.9	1215900	1.0	1000	""osoba1""
""osoba3""		1215.9	1215900	1239.0	1239000	24.099976	24099	""osoba3""
""osoba3""		1218.3	1218300	1239.0	1239000	21.699951	21699	""osoba3""
""osoba3""		1219.5	1219500	1239.0	1239000	20.5	20500	""osoba3""
""osoba3""		1221.0	1221000	1239.0	1239000	19.0	19000	""osoba3""
""osoba3""		1221.9	1221900	1239.0	1239000	18.099976	18099	""osoba3""
""osoba3""		1222.8	1222800	1239.0	1239000	17.199951	17199	""osoba3""
""osoba3""		1224.0	1224000	1239.0	1239000	16.0	16000	""osoba3""
""osoba3""		1225.8	1225800	1239.0	1239000	14.199951	14199	""osoba3""
""osoba3""		1228.2001	1228200	1239.0	1239000	11.799927	11799	""osoba3""
""osoba3""		1228.8	1228800	1239.0	1239000	11.199951	11199	""osoba3""
""osoba1""		1229.4	1229400	1229.7001	1229700	1.3000488	1300	""osoba1""
""osoba3""		1229.7001	1229700	1239.0	1239000	10.299927	10299	""osoba3""
""osoba3""		1231.5	1231500	1239.0	1239000	8.5	8500	""osoba3""
""osoba3""		1233.0	1233000	1239.0	1239000	7.0	7000	""osoba3""
""osoba1""		1236.0	1236000	1246.5	1246500	11.5	11500	""osoba1""
""osoba1""		1236.6001	1236600	1246.5	1246500	10.899902	10899	""osoba1""
""osoba3""		1236.9	1236900	1239.0	1239000	3.0999756	3099	""osoba3""
""osoba1""		1238.4	1238400	1246.5	1246500	9.099976	9099	""osoba1""
""osoba3""		1238.7001	1238700	1239.0	1239000	1.2999268	1299	""osoba3""
""osoba1""		1239.9	1239900	1246.5	1246500	7.5999756	7599	""osoba1""
""osoba1""		1242.0	1242000	1246.5	1246500	5.5	5500	""osoba1""
""osoba1""		1242.6001	1242600	1246.5	1246500	4.8999023	4899	""osoba1""
""osoba1""		1243.2001	1243200	1246.5	1246500	4.2999268	4299	""osoba1""
""osoba1""		1243.8	1243800	1246.5	1246500	3.6999512	3699	""osoba1""
""osoba2""		1245.0	1245000	1246.2001	1246200	2.2000732	2200	""osoba2""
""osoba3""		1246.8	1246800	1253.7001	1253700	7.9000244	7900	""osoba3""
""osoba3""		1247.7001	1247700	1253.7001	1253700	7.0	7000	""osoba3""
""osoba3""		1252.2001	1252200	1253.7001	1253700	2.5	2500	""osoba3""
""osoba2""		1253.4	1253400	1261.5	1261500	9.099976	9099	""osoba2""
""osoba1""		1255.2001	1255200	1256.7001	1256700	2.5	2500	""osoba1""
""osoba1""		1256.7001	1256700	1256.7001	1256700	1.0	1000	""osoba1""
""osoba2""		1256.7001	1256700	1261.5	1261500	5.7999268	5799	""osoba2""
""osoba2""		1257.9	1257900	1261.5	1261500	4.5999756	4599	""osoba2""
""osoba2""		1258.5	1258500	1261.5	1261500	4.0	4000	""osoba2""
""osoba3""		1258.5	1258500	1281.0	1281000	23.5	23500	""osoba3""
""osoba3""		1261.2001	1261200	1281.0	1281000	20.799927	20799	""osoba3""
""osoba4""		1263.9	1263900	1264.5	1264500	1.5999756	1599	""osoba4""
""osoba3""		1268.1001	1268100	1281.0	1281000	13.899902	13899	""osoba3""
""osoba3""		1269.3	1269300	1281.0	1281000	12.699951	12699	""osoba3""
""osoba1""		1270.5	1270500	1276.5	1276500	7.0	7000	""osoba1""
""osoba2""		1270.5	1270500	1272.9	1272900	3.4000244	3400	""osoba2""
""osoba3""		1272.9	1272900	1281.0	1281000	9.099976	9099	""osoba3""
""osoba1""		1273.2001	1273200	1276.5	1276500	4.2999268	4299	""osoba1""
""osoba3""		1277.4	1277400	1281.0	1281000	4.5999756	4599	""osoba3""
""osoba3""		1278.3	1278300	1281.0	1281000	3.6999512	3699	""osoba3""
""osoba3""		1279.8	1279800	1281.0	1281000	2.1999512	2199	""osoba3""
""osoba2""		1280.1001	1280100	1283.7001	1283700	4.5999756	4599	""osoba2""
""osoba2""		1281.9	1281900	1283.7001	1283700	2.8000488	2800	""osoba2""
""osoba2""		1282.5	1282500	1283.7001	1283700	2.2000732	2200	""osoba2""
""osoba2""		1283.7001	1283700	1283.7001	1283700	1.0	1000	""osoba2""
""osoba3""		1284.0	1284000	1293.9	1293900	10.900024	10900	""osoba3""
""osoba3""		1285.8	1285800	1293.9	1293900	9.099976	9099	""osoba3""
""osoba3""		1287.6001	1287600	1293.9	1293900	7.2999268	7299	""osoba3""
""osoba3""		1289.4	1289400	1293.9	1293900	5.5	5500	""osoba3""
""osoba3""		1291.5	1291500	1293.9	1293900	3.4000244	3400	""osoba3""
""osoba2""		1292.4	1292400	1297.5	1297500	6.0999756	6099	""osoba2""
""osoba2""		1294.8	1294800	1297.5	1297500	3.6999512	3699	""osoba2""
""osoba4""		1297.2001	1297200	1299.0	1299000	2.7999268	2799	""osoba4""
""osoba1""		1298.1001	1298100	1304.1001	1304100	7.0	7000	""osoba1""
""osoba1""		1301.7001	1301700	1304.1001	1304100	3.4000244	3400	""osoba1""
""osoba1""		1303.8	1303800	1304.1001	1304100	1.3000488	1300	""osoba1""
""osoba3""		1304.1001	1304100	1313.4	1313400	10.299927	10299	""osoba3""
""osoba3""		1305.3	1305300	1313.4	1313400	9.099976	9099	""osoba3""
""osoba3""		1308.0	1308000	1313.4	1313400	6.4000244	6400	""osoba3""
""osoba3""		1309.2001	1309200	1313.4	1313400	5.199951	5199	""osoba3""
""osoba3""		1310.4	1310400	1313.4	1313400	4.0	4000	""osoba3""
""osoba2""		1311.6001	1311600	1317.6001	1317600	7.0	7000	""osoba2""
""osoba3""		1311.6001	1311600	1313.4	1313400	2.7999268	2799	""osoba3""
""osoba2""		1314.6001	1314600	1317.6001	1317600	4.0	4000	""osoba2""
""osoba2""		1316.1001	1316100	1317.6001	1317600	2.5	2500	""osoba2""
""osoba4""		1318.5	1318500	1321.5	1321500	4.0	4000	""osoba4""
""osoba3""		1319.7001	1319700	1320.3	1320300	1.5999756	1599	""osoba3""
""osoba4""		1319.7001	1319700	1321.5	1321500	2.7999268	2799	""osoba4""
""osoba2""		1321.8	1321800	1327.2001	1327200	6.4000244	6400	""osoba2""
""osoba2""		1323.0	1323000	1327.2001	1327200	5.2000732	5200	""osoba2""
""osoba2""		1323.6001	1323600	1327.2001	1327200	4.5999756	4599	""osoba2""
""osoba2""		1324.8	1324800	1327.2001	1327200	3.4000244	3400	""osoba2""
""osoba1""		1327.8	1327800	1336.8	1336800	10.0	10000	""osoba1""
""osoba1""		1329.9	1329900	1336.8	1336800	7.9000244	7900	""osoba1""
""osoba1""		1333.8	1333800	1336.8	1336800	4.0	4000	""osoba1""
""osoba1""		1334.7001	1334700	1336.8	1336800	3.0999756	3099	""osoba1""
""osoba2""		1334.7001	1334700	1349.4	1349400	15.699951	15699	""osoba2""
""osoba2""		1336.5	1336500	1349.4	1349400	13.900024	13900	""osoba2""
""osoba2""		1338.0	1338000	1349.4	1349400	12.400024	12400	""osoba2""
""osoba3""		1338.3	1338300	1340.4	1340400	3.0999756	3099	""osoba3""
""osoba2""		1342.2001	1342200	1349.4	1349400	8.199951	8199	""osoba2""
""osoba2""		1342.8	1342800	1349.4	1349400	7.5999756	7599	""osoba2""
""osoba3""		1344.0	1344000	1344.0	1344000	1.0	1000	""osoba3""
""osoba2""		1344.9	1344900	1349.4	1349400	5.5	5500	""osoba2""
""osoba2""		1345.8	1345800	1349.4	1349400	4.5999756	4599	""osoba2""
""osoba2""		1348.2001	1348200	1349.4	1349400	2.1999512	2199	""osoba2""
""osoba1""		1348.5	1348500	1373.4	1373400	25.900024	25900	""osoba1""
""osoba2""		1349.1001	1349100	1349.4	1349400	1.2999268	1299	""osoba2""
""osoba1""		1353.3	1353300	1373.4	1373400	21.099976	21099	""osoba1""
""osoba2""		1353.3	1353300	1353.3	1353300	1.0	1000	""osoba2""
""osoba1""		1353.9	1353900	1373.4	1373400	20.5	20500	""osoba1""
""osoba1""		1354.5	1354500	1373.4	1373400	19.900024	19900	""osoba1""
""osoba1""		1355.1001	1355100	1373.4	1373400	19.299927	19299	""osoba1""
""osoba2""		1356.0	1356000	1356.3	1356300	1.3000488	1300	""osoba2""
""osoba1""		1359.9	1359900	1373.4	1373400	14.5	14500	""osoba1""
""osoba1""		1361.7001	1361700	1373.4	1373400	12.699951	12699	""osoba1""
""osoba1""		1363.2001	1363200	1373.4	1373400	11.199951	11199	""osoba1""
""osoba1""		1366.8	1366800	1373.4	1373400	7.5999756	7599	""osoba1""
""osoba1""		1368.9	1368900	1373.4	1373400	5.5	5500	""osoba1""
""osoba1""		1371.0	1371000	1373.4	1373400	3.4000244	3400	""osoba1""
""osoba2""		1372.2001	1372200	1381.2001	1381200	10.0	10000	""osoba2""
""osoba4""		1374.3	1374300	1374.9	1374900	1.5999756	1599	""osoba4""
""osoba2""		1374.6001	1374600	1381.2001	1381200	7.5999756	7599	""osoba2""
""osoba2""		1375.8	1375800	1381.2001	1381200	6.4000244	6400	""osoba2""
""osoba2""		1378.2001	1378200	1381.2001	1381200	4.0	4000	""osoba2""
""osoba2""		1378.8	1378800	1381.2001	1381200	3.4000244	3400	""osoba2""
""osoba2""		1380.9	1380900	1381.2001	1381200	1.3000488	1300	""osoba2""
""osoba4""		1380.9	1380900	1385.4	1385400	5.5	5500	""osoba4""
""osoba4""		1382.1001	1382100	1385.4	1385400	4.2999268	4299	""osoba4""
""osoba4""		1383.3	1383300	1385.4	1385400	3.0999756	3099	""osoba4""
""osoba4""		1385.1001	1385100	1385.4	1385400	1.2999268	1299	""osoba4""
""osoba2""		1385.4	1385400	1397.1001	1397100	12.700073	12700	""osoba2""
""osoba2""		1386.6001	1386600	1397.1001	1397100	11.5	11500	""osoba2""
""osoba4""		1387.8	1387800	1388.1001	1388100	1.3000488	1300	""osoba4""
""osoba2""		1389.9	1389900	1397.1001	1397100	8.200073	8200	""osoba2""
""osoba4""		1391.1001	1391100	1391.1001	1391100	1.0	1000	""osoba4""
""osoba2""		1392.0	1392000	1397.1001	1397100	6.1000977	6100	""osoba2""
""osoba4""		1394.7001	1394700	1394.7001	1394700	1.0	1000	""osoba4""
""osoba2""		1395.3	1395300	1397.1001	1397100	2.8000488	2800	""osoba2""
""osoba1""		1396.5	1396500	1430.7001	1430700	35.200073	35200	""osoba1""
""osoba4""		1397.7001	1397700	1401.3	1401300	4.5999756	4599	""osoba4""
""osoba1""		1399.2001	1399200	1430.7001	1430700	32.5	32500	""osoba1""
""osoba4""		1400.1001	1400100	1401.3	1401300	2.1999512	2199	""osoba4""
""osoba1""		1402.8	1402800	1430.7001	1430700	28.900024	28900	""osoba1""
""osoba1""		1403.4	1403400	1430.7001	1430700	28.300049	28300	""osoba1""
""osoba2""		1403.7001	1403700	1404.6001	1404600	1.9000244	1900	""osoba2""
""osoba1""		1405.8	1405800	1430.7001	1430700	25.900024	25900	""osoba1""
""osoba3""		1407.6001	1407600	1407.9	1407900	1.2999268	1299	""osoba3""
""osoba1""		1410.3	1410300	1430.7001	1430700	21.400024	21400	""osoba1""
""osoba1""		1411.8	1411800	1430.7001	1430700	19.900024	19900	""osoba1""
""osoba1""		1413.6001	1413600	1430.7001	1430700	18.099976	18099	""osoba1""
""osoba3""		1414.5	1414500	1416.3	1416300	2.8000488	2800	""osoba3""
""osoba2""		1415.4	1415400	1418.1001	1418100	3.7000732	3700	""osoba2""
""osoba1""		1416.6001	1416600	1430.7001	1430700	15.099976	15099	""osoba1""
""osoba1""		1425.9	1425900	1430.7001	1430700	5.800049	5800	""osoba1""
""osoba1""		1426.8	1426800	1430.7001	1430700	4.9000244	4900	""osoba1""
""osoba2""		1427.4	1427400	1428.0	1428000	1.5999756	1599	""osoba2""
""osoba1""		1429.8	1429800	1430.7001	1430700	1.9000244	1900	""osoba1""
""osoba2""		1430.7001	1430700	1442.4	1442400	12.699951	12699	""osoba2""
""osoba2""		1432.2001	1432200	1442.4	1442400	11.199951	11199	""osoba2""
""osoba3""		1432.5	1432500	1434.0	1434000	2.5	2500	""osoba3""
""osoba4""		1433.4	1433400	1433.7001	1433700	1.3000488	1300	""osoba4""
""osoba2""		1436.1001	1436100	1442.4	1442400	7.2999268	7299	""osoba2""
""osoba2""		1437.9	1437900	1442.4	1442400	5.5	5500	""osoba2""
""osoba2""		1438.8	1438800	1442.4	1442400	4.5999756	4599	""osoba2""
""osoba1""		1440.3	1440300	1440.6001	1440600	1.3000488	1300	""osoba1""
""osoba3""		1440.9	1440900	1454.4	1454400	14.5	14500	""osoba3""
""osoba3""		1444.5	1444500	1454.4	1454400	10.900024	10900	""osoba3""
""osoba3""		1445.1001	1445100	1454.4	1454400	10.299927	10299	""osoba3""
""osoba3""		1446.0	1446000	1454.4	1454400	9.400024	9400	""osoba3""
""osoba3""		1448.7001	1448700	1454.4	1454400	6.699951	6699	""osoba3""
""osoba2""		1451.1001	1451100	1451.1001	1451100	1.0	1000	""osoba2""
""osoba3""		1452.3	1452300	1454.4	1454400	3.0999756	3099	""osoba3""
""osoba2""		1454.7001	1454700	1463.1001	1463100	9.400024	9400	""osoba2""
""osoba2""		1455.6001	1455600	1463.1001	1463100	8.5	8500	""osoba2""
""osoba1""		1457.1001	1457100	1457.7001	1457700	1.5999756	1599	""osoba1""
""osoba2""		1458.9	1458900	1463.1001	1463100	5.2000732	5200	""osoba2""
""osoba2""		1461.6001	1461600	1463.1001	1463100	2.5	2500	""osoba2""
""osoba1""		1462.2001	1462200	1473.9	1473900	12.699951	12699	""osoba1""
""osoba2""		1462.2001	1462200	1463.1001	1463100	1.9000244	1900	""osoba2""
""osoba3""		1462.8	1462800	1464.9	1464900	3.0999756	3099	""osoba3""
""osoba1""		1464.3	1464300	1473.9	1473900	10.599976	10599	""osoba1""
""osoba3""		1464.6001	1464600	1464.9	1464900	1.2999268	1299	""osoba3""
""osoba1""		1466.4	1466400	1473.9	1473900	8.5	8500	""osoba1""
""osoba1""		1467.6001	1467600	1473.9	1473900	7.2999268	7299	""osoba1""
""osoba1""		1469.1001	1469100	1473.9	1473900	5.7999268	5799	""osoba1""
""osoba2""		1471.5	1471500	1472.7001	1472700	2.2000732	2200	""osoba2""
""osoba4""		1473.9	1473900	1475.7001	1475700	2.8000488	2800	""osoba4""
""osoba2""		1475.1001	1475100	1481.1001	1481100	7.0	7000	""osoba2""
""osoba2""		1477.5	1477500	1481.1001	1481100	4.6000977	4600	""osoba2""
""osoba3""		1478.4	1478400	1479.6001	1479600	2.2000732	2200	""osoba3""
""osoba2""		1479.3	1479300	1481.1001	1481100	2.8000488	2800	""osoba2""
""osoba1""		1480.2001	1480200	1488.3	1488300	9.099976	9099	""osoba1""
""osoba1""		1482.6001	1482600	1488.3	1488300	6.699951	6699	""osoba1""
""osoba1""		1484.7001	1484700	1488.3	1488300	4.5999756	4599	""osoba1""
""osoba1""		1485.6001	1485600	1488.3	1488300	3.6999512	3699	""osoba1""
""osoba1""		1486.2001	1486200	1488.3	1488300	3.0999756	3099	""osoba1""
""osoba4""		1486.2001	1486200	1496.4	1496400	11.199951	11199	""osoba4""
""osoba1""		1488.3	1488300	1488.3	1488300	1.0	1000	""osoba1""
""osoba4""		1488.9	1488900	1496.4	1496400	8.5	8500	""osoba4""
""osoba4""		1489.5	1489500	1496.4	1496400	7.9000244	7900	""osoba4""
""osoba2""		1490.1001	1490100	1494.9	1494900	5.7999268	5799	""osoba2""
""osoba4""		1490.4	1490400	1496.4	1496400	7.0	7000	""osoba4""
""osoba4""		1491.3	1491300	1496.4	1496400	6.0999756	6099	""osoba4""
""osoba4""		1492.2001	1492200	1496.4	1496400	5.199951	5199	""osoba4""
""osoba4""		1493.1001	1493100	1496.4	1496400	4.2999268	4299	""osoba4""
""osoba2""		1494.0	1494000	1494.9	1494900	1.9000244	1900	""osoba2""
""osoba4""		1494.0	1494000	1496.4	1496400	3.4000244	3400	""osoba4""
""osoba1""		1495.8	1495800	1499.4	1499400	4.5999756	4599	""osoba1""
""osoba3""		1498.2001	1498200	1499.7001	1499700	2.5	2500	""osoba3""
""osoba1""		1499.4	1499400	1499.4	1499400	1.0	1000	""osoba1""
""osoba4""		1500.0	1500000	1502.1001	1502100	3.1000977	3100	""osoba4""
""osoba2""		1500.6001	1500600	1500.6001	1500600	1.0	1000	""osoba2""
""osoba1""		1502.1001	1502100	1514.7001	1514700	13.599976	13599	""osoba1""
""osoba3""		1506.0	1506000	1506.0	1506000	1.0	1000	""osoba3""
""osoba1""		1508.7001	1508700	1514.7001	1514700	7.0	7000	""osoba1""
""osoba3""		1509.9	1509900	1511.1001	1511100	2.2000732	2200	""osoba3""
""osoba1""		1513.2001	1513200	1514.7001	1514700	2.5	2500	""osoba1""
""osoba1""		1513.8	1513800	1514.7001	1514700	1.9000244	1900	""osoba1""
""osoba4""		1514.1001	1514100	1534.5	1534500	21.399902	21399	""osoba4""
""osoba4""		1515.9	1515900	1534.5	1534500	19.599976	19599	""osoba4""
""osoba3""		1516.2001	1516200	1519.2001	1519200	4.0	4000	""osoba3""
""osoba1""		1517.1001	1517100	1520.4	1520400	4.2999268	4299	""osoba1""
""osoba1""		1519.5	1519500	1520.4	1520400	1.9000244	1900	""osoba1""
""osoba4""		1519.5	1519500	1534.5	1534500	16.0	16000	""osoba4""
""osoba2""		1521.3	1521300	1521.6001	1521600	1.3000488	1300	""osoba2""
""osoba4""		1521.6001	1521600	1534.5	1534500	13.899902	13899	""osoba4""
""osoba3""		1522.2001	1522200	1522.5	1522500	1.2999268	1299	""osoba3""
""osoba1""		1524.0	1524000	1524.6001	1524600	1.6000977	1600	""osoba1""
""osoba4""		1525.8	1525800	1534.5	1534500	9.699951	9699	""osoba4""
""osoba4""		1528.2001	1528200	1534.5	1534500	7.2999268	7299	""osoba4""
""osoba3""		1529.4	1529400	1532.4	1532400	4.0	4000	""osoba3""
""osoba2""		1530.9	1530900	1532.1001	1532100	2.2000732	2200	""osoba2""
""osoba1""		1534.2001	1534200	1537.5001	1537500	4.300049	4300	""osoba1""
""osoba4""		1534.2001	1534200	1534.5	1534500	1.2999268	1299	""osoba4""
""osoba1""		1535.4	1535400	1537.5001	1537500	3.1000977	3100	""osoba1""
""osoba2""		1535.7001	1535700	1544.7001	1544700	10.0	10000	""osoba2""
""osoba1""		1536.0	1536000	1537.5001	1537500	2.500122	2500	""osoba1""
""osoba1""		1537.5001	1537500	1537.5001	1537500	1.0	1000	""osoba1""
""osoba2""		1538.4	1538400	1544.7001	1544700	7.300049	7300	""osoba2""
""osoba2""		1540.2001	1540200	1544.7001	1544700	5.5	5500	""osoba2""
""osoba3""		1540.8	1540800	1541.1001	1541100	1.3000488	1300	""osoba3""
""osoba2""		1541.7001	1541700	1544.7001	1544700	4.0	4000	""osoba2""
""osoba3""		1544.1001	1544100	1548.9	1548900	5.7999268	5799	""osoba3""
""osoba4""		1544.4	1544400	1544.4	1544400	1.0	1000	""osoba4""
""osoba4""		1547.7001	1547700	1553.4	1553400	6.699951	6699	""osoba4""
""osoba3""		1548.0001	1548000	1548.9	1548900	1.8999023	1899	""osoba3""
""osoba1""		1549.8	1549800	1563.6001	1563600	14.800049	14800	""osoba1""
""osoba4""		1550.1001	1550100	1553.4	1553400	4.2999268	4299	""osoba4""
""osoba1""		1552.8	1552800	1563.6001	1563600	11.800049	11800	""osoba1""
""osoba1""		1558.2001	1558200	1563.6001	1563600	6.4000244	6400	""osoba1""
""osoba1""		1559.7001	1559700	1563.6001	1563600	4.9000244	4900	""osoba1""
""osoba3""		1561.2001	1561200	1567.2001	1567200	7.0	7000	""osoba3""
""osoba1""		1561.5001	1561500	1563.6001	1563600	3.0999756	3099	""osoba1""
""osoba2""		1563.6001	1563600	1563.6001	1563600	1.0	1000	""osoba2""
""osoba3""		1563.6001	1563600	1567.2001	1567200	4.5999756	4599	""osoba3""
""osoba3""		1564.5001	1564500	1567.2001	1567200	3.6999512	3699	""osoba3""
""osoba1""		1566.6001	1566600	1573.5001	1573500	7.9000244	7900	""osoba1""
""osoba1""		1569.9	1569900	1573.5001	1573500	4.6000977	4600	""osoba1""
""osoba1""		1571.4	1571400	1573.5001	1573500	3.1000977	3100	""osoba1""
""osoba3""		1571.7001	1571700	1577.4	1577400	6.699951	6699	""osoba3""
""osoba2""		1573.5001	1573500	1574.1001	1574100	1.5999756	1599	""osoba2""
""osoba3""		1575.0001	1575000	1577.4	1577400	3.3999023	3399	""osoba3""
""osoba2""		1576.2001	1576200	1588.2001	1588200	13.0	13000	""osoba2""
""osoba3""		1576.5001	1576500	1577.4	1577400	1.8999023	1899	""osoba3""
""osoba2""		1579.5001	1579500	1588.2001	1588200	9.699951	9699	""osoba2""
""osoba2""		1581.9	1581900	1588.2001	1588200	7.300049	7300	""osoba2""
""osoba2""		1583.4	1583400	1588.2001	1588200	5.800049	5800	""osoba2""
""osoba2""		1585.5001	1585500	1588.2001	1588200	3.6999512	3699	""osoba2""
""osoba3""		1586.4	1586400	1586.7001	1586700	1.3000488	1300	""osoba3""
""osoba4""		1587.0001	1587000	1591.2001	1591200	5.199951	5199	""osoba4""
""osoba1""		1589.7001	1589700	1604.4	1604400	15.699951	15699	""osoba1""
""osoba4""		1589.7001	1589700	1591.2001	1591200	2.5	2500	""osoba4""
""osoba4""		1590.3	1590300	1591.2001	1591200	1.9000244	1900	""osoba4""
""osoba1""		1592.1001	1592100	1604.4	1604400	13.299927	13299	""osoba1""
""osoba1""		1593.0001	1593000	1604.4	1604400	12.399902	12399	""osoba1""
""osoba3""		1593.6001	1593600	1594.5001	1594500	1.9000244	1900	""osoba3""
""osoba4""		1593.9	1593900	1594.5001	1594500	1.6000977	1600	""osoba4""
""osoba1""		1597.5001	1597500	1604.4	1604400	7.8999023	7899	""osoba1""
""osoba1""		1599.6001	1599600	1604.4	1604400	5.7999268	5799	""osoba1""
""osoba3""		1603.8	1603800	1611.3	1611300	8.5	8500	""osoba3""
""osoba2""		1605.9	1605900	1605.9	1605900	1.0	1000	""osoba2""
""osoba3""		1606.8	1606800	1611.3	1611300	5.5	5500	""osoba3""
""osoba3""		1607.7001	1607700	1611.3	1611300	4.5999756	4599	""osoba3""
""osoba3""		1608.6001	1608600	1611.3	1611300	3.6999512	3699	""osoba3""
""osoba3""		1610.1001	1610100	1611.3	1611300	2.1999512	2199	""osoba3""
""osoba4""		1611.3	1611300	1620.3	1620300	10.0	10000	""osoba4""
""osoba1""		1613.1001	1613100	1613.7001	1613700	1.5999756	1599	""osoba1""
""osoba4""		1613.7001	1613700	1620.3	1620300	7.5999756	7599	""osoba4""
""osoba4""		1616.1001	1616100	1620.3	1620300	5.199951	5199	""osoba4""
""osoba4""		1617.0001	1617000	1620.3	1620300	4.2999268	4299	""osoba4""
""osoba4""		1617.6001	1617600	1620.3	1620300	3.6999512	3699	""osoba4""
""osoba4""		1618.2001	1618200	1620.3	1620300	3.0999756	3099	""osoba4""
""osoba1""		1618.8	1618800	1620.3	1620300	2.5	2500	""osoba1""
