"default"		0.0	0	1.0	1000	1.0	1000	BEGIN
"default"		1620.3	1620300	1620.31	1621300	1.0	1000	END
""osoba4""		6.0	6000	12.6	12600	7.6000004	7600	""osoba4""
""osoba4""		6.9	6900	12.6	12600	6.7000003	6700	""osoba4""
""osoba4""		9.3	9300	12.6	12600	4.3	4300	""osoba4""
""osoba4""		10.200001	10200	12.6	12600	3.3999996	3399	""osoba4""
""osoba4""		11.700001	11700	12.6	12600	1.8999996	1899	""osoba4""
""osoba1""		12.6	12600	21.900002	21900	10.300001	10300	""osoba1""
""osoba4""		12.6	12600	12.6	12600	1.0	1000	""osoba4""
""osoba3""		13.200001	13200	13.8	13800	1.5999994	1599	""osoba3""
""osoba1""		15.000001	15000	21.900002	21900	7.9000006	7900	""osoba1""
""osoba1""		15.6	15600	21.900002	21900	7.300001	7300	""osoba1""
""osoba1""		16.2	16200	21.900002	21900	6.700001	6700	""osoba1""
""osoba1""		17.7	17700	21.900002	21900	5.200001	5200	""osoba1""
""osoba4""		21.900002	21900	30.300001	30300	9.4	9400	""osoba4""
""osoba4""		22.800001	22800	30.300001	30300	8.5	8500	""osoba4""
""osoba4""		23.7	23700	30.300001	30300	7.6000004	7600	""osoba4""
""osoba4""		27.000002	27000	30.300001	30300	4.299999	4299	""osoba4""
""osoba3""		28.800001	28800	33.300003	33300	5.500002	5500	""osoba3""
""osoba4""		28.800001	28800	30.300001	30300	2.5	2500	""osoba4""
""osoba4""		29.7	29700	30.300001	30300	1.6000004	1600	""osoba4""
""osoba3""		32.100002	32100	33.300003	33300	2.2000008	2200	""osoba3""
""osoba4""		33.0	33000	47.4	47400	15.400002	15400	""osoba4""
""osoba1""		33.9	33900	36.600002	36600	3.7000008	3700	""osoba1""
""osoba4""		37.5	37500	47.4	47400	10.900002	10900	""osoba4""
""osoba4""		38.4	38400	47.4	47400	10.0	10000	""osoba4""
""osoba1""		40.800003	40800	43.2	43200	3.3999977	3399	""osoba1""
""osoba1""		46.2	46200	47.100002	47100	1.9000015	1900	""osoba1""
""osoba4""		46.2	46200	47.4	47400	2.2000008	2200	""osoba4""
""osoba2""		47.4	47400	49.2	49200	2.7999992	2799	""osoba2""
""osoba3""		47.7	47700	57.000004	57000	10.300003	10300	""osoba3""
""osoba3""		49.2	49200	57.000004	57000	8.800003	8800	""osoba3""
""osoba3""		51.9	51900	57.000004	57000	6.1000023	6100	""osoba3""
""osoba3""		54.300003	54300	57.000004	57000	3.7000008	3700	""osoba3""
""osoba4""		55.500004	55500	58.2	58200	3.699997	3699	""osoba4""
""osoba3""		55.800003	55800	57.000004	57000	2.2000008	2200	""osoba3""
""osoba1""		58.500004	58500	60.300003	60300	2.7999992	2799	""osoba1""
""osoba1""		60.000004	60000	60.300003	60300	1.2999992	1299	""osoba1""
""osoba2""		60.000004	60000	67.5	67500	8.499996	8499	""osoba2""
""osoba2""		62.7	62700	67.5	67500	5.799999	5799	""osoba2""
""osoba4""		63.300003	63300	67.8	67800	5.5	5500	""osoba4""
""osoba1""		67.200005	67200	73.200005	73200	7.0	7000	""osoba1""
""osoba1""		68.700005	68700	73.200005	73200	5.5	5500	""osoba1""
""osoba3""		68.700005	68700	69.9	69900	2.199997	2199	""osoba3""
""osoba1""		70.8	70800	73.200005	73200	3.4000015	3400	""osoba1""
""osoba4""		71.4	71400	77.700005	77700	7.300003	7300	""osoba4""
""osoba4""		74.100006	74100	77.700005	77700	4.5999985	4599	""osoba4""
""osoba1""		76.8	76800	86.100006	86100	10.300003	10300	""osoba1""
""osoba1""		78.600006	78600	86.100006	86100	8.5	8500	""osoba1""
""osoba1""		81.3	81300	86.100006	86100	5.800003	5800	""osoba1""
""osoba1""		82.200005	82200	86.100006	86100	4.9000015	4900	""osoba1""
""osoba1""		82.8	82800	86.100006	86100	4.300003	4300	""osoba1""
""osoba1""		83.4	83400	86.100006	86100	3.7000046	3700	""osoba1""
""osoba4""		83.700005	83700	84.9	84900	2.199997	2199	""osoba4""
""osoba2""		84.9	84900	92.100006	92100	8.200005	8200	""osoba2""
""osoba3""		85.8	85800	87.0	87000	2.199997	2199	""osoba3""
""osoba2""		88.8	88800	92.100006	92100	4.300003	4300	""osoba2""
""osoba2""		89.4	89400	92.100006	92100	3.7000046	3700	""osoba2""
""osoba2""		90.3	90300	92.100006	92100	2.800003	2800	""osoba2""
""osoba2""		91.200005	91200	92.100006	92100	1.9000015	1900	""osoba2""
""osoba4""		91.200005	91200	118.200005	118200	28.0	28000	""osoba4""
""osoba4""		96.9	96900	118.200005	118200	22.300003	22300	""osoba4""
""osoba4""		98.100006	98100	118.200005	118200	21.099998	21099	""osoba4""
""osoba4""		99.3	99300	118.200005	118200	19.900002	19900	""osoba4""
""osoba3""		100.50001	100500	100.50001	100500	1.0	1000	""osoba3""
""osoba4""		101.100006	101100	118.200005	118200	18.099998	18099	""osoba4""
""osoba4""		102.00001	102000	118.200005	118200	17.199997	17199	""osoba4""
""osoba1""		104.700005	104700	104.700005	104700	1.0	1000	""osoba1""
""osoba4""		106.200005	106200	118.200005	118200	13.0	13000	""osoba4""
""osoba4""		107.4	107400	118.200005	118200	11.800003	11800	""osoba4""
""osoba4""		108.3	108300	118.200005	118200	10.900002	10900	""osoba4""
""osoba4""		109.200005	109200	118.200005	118200	10.0	10000	""osoba4""
""osoba4""		111.00001	111000	118.200005	118200	8.199997	8199	""osoba4""
""osoba2""		112.200005	112200	114.600006	114600	3.4000015	3400	""osoba2""
""osoba4""		113.4	113400	118.200005	118200	5.800003	5800	""osoba4""
""osoba4""		114.00001	114000	118.200005	118200	5.199997	5199	""osoba4""
""osoba2""		114.600006	114600	114.600006	114600	1.0	1000	""osoba2""
""osoba4""		116.100006	116100	118.200005	118200	3.0999985	3099	""osoba4""
""osoba1""		117.3	117300	127.50001	127500	11.200005	11200	""osoba1""
""osoba1""		120.600006	120600	127.50001	127500	7.9000015	7900	""osoba1""
""osoba4""		124.200005	124200	141.6	141600	18.400002	18400	""osoba4""
""osoba1""		126.3	126300	127.50001	127500	2.2000046	2200	""osoba1""
""osoba4""		126.3	126300	141.6	141600	16.300003	16300	""osoba4""
""osoba3""		127.50001	127500	129.90001	129900	3.4000015	3400	""osoba3""
""osoba4""		130.20001	130200	141.6	141600	12.399994	12399	""osoba4""
""osoba4""		131.70001	131700	141.6	141600	10.899994	10899	""osoba4""
""osoba4""		134.70001	134700	141.6	141600	7.899994	7899	""osoba4""
""osoba1""		135.90001	135900	140.40001	140400	5.5	5500	""osoba1""
""osoba4""		136.8	136800	141.6	141600	5.800003	5800	""osoba4""
""osoba1""		137.40001	137400	140.40001	140400	4.0	4000	""osoba1""
""osoba1""		140.40001	140400	140.40001	140400	1.0	1000	""osoba1""
""osoba2""		141.3	141300	144.90001	144900	4.600006	4600	""osoba2""
""osoba2""		143.1	143100	144.90001	144900	2.800003	2800	""osoba2""
""osoba1""		144.0	144000	144.0	144000	1.0	1000	""osoba1""
""osoba2""		144.3	144300	144.90001	144900	1.6000061	1600	""osoba2""
""osoba4""		144.90001	144900	159.3	159300	15.399994	15399	""osoba4""
""osoba4""		146.40001	146400	159.3	159300	13.899994	13899	""osoba4""
""osoba4""		148.20001	148200	159.3	159300	12.099991	12099	""osoba4""
""osoba4""		148.8	148800	159.3	159300	11.5	11500	""osoba4""
""osoba4""		150.0	150000	159.3	159300	10.300003	10300	""osoba4""
""osoba3""		152.40001	152400	153.0	153000	1.5999908	1599	""osoba3""
""osoba1""		155.70001	155700	159.0	159000	4.299988	4299	""osoba1""
""osoba1""		156.6	156600	159.0	159000	3.399994	3399	""osoba1""
""osoba4""		156.90001	156900	159.3	159300	3.399994	3399	""osoba4""
""osoba1""		158.1	158100	159.0	159000	1.8999939	1899	""osoba1""
""osoba2""		158.70001	158700	174.0	174000	16.299988	16299	""osoba2""
""osoba4""		158.70001	158700	159.3	159300	1.5999908	1599	""osoba4""
""osoba3""		159.3	159300	161.70001	161700	3.4000092	3400	""osoba3""
""osoba2""		164.1	164100	174.0	174000	10.899994	10899	""osoba2""
""osoba2""		165.3	165300	174.0	174000	9.699997	9699	""osoba2""
""osoba2""		166.8	166800	174.0	174000	8.199997	8199	""osoba2""
""osoba1""		167.70001	167700	167.70001	167700	1.0	1000	""osoba1""
""osoba2""		172.20001	172200	174.0	174000	2.7999878	2799	""osoba2""
""osoba1""		174.3	174300	176.40001	176400	3.100006	3100	""osoba1""
""osoba2""		176.1	176100	178.20001	178200	3.100006	3100	""osoba2""
""osoba2""		177.6	177600	178.20001	178200	1.6000061	1600	""osoba2""
""osoba1""		178.5	178500	217.8	217800	40.300003	40300	""osoba1""
""osoba1""		180.6	180600	217.8	217800	38.199997	38199	""osoba1""
""osoba4""		182.1	182100	184.5	184500	3.399994	3399	""osoba4""
""osoba3""		183.3	183300	183.90001	183900	1.6000061	1600	""osoba3""
""osoba1""		187.20001	187200	217.8	217800	31.59999	31599	""osoba1""
""osoba1""		188.1	188100	217.8	217800	30.699997	30699	""osoba1""
""osoba1""		188.70001	188700	217.8	217800	30.09999	30099	""osoba1""
""osoba1""		189.6	189600	217.8	217800	29.199997	29199	""osoba1""
""osoba1""		190.5	190500	217.8	217800	28.300003	28300	""osoba1""
""osoba1""		192.6	192600	217.8	217800	26.199997	26199	""osoba1""
""osoba1""		195.00002	195000	217.8	217800	23.799988	23799	""osoba1""
""osoba1""		195.90001	195900	217.8	217800	22.899994	22899	""osoba1""
""osoba4""		195.90001	195900	199.50002	199500	4.600006	4600	""osoba4""
""osoba1""		197.70001	197700	217.8	217800	21.09999	21099	""osoba1""
""osoba4""		198.00002	198000	199.50002	199500	2.5	2500	""osoba4""
""osoba4""		202.50002	202500	206.1	206100	4.599991	4599	""osoba4""
""osoba1""		203.40001	203400	217.8	217800	15.399994	15399	""osoba1""
""osoba1""		205.50002	205500	217.8	217800	13.299988	13299	""osoba1""
""osoba1""		207.90001	207900	217.8	217800	10.899994	10899	""osoba1""
""osoba4""		209.40001	209400	210.6	210600	2.199997	2199	""osoba4""
""osoba2""		210.6	210600	211.20001	211200	1.6000061	1600	""osoba2""
""osoba1""		211.20001	211200	217.8	217800	7.599991	7599	""osoba1""
""osoba3""		211.8	211800	238.20001	238200	27.40001	27400	""osoba3""
""osoba3""		213.6	213600	238.20001	238200	25.600006	25600	""osoba3""
""osoba1""		214.50002	214500	217.8	217800	4.299988	4299	""osoba1""
""osoba3""		215.40001	215400	238.20001	238200	23.800003	23800	""osoba3""
""osoba3""		218.70001	218700	238.20001	238200	20.5	20500	""osoba3""
""osoba4""		219.3	219300	219.90001	219900	1.6000061	1600	""osoba4""
""osoba3""		220.8	220800	238.20001	238200	18.40001	18400	""osoba3""
""osoba3""		221.70001	221700	238.20001	238200	17.5	17500	""osoba3""
""osoba4""		222.6	222600	223.50002	223500	1.9000092	1900	""osoba4""
""osoba2""		222.90001	222900	225.00002	225000	3.100006	3100	""osoba2""
""osoba1""		223.8	223800	228.3	228300	5.5	5500	""osoba1""
""osoba1""		225.6	225600	228.3	228300	3.699997	3699	""osoba1""
""osoba1""		227.1	227100	228.3	228300	2.199997	2199	""osoba1""
""osoba3""		227.1	227100	238.20001	238200	12.100006	12100	""osoba3""
""osoba3""		229.8	229800	238.20001	238200	9.400009	9400	""osoba3""
""osoba3""		232.20001	232200	238.20001	238200	7.0	7000	""osoba3""
""osoba3""		234.00002	234000	238.20001	238200	5.199997	5199	""osoba3""
""osoba3""		234.6	234600	238.20001	238200	4.600006	4600	""osoba3""
""osoba3""		235.20001	235200	238.20001	238200	4.0	4000	""osoba3""
""osoba1""		237.3	237300	247.8	247800	11.5	11500	""osoba1""
""osoba4""		238.50002	238500	243.3	243300	5.799988	5799	""osoba4""
""osoba1""		241.20001	241200	247.8	247800	7.599991	7599	""osoba1""
""osoba4""		241.20001	241200	243.3	243300	3.0999908	3099	""osoba4""
""osoba4""		242.40001	242400	243.3	243300	1.8999939	1899	""osoba4""
""osoba1""		243.00002	243000	247.8	247800	5.799988	5799	""osoba1""
""osoba3""		243.90001	243900	243.90001	243900	1.0	1000	""osoba3""
""osoba1""		244.8	244800	247.8	247800	4.0	4000	""osoba1""
""osoba1""		245.40001	245400	247.8	247800	3.399994	3399	""osoba1""
""osoba1""		246.3	246300	247.8	247800	2.5	2500	""osoba1""
""osoba3""		246.90001	246900	251.70001	251700	5.800003	5800	""osoba3""
""osoba3""		250.20001	250200	251.70001	251700	2.5	2500	""osoba3""
""osoba3""		250.8	250800	251.70001	251700	1.9000092	1900	""osoba3""
""osoba4""		251.1	251100	269.1	269100	19.0	19000	""osoba4""
""osoba1""		253.20001	253200	253.20001	253200	1.0	1000	""osoba1""
""osoba4""		255.6	255600	269.1	269100	14.5	14500	""osoba4""
""osoba1""		256.2	256200	256.2	256200	1.0	1000	""osoba1""
""osoba4""		257.40002	257400	269.1	269100	12.699982	12699	""osoba4""
""osoba4""		258.0	258000	269.1	269100	12.100006	12100	""osoba4""
""osoba4""		259.80002	259800	269.1	269100	10.299988	10299	""osoba4""
""osoba1""		261.0	261000	261.90002	261900	1.9000244	1900	""osoba1""
""osoba4""		263.40002	263400	269.1	269100	6.6999817	6699	""osoba4""
""osoba4""		264.0	264000	269.1	269100	6.100006	6100	""osoba4""
""osoba4""		268.2	268200	269.1	269100	1.8999939	1899	""osoba4""
""osoba1""		268.5	268500	279.90002	279900	12.400024	12400	""osoba1""
""osoba1""		273.6	273600	279.90002	279900	7.3000183	7300	""osoba1""
""osoba1""		274.5	274500	279.90002	279900	6.4000244	6400	""osoba1""
""osoba1""		279.30002	279300	279.90002	279900	1.6000061	1600	""osoba1""
""osoba2""		279.30002	279300	284.7	284700	6.399994	6399	""osoba2""
""osoba2""		283.2	283200	284.7	284700	2.5	2500	""osoba2""
""osoba4""		284.1	284100	285.90002	285900	2.8000183	2800	""osoba4""
""osoba3""		286.2	286200	294.90002	294900	9.700012	9700	""osoba3""
""osoba1""		289.5	289500	289.80002	289800	1.3000183	1300	""osoba1""
""osoba4""		289.5	289500	290.1	290100	1.6000061	1600	""osoba4""
""osoba4""		293.7	293700	306.30002	306300	13.600006	13600	""osoba4""
""osoba1""		295.2	295200	295.5	295500	1.2999878	1299	""osoba1""
""osoba4""		296.7	296700	306.30002	306300	10.600006	10600	""osoba4""
""osoba4""		298.5	298500	306.30002	306300	8.800018	8800	""osoba4""
""osoba4""		300.0	300000	306.30002	306300	7.3000183	7300	""osoba4""
""osoba4""		301.80002	301800	306.30002	306300	5.5	5500	""osoba4""
""osoba1""		302.40002	302400	303.0	303000	1.5999756	1599	""osoba1""
""osoba3""		302.7	302700	303.0	303000	1.2999878	1299	""osoba3""
""osoba4""		303.90002	303900	306.30002	306300	3.399994	3399	""osoba4""
""osoba4""		304.80002	304800	306.30002	306300	2.5	2500	""osoba4""
""osoba1""		306.0	306000	311.1	311100	6.100006	6100	""osoba1""
""osoba1""		308.1	308100	311.1	311100	4.0	4000	""osoba1""
""osoba3""		309.0	309000	341.7	341700	33.700012	33700	""osoba3""
""osoba1""		309.90002	309900	311.1	311100	2.1999817	2199	""osoba1""
""osoba2""		309.90002	309900	312.0	312000	3.0999756	3099	""osoba2""
""osoba3""		310.80002	310800	341.7	341700	31.899994	31899	""osoba3""
""osoba2""		311.1	311100	312.0	312000	1.8999939	1899	""osoba2""
""osoba3""		313.5	313500	341.7	341700	29.200012	29200	""osoba3""
""osoba3""		314.40002	314400	341.7	341700	28.299988	28299	""osoba3""
""osoba3""		315.90002	315900	341.7	341700	26.799988	26799	""osoba3""
""osoba3""		318.30002	318300	341.7	341700	24.399994	24399	""osoba3""
""osoba4""		318.90002	318900	319.5	319500	1.5999756	1599	""osoba4""
""osoba3""		319.2	319200	341.7	341700	23.5	23500	""osoba3""
""osoba1""		319.80002	319800	320.1	320100	1.2999878	1299	""osoba1""
""osoba4""		321.90002	321900	321.90002	321900	1.0	1000	""osoba4""
""osoba3""		322.2	322200	341.7	341700	20.5	20500	""osoba3""
""osoba2""		323.1	323100	324.30002	324300	2.2000122	2200	""osoba2""
""osoba1""		324.6	324600	326.40002	326400	2.8000183	2800	""osoba1""
""osoba3""		325.2	325200	341.7	341700	17.5	17500	""osoba3""
""osoba1""		326.1	326100	326.40002	326400	1.3000183	1300	""osoba1""
""osoba4""		327.0	327000	327.30002	327300	1.3000183	1300	""osoba4""
""osoba3""		328.2	328200	341.7	341700	14.5	14500	""osoba3""
""osoba3""		329.1	329100	341.7	341700	13.600006	13600	""osoba3""
""osoba1""		329.7	329700	330.6	330600	1.8999939	1899	""osoba1""
""osoba2""		330.30002	330300	331.80002	331800	2.5	2500	""osoba2""
""osoba3""		333.0	333000	341.7	341700	9.700012	9700	""osoba3""
""osoba3""		333.6	333600	341.7	341700	9.100006	9100	""osoba3""
""osoba3""		335.40002	335400	341.7	341700	7.299988	7299	""osoba3""
""osoba3""		336.6	336600	341.7	341700	6.100006	6100	""osoba3""
""osoba3""		338.40002	338400	341.7	341700	4.299988	4299	""osoba3""
""osoba4""		339.90002	339900	359.1	359100	20.199982	20199	""osoba4""
""osoba1""		341.40002	341400	342.6	342600	2.1999817	2199	""osoba1""
""osoba4""		341.7	341700	359.1	359100	18.399994	18399	""osoba4""
""osoba1""		342.30002	342300	342.6	342600	1.2999878	1299	""osoba1""
""osoba4""		348.6	348600	359.1	359100	11.5	11500	""osoba4""
""osoba1""		351.0	351000	377.40002	377400	27.400024	27400	""osoba1""
""osoba1""		352.80002	352800	377.40002	377400	25.600006	25600	""osoba1""
""osoba4""		354.6	354600	359.1	359100	5.5	5500	""osoba4""
""osoba1""		355.2	355200	377.40002	377400	23.200012	23200	""osoba1""
""osoba4""		361.5	361500	362.40002	362400	1.9000244	1900	""osoba4""
""osoba1""		365.1	365100	377.40002	377400	13.300018	13300	""osoba1""
""osoba3""		366.90002	366900	367.5	367500	1.5999756	1599	""osoba3""
""osoba4""		367.2	367200	368.1	368100	1.8999939	1899	""osoba4""
""osoba2""		371.1	371100	371.40002	371400	1.3000183	1300	""osoba2""
""osoba1""		373.5	373500	377.40002	377400	4.9000244	4900	""osoba1""
""osoba1""		374.7	374700	377.40002	377400	3.7000122	3700	""osoba1""
""osoba3""		376.5	376500	381.6	381600	6.100006	6100	""osoba3""
""osoba2""		376.80002	376800	378.6	378600	2.7999878	2799	""osoba2""
""osoba3""		378.0	378000	381.6	381600	4.600006	4600	""osoba3""
""osoba2""		378.30002	378300	378.6	378600	1.2999878	1299	""osoba2""
""osoba4""		380.40002	380400	388.50003	388500	9.100006	9100	""osoba4""
""osoba4""		382.80002	382800	388.50003	388500	6.700012	6700	""osoba4""
""osoba4""		385.2	385200	388.50003	388500	4.3000183	4300	""osoba4""
""osoba1""		388.2	388200	397.50003	397500	10.300018	10300	""osoba1""
""osoba3""		389.40002	389400	390.00003	390000	1.6000061	1600	""osoba3""
""osoba2""		390.90002	390900	392.1	392100	2.1999817	2199	""osoba2""
""osoba1""		393.00003	393000	397.50003	397500	5.5	5500	""osoba1""
""osoba3""		393.6	393600	394.50003	394500	1.9000244	1900	""osoba3""
""osoba1""		395.40002	395400	397.50003	397500	3.100006	3100	""osoba1""
""osoba2""		396.00003	396000	406.2	406200	11.199982	11199	""osoba2""
""osoba1""		396.90002	396900	397.50003	397500	1.6000061	1600	""osoba1""
""osoba3""		398.7	398700	400.50003	400500	2.8000183	2800	""osoba3""
""osoba2""		401.1	401100	406.2	406200	6.100006	6100	""osoba2""
""osoba1""		401.7	401700	401.7	401700	1.0	1000	""osoba1""
""osoba2""		401.7	401700	406.2	406200	5.5	5500	""osoba2""
""osoba2""		405.6	405600	406.2	406200	1.6000061	1600	""osoba2""
""osoba3""		405.90002	405900	412.80002	412800	7.899994	7899	""osoba3""
""osoba3""		407.40002	407400	412.80002	412800	6.399994	6399	""osoba3""
""osoba4""		408.00003	408000	417.30002	417300	10.299988	10299	""osoba4""
""osoba1""		408.30002	408300	411.00003	411000	3.7000122	3700	""osoba1""
""osoba3""		410.1	410100	412.80002	412800	3.7000122	3700	""osoba3""
""osoba1""		410.40002	410400	411.00003	411000	1.6000061	1600	""osoba1""
""osoba4""		410.7	410700	417.30002	417300	7.600006	7600	""osoba4""
""osoba1""		414.00003	414000	414.30002	414300	1.2999878	1299	""osoba1""
""osoba4""		415.50003	415500	417.30002	417300	2.7999878	2799	""osoba4""
""osoba3""		417.30002	417300	422.40002	422400	6.100006	6100	""osoba3""
""osoba3""		418.80002	418800	422.40002	422400	4.600006	4600	""osoba3""
""osoba3""		420.6	420600	422.40002	422400	2.8000183	2800	""osoba3""
""osoba4""		420.90002	420900	422.40002	422400	2.5	2500	""osoba4""
""osoba2""		422.40002	422400	427.2	427200	5.799988	5799	""osoba2""
""osoba2""		423.6	423600	427.2	427200	4.600006	4600	""osoba2""
""osoba2""		424.80002	424800	427.2	427200	3.399994	3399	""osoba2""
""osoba4""		425.7	425700	451.50003	451500	26.800018	26800	""osoba4""
""osoba4""		429.30002	429300	451.50003	451500	23.200012	23200	""osoba4""
""osoba4""		431.7	431700	451.50003	451500	20.800018	20800	""osoba4""
""osoba4""		435.30002	435300	451.50003	451500	17.200012	17200	""osoba4""
""osoba4""		437.7	437700	451.50003	451500	14.800018	14800	""osoba4""
""osoba2""		438.30002	438300	440.1	440100	2.7999878	2799	""osoba2""
""osoba2""		439.2	439200	440.1	440100	1.8999939	1899	""osoba2""
""osoba4""		441.00003	441000	451.50003	451500	11.5	11500	""osoba4""
""osoba1""		441.30002	441300	444.00003	444000	3.7000122	3700	""osoba1""
""osoba1""		444.00003	444000	444.00003	444000	1.0	1000	""osoba1""
""osoba4""		444.30002	444300	451.50003	451500	8.200012	8200	""osoba4""
""osoba4""		446.7	446700	451.50003	451500	5.8000183	5800	""osoba4""
""osoba4""		447.90002	447900	451.50003	451500	4.600006	4600	""osoba4""
""osoba4""		448.50003	448500	451.50003	451500	4.0	4000	""osoba4""
""osoba3""		450.00003	450000	456.00003	456000	7.0	7000	""osoba3""
""osoba1""		451.50003	451500	462.90002	462900	12.399994	12399	""osoba1""
""osoba3""		452.7	452700	456.00003	456000	4.3000183	4300	""osoba3""
""osoba1""		453.00003	453000	462.90002	462900	10.899994	10899	""osoba1""
""osoba1""		454.50003	454500	462.90002	462900	9.399994	9399	""osoba1""
""osoba3""		455.40002	455400	456.00003	456000	1.6000061	1600	""osoba3""
""osoba1""		455.7	455700	462.90002	462900	8.200012	8200	""osoba1""
""osoba1""		457.80002	457800	462.90002	462900	6.100006	6100	""osoba1""
""osoba1""		460.50003	460500	462.90002	462900	3.399994	3399	""osoba1""
""osoba4""		462.90002	462900	474.90002	474900	13.0	13000	""osoba4""
""osoba4""		463.80002	463800	474.90002	474900	12.100006	12100	""osoba4""
""osoba4""		464.40002	464400	474.90002	474900	11.5	11500	""osoba4""
""osoba4""		465.00003	465000	474.90002	474900	10.899994	10899	""osoba4""
""osoba2""		466.80002	466800	468.30002	468300	2.5	2500	""osoba2""
""osoba4""		466.80002	466800	474.90002	474900	9.100006	9100	""osoba4""
""osoba4""		469.2	469200	474.90002	474900	6.700012	6700	""osoba4""
""osoba4""		470.40002	470400	474.90002	474900	5.5	5500	""osoba4""
""osoba3""		472.50003	472500	472.50003	472500	1.0	1000	""osoba3""
""osoba3""		474.90002	474900	494.1	494100	20.199982	20199	""osoba3""
""osoba3""		475.50003	475500	494.1	494100	19.599976	19599	""osoba3""
""osoba3""		480.30002	480300	494.1	494100	14.799988	14799	""osoba3""
""osoba4""		481.50003	481500	481.80002	481800	1.2999878	1299	""osoba4""
""osoba3""		483.00003	483000	494.1	494100	12.099976	12099	""osoba3""
""osoba3""		484.50003	484500	494.1	494100	10.599976	10599	""osoba3""
""osoba2""		485.7	485700	486.00003	486000	1.3000183	1300	""osoba2""
""osoba3""		485.7	485700	494.1	494100	9.399994	9399	""osoba3""
""osoba3""		486.90002	486900	494.1	494100	8.199982	8199	""osoba3""
""osoba1""		490.2	490200	490.2	490200	1.0	1000	""osoba1""
""osoba3""		490.50003	490500	494.1	494100	4.5999756	4599	""osoba3""
""osoba1""		492.6	492600	510.00003	510000	18.400024	18400	""osoba1""
""osoba3""		494.1	494100	494.1	494100	1.0	1000	""osoba3""
""osoba1""		494.7	494700	510.00003	510000	16.300018	16300	""osoba1""
""osoba4""		494.7	494700	501.30002	501300	7.600006	7600	""osoba4""
""osoba1""		496.50003	496500	510.00003	510000	14.5	14500	""osoba1""
""osoba4""		496.50003	496500	501.30002	501300	5.799988	5799	""osoba4""
""osoba1""		502.80002	502800	510.00003	510000	8.200012	8200	""osoba1""
""osoba3""		503.40002	503400	503.7	503700	1.2999878	1299	""osoba3""
""osoba4""		504.6	504600	504.6	504600	1.0	1000	""osoba4""
""osoba1""		509.40002	509400	510.00003	510000	1.6000061	1600	""osoba1""
""osoba4""		510.30002	510300	513.0	513000	3.6999817	3699	""osoba4""
""osoba2""		511.2	511200	516.0	516000	5.799988	5799	""osoba2""
""osoba4""		511.2	511200	513.0	513000	2.7999878	2799	""osoba4""
""osoba1""		512.10004	512100	534.0	534000	22.899963	22899	""osoba1""
""osoba3""		517.2	517200	517.80005	517800	1.6000366	1600	""osoba3""
""osoba3""		520.80005	520800	521.4	521400	1.5999756	1599	""osoba3""
""osoba1""		522.30005	522300	534.0	534000	12.699951	12699	""osoba1""
""osoba1""		524.10004	524100	534.0	534000	10.899963	10899	""osoba1""
""osoba1""		526.5	526500	534.0	534000	8.5	8500	""osoba1""
""osoba1""		527.7	527700	534.0	534000	7.299988	7299	""osoba1""
""osoba3""		528.0	528000	531.0	531000	4.0	4000	""osoba3""
""osoba1""		532.2	532200	534.0	534000	2.7999878	2799	""osoba1""
""osoba4""		534.0	534000	549.30005	549300	16.300049	16300	""osoba4""
""osoba4""		535.5	535500	549.30005	549300	14.800049	14800	""osoba4""
""osoba4""		536.10004	536100	549.30005	549300	14.200012	14200	""osoba4""
""osoba4""		539.10004	539100	549.30005	549300	11.200012	11200	""osoba4""
""osoba1""		541.5	541500	543.0	543000	2.5	2500	""osoba1""
""osoba4""		541.80005	541800	549.30005	549300	8.5	8500	""osoba4""
""osoba1""		542.7	542700	543.0	543000	1.2999878	1299	""osoba1""
""osoba3""		543.9	543900	547.5	547500	4.5999756	4599	""osoba3""
""osoba4""		544.2	544200	549.30005	549300	6.1000366	6100	""osoba4""
""osoba1""		546.30005	546300	548.7	548700	3.3999634	3399	""osoba1""
""osoba2""		546.60004	546600	558.30005	558300	12.700012	12700	""osoba2""
""osoba1""		547.80005	547800	548.7	548700	1.8999634	1899	""osoba1""
""osoba2""		550.5	550500	558.30005	558300	8.800049	8800	""osoba2""
""osoba2""		551.4	551400	558.30005	558300	7.9000244	7900	""osoba2""
""osoba4""		552.60004	552600	561.9	561900	10.299988	10299	""osoba4""
""osoba2""		555.0	555000	558.30005	558300	4.300049	4300	""osoba2""
""osoba3""		556.80005	556800	556.80005	556800	1.0	1000	""osoba3""
""osoba4""		557.4	557400	561.9	561900	5.5	5500	""osoba4""
""osoba4""		560.4	560400	561.9	561900	2.5	2500	""osoba4""
""osoba4""		561.0	561000	561.9	561900	1.9000244	1900	""osoba4""
""osoba2""		562.2	562200	562.5	562500	1.2999878	1299	""osoba2""
""osoba3""		563.10004	563100	569.4	569400	7.299988	7299	""osoba3""
""osoba3""		564.60004	564600	569.4	569400	5.799988	5799	""osoba3""
""osoba2""		566.10004	566100	580.5	580500	15.399963	15399	""osoba2""
""osoba4""		566.7	566700	567.0	567000	1.2999878	1299	""osoba4""
""osoba2""		572.4	572400	580.5	580500	9.099976	9099	""osoba2""
""osoba4""		574.5	574500	574.5	574500	1.0	1000	""osoba4""
""osoba2""		574.80005	574800	580.5	580500	6.699951	6699	""osoba2""
""osoba2""		575.7	575700	580.5	580500	5.799988	5799	""osoba2""
""osoba1""		576.0	576000	576.30005	576300	1.3000488	1300	""osoba1""
""osoba2""		576.60004	576600	580.5	580500	4.8999634	4899	""osoba2""
""osoba3""		578.7	578700	578.7	578700	1.0	1000	""osoba3""
""osoba1""		580.5	580500	590.10004	590100	10.600037	10600	""osoba1""
""osoba2""		580.5	580500	580.5	580500	1.0	1000	""osoba2""
""osoba1""		582.60004	582600	590.10004	590100	8.5	8500	""osoba1""
""osoba1""		586.2	586200	590.10004	590100	4.9000244	4900	""osoba1""
""osoba4""		586.80005	586800	587.10004	587100	1.2999878	1299	""osoba4""
""osoba4""		589.5	589500	607.80005	607800	19.300049	19300	""osoba4""
""osoba1""		590.10004	590100	590.10004	590100	1.0	1000	""osoba1""
""osoba4""		590.7	590700	607.80005	607800	18.100037	18100	""osoba4""
""osoba4""		591.60004	591600	607.80005	607800	17.200012	17200	""osoba4""
""osoba1""		592.2	592200	595.80005	595800	4.6000366	4600	""osoba1""
""osoba2""		592.2	592200	595.2	595200	4.0	4000	""osoba2""
""osoba3""		592.80005	592800	593.4	593400	1.5999756	1599	""osoba3""
""osoba4""		595.80005	595800	607.80005	607800	13.0	13000	""osoba4""
""osoba4""		597.30005	597300	607.80005	607800	11.5	11500	""osoba4""
""osoba4""		598.5	598500	607.80005	607800	10.300049	10300	""osoba4""
""osoba4""		600.0	600000	607.80005	607800	8.800049	8800	""osoba4""
""osoba4""		600.9	600900	607.80005	607800	7.9000244	7900	""osoba4""
""osoba4""		602.4	602400	607.80005	607800	6.4000244	6400	""osoba4""
""osoba1""		603.60004	603600	604.2	604200	1.5999756	1599	""osoba1""
""osoba4""		603.60004	603600	607.80005	607800	5.200012	5200	""osoba4""
""osoba3""		603.9	603900	603.9	603900	1.0	1000	""osoba3""
""osoba4""		604.5	604500	607.80005	607800	4.300049	4300	""osoba4""
""osoba4""		605.10004	605100	607.80005	607800	3.7000122	3700	""osoba4""
""osoba4""		606.0	606000	607.80005	607800	2.8000488	2800	""osoba4""
""osoba1""		606.30005	606300	615.60004	615600	10.299988	10299	""osoba1""
""osoba4""		607.80005	607800	607.80005	607800	1.0	1000	""osoba4""
""osoba3""		609.9	609900	609.9	609900	1.0	1000	""osoba3""
""osoba4""		611.10004	611100	611.10004	611100	1.0	1000	""osoba4""
""osoba1""		612.30005	612300	615.60004	615600	4.299988	4299	""osoba1""
""osoba1""		614.10004	614100	615.60004	615600	2.5	2500	""osoba1""
""osoba3""		615.60004	615600	623.10004	623100	8.5	8500	""osoba3""
""osoba3""		617.10004	617100	623.10004	623100	7.0	7000	""osoba3""
""osoba3""		618.60004	618600	623.10004	623100	5.5	5500	""osoba3""
""osoba2""		620.4	620400	628.2	628200	8.799988	8799	""osoba2""
""osoba2""		621.30005	621300	628.2	628200	7.8999634	7899	""osoba2""
""osoba2""		624.60004	624600	628.2	628200	4.5999756	4599	""osoba2""
""osoba4""		626.10004	626100	659.7	659700	34.599976	34599	""osoba4""
""osoba1""		630.30005	630300	630.30005	630300	1.0	1000	""osoba1""
""osoba4""		630.9	630900	659.7	659700	29.799988	29799	""osoba4""
""osoba4""		632.4	632400	659.7	659700	28.299988	28299	""osoba4""
""osoba4""		633.9	633900	659.7	659700	26.799988	26799	""osoba4""
""osoba4""		635.4	635400	659.7	659700	25.299988	25299	""osoba4""
""osoba4""		636.60004	636600	659.7	659700	24.099976	24099	""osoba4""
""osoba4""		639.60004	639600	659.7	659700	21.099976	21099	""osoba4""
""osoba4""		645.0	645000	659.7	659700	15.700012	15700	""osoba4""
""osoba2""		647.10004	647100	647.7	647700	1.5999756	1599	""osoba2""
""osoba1""		647.7	647700	648.0	648000	1.2999878	1299	""osoba1""
""osoba4""		647.7	647700	659.7	659700	13.0	13000	""osoba4""
""osoba4""		649.80005	649800	659.7	659700	10.899963	10899	""osoba4""
""osoba3""		651.60004	651600	651.60004	651600	1.0	1000	""osoba3""
""osoba4""		652.2	652200	659.7	659700	8.5	8500	""osoba4""
""osoba2""		652.80005	652800	653.10004	653100	1.2999878	1299	""osoba2""
""osoba3""		654.0	654000	656.10004	656100	3.1000366	3100	""osoba3""
""osoba3""		655.2	655200	656.10004	656100	1.9000244	1900	""osoba3""
""osoba4""		655.2	655200	659.7	659700	5.5	5500	""osoba4""
""osoba1""		657.0	657000	663.9	663900	7.9000244	7900	""osoba1""
""osoba4""		657.30005	657300	659.7	659700	3.3999634	3399	""osoba4""
""osoba4""		658.80005	658800	659.7	659700	1.8999634	1899	""osoba4""
""osoba1""		659.10004	659100	663.9	663900	5.799988	5799	""osoba1""
""osoba4""		659.4	659400	659.7	659700	1.2999878	1299	""osoba4""
""osoba1""		660.30005	660300	663.9	663900	4.5999756	4599	""osoba1""
""osoba1""		661.80005	661800	663.9	663900	3.0999756	3099	""osoba1""
""osoba1""		663.60004	663600	663.9	663900	1.2999878	1299	""osoba1""
""osoba3""		663.9	663900	677.7	677700	14.799988	14799	""osoba3""
""osoba3""		665.10004	665100	677.7	677700	13.599976	13599	""osoba3""
""osoba3""		666.0	666000	677.7	677700	12.700012	12700	""osoba3""
""osoba3""		668.4	668400	677.7	677700	10.299988	10299	""osoba3""
""osoba3""		670.2	670200	677.7	677700	8.5	8500	""osoba3""
""osoba3""		671.7	671700	677.7	677700	7.0	7000	""osoba3""
""osoba3""		672.30005	672300	677.7	677700	6.3999634	6399	""osoba3""
""osoba1""		672.9	672900	672.9	672900	1.0	1000	""osoba1""
""osoba3""		672.9	672900	677.7	677700	5.799988	5799	""osoba3""
""osoba4""		676.2	676200	698.7	698700	23.5	23500	""osoba4""
""osoba4""		679.5	679500	698.7	698700	20.200012	20200	""osoba4""
""osoba4""		680.10004	680100	698.7	698700	19.599976	19599	""osoba4""
""osoba2""		681.9	681900	682.5	682500	1.5999756	1599	""osoba2""
""osoba4""		681.9	681900	698.7	698700	17.799988	17799	""osoba4""
""osoba4""		683.4	683400	698.7	698700	16.299988	16299	""osoba4""
""osoba4""		684.30005	684300	698.7	698700	15.399963	15399	""osoba4""
""osoba4""		684.9	684900	698.7	698700	14.799988	14799	""osoba4""
""osoba4""		686.4	686400	698.7	698700	13.299988	13299	""osoba4""
""osoba4""		691.2	691200	698.7	698700	8.5	8500	""osoba4""
""osoba3""		691.80005	691800	693.30005	693300	2.5	2500	""osoba3""
""osoba4""		696.30005	696300	698.7	698700	3.3999634	3399	""osoba4""
""osoba3""		698.4	698400	712.5	712500	15.099976	15099	""osoba3""
""osoba4""		698.4	698400	698.7	698700	1.2999878	1299	""osoba4""
""osoba3""		701.10004	701100	712.5	712500	12.399963	12399	""osoba3""
""osoba3""		702.0	702000	712.5	712500	11.5	11500	""osoba3""
""osoba1""		704.4	704400	705.60004	705600	2.2000122	2200	""osoba1""
""osoba3""		705.0	705000	712.5	712500	8.5	8500	""osoba3""
""osoba3""		707.4	707400	712.5	712500	6.0999756	6099	""osoba3""
""osoba4""		708.9	708900	716.4	716400	8.5	8500	""osoba4""
""osoba3""		710.4	710400	712.5	712500	3.0999756	3099	""osoba3""
""osoba4""		713.10004	713100	716.4	716400	4.299988	4299	""osoba4""
""osoba2""		713.7	713700	713.7	713700	1.0	1000	""osoba2""
""osoba3""		714.60004	714600	714.60004	714600	1.0	1000	""osoba3""
""osoba2""		716.7	716700	717.9	717900	2.2000122	2200	""osoba2""
""osoba3""		717.9	717900	723.60004	723600	6.700012	6700	""osoba3""
""osoba3""		719.10004	719100	723.60004	723600	5.5	5500	""osoba3""
""osoba3""		723.0	723000	723.60004	723600	1.6000366	1600	""osoba3""
""osoba1""		723.30005	723300	729.30005	729300	7.0	7000	""osoba1""
""osoba1""		726.0	726000	729.30005	729300	4.300049	4300	""osoba1""
""osoba1""		728.4	728400	729.30005	729300	1.9000244	1900	""osoba1""
""osoba4""		729.0	729000	746.7	746700	18.700012	18700	""osoba4""
""osoba4""		730.80005	730800	746.7	746700	16.899963	16899	""osoba4""
""osoba4""		731.7	731700	746.7	746700	16.0	16000	""osoba4""
""osoba4""		732.9	732900	746.7	746700	14.799988	14799	""osoba4""
""osoba4""		734.10004	734100	746.7	746700	13.599976	13599	""osoba4""
""osoba1""		734.7	734700	736.2	736200	2.5	2500	""osoba1""
""osoba4""		735.9	735900	746.7	746700	11.799988	11799	""osoba4""
""osoba4""		738.9	738900	746.7	746700	8.799988	8799	""osoba4""
""osoba1""		740.4	740400	741.30005	741300	1.9000244	1900	""osoba1""
""osoba3""		740.4	740400	741.0	741000	1.5999756	1599	""osoba3""
""osoba4""		740.4	740400	746.7	746700	7.299988	7299	""osoba4""
""osoba4""		742.80005	742800	746.7	746700	4.8999634	4899	""osoba4""
""osoba4""		744.0	744000	746.7	746700	3.7000122	3700	""osoba4""
""osoba4""		744.60004	744600	746.7	746700	3.0999756	3099	""osoba4""
""osoba3""		745.2	745200	747.9	747900	3.7000122	3700	""osoba3""
""osoba3""		746.10004	746100	747.9	747900	2.7999878	2799	""osoba3""
""osoba2""		746.4	746400	750.0	750000	4.5999756	4599	""osoba2""
""osoba4""		746.7	746700	746.7	746700	1.0	1000	""osoba4""
""osoba2""		748.80005	748800	750.0	750000	2.1999512	2199	""osoba2""
""osoba1""		749.7	749700	763.80005	763800	15.100037	15100	""osoba1""
""osoba1""		750.9	750900	763.80005	763800	13.900024	13900	""osoba1""
""osoba4""		753.30005	753300	791.7	791700	39.399963	39399	""osoba4""
""osoba1""		762.60004	762600	763.80005	763800	2.2000122	2200	""osoba1""
""osoba4""		763.2	763200	791.7	791700	29.5	29500	""osoba4""
""osoba4""		765.60004	765600	791.7	791700	27.099976	27099	""osoba4""
""osoba4""		767.10004	767100	791.7	791700	25.599976	25599	""osoba4""
""osoba4""		770.10004	770100	791.7	791700	22.599976	22599	""osoba4""
""osoba4""		771.00006	771000	791.7	791700	21.699951	21699	""osoba4""
""osoba4""		773.7	773700	791.7	791700	19.0	19000	""osoba4""
""osoba4""		774.9	774900	791.7	791700	17.799988	17799	""osoba4""
""osoba4""		775.80005	775800	791.7	791700	16.899963	16899	""osoba4""
""osoba4""		778.80005	778800	791.7	791700	13.899963	13899	""osoba4""
""osoba3""		780.00006	780000	780.9	780900	1.8999634	1899	""osoba3""
""osoba4""		780.9	780900	791.7	791700	11.799988	11799	""osoba4""
""osoba4""		782.10004	782100	791.7	791700	10.599976	10599	""osoba4""
""osoba4""		783.00006	783000	791.7	791700	9.699951	9699	""osoba4""
""osoba4""		786.60004	786600	791.7	791700	6.0999756	6099	""osoba4""
""osoba4""		787.80005	787800	791.7	791700	4.8999634	4899	""osoba4""
""osoba4""		789.00006	789000	791.7	791700	3.6999512	3699	""osoba4""
""osoba2""		789.9	789900	817.50006	817500	28.600037	28600	""osoba2""
""osoba2""		791.10004	791100	817.50006	817500	27.400024	27400	""osoba2""
""osoba4""		791.4	791400	791.7	791700	1.2999878	1299	""osoba4""
""osoba2""		792.60004	792600	817.50006	817500	25.900024	25900	""osoba2""
""osoba2""		793.80005	793800	817.50006	817500	24.700012	24700	""osoba2""
""osoba1""		795.60004	795600	799.2	799200	4.5999756	4599	""osoba1""
""osoba2""		795.9	795900	817.50006	817500	22.600037	22600	""osoba2""
""osoba4""		797.4	797400	797.4	797400	1.0	1000	""osoba4""
""osoba1""		798.60004	798600	799.2	799200	1.5999756	1599	""osoba1""
""osoba2""		798.60004	798600	817.50006	817500	19.900024	19900	""osoba2""
""osoba1""		802.50006	802500	803.4	803400	1.8999634	1899	""osoba1""
""osoba2""		802.80005	802800	817.50006	817500	15.700012	15700	""osoba2""
""osoba3""		805.2	805200	808.2	808200	4.0	4000	""osoba3""
""osoba2""		810.60004	810600	817.50006	817500	7.9000244	7900	""osoba2""
""osoba2""		811.50006	811500	817.50006	817500	7.0	7000	""osoba2""
""osoba4""		814.50006	814500	815.10004	815100	1.5999756	1599	""osoba4""
""osoba2""		815.7	815700	817.50006	817500	2.8000488	2800	""osoba2""
""osoba2""		816.30005	816300	817.50006	817500	2.2000122	2200	""osoba2""
""osoba4""		817.50006	817500	823.2	823200	6.699951	6699	""osoba4""
""osoba4""		819.9	819900	823.2	823200	4.299988	4299	""osoba4""
""osoba4""		820.50006	820500	823.2	823200	3.6999512	3699	""osoba4""
""osoba4""		822.30005	822300	823.2	823200	1.8999634	1899	""osoba4""
""osoba2""		823.2	823200	837.00006	837000	14.800049	14800	""osoba2""
""osoba4""		823.2	823200	823.2	823200	1.0	1000	""osoba4""
""osoba1""		823.50006	823500	824.10004	824100	1.5999756	1599	""osoba1""
""osoba3""		824.10004	824100	828.60004	828600	5.5	5500	""osoba3""
""osoba2""		825.9	825900	837.00006	837000	12.100037	12100	""osoba2""
""osoba3""		825.9	825900	828.60004	828600	3.7000122	3700	""osoba3""
""osoba2""		826.80005	826800	837.00006	837000	11.200012	11200	""osoba2""
""osoba3""		827.4	827400	828.60004	828600	2.2000122	2200	""osoba3""
""osoba2""		829.50006	829500	837.00006	837000	8.5	8500	""osoba2""
""osoba2""		830.4	830400	837.00006	837000	7.6000366	7600	""osoba2""
""osoba2""		833.10004	833100	837.00006	837000	4.9000244	4900	""osoba2""
""osoba2""		834.30005	834300	837.00006	837000	3.7000122	3700	""osoba2""
""osoba2""		835.50006	835500	837.00006	837000	2.5	2500	""osoba2""
""osoba1""		835.80005	835800	845.10004	845100	10.299988	10299	""osoba1""
""osoba1""		838.2	838200	845.10004	845100	7.9000244	7900	""osoba1""
""osoba2""		841.50006	841500	855.30005	855300	14.799988	14799	""osoba2""
""osoba2""		846.9	846900	855.30005	855300	9.400024	9400	""osoba2""
""osoba2""		847.80005	847800	855.30005	855300	8.5	8500	""osoba2""
""osoba2""		849.60004	849600	855.30005	855300	6.700012	6700	""osoba2""
""osoba1""		852.00006	852000	852.00006	852000	1.0	1000	""osoba1""
""osoba2""		853.80005	853800	855.30005	855300	2.5	2500	""osoba2""
""osoba2""		854.7	854700	855.30005	855300	1.6000366	1600	""osoba2""
""osoba4""		854.7	854700	883.2	883200	29.5	29500	""osoba4""
""osoba4""		857.4	857400	883.2	883200	26.799988	26799	""osoba4""
""osoba4""		858.30005	858300	883.2	883200	25.899963	25899	""osoba4""
""osoba4""		860.7	860700	883.2	883200	23.5	23500	""osoba4""
""osoba4""		861.30005	861300	883.2	883200	22.899963	22899	""osoba4""
""osoba4""		862.2	862200	883.2	883200	22.0	22000	""osoba4""
""osoba4""		864.30005	864300	883.2	883200	19.899963	19899	""osoba4""
""osoba4""		864.9	864900	883.2	883200	19.299988	19299	""osoba4""
""osoba4""		867.30005	867300	883.2	883200	16.899963	16899	""osoba4""
""osoba4""		869.10004	869100	883.2	883200	15.099976	15099	""osoba4""
""osoba1""		869.4	869400	870.9	870900	2.5	2500	""osoba1""
""osoba4""		871.50006	871500	883.2	883200	12.699951	12699	""osoba4""
""osoba4""		872.10004	872100	883.2	883200	12.099976	12099	""osoba4""
""osoba4""		874.50006	874500	883.2	883200	9.699951	9699	""osoba4""
""osoba4""		876.60004	876600	883.2	883200	7.5999756	7599	""osoba4""
""osoba3""		876.9	876900	877.50006	877500	1.6000366	1600	""osoba3""
""osoba4""		879.00006	879000	883.2	883200	5.199951	5199	""osoba4""
""osoba2""		879.30005	879300	879.9	879900	1.5999756	1599	""osoba2""
""osoba1""		881.7	881700	883.50006	883500	2.8000488	2800	""osoba1""
""osoba3""		881.7	881700	886.2	886200	5.5	5500	""osoba3""
""osoba4""		882.00006	882000	883.2	883200	2.1999512	2199	""osoba4""
""osoba1""		886.2	886200	887.10004	887100	1.9000244	1900	""osoba1""
""osoba4""		886.50006	886500	900.30005	900300	14.799988	14799	""osoba4""
""osoba4""		888.30005	888300	900.30005	900300	13.0	13000	""osoba4""
""osoba1""		889.2	889200	891.30005	891300	3.1000366	3100	""osoba1""
""osoba2""		889.2	889200	894.00006	894000	5.800049	5800	""osoba2""
""osoba2""		891.00006	891000	894.00006	894000	4.0	4000	""osoba2""
""osoba1""		891.30005	891300	891.30005	891300	1.0	1000	""osoba1""
""osoba2""		891.60004	891600	894.00006	894000	3.4000244	3400	""osoba2""
""osoba4""		891.9	891900	900.30005	900300	9.400024	9400	""osoba4""
""osoba3""		893.10004	893100	893.4	893400	1.2999878	1299	""osoba3""
""osoba4""		894.00006	894000	900.30005	900300	7.299988	7299	""osoba4""
""osoba3""		896.4	896400	897.00006	897000	1.6000366	1600	""osoba3""
""osoba4""		896.4	896400	900.30005	900300	4.9000244	4900	""osoba4""
""osoba3""		899.4	899400	921.00006	921000	22.600037	22600	""osoba3""
""osoba3""		903.9	903900	921.00006	921000	18.100037	18100	""osoba3""
""osoba1""		906.60004	906600	906.9	906900	1.2999878	1299	""osoba1""
""osoba3""		906.60004	906600	921.00006	921000	15.400024	15400	""osoba3""
""osoba4""		907.80005	907800	908.10004	908100	1.2999878	1299	""osoba4""
""osoba3""		909.30005	909300	921.00006	921000	12.700012	12700	""osoba3""
""osoba3""		913.50006	913500	921.00006	921000	8.5	8500	""osoba3""
""osoba3""		914.10004	914100	921.00006	921000	7.9000244	7900	""osoba3""
""osoba3""		914.7	914700	921.00006	921000	7.300049	7300	""osoba3""
""osoba3""		917.10004	917100	921.00006	921000	4.9000244	4900	""osoba3""
""osoba3""		918.00006	918000	921.00006	921000	4.0	4000	""osoba3""
""osoba2""		918.9	918900	918.9	918900	1.0	1000	""osoba2""
""osoba3""		918.9	918900	921.00006	921000	3.1000366	3100	""osoba3""
""osoba4""		919.80005	919800	920.4	920400	1.5999756	1599	""osoba4""
""osoba1""		921.60004	921600	930.00006	930000	9.400024	9400	""osoba1""
""osoba4""		924.60004	924600	926.4	926400	2.7999878	2799	""osoba4""
""osoba1""		925.50006	925500	930.00006	930000	5.5	5500	""osoba1""
""osoba4""		926.10004	926100	926.4	926400	1.2999878	1299	""osoba4""
""osoba3""		926.4	926400	942.30005	942300	16.900024	16900	""osoba3""
""osoba1""		927.9	927900	930.00006	930000	3.1000366	3100	""osoba1""
""osoba1""		929.10004	929100	930.00006	930000	1.9000244	1900	""osoba1""
""osoba3""		929.4	929400	942.30005	942300	13.900024	13900	""osoba3""
""osoba3""		931.2	931200	942.30005	942300	12.100037	12100	""osoba3""
""osoba3""		933.60004	933600	942.30005	942300	9.700012	9700	""osoba3""
""osoba3""		934.2	934200	942.30005	942300	9.100037	9100	""osoba3""
""osoba3""		936.00006	936000	942.30005	942300	7.299988	7299	""osoba3""
""osoba4""		936.60004	936600	936.60004	936600	1.0	1000	""osoba4""
""osoba3""		937.50006	937500	942.30005	942300	5.799988	5799	""osoba3""
""osoba1""		939.00006	939000	939.00006	939000	1.0	1000	""osoba1""
""osoba3""		940.80005	940800	942.30005	942300	2.5	2500	""osoba3""
""osoba1""		942.60004	942600	963.00006	963000	21.400024	21400	""osoba1""
""osoba1""		944.10004	944100	963.00006	963000	19.900024	19900	""osoba1""
""osoba1""		948.30005	948300	963.00006	963000	15.700012	15700	""osoba1""
""osoba1""		949.80005	949800	963.00006	963000	14.200012	14200	""osoba1""
""osoba1""		951.30005	951300	963.00006	963000	12.700012	12700	""osoba1""
""osoba1""		952.80005	952800	963.00006	963000	11.200012	11200	""osoba1""
""osoba1""		954.60004	954600	963.00006	963000	9.400024	9400	""osoba1""
""osoba1""		957.00006	957000	963.00006	963000	7.0	7000	""osoba1""
""osoba1""		958.2	958200	963.00006	963000	5.800049	5800	""osoba1""
""osoba3""		958.50006	958500	959.10004	959100	1.5999756	1599	""osoba3""
""osoba2""		961.50006	961500	962.4	962400	1.8999634	1899	""osoba2""
""osoba3""		962.7	962700	971.7	971700	10.0	10000	""osoba3""
""osoba3""		964.80005	964800	971.7	971700	7.8999634	7899	""osoba3""
""osoba3""		966.60004	966600	971.7	971700	6.0999756	6099	""osoba3""
""osoba3""		967.50006	967500	971.7	971700	5.199951	5199	""osoba3""
""osoba1""		971.10004	971100	1009.50006	1009500	39.400024	39400	""osoba1""
""osoba1""		973.2	973200	1009.50006	1009500	37.30005	37300	""osoba1""
""osoba1""		974.10004	974100	1009.50006	1009500	36.400024	36400	""osoba1""
""osoba1""		975.00006	975000	1009.50006	1009500	35.5	35500	""osoba1""
""osoba3""		975.30005	975300	975.30005	975300	1.0	1000	""osoba3""
""osoba1""		976.50006	976500	1009.50006	1009500	34.0	34000	""osoba1""
""osoba4""		979.80005	979800	979.80005	979800	1.0	1000	""osoba4""
""osoba1""		981.30005	981300	1009.50006	1009500	29.200012	29200	""osoba1""
""osoba2""		981.9	981900	983.4	983400	2.5	2500	""osoba2""
""osoba1""		985.2	985200	1009.50006	1009500	25.300049	25300	""osoba1""
""osoba1""		985.80005	985800	1009.50006	1009500	24.700012	24700	""osoba1""
""osoba1""		986.7	986700	1009.50006	1009500	23.800049	23800	""osoba1""
""osoba1""		987.9	987900	1009.50006	1009500	22.600037	22600	""osoba1""
""osoba2""		988.2	988200	990.00006	990000	2.8000488	2800	""osoba2""
""osoba1""		989.4	989400	1009.50006	1009500	21.100037	21100	""osoba1""
""osoba2""		989.4	989400	990.00006	990000	1.6000366	1600	""osoba2""
""osoba1""		996.60004	996600	1009.50006	1009500	13.900024	13900	""osoba1""
""osoba1""		997.50006	997500	1009.50006	1009500	13.0	13000	""osoba1""
""osoba1""		999.30005	999300	1009.50006	1009500	11.200012	11200	""osoba1""
""osoba1""		999.9	999900	1009.50006	1009500	10.600037	10600	""osoba1""
""osoba3""		1002.30005	1002300	1026.9	1026900	25.599976	25599	""osoba3""
""osoba1""		1005.00006	1005000	1009.50006	1009500	5.5	5500	""osoba1""
""osoba1""		1007.10004	1007100	1009.50006	1009500	3.4000244	3400	""osoba1""
""osoba3""		1010.7	1010700	1026.9	1026900	17.200012	17200	""osoba3""
""osoba3""		1011.9	1011900	1026.9	1026900	16.0	16000	""osoba3""
""osoba2""		1012.80005	1012800	1014.9	1014900	3.0999756	3099	""osoba2""
""osoba3""		1012.80005	1012800	1026.9	1026900	15.099976	15099	""osoba3""
""osoba2""		1014.9	1014900	1014.9	1014900	1.0	1000	""osoba2""
""osoba3""		1018.80005	1018800	1026.9	1026900	9.099976	9099	""osoba3""
""osoba1""		1020.00006	1020000	1020.60004	1020600	1.5999756	1599	""osoba1""
""osoba3""		1021.50006	1021500	1026.9	1026900	6.3999634	6399	""osoba3""
""osoba2""		1021.80005	1021800	1024.2001	1024200	3.4000244	3400	""osoba2""
""osoba1""		1026.3	1026300	1034.1001	1034100	8.800049	8800	""osoba1""
""osoba2""		1026.9	1026900	1028.7001	1028700	2.8000488	2800	""osoba2""
""osoba1""		1029.9	1029900	1034.1001	1034100	5.2000732	5200	""osoba1""
""osoba1""		1030.8	1030800	1034.1001	1034100	4.300049	4300	""osoba1""
""osoba1""		1031.7001	1031700	1034.1001	1034100	3.4000244	3400	""osoba1""
""osoba1""		1032.3	1032300	1034.1001	1034100	2.8000488	2800	""osoba1""
""osoba3""		1033.2001	1033200	1033.2001	1033200	1.0	1000	""osoba3""
""osoba4""		1034.4	1034400	1050.3	1050300	16.900024	16900	""osoba4""
""osoba4""		1035.3	1035300	1050.3	1050300	16.0	16000	""osoba4""
""osoba3""		1035.6001	1035600	1035.9	1035900	1.2999268	1299	""osoba3""
""osoba4""		1035.9	1035900	1050.3	1050300	15.400024	15400	""osoba4""
""osoba4""		1037.4	1037400	1050.3	1050300	13.900024	13900	""osoba4""
""osoba1""		1038.6001	1038600	1041.9	1041900	4.2999268	4299	""osoba1""
""osoba3""		1042.2001	1042200	1045.8	1045800	4.5999756	4599	""osoba3""
""osoba4""		1043.7001	1043700	1050.3	1050300	7.5999756	7599	""osoba4""
""osoba4""		1046.4	1046400	1050.3	1050300	4.9000244	4900	""osoba4""
""osoba3""		1049.1001	1049100	1055.4	1055400	7.2999268	7299	""osoba3""
""osoba4""		1049.1001	1049100	1050.3	1050300	2.1999512	2199	""osoba4""
""osoba3""		1051.2001	1051200	1055.4	1055400	5.199951	5199	""osoba3""
""osoba3""		1052.1001	1052100	1055.4	1055400	4.2999268	4299	""osoba3""
""osoba3""		1052.7001	1052700	1055.4	1055400	3.6999512	3699	""osoba3""
""osoba4""		1053.9	1053900	1076.1001	1076100	23.200073	23200	""osoba4""
""osoba1""		1054.8	1054800	1056.0	1056000	2.1999512	2199	""osoba1""
""osoba4""		1057.2001	1057200	1076.1001	1076100	19.900024	19900	""osoba4""
""osoba4""		1058.1001	1058100	1076.1001	1076100	19.0	19000	""osoba4""
""osoba4""		1059.3	1059300	1076.1001	1076100	17.800049	17800	""osoba4""
""osoba4""		1061.4	1061400	1076.1001	1076100	15.700073	15700	""osoba4""
""osoba4""		1062.3	1062300	1076.1001	1076100	14.800049	14800	""osoba4""
""osoba2""		1062.6001	1062600	1065.9	1065900	4.2999268	4299	""osoba2""
""osoba4""		1065.3	1065300	1076.1001	1076100	11.800049	11800	""osoba4""
""osoba1""		1068.3	1068300	1069.2001	1069200	1.9000244	1900	""osoba1""
""osoba4""		1072.5	1072500	1076.1001	1076100	4.6000977	4600	""osoba4""
""osoba1""		1074.3	1074300	1074.3	1074300	1.0	1000	""osoba1""
""osoba3""		1074.3	1074300	1083.0	1083000	9.699951	9699	""osoba3""
""osoba3""		1077.3	1077300	1083.0	1083000	6.699951	6699	""osoba3""
""osoba1""		1078.2001	1078200	1079.1001	1079100	1.9000244	1900	""osoba1""
""osoba3""		1080.0	1080000	1083.0	1083000	4.0	4000	""osoba3""
""osoba4""		1081.2001	1081200	1091.7001	1091700	11.5	11500	""osoba4""
""osoba4""		1084.2001	1084200	1091.7001	1091700	8.5	8500	""osoba4""
""osoba4""		1087.2001	1087200	1091.7001	1091700	5.5	5500	""osoba4""
""osoba3""		1087.5	1087500	1087.8	1087800	1.3000488	1300	""osoba3""
""osoba4""		1088.7001	1088700	1091.7001	1091700	4.0	4000	""osoba4""
""osoba1""		1089.3	1089300	1101.6001	1101600	13.300049	13300	""osoba1""
""osoba1""		1091.7001	1091700	1101.6001	1101600	10.900024	10900	""osoba1""
""osoba4""		1091.7001	1091700	1091.7001	1091700	1.0	1000	""osoba4""
""osoba1""		1093.5	1093500	1101.6001	1101600	9.100098	9100	""osoba1""
""osoba1""		1094.1001	1094100	1101.6001	1101600	8.5	8500	""osoba1""
""osoba1""		1095.3	1095300	1101.6001	1101600	7.300049	7300	""osoba1""
""osoba1""		1098.6001	1098600	1101.6001	1101600	4.0	4000	""osoba1""
""osoba1""		1101.0	1101000	1101.6001	1101600	1.6000977	1600	""osoba1""
""osoba4""		1101.3	1101300	1109.1001	1109100	8.800049	8800	""osoba4""
""osoba4""		1105.2001	1105200	1109.1001	1109100	4.9000244	4900	""osoba4""
""osoba4""		1107.0	1107000	1109.1001	1109100	3.1000977	3100	""osoba4""
""osoba2""		1108.5	1108500	1109.4	1109400	1.9000244	1900	""osoba2""
""osoba3""		1109.7001	1109700	1120.8	1120800	12.099976	12099	""osoba3""
""osoba2""		1111.5	1111500	1111.8	1111800	1.3000488	1300	""osoba2""
""osoba3""		1113.6001	1113600	1120.8	1120800	8.199951	8199	""osoba3""
""osoba4""		1114.2001	1114200	1119.9	1119900	6.699951	6699	""osoba4""
""osoba2""		1116.6001	1116600	1127.1001	1127100	11.5	11500	""osoba2""
""osoba2""		1117.5	1117500	1127.1001	1127100	10.600098	10600	""osoba2""
""osoba1""		1119.3	1119300	1121.7001	1121700	3.4000244	3400	""osoba1""
""osoba4""		1119.6001	1119600	1119.9	1119900	1.2999268	1299	""osoba4""
""osoba4""		1122.9	1122900	1122.9	1122900	1.0	1000	""osoba4""
""osoba2""		1123.5	1123500	1127.1001	1127100	4.6000977	4600	""osoba2""
""osoba2""		1124.7001	1124700	1127.1001	1127100	3.4000244	3400	""osoba2""
""osoba2""		1125.3	1125300	1127.1001	1127100	2.8000488	2800	""osoba2""
""osoba1""		1127.7001	1127700	1130.4	1130400	3.6999512	3699	""osoba1""
""osoba3""		1131.0	1131000	1138.5	1138500	8.5	8500	""osoba3""
""osoba4""		1131.6001	1131600	1134.0	1134000	3.3999023	3399	""osoba4""
""osoba3""		1133.1001	1133100	1138.5	1138500	6.3999023	6399	""osoba3""
""osoba3""		1134.9	1134900	1138.5	1138500	4.5999756	4599	""osoba3""
""osoba3""		1138.2001	1138200	1138.5	1138500	1.2999268	1299	""osoba3""
""osoba1""		1138.8	1138800	1152.6001	1152600	14.800049	14800	""osoba1""
""osoba1""		1143.9	1143900	1152.6001	1152600	9.700073	9700	""osoba1""
""osoba1""		1144.5	1144500	1152.6001	1152600	9.100098	9100	""osoba1""
""osoba1""		1146.9	1146900	1152.6001	1152600	6.7000732	6700	""osoba1""
""osoba1""		1149.9	1149900	1152.6001	1152600	3.7000732	3700	""osoba1""
""osoba1""		1152.0	1152000	1152.6001	1152600	1.6000977	1600	""osoba1""
""osoba2""		1152.3	1152300	1159.5	1159500	8.199951	8199	""osoba2""
""osoba4""		1155.9	1155900	1159.2001	1159200	4.300049	4300	""osoba4""
""osoba2""		1157.7001	1157700	1159.5	1159500	2.7999268	2799	""osoba2""
""osoba4""		1158.3	1158300	1159.2001	1159200	1.9000244	1900	""osoba4""
""osoba3""		1158.6001	1158600	1163.1001	1163100	5.5	5500	""osoba3""
""osoba3""		1161.3	1161300	1163.1001	1163100	2.8000488	2800	""osoba3""
""osoba3""		1161.9	1161900	1163.1001	1163100	2.2000732	2200	""osoba3""
""osoba4""		1163.4	1163400	1176.6001	1176600	14.200073	14200	""osoba4""
""osoba4""		1164.3	1164300	1176.6001	1176600	13.300049	13300	""osoba4""
""osoba4""		1164.9	1164900	1176.6001	1176600	12.700073	12700	""osoba4""
""osoba4""		1165.8	1165800	1176.6001	1176600	11.800049	11800	""osoba4""
""osoba1""		1166.4	1166400	1166.4	1166400	1.0	1000	""osoba1""
""osoba2""		1166.4	1166400	1167.6001	1167600	2.2000732	2200	""osoba2""
""osoba4""		1169.1001	1169100	1176.6001	1176600	8.5	8500	""osoba4""
""osoba4""		1171.2001	1171200	1176.6001	1176600	6.4000244	6400	""osoba4""
""osoba1""		1175.4	1175400	1184.7001	1184700	10.300049	10300	""osoba1""
""osoba4""		1175.7001	1175700	1176.6001	1176600	1.9000244	1900	""osoba4""
""osoba4""		1176.6001	1176600	1176.6001	1176600	1.0	1000	""osoba4""
""osoba3""		1178.7001	1178700	1178.7001	1178700	1.0	1000	""osoba3""
""osoba1""		1180.5	1180500	1184.7001	1184700	5.2000732	5200	""osoba1""
""osoba1""		1181.4	1181400	1184.7001	1184700	4.300049	4300	""osoba1""
""osoba1""		1182.0	1182000	1184.7001	1184700	3.7000732	3700	""osoba1""
""osoba2""		1182.9	1182900	1187.7001	1187700	5.800049	5800	""osoba2""
""osoba3""		1182.9	1182900	1200.9	1200900	19.0	19000	""osoba3""
""osoba1""		1184.1001	1184100	1184.7001	1184700	1.5999756	1599	""osoba1""
""osoba2""		1185.9	1185900	1187.7001	1187700	2.8000488	2800	""osoba2""
""osoba3""		1185.9	1185900	1200.9	1200900	16.0	16000	""osoba3""
""osoba3""		1189.2001	1189200	1200.9	1200900	12.699951	12699	""osoba3""
""osoba3""		1192.8	1192800	1200.9	1200900	9.099976	9099	""osoba3""
""osoba3""		1194.9	1194900	1200.9	1200900	7.0	7000	""osoba3""
""osoba3""		1196.7001	1196700	1200.9	1200900	5.199951	5199	""osoba3""
""osoba2""		1197.3	1197300	1203.3	1203300	7.0	7000	""osoba2""
""osoba3""		1198.5	1198500	1200.9	1200900	3.4000244	3400	""osoba3""
""osoba3""		1199.7001	1199700	1200.9	1200900	2.1999512	2199	""osoba3""
""osoba2""		1200.0	1200000	1203.3	1203300	4.300049	4300	""osoba2""
""osoba2""		1201.8	1201800	1203.3	1203300	2.5	2500	""osoba2""
""osoba4""		1203.3	1203300	1206.0	1206000	3.6999512	3699	""osoba4""
""osoba4""		1205.4	1205400	1206.0	1206000	1.5999756	1599	""osoba4""
""osoba3""		1205.7001	1205700	1212.0	1212000	7.2999268	7299	""osoba3""
""osoba3""		1207.5	1207500	1212.0	1212000	5.5	5500	""osoba3""
""osoba1""		1208.7001	1208700	1208.7001	1208700	1.0	1000	""osoba1""
""osoba3""		1209.0	1209000	1212.0	1212000	4.0	4000	""osoba3""
""osoba3""		1210.2001	1210200	1212.0	1212000	2.7999268	2799	""osoba3""
""osoba3""		1211.4	1211400	1212.0	1212000	1.5999756	1599	""osoba3""
""osoba1""		1212.0	1212000	1214.4	1214400	3.4000244	3400	""osoba1""
""osoba4""		1212.0	1212000	1212.9	1212900	1.9000244	1900	""osoba4""
""osoba1""		1214.1001	1214100	1214.4	1214400	1.2999268	1299	""osoba1""
""osoba3""		1214.4	1214400	1217.4	1217400	4.0	4000	""osoba3""
""osoba4""		1215.6001	1215600	1237.5	1237500	22.899902	22899	""osoba4""
""osoba3""		1216.5	1216500	1217.4	1217400	1.9000244	1900	""osoba3""
""osoba4""		1216.8	1216800	1237.5	1237500	21.699951	21699	""osoba4""
""osoba4""		1218.9	1218900	1237.5	1237500	19.599976	19599	""osoba4""
""osoba4""		1219.5	1219500	1237.5	1237500	19.0	19000	""osoba4""
""osoba4""		1222.2001	1222200	1237.5	1237500	16.299927	16299	""osoba4""
""osoba4""		1224.9	1224900	1237.5	1237500	13.599976	13599	""osoba4""
""osoba4""		1226.4	1226400	1237.5	1237500	12.099976	12099	""osoba4""
""osoba4""		1228.2001	1228200	1237.5	1237500	10.299927	10299	""osoba4""
""osoba4""		1233.0	1233000	1237.5	1237500	5.5	5500	""osoba4""
""osoba4""		1235.7001	1235700	1237.5	1237500	2.7999268	2799	""osoba4""
""osoba4""		1236.9	1236900	1237.5	1237500	1.5999756	1599	""osoba4""
""osoba3""		1238.1001	1238100	1241.7001	1241700	4.5999756	4599	""osoba3""
""osoba3""		1240.5	1240500	1241.7001	1241700	2.2000732	2200	""osoba3""
""osoba4""		1240.8	1240800	1256.4	1256400	16.599976	16599	""osoba4""
""osoba3""		1241.7001	1241700	1241.7001	1241700	1.0	1000	""osoba3""
""osoba2""		1243.5	1243500	1245.3	1245300	2.8000488	2800	""osoba2""
""osoba4""		1244.7001	1244700	1256.4	1256400	12.699951	12699	""osoba4""
""osoba1""		1246.2001	1246200	1248.0	1248000	2.7999268	2799	""osoba1""
""osoba1""		1247.7001	1247700	1248.0	1248000	1.2999268	1299	""osoba1""
""osoba4""		1248.0	1248000	1256.4	1256400	9.400024	9400	""osoba4""
""osoba4""		1248.9	1248900	1256.4	1256400	8.5	8500	""osoba4""
""osoba4""		1251.0	1251000	1256.4	1256400	6.4000244	6400	""osoba4""
""osoba4""		1255.5	1255500	1256.4	1256400	1.9000244	1900	""osoba4""
""osoba2""		1256.4	1256400	1263.0	1263000	7.5999756	7599	""osoba2""
""osoba2""		1258.8	1258800	1263.0	1263000	5.199951	5199	""osoba2""
""osoba2""		1260.0	1260000	1263.0	1263000	4.0	4000	""osoba2""
""osoba1""		1262.1001	1262100	1267.2001	1267200	6.0999756	6099	""osoba1""
""osoba1""		1263.9	1263900	1267.2001	1267200	4.300049	4300	""osoba1""
""osoba3""		1266.9	1266900	1280.7001	1280700	14.800049	14800	""osoba3""
""osoba2""		1268.1001	1268100	1268.1001	1268100	1.0	1000	""osoba2""
""osoba3""		1269.3	1269300	1280.7001	1280700	12.400024	12400	""osoba3""
""osoba3""		1272.6001	1272600	1280.7001	1280700	9.099976	9099	""osoba3""
""osoba3""		1275.3	1275300	1280.7001	1280700	6.4000244	6400	""osoba3""
""osoba2""		1279.5	1279500	1283.4	1283400	4.9000244	4900	""osoba2""
""osoba1""		1281.9	1281900	1302.0	1302000	21.099976	21099	""osoba1""
""osoba1""		1284.0	1284000	1302.0	1302000	19.0	19000	""osoba1""
""osoba4""		1284.0	1284000	1287.6001	1287600	4.6000977	4600	""osoba4""
""osoba4""		1286.7001	1286700	1287.6001	1287600	1.9000244	1900	""osoba4""
""osoba1""		1287.3	1287300	1302.0	1302000	15.699951	15699	""osoba1""
""osoba1""		1289.4	1289400	1302.0	1302000	13.599976	13599	""osoba1""
""osoba1""		1291.2001	1291200	1302.0	1302000	11.799927	11799	""osoba1""
""osoba1""		1292.1001	1292100	1302.0	1302000	10.899902	10899	""osoba1""
""osoba1""		1293.0	1293000	1302.0	1302000	10.0	10000	""osoba1""
""osoba1""		1293.6001	1293600	1302.0	1302000	9.399902	9399	""osoba1""
""osoba2""		1295.1001	1295100	1295.4	1295400	1.2999268	1299	""osoba2""
""osoba1""		1295.4	1295400	1302.0	1302000	7.5999756	7599	""osoba1""
""osoba1""		1296.6001	1296600	1302.0	1302000	6.3999023	6399	""osoba1""
""osoba1""		1297.2001	1297200	1302.0	1302000	5.7999268	5799	""osoba1""
""osoba2""		1302.0	1302000	1306.2001	1306200	5.2000732	5200	""osoba2""
""osoba2""		1303.2001	1303200	1306.2001	1306200	4.0	4000	""osoba2""
""osoba1""		1304.1001	1304100	1306.5	1306500	3.3999023	3399	""osoba1""
""osoba4""		1305.3	1305300	1307.1001	1307100	2.8000488	2800	""osoba4""
""osoba3""		1306.8	1306800	1319.7001	1319700	13.900024	13900	""osoba3""
""osoba3""		1308.6001	1308600	1319.7001	1319700	12.099976	12099	""osoba3""
""osoba3""		1310.7001	1310700	1319.7001	1319700	10.0	10000	""osoba3""
""osoba3""		1313.4	1313400	1319.7001	1319700	7.300049	7300	""osoba3""
""osoba3""		1314.0	1314000	1319.7001	1319700	6.7000732	6700	""osoba3""
""osoba3""		1314.9	1314900	1319.7001	1319700	5.800049	5800	""osoba3""
""osoba3""		1315.8	1315800	1319.7001	1319700	4.9000244	4900	""osoba3""
""osoba3""		1317.9	1317900	1319.7001	1319700	2.8000488	2800	""osoba3""
""osoba3""		1318.5	1318500	1319.7001	1319700	2.2000732	2200	""osoba3""
""osoba2""		1319.1001	1319100	1332.0	1332000	13.899902	13899	""osoba2""
""osoba3""		1319.4	1319400	1319.7001	1319700	1.3000488	1300	""osoba3""
""osoba2""		1321.5	1321500	1332.0	1332000	11.5	11500	""osoba2""
""osoba2""		1322.1001	1322100	1332.0	1332000	10.899902	10899	""osoba2""
""osoba2""		1323.0	1323000	1332.0	1332000	10.0	10000	""osoba2""
""osoba2""		1323.9	1323900	1332.0	1332000	9.099976	9099	""osoba2""
""osoba1""		1325.1001	1325100	1325.4	1325400	1.2999268	1299	""osoba1""
""osoba2""		1326.3	1326300	1332.0	1332000	6.699951	6699	""osoba2""
""osoba2""		1329.9	1329900	1332.0	1332000	3.0999756	3099	""osoba2""
""osoba3""		1331.7001	1331700	1339.5	1339500	8.799927	8799	""osoba3""
""osoba3""		1335.3	1335300	1339.5	1339500	5.199951	5199	""osoba3""
""osoba3""		1336.5	1336500	1339.5	1339500	4.0	4000	""osoba3""
""osoba3""		1337.4	1337400	1339.5	1339500	3.0999756	3099	""osoba3""
""osoba3""		1338.3	1338300	1339.5	1339500	2.1999512	2199	""osoba3""
""osoba2""		1338.6001	1338600	1347.9	1347900	10.299927	10299	""osoba2""
""osoba2""		1340.4	1340400	1347.9	1347900	8.5	8500	""osoba2""
""osoba3""		1341.6001	1341600	1343.7001	1343700	3.0999756	3099	""osoba3""
""osoba4""		1344.3	1344300	1344.3	1344300	1.0	1000	""osoba4""
""osoba1""		1346.4	1346400	1359.0	1359000	13.599976	13599	""osoba1""
""osoba2""		1347.0	1347000	1347.9	1347900	1.9000244	1900	""osoba2""
""osoba3""		1347.3	1347300	1347.3	1347300	1.0	1000	""osoba3""
""osoba1""		1348.2001	1348200	1359.0	1359000	11.799927	11799	""osoba1""
""osoba1""		1349.4	1349400	1359.0	1359000	10.599976	10599	""osoba1""
""osoba2""		1350.3	1350300	1351.2001	1351200	1.9000244	1900	""osoba2""
""osoba1""		1350.9	1350900	1359.0	1359000	9.099976	9099	""osoba1""
""osoba1""		1354.8	1354800	1359.0	1359000	5.199951	5199	""osoba1""
""osoba3""		1357.5	1357500	1371.3	1371300	14.800049	14800	""osoba3""
""osoba2""		1360.8	1360800	1360.8	1360800	1.0	1000	""osoba2""
""osoba3""		1361.4	1361400	1371.3	1371300	10.900024	10900	""osoba3""
""osoba4""		1363.5	1363500	1364.1001	1364100	1.6000977	1600	""osoba4""
""osoba3""		1367.4	1367400	1371.3	1371300	4.9000244	4900	""osoba3""
""osoba1""		1367.7001	1367700	1389.6001	1389600	22.900024	22900	""osoba1""
""osoba3""		1370.4	1370400	1371.3	1371300	1.9000244	1900	""osoba3""
""osoba1""		1370.7001	1370700	1389.6001	1389600	19.900024	19900	""osoba1""
""osoba4""		1370.7001	1370700	1371.0	1371000	1.2999268	1299	""osoba4""
""osoba1""		1372.8	1372800	1389.6001	1389600	17.800049	17800	""osoba1""
""osoba3""		1374.0	1374000	1376.4	1376400	3.4000244	3400	""osoba3""
""osoba1""		1375.2001	1375200	1389.6001	1389600	15.400024	15400	""osoba1""
""osoba1""		1377.6001	1377600	1389.6001	1389600	13.0	13000	""osoba1""
""osoba1""		1380.6001	1380600	1389.6001	1389600	10.0	10000	""osoba1""
""osoba1""		1381.2001	1381200	1389.6001	1389600	9.400024	9400	""osoba1""
""osoba1""		1383.6001	1383600	1389.6001	1389600	7.0	7000	""osoba1""
""osoba1""		1385.4	1385400	1389.6001	1389600	5.2000732	5200	""osoba1""
""osoba1""		1386.9	1386900	1389.6001	1389600	3.7000732	3700	""osoba1""
""osoba1""		1388.4	1388400	1389.6001	1389600	2.2000732	2200	""osoba1""
""osoba4""		1389.3	1389300	1393.5	1393500	5.199951	5199	""osoba4""
""osoba1""		1392.3	1392300	1409.1001	1409100	17.800049	17800	""osoba1""
""osoba4""		1392.3	1392300	1393.5	1393500	2.1999512	2199	""osoba4""
""osoba4""		1398.0	1398000	1399.5	1399500	2.5	2500	""osoba4""
""osoba1""		1400.4	1400400	1409.1001	1409100	9.700073	9700	""osoba1""
""osoba1""		1401.6001	1401600	1409.1001	1409100	8.5	8500	""osoba1""
""osoba1""		1402.8	1402800	1409.1001	1409100	7.300049	7300	""osoba1""
""osoba2""		1403.1001	1403100	1403.1001	1403100	1.0	1000	""osoba2""
""osoba2""		1406.1001	1406100	1406.1001	1406100	1.0	1000	""osoba2""
""osoba1""		1406.7001	1406700	1409.1001	1409100	3.4000244	3400	""osoba1""
""osoba1""		1407.3	1407300	1409.1001	1409100	2.8000488	2800	""osoba1""
""osoba2""		1408.2001	1408200	1410.9	1410900	3.6999512	3699	""osoba2""
""osoba4""		1410.0	1410000	1415.1001	1415100	6.1000977	6100	""osoba4""
""osoba4""		1412.7001	1412700	1415.1001	1415100	3.4000244	3400	""osoba4""
""osoba3""		1414.5	1414500	1418.7001	1418700	5.2000732	5200	""osoba3""
""osoba1""		1416.6001	1416600	1416.6001	1416600	1.0	1000	""osoba1""
""osoba2""		1418.1001	1418100	1423.5	1423500	6.3999023	6399	""osoba2""
""osoba3""		1418.4	1418400	1418.7001	1418700	1.3000488	1300	""osoba3""
""osoba2""		1420.8	1420800	1423.5	1423500	3.6999512	3699	""osoba2""
""osoba2""		1422.0	1422000	1423.5	1423500	2.5	2500	""osoba2""
""osoba4""		1423.2001	1423200	1426.2001	1426200	4.0	4000	""osoba4""
""osoba4""		1424.4	1424400	1426.2001	1426200	2.8000488	2800	""osoba4""
""osoba4""		1425.0	1425000	1426.2001	1426200	2.2000732	2200	""osoba4""
""osoba1""		1425.3	1425300	1429.8	1429800	5.5	5500	""osoba1""
""osoba1""		1428.0	1428000	1429.8	1429800	2.8000488	2800	""osoba1""
""osoba2""		1428.6001	1428600	1429.5	1429500	1.8999023	1899	""osoba2""
""osoba3""		1429.5	1429500	1434.9	1434900	6.4000244	6400	""osoba3""
""osoba3""		1431.0	1431000	1434.9	1434900	4.9000244	4900	""osoba3""
""osoba3""		1433.1001	1433100	1434.9	1434900	2.7999268	2799	""osoba3""
""osoba4""		1433.1001	1433100	1441.5	1441500	9.399902	9399	""osoba4""
""osoba3""		1434.3	1434300	1434.9	1434900	1.5999756	1599	""osoba3""
""osoba4""		1434.9	1434900	1441.5	1441500	7.5999756	7599	""osoba4""
""osoba4""		1437.3	1437300	1441.5	1441500	5.199951	5199	""osoba4""
""osoba4""		1438.5	1438500	1441.5	1441500	4.0	4000	""osoba4""
""osoba4""		1439.7001	1439700	1441.5	1441500	2.7999268	2799	""osoba4""
""osoba4""		1440.6001	1440600	1441.5	1441500	1.8999023	1899	""osoba4""
""osoba2""		1441.2001	1441200	1441.2001	1441200	1.0	1000	""osoba2""
""osoba1""		1441.8	1441800	1462.2001	1462200	21.400024	21400	""osoba1""
""osoba1""		1443.0	1443000	1462.2001	1462200	20.200073	20200	""osoba1""
""osoba1""		1445.1001	1445100	1462.2001	1462200	18.099976	18099	""osoba1""
""osoba1""		1446.9	1446900	1462.2001	1462200	16.300049	16300	""osoba1""
""osoba1""		1447.5	1447500	1462.2001	1462200	15.700073	15700	""osoba1""
""osoba1""		1448.4	1448400	1462.2001	1462200	14.800049	14800	""osoba1""
""osoba2""		1449.0	1449000	1449.6001	1449600	1.6000977	1600	""osoba2""
""osoba1""		1449.3	1449300	1462.2001	1462200	13.900024	13900	""osoba1""
""osoba4""		1449.9	1449900	1450.8	1450800	1.9000244	1900	""osoba4""
""osoba1""		1454.1001	1454100	1462.2001	1462200	9.099976	9099	""osoba1""
""osoba1""		1455.0	1455000	1462.2001	1462200	8.200073	8200	""osoba1""
""osoba1""		1455.9	1455900	1462.2001	1462200	7.300049	7300	""osoba1""
""osoba1""		1456.8	1456800	1462.2001	1462200	6.4000244	6400	""osoba1""
""osoba1""		1458.3	1458300	1462.2001	1462200	4.9000244	4900	""osoba1""
""osoba1""		1460.7001	1460700	1462.2001	1462200	2.5	2500	""osoba1""
""osoba4""		1461.3	1461300	1485.3	1485300	25.0	25000	""osoba4""
""osoba1""		1461.6001	1461600	1462.2001	1462200	1.5999756	1599	""osoba1""
""osoba1""		1467.9	1467900	1468.2001	1468200	1.3000488	1300	""osoba1""
""osoba4""		1468.8	1468800	1485.3	1485300	17.5	17500	""osoba4""
""osoba3""		1470.0	1470000	1470.0	1470000	1.0	1000	""osoba3""
""osoba1""		1470.9	1470900	1472.4	1472400	2.5	2500	""osoba1""
""osoba4""		1470.9	1470900	1485.3	1485300	15.400024	15400	""osoba4""
""osoba3""		1473.0	1473000	1473.6001	1473600	1.6000977	1600	""osoba3""
""osoba4""		1475.1001	1475100	1485.3	1485300	11.199951	11199	""osoba4""
""osoba4""		1475.7001	1475700	1485.3	1485300	10.599976	10599	""osoba4""
""osoba1""		1476.0	1476000	1476.3	1476300	1.3000488	1300	""osoba1""
""osoba3""		1476.3	1476300	1477.5	1477500	2.1999512	2199	""osoba3""
""osoba4""		1477.2001	1477200	1485.3	1485300	9.099976	9099	""osoba4""
""osoba4""		1478.7001	1478700	1485.3	1485300	7.5999756	7599	""osoba4""
""osoba4""		1484.1001	1484100	1485.3	1485300	2.1999512	2199	""osoba4""
""osoba4""		1484.7001	1484700	1485.3	1485300	1.5999756	1599	""osoba4""
""osoba2""		1485.0	1485000	1485.9	1485900	1.9000244	1900	""osoba2""
""osoba1""		1485.3	1485300	1499.4	1499400	15.099976	15099	""osoba1""
""osoba1""		1488.3	1488300	1499.4	1499400	12.099976	12099	""osoba1""
""osoba4""		1490.1001	1490100	1490.7001	1490700	1.5999756	1599	""osoba4""
""osoba2""		1492.8	1492800	1492.8	1492800	1.0	1000	""osoba2""
""osoba1""		1494.6001	1494600	1499.4	1499400	5.7999268	5799	""osoba1""
""osoba1""		1495.5	1495500	1499.4	1499400	4.9000244	4900	""osoba1""
""osoba1""		1497.0	1497000	1499.4	1499400	3.4000244	3400	""osoba1""
""osoba1""		1497.9	1497900	1499.4	1499400	2.5	2500	""osoba1""
""osoba3""		1498.5	1498500	1515.9	1515900	18.400024	18400	""osoba3""
""osoba4""		1498.5	1498500	1499.4	1499400	1.9000244	1900	""osoba4""
""osoba3""		1501.2001	1501200	1515.9	1515900	15.699951	15699	""osoba3""
""osoba3""		1502.4	1502400	1515.9	1515900	14.5	14500	""osoba3""
""osoba3""		1503.6001	1503600	1515.9	1515900	13.299927	13299	""osoba3""
""osoba3""		1504.5	1504500	1515.9	1515900	12.400024	12400	""osoba3""
""osoba3""		1506.0	1506000	1515.9	1515900	10.900024	10900	""osoba3""
""osoba3""		1506.6001	1506600	1515.9	1515900	10.299927	10299	""osoba3""
""osoba3""		1508.1001	1508100	1515.9	1515900	8.799927	8799	""osoba3""
""osoba3""		1509.9	1509900	1515.9	1515900	7.0	7000	""osoba3""
""osoba3""		1511.4	1511400	1515.9	1515900	5.5	5500	""osoba3""
""osoba4""		1511.7001	1511700	1512.0	1512000	1.2999268	1299	""osoba4""
""osoba3""		1513.2001	1513200	1515.9	1515900	3.6999512	3699	""osoba3""
""osoba3""		1514.7001	1514700	1515.9	1515900	2.1999512	2199	""osoba3""
""osoba1""		1515.9	1515900	1531.8	1531800	16.900024	16900	""osoba1""
""osoba1""		1517.7001	1517700	1531.8	1531800	15.099976	15099	""osoba1""
""osoba3""		1522.5	1522500	1524.0	1524000	2.5	2500	""osoba3""
""osoba1""		1524.0	1524000	1531.8	1531800	8.800049	8800	""osoba1""
""osoba1""		1528.2001	1528200	1531.8	1531800	4.5999756	4599	""osoba1""
""osoba1""		1528.8	1528800	1531.8	1531800	4.0	4000	""osoba1""
""osoba4""		1530.0	1530000	1541.7001	1541700	12.700073	12700	""osoba4""
""osoba4""		1533.6001	1533600	1541.7001	1541700	9.099976	9099	""osoba4""
""osoba4""		1534.2001	1534200	1541.7001	1541700	8.5	8500	""osoba4""
""osoba3""		1537.2001	1537200	1537.2001	1537200	1.0	1000	""osoba3""
""osoba4""		1537.5001	1537500	1541.7001	1541700	5.199951	5199	""osoba4""
""osoba4""		1539.3	1539300	1541.7001	1541700	3.4000244	3400	""osoba4""
""osoba4""		1539.9	1539900	1541.7001	1541700	2.8000488	2800	""osoba4""
""osoba1""		1541.1001	1541100	1543.5001	1543500	3.4000244	3400	""osoba1""
""osoba2""		1542.9	1542900	1559.7001	1559700	17.800049	17800	""osoba2""
""osoba1""		1547.1001	1547100	1553.4	1553400	7.2999268	7299	""osoba1""
""osoba3""		1548.3	1548300	1549.5001	1549500	2.2000732	2200	""osoba3""
""osoba2""		1549.2001	1549200	1559.7001	1559700	11.5	11500	""osoba2""
""osoba4""		1549.5001	1549500	1557.6001	1557600	9.099976	9099	""osoba4""
""osoba4""		1551.3	1551300	1557.6001	1557600	7.300049	7300	""osoba4""
""osoba4""		1552.2001	1552200	1557.6001	1557600	6.4000244	6400	""osoba4""
""osoba4""		1553.4	1553400	1557.6001	1557600	5.2000732	5200	""osoba4""
""osoba2""		1555.2001	1555200	1559.7001	1559700	5.5	5500	""osoba2""
""osoba4""		1555.2001	1555200	1557.6001	1557600	3.4000244	3400	""osoba4""
""osoba4""		1557.6001	1557600	1557.6001	1557600	1.0	1000	""osoba4""
""osoba3""		1558.2001	1558200	1563.9	1563900	6.699951	6699	""osoba3""
""osoba2""		1558.8	1558800	1559.7001	1559700	1.9000244	1900	""osoba2""
""osoba3""		1563.3	1563300	1563.9	1563900	1.5999756	1599	""osoba3""
""osoba4""		1563.9	1563900	1588.5001	1588500	25.600098	25600	""osoba4""
""osoba4""		1564.8	1564800	1588.5001	1588500	24.700073	24700	""osoba4""
""osoba4""		1571.4	1571400	1588.5001	1588500	18.100098	18100	""osoba4""
""osoba2""		1572.6001	1572600	1575.3	1575300	3.6999512	3699	""osoba2""
""osoba4""		1576.5001	1576500	1588.5001	1588500	13.0	13000	""osoba4""
""osoba4""		1579.5001	1579500	1588.5001	1588500	10.0	10000	""osoba4""
""osoba2""		1580.7001	1580700	1584.0001	1584000	4.300049	4300	""osoba2""
""osoba4""		1582.2001	1582200	1588.5001	1588500	7.300049	7300	""osoba4""
""osoba2""		1583.4	1583400	1584.0001	1584000	1.6000977	1600	""osoba2""
""osoba1""		1587.0001	1587000	1591.8	1591800	5.7999268	5799	""osoba1""
""osoba4""		1587.0001	1587000	1588.5001	1588500	2.5	2500	""osoba4""
""osoba3""		1590.0001	1590000	1591.8	1591800	2.7999268	2799	""osoba3""
""osoba4""		1590.6001	1590600	1603.8	1603800	14.199951	14199	""osoba4""
""osoba4""		1592.4	1592400	1603.8	1603800	12.400024	12400	""osoba4""
""osoba4""		1593.6001	1593600	1603.8	1603800	11.199951	11199	""osoba4""
""osoba4""		1595.1001	1595100	1603.8	1603800	9.699951	9699	""osoba4""
""osoba4""		1596.3	1596300	1603.8	1603800	8.5	8500	""osoba4""
""osoba4""		1597.2001	1597200	1603.8	1603800	7.5999756	7599	""osoba4""
""osoba4""		1599.6001	1599600	1603.8	1603800	5.199951	5199	""osoba4""
""osoba4""		1600.5001	1600500	1603.8	1603800	4.2999268	4299	""osoba4""
""osoba3""		1601.7001	1601700	1602.0001	1602000	1.3000488	1300	""osoba3""
""osoba4""		1603.2001	1603200	1603.8	1603800	1.5999756	1599	""osoba4""
""osoba3""		1604.1001	1604100	1620.3	1620300	17.199951	17199	""osoba3""
""osoba2""		1604.7001	1604700	1607.7001	1607700	4.0	4000	""osoba2""
""osoba2""		1606.8	1606800	1607.7001	1607700	1.9000244	1900	""osoba2""
""osoba3""		1607.1001	1607100	1620.3	1620300	14.199951	14199	""osoba3""
""osoba3""		1609.2001	1609200	1620.3	1620300	12.099976	12099	""osoba3""
""osoba3""		1610.1001	1610100	1620.3	1620300	11.199951	11199	""osoba3""
""osoba1""		1611.3	1611300	1612.2001	1612200	1.9000244	1900	""osoba1""
""osoba3""		1614.3	1614300	1620.3	1620300	7.0	7000	""osoba3""
""osoba1""		1616.4	1616400	1620.3	1620300	4.9000244	4900	""osoba1""
