"default"		0.0	0	1.0	1000	1.0	1000	BEGIN
"default"		1620.3	1620300	1620.31	1621300	1.0	1000	END
""osoba1""		6.6000004	6600	6.6000004	6600	1.0	1000	""osoba1""
""osoba3""		6.6000004	6600	8.1	8100	2.5	2500	""osoba3""
""osoba4""		7.2000003	7200	14.700001	14700	8.5	8500	""osoba4""
""osoba1""		8.700001	8700	9.900001	9900	2.1999998	2199	""osoba1""
""osoba4""		9.6	9600	14.700001	14700	6.1000004	6100	""osoba4""
""osoba4""		12.0	12000	14.700001	14700	3.7000008	3700	""osoba4""
""osoba1""		12.900001	12900	28.800001	28800	16.900002	16900	""osoba1""
""osoba1""		15.000001	15000	28.800001	28800	14.8	14800	""osoba1""
""osoba3""		16.800001	16800	16.800001	16800	1.0	1000	""osoba3""
""osoba1""		18.6	18600	28.800001	28800	11.200001	11200	""osoba1""
""osoba1""		19.5	19500	28.800001	28800	10.300001	10300	""osoba1""
""osoba1""		20.1	20100	28.800001	28800	9.700001	9700	""osoba1""
""osoba4""		20.7	20700	21.0	21000	1.2999992	1299	""osoba4""
""osoba1""		22.5	22500	28.800001	28800	7.300001	7300	""osoba1""
""osoba1""		24.300001	24300	28.800001	28800	5.5	5500	""osoba1""
""osoba1""		27.000002	27000	28.800001	28800	2.7999992	2799	""osoba1""
""osoba1""		27.6	27600	28.800001	28800	2.2000008	2200	""osoba1""
""osoba1""		28.2	28200	28.800001	28800	1.6000004	1600	""osoba1""
""osoba2""		29.1	29100	39.9	39900	11.800001	11800	""osoba2""
""osoba2""		29.7	29700	39.9	39900	11.200001	11200	""osoba2""
""osoba2""		34.2	34200	39.9	39900	6.700001	6700	""osoba2""
""osoba1""		35.100002	35100	35.4	35400	1.2999992	1299	""osoba1""
""osoba2""		36.300003	36300	39.9	39900	4.5999985	4599	""osoba2""
""osoba1""		37.5	37500	55.800003	55800	19.300003	19300	""osoba1""
""osoba2""		38.100002	38100	39.9	39900	2.7999992	2799	""osoba2""
""osoba1""		38.7	38700	55.800003	55800	18.100002	18100	""osoba1""
""osoba3""		40.5	40500	42.0	42000	2.5	2500	""osoba3""
""osoba4""		40.800003	40800	41.7	41700	1.8999977	1899	""osoba4""
""osoba1""		44.4	44400	55.800003	55800	12.400002	12400	""osoba1""
""osoba1""		45.9	45900	55.800003	55800	10.900002	10900	""osoba1""
""osoba1""		49.500004	49500	55.800003	55800	7.299999	7299	""osoba1""
""osoba1""		51.000004	51000	55.800003	55800	5.799999	5799	""osoba1""
""osoba1""		51.600002	51600	55.800003	55800	5.200001	5200	""osoba1""
""osoba2""		51.600002	51600	52.2	52200	1.5999985	1599	""osoba2""
""osoba1""		54.000004	54000	55.800003	55800	2.7999992	2799	""osoba1""
""osoba1""		54.9	54900	55.800003	55800	1.9000015	1900	""osoba1""
""osoba2""		55.800003	55800	56.100002	56100	1.2999992	1299	""osoba2""
""osoba4""		55.800003	55800	58.500004	58500	3.7000008	3700	""osoba4""
""osoba4""		57.300003	57300	58.500004	58500	2.2000008	2200	""osoba4""
""osoba3""		58.800003	58800	60.000004	60000	2.2000008	2200	""osoba3""
""osoba2""		60.000004	60000	60.9	60900	1.8999977	1899	""osoba2""
""osoba3""		60.000004	60000	60.000004	60000	1.0	1000	""osoba3""
""osoba4""		60.600002	60600	62.4	62400	2.7999992	2799	""osoba4""
""osoba4""		61.500004	61500	62.4	62400	1.8999977	1899	""osoba4""
""osoba1""		62.7	62700	70.5	70500	8.799999	8799	""osoba1""
""osoba1""		64.5	64500	70.5	70500	7.0	7000	""osoba1""
""osoba1""		65.700005	65700	70.5	70500	5.7999954	5799	""osoba1""
""osoba1""		66.3	66300	70.5	70500	5.199997	5199	""osoba1""
""osoba1""		67.5	67500	70.5	70500	4.0	4000	""osoba1""
""osoba4""		67.5	67500	71.4	71400	4.9000015	4900	""osoba4""
""osoba3""		68.100006	68100	72.9	72900	5.7999954	5799	""osoba3""
""osoba2""		68.700005	68700	82.200005	82200	14.5	14500	""osoba2""
""osoba1""		70.5	70500	70.5	70500	1.0	1000	""osoba1""
""osoba4""		70.5	70500	71.4	71400	1.9000015	1900	""osoba4""
""osoba2""		71.100006	71100	82.200005	82200	12.099998	12099	""osoba2""
""osoba3""		75.600006	75600	75.9	75900	1.2999954	1299	""osoba3""
""osoba2""		78.600006	78600	82.200005	82200	4.5999985	4599	""osoba2""
""osoba2""		79.5	79500	82.200005	82200	3.7000046	3700	""osoba2""
""osoba3""		80.100006	80100	85.8	85800	6.699997	6699	""osoba3""
""osoba2""		81.0	81000	82.200005	82200	2.2000046	2200	""osoba2""
""osoba4""		81.600006	81600	82.8	82800	2.199997	2199	""osoba4""
""osoba3""		84.3	84300	85.8	85800	2.5	2500	""osoba3""
""osoba2""		85.200005	85200	85.200005	85200	1.0	1000	""osoba2""
""osoba3""		85.8	85800	85.8	85800	1.0	1000	""osoba3""
""osoba4""		85.8	85800	89.700005	89700	4.9000015	4900	""osoba4""
""osoba4""		87.9	87900	89.700005	89700	2.800003	2800	""osoba4""
""osoba4""		89.100006	89100	89.700005	89700	1.5999985	1599	""osoba4""
""osoba2""		90.0	90000	102.3	102300	13.300003	13300	""osoba2""
""osoba2""		91.200005	91200	102.3	102300	12.099998	12099	""osoba2""
""osoba2""		93.0	93000	102.3	102300	10.300003	10300	""osoba2""
""osoba3""		93.3	93300	93.600006	93600	1.300003	1300	""osoba3""
""osoba2""		93.600006	93600	102.3	102300	9.699997	9699	""osoba2""
""osoba2""		94.200005	94200	102.3	102300	9.099998	9099	""osoba2""
""osoba2""		95.700005	95700	102.3	102300	7.5999985	7599	""osoba2""
""osoba2""		96.3	96300	102.3	102300	7.0	7000	""osoba2""
""osoba2""		98.100006	98100	102.3	102300	5.199997	5199	""osoba2""
""osoba2""		98.700005	98700	102.3	102300	4.5999985	4599	""osoba2""
""osoba4""		99.9	99900	107.4	107400	8.5	8500	""osoba4""
""osoba4""		104.700005	104700	107.4	107400	3.699997	3699	""osoba4""
""osoba4""		106.50001	106500	107.4	107400	1.8999939	1899	""osoba4""
""osoba3""		107.4	107400	115.200005	115200	8.800003	8800	""osoba3""
""osoba3""		110.100006	110100	115.200005	115200	6.0999985	6099	""osoba3""
""osoba1""		113.700005	113700	115.200005	115200	2.5	2500	""osoba1""
""osoba2""		115.8	115800	144.90001	144900	30.100006	30100	""osoba2""
""osoba2""		117.00001	117000	144.90001	144900	28.900002	28900	""osoba2""
""osoba3""		117.3	117300	117.3	117300	1.0	1000	""osoba3""
""osoba2""		118.8	118800	144.90001	144900	27.100006	27100	""osoba2""
""osoba3""		119.4	119400	120.9	120900	2.5	2500	""osoba3""
""osoba3""		120.600006	120600	120.9	120900	1.2999954	1299	""osoba3""
""osoba2""		121.200005	121200	144.90001	144900	24.700005	24700	""osoba2""
""osoba2""		124.50001	124500	144.90001	144900	21.400002	21400	""osoba2""
""osoba3""		125.700005	125700	125.700005	125700	1.0	1000	""osoba3""
""osoba4""		126.600006	126600	127.8	127800	2.199997	2199	""osoba4""
""osoba2""		130.5	130500	144.90001	144900	15.400009	15400	""osoba2""
""osoba2""		132.6	132600	144.90001	144900	13.300003	13300	""osoba2""
""osoba2""		133.5	133500	144.90001	144900	12.400009	12400	""osoba2""
""osoba2""		137.40001	137400	144.90001	144900	8.5	8500	""osoba2""
""osoba2""		138.3	138300	144.90001	144900	7.600006	7600	""osoba2""
""osoba2""		139.20001	139200	144.90001	144900	6.699997	6699	""osoba2""
""osoba4""		139.20001	139200	140.1	140100	1.8999939	1899	""osoba4""
""osoba2""		141.0	141000	144.90001	144900	4.900009	4900	""osoba2""
""osoba2""		141.6	141600	144.90001	144900	4.300003	4300	""osoba2""
""osoba4""		144.0	144000	148.8	148800	5.800003	5800	""osoba4""
""osoba4""		146.1	146100	148.8	148800	3.699997	3699	""osoba4""
""osoba4""		147.90001	147900	148.8	148800	1.8999939	1899	""osoba4""
""osoba1""		148.8	148800	149.40001	149400	1.6000061	1600	""osoba1""
""osoba2""		149.40001	149400	156.0	156000	7.599991	7599	""osoba2""
""osoba2""		150.6	150600	156.0	156000	6.399994	6399	""osoba2""
""osoba2""		154.8	154800	156.0	156000	2.199997	2199	""osoba2""
""osoba3""		154.8	154800	165.90001	165900	12.100006	12100	""osoba3""
""osoba3""		159.0	159000	165.90001	165900	7.900009	7900	""osoba3""
""osoba3""		160.20001	160200	165.90001	165900	6.699997	6699	""osoba3""
""osoba3""		160.8	160800	165.90001	165900	6.100006	6100	""osoba3""
""osoba2""		162.3	162300	162.6	162600	1.300003	1300	""osoba2""
""osoba2""		164.70001	164700	176.70001	176700	13.0	13000	""osoba2""
""osoba2""		166.20001	166200	176.70001	176700	11.5	11500	""osoba2""
""osoba2""		168.6	168600	176.70001	176700	9.100006	9100	""osoba2""
""osoba2""		171.0	171000	176.70001	176700	6.700012	6700	""osoba2""
""osoba2""		171.6	171600	176.70001	176700	6.100006	6100	""osoba2""
""osoba4""		171.6	171600	173.1	173100	2.5	2500	""osoba4""
""osoba2""		172.8	172800	176.70001	176700	4.900009	4900	""osoba2""
""osoba4""		175.8	175800	179.40001	179400	4.600006	4600	""osoba4""
""osoba2""		176.1	176100	176.70001	176700	1.6000061	1600	""osoba2""
""osoba1""		177.0	177000	179.40001	179400	3.4000092	3400	""osoba1""
""osoba4""		177.3	177300	179.40001	179400	3.100006	3100	""osoba4""
""osoba4""		177.90001	177900	179.40001	179400	2.5	2500	""osoba4""
""osoba1""		178.20001	178200	179.40001	179400	2.199997	2199	""osoba1""
""osoba4""		178.5	178500	179.40001	179400	1.9000092	1900	""osoba4""
""osoba3""		179.1	179100	183.6	183600	5.5	5500	""osoba3""
""osoba2""		179.70001	179700	193.20001	193200	14.5	14500	""osoba2""
""osoba2""		182.40001	182400	193.20001	193200	11.800003	11800	""osoba2""
""osoba4""		184.5	184500	184.8	184800	1.300003	1300	""osoba4""
""osoba2""		186.6	186600	193.20001	193200	7.600006	7600	""osoba2""
""osoba3""		190.20001	190200	190.20001	190200	1.0	1000	""osoba3""
""osoba4""		190.20001	190200	203.40001	203400	14.199997	14199	""osoba4""
""osoba4""		194.40001	194400	203.40001	203400	10.0	10000	""osoba4""
""osoba4""		198.00002	198000	203.40001	203400	6.399994	6399	""osoba4""
""osoba4""		198.6	198600	203.40001	203400	5.800003	5800	""osoba4""
""osoba4""		199.20001	199200	203.40001	203400	5.199997	5199	""osoba4""
""osoba4""		201.00002	201000	203.40001	203400	3.399994	3399	""osoba4""
""osoba2""		202.20001	202200	218.70001	218700	17.5	17500	""osoba2""
""osoba4""		202.20001	202200	203.40001	203400	2.199997	2199	""osoba4""
""osoba2""		207.90001	207900	218.70001	218700	11.800003	11800	""osoba2""
""osoba2""		210.3	210300	218.70001	218700	9.400009	9400	""osoba2""
""osoba4""		212.70001	212700	215.1	215100	3.399994	3399	""osoba4""
""osoba2""		213.6	213600	218.70001	218700	6.100006	6100	""osoba2""
""osoba4""		215.1	215100	215.1	215100	1.0	1000	""osoba4""
""osoba2""		216.3	216300	218.70001	218700	3.4000092	3400	""osoba2""
""osoba3""		217.50002	217500	225.90001	225900	9.399994	9399	""osoba3""
""osoba3""		219.90001	219900	225.90001	225900	7.0	7000	""osoba3""
""osoba1""		222.00002	222000	232.50002	232500	11.5	11500	""osoba1""
""osoba3""		224.40001	224400	225.90001	225900	2.5	2500	""osoba3""
""osoba1""		225.90001	225900	232.50002	232500	7.600006	7600	""osoba1""
""osoba3""		225.90001	225900	225.90001	225900	1.0	1000	""osoba3""
""osoba3""		228.90001	228900	229.50002	229500	1.6000061	1600	""osoba3""
""osoba2""		231.00002	231000	255.90001	255900	25.899994	25899	""osoba2""
""osoba1""		235.20001	235200	235.20001	235200	1.0	1000	""osoba1""
""osoba3""		235.20001	235200	235.20001	235200	1.0	1000	""osoba3""
""osoba2""		236.70001	236700	255.90001	255900	20.199997	20199	""osoba2""
""osoba2""		237.3	237300	255.90001	255900	19.600006	19600	""osoba2""
""osoba2""		237.90001	237900	255.90001	255900	19.0	19000	""osoba2""
""osoba4""		238.8	238800	238.8	238800	1.0	1000	""osoba4""
""osoba2""		239.70001	239700	255.90001	255900	17.199997	17199	""osoba2""
""osoba2""		242.70001	242700	255.90001	255900	14.199997	14199	""osoba2""
""osoba2""		243.90001	243900	255.90001	255900	13.0	13000	""osoba2""
""osoba1""		245.40001	245400	245.40001	245400	1.0	1000	""osoba1""
""osoba2""		246.90001	246900	255.90001	255900	10.0	10000	""osoba2""
""osoba3""		252.90001	252900	272.7	272700	20.800003	20800	""osoba3""
""osoba2""		255.00002	255000	255.90001	255900	1.8999939	1899	""osoba2""
""osoba3""		256.2	256200	272.7	272700	17.5	17500	""osoba3""
""osoba3""		257.7	257700	272.7	272700	16.0	16000	""osoba3""
""osoba4""		257.7	257700	259.2	259200	2.5	2500	""osoba4""
""osoba3""		261.0	261000	272.7	272700	12.700012	12700	""osoba3""
""osoba4""		263.7	263700	264.0	264000	1.2999878	1299	""osoba4""
""osoba1""		265.5	265500	267.30002	267300	2.8000183	2800	""osoba1""
""osoba1""		267.0	267000	267.30002	267300	1.3000183	1300	""osoba1""
""osoba3""		267.30002	267300	272.7	272700	6.399994	6399	""osoba3""
""osoba2""		267.6	267600	267.90002	267900	1.3000183	1300	""osoba2""
""osoba3""		267.90002	267900	272.7	272700	5.799988	5799	""osoba3""
""osoba1""		270.0	270000	270.0	270000	1.0	1000	""osoba1""
""osoba3""		270.90002	270900	272.7	272700	2.7999878	2799	""osoba3""
""osoba2""		271.80002	271800	271.80002	271800	1.0	1000	""osoba2""
""osoba4""		272.40002	272400	283.2	283200	11.799988	11799	""osoba4""
""osoba4""		274.80002	274800	283.2	283200	9.399994	9399	""osoba4""
""osoba2""		277.80002	277800	280.2	280200	3.399994	3399	""osoba2""
""osoba3""		278.7	278700	281.1	281100	3.399994	3399	""osoba3""
""osoba3""		281.1	281100	281.1	281100	1.0	1000	""osoba3""
""osoba4""		281.1	281100	283.2	283200	3.100006	3100	""osoba4""
""osoba2""		282.90002	282900	288.30002	288300	6.399994	6399	""osoba2""
""osoba2""		285.30002	285300	288.30002	288300	4.0	4000	""osoba2""
""osoba2""		287.1	287100	288.30002	288300	2.2000122	2200	""osoba2""
""osoba4""		288.30002	288300	306.6	306600	19.299988	19299	""osoba4""
""osoba1""		291.6	291600	292.2	292200	1.6000061	1600	""osoba1""
""osoba4""		291.6	291600	306.6	306600	16.0	16000	""osoba4""
""osoba2""		293.1	293100	294.0	294000	1.8999939	1899	""osoba2""
""osoba2""		294.0	294000	294.0	294000	1.0	1000	""osoba2""
""osoba4""		294.0	294000	306.6	306600	13.600006	13600	""osoba4""
""osoba4""		297.6	297600	306.6	306600	10.0	10000	""osoba4""
""osoba4""		298.2	298200	306.6	306600	9.399994	9399	""osoba4""
""osoba4""		300.30002	300300	306.6	306600	7.299988	7299	""osoba4""
""osoba4""		301.2	301200	306.6	306600	6.399994	6399	""osoba4""
""osoba4""		301.80002	301800	306.6	306600	5.799988	5799	""osoba4""
""osoba4""		302.7	302700	306.6	306600	4.899994	4899	""osoba4""
""osoba4""		303.30002	303300	306.6	306600	4.299988	4299	""osoba4""
""osoba4""		305.7	305700	306.6	306600	1.8999939	1899	""osoba4""
""osoba2""		306.6	306600	317.1	317100	11.5	11500	""osoba2""
""osoba1""		307.80002	307800	308.1	308100	1.2999878	1299	""osoba1""
""osoba4""		309.6	309600	309.6	309600	1.0	1000	""osoba4""
""osoba2""		310.80002	310800	317.1	317100	7.299988	7299	""osoba2""
""osoba1""		314.7	314700	321.0	321000	7.299988	7299	""osoba1""
""osoba2""		315.90002	315900	317.1	317100	2.1999817	2199	""osoba2""
""osoba2""		316.80002	316800	317.1	317100	1.2999878	1299	""osoba2""
""osoba1""		318.90002	318900	321.0	321000	3.0999756	3099	""osoba1""
""osoba4""		320.1	320100	320.40002	320400	1.3000183	1300	""osoba4""
""osoba3""		321.0	321000	327.0	327000	7.0	7000	""osoba3""
""osoba3""		322.2	322200	327.0	327000	5.799988	5799	""osoba3""
""osoba4""		322.5	322500	323.1	323100	1.6000061	1600	""osoba4""
""osoba3""		326.1	326100	327.0	327000	1.8999939	1899	""osoba3""
""osoba1""		326.7	326700	336.90002	336900	11.200012	11200	""osoba1""
""osoba1""		328.2	328200	336.90002	336900	9.700012	9700	""osoba1""
""osoba4""		330.0	330000	330.0	330000	1.0	1000	""osoba4""
""osoba1""		331.2	331200	336.90002	336900	6.700012	6700	""osoba1""
""osoba1""		331.80002	331800	336.90002	336900	6.100006	6100	""osoba1""
""osoba1""		333.90002	333900	336.90002	336900	4.0	4000	""osoba1""
""osoba2""		336.30002	336300	341.7	341700	6.399994	6399	""osoba2""
""osoba4""		337.5	337500	343.2	343200	6.700012	6700	""osoba4""
""osoba1""		339.0	339000	345.0	345000	7.0	7000	""osoba1""
""osoba4""		340.5	340500	343.2	343200	3.7000122	3700	""osoba4""
""osoba3""		342.30002	342300	342.6	342600	1.2999878	1299	""osoba3""
""osoba2""		344.40002	344400	348.30002	348300	4.899994	4899	""osoba2""
""osoba4""		345.90002	345900	347.1	347100	2.1999817	2199	""osoba4""
""osoba3""		348.30002	348300	360.0	360000	12.699982	12699	""osoba3""
""osoba1""		348.6	348600	350.1	350100	2.5	2500	""osoba1""
""osoba3""		351.30002	351300	360.0	360000	9.699982	9699	""osoba3""
""osoba3""		355.2	355200	360.0	360000	5.799988	5799	""osoba3""
""osoba3""		360.0	360000	360.0	360000	1.0	1000	""osoba3""
""osoba4""		360.30002	360300	368.1	368100	8.799988	8799	""osoba4""
""osoba4""		360.90002	360900	368.1	368100	8.199982	8199	""osoba4""
""osoba4""		363.30002	363300	368.1	368100	5.799988	5799	""osoba4""
""osoba2""		363.6	363600	364.5	364500	1.8999939	1899	""osoba2""
""osoba1""		365.1	365100	366.90002	366900	2.8000183	2800	""osoba1""
""osoba4""		366.0	366000	368.1	368100	3.100006	3100	""osoba4""
""osoba1""		366.30002	366300	366.90002	366900	1.6000061	1600	""osoba1""
""osoba3""		367.2	367200	367.5	367500	1.2999878	1299	""osoba3""
""osoba4""		367.2	367200	368.1	368100	1.8999939	1899	""osoba4""
""osoba2""		367.80002	367800	374.40002	374400	7.600006	7600	""osoba2""
""osoba2""		370.80002	370800	374.40002	374400	4.600006	4600	""osoba2""
""osoba4""		372.0	372000	372.90002	372900	1.9000244	1900	""osoba4""
""osoba1""		373.80002	373800	374.40002	374400	1.6000061	1600	""osoba1""
""osoba3""		375.0	375000	378.0	378000	4.0	4000	""osoba3""
""osoba4""		377.40002	377400	378.0	378000	1.5999756	1599	""osoba4""
""osoba1""		378.0	378000	380.40002	380400	3.4000244	3400	""osoba1""
""osoba2""		380.7	380700	399.6	399600	19.899994	19899	""osoba2""
""osoba2""		381.90002	381900	399.6	399600	18.699982	18699	""osoba2""
""osoba2""		384.0	384000	399.6	399600	16.600006	16600	""osoba2""
""osoba2""		387.6	387600	399.6	399600	13.0	13000	""osoba2""
""osoba2""		389.7	389700	399.6	399600	10.899994	10899	""osoba2""
""osoba2""		390.6	390600	399.6	399600	10.0	10000	""osoba2""
""osoba3""		390.90002	390900	390.90002	390900	1.0	1000	""osoba3""
""osoba2""		391.80002	391800	399.6	399600	8.799988	8799	""osoba2""
""osoba4""		392.40002	392400	394.80002	394800	3.399994	3399	""osoba4""
""osoba2""		393.6	393600	399.6	399600	7.0	7000	""osoba2""
""osoba3""		397.50003	397500	417.00003	417000	20.5	20500	""osoba3""
""osoba1""		401.7	401700	402.30002	402300	1.6000061	1600	""osoba1""
""osoba3""		404.1	404100	417.00003	417000	13.900024	13900	""osoba3""
""osoba3""		405.6	405600	417.00003	417000	12.400024	12400	""osoba3""
""osoba3""		406.2	406200	417.00003	417000	11.800018	11800	""osoba3""
""osoba3""		406.80002	406800	417.00003	417000	11.200012	11200	""osoba3""
""osoba4""		407.40002	407400	408.00003	408000	1.6000061	1600	""osoba4""
""osoba4""		410.1	410100	410.40002	410400	1.3000183	1300	""osoba4""
""osoba3""		411.30002	411300	417.00003	417000	6.700012	6700	""osoba3""
""osoba3""		412.50003	412500	417.00003	417000	5.5	5500	""osoba3""
""osoba3""		413.40002	413400	417.00003	417000	4.600006	4600	""osoba3""
""osoba3""		414.00003	414000	417.00003	417000	4.0	4000	""osoba3""
""osoba3""		415.2	415200	417.00003	417000	2.8000183	2800	""osoba3""
""osoba3""		417.00003	417000	417.00003	417000	1.0	1000	""osoba3""
""osoba2""		417.30002	417300	420.00003	420000	3.7000122	3700	""osoba2""
""osoba1""		420.30002	420300	435.90002	435900	16.600006	16600	""osoba1""
""osoba4""		420.6	420600	420.6	420600	1.0	1000	""osoba4""
""osoba1""		426.00003	426000	435.90002	435900	10.899994	10899	""osoba1""
""osoba1""		428.1	428100	435.90002	435900	8.800018	8800	""osoba1""
""osoba1""		429.30002	429300	435.90002	435900	7.600006	7600	""osoba1""
""osoba1""		433.2	433200	435.90002	435900	3.7000122	3700	""osoba1""
""osoba1""		433.80002	433800	435.90002	435900	3.100006	3100	""osoba1""
""osoba4""		433.80002	433800	438.6	438600	5.799988	5799	""osoba4""
""osoba4""		438.30002	438300	438.6	438600	1.2999878	1299	""osoba4""
""osoba3""		438.90002	438900	440.7	440700	2.7999878	2799	""osoba3""
""osoba3""		439.80002	439800	440.7	440700	1.8999939	1899	""osoba3""
""osoba3""		440.7	440700	440.7	440700	1.0	1000	""osoba3""
""osoba4""		441.00003	441000	448.80002	448800	8.799988	8799	""osoba4""
""osoba3""		442.80002	442800	443.1	443100	1.2999878	1299	""osoba3""
""osoba2""		444.6	444600	449.1	449100	5.5	5500	""osoba2""
""osoba4""		445.50003	445500	448.80002	448800	4.299988	4299	""osoba4""
""osoba3""		448.50003	448500	455.1	455100	7.5999756	7599	""osoba3""
""osoba1""		450.6	450600	451.80002	451800	2.2000122	2200	""osoba1""
""osoba1""		451.80002	451800	451.80002	451800	1.0	1000	""osoba1""
""osoba3""		452.1	452100	455.1	455100	4.0	4000	""osoba3""
""osoba3""		453.00003	453000	455.1	455100	3.0999756	3099	""osoba3""
""osoba2""		455.1	455100	460.50003	460500	6.4000244	6400	""osoba2""
""osoba2""		456.30002	456300	460.50003	460500	5.200012	5200	""osoba2""
""osoba4""		456.30002	456300	473.7	473700	18.399994	18399	""osoba4""
""osoba2""		458.40002	458400	460.50003	460500	3.100006	3100	""osoba2""
""osoba4""		458.40002	458400	473.7	473700	16.299988	16299	""osoba4""
""osoba4""		461.7	461700	473.7	473700	13.0	13000	""osoba4""
""osoba4""		464.40002	464400	473.7	473700	10.299988	10299	""osoba4""
""osoba1""		464.7	464700	465.00003	465000	1.3000183	1300	""osoba1""
""osoba2""		464.7	464700	464.7	464700	1.0	1000	""osoba2""
""osoba4""		466.50003	466500	473.7	473700	8.199982	8199	""osoba4""
""osoba4""		467.40002	467400	473.7	473700	7.299988	7299	""osoba4""
""osoba4""		468.00003	468000	473.7	473700	6.6999817	6699	""osoba4""
""osoba4""		469.80002	469800	473.7	473700	4.899994	4899	""osoba4""
""osoba4""		470.40002	470400	473.7	473700	4.299988	4299	""osoba4""
""osoba1""		471.6	471600	472.50003	472500	1.9000244	1900	""osoba1""
""osoba2""		471.90002	471900	492.90002	492900	22.0	22000	""osoba2""
""osoba2""		473.40002	473400	492.90002	492900	20.5	20500	""osoba2""
""osoba2""		478.50003	478500	492.90002	492900	15.399994	15399	""osoba2""
""osoba2""		480.00003	480000	492.90002	492900	13.899994	13899	""osoba2""
""osoba2""		481.2	481200	492.90002	492900	12.700012	12700	""osoba2""
""osoba2""		483.00003	483000	492.90002	492900	10.899994	10899	""osoba2""
""osoba3""		483.30002	483300	485.1	485100	2.7999878	2799	""osoba3""
""osoba2""		487.2	487200	492.90002	492900	6.700012	6700	""osoba2""
""osoba1""		489.30002	489300	490.80002	490800	2.5	2500	""osoba1""
""osoba3""		489.6	489600	490.2	490200	1.6000061	1600	""osoba3""
""osoba2""		490.80002	490800	492.90002	492900	3.100006	3100	""osoba2""
""osoba2""		491.7	491700	492.90002	492900	2.2000122	2200	""osoba2""
""osoba2""		492.6	492600	492.90002	492900	1.3000183	1300	""osoba2""
""osoba1""		493.2	493200	502.50003	502500	10.300018	10300	""osoba1""
""osoba1""		493.80002	493800	502.50003	502500	9.700012	9700	""osoba1""
""osoba1""		494.7	494700	502.50003	502500	8.800018	8800	""osoba1""
""osoba1""		495.90002	495900	502.50003	502500	7.600006	7600	""osoba1""
""osoba1""		497.1	497100	502.50003	502500	6.4000244	6400	""osoba1""
""osoba1""		499.80002	499800	502.50003	502500	3.7000122	3700	""osoba1""
""osoba1""		501.30002	501300	502.50003	502500	2.2000122	2200	""osoba1""
""osoba2""		501.90002	501900	503.1	503100	2.1999817	2199	""osoba2""
""osoba4""		501.90002	501900	504.90002	504900	4.0	4000	""osoba4""
""osoba4""		503.1	503100	504.90002	504900	2.8000183	2800	""osoba4""
""osoba4""		504.6	504600	504.90002	504900	1.3000183	1300	""osoba4""
""osoba2""		505.2	505200	508.50003	508500	4.3000183	4300	""osoba2""
""osoba3""		505.80002	505800	506.40002	506400	1.6000061	1600	""osoba3""
""osoba1""		507.00003	507000	511.2	511200	5.1999817	5199	""osoba1""
""osoba1""		509.7	509700	511.2	511200	2.5	2500	""osoba1""
""osoba1""		510.30002	510300	511.2	511200	1.8999939	1899	""osoba1""
""osoba2""		511.80002	511800	512.4	512400	1.6000061	1600	""osoba2""
""osoba3""		513.0	513000	516.9	516900	4.9000244	4900	""osoba3""
""osoba3""		513.60004	513600	516.9	516900	4.299988	4299	""osoba3""
""osoba3""		515.4	515400	516.9	516900	2.5	2500	""osoba3""
""osoba2""		515.7	515700	524.7	524700	10.0	10000	""osoba2""
""osoba1""		517.5	517500	517.5	517500	1.0	1000	""osoba1""
""osoba4""		518.10004	518100	519.30005	519300	2.2000122	2200	""osoba4""
""osoba2""		522.60004	522600	524.7	524700	3.0999756	3099	""osoba2""
""osoba4""		523.5	523500	534.0	534000	11.5	11500	""osoba4""
""osoba1""		528.60004	528600	534.9	534900	7.299988	7299	""osoba1""
""osoba2""		528.60004	528600	531.30005	531300	3.7000122	3700	""osoba2""
""osoba4""		528.60004	528600	534.0	534000	6.3999634	6399	""osoba4""
""osoba2""		530.4	530400	531.30005	531300	1.9000244	1900	""osoba2""
""osoba1""		533.10004	533100	534.9	534900	2.7999878	2799	""osoba1""
""osoba2""		534.30005	534300	545.7	545700	12.399963	12399	""osoba2""
""osoba2""		537.60004	537600	545.7	545700	9.099976	9099	""osoba2""
""osoba2""		539.10004	539100	545.7	545700	7.5999756	7599	""osoba2""
""osoba2""		542.4	542400	545.7	545700	4.299988	4299	""osoba2""
""osoba2""		544.2	544200	545.7	545700	2.5	2500	""osoba2""
""osoba2""		544.80005	544800	545.7	545700	1.8999634	1899	""osoba2""
""osoba3""		546.30005	546300	549.30005	549300	4.0	4000	""osoba3""
""osoba4""		546.60004	546600	547.5	547500	1.8999634	1899	""osoba4""
""osoba3""		549.0	549000	549.30005	549300	1.3000488	1300	""osoba3""
""osoba2""		549.30005	549300	560.4	560400	12.099976	12099	""osoba2""
""osoba2""		551.10004	551100	560.4	560400	10.299988	10299	""osoba2""
""osoba3""		552.30005	552300	552.9	552900	1.5999756	1599	""osoba3""
""osoba1""		553.5	553500	553.5	553500	1.0	1000	""osoba1""
""osoba4""		553.80005	553800	558.0	558000	5.199951	5199	""osoba4""
""osoba2""		555.30005	555300	560.4	560400	6.0999756	6099	""osoba2""
""osoba4""		555.30005	555300	558.0	558000	3.6999512	3699	""osoba4""
""osoba3""		555.60004	555600	557.10004	557100	2.5	2500	""osoba3""
""osoba2""		557.7	557700	560.4	560400	3.7000122	3700	""osoba2""
""osoba4""		558.0	558000	558.0	558000	1.0	1000	""osoba4""
""osoba4""		560.4	560400	563.4	563400	4.0	4000	""osoba4""
""osoba4""		561.60004	561600	563.4	563400	2.7999878	2799	""osoba4""
""osoba2""		562.5	562500	575.10004	575100	13.600037	13600	""osoba2""
""osoba4""		562.5	562500	563.4	563400	1.9000244	1900	""osoba4""
""osoba1""		563.7	563700	565.2	565200	2.5	2500	""osoba1""
""osoba2""		565.5	565500	575.10004	575100	10.600037	10600	""osoba2""
""osoba4""		566.10004	566100	566.10004	566100	1.0	1000	""osoba4""
""osoba2""		567.60004	567600	575.10004	575100	8.5	8500	""osoba2""
""osoba2""		568.2	568200	575.10004	575100	7.9000244	7900	""osoba2""
""osoba4""		569.10004	569100	569.10004	569100	1.0	1000	""osoba4""
""osoba2""		569.7	569700	575.10004	575100	6.4000244	6400	""osoba2""
""osoba3""		570.30005	570300	570.30005	570300	1.0	1000	""osoba3""
""osoba2""		572.4	572400	575.10004	575100	3.7000122	3700	""osoba2""
""osoba4""		573.60004	573600	573.9	573900	1.2999878	1299	""osoba4""
""osoba2""		573.9	573900	575.10004	575100	2.2000122	2200	""osoba2""
""osoba3""		574.80005	574800	587.10004	587100	13.299988	13299	""osoba3""
""osoba3""		577.2	577200	587.10004	587100	10.900024	10900	""osoba3""
""osoba1""		578.4	578400	578.4	578400	1.0	1000	""osoba1""
""osoba4""		578.4	578400	578.7	578700	1.2999878	1299	""osoba4""
""osoba2""		579.9	579900	581.7	581700	2.7999878	2799	""osoba2""
""osoba3""		580.5	580500	587.10004	587100	7.6000366	7600	""osoba3""
""osoba2""		581.4	581400	581.7	581700	1.2999878	1299	""osoba2""
""osoba4""		581.7	581700	582.9	582900	2.2000122	2200	""osoba4""
""osoba2""		586.2	586200	593.4	593400	8.200012	8200	""osoba2""
""osoba1""		588.9	588900	589.2	589200	1.2999878	1299	""osoba1""
""osoba1""		592.5	592500	594.60004	594600	3.1000366	3100	""osoba1""
""osoba4""		594.60004	594600	600.30005	600300	6.700012	6700	""osoba4""
""osoba3""		594.9	594900	594.9	594900	1.0	1000	""osoba3""
""osoba4""		595.80005	595800	600.30005	600300	5.5	5500	""osoba4""
""osoba2""		596.7	596700	597.0	597000	1.2999878	1299	""osoba2""
""osoba3""		599.4	599400	607.2	607200	8.799988	8799	""osoba3""
""osoba2""		600.30005	600300	601.80005	601800	2.5	2500	""osoba2""
""osoba2""		601.80005	601800	601.80005	601800	1.0	1000	""osoba2""
""osoba3""		601.80005	601800	607.2	607200	6.3999634	6399	""osoba3""
""osoba4""		603.0	603000	603.0	603000	1.0	1000	""osoba4""
""osoba3""		603.9	603900	607.2	607200	4.299988	4299	""osoba3""
""osoba2""		605.4	605400	632.10004	632100	27.700012	27700	""osoba2""
""osoba2""		608.10004	608100	632.10004	632100	25.0	25000	""osoba2""
""osoba2""		609.30005	609300	632.10004	632100	23.799988	23799	""osoba2""
""osoba1""		609.60004	609600	609.60004	609600	1.0	1000	""osoba1""
""osoba2""		610.5	610500	632.10004	632100	22.600037	22600	""osoba2""
""osoba2""		611.10004	611100	632.10004	632100	22.0	22000	""osoba2""
""osoba3""		611.10004	611100	611.7	611700	1.5999756	1599	""osoba3""
""osoba2""		612.9	612900	632.10004	632100	20.200012	20200	""osoba2""
""osoba1""		613.80005	613800	617.4	617400	4.5999756	4599	""osoba1""
""osoba4""		614.4	614400	618.9	618900	5.5	5500	""osoba4""
""osoba4""		618.30005	618300	618.9	618900	1.5999756	1599	""osoba4""
""osoba2""		618.60004	618600	632.10004	632100	14.5	14500	""osoba2""
""osoba2""		619.80005	619800	632.10004	632100	13.299988	13299	""osoba2""
""osoba1""		620.10004	620100	621.0	621000	1.8999634	1899	""osoba1""
""osoba2""		621.9	621900	632.10004	632100	11.200012	11200	""osoba2""
""osoba2""		622.80005	622800	632.10004	632100	10.299988	10299	""osoba2""
""osoba3""		622.80005	622800	623.10004	623100	1.2999878	1299	""osoba3""
""osoba2""		624.9	624900	632.10004	632100	8.200012	8200	""osoba2""
""osoba2""		625.80005	625800	632.10004	632100	7.299988	7299	""osoba2""
""osoba2""		626.4	626400	632.10004	632100	6.700012	6700	""osoba2""
""osoba3""		627.30005	627300	627.60004	627600	1.2999878	1299	""osoba3""
""osoba1""		630.60004	630600	644.10004	644100	14.5	14500	""osoba1""
""osoba2""		632.10004	632100	632.10004	632100	1.0	1000	""osoba2""
""osoba1""		634.80005	634800	644.10004	644100	10.299988	10299	""osoba1""
""osoba1""		636.0	636000	644.10004	644100	9.100037	9100	""osoba1""
""osoba1""		637.2	637200	644.10004	644100	7.9000244	7900	""osoba1""
""osoba1""		638.4	638400	644.10004	644100	6.700012	6700	""osoba1""
""osoba2""		638.4	638400	638.4	638400	1.0	1000	""osoba2""
""osoba3""		639.30005	639300	640.2	640200	1.8999634	1899	""osoba3""
""osoba1""		641.7	641700	644.10004	644100	3.4000244	3400	""osoba1""
""osoba2""		643.5	643500	656.10004	656100	13.600037	13600	""osoba2""
""osoba2""		645.30005	645300	656.10004	656100	11.799988	11799	""osoba2""
""osoba4""		647.4	647400	650.10004	650100	3.7000122	3700	""osoba4""
""osoba2""		651.30005	651300	656.10004	656100	5.799988	5799	""osoba2""
""osoba1""		651.9	651900	652.5	652500	1.5999756	1599	""osoba1""
""osoba2""		653.4	653400	656.10004	656100	3.7000122	3700	""osoba2""
""osoba3""		653.7	653700	664.5	664500	11.799988	11799	""osoba3""
""osoba2""		655.2	655200	656.10004	656100	1.9000244	1900	""osoba2""
""osoba3""		655.2	655200	664.5	664500	10.299988	10299	""osoba3""
""osoba1""		655.80005	655800	655.80005	655800	1.0	1000	""osoba1""
""osoba3""		657.30005	657300	664.5	664500	8.199951	8199	""osoba3""
""osoba3""		658.5	658500	664.5	664500	7.0	7000	""osoba3""
""osoba3""		660.30005	660300	664.5	664500	5.199951	5199	""osoba3""
""osoba4""		662.4	662400	669.30005	669300	7.9000244	7900	""osoba4""
""osoba4""		666.60004	666600	669.30005	669300	3.7000122	3700	""osoba4""
""osoba3""		668.7	668700	679.80005	679800	12.100037	12100	""osoba3""
""osoba1""		670.80005	670800	670.80005	670800	1.0	1000	""osoba1""
""osoba3""		671.4	671400	679.80005	679800	9.400024	9400	""osoba3""
""osoba2""		674.10004	674100	675.60004	675600	2.5	2500	""osoba2""
""osoba3""		676.2	676200	679.80005	679800	4.6000366	4600	""osoba3""
""osoba3""		677.4	677400	679.80005	679800	3.4000244	3400	""osoba3""
""osoba3""		678.60004	678600	679.80005	679800	2.2000122	2200	""osoba3""
""osoba1""		679.2	679200	684.0	684000	5.799988	5799	""osoba1""
""osoba1""		682.2	682200	684.0	684000	2.7999878	2799	""osoba1""
""osoba2""		682.5	682500	682.80005	682800	1.3000488	1300	""osoba2""
""osoba4""		684.0	684000	693.0	693000	10.0	10000	""osoba4""
""osoba3""		685.5	685500	686.4	686400	1.9000244	1900	""osoba3""
""osoba4""		687.30005	687300	693.0	693000	6.699951	6699	""osoba4""
""osoba4""		689.4	689400	693.0	693000	4.5999756	4599	""osoba4""
""osoba4""		690.30005	690300	693.0	693000	3.6999512	3699	""osoba4""
""osoba4""		690.9	690900	693.0	693000	3.0999756	3099	""osoba4""
""osoba1""		691.80005	691800	696.30005	696300	5.5	5500	""osoba1""
""osoba1""		694.80005	694800	696.30005	696300	2.5	2500	""osoba1""
""osoba2""		696.0	696000	697.2	697200	2.2000122	2200	""osoba2""
""osoba4""		697.80005	697800	706.5	706500	9.699951	9699	""osoba4""
""osoba4""		699.0	699000	706.5	706500	8.5	8500	""osoba4""
""osoba2""		699.30005	699300	700.5	700500	2.1999512	2199	""osoba2""
""osoba2""		703.2	703200	710.10004	710100	7.9000244	7900	""osoba2""
""osoba4""		703.5	703500	706.5	706500	4.0	4000	""osoba4""
""osoba4""		705.60004	705600	706.5	706500	1.8999634	1899	""osoba4""
""osoba2""		706.2	706200	710.10004	710100	4.9000244	4900	""osoba2""
""osoba4""		706.2	706200	706.5	706500	1.2999878	1299	""osoba4""
""osoba3""		706.80005	706800	714.9	714900	9.099976	9099	""osoba3""
""osoba2""		708.60004	708600	710.10004	710100	2.5	2500	""osoba2""
""osoba3""		710.10004	710100	714.9	714900	5.799988	5799	""osoba3""
""osoba3""		712.80005	712800	714.9	714900	3.0999756	3099	""osoba3""
""osoba3""		714.0	714000	714.9	714900	1.9000244	1900	""osoba3""
""osoba4""		715.2	715200	738.0	738000	23.799988	23799	""osoba4""
""osoba4""		717.0	717000	738.0	738000	22.0	22000	""osoba4""
""osoba4""		719.4	719400	738.0	738000	19.599976	19599	""osoba4""
""osoba4""		722.7	722700	738.0	738000	16.299988	16299	""osoba4""
""osoba4""		723.60004	723600	738.0	738000	15.399963	15399	""osoba4""
""osoba1""		724.2	724200	727.5	727500	4.299988	4299	""osoba1""
""osoba1""		726.60004	726600	727.5	727500	1.8999634	1899	""osoba1""
""osoba4""		729.30005	729300	738.0	738000	9.699951	9699	""osoba4""
""osoba3""		734.10004	734100	744.30005	744300	11.200012	11200	""osoba3""
""osoba4""		734.10004	734100	738.0	738000	4.8999634	4899	""osoba4""
""osoba3""		739.80005	739800	744.30005	744300	5.5	5500	""osoba3""
""osoba3""		741.0	741000	744.30005	744300	4.300049	4300	""osoba3""
""osoba3""		741.60004	741600	744.30005	744300	3.7000122	3700	""osoba3""
""osoba3""		742.80005	742800	744.30005	744300	2.5	2500	""osoba3""
""osoba2""		744.30005	744300	759.9	759900	16.599976	16599	""osoba2""
""osoba2""		745.2	745200	759.9	759900	15.700012	15700	""osoba2""
""osoba1""		745.5	745500	745.5	745500	1.0	1000	""osoba1""
""osoba2""		746.10004	746100	759.9	759900	14.799988	14799	""osoba2""
""osoba2""		748.5	748500	759.9	759900	12.400024	12400	""osoba2""
""osoba4""		748.5	748500	748.5	748500	1.0	1000	""osoba4""
""osoba2""		749.10004	749100	759.9	759900	11.799988	11799	""osoba2""
""osoba2""		750.60004	750600	759.9	759900	10.299988	10299	""osoba2""
""osoba2""		752.10004	752100	759.9	759900	8.799988	8799	""osoba2""
""osoba2""		755.10004	755100	759.9	759900	5.799988	5799	""osoba2""
""osoba2""		756.30005	756300	759.9	759900	4.5999756	4599	""osoba2""
""osoba3""		756.60004	756600	757.80005	757800	2.2000122	2200	""osoba3""
""osoba3""		757.5	757500	757.80005	757800	1.3000488	1300	""osoba3""
""osoba2""		759.0	759000	759.9	759900	1.9000244	1900	""osoba2""
""osoba4""		760.2	760200	761.7	761700	2.5	2500	""osoba4""
""osoba3""		761.10004	761100	764.7	764700	4.5999756	4599	""osoba3""
""osoba1""		763.80005	763800	766.80005	766800	4.0	4000	""osoba1""
""osoba4""		764.4	764400	764.4	764400	1.0	1000	""osoba4""
""osoba2""		765.60004	765600	769.2	769200	4.5999756	4599	""osoba2""
""osoba4""		768.0	768000	778.2	778200	11.200012	11200	""osoba4""
""osoba2""		768.9	768900	769.2	769200	1.2999878	1299	""osoba2""
""osoba3""		769.80005	769800	771.60004	771600	2.7999878	2799	""osoba3""
""osoba4""		773.4	773400	778.2	778200	5.799988	5799	""osoba4""
""osoba2""		775.80005	775800	805.80005	805800	31.0	31000	""osoba2""
""osoba4""		775.80005	775800	778.2	778200	3.3999634	3399	""osoba4""
""osoba2""		779.10004	779100	805.80005	805800	27.700012	27700	""osoba2""
""osoba2""		780.9	780900	805.80005	805800	25.900024	25900	""osoba2""
""osoba2""		781.50006	781500	805.80005	805800	25.299988	25299	""osoba2""
""osoba2""		782.7	782700	805.80005	805800	24.100037	24100	""osoba2""
""osoba4""		783.60004	783600	785.10004	785100	2.5	2500	""osoba4""
""osoba2""		783.9	783900	805.80005	805800	22.900024	22900	""osoba2""
""osoba3""		785.10004	785100	785.7	785700	1.5999756	1599	""osoba3""
""osoba2""		791.7	791700	805.80005	805800	15.100037	15100	""osoba2""
""osoba2""		792.60004	792600	805.80005	805800	14.200012	14200	""osoba2""
""osoba2""		793.2	793200	805.80005	805800	13.600037	13600	""osoba2""
""osoba2""		795.60004	795600	805.80005	805800	11.200012	11200	""osoba2""
""osoba4""		796.2	796200	796.50006	796500	1.3000488	1300	""osoba4""
""osoba2""		797.4	797400	805.80005	805800	9.400024	9400	""osoba2""
""osoba1""		798.60004	798600	798.60004	798600	1.0	1000	""osoba1""
""osoba2""		799.50006	799500	805.80005	805800	7.299988	7299	""osoba2""
""osoba2""		801.60004	801600	805.80005	805800	5.200012	5200	""osoba2""
""osoba2""		803.10004	803100	805.80005	805800	3.7000122	3700	""osoba2""
""osoba4""		803.7	803700	804.9	804900	2.2000122	2200	""osoba4""
""osoba3""		804.00006	804000	817.2	817200	14.199951	14199	""osoba3""
""osoba1""		805.80005	805800	805.80005	805800	1.0	1000	""osoba1""
""osoba3""		809.4	809400	817.2	817200	8.799988	8799	""osoba3""
""osoba2""		811.80005	811800	818.4	818400	7.5999756	7599	""osoba2""
""osoba4""		811.80005	811800	813.00006	813000	2.2000122	2200	""osoba4""
""osoba4""		816.30005	816300	816.30005	816300	1.0	1000	""osoba4""
""osoba1""		818.4	818400	825.00006	825000	7.6000366	7600	""osoba1""
""osoba1""		820.80005	820800	825.00006	825000	5.200012	5200	""osoba1""
""osoba1""		823.2	823200	825.00006	825000	2.8000488	2800	""osoba1""
""osoba4""		823.50006	823500	826.2	826200	3.6999512	3699	""osoba4""
""osoba3""		824.4	824400	833.7	833700	10.299988	10299	""osoba3""
""osoba2""		825.30005	825300	825.9	825900	1.5999756	1599	""osoba2""
""osoba3""		826.2	826200	833.7	833700	8.5	8500	""osoba3""
""osoba4""		826.2	826200	826.2	826200	1.0	1000	""osoba4""
""osoba3""		828.00006	828000	833.7	833700	6.699951	6699	""osoba3""
""osoba3""		831.60004	831600	833.7	833700	3.0999756	3099	""osoba3""
""osoba3""		833.10004	833100	833.7	833700	1.5999756	1599	""osoba3""
""osoba2""		833.4	833400	836.4	836400	4.0	4000	""osoba2""
""osoba4""		834.30005	834300	847.2	847200	13.899963	13899	""osoba4""
""osoba2""		834.60004	834600	836.4	836400	2.7999878	2799	""osoba2""
""osoba4""		837.60004	837600	847.2	847200	10.599976	10599	""osoba4""
""osoba4""		838.50006	838500	847.2	847200	9.699951	9699	""osoba4""
""osoba4""		843.00006	843000	847.2	847200	5.199951	5199	""osoba4""
""osoba2""		846.60004	846600	852.30005	852300	6.700012	6700	""osoba2""
""osoba2""		847.80005	847800	852.30005	852300	5.5	5500	""osoba2""
""osoba2""		848.4	848400	852.30005	852300	4.9000244	4900	""osoba2""
""osoba2""		850.2	850200	852.30005	852300	3.1000366	3100	""osoba2""
""osoba4""		851.7	851700	856.2	856200	5.5	5500	""osoba4""
""osoba4""		854.7	854700	856.2	856200	2.5	2500	""osoba4""
""osoba3""		855.60004	855600	885.9	885900	31.299988	31299	""osoba3""
""osoba3""		860.4	860400	885.9	885900	26.5	26500	""osoba3""
""osoba3""		861.9	861900	885.9	885900	25.0	25000	""osoba3""
""osoba4""		861.9	861900	861.9	861900	1.0	1000	""osoba4""
""osoba3""		862.80005	862800	885.9	885900	24.099976	24099	""osoba3""
""osoba3""		863.4	863400	885.9	885900	23.5	23500	""osoba3""
""osoba3""		865.50006	865500	885.9	885900	21.399963	21399	""osoba3""
""osoba4""		865.80005	865800	866.10004	866100	1.2999878	1299	""osoba4""
""osoba2""		866.10004	866100	868.2	868200	3.0999756	3099	""osoba2""
""osoba3""		867.60004	867600	885.9	885900	19.299988	19299	""osoba3""
""osoba3""		870.30005	870300	885.9	885900	16.599976	16599	""osoba3""
""osoba3""		871.50006	871500	885.9	885900	15.399963	15399	""osoba3""
""osoba3""		872.7	872700	885.9	885900	14.200012	14200	""osoba3""
""osoba3""		873.30005	873300	885.9	885900	13.599976	13599	""osoba3""
""osoba3""		873.9	873900	885.9	885900	13.0	13000	""osoba3""
""osoba3""		875.10004	875100	885.9	885900	11.799988	11799	""osoba3""
""osoba4""		875.10004	875100	875.7	875700	1.5999756	1599	""osoba4""
""osoba3""		876.60004	876600	885.9	885900	10.299988	10299	""osoba3""
""osoba3""		877.2	877200	885.9	885900	9.700012	9700	""osoba3""
""osoba3""		878.4	878400	885.9	885900	8.5	8500	""osoba3""
""osoba3""		879.30005	879300	885.9	885900	7.5999756	7599	""osoba3""
""osoba1""		879.9	879900	880.2	880200	1.2999878	1299	""osoba1""
""osoba3""		879.9	879900	885.9	885900	7.0	7000	""osoba3""
""osoba4""		883.50006	883500	884.7	884700	2.1999512	2199	""osoba4""
""osoba1""		885.9	885900	891.30005	891300	6.4000244	6400	""osoba1""
""osoba1""		887.7	887700	891.30005	891300	4.6000366	4600	""osoba1""
""osoba2""		889.50006	889500	893.4	893400	4.8999634	4899	""osoba2""
""osoba4""		891.60004	891600	898.80005	898800	8.200012	8200	""osoba4""
""osoba4""		895.80005	895800	898.80005	898800	4.0	4000	""osoba4""
""osoba4""		896.4	896400	898.80005	898800	3.4000244	3400	""osoba4""
""osoba4""		897.00006	897000	898.80005	898800	2.7999878	2799	""osoba4""
""osoba3""		898.2	898200	921.9	921900	24.700012	24700	""osoba3""
""osoba1""		900.60004	900600	900.60004	900600	1.0	1000	""osoba1""
""osoba3""		901.2	901200	921.9	921900	21.700012	21700	""osoba3""
""osoba3""		902.10004	902100	921.9	921900	20.799988	20799	""osoba3""
""osoba2""		903.00006	903000	903.00006	903000	1.0	1000	""osoba2""
""osoba4""		903.60004	903600	903.60004	903600	1.0	1000	""osoba4""
""osoba3""		905.10004	905100	921.9	921900	17.799988	17799	""osoba3""
""osoba1""		906.9	906900	906.9	906900	1.0	1000	""osoba1""
""osoba3""		908.4	908400	921.9	921900	14.5	14500	""osoba3""
""osoba4""		908.7	908700	909.00006	909000	1.3000488	1300	""osoba4""
""osoba3""		910.80005	910800	921.9	921900	12.099976	12099	""osoba3""
""osoba4""		911.10004	911100	912.9	912900	2.7999878	2799	""osoba4""
""osoba3""		911.4	911400	921.9	921900	11.5	11500	""osoba3""
""osoba1""		913.2	913200	913.80005	913800	1.6000366	1600	""osoba1""
""osoba3""		916.80005	916800	921.9	921900	6.0999756	6099	""osoba3""
""osoba4""		918.60004	918600	920.10004	920100	2.5	2500	""osoba4""
""osoba3""		921.30005	921300	921.9	921900	1.5999756	1599	""osoba3""
""osoba2""		921.9	921900	930.30005	930300	9.400024	9400	""osoba2""
""osoba2""		922.80005	922800	930.30005	930300	8.5	8500	""osoba2""
""osoba2""		923.4	923400	930.30005	930300	7.9000244	7900	""osoba2""
""osoba1""		924.60004	924600	924.9	924900	1.2999878	1299	""osoba1""
""osoba4""		924.60004	924600	924.60004	924600	1.0	1000	""osoba4""
""osoba2""		927.00006	927000	930.30005	930300	4.299988	4299	""osoba2""
""osoba2""		927.60004	927600	930.30005	930300	3.7000122	3700	""osoba2""
""osoba2""		928.2	928200	930.30005	930300	3.1000366	3100	""osoba2""
""osoba3""		930.00006	930000	934.50006	934500	5.5	5500	""osoba3""
""osoba3""		932.4	932400	934.50006	934500	3.1000366	3100	""osoba3""
""osoba2""		932.7	932700	948.60004	948600	16.900024	16900	""osoba2""
""osoba2""		934.50006	934500	948.60004	948600	15.099976	15099	""osoba2""
""osoba2""		936.9	936900	948.60004	948600	12.700012	12700	""osoba2""
""osoba2""		937.80005	937800	948.60004	948600	11.799988	11799	""osoba2""
""osoba2""		938.4	938400	948.60004	948600	11.200012	11200	""osoba2""
""osoba4""		939.00006	939000	939.00006	939000	1.0	1000	""osoba4""
""osoba2""		943.2	943200	948.60004	948600	6.4000244	6400	""osoba2""
""osoba2""		944.4	944400	948.60004	948600	5.200012	5200	""osoba2""
""osoba2""		945.00006	945000	948.60004	948600	4.5999756	4599	""osoba2""
""osoba2""		946.80005	946800	948.60004	948600	2.7999878	2799	""osoba2""
""osoba1""		947.7	947700	952.2	952200	5.5	5500	""osoba1""
""osoba3""		947.7	947700	948.9	948900	2.2000122	2200	""osoba3""
""osoba1""		950.4	950400	952.2	952200	2.7999878	2799	""osoba1""
""osoba4""		951.30005	951300	953.7	953700	3.3999634	3399	""osoba4""
""osoba2""		952.2	952200	959.7	959700	8.5	8500	""osoba2""
""osoba4""		953.10004	953100	953.7	953700	1.5999756	1599	""osoba4""
""osoba2""		953.4	953400	959.7	959700	7.299988	7299	""osoba2""
""osoba4""		958.2	958200	958.2	958200	1.0	1000	""osoba4""
""osoba1""		960.00006	960000	964.2	964200	5.199951	5199	""osoba1""
""osoba1""		961.50006	961500	964.2	964200	3.6999512	3699	""osoba1""
""osoba1""		963.00006	963000	964.2	964200	2.1999512	2199	""osoba1""
""osoba2""		964.2	964200	974.7	974700	11.5	11500	""osoba2""
""osoba2""		972.30005	972300	974.7	974700	3.3999634	3399	""osoba2""
""osoba3""		973.80005	973800	988.80005	988800	16.0	16000	""osoba3""
""osoba3""		976.2	976200	988.80005	988800	13.600037	13600	""osoba3""
""osoba3""		984.00006	984000	988.80005	988800	5.799988	5799	""osoba3""
""osoba3""		985.2	985200	988.80005	988800	4.6000366	4600	""osoba3""
""osoba2""		989.10004	989100	998.4	998400	10.299988	10299	""osoba2""
""osoba2""		990.9	990900	998.4	998400	8.5	8500	""osoba2""
""osoba4""		991.80005	991800	991.80005	991800	1.0	1000	""osoba4""
""osoba2""		994.2	994200	998.4	998400	5.200012	5200	""osoba2""
""osoba2""		994.80005	994800	998.4	998400	4.5999756	4599	""osoba2""
""osoba2""		995.4	995400	998.4	998400	4.0	4000	""osoba2""
""osoba2""		997.80005	997800	998.4	998400	1.5999756	1599	""osoba2""
""osoba4""		998.4	998400	1010.10004	1010100	12.700012	12700	""osoba4""
""osoba3""		999.30005	999300	1003.80005	1003800	5.5	5500	""osoba3""
""osoba3""		1000.50006	1000500	1003.80005	1003800	4.299988	4299	""osoba3""
""osoba4""		1001.4	1001400	1010.10004	1010100	9.700012	9700	""osoba4""
""osoba1""		1005.9	1005900	1005.9	1005900	1.0	1000	""osoba1""
""osoba4""		1006.2	1006200	1010.10004	1010100	4.9000244	4900	""osoba4""
""osoba2""		1006.80005	1006800	1009.2	1009200	3.3999634	3399	""osoba2""
""osoba1""		1008.30005	1008300	1015.2	1015200	7.8999634	7899	""osoba1""
""osoba3""		1011.00006	1011000	1011.60004	1011600	1.5999756	1599	""osoba3""
""osoba2""		1011.30005	1011300	1034.7001	1034700	24.400024	24400	""osoba2""
""osoba1""		1013.4	1013400	1015.2	1015200	2.7999878	2799	""osoba1""
""osoba2""		1013.7	1013700	1034.7001	1034700	22.000061	22000	""osoba2""
""osoba3""		1014.9	1014900	1015.2	1015200	1.2999878	1299	""osoba3""
""osoba2""		1020.30005	1020300	1034.7001	1034700	15.400024	15400	""osoba2""
""osoba4""		1020.60004	1020600	1021.2	1021200	1.5999756	1599	""osoba4""
""osoba3""		1023.60004	1023600	1025.1001	1025100	2.500061	2500	""osoba3""
""osoba1""		1024.2001	1024200	1027.2001	1027200	4.0	4000	""osoba1""
""osoba2""		1026.3	1026300	1034.7001	1034700	9.400024	9400	""osoba2""
""osoba1""		1026.6001	1026600	1027.2001	1027200	1.5999756	1599	""osoba1""
""osoba2""		1028.4	1028400	1034.7001	1034700	7.300049	7300	""osoba2""
""osoba2""		1030.8	1030800	1034.7001	1034700	4.9000244	4900	""osoba2""
""osoba3""		1032.3	1032300	1038.0	1038000	6.699951	6699	""osoba3""
""osoba3""		1033.2001	1033200	1038.0	1038000	5.7999268	5799	""osoba3""
""osoba2""		1034.7001	1034700	1034.7001	1034700	1.0	1000	""osoba2""
""osoba3""		1034.7001	1034700	1038.0	1038000	4.2999268	4299	""osoba3""
""osoba3""		1037.4	1037400	1038.0	1038000	1.5999756	1599	""osoba3""
""osoba4""		1037.7001	1037700	1041.3	1041300	4.5999756	4599	""osoba4""
""osoba4""		1039.8	1039800	1041.3	1041300	2.5	2500	""osoba4""
""osoba3""		1041.9	1041900	1044.9	1044900	4.0	4000	""osoba3""
""osoba4""		1044.3	1044300	1050.3	1050300	7.0	7000	""osoba4""
""osoba4""		1047.3	1047300	1050.3	1050300	4.0	4000	""osoba4""
""osoba4""		1049.1001	1049100	1050.3	1050300	2.1999512	2199	""osoba4""
""osoba1""		1050.3	1050300	1054.5	1054500	5.199951	5199	""osoba1""
""osoba1""		1051.8	1051800	1054.5	1054500	3.6999512	3699	""osoba1""
""osoba4""		1052.4	1052400	1065.6001	1065600	14.200073	14200	""osoba4""
""osoba4""		1056.3	1056300	1065.6001	1065600	10.300049	10300	""osoba4""
""osoba4""		1057.8	1057800	1065.6001	1065600	8.800049	8800	""osoba4""
""osoba4""		1058.4	1058400	1065.6001	1065600	8.200073	8200	""osoba4""
""osoba4""		1059.3	1059300	1065.6001	1065600	7.300049	7300	""osoba4""
""osoba4""		1062.3	1062300	1065.6001	1065600	4.300049	4300	""osoba4""
""osoba4""		1063.8	1063800	1065.6001	1065600	2.8000488	2800	""osoba4""
""osoba2""		1065.6001	1065600	1067.4	1067400	2.7999268	2799	""osoba2""
""osoba2""		1067.4	1067400	1067.4	1067400	1.0	1000	""osoba2""
""osoba3""		1067.4	1067400	1070.4	1070400	4.0	4000	""osoba3""
""osoba4""		1068.0	1068000	1071.6001	1071600	4.6000977	4600	""osoba4""
""osoba1""		1070.7001	1070700	1081.5	1081500	11.799927	11799	""osoba1""
""osoba4""		1070.7001	1070700	1071.6001	1071600	1.9000244	1900	""osoba4""
""osoba1""		1073.1001	1073100	1081.5	1081500	9.399902	9399	""osoba1""
""osoba1""		1073.7001	1073700	1081.5	1081500	8.799927	8799	""osoba1""
""osoba1""		1078.8	1078800	1081.5	1081500	3.6999512	3699	""osoba1""
""osoba3""		1080.3	1080300	1082.1001	1082100	2.8000488	2800	""osoba3""
""osoba3""		1081.2001	1081200	1082.1001	1082100	1.9000244	1900	""osoba3""
""osoba4""		1082.4	1082400	1083.9	1083900	2.5	2500	""osoba4""
""osoba2""		1083.6001	1083600	1084.5	1084500	1.8999023	1899	""osoba2""
""osoba4""		1083.6001	1083600	1083.9	1083900	1.2999268	1299	""osoba4""
""osoba1""		1084.5	1084500	1085.7001	1085700	2.2000732	2200	""osoba1""
""osoba3""		1085.7001	1085700	1099.2001	1099200	14.5	14500	""osoba3""
""osoba4""		1087.2001	1087200	1088.4	1088400	2.1999512	2199	""osoba4""
""osoba3""		1089.9	1089900	1099.2001	1099200	10.300049	10300	""osoba3""
""osoba3""		1091.7001	1091700	1099.2001	1099200	8.5	8500	""osoba3""
""osoba3""		1092.3	1092300	1099.2001	1099200	7.9000244	7900	""osoba3""
""osoba3""		1093.8	1093800	1099.2001	1099200	6.4000244	6400	""osoba3""
""osoba3""		1094.7001	1094700	1099.2001	1099200	5.5	5500	""osoba3""
""osoba3""		1096.8	1096800	1099.2001	1099200	3.4000244	3400	""osoba3""
""osoba3""		1097.7001	1097700	1099.2001	1099200	2.5	2500	""osoba3""
""osoba1""		1098.0	1098000	1102.2001	1102200	5.2000732	5200	""osoba1""
""osoba4""		1098.0	1098000	1106.1001	1106100	9.100098	9100	""osoba4""
""osoba4""		1100.7001	1100700	1106.1001	1106100	6.4000244	6400	""osoba4""
""osoba1""		1101.3	1101300	1102.2001	1102200	1.9000244	1900	""osoba1""
""osoba4""		1104.9	1104900	1106.1001	1106100	2.2000732	2200	""osoba4""
""osoba2""		1105.8	1105800	1121.1001	1121100	16.300049	16300	""osoba2""
""osoba2""		1107.3	1107300	1121.1001	1121100	14.800049	14800	""osoba2""
""osoba2""		1110.3	1110300	1121.1001	1121100	11.800049	11800	""osoba2""
""osoba3""		1111.8	1111800	1115.1001	1115100	4.300049	4300	""osoba3""
""osoba2""		1113.0	1113000	1121.1001	1121100	9.100098	9100	""osoba2""
""osoba2""		1113.9	1113900	1121.1001	1121100	8.200073	8200	""osoba2""
""osoba4""		1114.8	1114800	1115.1001	1115100	1.3000488	1300	""osoba4""
""osoba2""		1116.6001	1116600	1121.1001	1121100	5.5	5500	""osoba2""
""osoba2""		1117.5	1117500	1121.1001	1121100	4.6000977	4600	""osoba2""
""osoba4""		1119.6001	1119600	1121.4	1121400	2.7999268	2799	""osoba4""
""osoba2""		1120.2001	1120200	1121.1001	1121100	1.9000244	1900	""osoba2""
""osoba2""		1120.8	1120800	1121.1001	1121100	1.3000488	1300	""osoba2""
""osoba1""		1121.1001	1121100	1131.3	1131300	11.199951	11199	""osoba1""
""osoba4""		1121.4	1121400	1121.4	1121400	1.0	1000	""osoba4""
""osoba3""		1122.0	1122000	1122.6001	1122600	1.6000977	1600	""osoba3""
""osoba1""		1122.6001	1122600	1131.3	1131300	9.699951	9699	""osoba1""
""osoba1""		1125.0	1125000	1131.3	1131300	7.300049	7300	""osoba1""
""osoba2""		1125.3	1125300	1125.9	1125900	1.5999756	1599	""osoba2""
""osoba4""		1129.2001	1129200	1143.3	1143300	15.099976	15099	""osoba4""
""osoba3""		1131.6001	1131600	1131.6001	1131600	1.0	1000	""osoba3""
""osoba4""		1133.4	1133400	1143.3	1143300	10.900024	10900	""osoba4""
""osoba4""		1135.5	1135500	1143.3	1143300	8.800049	8800	""osoba4""
""osoba2""		1140.9	1140900	1148.7001	1148700	8.800049	8800	""osoba2""
""osoba4""		1143.0	1143000	1143.3	1143300	1.3000488	1300	""osoba4""
""osoba3""		1144.5	1144500	1144.8	1144800	1.3000488	1300	""osoba3""
""osoba2""		1146.3	1146300	1148.7001	1148700	3.4000244	3400	""osoba2""
""osoba2""		1147.2001	1147200	1148.7001	1148700	2.5	2500	""osoba2""
""osoba2""		1147.8	1147800	1148.7001	1148700	1.9000244	1900	""osoba2""
""osoba2""		1148.4	1148400	1148.7001	1148700	1.3000488	1300	""osoba2""
""osoba1""		1149.3	1149300	1153.2001	1153200	4.9000244	4900	""osoba1""
""osoba1""		1150.5	1150500	1153.2001	1153200	3.7000732	3700	""osoba1""
""osoba2""		1151.1001	1151100	1151.4	1151400	1.2999268	1299	""osoba2""
""osoba1""		1153.2001	1153200	1153.2001	1153200	1.0	1000	""osoba1""
""osoba4""		1153.5	1153500	1158.9	1158900	6.4000244	6400	""osoba4""
""osoba4""		1156.8	1156800	1158.9	1158900	3.0999756	3099	""osoba4""
""osoba3""		1158.6001	1158600	1159.8	1159800	2.1999512	2199	""osoba3""
""osoba2""		1158.9	1158900	1169.4	1169400	11.5	11500	""osoba2""
""osoba2""		1161.9	1161900	1169.4	1169400	8.5	8500	""osoba2""
""osoba2""		1163.4	1163400	1169.4	1169400	7.0	7000	""osoba2""
""osoba2""		1164.9	1164900	1169.4	1169400	5.5	5500	""osoba2""
""osoba1""		1169.4	1169400	1172.1001	1172100	3.7000732	3700	""osoba1""
""osoba2""		1169.4	1169400	1169.4	1169400	1.0	1000	""osoba2""
""osoba4""		1169.4	1169400	1170.6001	1170600	2.2000732	2200	""osoba4""
""osoba1""		1171.8	1171800	1172.1001	1172100	1.3000488	1300	""osoba1""
""osoba2""		1171.8	1171800	1179.9	1179900	9.099976	9099	""osoba2""
""osoba2""		1173.3	1173300	1179.9	1179900	7.5999756	7599	""osoba2""
""osoba4""		1173.6001	1173600	1177.8	1177800	5.199951	5199	""osoba4""
""osoba4""		1175.4	1175400	1177.8	1177800	3.4000244	3400	""osoba4""
""osoba1""		1178.7001	1178700	1182.6001	1182600	4.9000244	4900	""osoba1""
""osoba2""		1178.7001	1178700	1179.9	1179900	2.1999512	2199	""osoba2""
""osoba3""		1179.9	1179900	1180.2001	1180200	1.3000488	1300	""osoba3""
""osoba2""		1182.3	1182300	1186.5	1186500	5.199951	5199	""osoba2""
""osoba2""		1183.5	1183500	1186.5	1186500	4.0	4000	""osoba2""
""osoba2""		1184.4	1184400	1186.5	1186500	3.0999756	3099	""osoba2""
""osoba4""		1185.9	1185900	1187.4	1187400	2.5	2500	""osoba4""
""osoba1""		1187.1001	1187100	1192.8	1192800	6.699951	6699	""osoba1""
""osoba1""		1188.6001	1188600	1192.8	1192800	5.199951	5199	""osoba1""
""osoba1""		1191.9	1191900	1192.8	1192800	1.9000244	1900	""osoba1""
""osoba2""		1192.8	1192800	1211.1001	1211100	19.300049	19300	""osoba2""
""osoba2""		1196.4	1196400	1211.1001	1211100	15.700073	15700	""osoba2""
""osoba2""		1198.2001	1198200	1211.1001	1211100	13.900024	13900	""osoba2""
""osoba2""		1199.4	1199400	1211.1001	1211100	12.700073	12700	""osoba2""
""osoba2""		1200.3	1200300	1211.1001	1211100	11.800049	11800	""osoba2""
""osoba2""		1201.5	1201500	1211.1001	1211100	10.600098	10600	""osoba2""
""osoba2""		1203.3	1203300	1211.1001	1211100	8.800049	8800	""osoba2""
""osoba4""		1211.4	1211400	1221.0	1221000	10.599976	10599	""osoba4""
""osoba4""		1212.3	1212300	1221.0	1221000	9.699951	9699	""osoba4""
""osoba2""		1213.2001	1213200	1214.1001	1214100	1.9000244	1900	""osoba2""
""osoba4""		1215.9	1215900	1221.0	1221000	6.0999756	6099	""osoba4""
""osoba2""		1216.5	1216500	1218.3	1218300	2.8000488	2800	""osoba2""
""osoba4""		1216.8	1216800	1221.0	1221000	5.199951	5199	""osoba4""
""osoba1""		1218.6001	1218600	1218.9	1218900	1.2999268	1299	""osoba1""
""osoba4""		1220.7001	1220700	1221.0	1221000	1.2999268	1299	""osoba4""
""osoba2""		1221.0	1221000	1291.2001	1291200	71.20007	71200	""osoba2""
""osoba4""		1224.3	1224300	1224.6001	1224600	1.3000488	1300	""osoba4""
""osoba2""		1224.6001	1224600	1291.2001	1291200	67.599976	67599	""osoba2""
""osoba2""		1225.5	1225500	1291.2001	1291200	66.70007	66700	""osoba2""
""osoba2""		1227.0	1227000	1291.2001	1291200	65.20007	65200	""osoba2""
""osoba2""		1228.2001	1228200	1291.2001	1291200	64.0	64000	""osoba2""
""osoba2""		1229.7001	1229700	1291.2001	1291200	62.5	62500	""osoba2""
""osoba4""		1230.6001	1230600	1230.6001	1230600	1.0	1000	""osoba4""
""osoba2""		1233.0	1233000	1291.2001	1291200	59.200073	59200	""osoba2""
""osoba1""		1233.3	1233300	1233.3	1233300	1.0	1000	""osoba1""
""osoba2""		1233.9	1233900	1291.2001	1291200	58.30005	58300	""osoba2""
""osoba2""		1236.3	1236300	1291.2001	1291200	55.900024	55900	""osoba2""
""osoba2""		1239.0	1239000	1291.2001	1291200	53.200073	53200	""osoba2""
""osoba1""		1240.5	1240500	1240.5	1240500	1.0	1000	""osoba1""
""osoba2""		1242.0	1242000	1291.2001	1291200	50.200073	50200	""osoba2""
""osoba2""		1243.8	1243800	1291.2001	1291200	48.400024	48400	""osoba2""
""osoba2""		1244.4	1244400	1291.2001	1291200	47.80005	47800	""osoba2""
""osoba2""		1245.0	1245000	1291.2001	1291200	47.200073	47200	""osoba2""
""osoba1""		1245.6001	1245600	1245.9	1245900	1.2999268	1299	""osoba1""
""osoba2""		1247.1001	1247100	1291.2001	1291200	45.099976	45099	""osoba2""
""osoba2""		1250.1001	1250100	1291.2001	1291200	42.099976	42099	""osoba2""
""osoba2""		1253.4	1253400	1291.2001	1291200	38.80005	38800	""osoba2""
""osoba2""		1254.0	1254000	1291.2001	1291200	38.200073	38200	""osoba2""
""osoba4""		1256.1001	1256100	1257.9	1257900	2.7999268	2799	""osoba4""
""osoba2""		1257.0	1257000	1291.2001	1291200	35.200073	35200	""osoba2""
""osoba2""		1260.0	1260000	1291.2001	1291200	32.200073	32200	""osoba2""
""osoba2""		1261.8	1261800	1291.2001	1291200	30.400024	30400	""osoba2""
""osoba4""		1261.8	1261800	1262.4	1262400	1.5999756	1599	""osoba4""
""osoba2""		1263.3	1263300	1291.2001	1291200	28.900024	28900	""osoba2""
""osoba2""		1265.1001	1265100	1291.2001	1291200	27.099976	27099	""osoba2""
""osoba4""		1266.0	1266000	1266.3	1266300	1.3000488	1300	""osoba4""
""osoba2""		1267.5	1267500	1291.2001	1291200	24.700073	24700	""osoba2""
""osoba2""		1270.2001	1270200	1291.2001	1291200	22.0	22000	""osoba2""
""osoba2""		1272.3	1272300	1291.2001	1291200	19.900024	19900	""osoba2""
""osoba2""		1273.2001	1273200	1291.2001	1291200	19.0	19000	""osoba2""
""osoba2""		1274.1001	1274100	1291.2001	1291200	18.099976	18099	""osoba2""
""osoba2""		1274.7001	1274700	1291.2001	1291200	17.5	17500	""osoba2""
""osoba4""		1275.9	1275900	1279.5	1279500	4.5999756	4599	""osoba4""
""osoba1""		1276.8	1276800	1278.6001	1278600	2.8000488	2800	""osoba1""
""osoba4""		1278.0	1278000	1279.5	1279500	2.5	2500	""osoba4""
""osoba4""		1279.2001	1279200	1279.5	1279500	1.2999268	1299	""osoba4""
""osoba2""		1281.3	1281300	1291.2001	1291200	10.900024	10900	""osoba2""
""osoba3""		1282.5	1282500	1283.7001	1283700	2.2000732	2200	""osoba3""
""osoba2""		1282.8	1282800	1291.2001	1291200	9.400024	9400	""osoba2""
""osoba2""		1286.4	1286400	1291.2001	1291200	5.800049	5800	""osoba2""
""osoba1""		1288.5	1288500	1296.9	1296900	9.400024	9400	""osoba1""
""osoba4""		1288.5	1288500	1289.4	1289400	1.9000244	1900	""osoba4""
""osoba1""		1290.9	1290900	1296.9	1296900	7.0	7000	""osoba1""
""osoba2""		1290.9	1290900	1291.2001	1291200	1.3000488	1300	""osoba2""
""osoba1""		1292.7001	1292700	1296.9	1296900	5.199951	5199	""osoba1""
""osoba1""		1293.3	1293300	1296.9	1296900	4.5999756	4599	""osoba1""
""osoba1""		1294.2001	1294200	1296.9	1296900	3.6999512	3699	""osoba1""
""osoba1""		1295.7001	1295700	1296.9	1296900	2.1999512	2199	""osoba1""
""osoba1""		1296.3	1296300	1296.9	1296900	1.5999756	1599	""osoba1""
""osoba3""		1296.6001	1296600	1299.6001	1299600	4.0	4000	""osoba3""
""osoba4""		1297.5	1297500	1297.5	1297500	1.0	1000	""osoba4""
""osoba3""		1298.4	1298400	1299.6001	1299600	2.2000732	2200	""osoba3""
""osoba2""		1299.3	1299300	1306.5	1306500	8.199951	8199	""osoba2""
""osoba2""		1302.0	1302000	1306.5	1306500	5.5	5500	""osoba2""
""osoba2""		1303.8	1303800	1306.5	1306500	3.6999512	3699	""osoba2""
""osoba2""		1304.7001	1304700	1306.5	1306500	2.7999268	2799	""osoba2""
""osoba2""		1306.2001	1306200	1306.5	1306500	1.2999268	1299	""osoba2""
""osoba4""		1306.2001	1306200	1311.3	1311300	6.0999756	6099	""osoba4""
""osoba4""		1308.6001	1308600	1311.3	1311300	3.6999512	3699	""osoba4""
""osoba2""		1309.5	1309500	1313.1001	1313100	4.6000977	4600	""osoba2""
""osoba4""		1311.0	1311000	1311.3	1311300	1.3000488	1300	""osoba4""
""osoba3""		1312.8	1312800	1331.1001	1331100	19.300049	19300	""osoba3""
""osoba3""		1314.6001	1314600	1331.1001	1331100	17.5	17500	""osoba3""
""osoba2""		1316.7001	1316700	1318.5	1318500	2.7999268	2799	""osoba2""
""osoba1""		1319.7001	1319700	1321.5	1321500	2.7999268	2799	""osoba1""
""osoba3""		1319.7001	1319700	1331.1001	1331100	12.400024	12400	""osoba3""
""osoba1""		1325.7001	1325700	1326.0	1326000	1.2999268	1299	""osoba1""
""osoba2""		1328.1001	1328100	1328.1001	1328100	1.0	1000	""osoba2""
""osoba4""		1330.2001	1330200	1330.2001	1330200	1.0	1000	""osoba4""
""osoba1""		1330.5	1330500	1340.4	1340400	10.900024	10900	""osoba1""
""osoba2""		1331.1001	1331100	1331.4	1331400	1.2999268	1299	""osoba2""
""osoba1""		1334.1001	1334100	1340.4	1340400	7.2999268	7299	""osoba1""
""osoba1""		1335.9	1335900	1340.4	1340400	5.5	5500	""osoba1""
""osoba1""		1338.0	1338000	1340.4	1340400	3.4000244	3400	""osoba1""
""osoba4""		1338.9	1338900	1343.4	1343400	5.5	5500	""osoba4""
""osoba4""		1341.3	1341300	1343.4	1343400	3.0999756	3099	""osoba4""
""osoba2""		1341.9	1341900	1342.2001	1342200	1.3000488	1300	""osoba2""
""osoba1""		1343.1001	1343100	1349.4	1349400	7.2999268	7299	""osoba1""
""osoba1""		1345.8	1345800	1349.4	1349400	4.5999756	4599	""osoba1""
""osoba1""		1347.0	1347000	1349.4	1349400	3.4000244	3400	""osoba1""
""osoba1""		1348.5	1348500	1349.4	1349400	1.9000244	1900	""osoba1""
""osoba2""		1350.0	1350000	1355.1001	1355100	6.1000977	6100	""osoba2""
""osoba1""		1352.4	1352400	1353.0	1353000	1.5999756	1599	""osoba1""
""osoba2""		1352.4	1352400	1355.1001	1355100	3.7000732	3700	""osoba2""
""osoba2""		1354.5	1354500	1355.1001	1355100	1.6000977	1600	""osoba2""
""osoba3""		1354.5	1354500	1355.1001	1355100	1.6000977	1600	""osoba3""
""osoba1""		1355.1001	1355100	1376.1001	1376100	22.0	22000	""osoba1""
""osoba1""		1357.5	1357500	1376.1001	1376100	19.600098	19600	""osoba1""
""osoba1""		1358.4	1358400	1376.1001	1376100	18.700073	18700	""osoba1""
""osoba1""		1359.0	1359000	1376.1001	1376100	18.100098	18100	""osoba1""
""osoba4""		1360.8	1360800	1361.1001	1361100	1.3000488	1300	""osoba4""
""osoba1""		1365.6001	1365600	1376.1001	1376100	11.5	11500	""osoba1""
""osoba1""		1368.9	1368900	1376.1001	1376100	8.200073	8200	""osoba1""
""osoba3""		1368.9	1368900	1370.1001	1370100	2.2000732	2200	""osoba3""
""osoba1""		1370.1001	1370100	1376.1001	1376100	7.0	7000	""osoba1""
""osoba4""		1375.5	1375500	1383.6001	1383600	9.100098	9100	""osoba4""
""osoba2""		1376.7001	1376700	1380.0	1380000	4.2999268	4299	""osoba2""
""osoba4""		1379.7001	1379700	1383.6001	1383600	4.9000244	4900	""osoba4""
""osoba4""		1380.9	1380900	1383.6001	1383600	3.7000732	3700	""osoba4""
""osoba4""		1383.6001	1383600	1383.6001	1383600	1.0	1000	""osoba4""
""osoba2""		1383.9	1383900	1386.0	1386000	3.0999756	3099	""osoba2""
""osoba4""		1385.7001	1385700	1390.2001	1390200	5.5	5500	""osoba4""
""osoba4""		1388.7001	1388700	1390.2001	1390200	2.5	2500	""osoba4""
""osoba2""		1389.0	1389000	1393.2001	1393200	5.2000732	5200	""osoba2""
""osoba1""		1389.9	1389900	1389.9	1389900	1.0	1000	""osoba1""
""osoba2""		1391.4	1391400	1393.2001	1393200	2.8000488	2800	""osoba2""
""osoba3""		1392.0	1392000	1403.4	1403400	12.400024	12400	""osoba3""
""osoba2""		1392.3	1392300	1393.2001	1393200	1.9000244	1900	""osoba2""
""osoba2""		1393.2001	1393200	1393.2001	1393200	1.0	1000	""osoba2""
""osoba3""		1395.0	1395000	1403.4	1403400	9.400024	9400	""osoba3""
""osoba1""		1395.9	1395900	1395.9	1395900	1.0	1000	""osoba1""
""osoba3""		1396.8	1396800	1403.4	1403400	7.5999756	7599	""osoba3""
""osoba3""		1397.4	1397400	1403.4	1403400	7.0	7000	""osoba3""
""osoba2""		1398.6001	1398600	1398.6001	1398600	1.0	1000	""osoba2""
""osoba3""		1398.9	1398900	1403.4	1403400	5.5	5500	""osoba3""
""osoba3""		1399.8	1399800	1403.4	1403400	4.5999756	4599	""osoba3""
""osoba3""		1400.4	1400400	1403.4	1403400	4.0	4000	""osoba3""
""osoba3""		1401.3	1401300	1403.4	1403400	3.0999756	3099	""osoba3""
""osoba3""		1402.5	1402500	1403.4	1403400	1.9000244	1900	""osoba3""
""osoba2""		1402.8	1402800	1417.8	1417800	16.0	16000	""osoba2""
""osoba2""		1404.6001	1404600	1417.8	1417800	14.199951	14199	""osoba2""
""osoba2""		1406.1001	1406100	1417.8	1417800	12.699951	12699	""osoba2""
""osoba2""		1407.0	1407000	1417.8	1417800	11.800049	11800	""osoba2""
""osoba3""		1409.7001	1409700	1409.7001	1409700	1.0	1000	""osoba3""
""osoba2""		1410.3	1410300	1417.8	1417800	8.5	8500	""osoba2""
""osoba2""		1411.5	1411500	1417.8	1417800	7.300049	7300	""osoba2""
""osoba3""		1415.4	1415400	1415.4	1415400	1.0	1000	""osoba3""
""osoba2""		1415.7001	1415700	1417.8	1417800	3.0999756	3099	""osoba2""
""osoba4""		1416.0	1416000	1424.4	1424400	9.400024	9400	""osoba4""
""osoba2""		1416.9	1416900	1417.8	1417800	1.9000244	1900	""osoba2""
""osoba4""		1416.9	1416900	1424.4	1424400	8.5	8500	""osoba4""
""osoba4""		1419.0	1419000	1424.4	1424400	6.4000244	6400	""osoba4""
""osoba1""		1419.3	1419300	1421.1001	1421100	2.8000488	2800	""osoba1""
""osoba2""		1420.2001	1420200	1420.5	1420500	1.2999268	1299	""osoba2""
""osoba3""		1423.2001	1423200	1424.7001	1424700	2.5	2500	""osoba3""
""osoba1""		1425.0	1425000	1425.3	1425300	1.3000488	1300	""osoba1""
""osoba2""		1425.3	1425300	1426.8	1426800	2.5	2500	""osoba2""
""osoba2""		1426.2001	1426200	1426.8	1426800	1.5999756	1599	""osoba2""
""osoba3""		1427.1001	1427100	1431.9	1431900	5.7999268	5799	""osoba3""
""osoba4""		1431.0	1431000	1431.0	1431000	1.0	1000	""osoba4""
""osoba2""		1432.2001	1432200	1450.5	1450500	19.299927	19299	""osoba2""
""osoba2""		1433.1001	1433100	1450.5	1450500	18.399902	18399	""osoba2""
""osoba2""		1434.0	1434000	1450.5	1450500	17.5	17500	""osoba2""
""osoba2""		1435.2001	1435200	1450.5	1450500	16.299927	16299	""osoba2""
""osoba2""		1438.5	1438500	1450.5	1450500	13.0	13000	""osoba2""
""osoba1""		1441.5	1441500	1443.0	1443000	2.5	2500	""osoba1""
""osoba2""		1445.1001	1445100	1450.5	1450500	6.3999023	6399	""osoba2""
""osoba1""		1446.9	1446900	1446.9	1446900	1.0	1000	""osoba1""
""osoba2""		1447.2001	1447200	1450.5	1450500	4.2999268	4299	""osoba2""
""osoba2""		1448.1001	1448100	1450.5	1450500	3.3999023	3399	""osoba2""
""osoba2""		1449.0	1449000	1450.5	1450500	2.5	2500	""osoba2""
""osoba4""		1450.8	1450800	1455.6001	1455600	5.800049	5800	""osoba4""
""osoba4""		1455.0	1455000	1455.6001	1455600	1.6000977	1600	""osoba4""
""osoba3""		1455.9	1455900	1472.1001	1472100	17.200073	17200	""osoba3""
""osoba3""		1458.0	1458000	1472.1001	1472100	15.100098	15100	""osoba3""
""osoba1""		1458.3	1458300	1458.9	1458900	1.5999756	1599	""osoba1""
""osoba2""		1458.3	1458300	1460.1001	1460100	2.8000488	2800	""osoba2""
""osoba4""		1459.2001	1459200	1460.1001	1460100	1.9000244	1900	""osoba4""
""osoba3""		1462.2001	1462200	1472.1001	1472100	10.900024	10900	""osoba3""
""osoba4""		1462.5	1462500	1463.4	1463400	1.9000244	1900	""osoba4""
""osoba3""		1463.1001	1463100	1472.1001	1472100	10.0	10000	""osoba3""
""osoba1""		1464.6001	1464600	1464.9	1464900	1.2999268	1299	""osoba1""
""osoba3""		1464.9	1464900	1472.1001	1472100	8.200073	8200	""osoba3""
""osoba3""		1467.0	1467000	1472.1001	1472100	6.1000977	6100	""osoba3""
""osoba3""		1468.8	1468800	1472.1001	1472100	4.300049	4300	""osoba3""
""osoba3""		1470.0	1470000	1472.1001	1472100	3.1000977	3100	""osoba3""
""osoba2""		1471.5	1471500	1479.3	1479300	8.800049	8800	""osoba2""
""osoba3""		1471.8	1471800	1472.1001	1472100	1.3000488	1300	""osoba3""
""osoba2""		1473.9	1473900	1479.3	1479300	6.4000244	6400	""osoba2""
""osoba2""		1475.4	1475400	1479.3	1479300	4.9000244	4900	""osoba2""
""osoba2""		1476.9	1476900	1479.3	1479300	3.4000244	3400	""osoba2""
""osoba2""		1478.1001	1478100	1479.3	1479300	2.1999512	2199	""osoba2""
""osoba3""		1478.4	1478400	1481.7001	1481700	4.300049	4300	""osoba3""
""osoba2""		1478.7001	1478700	1479.3	1479300	1.5999756	1599	""osoba2""
""osoba3""		1479.3	1479300	1481.7001	1481700	3.4000244	3400	""osoba3""
""osoba4""		1479.6001	1479600	1486.2001	1486200	7.5999756	7599	""osoba4""
""osoba4""		1480.8	1480800	1486.2001	1486200	6.4000244	6400	""osoba4""
""osoba3""		1481.1001	1481100	1481.7001	1481700	1.5999756	1599	""osoba3""
""osoba2""		1482.0	1482000	1491.9	1491900	10.900024	10900	""osoba2""
""osoba4""		1484.1001	1484100	1486.2001	1486200	3.0999756	3099	""osoba4""
""osoba2""		1484.4	1484400	1491.9	1491900	8.5	8500	""osoba2""
""osoba4""		1485.9	1485900	1486.2001	1486200	1.3000488	1300	""osoba4""
""osoba2""		1489.2001	1489200	1491.9	1491900	3.6999512	3699	""osoba2""
""osoba2""		1491.0	1491000	1491.9	1491900	1.9000244	1900	""osoba2""
""osoba4""		1491.6001	1491600	1494.6001	1494600	4.0	4000	""osoba4""
""osoba4""		1493.4	1493400	1494.6001	1494600	2.2000732	2200	""osoba4""
""osoba3""		1494.0	1494000	1503.6001	1503600	10.600098	10600	""osoba3""
""osoba2""		1497.0	1497000	1498.2001	1498200	2.2000732	2200	""osoba2""
""osoba3""		1499.1001	1499100	1503.6001	1503600	5.5	5500	""osoba3""
""osoba2""		1500.6001	1500600	1500.6001	1500600	1.0	1000	""osoba2""
""osoba3""		1500.6001	1500600	1503.6001	1503600	4.0	4000	""osoba3""
""osoba3""		1501.8	1501800	1503.6001	1503600	2.8000488	2800	""osoba3""
""osoba3""		1503.0	1503000	1503.6001	1503600	1.6000977	1600	""osoba3""
""osoba1""		1503.3	1503300	1548.3	1548300	46.0	46000	""osoba1""
""osoba1""		1505.4	1505400	1548.3	1548300	43.900024	43900	""osoba1""
""osoba1""		1507.8	1507800	1548.3	1548300	41.5	41500	""osoba1""
""osoba1""		1514.1001	1514100	1548.3	1548300	35.19995	35199	""osoba1""
""osoba4""		1520.1001	1520100	1520.1001	1520100	1.0	1000	""osoba4""
""osoba1""		1520.4	1520400	1548.3	1548300	28.900024	28900	""osoba1""
""osoba1""		1522.8	1522800	1548.3	1548300	26.5	26500	""osoba1""
""osoba4""		1524.3	1524300	1524.3	1524300	1.0	1000	""osoba4""
""osoba1""		1526.7001	1526700	1548.3	1548300	22.599976	22599	""osoba1""
""osoba3""		1527.0	1527000	1527.0	1527000	1.0	1000	""osoba3""
""osoba1""		1527.3	1527300	1548.3	1548300	22.0	22000	""osoba1""
""osoba1""		1529.1001	1529100	1548.3	1548300	20.199951	20199	""osoba1""
""osoba3""		1530.6001	1530600	1532.4	1532400	2.7999268	2799	""osoba3""
""osoba1""		1531.2001	1531200	1548.3	1548300	18.099976	18099	""osoba1""
""osoba4""		1531.5	1531500	1533.6001	1533600	3.1000977	3100	""osoba4""
""osoba1""		1533.0	1533000	1548.3	1548300	16.300049	16300	""osoba1""
""osoba1""		1537.2001	1537200	1548.3	1548300	12.099976	12099	""osoba1""
""osoba2""		1537.5001	1537500	1542.3	1542300	5.7999268	5799	""osoba2""
""osoba1""		1538.7001	1538700	1548.3	1548300	10.599976	10599	""osoba1""
""osoba2""		1538.7001	1538700	1542.3	1542300	4.5999756	4599	""osoba2""
""osoba2""		1540.5001	1540500	1542.3	1542300	2.7999268	2799	""osoba2""
""osoba3""		1541.4	1541400	1542.0001	1542000	1.6000977	1600	""osoba3""
""osoba1""		1542.0001	1542000	1548.3	1548300	7.2999268	7299	""osoba1""
""osoba1""		1544.7001	1544700	1548.3	1548300	4.5999756	4599	""osoba1""
""osoba2""		1545.6001	1545600	1556.1001	1556100	11.5	11500	""osoba2""
""osoba1""		1548.3	1548300	1548.3	1548300	1.0	1000	""osoba1""
""osoba2""		1548.3	1548300	1556.1001	1556100	8.800049	8800	""osoba2""
""osoba2""		1549.5001	1549500	1556.1001	1556100	7.5999756	7599	""osoba2""
""osoba2""		1550.1001	1550100	1556.1001	1556100	7.0	7000	""osoba2""
""osoba2""		1551.0001	1551000	1556.1001	1556100	6.0999756	6099	""osoba2""
""osoba2""		1554.3	1554300	1556.1001	1556100	2.8000488	2800	""osoba2""
""osoba2""		1555.5001	1555500	1556.1001	1556100	1.5999756	1599	""osoba2""
""osoba4""		1555.5001	1555500	1556.7001	1556700	2.1999512	2199	""osoba4""
""osoba3""		1556.4	1556400	1563.6001	1563600	8.200073	8200	""osoba3""
""osoba3""		1557.9	1557900	1563.6001	1563600	6.7000732	6700	""osoba3""
""osoba3""		1558.5001	1558500	1563.6001	1563600	6.0999756	6099	""osoba3""
""osoba1""		1559.7001	1559700	1567.8	1567800	9.099976	9099	""osoba1""
""osoba3""		1562.4	1562400	1563.6001	1563600	2.2000732	2200	""osoba3""
""osoba1""		1564.8	1564800	1567.8	1567800	4.0	4000	""osoba1""
""osoba2""		1567.5001	1567500	1582.8	1582800	16.299927	16299	""osoba2""
""osoba2""		1569.6001	1569600	1582.8	1582800	14.199951	14199	""osoba2""
""osoba2""		1570.2001	1570200	1582.8	1582800	13.599976	13599	""osoba2""
""osoba2""		1572.3	1572300	1582.8	1582800	11.5	11500	""osoba2""
""osoba2""		1574.1001	1574100	1582.8	1582800	9.699951	9699	""osoba2""
""osoba2""		1576.2001	1576200	1582.8	1582800	7.5999756	7599	""osoba2""
""osoba3""		1577.7001	1577700	1582.8	1582800	6.0999756	6099	""osoba3""
""osoba2""		1578.3	1578300	1582.8	1582800	5.5	5500	""osoba2""
""osoba3""		1580.4	1580400	1582.8	1582800	3.4000244	3400	""osoba3""
""osoba4""		1581.6001	1581600	1588.2001	1588200	7.5999756	7599	""osoba4""
""osoba4""		1585.5001	1585500	1588.2001	1588200	3.6999512	3699	""osoba4""
""osoba3""		1586.4	1586400	1601.1001	1601100	15.700073	15700	""osoba3""
""osoba4""		1586.4	1586400	1588.2001	1588200	2.8000488	2800	""osoba4""
""osoba4""		1587.6001	1587600	1588.2001	1588200	1.5999756	1599	""osoba4""
""osoba3""		1596.6001	1596600	1601.1001	1601100	5.5	5500	""osoba3""
""osoba3""		1597.8	1597800	1601.1001	1601100	4.300049	4300	""osoba3""
""osoba3""		1598.4	1598400	1601.1001	1601100	3.7000732	3700	""osoba3""
""osoba3""		1599.6001	1599600	1601.1001	1601100	2.5	2500	""osoba3""
""osoba3""		1601.1001	1601100	1601.1001	1601100	1.0	1000	""osoba3""
""osoba4""		1601.4	1601400	1620.3	1620300	19.900024	19900	""osoba4""
""osoba1""		1602.0001	1602000	1604.7001	1604700	3.6999512	3699	""osoba1""
""osoba4""		1603.5001	1603500	1620.3	1620300	17.799927	17799	""osoba4""
""osoba1""		1604.7001	1604700	1604.7001	1604700	1.0	1000	""osoba1""
""osoba4""		1605.9	1605900	1620.3	1620300	15.400024	15400	""osoba4""
""osoba4""		1608.3	1608300	1620.3	1620300	13.0	13000	""osoba4""
""osoba4""		1609.5001	1609500	1620.3	1620300	11.799927	11799	""osoba4""
""osoba4""		1610.7001	1610700	1620.3	1620300	10.599976	10599	""osoba4""
""osoba4""		1611.9	1611900	1620.3	1620300	9.400024	9400	""osoba4""
""osoba2""		1612.2001	1612200	1614.6001	1614600	3.4000244	3400	""osoba2""
""osoba4""		1613.4	1613400	1620.3	1620300	7.9000244	7900	""osoba4""
""osoba4""		1614.0001	1614000	1620.3	1620300	7.2999268	7299	""osoba4""
""osoba2""		1614.3	1614300	1614.6001	1614600	1.3000488	1300	""osoba2""
""osoba4""		1616.4	1616400	1620.3	1620300	4.9000244	4900	""osoba4""
""osoba1""		1617.0001	1617000	1617.3	1617300	1.2999268	1299	""osoba1""
""osoba4""		1619.4	1619400	1620.3	1620300	1.9000244	1900	""osoba4""
