"default"		0.0	0	1.0	1000	1.0	1000	BEGIN
"default"		1620.3	1620300	1620.31	1621300	1.0	1000	END
""osoba2""		7.5000005	7500	15.3	15300	8.799999	8799	""osoba2""
""osoba2""		8.400001	8400	15.3	15300	7.8999996	7899	""osoba2""
""osoba4""		10.8	10800	30.6	30600	20.8	20800	""osoba4""
""osoba4""		11.400001	11400	30.6	30600	20.2	20200	""osoba4""
""osoba2""		12.0	12000	15.3	15300	4.3	4300	""osoba2""
""osoba2""		14.400001	14400	15.3	15300	1.8999996	1899	""osoba2""
""osoba2""		15.3	15300	15.3	15300	1.0	1000	""osoba2""
""osoba3""		16.5	16500	16.5	16500	1.0	1000	""osoba3""
""osoba4""		16.800001	16800	30.6	30600	14.799999	14799	""osoba4""
""osoba4""		20.400002	20400	30.6	30600	11.199999	11199	""osoba4""
""osoba4""		21.900002	21900	30.6	30600	9.699999	9699	""osoba4""
""osoba4""		22.800001	22800	30.6	30600	8.799999	8799	""osoba4""
""osoba1""		23.1	23100	23.400002	23400	1.3000011	1300	""osoba1""
""osoba4""		25.800001	25800	30.6	30600	5.799999	5799	""osoba4""
""osoba4""		27.900002	27900	30.6	30600	3.6999989	3699	""osoba4""
""osoba4""		29.400002	29400	30.6	30600	2.1999989	2199	""osoba4""
""osoba3""		30.300001	30300	44.4	44400	15.1	15100	""osoba3""
""osoba3""		33.600002	33600	44.4	44400	11.799999	11799	""osoba3""
""osoba3""		34.5	34500	44.4	44400	10.900002	10900	""osoba3""
""osoba3""		38.7	38700	44.4	44400	6.700001	6700	""osoba3""
""osoba3""		40.2	40200	44.4	44400	5.200001	5200	""osoba3""
""osoba4""		42.0	42000	50.100002	50100	9.100002	9100	""osoba4""
""osoba2""		42.300003	42300	42.300003	42300	1.0	1000	""osoba2""
""osoba4""		48.300003	48300	50.100002	50100	2.7999992	2799	""osoba4""
""osoba3""		50.100002	50100	50.7	50700	1.5999985	1599	""osoba3""
""osoba4""		50.100002	50100	50.100002	50100	1.0	1000	""osoba4""
""osoba2""		50.7	50700	91.5	91500	41.8	41800	""osoba2""
""osoba1""		51.000004	51000	51.600002	51600	1.5999985	1599	""osoba1""
""osoba2""		52.800003	52800	91.5	91500	39.699997	39699	""osoba2""
""osoba1""		55.500004	55500	60.000004	60000	5.5	5500	""osoba1""
""osoba2""		55.500004	55500	91.5	91500	36.999996	36999	""osoba2""
""osoba2""		64.200005	64200	91.5	91500	28.299995	28299	""osoba2""
""osoba2""		65.100006	65100	91.5	91500	27.399994	27399	""osoba2""
""osoba2""		66.0	66000	91.5	91500	26.5	26500	""osoba2""
""osoba2""		67.8	67800	91.5	91500	24.699997	24699	""osoba2""
""osoba2""		68.4	68400	91.5	91500	24.099998	24099	""osoba2""
""osoba3""		69.3	69300	69.3	69300	1.0	1000	""osoba3""
""osoba2""		70.5	70500	91.5	91500	22.0	22000	""osoba2""
""osoba2""		72.3	72300	91.5	91500	20.199997	20199	""osoba2""
""osoba2""		73.8	73800	91.5	91500	18.699997	18699	""osoba2""
""osoba2""		77.4	77400	91.5	91500	15.099998	15099	""osoba2""
""osoba2""		78.0	78000	91.5	91500	14.5	14500	""osoba2""
""osoba2""		79.200005	79200	91.5	91500	13.299995	13299	""osoba2""
""osoba2""		80.700005	80700	91.5	91500	11.799995	11799	""osoba2""
""osoba2""		81.600006	81600	91.5	91500	10.899994	10899	""osoba2""
""osoba2""		87.3	87300	91.5	91500	5.199997	5199	""osoba2""
""osoba1""		91.5	91500	107.700005	107700	17.200005	17200	""osoba1""
""osoba1""		95.100006	95100	107.700005	107700	13.599998	13599	""osoba1""
""osoba2""		95.700005	95700	96.600006	96600	1.9000015	1900	""osoba2""
""osoba3""		97.8	97800	103.200005	103200	6.4000015	6400	""osoba3""
""osoba1""		98.4	98400	107.700005	107700	10.300003	10300	""osoba1""
""osoba2""		98.700005	98700	98.700005	98700	1.0	1000	""osoba2""
""osoba4""		100.8	100800	100.8	100800	1.0	1000	""osoba4""
""osoba1""		105.9	105900	107.700005	107700	2.800003	2800	""osoba1""
""osoba4""		107.4	107400	112.200005	112200	5.800003	5800	""osoba4""
""osoba2""		108.9	108900	110.4	110400	2.5	2500	""osoba2""
""osoba3""		112.200005	112200	114.600006	114600	3.4000015	3400	""osoba3""
""osoba2""		114.3	114300	119.100006	119100	5.800003	5800	""osoba2""
""osoba1""		117.00001	117000	121.8	121800	5.7999954	5799	""osoba1""
""osoba4""		117.00001	117000	117.00001	117000	1.0	1000	""osoba4""
""osoba1""		121.200005	121200	121.8	121800	1.5999985	1599	""osoba1""
""osoba2""		121.50001	121500	123.00001	123000	2.5	2500	""osoba2""
""osoba4""		122.100006	122100	131.70001	131700	10.600006	10600	""osoba4""
""osoba4""		124.200005	124200	131.70001	131700	8.500008	8500	""osoba4""
""osoba3""		125.4	125400	128.70001	128700	4.3000107	4300	""osoba3""
""osoba4""		126.600006	126600	131.70001	131700	6.100006	6100	""osoba4""
""osoba4""		130.8	130800	131.70001	131700	1.9000092	1900	""osoba4""
""osoba2""		131.1	131100	136.8	136800	6.699997	6699	""osoba2""
""osoba2""		133.20001	133200	136.8	136800	4.599991	4599	""osoba2""
""osoba2""		135.6	135600	136.8	136800	2.199997	2199	""osoba2""
""osoba3""		136.8	136800	154.5	154500	18.699997	18699	""osoba3""
""osoba3""		140.1	140100	154.5	154500	15.399994	15399	""osoba3""
""osoba3""		145.5	145500	154.5	154500	10.0	10000	""osoba3""
""osoba4""		145.8	145800	174.0	174000	29.199997	29199	""osoba4""
""osoba4""		147.6	147600	174.0	174000	27.399994	27399	""osoba4""
""osoba3""		148.20001	148200	154.5	154500	7.299988	7299	""osoba3""
""osoba4""		150.90001	150900	174.0	174000	24.09999	24099	""osoba4""
""osoba2""		151.20001	151200	151.20001	151200	1.0	1000	""osoba2""
""osoba4""		155.70001	155700	174.0	174000	19.299988	19299	""osoba4""
""osoba1""		156.0	156000	156.90001	156900	1.9000092	1900	""osoba1""
""osoba2""		158.70001	158700	160.8	160800	3.0999908	3099	""osoba2""
""osoba4""		159.90001	159900	174.0	174000	15.099991	15099	""osoba4""
""osoba2""		160.8	160800	160.8	160800	1.0	1000	""osoba2""
""osoba4""		162.90001	162900	174.0	174000	12.099991	12099	""osoba4""
""osoba4""		164.70001	164700	174.0	174000	10.299988	10299	""osoba4""
""osoba4""		165.6	165600	174.0	174000	9.399994	9399	""osoba4""
""osoba4""		166.8	166800	174.0	174000	8.199997	8199	""osoba4""
""osoba4""		168.3	168300	174.0	174000	6.699997	6699	""osoba4""
""osoba4""		169.8	169800	174.0	174000	5.199997	5199	""osoba4""
""osoba4""		171.6	171600	174.0	174000	3.399994	3399	""osoba4""
""osoba1""		172.5	172500	182.40001	182400	10.900009	10900	""osoba1""
""osoba4""		173.40001	173400	174.0	174000	1.5999908	1599	""osoba4""
""osoba2""		174.3	174300	175.20001	175200	1.9000092	1900	""osoba2""
""osoba1""		176.70001	176700	182.40001	182400	6.699997	6699	""osoba1""
""osoba1""		178.20001	178200	182.40001	182400	5.199997	5199	""osoba1""
""osoba1""		179.1	179100	182.40001	182400	4.300003	4300	""osoba1""
""osoba1""		179.70001	179700	182.40001	182400	3.699997	3699	""osoba1""
""osoba3""		179.70001	179700	198.00002	198000	19.300003	19300	""osoba3""
""osoba1""		181.5	181500	182.40001	182400	1.9000092	1900	""osoba1""
""osoba3""		186.6	186600	198.00002	198000	12.400009	12400	""osoba3""
""osoba3""		188.1	188100	198.00002	198000	10.900009	10900	""osoba3""
""osoba3""		190.8	190800	198.00002	198000	8.200012	8200	""osoba3""
""osoba3""		192.0	192000	198.00002	198000	7.0000153	7000	""osoba3""
""osoba3""		192.6	192600	198.00002	198000	6.400009	6400	""osoba3""
""osoba3""		194.40001	194400	198.00002	198000	4.600006	4600	""osoba3""
""osoba3""		195.00002	195000	198.00002	198000	4.0	4000	""osoba3""
""osoba3""		197.70001	197700	198.00002	198000	1.300003	1300	""osoba3""
""osoba2""		198.00002	198000	223.50002	223500	26.5	26500	""osoba2""
""osoba2""		200.1	200100	223.50002	223500	24.40001	24400	""osoba2""
""osoba1""		203.70001	203700	204.00002	204000	1.300003	1300	""osoba1""
""osoba2""		204.6	204600	223.50002	223500	19.90001	19900	""osoba2""
""osoba2""		205.20001	205200	223.50002	223500	19.300003	19300	""osoba2""
""osoba2""		207.90001	207900	223.50002	223500	16.600006	16600	""osoba2""
""osoba1""		208.8	208800	209.70001	209700	1.9000092	1900	""osoba1""
""osoba2""		214.50002	214500	223.50002	223500	10.0	10000	""osoba2""
""osoba2""		217.50002	217500	223.50002	223500	7.0	7000	""osoba2""
""osoba2""		218.1	218100	223.50002	223500	6.400009	6400	""osoba2""
""osoba2""		219.00002	219000	223.50002	223500	5.5	5500	""osoba2""
""osoba3""		219.6	219600	219.6	219600	1.0	1000	""osoba3""
""osoba2""		219.90001	219900	223.50002	223500	4.600006	4600	""osoba2""
""osoba2""		221.1	221100	223.50002	223500	3.4000092	3400	""osoba2""
""osoba1""		221.70001	221700	228.6	228600	7.899994	7899	""osoba1""
""osoba3""		225.00002	225000	225.3	225300	1.2999878	1299	""osoba3""
""osoba1""		226.20001	226200	228.6	228600	3.399994	3399	""osoba1""
""osoba1""		227.40001	227400	228.6	228600	2.199997	2199	""osoba1""
""osoba4""		228.3	228300	233.70001	233700	6.400009	6400	""osoba4""
""osoba4""		229.8	229800	233.70001	233700	4.900009	4900	""osoba4""
""osoba2""		230.1	230100	230.1	230100	1.0	1000	""osoba2""
""osoba4""		231.3	231300	233.70001	233700	3.4000092	3400	""osoba4""
""osoba1""		232.8	232800	239.1	239100	7.300003	7300	""osoba1""
""osoba1""		234.6	234600	239.1	239100	5.5	5500	""osoba1""
""osoba1""		236.1	236100	239.1	239100	4.0	4000	""osoba1""
""osoba1""		237.3	237300	239.1	239100	2.800003	2800	""osoba1""
""osoba1""		237.90001	237900	239.1	239100	2.199997	2199	""osoba1""
""osoba2""		238.50002	238500	252.90001	252900	15.399994	15399	""osoba2""
""osoba2""		244.20001	244200	252.90001	252900	9.699997	9699	""osoba2""
""osoba2""		246.6	246600	252.90001	252900	7.300003	7300	""osoba2""
""osoba2""		247.8	247800	252.90001	252900	6.100006	6100	""osoba2""
""osoba2""		249.90001	249900	252.90001	252900	4.0	4000	""osoba2""
""osoba3""		251.40001	251400	258.90002	258900	8.500015	8500	""osoba3""
""osoba2""		252.3	252300	252.90001	252900	1.6000061	1600	""osoba2""
""osoba3""		252.90001	252900	258.90002	258900	7.0000153	7000	""osoba3""
""osoba3""		256.2	256200	258.90002	258900	3.7000122	3700	""osoba3""
""osoba3""		257.7	257700	258.90002	258900	2.2000122	2200	""osoba3""
""osoba2""		258.30002	258300	264.30002	264300	7.0	7000	""osoba2""
""osoba2""		260.40002	260400	264.30002	264300	4.899994	4899	""osoba2""
""osoba2""		261.0	261000	264.30002	264300	4.3000183	4300	""osoba2""
""osoba1""		261.30002	261300	261.30002	261300	1.0	1000	""osoba1""
""osoba4""		262.80002	262800	270.0	270000	8.199982	8199	""osoba4""
""osoba1""		264.90002	264900	265.2	265200	1.2999878	1299	""osoba1""
""osoba3""		265.5	265500	274.2	274200	9.700012	9700	""osoba3""
""osoba3""		266.40002	266400	274.2	274200	8.799988	8799	""osoba3""
""osoba1""		268.80002	268800	270.0	270000	2.1999817	2199	""osoba1""
""osoba1""		269.7	269700	270.0	270000	1.2999878	1299	""osoba1""
""osoba3""		271.2	271200	274.2	274200	4.0	4000	""osoba3""
""osoba3""		273.30002	273300	274.2	274200	1.8999939	1899	""osoba3""
""osoba2""		274.2	274200	285.6	285600	12.399994	12399	""osoba2""
""osoba2""		276.90002	276900	285.6	285600	9.699982	9699	""osoba2""
""osoba3""		276.90002	276900	276.90002	276900	1.0	1000	""osoba3""
""osoba1""		277.2	277200	277.80002	277800	1.6000061	1600	""osoba1""
""osoba2""		280.5	280500	285.6	285600	6.100006	6100	""osoba2""
""osoba2""		283.5	283500	285.6	285600	3.100006	3100	""osoba2""
""osoba3""		283.5	283500	283.5	283500	1.0	1000	""osoba3""
""osoba1""		284.7	284700	302.40002	302400	18.700012	18700	""osoba1""
""osoba1""		287.1	287100	302.40002	302400	16.300018	16300	""osoba1""
""osoba1""		288.6	288600	302.40002	302400	14.800018	14800	""osoba1""
""osoba1""		291.90002	291900	302.40002	302400	11.5	11500	""osoba1""
""osoba1""		293.40002	293400	302.40002	302400	10.0	10000	""osoba1""
""osoba1""		294.0	294000	302.40002	302400	9.400024	9400	""osoba1""
""osoba1""		296.40002	296400	302.40002	302400	7.0	7000	""osoba1""
""osoba1""		299.1	299100	302.40002	302400	4.3000183	4300	""osoba1""
""osoba1""		299.7	299700	302.40002	302400	3.7000122	3700	""osoba1""
""osoba1""		300.30002	300300	302.40002	302400	3.100006	3100	""osoba1""
""osoba1""		301.2	301200	302.40002	302400	2.2000122	2200	""osoba1""
""osoba3""		303.0	303000	308.1	308100	6.100006	6100	""osoba3""
""osoba3""		305.1	305100	308.1	308100	4.0	4000	""osoba3""
""osoba3""		306.0	306000	308.1	308100	3.100006	3100	""osoba3""
""osoba2""		306.90002	306900	309.90002	309900	4.0	4000	""osoba2""
""osoba3""		306.90002	306900	308.1	308100	2.1999817	2199	""osoba3""
""osoba2""		309.0	309000	309.90002	309900	1.9000244	1900	""osoba2""
""osoba1""		309.90002	309900	311.7	311700	2.7999878	2799	""osoba1""
""osoba3""		311.7	311700	312.0	312000	1.2999878	1299	""osoba3""
""osoba1""		313.80002	313800	328.5	328500	15.699982	15699	""osoba1""
""osoba3""		314.40002	314400	314.40002	314400	1.0	1000	""osoba3""
""osoba1""		315.6	315600	328.5	328500	13.899994	13899	""osoba1""
""osoba1""		317.1	317100	328.5	328500	12.399994	12399	""osoba1""
""osoba4""		319.2	319200	320.40002	320400	2.2000122	2200	""osoba4""
""osoba3""		321.90002	321900	324.0	324000	3.0999756	3099	""osoba3""
""osoba2""		322.5	322500	323.40002	323400	1.9000244	1900	""osoba2""
""osoba1""		326.7	326700	328.5	328500	2.7999878	2799	""osoba1""
""osoba4""		327.6	327600	335.40002	335400	8.800018	8800	""osoba4""
""osoba1""		327.90002	327900	328.5	328500	1.5999756	1599	""osoba1""
""osoba4""		329.7	329700	335.40002	335400	6.700012	6700	""osoba4""
""osoba1""		331.2	331200	334.5	334500	4.299988	4299	""osoba1""
""osoba4""		331.80002	331800	335.40002	335400	4.600006	4600	""osoba4""
""osoba2""		332.40002	332400	360.30002	360300	28.899994	28899	""osoba2""
""osoba3""		334.80002	334800	337.5	337500	3.6999817	3699	""osoba3""
""osoba2""		336.90002	336900	360.30002	360300	24.399994	24399	""osoba2""
""osoba2""		339.30002	339300	360.30002	360300	22.0	22000	""osoba2""
""osoba2""		346.2	346200	360.30002	360300	15.100006	15100	""osoba2""
""osoba2""		350.1	350100	360.30002	360300	11.200012	11200	""osoba2""
""osoba1""		354.6	354600	355.2	355200	1.6000061	1600	""osoba1""
""osoba2""		356.40002	356400	360.30002	360300	4.899994	4899	""osoba2""
""osoba4""		358.5	358500	364.80002	364800	7.3000183	7300	""osoba4""
""osoba4""		362.7	362700	364.80002	364800	3.100006	3100	""osoba4""
""osoba4""		363.30002	363300	364.80002	364800	2.5	2500	""osoba4""
""osoba4""		363.90002	363900	364.80002	364800	1.8999939	1899	""osoba4""
""osoba1""		364.5	364500	392.7	392700	29.200012	29200	""osoba1""
""osoba1""		365.7	365700	392.7	392700	28.0	28000	""osoba1""
""osoba1""		367.80002	367800	392.7	392700	25.899994	25899	""osoba1""
""osoba4""		368.7	368700	369.30002	369300	1.6000061	1600	""osoba4""
""osoba1""		369.90002	369900	392.7	392700	23.799988	23799	""osoba1""
""osoba1""		372.0	372000	392.7	392700	21.700012	21700	""osoba1""
""osoba1""		372.6	372600	392.7	392700	21.100006	21100	""osoba1""
""osoba1""		375.6	375600	392.7	392700	18.100006	18100	""osoba1""
""osoba4""		375.90002	375900	376.5	376500	1.5999756	1599	""osoba4""
""osoba1""		377.40002	377400	392.7	392700	16.299988	16299	""osoba1""
""osoba2""		378.30002	378300	378.6	378600	1.2999878	1299	""osoba2""
""osoba1""		382.2	382200	392.7	392700	11.5	11500	""osoba1""
""osoba2""		382.2	382200	397.50003	397500	16.300018	16300	""osoba2""
""osoba4""		382.2	382200	386.40002	386400	5.200012	5200	""osoba4""
""osoba3""		383.7	383700	386.1	386100	3.399994	3399	""osoba3""
""osoba2""		387.00003	387000	397.50003	397500	11.5	11500	""osoba2""
""osoba2""		387.6	387600	397.50003	397500	10.900024	10900	""osoba2""
""osoba1""		388.50003	388500	392.7	392700	5.1999817	5199	""osoba1""
""osoba1""		392.40002	392400	392.7	392700	1.2999878	1299	""osoba1""
""osoba2""		392.7	392700	397.50003	397500	5.8000183	5800	""osoba2""
""osoba3""		393.30002	393300	393.90002	393900	1.6000061	1600	""osoba3""
""osoba4""		393.30002	393300	435.00003	435000	42.700012	42700	""osoba4""
""osoba2""		394.50003	394500	397.50003	397500	4.0	4000	""osoba2""
""osoba4""		395.7	395700	435.00003	435000	40.30002	40300	""osoba4""
""osoba2""		396.6	396600	397.50003	397500	1.9000244	1900	""osoba2""
""osoba4""		397.2	397200	435.00003	435000	38.80002	38800	""osoba4""
""osoba4""		398.7	398700	435.00003	435000	37.30002	37300	""osoba4""
""osoba4""		399.30002	399300	435.00003	435000	36.700012	36700	""osoba4""
""osoba4""		402.00003	402000	435.00003	435000	34.0	34000	""osoba4""
""osoba4""		402.6	402600	435.00003	435000	33.400024	33400	""osoba4""
""osoba4""		405.00003	405000	435.00003	435000	31.0	31000	""osoba4""
""osoba4""		405.90002	405900	435.00003	435000	30.100006	30100	""osoba4""
""osoba2""		406.50003	406500	406.50003	406500	1.0	1000	""osoba2""
""osoba4""		406.50003	406500	435.00003	435000	29.5	29500	""osoba4""
""osoba1""		406.80002	406800	406.80002	406800	1.0	1000	""osoba1""
""osoba4""		412.2	412200	435.00003	435000	23.800018	23800	""osoba4""
""osoba4""		413.7	413700	435.00003	435000	22.300018	22300	""osoba4""
""osoba4""		419.7	419700	435.00003	435000	16.300018	16300	""osoba4""
""osoba4""		420.90002	420900	435.00003	435000	15.100006	15100	""osoba4""
""osoba4""		422.1	422100	435.00003	435000	13.900024	13900	""osoba4""
""osoba3""		425.1	425100	425.40002	425400	1.3000183	1300	""osoba3""
""osoba1""		433.50003	433500	437.7	437700	5.1999817	5199	""osoba1""
""osoba1""		434.40002	434400	437.7	437700	4.299988	4299	""osoba1""
""osoba4""		435.00003	435000	435.00003	435000	1.0	1000	""osoba4""
""osoba1""		436.2	436200	437.7	437700	2.5	2500	""osoba1""
""osoba2""		437.7	437700	441.00003	441000	4.3000183	4300	""osoba2""
""osoba3""		439.80002	439800	447.30002	447300	8.5	8500	""osoba3""
""osoba3""		440.40002	440400	447.30002	447300	7.899994	7899	""osoba3""
""osoba3""		442.50003	442500	447.30002	447300	5.799988	5799	""osoba3""
""osoba3""		443.7	443700	447.30002	447300	4.600006	4600	""osoba3""
""osoba3""		444.30002	444300	447.30002	447300	4.0	4000	""osoba3""
""osoba3""		445.50003	445500	447.30002	447300	2.7999878	2799	""osoba3""
""osoba3""		446.7	446700	447.30002	447300	1.6000061	1600	""osoba3""
""osoba3""		447.30002	447300	447.30002	447300	1.0	1000	""osoba3""
""osoba2""		447.6	447600	447.90002	447900	1.3000183	1300	""osoba2""
""osoba1""		447.90002	447900	451.50003	451500	4.600006	4600	""osoba1""
""osoba2""		451.50003	451500	457.50003	457500	7.0	7000	""osoba2""
""osoba3""		451.50003	451500	451.50003	451500	1.0	1000	""osoba3""
""osoba1""		454.50003	454500	454.80002	454800	1.2999878	1299	""osoba1""
""osoba2""		455.40002	455400	457.50003	457500	3.100006	3100	""osoba2""
""osoba3""		455.7	455700	461.7	461700	7.0	7000	""osoba3""
""osoba2""		457.50003	457500	457.50003	457500	1.0	1000	""osoba2""
""osoba3""		457.80002	457800	461.7	461700	4.899994	4899	""osoba3""
""osoba3""		459.90002	459900	461.7	461700	2.7999878	2799	""osoba3""
""osoba3""		460.80002	460800	461.7	461700	1.8999939	1899	""osoba3""
""osoba2""		461.7	461700	462.6	462600	1.8999939	1899	""osoba2""
""osoba4""		461.7	461700	479.7	479700	19.0	19000	""osoba4""
""osoba4""		464.7	464700	479.7	479700	16.0	16000	""osoba4""
""osoba4""		465.90002	465900	479.7	479700	14.799988	14799	""osoba4""
""osoba2""		466.50003	466500	469.80002	469800	4.299988	4299	""osoba2""
""osoba2""		467.1	467100	469.80002	469800	3.7000122	3700	""osoba2""
""osoba4""		467.40002	467400	479.7	479700	13.299988	13299	""osoba4""
""osoba2""		469.2	469200	469.80002	469800	1.6000061	1600	""osoba2""
""osoba4""		471.00003	471000	479.7	479700	9.699982	9699	""osoba4""
""osoba4""		472.50003	472500	479.7	479700	8.199982	8199	""osoba4""
""osoba4""		474.00003	474000	479.7	479700	6.6999817	6699	""osoba4""
""osoba2""		477.30002	477300	478.50003	478500	2.2000122	2200	""osoba2""
""osoba1""		477.6	477600	485.40002	485400	8.800018	8800	""osoba1""
""osoba1""		478.50003	478500	485.40002	485400	7.899994	7899	""osoba1""
""osoba4""		479.1	479100	479.7	479700	1.6000061	1600	""osoba4""
""osoba1""		483.30002	483300	485.40002	485400	3.100006	3100	""osoba1""
""osoba3""		483.6	483600	493.50003	493500	10.900024	10900	""osoba3""
""osoba2""		483.90002	483900	485.40002	485400	2.5	2500	""osoba2""
""osoba3""		488.1	488100	493.50003	493500	6.4000244	6400	""osoba3""
""osoba3""		489.6	489600	493.50003	493500	4.9000244	4900	""osoba3""
""osoba3""		490.2	490200	493.50003	493500	4.3000183	4300	""osoba3""
""osoba3""		491.1	491100	493.50003	493500	3.4000244	3400	""osoba3""
""osoba2""		492.00003	492000	510.00003	510000	19.0	19000	""osoba2""
""osoba2""		492.6	492600	510.00003	510000	18.400024	18400	""osoba2""
""osoba3""		493.2	493200	493.50003	493500	1.3000183	1300	""osoba3""
""osoba2""		494.40002	494400	510.00003	510000	16.600006	16600	""osoba2""
""osoba2""		495.90002	495900	510.00003	510000	15.100006	15100	""osoba2""
""osoba2""		498.30002	498300	510.00003	510000	12.700012	12700	""osoba2""
""osoba2""		500.40002	500400	510.00003	510000	10.600006	10600	""osoba2""
""osoba2""		502.50003	502500	510.00003	510000	8.5	8500	""osoba2""
""osoba2""		503.1	503100	510.00003	510000	7.9000244	7900	""osoba2""
""osoba2""		503.7	503700	510.00003	510000	7.3000183	7300	""osoba2""
""osoba4""		504.30002	504300	505.50003	505500	2.2000122	2200	""osoba4""
""osoba1""		505.2	505200	506.1	506100	1.8999939	1899	""osoba1""
""osoba4""		505.50003	505500	505.50003	505500	1.0	1000	""osoba4""
""osoba2""		505.80002	505800	510.00003	510000	5.200012	5200	""osoba2""
""osoba2""		507.30002	507300	510.00003	510000	3.7000122	3700	""osoba2""
""osoba2""		509.7	509700	510.00003	510000	1.3000183	1300	""osoba2""
""osoba3""		510.30002	510300	510.6	510600	1.2999878	1299	""osoba3""
""osoba4""		510.6	510600	510.6	510600	1.0	1000	""osoba4""
""osoba1""		510.90002	510900	513.30005	513300	3.4000244	3400	""osoba1""
""osoba1""		511.50003	511500	513.30005	513300	2.8000183	2800	""osoba1""
""osoba2""		513.30005	513300	513.9	513900	1.5999756	1599	""osoba2""
""osoba4""		513.60004	513600	534.30005	534300	21.700012	21700	""osoba4""
""osoba2""		513.9	513900	513.9	513900	1.0	1000	""osoba2""
""osoba4""		515.10004	515100	534.30005	534300	20.200012	20200	""osoba4""
""osoba1""		515.7	515700	515.7	515700	1.0	1000	""osoba1""
""osoba4""		516.60004	516600	534.30005	534300	18.700012	18700	""osoba4""
""osoba3""		518.10004	518100	519.0	519000	1.8999634	1899	""osoba3""
""osoba4""		520.5	520500	534.30005	534300	14.800049	14800	""osoba4""
""osoba4""		521.4	521400	534.30005	534300	13.900024	13900	""osoba4""
""osoba4""		524.10004	524100	534.30005	534300	11.200012	11200	""osoba4""
""osoba2""		525.60004	525600	527.10004	527100	2.5	2500	""osoba2""
""osoba1""		527.10004	527100	527.7	527700	1.5999756	1599	""osoba1""
""osoba4""		529.5	529500	534.30005	534300	5.800049	5800	""osoba4""
""osoba4""		531.60004	531600	534.30005	534300	3.7000122	3700	""osoba4""
""osoba1""		534.0	534000	541.2	541200	8.200012	8200	""osoba1""
""osoba3""		535.80005	535800	537.0	537000	2.1999512	2199	""osoba3""
""osoba1""		538.2	538200	541.2	541200	4.0	4000	""osoba1""
""osoba1""		539.10004	539100	541.2	541200	3.0999756	3099	""osoba1""
""osoba1""		540.0	540000	541.2	541200	2.2000122	2200	""osoba1""
""osoba3""		540.9	540900	543.30005	543300	3.4000244	3400	""osoba3""
""osoba4""		541.2	541200	542.7	542700	2.5	2500	""osoba4""
""osoba2""		542.7	542700	555.9	555900	14.200012	14200	""osoba2""
""osoba2""		546.60004	546600	555.9	555900	10.299988	10299	""osoba2""
""osoba2""		550.5	550500	555.9	555900	6.4000244	6400	""osoba2""
""osoba2""		551.7	551700	555.9	555900	5.200012	5200	""osoba2""
""osoba3""		553.80005	553800	559.5	559500	6.699951	6699	""osoba3""
""osoba3""		557.4	557400	559.5	559500	3.0999756	3099	""osoba3""
""osoba2""		559.2	559200	599.4	599400	41.200012	41200	""osoba2""
""osoba3""		559.5	559500	559.5	559500	1.0	1000	""osoba3""
""osoba2""		562.2	562200	599.4	599400	38.200012	38200	""osoba2""
""osoba2""		563.4	563400	599.4	599400	37.0	37000	""osoba2""
""osoba4""		563.7	563700	565.5	565500	2.7999878	2799	""osoba4""
""osoba2""		567.9	567900	599.4	599400	32.5	32500	""osoba2""
""osoba2""		568.5	568500	599.4	599400	31.900024	31900	""osoba2""
""osoba2""		569.4	569400	599.4	599400	31.0	31000	""osoba2""
""osoba2""		571.5	571500	599.4	599400	28.900024	28900	""osoba2""
""osoba1""		575.4	575400	576.60004	576600	2.2000122	2200	""osoba1""
""osoba2""		575.4	575400	599.4	599400	25.0	25000	""osoba2""
""osoba2""		579.0	579000	599.4	599400	21.400024	21400	""osoba2""
""osoba2""		582.30005	582300	599.4	599400	18.099976	18099	""osoba2""
""osoba2""		584.7	584700	599.4	599400	15.700012	15700	""osoba2""
""osoba2""		587.10004	587100	599.4	599400	13.299988	13299	""osoba2""
""osoba2""		588.0	588000	599.4	599400	12.400024	12400	""osoba2""
""osoba4""		588.9	588900	589.2	589200	1.2999878	1299	""osoba4""
""osoba2""		590.10004	590100	599.4	599400	10.299988	10299	""osoba2""
""osoba2""		591.30005	591300	599.4	599400	9.099976	9099	""osoba2""
""osoba2""		592.5	592500	599.4	599400	7.9000244	7900	""osoba2""
""osoba2""		594.30005	594300	599.4	599400	6.0999756	6099	""osoba2""
""osoba2""		595.5	595500	599.4	599400	4.9000244	4900	""osoba2""
""osoba2""		596.10004	596100	599.4	599400	4.299988	4299	""osoba2""
""osoba1""		597.0	597000	601.5	601500	5.5	5500	""osoba1""
""osoba1""		600.60004	600600	601.5	601500	1.8999634	1899	""osoba1""
""osoba4""		601.80005	601800	603.9	603900	3.0999756	3099	""osoba4""
""osoba4""		603.0	603000	603.9	603900	1.9000244	1900	""osoba4""
""osoba1""		603.9	603900	605.4	605400	2.5	2500	""osoba1""
""osoba2""		604.5	604500	608.10004	608100	4.6000366	4600	""osoba2""
""osoba1""		604.80005	604800	605.4	605400	1.5999756	1599	""osoba1""
""osoba2""		605.7	605700	608.10004	608100	3.4000244	3400	""osoba2""
""osoba4""		606.60004	606600	623.4	623400	17.799988	17799	""osoba4""
""osoba4""		609.0	609000	623.4	623400	15.400024	15400	""osoba4""
""osoba4""		610.80005	610800	623.4	623400	13.599976	13599	""osoba4""
""osoba4""		615.0	615000	623.4	623400	9.400024	9400	""osoba4""
""osoba2""		620.10004	620100	620.4	620400	1.2999878	1299	""osoba2""
""osoba4""		620.10004	620100	623.4	623400	4.299988	4299	""osoba4""
""osoba3""		620.4	620400	663.0	663000	43.599976	43599	""osoba3""
""osoba3""		624.9	624900	663.0	663000	39.099976	39099	""osoba3""
""osoba3""		626.10004	626100	663.0	663000	37.899963	37899	""osoba3""
""osoba3""		627.9	627900	663.0	663000	36.099976	36099	""osoba3""
""osoba3""		629.7	629700	663.0	663000	34.299988	34299	""osoba3""
""osoba1""		632.4	632400	632.4	632400	1.0	1000	""osoba1""
""osoba3""		633.60004	633600	663.0	663000	30.399963	30399	""osoba3""
""osoba3""		634.5	634500	663.0	663000	29.5	29500	""osoba3""
""osoba4""		636.0	636000	636.0	636000	1.0	1000	""osoba4""
""osoba3""		636.60004	636600	663.0	663000	27.399963	27399	""osoba3""
""osoba3""		638.10004	638100	663.0	663000	25.899963	25899	""osoba3""
""osoba2""		639.60004	639600	642.0	642000	3.3999634	3399	""osoba2""
""osoba3""		640.2	640200	663.0	663000	23.799988	23799	""osoba3""
""osoba2""		641.4	641400	642.0	642000	1.5999756	1599	""osoba2""
""osoba3""		643.80005	643800	663.0	663000	20.199951	20199	""osoba3""
""osoba3""		645.60004	645600	663.0	663000	18.399963	18399	""osoba3""
""osoba3""		647.10004	647100	663.0	663000	16.899963	16899	""osoba3""
""osoba1""		647.7	647700	647.7	647700	1.0	1000	""osoba1""
""osoba3""		648.0	648000	663.0	663000	16.0	16000	""osoba3""
""osoba3""		648.9	648900	663.0	663000	15.099976	15099	""osoba3""
""osoba3""		650.4	650400	663.0	663000	13.599976	13599	""osoba3""
""osoba2""		651.30005	651300	654.0	654000	3.6999512	3699	""osoba2""
""osoba1""		651.60004	651600	651.9	651900	1.2999878	1299	""osoba1""
""osoba3""		651.60004	651600	663.0	663000	12.399963	12399	""osoba3""
""osoba2""		652.5	652500	654.0	654000	2.5	2500	""osoba2""
""osoba3""		655.5	655500	663.0	663000	8.5	8500	""osoba3""
""osoba4""		659.10004	659100	663.0	663000	4.8999634	4899	""osoba4""
""osoba4""		660.9	660900	663.0	663000	3.0999756	3099	""osoba4""
""osoba3""		661.80005	661800	663.0	663000	2.1999512	2199	""osoba3""
""osoba3""		665.7	665700	667.2	667200	2.5	2500	""osoba3""
""osoba4""		665.7	665700	685.80005	685800	21.100037	21100	""osoba4""
""osoba4""		667.5	667500	685.80005	685800	19.300049	19300	""osoba4""
""osoba4""		669.0	669000	685.80005	685800	17.800049	17800	""osoba4""
""osoba4""		669.9	669900	685.80005	685800	16.900024	16900	""osoba4""
""osoba4""		670.80005	670800	685.80005	685800	16.0	16000	""osoba4""
""osoba4""		671.7	671700	685.80005	685800	15.100037	15100	""osoba4""
""osoba4""		672.60004	672600	685.80005	685800	14.200012	14200	""osoba4""
""osoba4""		673.2	673200	685.80005	685800	13.600037	13600	""osoba4""
""osoba1""		675.0	675000	677.7	677700	3.7000122	3700	""osoba1""
""osoba4""		676.80005	676800	685.80005	685800	10.0	10000	""osoba4""
""osoba1""		677.7	677700	677.7	677700	1.0	1000	""osoba1""
""osoba2""		678.9	678900	681.9	681900	4.0	4000	""osoba2""
""osoba1""		681.0	681000	692.10004	692100	12.100037	12100	""osoba1""
""osoba4""		683.7	683700	685.80005	685800	3.1000366	3100	""osoba4""
""osoba1""		684.9	684900	692.10004	692100	8.200012	8200	""osoba1""
""osoba3""		685.2	685200	686.10004	686100	1.9000244	1900	""osoba3""
""osoba1""		688.2	688200	692.10004	692100	4.9000244	4900	""osoba1""
""osoba4""		688.5	688500	689.10004	689100	1.6000366	1600	""osoba4""
""osoba1""		690.9	690900	692.10004	692100	2.2000122	2200	""osoba1""
""osoba2""		691.80005	691800	699.60004	699600	8.799988	8799	""osoba2""
""osoba2""		694.80005	694800	699.60004	699600	5.799988	5799	""osoba2""
""osoba4""		696.9	696900	706.5	706500	10.599976	10599	""osoba4""
""osoba3""		699.30005	699300	701.10004	701100	2.7999878	2799	""osoba3""
""osoba4""		702.30005	702300	706.5	706500	5.199951	5199	""osoba4""
""osoba4""		702.9	702900	706.5	706500	4.5999756	4599	""osoba4""
""osoba3""		703.2	703200	732.30005	732300	30.100037	30100	""osoba3""
""osoba3""		710.7	710700	732.30005	732300	22.600037	22600	""osoba3""
""osoba3""		711.60004	711600	732.30005	732300	21.700012	21700	""osoba3""
""osoba3""		712.5	712500	732.30005	732300	20.800049	20800	""osoba3""
""osoba3""		713.7	713700	732.30005	732300	19.600037	19600	""osoba3""
""osoba3""		714.9	714900	732.30005	732300	18.400024	18400	""osoba3""
""osoba4""		716.7	716700	717.60004	717600	1.9000244	1900	""osoba4""
""osoba3""		717.60004	717600	732.30005	732300	15.700012	15700	""osoba3""
""osoba2""		718.80005	718800	718.80005	718800	1.0	1000	""osoba2""
""osoba3""		723.30005	723300	732.30005	732300	10.0	10000	""osoba3""
""osoba3""		724.2	724200	732.30005	732300	9.100037	9100	""osoba3""
""osoba3""		724.80005	724800	732.30005	732300	8.5	8500	""osoba3""
""osoba3""		725.4	725400	732.30005	732300	7.9000244	7900	""osoba3""
""osoba3""		726.30005	726300	732.30005	732300	7.0	7000	""osoba3""
""osoba3""		727.2	727200	732.30005	732300	6.1000366	6100	""osoba3""
""osoba4""		728.4	728400	729.0	729000	1.5999756	1599	""osoba4""
""osoba3""		730.80005	730800	732.30005	732300	2.5	2500	""osoba3""
""osoba1""		731.10004	731100	736.5	736500	6.3999634	6399	""osoba1""
""osoba1""		734.7	734700	736.5	736500	2.7999878	2799	""osoba1""
""osoba2""		735.9	735900	741.9	741900	7.0	7000	""osoba2""
""osoba2""		737.4	737400	741.9	741900	5.5	5500	""osoba2""
""osoba2""		738.60004	738600	741.9	741900	4.299988	4299	""osoba2""
""osoba4""		739.80005	739800	774.9	774900	36.099976	36099	""osoba4""
""osoba2""		740.7	740700	741.9	741900	2.2000122	2200	""osoba2""
""osoba4""		740.7	740700	774.9	774900	35.200012	35200	""osoba4""
""osoba1""		741.0	741000	741.30005	741300	1.3000488	1300	""osoba1""
""osoba4""		742.80005	742800	774.9	774900	33.099976	33099	""osoba4""
""osoba4""		743.7	743700	774.9	774900	32.200012	32200	""osoba4""
""osoba2""		744.30005	744300	745.5	745500	2.1999512	2199	""osoba2""
""osoba1""		746.10004	746100	746.4	746400	1.2999878	1299	""osoba1""
""osoba4""		747.30005	747300	774.9	774900	28.599976	28599	""osoba4""
""osoba4""		747.9	747900	774.9	774900	28.0	28000	""osoba4""
""osoba1""		748.5	748500	750.30005	750300	2.8000488	2800	""osoba1""
""osoba1""		749.4	749400	750.30005	750300	1.9000244	1900	""osoba1""
""osoba3""		749.4	749400	750.60004	750600	2.2000122	2200	""osoba3""
""osoba4""		749.4	749400	774.9	774900	26.5	26500	""osoba4""
""osoba4""		752.10004	752100	774.9	774900	23.799988	23799	""osoba4""
""osoba4""		753.60004	753600	774.9	774900	22.299988	22299	""osoba4""
""osoba4""		758.7	758700	774.9	774900	17.200012	17200	""osoba4""
""osoba1""		763.80005	763800	764.7	764700	1.8999634	1899	""osoba1""
""osoba4""		763.80005	763800	774.9	774900	12.099976	12099	""osoba4""
""osoba4""		765.0	765000	774.9	774900	10.900024	10900	""osoba4""
""osoba1""		768.9	768900	770.4	770400	2.5	2500	""osoba1""
""osoba3""		768.9	768900	769.80005	769800	1.9000244	1900	""osoba3""
""osoba4""		769.50006	769500	774.9	774900	6.3999634	6399	""osoba4""
""osoba2""		770.4	770400	772.50006	772500	3.1000366	3100	""osoba2""
""osoba2""		772.50006	772500	772.50006	772500	1.0	1000	""osoba2""
""osoba4""		772.50006	772500	774.9	774900	3.3999634	3399	""osoba4""
""osoba3""		772.80005	772800	777.9	777900	6.0999756	6099	""osoba3""
""osoba1""		776.4	776400	803.10004	803100	27.700012	27700	""osoba1""
""osoba3""		776.4	776400	777.9	777900	2.5	2500	""osoba3""
""osoba3""		777.00006	777000	777.9	777900	1.8999634	1899	""osoba3""
""osoba2""		777.9	777900	781.50006	781500	4.6000366	4600	""osoba2""
""osoba1""		780.30005	780300	803.10004	803100	23.799988	23799	""osoba1""
""osoba1""		782.4	782400	803.10004	803100	21.700012	21700	""osoba1""
""osoba1""		787.50006	787500	803.10004	803100	16.599976	16599	""osoba1""
""osoba1""		789.00006	789000	803.10004	803100	15.099976	15099	""osoba1""
""osoba1""		790.50006	790500	803.10004	803100	13.599976	13599	""osoba1""
""osoba1""		791.7	791700	803.10004	803100	12.400024	12400	""osoba1""
""osoba1""		793.80005	793800	803.10004	803100	10.299988	10299	""osoba1""
""osoba2""		793.80005	793800	796.50006	796500	3.7000122	3700	""osoba2""
""osoba1""		798.00006	798000	803.10004	803100	6.0999756	6099	""osoba1""
""osoba2""		798.9	798900	803.10004	803100	5.200012	5200	""osoba2""
""osoba2""		801.00006	801000	803.10004	803100	3.0999756	3099	""osoba2""
""osoba4""		802.2	802200	815.10004	815100	13.900024	13900	""osoba4""
""osoba1""		802.50006	802500	803.10004	803100	1.5999756	1599	""osoba1""
""osoba4""		805.80005	805800	815.10004	815100	10.299988	10299	""osoba4""
""osoba4""		807.00006	807000	815.10004	815100	9.099976	9099	""osoba4""
""osoba3""		807.30005	807300	807.9	807900	1.5999756	1599	""osoba3""
""osoba4""		809.4	809400	815.10004	815100	6.700012	6700	""osoba4""
""osoba3""		810.30005	810300	817.80005	817800	8.5	8500	""osoba3""
""osoba3""		810.9	810900	817.80005	817800	7.9000244	7900	""osoba3""
""osoba4""		813.00006	813000	815.10004	815100	3.0999756	3099	""osoba4""
""osoba3""		813.60004	813600	817.80005	817800	5.200012	5200	""osoba3""
""osoba1""		814.2	814200	814.2	814200	1.0	1000	""osoba1""
""osoba3""		815.4	815400	817.80005	817800	3.4000244	3400	""osoba3""
""osoba2""		815.7	815700	861.9	861900	47.200012	47200	""osoba2""
""osoba2""		819.00006	819000	861.9	861900	43.899963	43899	""osoba2""
""osoba4""		819.9	819900	820.80005	820800	1.9000244	1900	""osoba4""
""osoba2""		825.60004	825600	861.9	861900	37.299988	37299	""osoba2""
""osoba2""		826.50006	826500	861.9	861900	36.399963	36399	""osoba2""
""osoba3""		829.50006	829500	829.50006	829500	1.0	1000	""osoba3""
""osoba2""		829.80005	829800	861.9	861900	33.099976	33099	""osoba2""
""osoba2""		830.4	830400	861.9	861900	32.5	32500	""osoba2""
""osoba2""		831.9	831900	861.9	861900	31.0	31000	""osoba2""
""osoba2""		832.80005	832800	861.9	861900	30.099976	30099	""osoba2""
""osoba2""		833.7	833700	861.9	861900	29.200012	29200	""osoba2""
""osoba2""		834.60004	834600	861.9	861900	28.299988	28299	""osoba2""
""osoba2""		836.10004	836100	861.9	861900	26.799988	26799	""osoba2""
""osoba2""		839.10004	839100	861.9	861900	23.799988	23799	""osoba2""
""osoba2""		841.2	841200	861.9	861900	21.700012	21700	""osoba2""
""osoba2""		842.7	842700	861.9	861900	20.200012	20200	""osoba2""
""osoba2""		843.30005	843300	861.9	861900	19.599976	19599	""osoba2""
""osoba2""		845.10004	845100	861.9	861900	17.799988	17799	""osoba2""
""osoba2""		846.60004	846600	861.9	861900	16.299988	16299	""osoba2""
""osoba3""		847.50006	847500	847.50006	847500	1.0	1000	""osoba3""
""osoba2""		848.10004	848100	861.9	861900	14.799988	14799	""osoba2""
""osoba2""		849.30005	849300	861.9	861900	13.599976	13599	""osoba2""
""osoba2""		849.9	849900	861.9	861900	13.0	13000	""osoba2""
""osoba1""		851.10004	851100	851.4	851400	1.2999878	1299	""osoba1""
""osoba2""		851.10004	851100	861.9	861900	11.799988	11799	""osoba2""
""osoba2""		852.00006	852000	861.9	861900	10.899963	10899	""osoba2""
""osoba2""		853.80005	853800	861.9	861900	9.099976	9099	""osoba2""
""osoba2""		856.50006	856500	861.9	861900	6.3999634	6399	""osoba2""
""osoba2""		857.10004	857100	861.9	861900	5.799988	5799	""osoba2""
""osoba2""		861.30005	861300	861.9	861900	1.5999756	1599	""osoba2""
""osoba2""		861.9	861900	861.9	861900	1.0	1000	""osoba2""
""osoba3""		862.2	862200	877.50006	877500	16.300049	16300	""osoba3""
""osoba3""		863.4	863400	877.50006	877500	15.100037	15100	""osoba3""
""osoba3""		864.00006	864000	877.50006	877500	14.5	14500	""osoba3""
""osoba2""		864.30005	864300	864.30005	864300	1.0	1000	""osoba2""
""osoba3""		868.80005	868800	877.50006	877500	9.700012	9700	""osoba3""
""osoba3""		871.50006	871500	877.50006	877500	7.0	7000	""osoba3""
""osoba3""		873.30005	873300	877.50006	877500	5.200012	5200	""osoba3""
""osoba2""		876.60004	876600	886.2	886200	10.599976	10599	""osoba2""
""osoba2""		878.10004	878100	886.2	886200	9.099976	9099	""osoba2""
""osoba4""		878.4	878400	878.4	878400	1.0	1000	""osoba4""
""osoba2""		880.50006	880500	886.2	886200	6.699951	6699	""osoba2""
""osoba2""		881.10004	881100	886.2	886200	6.0999756	6099	""osoba2""
""osoba2""		882.9	882900	886.2	886200	4.299988	4299	""osoba2""
""osoba4""		882.9	882900	882.9	882900	1.0	1000	""osoba4""
""osoba2""		883.50006	883500	886.2	886200	3.6999512	3699	""osoba2""
""osoba3""		883.50006	883500	883.80005	883800	1.2999878	1299	""osoba3""
""osoba4""		886.50006	886500	890.10004	890100	4.5999756	4599	""osoba4""
""osoba4""		888.00006	888000	890.10004	890100	3.0999756	3099	""osoba4""
""osoba2""		889.2	889200	894.30005	894300	6.1000366	6100	""osoba2""
""osoba4""		889.2	889200	890.10004	890100	1.9000244	1900	""osoba4""
""osoba3""		889.50006	889500	889.80005	889800	1.2999878	1299	""osoba3""
""osoba2""		890.7	890700	894.30005	894300	4.6000366	4600	""osoba2""
""osoba2""		892.80005	892800	894.30005	894300	2.5	2500	""osoba2""
""osoba1""		894.30005	894300	908.10004	908100	14.799988	14799	""osoba1""
""osoba3""		894.30005	894300	894.60004	894600	1.2999878	1299	""osoba3""
""osoba1""		896.7	896700	908.10004	908100	12.400024	12400	""osoba1""
""osoba1""		897.60004	897600	908.10004	908100	11.5	11500	""osoba1""
""osoba1""		902.10004	902100	908.10004	908100	7.0	7000	""osoba1""
""osoba1""		905.10004	905100	908.10004	908100	4.0	4000	""osoba1""
""osoba3""		906.30005	906300	925.2	925200	19.899963	19899	""osoba3""
""osoba1""		907.80005	907800	908.10004	908100	1.2999878	1299	""osoba1""
""osoba3""		908.10004	908100	925.2	925200	18.099976	18099	""osoba3""
""osoba3""		909.30005	909300	925.2	925200	16.899963	16899	""osoba3""
""osoba3""		911.7	911700	925.2	925200	14.5	14500	""osoba3""
""osoba3""		912.60004	912600	925.2	925200	13.599976	13599	""osoba3""
""osoba2""		912.9	912900	913.2	913200	1.2999878	1299	""osoba2""
""osoba3""		915.00006	915000	925.2	925200	11.199951	11199	""osoba3""
""osoba1""		917.10004	917100	917.4	917400	1.2999878	1299	""osoba1""
""osoba3""		918.60004	918600	925.2	925200	7.5999756	7599	""osoba3""
""osoba3""		920.4	920400	925.2	925200	5.799988	5799	""osoba3""
""osoba4""		920.4	920400	934.2	934200	14.799988	14799	""osoba4""
""osoba3""		924.60004	924600	925.2	925200	1.5999756	1599	""osoba3""
""osoba4""		925.50006	925500	934.2	934200	9.699951	9699	""osoba4""
""osoba1""		925.80005	925800	928.50006	928500	3.7000122	3700	""osoba1""
""osoba4""		926.10004	926100	934.2	934200	9.099976	9099	""osoba4""
""osoba4""		930.30005	930300	934.2	934200	4.8999634	4899	""osoba4""
""osoba4""		931.50006	931500	934.2	934200	3.6999512	3699	""osoba4""
""osoba2""		933.60004	933600	948.60004	948600	16.0	16000	""osoba2""
""osoba2""		937.50006	937500	948.60004	948600	12.099976	12099	""osoba2""
""osoba4""		937.80005	937800	938.4	938400	1.5999756	1599	""osoba4""
""osoba3""		941.7	941700	943.2	943200	2.5	2500	""osoba3""
""osoba2""		942.60004	942600	948.60004	948600	7.0	7000	""osoba2""
""osoba2""		947.4	947400	948.60004	948600	2.2000122	2200	""osoba2""
""osoba4""		947.7	947700	952.80005	952800	6.1000366	6100	""osoba4""
""osoba4""		950.7	950700	952.80005	952800	3.1000366	3100	""osoba4""
""osoba2""		951.00006	951000	961.2	961200	11.199951	11199	""osoba2""
""osoba2""		952.50006	952500	961.2	961200	9.699951	9699	""osoba2""
""osoba2""		954.60004	954600	961.2	961200	7.5999756	7599	""osoba2""
""osoba2""		955.2	955200	961.2	961200	7.0	7000	""osoba2""
""osoba2""		956.4	956400	961.2	961200	5.799988	5799	""osoba2""
""osoba2""		958.80005	958800	961.2	961200	3.3999634	3399	""osoba2""
""osoba2""		960.9	960900	961.2	961200	1.2999878	1299	""osoba2""
""osoba4""		960.9	960900	967.2	967200	7.299988	7299	""osoba4""
""osoba1""		962.10004	962100	964.2	964200	3.0999756	3099	""osoba1""
""osoba3""		966.60004	966600	976.50006	976500	10.900024	10900	""osoba3""
""osoba1""		968.10004	968100	969.9	969900	2.7999878	2799	""osoba1""
""osoba1""		969.9	969900	969.9	969900	1.0	1000	""osoba1""
""osoba3""		970.2	970200	976.50006	976500	7.300049	7300	""osoba3""
""osoba3""		971.7	971700	976.50006	976500	5.800049	5800	""osoba3""
""osoba1""		972.60004	972600	972.9	972900	1.2999878	1299	""osoba1""
""osoba3""		972.60004	972600	976.50006	976500	4.9000244	4900	""osoba3""
""osoba2""		976.80005	976800	984.9	984900	9.099976	9099	""osoba2""
""osoba2""		978.30005	978300	984.9	984900	7.5999756	7599	""osoba2""
""osoba2""		979.80005	979800	984.9	984900	6.0999756	6099	""osoba2""
""osoba2""		983.7	983700	984.9	984900	2.2000122	2200	""osoba2""
""osoba3""		983.7	983700	993.30005	993300	10.600037	10600	""osoba3""
""osoba3""		985.50006	985500	993.30005	993300	8.799988	8799	""osoba3""
""osoba3""		986.4	986400	993.30005	993300	7.9000244	7900	""osoba3""
""osoba3""		987.9	987900	993.30005	993300	6.4000244	6400	""osoba3""
""osoba1""		989.7	989700	990.60004	990600	1.9000244	1900	""osoba1""
""osoba3""		990.00006	990000	993.30005	993300	4.299988	4299	""osoba3""
""osoba4""		990.9	990900	1003.2	1003200	13.299988	13299	""osoba4""
""osoba4""		994.50006	994500	1003.2	1003200	9.699951	9699	""osoba4""
""osoba4""		998.4	998400	1003.2	1003200	5.799988	5799	""osoba4""
""osoba1""		1000.80005	1000800	1009.80005	1009800	10.0	10000	""osoba1""
""osoba4""		1000.80005	1000800	1003.2	1003200	3.3999634	3399	""osoba4""
""osoba4""		1002.9	1002900	1003.2	1003200	1.2999878	1299	""osoba4""
""osoba1""		1006.50006	1006500	1009.80005	1009800	4.299988	4299	""osoba1""
""osoba1""		1007.10004	1007100	1009.80005	1009800	3.7000122	3700	""osoba1""
""osoba4""		1010.10004	1010100	1025.4	1025400	16.299988	16299	""osoba4""
""osoba4""		1011.30005	1011300	1025.4	1025400	15.099976	15099	""osoba4""
""osoba4""		1012.80005	1012800	1025.4	1025400	13.599976	13599	""osoba4""
""osoba4""		1013.4	1013400	1025.4	1025400	13.0	13000	""osoba4""
""osoba1""		1014.9	1014900	1014.9	1014900	1.0	1000	""osoba1""
""osoba4""		1017.30005	1017300	1025.4	1025400	9.099976	9099	""osoba4""
""osoba4""		1019.7	1019700	1025.4	1025400	6.700012	6700	""osoba4""
""osoba3""		1020.60004	1020600	1021.80005	1021800	2.2000122	2200	""osoba3""
""osoba4""		1020.60004	1020600	1025.4	1025400	5.799988	5799	""osoba4""
""osoba2""		1025.1001	1025100	1038.9	1038900	14.799927	14799	""osoba2""
""osoba3""		1026.3	1026300	1031.1001	1031100	5.800049	5800	""osoba3""
""osoba2""		1027.5	1027500	1038.9	1038900	12.400024	12400	""osoba2""
""osoba3""		1027.5	1027500	1031.1001	1031100	4.6000977	4600	""osoba3""
""osoba2""		1032.3	1032300	1038.9	1038900	7.5999756	7599	""osoba2""
""osoba2""		1033.5	1033500	1038.9	1038900	6.4000244	6400	""osoba2""
""osoba4""		1035.0	1035000	1035.6001	1035600	1.6000977	1600	""osoba4""
""osoba3""		1038.6001	1038600	1072.8	1072800	35.19995	35199	""osoba3""
""osoba3""		1042.2001	1042200	1072.8	1072800	31.599976	31599	""osoba3""
""osoba3""		1043.4	1043400	1072.8	1072800	30.400024	30400	""osoba3""
""osoba3""		1044.3	1044300	1072.8	1072800	29.5	29500	""osoba3""
""osoba4""		1047.0	1047000	1048.2001	1048200	2.2000732	2200	""osoba4""
""osoba3""		1047.3	1047300	1072.8	1072800	26.5	26500	""osoba3""
""osoba3""		1049.7001	1049700	1072.8	1072800	24.099976	24099	""osoba3""
""osoba3""		1053.0	1053000	1072.8	1072800	20.800049	20800	""osoba3""
""osoba3""		1056.3	1056300	1072.8	1072800	17.5	17500	""osoba3""
""osoba3""		1059.9	1059900	1072.8	1072800	13.900024	13900	""osoba3""
""osoba3""		1061.7001	1061700	1072.8	1072800	12.099976	12099	""osoba3""
""osoba3""		1062.3	1062300	1072.8	1072800	11.5	11500	""osoba3""
""osoba4""		1064.1001	1064100	1065.0	1065000	1.8999023	1899	""osoba4""
""osoba3""		1065.3	1065300	1072.8	1072800	8.5	8500	""osoba3""
""osoba1""		1065.9	1065900	1066.5	1066500	1.5999756	1599	""osoba1""
""osoba3""		1067.7001	1067700	1072.8	1072800	6.0999756	6099	""osoba3""
""osoba3""		1068.9	1068900	1072.8	1072800	4.9000244	4900	""osoba3""
""osoba3""		1070.4	1070400	1072.8	1072800	3.4000244	3400	""osoba3""
""osoba3""		1071.3	1071300	1072.8	1072800	2.5	2500	""osoba3""
""osoba1""		1073.4	1073400	1080.6001	1080600	8.200073	8200	""osoba1""
""osoba1""		1074.3	1074300	1080.6001	1080600	7.300049	7300	""osoba1""
""osoba1""		1075.2001	1075200	1080.6001	1080600	6.4000244	6400	""osoba1""
""osoba1""		1079.1001	1079100	1080.6001	1080600	2.5	2500	""osoba1""
""osoba1""		1080.0	1080000	1080.6001	1080600	1.6000977	1600	""osoba1""
""osoba3""		1081.2001	1081200	1085.1001	1085100	4.9000244	4900	""osoba3""
""osoba3""		1081.8	1081800	1085.1001	1085100	4.300049	4300	""osoba3""
""osoba1""		1082.7001	1082700	1093.8	1093800	12.099976	12099	""osoba1""
""osoba4""		1082.7001	1082700	1085.1001	1085100	3.4000244	3400	""osoba4""
""osoba1""		1086.3	1086300	1093.8	1093800	8.5	8500	""osoba1""
""osoba2""		1088.7001	1088700	1102.8	1102800	15.099976	15099	""osoba2""
""osoba2""		1089.3	1089300	1102.8	1102800	14.5	14500	""osoba2""
""osoba1""		1089.9	1089900	1093.8	1093800	4.9000244	4900	""osoba1""
""osoba4""		1090.8	1090800	1090.8	1090800	1.0	1000	""osoba4""
""osoba1""		1092.0	1092000	1093.8	1093800	2.8000488	2800	""osoba1""
""osoba2""		1092.0	1092000	1102.8	1102800	11.800049	11800	""osoba2""
""osoba2""		1095.3	1095300	1102.8	1102800	8.5	8500	""osoba2""
""osoba2""		1096.2001	1096200	1102.8	1102800	7.5999756	7599	""osoba2""
""osoba2""		1097.1001	1097100	1102.8	1102800	6.699951	6699	""osoba2""
""osoba2""		1100.7001	1100700	1102.8	1102800	3.0999756	3099	""osoba2""
""osoba4""		1101.9	1101900	1104.0	1104000	3.0999756	3099	""osoba4""
""osoba1""		1103.7001	1103700	1123.5	1123500	20.799927	20799	""osoba1""
""osoba4""		1104.0	1104000	1104.0	1104000	1.0	1000	""osoba4""
""osoba1""		1105.8	1105800	1123.5	1123500	18.699951	18699	""osoba1""
""osoba1""		1106.4	1106400	1123.5	1123500	18.099976	18099	""osoba1""
""osoba1""		1107.3	1107300	1123.5	1123500	17.199951	17199	""osoba1""
""osoba3""		1108.2001	1108200	1108.5	1108500	1.2999268	1299	""osoba3""
""osoba4""		1108.5	1108500	1110.6001	1110600	3.1000977	3100	""osoba4""
""osoba1""		1109.4	1109400	1123.5	1123500	15.099976	15099	""osoba1""
""osoba4""		1110.0	1110000	1110.6001	1110600	1.6000977	1600	""osoba4""
""osoba1""		1113.0	1113000	1123.5	1123500	11.5	11500	""osoba1""
""osoba1""		1114.2001	1114200	1123.5	1123500	10.299927	10299	""osoba1""
""osoba1""		1114.8	1114800	1123.5	1123500	9.699951	9699	""osoba1""
""osoba1""		1118.4	1118400	1123.5	1123500	6.0999756	6099	""osoba1""
""osoba2""		1119.9	1119900	1122.6001	1122600	3.7000732	3700	""osoba2""
""osoba4""		1121.7001	1121700	1127.4	1127400	6.699951	6699	""osoba4""
""osoba2""		1122.6001	1122600	1122.6001	1122600	1.0	1000	""osoba2""
""osoba1""		1123.2001	1123200	1123.5	1123500	1.2999268	1299	""osoba1""
""osoba4""		1125.0	1125000	1127.4	1127400	3.4000244	3400	""osoba4""
""osoba2""		1128.0	1128000	1135.2001	1135200	8.200073	8200	""osoba2""
""osoba3""		1128.3	1128300	1129.8	1129800	2.5	2500	""osoba3""
""osoba1""		1129.8	1129800	1129.8	1129800	1.0	1000	""osoba1""
""osoba2""		1131.6001	1131600	1135.2001	1135200	4.5999756	4599	""osoba2""
""osoba2""		1132.5	1132500	1135.2001	1135200	3.7000732	3700	""osoba2""
""osoba2""		1134.3	1134300	1135.2001	1135200	1.9000244	1900	""osoba2""
""osoba3""		1134.6001	1134600	1138.2001	1138200	4.5999756	4599	""osoba3""
""osoba1""		1136.1001	1136100	1136.1001	1136100	1.0	1000	""osoba1""
""osoba3""		1137.3	1137300	1138.2001	1138200	1.9000244	1900	""osoba3""
""osoba3""		1138.2001	1138200	1138.2001	1138200	1.0	1000	""osoba3""
""osoba2""		1138.8	1138800	1142.7001	1142700	4.9000244	4900	""osoba2""
""osoba2""		1140.6001	1140600	1142.7001	1142700	3.0999756	3099	""osoba2""
""osoba2""		1142.1001	1142100	1142.7001	1142700	1.5999756	1599	""osoba2""
""osoba4""		1143.0	1143000	1161.9	1161900	19.900024	19900	""osoba4""
""osoba4""		1145.7001	1145700	1161.9	1161900	17.199951	17199	""osoba4""
""osoba1""		1148.4	1148400	1148.7001	1148700	1.3000488	1300	""osoba1""
""osoba4""		1151.4	1151400	1161.9	1161900	11.5	11500	""osoba4""
""osoba4""		1153.5	1153500	1161.9	1161900	9.400024	9400	""osoba4""
""osoba4""		1156.2001	1156200	1161.9	1161900	6.699951	6699	""osoba4""
""osoba2""		1158.0	1158000	1158.0	1158000	1.0	1000	""osoba2""
""osoba4""		1158.0	1158000	1161.9	1161900	4.9000244	4900	""osoba4""
""osoba2""		1161.6001	1161600	1189.8	1189800	29.199951	29199	""osoba2""
""osoba2""		1164.9	1164900	1189.8	1189800	25.900024	25900	""osoba2""
""osoba2""		1165.5	1165500	1189.8	1189800	25.300049	25300	""osoba2""
""osoba2""		1166.4	1166400	1189.8	1189800	24.400024	24400	""osoba2""
""osoba2""		1167.0	1167000	1189.8	1189800	23.800049	23800	""osoba2""
""osoba2""		1169.4	1169400	1189.8	1189800	21.400024	21400	""osoba2""
""osoba1""		1169.7001	1169700	1170.6001	1170600	1.9000244	1900	""osoba1""
""osoba2""		1172.1001	1172100	1189.8	1189800	18.699951	18699	""osoba2""
""osoba2""		1174.2001	1174200	1189.8	1189800	16.599976	16599	""osoba2""
""osoba2""		1175.7001	1175700	1189.8	1189800	15.099976	15099	""osoba2""
""osoba2""		1177.2001	1177200	1189.8	1189800	13.599976	13599	""osoba2""
""osoba1""		1177.8	1177800	1177.8	1177800	1.0	1000	""osoba1""
""osoba2""		1180.2001	1180200	1189.8	1189800	10.599976	10599	""osoba2""
""osoba4""		1180.5	1180500	1180.5	1180500	1.0	1000	""osoba4""
""osoba2""		1181.4	1181400	1189.8	1189800	9.400024	9400	""osoba2""
""osoba3""		1185.6001	1185600	1186.2001	1186200	1.5999756	1599	""osoba3""
""osoba2""		1187.7001	1187700	1189.8	1189800	3.0999756	3099	""osoba2""
""osoba2""		1188.9	1188900	1189.8	1189800	1.9000244	1900	""osoba2""
""osoba4""		1190.1001	1190100	1211.7001	1211700	22.599976	22599	""osoba4""
""osoba4""		1191.3	1191300	1211.7001	1211700	21.400024	21400	""osoba4""
""osoba2""		1191.9	1191900	1191.9	1191900	1.0	1000	""osoba2""
""osoba4""		1191.9	1191900	1211.7001	1211700	20.800049	20800	""osoba4""
""osoba4""		1194.0	1194000	1211.7001	1211700	18.700073	18700	""osoba4""
""osoba4""		1195.2001	1195200	1211.7001	1211700	17.5	17500	""osoba4""
""osoba4""		1197.6001	1197600	1211.7001	1211700	15.099976	15099	""osoba4""
""osoba4""		1198.2001	1198200	1211.7001	1211700	14.5	14500	""osoba4""
""osoba4""		1200.0	1200000	1211.7001	1211700	12.700073	12700	""osoba4""
""osoba1""		1201.5	1201500	1201.5	1201500	1.0	1000	""osoba1""
""osoba4""		1205.4	1205400	1211.7001	1211700	7.300049	7300	""osoba4""
""osoba4""		1206.3	1206300	1211.7001	1211700	6.4000244	6400	""osoba4""
""osoba4""		1206.9	1206900	1211.7001	1211700	5.800049	5800	""osoba4""
""osoba4""		1208.7001	1208700	1211.7001	1211700	4.0	4000	""osoba4""
""osoba2""		1211.4	1211400	1262.7001	1262700	52.30005	52300	""osoba2""
""osoba2""		1213.2001	1213200	1262.7001	1262700	50.5	50500	""osoba2""
""osoba2""		1215.9	1215900	1262.7001	1262700	47.80005	47800	""osoba2""
""osoba2""		1217.1001	1217100	1262.7001	1262700	46.599976	46599	""osoba2""
""osoba2""		1218.0	1218000	1262.7001	1262700	45.700073	45700	""osoba2""
""osoba2""		1221.0	1221000	1262.7001	1262700	42.700073	42700	""osoba2""
""osoba2""		1223.7001	1223700	1262.7001	1262700	40.0	40000	""osoba2""
""osoba2""		1226.1001	1226100	1262.7001	1262700	37.599976	37599	""osoba2""
""osoba2""		1228.5	1228500	1262.7001	1262700	35.200073	35200	""osoba2""
""osoba2""		1229.1001	1229100	1262.7001	1262700	34.599976	34599	""osoba2""
""osoba2""		1229.7001	1229700	1262.7001	1262700	34.0	34000	""osoba2""
""osoba2""		1230.9	1230900	1262.7001	1262700	32.80005	32800	""osoba2""
""osoba2""		1231.5	1231500	1262.7001	1262700	32.200073	32200	""osoba2""
""osoba2""		1232.4	1232400	1262.7001	1262700	31.300049	31300	""osoba2""
""osoba2""		1233.6001	1233600	1262.7001	1262700	30.099976	30099	""osoba2""
""osoba2""		1235.4	1235400	1262.7001	1262700	28.300049	28300	""osoba2""
""osoba4""		1237.5	1237500	1239.6001	1239600	3.1000977	3100	""osoba4""
""osoba2""		1238.4	1238400	1262.7001	1262700	25.300049	25300	""osoba2""
""osoba1""		1243.2001	1243200	1243.5	1243500	1.2999268	1299	""osoba1""
""osoba2""		1243.2001	1243200	1262.7001	1262700	20.5	20500	""osoba2""
""osoba2""		1244.4	1244400	1262.7001	1262700	19.300049	19300	""osoba2""
""osoba4""		1244.7001	1244700	1244.7001	1244700	1.0	1000	""osoba4""
""osoba2""		1245.9	1245900	1262.7001	1262700	17.800049	17800	""osoba2""
""osoba2""		1247.7001	1247700	1262.7001	1262700	16.0	16000	""osoba2""
""osoba2""		1249.2001	1249200	1262.7001	1262700	14.5	14500	""osoba2""
""osoba4""		1250.7001	1250700	1250.7001	1250700	1.0	1000	""osoba4""
""osoba2""		1252.5	1252500	1262.7001	1262700	11.200073	11200	""osoba2""
""osoba2""		1253.7001	1253700	1262.7001	1262700	10.0	10000	""osoba2""
""osoba2""		1254.6001	1254600	1262.7001	1262700	9.099976	9099	""osoba2""
""osoba2""		1258.5	1258500	1262.7001	1262700	5.2000732	5200	""osoba2""
""osoba2""		1259.7001	1259700	1262.7001	1262700	4.0	4000	""osoba2""
""osoba3""		1262.1001	1262100	1269.6001	1269600	8.5	8500	""osoba3""
""osoba3""		1264.2001	1264200	1269.6001	1269600	6.4000244	6400	""osoba3""
""osoba3""		1264.8	1264800	1269.6001	1269600	5.800049	5800	""osoba3""
""osoba2""		1265.7001	1265700	1265.7001	1265700	1.0	1000	""osoba2""
""osoba1""		1266.6001	1266600	1283.1001	1283100	17.5	17500	""osoba1""
""osoba1""		1270.5	1270500	1283.1001	1283100	13.600098	13600	""osoba1""
""osoba1""		1271.7001	1271700	1283.1001	1283100	12.400024	12400	""osoba1""
""osoba1""		1272.6001	1272600	1283.1001	1283100	11.5	11500	""osoba1""
""osoba1""		1275.6001	1275600	1283.1001	1283100	8.5	8500	""osoba1""
""osoba3""		1276.2001	1276200	1276.2001	1276200	1.0	1000	""osoba3""
""osoba1""		1276.5	1276500	1283.1001	1283100	7.6000977	7600	""osoba1""
""osoba1""		1278.3	1278300	1283.1001	1283100	5.800049	5800	""osoba1""
""osoba1""		1278.9	1278900	1283.1001	1283100	5.2000732	5200	""osoba1""
""osoba2""		1283.4	1283400	1289.1001	1289100	6.7000732	6700	""osoba2""
""osoba2""		1286.4	1286400	1289.1001	1289100	3.7000732	3700	""osoba2""
""osoba2""		1287.6001	1287600	1289.1001	1289100	2.5	2500	""osoba2""
""osoba2""		1288.5	1288500	1289.1001	1289100	1.6000977	1600	""osoba2""
""osoba1""		1288.8	1288800	1293.0	1293000	5.199951	5199	""osoba1""
""osoba1""		1290.6001	1290600	1293.0	1293000	3.3999023	3399	""osoba1""
""osoba1""		1291.5	1291500	1293.0	1293000	2.5	2500	""osoba1""
""osoba2""		1293.3	1293300	1297.5	1297500	5.199951	5199	""osoba2""
""osoba2""		1294.2001	1294200	1297.5	1297500	4.2999268	4299	""osoba2""
""osoba1""		1295.7001	1295700	1311.0	1311000	16.299927	16299	""osoba1""
""osoba1""		1298.4	1298400	1311.0	1311000	13.599976	13599	""osoba1""
""osoba1""		1299.0	1299000	1311.0	1311000	13.0	13000	""osoba1""
""osoba1""		1300.5	1300500	1311.0	1311000	11.5	11500	""osoba1""
""osoba1""		1304.4	1304400	1311.0	1311000	7.5999756	7599	""osoba1""
""osoba3""		1306.2001	1306200	1306.8	1306800	1.5999756	1599	""osoba3""
""osoba1""		1307.7001	1307700	1311.0	1311000	4.2999268	4299	""osoba1""
""osoba1""		1308.3	1308300	1311.0	1311000	3.6999512	3699	""osoba1""
""osoba1""		1309.2001	1309200	1311.0	1311000	2.7999268	2799	""osoba1""
""osoba4""		1311.0	1311000	1314.0	1314000	4.0	4000	""osoba4""
""osoba2""		1311.3	1311300	1322.4	1322400	12.099976	12099	""osoba2""
""osoba4""		1312.8	1312800	1314.0	1314000	2.1999512	2199	""osoba4""
""osoba2""		1313.4	1313400	1322.4	1322400	10.0	10000	""osoba2""
""osoba4""		1313.4	1313400	1314.0	1314000	1.5999756	1599	""osoba4""
""osoba1""		1316.7001	1316700	1319.4	1319400	3.6999512	3699	""osoba1""
""osoba2""		1317.0	1317000	1322.4	1322400	6.4000244	6400	""osoba2""
""osoba3""		1317.0	1317000	1317.3	1317300	1.3000488	1300	""osoba3""
""osoba4""		1317.0	1317000	1319.4	1319400	3.4000244	3400	""osoba4""
""osoba2""		1321.5	1321500	1322.4	1322400	1.9000244	1900	""osoba2""
""osoba3""		1321.8	1321800	1327.2001	1327200	6.4000244	6400	""osoba3""
""osoba2""		1324.5	1324500	1326.6001	1326600	3.1000977	3100	""osoba2""
""osoba2""		1326.6001	1326600	1326.6001	1326600	1.0	1000	""osoba2""
""osoba4""		1327.5	1327500	1335.0	1335000	8.5	8500	""osoba4""
""osoba4""		1329.9	1329900	1335.0	1335000	6.0999756	6099	""osoba4""
""osoba4""		1331.4	1331400	1335.0	1335000	4.5999756	4599	""osoba4""
""osoba4""		1332.9	1332900	1335.0	1335000	3.0999756	3099	""osoba4""
""osoba3""		1333.8	1333800	1335.6001	1335600	2.8000488	2800	""osoba3""
""osoba4""		1334.1001	1334100	1335.0	1335000	1.8999023	1899	""osoba4""
""osoba1""		1334.4	1334400	1354.2001	1354200	20.800049	20800	""osoba1""
""osoba1""		1336.8	1336800	1354.2001	1354200	18.400024	18400	""osoba1""
""osoba1""		1338.6001	1338600	1354.2001	1354200	16.599976	16599	""osoba1""
""osoba1""		1339.5	1339500	1354.2001	1354200	15.700073	15700	""osoba1""
""osoba2""		1339.5	1339500	1340.7001	1340700	2.2000732	2200	""osoba2""
""osoba3""		1340.4	1340400	1340.4	1340400	1.0	1000	""osoba3""
""osoba1""		1344.9	1344900	1354.2001	1354200	10.300049	10300	""osoba1""
""osoba2""		1345.2001	1345200	1347.6001	1347600	3.4000244	3400	""osoba2""
""osoba1""		1346.7001	1346700	1354.2001	1354200	8.5	8500	""osoba1""
""osoba1""		1347.3	1347300	1354.2001	1354200	7.9000244	7900	""osoba1""
""osoba2""		1347.3	1347300	1347.6001	1347600	1.3000488	1300	""osoba2""
""osoba1""		1348.8	1348800	1354.2001	1354200	6.4000244	6400	""osoba1""
""osoba2""		1350.6001	1350600	1354.5	1354500	4.8999023	4899	""osoba2""
""osoba4""		1351.5	1351500	1365.3	1365300	14.800049	14800	""osoba4""
""osoba2""		1351.8	1351800	1354.5	1354500	3.6999512	3699	""osoba2""
""osoba4""		1356.3	1356300	1365.3	1365300	10.0	10000	""osoba4""
""osoba4""		1357.2001	1357200	1365.3	1365300	9.099976	9099	""osoba4""
""osoba1""		1359.9	1359900	1363.2001	1363200	4.300049	4300	""osoba1""
""osoba2""		1362.0	1362000	1362.0	1362000	1.0	1000	""osoba2""
""osoba4""		1363.2001	1363200	1365.3	1365300	3.0999756	3099	""osoba4""
""osoba3""		1363.5	1363500	1366.8	1366800	4.300049	4300	""osoba3""
""osoba3""		1365.0	1365000	1366.8	1366800	2.8000488	2800	""osoba3""
""osoba1""		1366.2001	1366200	1386.6001	1386600	21.400024	21400	""osoba1""
""osoba1""		1368.9	1368900	1386.6001	1386600	18.700073	18700	""osoba1""
""osoba1""		1369.8	1369800	1386.6001	1386600	17.800049	17800	""osoba1""
""osoba1""		1377.0	1377000	1386.6001	1386600	10.600098	10600	""osoba1""
""osoba1""		1378.5	1378500	1386.6001	1386600	9.100098	9100	""osoba1""
""osoba1""		1380.0	1380000	1386.6001	1386600	7.6000977	7600	""osoba1""
""osoba1""		1380.6001	1380600	1386.6001	1386600	7.0	7000	""osoba1""
""osoba1""		1384.2001	1384200	1386.6001	1386600	3.4000244	3400	""osoba1""
""osoba2""		1386.3	1386300	1419.9	1419900	34.599976	34599	""osoba2""
""osoba2""		1387.5	1387500	1419.9	1419900	33.400024	33400	""osoba2""
""osoba2""		1388.4	1388400	1419.9	1419900	32.5	32500	""osoba2""
""osoba1""		1389.3	1389300	1389.6001	1389600	1.3000488	1300	""osoba1""
""osoba2""		1391.4	1391400	1419.9	1419900	29.5	29500	""osoba2""
""osoba2""		1393.2001	1393200	1419.9	1419900	27.699951	27699	""osoba2""
""osoba2""		1394.7001	1394700	1419.9	1419900	26.199951	26199	""osoba2""
""osoba2""		1401.6001	1401600	1419.9	1419900	19.299927	19299	""osoba2""
""osoba3""		1403.1001	1403100	1406.4	1406400	4.2999268	4299	""osoba3""
""osoba2""		1404.3	1404300	1419.9	1419900	16.599976	16599	""osoba2""
""osoba2""		1413.0	1413000	1419.9	1419900	7.9000244	7900	""osoba2""
""osoba2""		1414.5	1414500	1419.9	1419900	6.4000244	6400	""osoba2""
""osoba2""		1415.1001	1415100	1419.9	1419900	5.7999268	5799	""osoba2""
""osoba2""		1415.7001	1415700	1419.9	1419900	5.199951	5199	""osoba2""
""osoba2""		1416.6001	1416600	1419.9	1419900	4.2999268	4299	""osoba2""
""osoba3""		1417.5	1417500	1422.0	1422000	5.5	5500	""osoba3""
""osoba2""		1417.8	1417800	1419.9	1419900	3.0999756	3099	""osoba2""
""osoba3""		1419.0	1419000	1422.0	1422000	4.0	4000	""osoba3""
""osoba2""		1419.9	1419900	1419.9	1419900	1.0	1000	""osoba2""
""osoba3""		1419.9	1419900	1422.0	1422000	3.0999756	3099	""osoba3""
""osoba4""		1422.0	1422000	1432.8	1432800	11.800049	11800	""osoba4""
""osoba4""		1424.1001	1424100	1432.8	1432800	9.699951	9699	""osoba4""
""osoba4""		1424.7001	1424700	1432.8	1432800	9.099976	9099	""osoba4""
""osoba4""		1426.2001	1426200	1432.8	1432800	7.5999756	7599	""osoba4""
""osoba4""		1427.4	1427400	1432.8	1432800	6.4000244	6400	""osoba4""
""osoba2""		1431.9	1431900	1452.6001	1452600	21.700073	21700	""osoba2""
""osoba2""		1432.5	1432500	1452.6001	1452600	21.100098	21100	""osoba2""
""osoba2""		1434.9	1434900	1452.6001	1452600	18.700073	18700	""osoba2""
""osoba2""		1439.4	1439400	1452.6001	1452600	14.200073	14200	""osoba2""
""osoba2""		1440.6001	1440600	1452.6001	1452600	13.0	13000	""osoba2""
""osoba2""		1442.7001	1442700	1452.6001	1452600	10.900024	10900	""osoba2""
""osoba2""		1443.3	1443300	1452.6001	1452600	10.300049	10300	""osoba2""
""osoba2""		1444.2001	1444200	1452.6001	1452600	9.400024	9400	""osoba2""
""osoba2""		1447.5	1447500	1452.6001	1452600	6.1000977	6100	""osoba2""
""osoba2""		1448.4	1448400	1452.6001	1452600	5.2000732	5200	""osoba2""
""osoba1""		1449.6001	1449600	1471.2001	1471200	22.599976	22599	""osoba1""
""osoba2""		1449.9	1449900	1452.6001	1452600	3.7000732	3700	""osoba2""
""osoba1""		1452.6001	1452600	1471.2001	1471200	19.599976	19599	""osoba1""
""osoba1""		1453.8	1453800	1471.2001	1471200	18.400024	18400	""osoba1""
""osoba3""		1455.0	1455000	1455.3	1455300	1.3000488	1300	""osoba3""
""osoba1""		1456.8	1456800	1471.2001	1471200	15.400024	15400	""osoba1""
""osoba1""		1457.4	1457400	1471.2001	1471200	14.800049	14800	""osoba1""
""osoba3""		1458.0	1458000	1460.1001	1460100	3.1000977	3100	""osoba3""
""osoba3""		1459.5	1459500	1460.1001	1460100	1.6000977	1600	""osoba3""
""osoba1""		1461.3	1461300	1471.2001	1471200	10.900024	10900	""osoba1""
""osoba1""		1465.2001	1465200	1471.2001	1471200	7.0	7000	""osoba1""
""osoba1""		1467.0	1467000	1471.2001	1471200	5.2000732	5200	""osoba1""
""osoba2""		1468.2001	1468200	1470.3	1470300	3.0999756	3099	""osoba2""
""osoba1""		1468.5	1468500	1471.2001	1471200	3.7000732	3700	""osoba1""
""osoba3""		1468.8	1468800	1476.0	1476000	8.199951	8199	""osoba3""
""osoba2""		1469.7001	1469700	1470.3	1470300	1.5999756	1599	""osoba2""
""osoba3""		1473.0	1473000	1476.0	1476000	4.0	4000	""osoba3""
""osoba3""		1476.0	1476000	1476.0	1476000	1.0	1000	""osoba3""
""osoba2""		1476.3	1476300	1496.1001	1496100	20.800049	20800	""osoba2""
""osoba2""		1476.9	1476900	1496.1001	1496100	20.200073	20200	""osoba2""
""osoba1""		1477.5	1477500	1478.7001	1478700	2.2000732	2200	""osoba1""
""osoba4""		1485.3	1485300	1485.3	1485300	1.0	1000	""osoba4""
""osoba3""		1485.9	1485900	1486.2001	1486200	1.3000488	1300	""osoba3""
""osoba2""		1487.1001	1487100	1496.1001	1496100	10.0	10000	""osoba2""
""osoba2""		1488.0	1488000	1496.1001	1496100	9.100098	9100	""osoba2""
""osoba2""		1488.6001	1488600	1496.1001	1496100	8.5	8500	""osoba2""
""osoba2""		1489.2001	1489200	1496.1001	1496100	7.9000244	7900	""osoba2""
""osoba2""		1491.3	1491300	1496.1001	1496100	5.800049	5800	""osoba2""
""osoba2""		1493.1001	1493100	1496.1001	1496100	4.0	4000	""osoba2""
""osoba2""		1496.1001	1496100	1496.1001	1496100	1.0	1000	""osoba2""
""osoba4""		1496.1001	1496100	1500.6001	1500600	5.5	5500	""osoba4""
""osoba4""		1498.5	1498500	1500.6001	1500600	3.1000977	3100	""osoba4""
""osoba4""		1499.1001	1499100	1500.6001	1500600	2.5	2500	""osoba4""
""osoba4""		1500.0	1500000	1500.6001	1500600	1.6000977	1600	""osoba4""
""osoba2""		1500.3	1500300	1510.2001	1510200	10.900024	10900	""osoba2""
""osoba2""		1501.8	1501800	1510.2001	1510200	9.400024	9400	""osoba2""
""osoba2""		1502.7001	1502700	1510.2001	1510200	8.5	8500	""osoba2""
""osoba1""		1503.6001	1503600	1505.1001	1505100	2.5	2500	""osoba1""
""osoba1""		1505.1001	1505100	1505.1001	1505100	1.0	1000	""osoba1""
""osoba2""		1506.9	1506900	1510.2001	1510200	4.300049	4300	""osoba2""
""osoba3""		1507.8	1507800	1507.8	1507800	1.0	1000	""osoba3""
""osoba1""		1509.9	1509900	1517.4	1517400	8.5	8500	""osoba1""
""osoba2""		1510.2001	1510200	1510.2001	1510200	1.0	1000	""osoba2""
""osoba1""		1513.2001	1513200	1517.4	1517400	5.199951	5199	""osoba1""
""osoba1""		1514.1001	1514100	1517.4	1517400	4.2999268	4299	""osoba1""
""osoba2""		1515.6001	1515600	1519.5	1519500	4.8999023	4899	""osoba2""
""osoba4""		1515.9	1515900	1515.9	1515900	1.0	1000	""osoba4""
""osoba1""		1516.5	1516500	1517.4	1517400	1.9000244	1900	""osoba1""
""osoba1""		1519.5	1519500	1521.0	1521000	2.5	2500	""osoba1""
""osoba4""		1521.0	1521000	1525.5	1525500	5.5	5500	""osoba4""
""osoba4""		1522.2001	1522200	1525.5	1525500	4.2999268	4299	""osoba4""
""osoba1""		1523.1001	1523100	1523.1001	1523100	1.0	1000	""osoba1""
""osoba2""		1523.1001	1523100	1534.2001	1534200	12.099976	12099	""osoba2""
""osoba4""		1523.1001	1523100	1525.5	1525500	3.3999023	3399	""osoba4""
""osoba2""		1524.9	1524900	1534.2001	1534200	10.300049	10300	""osoba2""
""osoba4""		1525.5	1525500	1525.5	1525500	1.0	1000	""osoba4""
""osoba2""		1527.6001	1527600	1534.2001	1534200	7.5999756	7599	""osoba2""
""osoba2""		1529.1001	1529100	1534.2001	1534200	6.0999756	6099	""osoba2""
""osoba2""		1530.9	1530900	1534.2001	1534200	4.300049	4300	""osoba2""
""osoba2""		1532.1001	1532100	1534.2001	1534200	3.0999756	3099	""osoba2""
""osoba1""		1532.7001	1532700	1537.2001	1537200	5.5	5500	""osoba1""
""osoba1""		1533.9	1533900	1537.2001	1537200	4.300049	4300	""osoba1""
""osoba2""		1534.2001	1534200	1534.2001	1534200	1.0	1000	""osoba2""
""osoba1""		1535.7001	1535700	1537.2001	1537200	2.5	2500	""osoba1""
""osoba3""		1537.2001	1537200	1539.6001	1539600	3.4000244	3400	""osoba3""
""osoba3""		1538.4	1538400	1539.6001	1539600	2.2000732	2200	""osoba3""
""osoba2""		1539.3	1539300	1565.1001	1565100	26.800049	26800	""osoba2""
""osoba2""		1544.7001	1544700	1565.1001	1565100	21.400024	21400	""osoba2""
""osoba2""		1547.1001	1547100	1565.1001	1565100	19.0	19000	""osoba2""
""osoba1""		1548.3	1548300	1551.3	1551300	4.0	4000	""osoba1""
""osoba1""		1550.4	1550400	1551.3	1551300	1.9000244	1900	""osoba1""
""osoba2""		1550.7001	1550700	1565.1001	1565100	15.400024	15400	""osoba2""
""osoba3""		1551.3	1551300	1553.7001	1553700	3.4000244	3400	""osoba3""
""osoba2""		1552.5001	1552500	1565.1001	1565100	13.599976	13599	""osoba2""
""osoba2""		1556.4	1556400	1565.1001	1565100	9.700073	9700	""osoba2""
""osoba2""		1558.8	1558800	1565.1001	1565100	7.300049	7300	""osoba2""
""osoba2""		1559.4	1559400	1565.1001	1565100	6.7000732	6700	""osoba2""
""osoba3""		1562.4	1562400	1571.1001	1571100	9.700073	9700	""osoba3""
""osoba3""		1567.2001	1567200	1571.1001	1571100	4.9000244	4900	""osoba3""
""osoba3""		1567.8	1567800	1571.1001	1571100	4.300049	4300	""osoba3""
""osoba3""		1569.3	1569300	1571.1001	1571100	2.8000488	2800	""osoba3""
""osoba2""		1569.6001	1569600	1580.1001	1580100	11.5	11500	""osoba2""
""osoba2""		1574.4	1574400	1580.1001	1580100	6.7000732	6700	""osoba2""
""osoba2""		1577.7001	1577700	1580.1001	1580100	3.4000244	3400	""osoba2""
""osoba1""		1578.3	1578300	1581.3	1581300	4.0	4000	""osoba1""
""osoba3""		1579.8	1579800	1589.4	1589400	10.599976	10599	""osoba3""
""osoba3""		1582.5001	1582500	1589.4	1589400	7.8999023	7899	""osoba3""
""osoba3""		1583.1001	1583100	1589.4	1589400	7.2999268	7299	""osoba3""
""osoba4""		1584.0001	1584000	1584.0001	1584000	1.0	1000	""osoba4""
""osoba3""		1586.4	1586400	1589.4	1589400	4.0	4000	""osoba3""
""osoba2""		1589.1001	1589100	1598.7001	1598700	10.599976	10599	""osoba2""
""osoba1""		1589.4	1589400	1590.0001	1590000	1.6000977	1600	""osoba1""
""osoba2""		1590.9	1590900	1598.7001	1598700	8.800049	8800	""osoba2""
""osoba2""		1591.5001	1591500	1598.7001	1598700	8.199951	8199	""osoba2""
""osoba2""		1593.0001	1593000	1598.7001	1598700	6.699951	6699	""osoba2""
""osoba2""		1593.9	1593900	1598.7001	1598700	5.800049	5800	""osoba2""
""osoba2""		1595.4	1595400	1598.7001	1598700	4.300049	4300	""osoba2""
""osoba2""		1596.6001	1596600	1598.7001	1598700	3.0999756	3099	""osoba2""
""osoba1""		1597.5001	1597500	1605.6001	1605600	9.099976	9099	""osoba1""
""osoba1""		1600.8	1600800	1605.6001	1605600	5.800049	5800	""osoba1""
""osoba2""		1603.2001	1603200	1604.7001	1604700	2.5	2500	""osoba2""
""osoba1""		1604.1001	1604100	1605.6001	1605600	2.5	2500	""osoba1""
""osoba3""		1605.6001	1605600	1615.8	1615800	11.199951	11199	""osoba3""
""osoba3""		1607.1001	1607100	1615.8	1615800	9.699951	9699	""osoba3""
""osoba3""		1611.3	1611300	1615.8	1615800	5.5	5500	""osoba3""
""osoba3""		1611.9	1611900	1615.8	1615800	4.9000244	4900	""osoba3""
""osoba3""		1613.1001	1613100	1615.8	1615800	3.6999512	3699	""osoba3""
""osoba3""		1615.8	1615800	1615.8	1615800	1.0	1000	""osoba3""
""osoba4""		1615.8	1615800	1620.3	1620300	5.5	5500	""osoba4""
