"default"		0.0	0	1.0	1000	1.0	1000	BEGIN
"default"		1620.3	1620300	1620.31	1621300	1.0	1000	END
""osoba1""		6.9	6900	12.0	12000	6.1	6100	""osoba1""
""osoba4""		8.700001	8700	8.700001	8700	1.0	1000	""osoba4""
""osoba2""		11.700001	11700	43.800003	43800	33.100002	33100	""osoba2""
""osoba2""		16.800001	16800	43.800003	43800	28.000002	28000	""osoba2""
""osoba2""		19.2	19200	43.800003	43800	25.600002	25600	""osoba2""
""osoba3""		20.1	20100	20.1	20100	1.0	1000	""osoba3""
""osoba2""		21.6	21600	43.800003	43800	23.200003	23200	""osoba2""
""osoba4""		21.6	21600	21.900002	21900	1.3000011	1300	""osoba4""
""osoba1""		23.400002	23400	24.0	24000	1.5999985	1599	""osoba1""
""osoba2""		24.900002	24900	43.800003	43800	19.900002	19900	""osoba2""
""osoba4""		25.800001	25800	26.1	26100	1.2999992	1299	""osoba4""
""osoba2""		27.000002	27000	43.800003	43800	17.800001	17800	""osoba2""
""osoba2""		27.900002	27900	43.800003	43800	16.900002	16900	""osoba2""
""osoba2""		29.400002	29400	43.800003	43800	15.400002	15400	""osoba2""
""osoba2""		30.300001	30300	43.800003	43800	14.500002	14500	""osoba2""
""osoba2""		32.4	32400	43.800003	43800	12.400002	12400	""osoba2""
""osoba2""		35.100002	35100	43.800003	43800	9.700001	9700	""osoba2""
""osoba4""		36.600002	36600	36.600002	36600	1.0	1000	""osoba4""
""osoba2""		39.300003	39300	43.800003	43800	5.5	5500	""osoba2""
""osoba2""		42.600002	42600	43.800003	43800	2.2000008	2200	""osoba2""
""osoba4""		42.9	42900	59.4	59400	17.5	17500	""osoba4""
""osoba2""		43.800003	43800	43.800003	43800	1.0	1000	""osoba2""
""osoba4""		46.2	46200	59.4	59400	14.200001	14200	""osoba4""
""osoba4""		46.800003	46800	59.4	59400	13.599998	13599	""osoba4""
""osoba4""		50.4	50400	59.4	59400	10.0	10000	""osoba4""
""osoba4""		52.2	52200	59.4	59400	8.200001	8200	""osoba4""
""osoba3""		53.7	53700	56.100002	56100	3.4000015	3400	""osoba3""
""osoba4""		55.800003	55800	59.4	59400	4.5999985	4599	""osoba4""
""osoba3""		56.100002	56100	56.100002	56100	1.0	1000	""osoba3""
""osoba1""		56.7	56700	84.600006	84600	28.900005	28900	""osoba1""
""osoba1""		61.2	61200	84.600006	84600	24.400005	24400	""osoba1""
""osoba2""		61.2	61200	61.800003	61800	1.6000023	1600	""osoba2""
""osoba1""		63.000004	63000	84.600006	84600	22.600002	22600	""osoba1""
""osoba3""		63.600002	63600	63.600002	63600	1.0	1000	""osoba3""
""osoba1""		65.700005	65700	84.600006	84600	19.900002	19900	""osoba1""
""osoba1""		68.700005	68700	84.600006	84600	16.900002	16900	""osoba1""
""osoba1""		72.600006	72600	84.600006	84600	13.0	13000	""osoba1""
""osoba4""		72.9	72900	73.5	73500	1.5999985	1599	""osoba4""
""osoba1""		75.9	75900	84.600006	84600	9.700005	9700	""osoba1""
""osoba1""		77.100006	77100	84.600006	84600	8.5	8500	""osoba1""
""osoba1""		82.200005	82200	84.600006	84600	3.4000015	3400	""osoba1""
""osoba2""		82.5	82500	93.0	93000	11.5	11500	""osoba2""
""osoba4""		84.3	84300	85.5	85500	2.199997	2199	""osoba4""
""osoba2""		87.3	87300	93.0	93000	6.699997	6699	""osoba2""
""osoba2""		88.200005	88200	93.0	93000	5.7999954	5799	""osoba2""
""osoba4""		90.3	90300	103.8	103800	14.5	14500	""osoba4""
""osoba2""		91.200005	91200	93.0	93000	2.7999954	2799	""osoba2""
""osoba4""		92.700005	92700	103.8	103800	12.099998	12099	""osoba4""
""osoba2""		93.0	93000	93.0	93000	1.0	1000	""osoba2""
""osoba4""		93.3	93300	103.8	103800	11.5	11500	""osoba4""
""osoba4""		95.4	95400	103.8	103800	9.400002	9400	""osoba4""
""osoba4""		96.0	96000	103.8	103800	8.800003	8800	""osoba4""
""osoba4""		96.600006	96600	103.8	103800	8.199997	8199	""osoba4""
""osoba4""		98.4	98400	103.8	103800	6.4000015	6400	""osoba4""
""osoba4""		99.600006	99600	103.8	103800	5.199997	5199	""osoba4""
""osoba4""		101.4	101400	103.8	103800	3.4000015	3400	""osoba4""
""osoba2""		103.8	103800	111.600006	111600	8.800003	8800	""osoba2""
""osoba4""		103.8	103800	103.8	103800	1.0	1000	""osoba4""
""osoba2""		105.600006	105600	111.600006	111600	7.0	7000	""osoba2""
""osoba3""		106.200005	106200	108.9	108900	3.699997	3699	""osoba3""
""osoba2""		110.100006	110100	111.600006	111600	2.5	2500	""osoba2""
""osoba2""		110.700005	110700	111.600006	111600	1.9000015	1900	""osoba2""
""osoba3""		111.00001	111000	135.0	135000	24.999992	24999	""osoba3""
""osoba3""		114.9	114900	135.0	135000	21.099998	21099	""osoba3""
""osoba3""		117.00001	117000	135.0	135000	18.999992	18999	""osoba3""
""osoba2""		117.9	117900	119.100006	119100	2.2000046	2200	""osoba2""
""osoba3""		117.9	117900	135.0	135000	18.099998	18099	""osoba3""
""osoba4""		118.200005	118200	118.50001	118500	1.300003	1300	""osoba4""
""osoba3""		120.3	120300	135.0	135000	15.699997	15699	""osoba3""
""osoba3""		121.200005	121200	135.0	135000	14.799995	14799	""osoba3""
""osoba1""		124.200005	124200	124.50001	124500	1.300003	1300	""osoba1""
""osoba3""		124.200005	124200	135.0	135000	11.799995	11799	""osoba3""
""osoba1""		130.5	130500	135.6	135600	6.100006	6100	""osoba1""
""osoba2""		133.8	133800	141.0	141000	8.199997	8199	""osoba2""
""osoba3""		134.1	134100	135.0	135000	1.8999939	1899	""osoba3""
""osoba2""		137.40001	137400	141.0	141000	4.599991	4599	""osoba2""
""osoba4""		139.20001	139200	152.1	152100	13.899994	13899	""osoba4""
""osoba3""		141.3	141300	142.20001	142200	1.9000092	1900	""osoba3""
""osoba4""		144.6	144600	152.1	152100	8.5	8500	""osoba4""
""osoba4""		147.3	147300	152.1	152100	5.800003	5800	""osoba4""
""osoba4""		148.20001	148200	152.1	152100	4.899994	4899	""osoba4""
""osoba3""		150.90001	150900	156.6	156600	6.699997	6699	""osoba3""
""osoba2""		151.5	151500	152.70001	152700	2.2000122	2200	""osoba2""
""osoba1""		151.8	151800	152.40001	152400	1.6000061	1600	""osoba1""
""osoba3""		153.90001	153900	156.6	156600	3.699997	3699	""osoba3""
""osoba3""		155.40001	155400	156.6	156600	2.199997	2199	""osoba3""
""osoba4""		155.40001	155400	165.0	165000	10.599991	10599	""osoba4""
""osoba4""		158.70001	158700	165.0	165000	7.299988	7299	""osoba4""
""osoba4""		162.90001	162900	165.0	165000	3.0999908	3099	""osoba4""
""osoba2""		164.1	164100	174.3	174300	11.199997	11199	""osoba2""
""osoba2""		166.5	166500	174.3	174300	8.800003	8800	""osoba2""
""osoba3""		167.1	167100	167.1	167100	1.0	1000	""osoba3""
""osoba2""		169.5	169500	174.3	174300	5.800003	5800	""osoba2""
""osoba4""		172.20001	172200	176.1	176100	4.899994	4899	""osoba4""
""osoba2""		173.1	173100	174.3	174300	2.199997	2199	""osoba2""
""osoba1""		174.90001	174900	190.5	190500	16.59999	16599	""osoba1""
""osoba1""		177.0	177000	190.5	190500	14.5	14500	""osoba1""
""osoba3""		182.40001	182400	184.8	184800	3.399994	3399	""osoba3""
""osoba2""		185.40001	185400	185.70001	185700	1.300003	1300	""osoba2""
""osoba1""		187.20001	187200	190.5	190500	4.299988	4299	""osoba1""
""osoba1""		188.70001	188700	190.5	190500	2.7999878	2799	""osoba1""
""osoba1""		189.6	189600	190.5	190500	1.8999939	1899	""osoba1""
""osoba3""		190.5	190500	211.8	211800	22.300003	22300	""osoba3""
""osoba3""		192.3	192300	211.8	211800	20.5	20500	""osoba3""
""osoba3""		194.1	194100	211.8	211800	18.699997	18699	""osoba3""
""osoba4""		195.3	195300	196.8	196800	2.5	2500	""osoba4""
""osoba3""		198.3	198300	211.8	211800	14.5	14500	""osoba3""
""osoba3""		200.1	200100	211.8	211800	12.699997	12699	""osoba3""
""osoba3""		202.50002	202500	211.8	211800	10.299988	10299	""osoba3""
""osoba3""		203.40001	203400	211.8	211800	9.399994	9399	""osoba3""
""osoba2""		205.20001	205200	205.50002	205500	1.300003	1300	""osoba2""
""osoba4""		205.20001	205200	205.20001	205200	1.0	1000	""osoba4""
""osoba3""		208.20001	208200	211.8	211800	4.599991	4599	""osoba3""
""osoba1""		209.40001	209400	210.00002	210000	1.6000061	1600	""osoba1""
""osoba3""		209.70001	209700	211.8	211800	3.0999908	3099	""osoba3""
""osoba4""		210.6	210600	216.90001	216900	7.300003	7300	""osoba4""
""osoba4""		212.70001	212700	216.90001	216900	5.199997	5199	""osoba4""
""osoba4""		213.6	213600	216.90001	216900	4.300003	4300	""osoba4""
""osoba3""		216.6	216600	251.1	251100	35.5	35500	""osoba3""
""osoba3""		223.20001	223200	251.1	251100	28.899994	28899	""osoba3""
""osoba3""		225.3	225300	251.1	251100	26.800003	26800	""osoba3""
""osoba3""		226.20001	226200	251.1	251100	25.899994	25899	""osoba3""
""osoba3""		226.8	226800	251.1	251100	25.300003	25300	""osoba3""
""osoba2""		227.1	227100	227.1	227100	1.0	1000	""osoba2""
""osoba3""		227.70001	227700	251.1	251100	24.399994	24399	""osoba3""
""osoba4""		228.6	228600	228.90001	228900	1.300003	1300	""osoba4""
""osoba3""		229.50002	229500	251.1	251100	22.59999	22599	""osoba3""
""osoba3""		231.90001	231900	251.1	251100	20.199997	20199	""osoba3""
""osoba3""		233.70001	233700	251.1	251100	18.399994	18399	""osoba3""
""osoba3""		236.40001	236400	251.1	251100	15.699997	15699	""osoba3""
""osoba3""		239.1	239100	251.1	251100	13.0	13000	""osoba3""
""osoba3""		241.50002	241500	251.1	251100	10.599991	10599	""osoba3""
""osoba3""		245.1	245100	251.1	251100	7.0	7000	""osoba3""
""osoba3""		247.20001	247200	251.1	251100	4.899994	4899	""osoba3""
""osoba4""		248.70001	248700	250.50002	250500	2.800003	2800	""osoba4""
""osoba1""		249.90001	249900	253.50002	253500	4.600006	4600	""osoba1""
""osoba1""		252.6	252600	253.50002	253500	1.9000092	1900	""osoba1""
""osoba4""		253.20001	253200	306.90002	306900	54.700012	54700	""osoba4""
""osoba4""		255.6	255600	306.90002	306900	52.30002	52300	""osoba4""
""osoba4""		256.5	256500	306.90002	306900	51.400024	51400	""osoba4""
""osoba4""		258.6	258600	306.90002	306900	49.30002	49300	""osoba4""
""osoba4""		261.30002	261300	306.90002	306900	46.600006	46600	""osoba4""
""osoba4""		262.2	262200	306.90002	306900	45.700012	45700	""osoba4""
""osoba3""		266.1	266100	268.80002	268800	3.7000122	3700	""osoba3""
""osoba3""		267.90002	267900	268.80002	268800	1.8999939	1899	""osoba3""
""osoba4""		268.5	268500	306.90002	306900	39.400024	39400	""osoba4""
""osoba4""		271.2	271200	306.90002	306900	36.700012	36700	""osoba4""
""osoba4""		271.80002	271800	306.90002	306900	36.100006	36100	""osoba4""
""osoba3""		272.1	272100	272.7	272700	1.6000061	1600	""osoba3""
""osoba4""		276.90002	276900	306.90002	306900	31.0	31000	""osoba4""
""osoba4""		277.5	277500	306.90002	306900	30.400024	30400	""osoba4""
""osoba3""		278.40002	278400	279.90002	279900	2.5	2500	""osoba3""
""osoba3""		279.0	279000	279.90002	279900	1.9000244	1900	""osoba3""
""osoba4""		279.30002	279300	306.90002	306900	28.600006	28600	""osoba4""
""osoba4""		281.7	281700	306.90002	306900	26.200012	26200	""osoba4""
""osoba4""		282.6	282600	306.90002	306900	25.300018	25300	""osoba4""
""osoba4""		283.5	283500	306.90002	306900	24.400024	24400	""osoba4""
""osoba4""		285.0	285000	306.90002	306900	22.900024	22900	""osoba4""
""osoba4""		286.2	286200	306.90002	306900	21.700012	21700	""osoba4""
""osoba4""		289.80002	289800	306.90002	306900	18.100006	18100	""osoba4""
""osoba1""		290.1	290100	291.6	291600	2.5	2500	""osoba1""
""osoba4""		291.0	291000	306.90002	306900	16.900024	16900	""osoba4""
""osoba4""		292.5	292500	306.90002	306900	15.400024	15400	""osoba4""
""osoba2""		293.1	293100	294.0	294000	1.8999939	1899	""osoba2""
""osoba4""		293.1	293100	306.90002	306900	14.800018	14800	""osoba4""
""osoba4""		294.90002	294900	306.90002	306900	13.0	13000	""osoba4""
""osoba4""		297.0	297000	306.90002	306900	10.900024	10900	""osoba4""
""osoba2""		297.30002	297300	299.7	299700	3.399994	3399	""osoba2""
""osoba3""		297.30002	297300	298.2	298200	1.8999939	1899	""osoba3""
""osoba1""		299.1	299100	299.1	299100	1.0	1000	""osoba1""
""osoba4""		301.80002	301800	306.90002	306900	6.100006	6100	""osoba4""
""osoba4""		302.40002	302400	306.90002	306900	5.5	5500	""osoba4""
""osoba4""		303.90002	303900	306.90002	306900	4.0	4000	""osoba4""
""osoba4""		304.5	304500	306.90002	306900	3.4000244	3400	""osoba4""
""osoba3""		304.80002	304800	306.0	306000	2.1999817	2199	""osoba3""
""osoba4""		305.1	305100	306.90002	306900	2.8000183	2800	""osoba4""
""osoba1""		306.30002	306300	310.5	310500	5.1999817	5199	""osoba1""
""osoba1""		307.80002	307800	310.5	310500	3.6999817	3699	""osoba1""
""osoba1""		310.5	310500	310.5	310500	1.0	1000	""osoba1""
""osoba3""		310.5	310500	314.7	314700	5.200012	5200	""osoba3""
""osoba2""		310.80002	310800	311.1	311100	1.2999878	1299	""osoba2""
""osoba3""		314.7	314700	314.7	314700	1.0	1000	""osoba3""
""osoba4""		314.7	314700	323.40002	323400	9.700012	9700	""osoba4""
""osoba4""		317.1	317100	323.40002	323400	7.3000183	7300	""osoba4""
""osoba4""		317.7	317700	323.40002	323400	6.700012	6700	""osoba4""
""osoba4""		318.30002	318300	323.40002	323400	6.100006	6100	""osoba4""
""osoba4""		320.1	320100	323.40002	323400	4.3000183	4300	""osoba4""
""osoba2""		322.5	322500	329.7	329700	8.200012	8200	""osoba2""
""osoba4""		325.5	325500	333.30002	333300	8.800018	8800	""osoba4""
""osoba2""		325.80002	325800	329.7	329700	4.899994	4899	""osoba2""
""osoba4""		332.1	332100	333.30002	333300	2.2000122	2200	""osoba4""
""osoba1""		333.0	333000	339.6	339600	7.600006	7600	""osoba1""
""osoba1""		335.1	335100	339.6	339600	5.5	5500	""osoba1""
""osoba3""		336.30002	336300	338.7	338700	3.399994	3399	""osoba3""
""osoba4""		338.40002	338400	342.30002	342300	4.899994	4899	""osoba4""
""osoba4""		341.1	341100	342.30002	342300	2.2000122	2200	""osoba4""
""osoba2""		342.0	342000	360.0	360000	19.0	19000	""osoba2""
""osoba3""		342.0	342000	343.2	343200	2.2000122	2200	""osoba3""
""osoba2""		342.6	342600	360.0	360000	18.399994	18399	""osoba2""
""osoba2""		344.7	344700	360.0	360000	16.299988	16299	""osoba2""
""osoba2""		346.5	346500	360.0	360000	14.5	14500	""osoba2""
""osoba2""		347.1	347100	360.0	360000	13.899994	13899	""osoba2""
""osoba4""		347.1	347100	349.80002	349800	3.7000122	3700	""osoba4""
""osoba4""		348.6	348600	349.80002	349800	2.2000122	2200	""osoba4""
""osoba2""		351.0	351000	360.0	360000	10.0	10000	""osoba2""
""osoba2""		353.40002	353400	360.0	360000	7.5999756	7599	""osoba2""
""osoba2""		356.1	356100	360.0	360000	4.899994	4899	""osoba2""
""osoba1""		360.90002	360900	364.5	364500	4.5999756	4599	""osoba1""
""osoba1""		361.5	361500	364.5	364500	4.0	4000	""osoba1""
""osoba2""		362.7	362700	363.6	363600	1.8999939	1899	""osoba2""
""osoba1""		363.30002	363300	364.5	364500	2.1999817	2199	""osoba1""
""osoba3""		363.6	363600	384.30002	384300	21.700012	21700	""osoba3""
""osoba3""		365.40002	365400	384.30002	384300	19.899994	19899	""osoba3""
""osoba3""		366.0	366000	384.30002	384300	19.300018	19300	""osoba3""
""osoba1""		366.90002	366900	368.1	368100	2.1999817	2199	""osoba1""
""osoba3""		370.5	370500	384.30002	384300	14.800018	14800	""osoba3""
""osoba3""		371.1	371100	384.30002	384300	14.200012	14200	""osoba3""
""osoba2""		371.40002	371400	373.5	373500	3.0999756	3099	""osoba2""
""osoba3""		372.6	372600	384.30002	384300	12.700012	12700	""osoba3""
""osoba4""		375.30002	375300	377.1	377100	2.7999878	2799	""osoba4""
""osoba3""		378.30002	378300	384.30002	384300	7.0	7000	""osoba3""
""osoba3""		381.30002	381300	384.30002	384300	4.0	4000	""osoba3""
""osoba3""		382.5	382500	384.30002	384300	2.8000183	2800	""osoba3""
""osoba2""		384.0	384000	396.00003	396000	13.0000305	13000	""osoba2""
""osoba4""		384.6	384600	385.80002	385800	2.2000122	2200	""osoba4""
""osoba2""		388.50003	388500	396.00003	396000	8.5	8500	""osoba2""
""osoba1""		388.80002	388800	388.80002	388800	1.0	1000	""osoba1""
""osoba2""		392.1	392100	396.00003	396000	4.9000244	4900	""osoba2""
""osoba2""		393.90002	393900	396.00003	396000	3.100006	3100	""osoba2""
""osoba2""		395.1	395100	396.00003	396000	1.9000244	1900	""osoba2""
""osoba1""		396.30002	396300	398.40002	398400	3.100006	3100	""osoba1""
""osoba1""		397.80002	397800	398.40002	398400	1.6000061	1600	""osoba1""
""osoba3""		398.7	398700	406.2	406200	8.5	8500	""osoba3""
""osoba2""		399.30002	399300	399.6	399600	1.2999878	1299	""osoba2""
""osoba4""		399.90002	399900	399.90002	399900	1.0	1000	""osoba4""
""osoba3""		401.1	401100	406.2	406200	6.100006	6100	""osoba3""
""osoba3""		402.90002	402900	406.2	406200	4.299988	4299	""osoba3""
""osoba4""		405.00003	405000	411.6	411600	7.5999756	7599	""osoba4""
""osoba4""		407.40002	407400	411.6	411600	5.1999817	5199	""osoba4""
""osoba4""		408.30002	408300	411.6	411600	4.299988	4299	""osoba4""
""osoba2""		409.50003	409500	414.30002	414300	5.799988	5799	""osoba2""
""osoba4""		409.50003	409500	411.6	411600	3.0999756	3099	""osoba4""
""osoba3""		410.40002	410400	411.00003	411000	1.6000061	1600	""osoba3""
""osoba2""		413.1	413100	414.30002	414300	2.2000122	2200	""osoba2""
""osoba2""		414.00003	414000	414.30002	414300	1.2999878	1299	""osoba2""
""osoba3""		414.90002	414900	436.50003	436500	22.600006	22600	""osoba3""
""osoba3""		416.7	416700	436.50003	436500	20.800018	20800	""osoba3""
""osoba4""		422.1	422100	422.7	422700	1.6000061	1600	""osoba4""
""osoba3""		430.2	430200	436.50003	436500	7.3000183	7300	""osoba3""
""osoba3""		432.90002	432900	436.50003	436500	4.600006	4600	""osoba3""
""osoba2""		433.2	433200	435.90002	435900	3.7000122	3700	""osoba2""
""osoba3""		433.50003	433500	436.50003	436500	4.0	4000	""osoba3""
""osoba4""		434.40002	434400	442.50003	442500	9.100006	9100	""osoba4""
""osoba4""		435.30002	435300	442.50003	442500	8.200012	8200	""osoba4""
""osoba2""		435.90002	435900	435.90002	435900	1.0	1000	""osoba2""
""osoba3""		436.50003	436500	436.50003	436500	1.0	1000	""osoba3""
""osoba4""		436.50003	436500	442.50003	442500	7.0	7000	""osoba4""
""osoba4""		438.90002	438900	442.50003	442500	4.600006	4600	""osoba4""
""osoba2""		439.50003	439500	460.50003	460500	22.0	22000	""osoba2""
""osoba4""		441.6	441600	442.50003	442500	1.9000244	1900	""osoba4""
""osoba2""		443.1	443100	460.50003	460500	18.400024	18400	""osoba2""
""osoba2""		443.7	443700	460.50003	460500	17.800018	17800	""osoba2""
""osoba4""		444.90002	444900	446.7	446700	2.7999878	2799	""osoba4""
""osoba2""		445.80002	445800	460.50003	460500	15.700012	15700	""osoba2""
""osoba4""		445.80002	445800	446.7	446700	1.8999939	1899	""osoba4""
""osoba2""		448.50003	448500	460.50003	460500	13.0	13000	""osoba2""
""osoba2""		449.40002	449400	460.50003	460500	12.100006	12100	""osoba2""
""osoba2""		450.30002	450300	460.50003	460500	11.200012	11200	""osoba2""
""osoba4""		451.2	451200	452.40002	452400	2.2000122	2200	""osoba4""
""osoba2""		453.90002	453900	460.50003	460500	7.600006	7600	""osoba2""
""osoba2""		455.1	455100	460.50003	460500	6.4000244	6400	""osoba2""
""osoba2""		456.30002	456300	460.50003	460500	5.200012	5200	""osoba2""
""osoba4""		457.2	457200	459.90002	459900	3.7000122	3700	""osoba4""
""osoba3""		460.80002	460800	471.00003	471000	11.200012	11200	""osoba3""
""osoba3""		462.00003	462000	471.00003	471000	10.0	10000	""osoba3""
""osoba3""		465.00003	465000	471.00003	471000	7.0	7000	""osoba3""
""osoba3""		466.80002	466800	471.00003	471000	5.200012	5200	""osoba3""
""osoba4""		469.50003	469500	470.7	470700	2.1999817	2199	""osoba4""
""osoba2""		469.80002	469800	488.7	488700	19.899994	19899	""osoba2""
""osoba2""		477.30002	477300	488.7	488700	12.399994	12399	""osoba2""
""osoba2""		480.00003	480000	488.7	488700	9.699982	9699	""osoba2""
""osoba4""		482.40002	482400	489.90002	489900	8.5	8500	""osoba4""
""osoba4""		483.6	483600	489.90002	489900	7.3000183	7300	""osoba4""
""osoba3""		485.40002	485400	486.30002	486300	1.8999939	1899	""osoba3""
""osoba2""		486.00003	486000	488.7	488700	3.6999817	3699	""osoba2""
""osoba4""		487.80002	487800	489.90002	489900	3.100006	3100	""osoba4""
""osoba2""		488.40002	488400	488.7	488700	1.2999878	1299	""osoba2""
""osoba4""		489.30002	489300	489.90002	489900	1.6000061	1600	""osoba4""
""osoba1""		490.50003	490500	492.00003	492000	2.5	2500	""osoba1""
""osoba1""		491.7	491700	492.00003	492000	1.3000183	1300	""osoba1""
""osoba4""		492.30002	492300	500.1	500100	8.799988	8799	""osoba4""
""osoba3""		494.1	494100	494.40002	494400	1.3000183	1300	""osoba3""
""osoba4""		495.6	495600	500.1	500100	5.5	5500	""osoba4""
""osoba4""		497.1	497100	500.1	500100	4.0	4000	""osoba4""
""osoba3""		499.2	499200	502.80002	502800	4.600006	4600	""osoba3""
""osoba1""		500.40002	500400	500.7	500700	1.2999878	1299	""osoba1""
""osoba3""		501.00003	501000	502.80002	502800	2.7999878	2799	""osoba3""
""osoba3""		502.80002	502800	502.80002	502800	1.0	1000	""osoba3""
""osoba4""		503.1	503100	515.4	515400	13.300018	13300	""osoba4""
""osoba4""		505.2	505200	515.4	515400	11.200012	11200	""osoba4""
""osoba4""		507.30002	507300	515.4	515400	9.100006	9100	""osoba4""
""osoba4""		508.80002	508800	515.4	515400	7.600006	7600	""osoba4""
""osoba3""		511.50003	511500	514.80005	514800	4.3000183	4300	""osoba3""
""osoba4""		513.30005	513300	515.4	515400	3.0999756	3099	""osoba4""
""osoba3""		514.2	514200	514.80005	514800	1.6000366	1600	""osoba3""
""osoba2""		516.0	516000	527.7	527700	12.700012	12700	""osoba2""
""osoba2""		517.2	517200	527.7	527700	11.5	11500	""osoba2""
""osoba3""		519.0	519000	520.2	520200	2.2000122	2200	""osoba3""
""osoba2""		522.60004	522600	527.7	527700	6.0999756	6099	""osoba2""
""osoba2""		525.0	525000	527.7	527700	3.7000122	3700	""osoba2""
""osoba2""		525.60004	525600	527.7	527700	3.0999756	3099	""osoba2""
""osoba3""		526.5	526500	527.4	527400	1.9000244	1900	""osoba3""
""osoba4""		526.80005	526800	527.10004	527100	1.2999878	1299	""osoba4""
""osoba1""		527.7	527700	563.10004	563100	36.400024	36400	""osoba1""
""osoba3""		530.7	530700	530.7	530700	1.0	1000	""osoba3""
""osoba1""		534.0	534000	563.10004	563100	30.100037	30100	""osoba1""
""osoba1""		536.10004	536100	563.10004	563100	28.0	28000	""osoba1""
""osoba4""		536.4	536400	537.0	537000	1.5999756	1599	""osoba4""
""osoba3""		537.30005	537300	537.9	537900	1.5999756	1599	""osoba3""
""osoba2""		539.10004	539100	541.2	541200	3.0999756	3099	""osoba2""
""osoba4""		540.0	540000	542.10004	542100	3.1000366	3100	""osoba4""
""osoba1""		543.0	543000	563.10004	563100	21.100037	21100	""osoba1""
""osoba1""		543.9	543900	563.10004	563100	20.200012	20200	""osoba1""
""osoba1""		544.80005	544800	563.10004	563100	19.299988	19299	""osoba1""
""osoba1""		545.4	545400	563.10004	563100	18.700012	18700	""osoba1""
""osoba1""		546.0	546000	563.10004	563100	18.100037	18100	""osoba1""
""osoba2""		546.0	546000	549.0	549000	4.0	4000	""osoba2""
""osoba1""		546.9	546900	563.10004	563100	17.200012	17200	""osoba1""
""osoba1""		549.9	549900	563.10004	563100	14.200012	14200	""osoba1""
""osoba1""		552.0	552000	563.10004	563100	12.100037	12100	""osoba1""
""osoba1""		552.9	552900	563.10004	563100	11.200012	11200	""osoba1""
""osoba2""		553.80005	553800	553.80005	553800	1.0	1000	""osoba2""
""osoba1""		554.10004	554100	563.10004	563100	10.0	10000	""osoba1""
""osoba1""		555.60004	555600	563.10004	563100	8.5	8500	""osoba1""
""osoba1""		557.4	557400	563.10004	563100	6.700012	6700	""osoba1""
""osoba3""		558.30005	558300	558.60004	558600	1.2999878	1299	""osoba3""
""osoba1""		561.60004	561600	563.10004	563100	2.5	2500	""osoba1""
""osoba3""		562.2	562200	572.7	572700	11.5	11500	""osoba3""
""osoba3""		564.0	564000	572.7	572700	9.700012	9700	""osoba3""
""osoba3""		564.60004	564600	572.7	572700	9.099976	9099	""osoba3""
""osoba3""		565.2	565200	572.7	572700	8.5	8500	""osoba3""
""osoba3""		566.4	566400	572.7	572700	7.299988	7299	""osoba3""
""osoba3""		567.30005	567300	572.7	572700	6.3999634	6399	""osoba3""
""osoba3""		568.5	568500	572.7	572700	5.200012	5200	""osoba3""
""osoba2""		569.7	569700	569.7	569700	1.0	1000	""osoba2""
""osoba3""		569.7	569700	572.7	572700	4.0	4000	""osoba3""
""osoba3""		570.60004	570600	572.7	572700	3.0999756	3099	""osoba3""
""osoba1""		571.2	571200	582.9	582900	12.700012	12700	""osoba1""
""osoba3""		572.7	572700	572.7	572700	1.0	1000	""osoba3""
""osoba2""		573.60004	573600	573.60004	573600	1.0	1000	""osoba2""
""osoba1""		576.30005	576300	582.9	582900	7.5999756	7599	""osoba1""
""osoba1""		577.2	577200	582.9	582900	6.700012	6700	""osoba1""
""osoba1""		578.7	578700	582.9	582900	5.200012	5200	""osoba1""
""osoba1""		580.80005	580800	582.9	582900	3.0999756	3099	""osoba1""
""osoba1""		582.60004	582600	582.9	582900	1.2999878	1299	""osoba1""
""osoba4""		582.9	582900	593.4	593400	11.5	11500	""osoba4""
""osoba4""		583.80005	583800	593.4	593400	10.599976	10599	""osoba4""
""osoba1""		585.0	585000	586.80005	586800	2.8000488	2800	""osoba1""
""osoba3""		585.30005	585300	586.2	586200	1.8999634	1899	""osoba3""
""osoba4""		590.7	590700	593.4	593400	3.7000122	3700	""osoba4""
""osoba4""		591.30005	591300	593.4	593400	3.0999756	3099	""osoba4""
""osoba1""		593.4	593400	612.60004	612600	20.200012	20200	""osoba1""
""osoba1""		596.4	596400	612.60004	612600	17.200012	17200	""osoba1""
""osoba3""		597.0	597000	597.9	597900	1.9000244	1900	""osoba3""
""osoba1""		598.2	598200	612.60004	612600	15.400024	15400	""osoba1""
""osoba4""		601.2	601200	601.2	601200	1.0	1000	""osoba4""
""osoba1""		603.30005	603300	612.60004	612600	10.299988	10299	""osoba1""
""osoba1""		607.2	607200	612.60004	612600	6.4000244	6400	""osoba1""
""osoba4""		607.5	607500	608.10004	608100	1.6000366	1600	""osoba4""
""osoba1""		609.0	609000	612.60004	612600	4.6000366	4600	""osoba1""
""osoba1""		609.60004	609600	612.60004	612600	4.0	4000	""osoba1""
""osoba2""		609.9	609900	612.0	612000	3.0999756	3099	""osoba2""
""osoba1""		611.10004	611100	612.60004	612600	2.5	2500	""osoba1""
""osoba4""		612.9	612900	617.4	617400	5.5	5500	""osoba4""
""osoba4""		613.80005	613800	617.4	617400	4.5999756	4599	""osoba4""
""osoba4""		616.5	616500	617.4	617400	1.9000244	1900	""osoba4""
""osoba3""		617.10004	617100	621.0	621000	4.8999634	4899	""osoba3""
""osoba3""		618.9	618900	621.0	621000	3.0999756	3099	""osoba3""
""osoba3""		619.5	619500	621.0	621000	2.5	2500	""osoba3""
""osoba3""		620.10004	620100	621.0	621000	1.8999634	1899	""osoba3""
""osoba2""		621.60004	621600	622.80005	622800	2.2000122	2200	""osoba2""
""osoba2""		622.2	622200	622.80005	622800	1.6000366	1600	""osoba2""
""osoba1""		622.5	622500	630.60004	630600	9.100037	9100	""osoba1""
""osoba1""		624.9	624900	630.60004	630600	6.700012	6700	""osoba1""
""osoba1""		626.10004	626100	630.60004	630600	5.5	5500	""osoba1""
""osoba3""		626.4	626400	626.7	626700	1.2999878	1299	""osoba3""
""osoba2""		627.0	627000	627.0	627000	1.0	1000	""osoba2""
""osoba1""		628.5	628500	630.60004	630600	3.1000366	3100	""osoba1""
""osoba3""		629.4	629400	638.4	638400	10.0	10000	""osoba3""
""osoba3""		631.5	631500	638.4	638400	7.9000244	7900	""osoba3""
""osoba3""		633.30005	633300	638.4	638400	6.0999756	6099	""osoba3""
""osoba3""		634.80005	634800	638.4	638400	4.5999756	4599	""osoba3""
""osoba3""		635.7	635700	638.4	638400	3.7000122	3700	""osoba3""
""osoba3""		636.60004	636600	638.4	638400	2.7999878	2799	""osoba3""
""osoba4""		637.5	637500	638.7	638700	2.2000122	2200	""osoba4""
""osoba2""		638.4	638400	655.5	655500	18.099976	18099	""osoba2""
""osoba3""		638.4	638400	638.4	638400	1.0	1000	""osoba3""
""osoba2""		639.60004	639600	655.5	655500	16.899963	16899	""osoba2""
""osoba2""		642.30005	642300	655.5	655500	14.199951	14199	""osoba2""
""osoba2""		642.9	642900	655.5	655500	13.599976	13599	""osoba2""
""osoba2""		644.10004	644100	655.5	655500	12.399963	12399	""osoba2""
""osoba2""		645.0	645000	655.5	655500	11.5	11500	""osoba2""
""osoba2""		645.60004	645600	655.5	655500	10.899963	10899	""osoba2""
""osoba2""		646.2	646200	655.5	655500	10.299988	10299	""osoba2""
""osoba2""		647.10004	647100	655.5	655500	9.399963	9399	""osoba2""
""osoba2""		648.0	648000	655.5	655500	8.5	8500	""osoba2""
""osoba2""		650.10004	650100	655.5	655500	6.3999634	6399	""osoba2""
""osoba2""		650.7	650700	655.5	655500	5.799988	5799	""osoba2""
""osoba3""		651.0	651000	651.0	651000	1.0	1000	""osoba3""
""osoba3""		654.9	654900	664.2	664200	10.299988	10299	""osoba3""
""osoba3""		657.60004	657600	664.2	664200	7.5999756	7599	""osoba3""
""osoba3""		658.80005	658800	664.2	664200	6.3999634	6399	""osoba3""
""osoba1""		660.30005	660300	697.5	697500	38.19995	38199	""osoba1""
""osoba3""		660.60004	660600	664.2	664200	4.5999756	4599	""osoba3""
""osoba3""		661.80005	661800	664.2	664200	3.3999634	3399	""osoba3""
""osoba2""		663.9	663900	664.80005	664800	1.9000244	1900	""osoba2""
""osoba3""		663.9	663900	664.2	664200	1.2999878	1299	""osoba3""
""osoba1""		664.2	664200	697.5	697500	34.299988	34299	""osoba1""
""osoba1""		666.9	666900	697.5	697500	31.599976	31599	""osoba1""
""osoba3""		669.30005	669300	670.5	670500	2.1999512	2199	""osoba3""
""osoba1""		671.4	671400	697.5	697500	27.099976	27099	""osoba1""
""osoba1""		672.9	672900	697.5	697500	25.599976	25599	""osoba1""
""osoba1""		673.80005	673800	697.5	697500	24.699951	24699	""osoba1""
""osoba1""		674.7	674700	697.5	697500	23.799988	23799	""osoba1""
""osoba1""		675.60004	675600	697.5	697500	22.899963	22899	""osoba1""
""osoba2""		676.2	676200	677.4	677400	2.2000122	2200	""osoba2""
""osoba1""		677.4	677400	697.5	697500	21.099976	21099	""osoba1""
""osoba1""		679.2	679200	697.5	697500	19.299988	19299	""osoba1""
""osoba1""		681.30005	681300	697.5	697500	17.199951	17199	""osoba1""
""osoba1""		682.2	682200	697.5	697500	16.299988	16299	""osoba1""
""osoba1""		684.60004	684600	697.5	697500	13.899963	13899	""osoba1""
""osoba2""		684.9	684900	687.0	687000	3.0999756	3099	""osoba2""
""osoba1""		686.7	686700	697.5	697500	11.799988	11799	""osoba1""
""osoba1""		689.4	689400	697.5	697500	9.099976	9099	""osoba1""
""osoba1""		691.2	691200	697.5	697500	7.299988	7299	""osoba1""
""osoba1""		693.30005	693300	697.5	697500	5.199951	5199	""osoba1""
""osoba2""		693.9	693900	694.80005	694800	1.9000244	1900	""osoba2""
""osoba1""		694.5	694500	697.5	697500	4.0	4000	""osoba1""
""osoba4""		694.5	694500	702.60004	702600	9.100037	9100	""osoba4""
""osoba4""		698.4	698400	702.60004	702600	5.200012	5200	""osoba4""
""osoba3""		699.9	699900	704.7	704700	5.799988	5799	""osoba3""
""osoba3""		700.80005	700800	704.7	704700	4.8999634	4899	""osoba3""
""osoba4""		701.10004	701100	702.60004	702600	2.5	2500	""osoba4""
""osoba1""		704.4	704400	708.60004	708600	5.200012	5200	""osoba1""
""osoba3""		704.7	704700	704.7	704700	1.0	1000	""osoba3""
""osoba4""		707.4	707400	708.9	708900	2.5	2500	""osoba4""
""osoba3""		708.60004	708600	718.80005	718800	11.200012	11200	""osoba3""
""osoba3""		710.4	710400	718.80005	718800	9.400024	9400	""osoba3""
""osoba2""		711.30005	711300	711.30005	711300	1.0	1000	""osoba2""
""osoba3""		712.80005	712800	718.80005	718800	7.0	7000	""osoba3""
""osoba2""		714.30005	714300	714.9	714900	1.5999756	1599	""osoba2""
""osoba3""		714.30005	714300	718.80005	718800	5.5	5500	""osoba3""
""osoba4""		716.10004	716100	717.0	717000	1.8999634	1899	""osoba4""
""osoba4""		719.10004	719100	723.0	723000	4.8999634	4899	""osoba4""
""osoba4""		720.30005	720300	723.0	723000	3.6999512	3699	""osoba4""
""osoba2""		721.2	721200	721.2	721200	1.0	1000	""osoba2""
""osoba1""		721.80005	721800	735.30005	735300	14.5	14500	""osoba1""
""osoba1""		726.30005	726300	735.30005	735300	10.0	10000	""osoba1""
""osoba1""		726.9	726900	735.30005	735300	9.400024	9400	""osoba1""
""osoba1""		731.7	731700	735.30005	735300	4.6000366	4600	""osoba1""
""osoba1""		732.9	732900	735.30005	735300	3.4000244	3400	""osoba1""
""osoba4""		735.30005	735300	739.5	739500	5.199951	5199	""osoba4""
""osoba3""		736.2	736200	743.10004	743100	7.9000244	7900	""osoba3""
""osoba1""		739.2	739200	739.2	739200	1.0	1000	""osoba1""
""osoba2""		741.60004	741600	746.7	746700	6.0999756	6099	""osoba2""
""osoba2""		744.0	744000	746.7	746700	3.7000122	3700	""osoba2""
""osoba2""		744.60004	744600	746.7	746700	3.0999756	3099	""osoba2""
""osoba2""		746.7	746700	746.7	746700	1.0	1000	""osoba2""
""osoba3""		746.7	746700	759.60004	759600	13.900024	13900	""osoba3""
""osoba4""		748.80005	748800	748.80005	748800	1.0	1000	""osoba4""
""osoba3""		750.0	750000	759.60004	759600	10.600037	10600	""osoba3""
""osoba3""		750.9	750900	759.60004	759600	9.700012	9700	""osoba3""
""osoba2""		751.80005	751800	753.0	753000	2.1999512	2199	""osoba2""
""osoba4""		755.7	755700	756.60004	756600	1.9000244	1900	""osoba4""
""osoba3""		757.80005	757800	759.60004	759600	2.7999878	2799	""osoba3""
""osoba2""		759.30005	759300	777.30005	777300	19.0	19000	""osoba2""
""osoba2""		761.4	761400	777.30005	777300	16.900024	16900	""osoba2""
""osoba2""		762.0	762000	777.30005	777300	16.300049	16300	""osoba2""
""osoba4""		762.0	762000	762.60004	762600	1.6000366	1600	""osoba4""
""osoba3""		763.5	763500	765.30005	765300	2.8000488	2800	""osoba3""
""osoba1""		765.0	765000	765.30005	765300	1.3000488	1300	""osoba1""
""osoba3""		765.30005	765300	765.30005	765300	1.0	1000	""osoba3""
""osoba1""		768.30005	768300	768.60004	768600	1.2999878	1299	""osoba1""
""osoba2""		771.00006	771000	777.30005	777300	7.299988	7299	""osoba2""
""osoba2""		771.60004	771600	777.30005	777300	6.700012	6700	""osoba2""
""osoba3""		771.9	771900	771.9	771900	1.0	1000	""osoba3""
""osoba2""		773.10004	773100	777.30005	777300	5.200012	5200	""osoba2""
""osoba2""		775.50006	775500	777.30005	777300	2.7999878	2799	""osoba2""
""osoba4""		775.80005	775800	798.9	798900	24.099976	24099	""osoba4""
""osoba2""		777.30005	777300	777.30005	777300	1.0	1000	""osoba2""
""osoba3""		778.2	778200	778.2	778200	1.0	1000	""osoba3""
""osoba4""		778.50006	778500	798.9	798900	21.399963	21399	""osoba4""
""osoba4""		779.10004	779100	798.9	798900	20.799988	20799	""osoba4""
""osoba4""		779.7	779700	798.9	798900	20.200012	20200	""osoba4""
""osoba4""		780.30005	780300	798.9	798900	19.599976	19599	""osoba4""
""osoba4""		783.9	783900	798.9	798900	16.0	16000	""osoba4""
""osoba4""		787.50006	787500	798.9	798900	12.399963	12399	""osoba4""
""osoba4""		789.60004	789600	798.9	798900	10.299988	10299	""osoba4""
""osoba3""		791.7	791700	792.30005	792300	1.6000366	1600	""osoba3""
""osoba1""		793.80005	793800	795.30005	795300	2.5	2500	""osoba1""
""osoba4""		794.4	794400	798.9	798900	5.5	5500	""osoba4""
""osoba4""		798.30005	798300	798.9	798900	1.5999756	1599	""osoba4""
""osoba2""		799.2	799200	801.9	801900	3.7000122	3700	""osoba2""
""osoba3""		799.2	799200	800.4	800400	2.2000122	2200	""osoba3""
""osoba2""		800.10004	800100	801.9	801900	2.7999878	2799	""osoba2""
""osoba3""		800.4	800400	800.4	800400	1.0	1000	""osoba3""
""osoba4""		801.00006	801000	808.2	808200	8.199951	8199	""osoba4""
""osoba1""		802.80005	802800	803.4	803400	1.5999756	1599	""osoba1""
""osoba4""		802.80005	802800	808.2	808200	6.3999634	6399	""osoba4""
""osoba3""		804.30005	804300	818.4	818400	15.099976	15099	""osoba3""
""osoba1""		805.50006	805500	806.10004	806100	1.5999756	1599	""osoba1""
""osoba4""		805.50006	805500	808.2	808200	3.6999512	3699	""osoba4""
""osoba3""		805.80005	805800	818.4	818400	13.599976	13599	""osoba3""
""osoba4""		807.9	807900	808.2	808200	1.2999878	1299	""osoba4""
""osoba3""		808.80005	808800	818.4	818400	10.599976	10599	""osoba3""
""osoba3""		810.00006	810000	818.4	818400	9.399963	9399	""osoba3""
""osoba3""		810.9	810900	818.4	818400	8.5	8500	""osoba3""
""osoba3""		813.60004	813600	818.4	818400	5.799988	5799	""osoba3""
""osoba2""		818.4	818400	821.10004	821100	3.7000122	3700	""osoba2""
""osoba2""		819.60004	819600	821.10004	821100	2.5	2500	""osoba2""
""osoba2""		820.50006	820500	821.10004	821100	1.5999756	1599	""osoba2""
""osoba3""		820.80005	820800	839.10004	839100	19.299988	19299	""osoba3""
""osoba2""		821.10004	821100	821.10004	821100	1.0	1000	""osoba2""
""osoba3""		822.60004	822600	839.10004	839100	17.5	17500	""osoba3""
""osoba3""		823.50006	823500	839.10004	839100	16.599976	16599	""osoba3""
""osoba1""		823.80005	823800	826.80005	826800	4.0	4000	""osoba1""
""osoba3""		824.10004	824100	839.10004	839100	16.0	16000	""osoba3""
""osoba3""		828.30005	828300	839.10004	839100	11.799988	11799	""osoba3""
""osoba3""		828.9	828900	839.10004	839100	11.200012	11200	""osoba3""
""osoba3""		829.50006	829500	839.10004	839100	10.599976	10599	""osoba3""
""osoba3""		830.4	830400	839.10004	839100	9.700012	9700	""osoba3""
""osoba1""		831.9	831900	831.9	831900	1.0	1000	""osoba1""
""osoba3""		831.9	831900	839.10004	839100	8.200012	8200	""osoba3""
""osoba3""		833.4	833400	839.10004	839100	6.700012	6700	""osoba3""
""osoba3""		834.30005	834300	839.10004	839100	5.799988	5799	""osoba3""
""osoba3""		834.9	834900	839.10004	839100	5.200012	5200	""osoba3""
""osoba4""		835.2	835200	835.2	835200	1.0	1000	""osoba4""
""osoba3""		836.4	836400	839.10004	839100	3.7000122	3700	""osoba3""
""osoba4""		837.30005	837300	844.50006	844500	8.200012	8200	""osoba4""
""osoba3""		838.50006	838500	839.10004	839100	1.5999756	1599	""osoba3""
""osoba4""		839.10004	839100	844.50006	844500	6.4000244	6400	""osoba4""
""osoba2""		840.00006	840000	840.00006	840000	1.0	1000	""osoba2""
""osoba4""		843.9	843900	844.50006	844500	1.6000366	1600	""osoba4""
""osoba3""		844.80005	844800	846.00006	846000	2.2000122	2200	""osoba3""
""osoba1""		846.30005	846300	859.50006	859500	14.200012	14200	""osoba1""
""osoba2""		847.2	847200	847.80005	847800	1.6000366	1600	""osoba2""
""osoba1""		849.00006	849000	859.50006	859500	11.5	11500	""osoba1""
""osoba3""		851.7	851700	854.10004	854100	3.4000244	3400	""osoba3""
""osoba1""		858.30005	858300	859.50006	859500	2.2000122	2200	""osoba1""
""osoba4""		859.2	859200	860.7	860700	2.5	2500	""osoba4""
""osoba2""		861.00006	861000	870.9	870900	10.899963	10899	""osoba2""
""osoba2""		863.7	863700	870.9	870900	8.200012	8200	""osoba2""
""osoba4""		864.30005	864300	864.30005	864300	1.0	1000	""osoba4""
""osoba2""		864.9	864900	870.9	870900	7.0	7000	""osoba2""
""osoba2""		866.7	866700	870.9	870900	5.200012	5200	""osoba2""
""osoba1""		868.50006	868500	870.60004	870600	3.0999756	3099	""osoba1""
""osoba3""		870.30005	870300	906.9	906900	37.599976	37599	""osoba3""
""osoba1""		873.00006	873000	873.00006	873000	1.0	1000	""osoba1""
""osoba3""		873.00006	873000	906.9	906900	34.899963	34899	""osoba3""
""osoba3""		874.50006	874500	906.9	906900	33.399963	33399	""osoba3""
""osoba4""		874.50006	874500	874.50006	874500	1.0	1000	""osoba4""
""osoba3""		877.50006	877500	906.9	906900	30.399963	30399	""osoba3""
""osoba3""		878.4	878400	906.9	906900	29.5	29500	""osoba3""
""osoba4""		879.30005	879300	879.30005	879300	1.0	1000	""osoba4""
""osoba3""		882.60004	882600	906.9	906900	25.299988	25299	""osoba3""
""osoba3""		884.4	884400	906.9	906900	23.5	23500	""osoba3""
""osoba3""		885.00006	885000	906.9	906900	22.899963	22899	""osoba3""
""osoba4""		885.30005	885300	885.60004	885600	1.2999878	1299	""osoba4""
""osoba3""		886.80005	886800	906.9	906900	21.099976	21099	""osoba3""
""osoba4""		888.00006	888000	888.60004	888600	1.5999756	1599	""osoba4""
""osoba3""		889.2	889200	906.9	906900	18.700012	18700	""osoba3""
""osoba3""		891.00006	891000	906.9	906900	16.899963	16899	""osoba3""
""osoba2""		892.50006	892500	893.4	893400	1.8999634	1899	""osoba2""
""osoba4""		892.80005	892800	892.80005	892800	1.0	1000	""osoba4""
""osoba3""		893.7	893700	906.9	906900	14.200012	14200	""osoba3""
""osoba3""		895.80005	895800	906.9	906900	12.099976	12099	""osoba3""
""osoba3""		896.7	896700	906.9	906900	11.200012	11200	""osoba3""
""osoba3""		897.30005	897300	906.9	906900	10.599976	10599	""osoba3""
""osoba3""		898.50006	898500	906.9	906900	9.399963	9399	""osoba3""
""osoba3""		899.10004	899100	906.9	906900	8.799988	8799	""osoba3""
""osoba3""		900.60004	900600	906.9	906900	7.299988	7299	""osoba3""
""osoba3""		901.2	901200	906.9	906900	6.700012	6700	""osoba3""
""osoba3""		901.80005	901800	906.9	906900	6.0999756	6099	""osoba3""
""osoba3""		902.7	902700	906.9	906900	5.200012	5200	""osoba3""
""osoba3""		905.7	905700	906.9	906900	2.2000122	2200	""osoba3""
""osoba4""		906.00006	906000	923.10004	923100	18.099976	18099	""osoba4""
""osoba3""		906.30005	906300	906.9	906900	1.5999756	1599	""osoba3""
""osoba4""		908.4	908400	923.10004	923100	15.700012	15700	""osoba4""
""osoba4""		909.9	909900	923.10004	923100	14.200012	14200	""osoba4""
""osoba2""		910.50006	910500	917.10004	917100	7.5999756	7599	""osoba2""
""osoba4""		911.7	911700	923.10004	923100	12.400024	12400	""osoba4""
""osoba4""		914.10004	914100	923.10004	923100	10.0	10000	""osoba4""
""osoba4""		915.60004	915600	923.10004	923100	8.5	8500	""osoba4""
""osoba2""		915.9	915900	917.10004	917100	2.2000122	2200	""osoba2""
""osoba4""		916.50006	916500	923.10004	923100	7.5999756	7599	""osoba4""
""osoba4""		918.9	918900	923.10004	923100	5.200012	5200	""osoba4""
""osoba4""		919.50006	919500	923.10004	923100	4.5999756	4599	""osoba4""
""osoba2""		921.00006	921000	924.30005	924300	4.299988	4299	""osoba2""
""osoba1""		922.2	922200	933.9	933900	12.700012	12700	""osoba1""
""osoba2""		922.2	922200	924.30005	924300	3.1000366	3100	""osoba2""
""osoba3""		922.2	922200	923.10004	923100	1.9000244	1900	""osoba3""
""osoba1""		926.7	926700	933.9	933900	8.200012	8200	""osoba1""
""osoba1""		928.50006	928500	933.9	933900	6.3999634	6399	""osoba1""
""osoba1""		930.00006	930000	933.9	933900	4.8999634	4899	""osoba1""
""osoba1""		931.50006	931500	933.9	933900	3.3999634	3399	""osoba1""
""osoba2""		933.00006	933000	949.50006	949500	17.5	17500	""osoba2""
""osoba2""		933.60004	933600	949.50006	949500	16.900024	16900	""osoba2""
""osoba4""		934.50006	934500	934.80005	934800	1.2999878	1299	""osoba4""
""osoba1""		937.2	937200	937.50006	937500	1.3000488	1300	""osoba1""
""osoba2""		938.7	938700	949.50006	949500	11.800049	11800	""osoba2""
""osoba1""		940.2	940200	941.4	941400	2.2000122	2200	""osoba1""
""osoba1""		941.4	941400	941.4	941400	1.0	1000	""osoba1""
""osoba3""		944.7	944700	947.10004	947100	3.4000244	3400	""osoba3""
""osoba4""		948.30005	948300	950.4	950400	3.0999756	3099	""osoba4""
""osoba2""		949.2	949200	949.50006	949500	1.3000488	1300	""osoba2""
""osoba1""		951.00006	951000	952.2	952200	2.1999512	2199	""osoba1""
""osoba4""		952.80005	952800	954.60004	954600	2.7999878	2799	""osoba4""
""osoba4""		954.30005	954300	954.60004	954600	1.2999878	1299	""osoba4""
""osoba1""		954.60004	954600	957.30005	957300	3.7000122	3700	""osoba1""
""osoba1""		956.7	956700	957.30005	957300	1.6000366	1600	""osoba1""
""osoba2""		957.30005	957300	963.00006	963000	6.700012	6700	""osoba2""
""osoba2""		958.80005	958800	963.00006	963000	5.200012	5200	""osoba2""
""osoba2""		959.4	959400	963.00006	963000	4.6000366	4600	""osoba2""
""osoba2""		960.9	960900	963.00006	963000	3.1000366	3100	""osoba2""
""osoba3""		961.80005	961800	975.00006	975000	14.200012	14200	""osoba3""
""osoba2""		965.7	965700	966.60004	966600	1.9000244	1900	""osoba2""
""osoba1""		966.30005	966300	966.30005	966300	1.0	1000	""osoba1""
""osoba3""		969.9	969900	975.00006	975000	6.1000366	6100	""osoba3""
""osoba3""		971.7	971700	975.00006	975000	4.300049	4300	""osoba3""
""osoba3""		972.60004	972600	975.00006	975000	3.4000244	3400	""osoba3""
""osoba1""		974.4	974400	987.9	987900	14.5	14500	""osoba1""
""osoba1""		976.2	976200	987.9	987900	12.700012	12700	""osoba1""
""osoba1""		978.30005	978300	987.9	987900	10.599976	10599	""osoba1""
""osoba1""		978.9	978900	987.9	987900	10.0	10000	""osoba1""
""osoba1""		980.10004	980100	987.9	987900	8.799988	8799	""osoba1""
""osoba1""		982.2	982200	987.9	987900	6.700012	6700	""osoba1""
""osoba4""		982.50006	982500	982.50006	982500	1.0	1000	""osoba4""
""osoba1""		983.7	983700	987.9	987900	5.200012	5200	""osoba1""
""osoba1""		985.2	985200	987.9	987900	3.7000122	3700	""osoba1""
""osoba2""		985.50006	985500	985.80005	985800	1.2999878	1299	""osoba2""
""osoba4""		985.50006	985500	999.30005	999300	14.799988	14799	""osoba4""
""osoba1""		987.9	987900	987.9	987900	1.0	1000	""osoba1""
""osoba4""		990.30005	990300	999.30005	999300	10.0	10000	""osoba4""
""osoba4""		992.10004	992100	999.30005	999300	8.200012	8200	""osoba4""
""osoba1""		992.7	992700	1019.4	1019400	27.700012	27700	""osoba1""
""osoba3""		994.50006	994500	994.50006	994500	1.0	1000	""osoba3""
""osoba1""		996.00006	996000	1019.4	1019400	24.399963	24399	""osoba1""
""osoba1""		1001.10004	1001100	1019.4	1019400	19.299988	19299	""osoba1""
""osoba3""		1003.50006	1003500	1004.10004	1004100	1.5999756	1599	""osoba3""
""osoba2""		1004.4	1004400	1004.4	1004400	1.0	1000	""osoba2""
""osoba1""		1008.60004	1008600	1019.4	1019400	11.799988	11799	""osoba1""
""osoba1""		1010.10004	1010100	1019.4	1019400	10.299988	10299	""osoba1""
""osoba1""		1011.00006	1011000	1019.4	1019400	9.399963	9399	""osoba1""
""osoba1""		1012.2	1012200	1019.4	1019400	8.200012	8200	""osoba1""
""osoba1""		1012.80005	1012800	1019.4	1019400	7.5999756	7599	""osoba1""
""osoba1""		1015.50006	1015500	1019.4	1019400	4.8999634	4899	""osoba1""
""osoba1""		1016.4	1016400	1019.4	1019400	4.0	4000	""osoba1""
""osoba1""		1018.2	1018200	1019.4	1019400	2.2000122	2200	""osoba1""
""osoba3""		1019.10004	1019100	1046.1001	1046100	28.000061	28000	""osoba3""
""osoba3""		1021.80005	1021800	1046.1001	1046100	25.300049	25300	""osoba3""
""osoba3""		1024.2001	1024200	1046.1001	1046100	22.900024	22900	""osoba3""
""osoba1""		1024.5	1024500	1026.6001	1026600	3.1000977	3100	""osoba1""
""osoba4""		1025.1001	1025100	1025.1001	1025100	1.0	1000	""osoba4""
""osoba1""		1026.6001	1026600	1026.6001	1026600	1.0	1000	""osoba1""
""osoba3""		1026.6001	1026600	1046.1001	1046100	20.5	20500	""osoba3""
""osoba3""		1027.8	1027800	1046.1001	1046100	19.300049	19300	""osoba3""
""osoba2""		1032.0	1032000	1032.0	1032000	1.0	1000	""osoba2""
""osoba3""		1034.1001	1034100	1046.1001	1046100	13.0	13000	""osoba3""
""osoba3""		1035.0	1035000	1046.1001	1046100	12.100098	12100	""osoba3""
""osoba3""		1037.1001	1037100	1046.1001	1046100	10.0	10000	""osoba3""
""osoba3""		1038.6001	1038600	1046.1001	1046100	8.5	8500	""osoba3""
""osoba3""		1039.2001	1039200	1046.1001	1046100	7.9000244	7900	""osoba3""
""osoba3""		1041.3	1041300	1046.1001	1046100	5.800049	5800	""osoba3""
""osoba3""		1043.7001	1043700	1046.1001	1046100	3.4000244	3400	""osoba3""
""osoba3""		1044.3	1044300	1046.1001	1046100	2.8000488	2800	""osoba3""
""osoba2""		1044.6001	1044600	1046.7001	1046700	3.0999756	3099	""osoba2""
""osoba1""		1047.3	1047300	1058.1001	1058100	11.800049	11800	""osoba1""
""osoba1""		1048.5	1048500	1058.1001	1058100	10.600098	10600	""osoba1""
""osoba1""		1052.1001	1052100	1058.1001	1058100	7.0	7000	""osoba1""
""osoba4""		1054.5	1054500	1054.5	1054500	1.0	1000	""osoba4""
""osoba4""		1057.5	1057500	1073.7001	1073700	17.200073	17200	""osoba4""
""osoba2""		1059.3	1059300	1064.1001	1064100	5.800049	5800	""osoba2""
""osoba4""		1062.6001	1062600	1073.7001	1073700	12.099976	12099	""osoba4""
""osoba1""		1067.7001	1067700	1068.9	1068900	2.1999512	2199	""osoba1""
""osoba4""		1071.6001	1071600	1073.7001	1073700	3.0999756	3099	""osoba4""
""osoba3""		1073.4	1073400	1077.9	1077900	5.5	5500	""osoba3""
""osoba3""		1075.5	1075500	1077.9	1077900	3.4000244	3400	""osoba3""
""osoba3""		1076.4	1076400	1077.9	1077900	2.5	2500	""osoba3""
""osoba2""		1077.0	1077000	1097.1001	1097100	21.100098	21100	""osoba2""
""osoba2""		1079.1001	1079100	1097.1001	1097100	19.0	19000	""osoba2""
""osoba2""		1083.9	1083900	1097.1001	1097100	14.200073	14200	""osoba2""
""osoba2""		1086.9	1086900	1097.1001	1097100	11.200073	11200	""osoba2""
""osoba2""		1088.4	1088400	1097.1001	1097100	9.700073	9700	""osoba2""
""osoba2""		1092.6001	1092600	1097.1001	1097100	5.5	5500	""osoba2""
""osoba3""		1093.2001	1093200	1094.1001	1094100	1.9000244	1900	""osoba3""
""osoba2""		1095.3	1095300	1097.1001	1097100	2.8000488	2800	""osoba2""
""osoba2""		1096.5	1096500	1097.1001	1097100	1.6000977	1600	""osoba2""
""osoba3""		1096.5	1096500	1103.4	1103400	7.9000244	7900	""osoba3""
""osoba3""		1098.3	1098300	1103.4	1103400	6.0999756	6099	""osoba3""
""osoba3""		1101.6001	1101600	1103.4	1103400	2.7999268	2799	""osoba3""
""osoba2""		1103.4	1103400	1114.8	1114800	12.400024	12400	""osoba2""
""osoba2""		1105.5	1105500	1114.8	1114800	10.300049	10300	""osoba2""
""osoba2""		1106.7001	1106700	1114.8	1114800	9.099976	9099	""osoba2""
""osoba2""		1107.3	1107300	1114.8	1114800	8.5	8500	""osoba2""
""osoba2""		1108.2001	1108200	1114.8	1114800	7.5999756	7599	""osoba2""
""osoba3""		1108.5	1108500	1109.7001	1109700	2.2000732	2200	""osoba3""
""osoba4""		1109.1001	1109100	1109.4	1109400	1.2999268	1299	""osoba4""
""osoba2""		1112.7001	1112700	1114.8	1114800	3.0999756	3099	""osoba2""
""osoba1""		1114.5	1114500	1124.7001	1124700	11.200073	11200	""osoba1""
""osoba2""		1114.8	1114800	1114.8	1114800	1.0	1000	""osoba2""
""osoba1""		1116.0	1116000	1124.7001	1124700	9.700073	9700	""osoba1""
""osoba2""		1118.7001	1118700	1119.0	1119000	1.2999268	1299	""osoba2""
""osoba1""		1122.0	1122000	1124.7001	1124700	3.7000732	3700	""osoba1""
""osoba3""		1122.6001	1122600	1145.1001	1145100	23.5	23500	""osoba3""
""osoba1""		1124.4	1124400	1124.7001	1124700	1.3000488	1300	""osoba1""
""osoba3""		1124.4	1124400	1145.1001	1145100	21.700073	21700	""osoba3""
""osoba3""		1125.3	1125300	1145.1001	1145100	20.800049	20800	""osoba3""
""osoba1""		1128.3	1128300	1129.5	1129500	2.1999512	2199	""osoba1""
""osoba3""		1128.6001	1128600	1145.1001	1145100	17.5	17500	""osoba3""
""osoba3""		1134.3	1134300	1145.1001	1145100	11.800049	11800	""osoba3""
""osoba2""		1135.2001	1135200	1135.2001	1135200	1.0	1000	""osoba2""
""osoba3""		1137.3	1137300	1145.1001	1145100	8.800049	8800	""osoba3""
""osoba2""		1139.7001	1139700	1141.5	1141500	2.7999268	2799	""osoba2""
""osoba2""		1141.2001	1141200	1141.5	1141500	1.2999268	1299	""osoba2""
""osoba3""		1141.5	1141500	1145.1001	1145100	4.6000977	4600	""osoba3""
""osoba4""		1141.5	1141500	1141.8	1141800	1.3000488	1300	""osoba4""
""osoba1""		1141.8	1141800	1150.2001	1150200	9.400024	9400	""osoba1""
""osoba3""		1143.6001	1143600	1145.1001	1145100	2.5	2500	""osoba3""
""osoba1""		1144.5	1144500	1150.2001	1150200	6.7000732	6700	""osoba1""
""osoba1""		1146.0	1146000	1150.2001	1150200	5.2000732	5200	""osoba1""
""osoba4""		1149.0	1149000	1152.9	1152900	4.9000244	4900	""osoba4""
""osoba4""		1149.9	1149900	1152.9	1152900	4.0	4000	""osoba4""
""osoba2""		1150.8	1150800	1152.3	1152300	2.5	2500	""osoba2""
""osoba3""		1152.0	1152000	1158.6001	1158600	7.6000977	7600	""osoba3""
""osoba4""		1155.3	1155300	1167.9	1167900	13.599976	13599	""osoba4""
""osoba3""		1157.4	1157400	1158.6001	1158600	2.2000732	2200	""osoba3""
""osoba4""		1157.7001	1157700	1167.9	1167900	11.199951	11199	""osoba4""
""osoba4""		1160.1001	1160100	1167.9	1167900	8.799927	8799	""osoba4""
""osoba4""		1160.7001	1160700	1167.9	1167900	8.199951	8199	""osoba4""
""osoba4""		1161.9	1161900	1167.9	1167900	7.0	7000	""osoba4""
""osoba3""		1163.7001	1163700	1165.2001	1165200	2.5	2500	""osoba3""
""osoba4""		1163.7001	1163700	1167.9	1167900	5.199951	5199	""osoba4""
""osoba3""		1164.9	1164900	1165.2001	1165200	1.3000488	1300	""osoba3""
""osoba4""		1165.2001	1165200	1167.9	1167900	3.6999512	3699	""osoba4""
""osoba4""		1167.3	1167300	1167.9	1167900	1.5999756	1599	""osoba4""
""osoba3""		1167.6001	1167600	1170.6001	1170600	4.0	4000	""osoba3""
""osoba3""		1168.8	1168800	1170.6001	1170600	2.8000488	2800	""osoba3""
""osoba2""		1169.7001	1169700	1169.7001	1169700	1.0	1000	""osoba2""
""osoba4""		1171.2001	1171200	1181.7001	1181700	11.5	11500	""osoba4""
""osoba2""		1171.8	1171800	1171.8	1171800	1.0	1000	""osoba2""
""osoba4""		1173.3	1173300	1181.7001	1181700	9.400024	9400	""osoba4""
""osoba4""		1178.1001	1178100	1181.7001	1181700	4.5999756	4599	""osoba4""
""osoba4""		1179.3	1179300	1181.7001	1181700	3.4000244	3400	""osoba4""
""osoba2""		1179.6001	1179600	1180.8	1180800	2.1999512	2199	""osoba2""
""osoba1""		1181.7001	1181700	1198.2001	1198200	17.5	17500	""osoba1""
""osoba1""		1183.2001	1183200	1198.2001	1198200	16.0	16000	""osoba1""
""osoba1""		1187.4	1187400	1198.2001	1198200	11.800049	11800	""osoba1""
""osoba3""		1190.7001	1190700	1194.0	1194000	4.2999268	4299	""osoba3""
""osoba1""		1194.0	1194000	1198.2001	1198200	5.2000732	5200	""osoba1""
""osoba4""		1197.0	1197000	1202.7001	1202700	6.7000732	6700	""osoba4""
""osoba4""		1201.5	1201500	1202.7001	1202700	2.2000732	2200	""osoba4""
""osoba2""		1201.8	1201800	1206.3	1206300	5.5	5500	""osoba2""
""osoba4""		1202.7001	1202700	1202.7001	1202700	1.0	1000	""osoba4""
""osoba2""		1203.6001	1203600	1206.3	1206300	3.6999512	3699	""osoba2""
""osoba2""		1205.1001	1205100	1206.3	1206300	2.1999512	2199	""osoba2""
""osoba1""		1205.7001	1205700	1222.2001	1222200	17.5	17500	""osoba1""
""osoba1""		1208.1001	1208100	1222.2001	1222200	15.099976	15099	""osoba1""
""osoba1""		1211.7001	1211700	1222.2001	1222200	11.5	11500	""osoba1""
""osoba1""		1214.7001	1214700	1222.2001	1222200	8.5	8500	""osoba1""
""osoba4""		1215.3	1215300	1215.3	1215300	1.0	1000	""osoba4""
""osoba2""		1216.2001	1216200	1216.2001	1216200	1.0	1000	""osoba2""
""osoba1""		1216.8	1216800	1222.2001	1222200	6.4000244	6400	""osoba1""
""osoba4""		1218.9	1218900	1240.2001	1240200	22.300049	22300	""osoba4""
""osoba1""		1219.2001	1219200	1222.2001	1222200	4.0	4000	""osoba1""
""osoba1""		1222.2001	1222200	1222.2001	1222200	1.0	1000	""osoba1""
""osoba4""		1224.6001	1224600	1240.2001	1240200	16.599976	16599	""osoba4""
""osoba4""		1225.8	1225800	1240.2001	1240200	15.400024	15400	""osoba4""
""osoba3""		1226.1001	1226100	1226.4	1226400	1.2999268	1299	""osoba3""
""osoba3""		1228.8	1228800	1228.8	1228800	1.0	1000	""osoba3""
""osoba4""		1229.4	1229400	1240.2001	1240200	11.800049	11800	""osoba4""
""osoba4""		1231.2001	1231200	1240.2001	1240200	10.0	10000	""osoba4""
""osoba4""		1234.5	1234500	1240.2001	1240200	6.7000732	6700	""osoba4""
""osoba4""		1236.0	1236000	1240.2001	1240200	5.2000732	5200	""osoba4""
""osoba4""		1238.7001	1238700	1240.2001	1240200	2.5	2500	""osoba4""
""osoba1""		1239.6001	1239600	1248.9	1248900	10.299927	10299	""osoba1""
""osoba1""		1241.4	1241400	1248.9	1248900	8.5	8500	""osoba1""
""osoba1""		1243.5	1243500	1248.9	1248900	6.4000244	6400	""osoba1""
""osoba1""		1244.4	1244400	1248.9	1248900	5.5	5500	""osoba1""
""osoba1""		1245.6001	1245600	1248.9	1248900	4.2999268	4299	""osoba1""
""osoba1""		1247.4	1247400	1248.9	1248900	2.5	2500	""osoba1""
""osoba4""		1247.4	1247400	1251.9	1251900	5.5	5500	""osoba4""
""osoba2""		1248.0	1248000	1248.9	1248900	1.9000244	1900	""osoba2""
""osoba4""		1249.8	1249800	1251.9	1251900	3.0999756	3099	""osoba4""
""osoba4""		1251.3	1251300	1251.9	1251900	1.5999756	1599	""osoba4""
""osoba3""		1252.5	1252500	1267.8	1267800	16.300049	16300	""osoba3""
""osoba4""		1254.0	1254000	1258.5	1258500	5.5	5500	""osoba4""
""osoba3""		1254.9	1254900	1267.8	1267800	13.900024	13900	""osoba3""
""osoba3""		1259.4	1259400	1267.8	1267800	9.400024	9400	""osoba3""
""osoba3""		1260.6001	1260600	1267.8	1267800	8.199951	8199	""osoba3""
""osoba3""		1261.8	1261800	1267.8	1267800	7.0	7000	""osoba3""
""osoba3""		1263.3	1263300	1267.8	1267800	5.5	5500	""osoba3""
""osoba3""		1263.9	1263900	1267.8	1267800	4.9000244	4900	""osoba3""
""osoba3""		1265.1001	1265100	1267.8	1267800	3.6999512	3699	""osoba3""
""osoba1""		1265.4	1265400	1265.4	1265400	1.0	1000	""osoba1""
""osoba2""		1266.6001	1266600	1288.2001	1288200	22.599976	22599	""osoba2""
""osoba3""		1267.8	1267800	1267.8	1267800	1.0	1000	""osoba3""
""osoba2""		1268.7001	1268700	1288.2001	1288200	20.5	20500	""osoba2""
""osoba1""		1269.0	1269000	1270.2001	1270200	2.2000732	2200	""osoba1""
""osoba2""		1271.7001	1271700	1288.2001	1288200	17.5	17500	""osoba2""
""osoba2""		1275.6001	1275600	1288.2001	1288200	13.599976	13599	""osoba2""
""osoba2""		1276.2001	1276200	1288.2001	1288200	13.0	13000	""osoba2""
""osoba2""		1277.7001	1277700	1288.2001	1288200	11.5	11500	""osoba2""
""osoba1""		1278.0	1278000	1278.0	1278000	1.0	1000	""osoba1""
""osoba4""		1279.2001	1279200	1281.6001	1281600	3.4000244	3400	""osoba4""
""osoba2""		1283.7001	1283700	1288.2001	1288200	5.5	5500	""osoba2""
""osoba3""		1287.0	1287000	1288.8	1288800	2.8000488	2800	""osoba3""
""osoba4""		1288.5	1288500	1294.8	1294800	7.300049	7300	""osoba4""
""osoba4""		1290.6001	1290600	1294.8	1294800	5.199951	5199	""osoba4""
""osoba3""		1291.2001	1291200	1300.2001	1300200	10.0	10000	""osoba3""
""osoba4""		1291.2001	1291200	1294.8	1294800	4.5999756	4599	""osoba4""
""osoba1""		1293.3	1293300	1293.3	1293300	1.0	1000	""osoba1""
""osoba3""		1296.3	1296300	1300.2001	1300200	4.9000244	4900	""osoba3""
""osoba3""		1297.2001	1297200	1300.2001	1300200	4.0	4000	""osoba3""
""osoba3""		1297.8	1297800	1300.2001	1300200	3.4000244	3400	""osoba3""
""osoba3""		1298.7001	1298700	1300.2001	1300200	2.5	2500	""osoba3""
""osoba1""		1299.9	1299900	1301.4	1301400	2.5	2500	""osoba1""
""osoba2""		1300.2001	1300200	1301.7001	1301700	2.5	2500	""osoba2""
""osoba4""		1300.2001	1300200	1307.1001	1307100	7.9000244	7900	""osoba4""
""osoba4""		1301.4	1301400	1307.1001	1307100	6.7000732	6700	""osoba4""
""osoba4""		1302.3	1302300	1307.1001	1307100	5.800049	5800	""osoba4""
""osoba3""		1303.2001	1303200	1305.0	1305000	2.7999268	2799	""osoba3""
""osoba4""		1306.8	1306800	1307.1001	1307100	1.3000488	1300	""osoba4""
""osoba2""		1307.1001	1307100	1315.5	1315500	9.399902	9399	""osoba2""
""osoba3""		1307.4	1307400	1307.4	1307400	1.0	1000	""osoba3""
""osoba2""		1309.8	1309800	1315.5	1315500	6.699951	6699	""osoba2""
""osoba2""		1311.9	1311900	1315.5	1315500	4.5999756	4599	""osoba2""
""osoba2""		1312.5	1312500	1315.5	1315500	4.0	4000	""osoba2""
""osoba1""		1312.8	1312800	1319.4	1319400	7.5999756	7599	""osoba1""
""osoba1""		1315.2001	1315200	1319.4	1319400	5.199951	5199	""osoba1""
""osoba2""		1315.5	1315500	1315.5	1315500	1.0	1000	""osoba2""
""osoba1""		1316.7001	1316700	1319.4	1319400	3.6999512	3699	""osoba1""
""osoba2""		1319.4	1319400	1342.5	1342500	24.099976	24099	""osoba2""
""osoba3""		1319.7001	1319700	1321.8	1321800	3.0999756	3099	""osoba3""
""osoba4""		1320.9	1320900	1321.2001	1321200	1.3000488	1300	""osoba4""
""osoba2""		1323.0	1323000	1342.5	1342500	20.5	20500	""osoba2""
""osoba2""		1323.6001	1323600	1342.5	1342500	19.899902	19899	""osoba2""
""osoba1""		1326.3	1326300	1326.6001	1326600	1.3000488	1300	""osoba1""
""osoba3""		1327.5	1327500	1328.7001	1328700	2.2000732	2200	""osoba3""
""osoba2""		1329.9	1329900	1342.5	1342500	13.599976	13599	""osoba2""
""osoba2""		1334.7001	1334700	1342.5	1342500	8.799927	8799	""osoba2""
""osoba1""		1335.6001	1335600	1335.9	1335900	1.2999268	1299	""osoba1""
""osoba3""		1337.4	1337400	1337.4	1337400	1.0	1000	""osoba3""
""osoba2""		1337.7001	1337700	1342.5	1342500	5.7999268	5799	""osoba2""
""osoba2""		1340.4	1340400	1342.5	1342500	3.0999756	3099	""osoba2""
""osoba2""		1341.9	1341900	1342.5	1342500	1.5999756	1599	""osoba2""
""osoba4""		1342.5	1342500	1355.4	1355400	13.900024	13900	""osoba4""
""osoba4""		1345.5	1345500	1355.4	1355400	10.900024	10900	""osoba4""
""osoba4""		1347.9	1347900	1355.4	1355400	8.5	8500	""osoba4""
""osoba4""		1352.1001	1352100	1355.4	1355400	4.2999268	4299	""osoba4""
""osoba4""		1353.0	1353000	1355.4	1355400	3.4000244	3400	""osoba4""
""osoba3""		1355.1001	1355100	1358.1001	1358100	4.0	4000	""osoba3""
""osoba3""		1356.3	1356300	1358.1001	1358100	2.8000488	2800	""osoba3""
""osoba2""		1358.1001	1358100	1366.2001	1366200	9.099976	9099	""osoba2""
""osoba3""		1358.1001	1358100	1358.1001	1358100	1.0	1000	""osoba3""
""osoba2""		1359.6001	1359600	1366.2001	1366200	7.5999756	7599	""osoba2""
""osoba2""		1360.8	1360800	1366.2001	1366200	6.4000244	6400	""osoba2""
""osoba2""		1363.5	1363500	1366.2001	1366200	3.7000732	3700	""osoba2""
""osoba3""		1363.8	1363800	1363.8	1363800	1.0	1000	""osoba3""
""osoba4""		1364.4	1364400	1425.6001	1425600	62.200073	62200	""osoba4""
""osoba4""		1365.9	1365900	1425.6001	1425600	60.700073	60700	""osoba4""
""osoba4""		1367.4	1367400	1425.6001	1425600	59.200073	59200	""osoba4""
""osoba4""		1368.0	1368000	1425.6001	1425600	58.600098	58600	""osoba4""
""osoba2""		1371.6001	1371600	1372.2001	1372200	1.5999756	1599	""osoba2""
""osoba4""		1372.5	1372500	1425.6001	1425600	54.100098	54100	""osoba4""
""osoba4""		1373.1001	1373100	1425.6001	1425600	53.5	53500	""osoba4""
""osoba4""		1374.9	1374900	1425.6001	1425600	51.700073	51700	""osoba4""
""osoba4""		1376.1001	1376100	1425.6001	1425600	50.5	50500	""osoba4""
""osoba2""		1376.7001	1376700	1377.3	1377300	1.5999756	1599	""osoba2""
""osoba4""		1377.6001	1377600	1425.6001	1425600	49.0	49000	""osoba4""
""osoba4""		1384.2001	1384200	1425.6001	1425600	42.400024	42400	""osoba4""
""osoba4""		1385.7001	1385700	1425.6001	1425600	40.900024	40900	""osoba4""
""osoba1""		1387.2001	1387200	1388.1001	1388100	1.9000244	1900	""osoba1""
""osoba1""		1387.8	1387800	1388.1001	1388100	1.3000488	1300	""osoba1""
""osoba4""		1388.1001	1388100	1425.6001	1425600	38.5	38500	""osoba4""
""osoba4""		1389.6001	1389600	1425.6001	1425600	37.0	37000	""osoba4""
""osoba4""		1392.6001	1392600	1425.6001	1425600	34.0	34000	""osoba4""
""osoba4""		1394.4	1394400	1425.6001	1425600	32.200073	32200	""osoba4""
""osoba4""		1396.8	1396800	1425.6001	1425600	29.800049	29800	""osoba4""
""osoba3""		1398.6001	1398600	1398.6001	1398600	1.0	1000	""osoba3""
""osoba4""		1400.4	1400400	1425.6001	1425600	26.200073	26200	""osoba4""
""osoba4""		1404.9	1404900	1425.6001	1425600	21.700073	21700	""osoba4""
""osoba4""		1406.4	1406400	1425.6001	1425600	20.200073	20200	""osoba4""
""osoba2""		1407.3	1407300	1407.3	1407300	1.0	1000	""osoba2""
""osoba4""		1410.0	1410000	1425.6001	1425600	16.600098	16600	""osoba4""
""osoba4""		1410.9	1410900	1425.6001	1425600	15.700073	15700	""osoba4""
""osoba4""		1413.0	1413000	1425.6001	1425600	13.600098	13600	""osoba4""
""osoba4""		1413.9	1413900	1425.6001	1425600	12.700073	12700	""osoba4""
""osoba4""		1416.0	1416000	1425.6001	1425600	10.600098	10600	""osoba4""
""osoba4""		1418.1001	1418100	1425.6001	1425600	8.5	8500	""osoba4""
""osoba1""		1422.0	1422000	1422.9	1422900	1.9000244	1900	""osoba1""
""osoba4""		1422.3	1422300	1425.6001	1425600	4.300049	4300	""osoba4""
""osoba3""		1424.1001	1424100	1434.9	1434900	11.799927	11799	""osoba3""
""osoba4""		1424.7001	1424700	1425.6001	1425600	1.9000244	1900	""osoba4""
""osoba2""		1425.0	1425000	1425.0	1425000	1.0	1000	""osoba2""
""osoba3""		1428.6001	1428600	1434.9	1434900	7.2999268	7299	""osoba3""
""osoba3""		1430.1001	1430100	1434.9	1434900	5.7999268	5799	""osoba3""
""osoba4""		1430.7001	1430700	1430.7001	1430700	1.0	1000	""osoba4""
""osoba3""		1432.5	1432500	1434.9	1434900	3.4000244	3400	""osoba3""
""osoba1""		1435.2001	1435200	1481.7001	1481700	47.5	47500	""osoba1""
""osoba1""		1437.0	1437000	1481.7001	1481700	45.700073	45700	""osoba1""
""osoba1""		1439.7001	1439700	1481.7001	1481700	43.0	43000	""osoba1""
""osoba2""		1442.1001	1442100	1442.4	1442400	1.2999268	1299	""osoba2""
""osoba1""		1444.8	1444800	1481.7001	1481700	37.900024	37900	""osoba1""
""osoba1""		1446.9	1446900	1481.7001	1481700	35.80005	35800	""osoba1""
""osoba1""		1447.5	1447500	1481.7001	1481700	35.200073	35200	""osoba1""
""osoba1""		1448.7001	1448700	1481.7001	1481700	34.0	34000	""osoba1""
""osoba1""		1449.9	1449900	1481.7001	1481700	32.80005	32800	""osoba1""
""osoba1""		1450.8	1450800	1481.7001	1481700	31.900024	31900	""osoba1""
""osoba1""		1451.7001	1451700	1481.7001	1481700	31.0	31000	""osoba1""
""osoba1""		1452.6001	1452600	1481.7001	1481700	30.099976	30099	""osoba1""
""osoba4""		1452.9	1452900	1452.9	1452900	1.0	1000	""osoba4""
""osoba1""		1454.1001	1454100	1481.7001	1481700	28.599976	28599	""osoba1""
""osoba1""		1455.6001	1455600	1481.7001	1481700	27.099976	27099	""osoba1""
""osoba4""		1456.2001	1456200	1456.5	1456500	1.2999268	1299	""osoba4""
""osoba4""		1458.9	1458900	1463.1001	1463100	5.2000732	5200	""osoba4""
""osoba4""		1461.3	1461300	1463.1001	1463100	2.8000488	2800	""osoba4""
""osoba1""		1464.0	1464000	1481.7001	1481700	18.700073	18700	""osoba1""
""osoba1""		1466.1001	1466100	1481.7001	1481700	16.599976	16599	""osoba1""
""osoba1""		1467.6001	1467600	1481.7001	1481700	15.099976	15099	""osoba1""
""osoba1""		1468.5	1468500	1481.7001	1481700	14.200073	14200	""osoba1""
""osoba1""		1471.5	1471500	1481.7001	1481700	11.200073	11200	""osoba1""
""osoba1""		1473.9	1473900	1481.7001	1481700	8.800049	8800	""osoba1""
""osoba1""		1475.4	1475400	1481.7001	1481700	7.300049	7300	""osoba1""
""osoba4""		1477.5	1477500	1492.2001	1492200	15.700073	15700	""osoba4""
""osoba4""		1480.2001	1480200	1492.2001	1492200	13.0	13000	""osoba4""
""osoba1""		1481.1001	1481100	1481.7001	1481700	1.5999756	1599	""osoba1""
""osoba4""		1482.6001	1482600	1492.2001	1492200	10.599976	10599	""osoba4""
""osoba4""		1484.4	1484400	1492.2001	1492200	8.800049	8800	""osoba4""
""osoba4""		1485.9	1485900	1492.2001	1492200	7.300049	7300	""osoba4""
""osoba4""		1487.7001	1487700	1492.2001	1492200	5.5	5500	""osoba4""
""osoba2""		1490.1001	1490100	1491.3	1491300	2.1999512	2199	""osoba2""
""osoba3""		1490.7001	1490700	1496.7001	1496700	7.0	7000	""osoba3""
""osoba3""		1493.4	1493400	1496.7001	1496700	4.300049	4300	""osoba3""
""osoba2""		1494.0	1494000	1494.6001	1494600	1.6000977	1600	""osoba2""
""osoba1""		1495.8	1495800	1509.0	1509000	14.199951	14199	""osoba1""
""osoba2""		1497.0	1497000	1497.3	1497300	1.3000488	1300	""osoba2""
""osoba1""		1498.2001	1498200	1509.0	1509000	11.799927	11799	""osoba1""
""osoba1""		1501.2001	1501200	1509.0	1509000	8.799927	8799	""osoba1""
""osoba1""		1502.7001	1502700	1509.0	1509000	7.2999268	7299	""osoba1""
""osoba1""		1505.1001	1505100	1509.0	1509000	4.8999023	4899	""osoba1""
""osoba2""		1507.5	1507500	1508.4	1508400	1.9000244	1900	""osoba2""
""osoba1""		1508.1001	1508100	1509.0	1509000	1.8999023	1899	""osoba1""
""osoba2""		1508.1001	1508100	1508.4	1508400	1.2999268	1299	""osoba2""
""osoba4""		1508.7001	1508700	1543.5001	1543500	35.80005	35800	""osoba4""
""osoba4""		1510.8	1510800	1543.5001	1543500	33.700073	33700	""osoba4""
""osoba4""		1512.0	1512000	1543.5001	1543500	32.500122	32500	""osoba4""
""osoba4""		1514.1001	1514100	1543.5001	1543500	30.400024	30400	""osoba4""
""osoba4""		1515.6001	1515600	1543.5001	1543500	28.900024	28900	""osoba4""
""osoba4""		1516.5	1516500	1543.5001	1543500	28.000122	28000	""osoba4""
""osoba4""		1517.7001	1517700	1543.5001	1543500	26.800049	26800	""osoba4""
""osoba4""		1519.2001	1519200	1543.5001	1543500	25.300049	25300	""osoba4""
""osoba4""		1520.4	1520400	1543.5001	1543500	24.100098	24100	""osoba4""
""osoba4""		1522.5	1522500	1543.5001	1543500	22.000122	22000	""osoba4""
""osoba4""		1523.1001	1523100	1543.5001	1543500	21.400024	21400	""osoba4""
""osoba4""		1523.7001	1523700	1543.5001	1543500	20.800049	20800	""osoba4""
""osoba4""		1524.3	1524300	1543.5001	1543500	20.200073	20200	""osoba4""
""osoba4""		1525.8	1525800	1543.5001	1543500	18.700073	18700	""osoba4""
""osoba4""		1527.9	1527900	1543.5001	1543500	16.600098	16600	""osoba4""
""osoba1""		1529.4	1529400	1530.3	1530300	1.9000244	1900	""osoba1""
""osoba4""		1533.3	1533300	1543.5001	1543500	11.200073	11200	""osoba4""
""osoba3""		1534.8	1534800	1535.1001	1535100	1.3000488	1300	""osoba3""
""osoba2""		1537.5001	1537500	1539.3	1539300	2.7999268	2799	""osoba2""
""osoba2""		1538.4	1538400	1539.3	1539300	1.9000244	1900	""osoba2""
""osoba4""		1538.4	1538400	1543.5001	1543500	6.1000977	6100	""osoba4""
""osoba4""		1539.9	1539900	1543.5001	1543500	4.6000977	4600	""osoba4""
""osoba4""		1541.4	1541400	1543.5001	1543500	3.1000977	3100	""osoba4""
""osoba4""		1542.6001	1542600	1543.5001	1543500	1.9000244	1900	""osoba4""
""osoba1""		1542.9	1542900	1549.5001	1549500	7.6000977	7600	""osoba1""
""osoba4""		1543.2001	1543200	1543.5001	1543500	1.3000488	1300	""osoba4""
""osoba1""		1548.3	1548300	1549.5001	1549500	2.2000732	2200	""osoba1""
""osoba2""		1548.9	1548900	1553.1001	1553100	5.2000732	5200	""osoba2""
""osoba4""		1550.1001	1550100	1570.8	1570800	21.699951	21699	""osoba4""
""osoba2""		1552.2001	1552200	1553.1001	1553100	1.9000244	1900	""osoba2""
""osoba4""		1552.2001	1552200	1570.8	1570800	19.599976	19599	""osoba4""
""osoba3""		1554.0001	1554000	1554.6001	1554600	1.5999756	1599	""osoba3""
""osoba4""		1556.1001	1556100	1570.8	1570800	15.699951	15699	""osoba4""
""osoba3""		1557.0001	1557000	1565.4	1565400	9.399902	9399	""osoba3""
""osoba3""		1557.6001	1557600	1565.4	1565400	8.799927	8799	""osoba3""
""osoba4""		1558.2001	1558200	1570.8	1570800	13.599976	13599	""osoba4""
""osoba4""		1559.7001	1559700	1570.8	1570800	12.099976	12099	""osoba4""
""osoba3""		1560.6001	1560600	1565.4	1565400	5.7999268	5799	""osoba3""
""osoba3""		1561.2001	1561200	1565.4	1565400	5.199951	5199	""osoba3""
""osoba4""		1561.2001	1561200	1570.8	1570800	10.599976	10599	""osoba4""
""osoba3""		1563.0001	1563000	1565.4	1565400	3.3999023	3399	""osoba3""
""osoba4""		1566.9	1566900	1570.8	1570800	4.9000244	4900	""osoba4""
""osoba4""		1567.5001	1567500	1570.8	1570800	4.2999268	4299	""osoba4""
""osoba2""		1567.8	1567800	1589.1001	1589100	22.300049	22300	""osoba2""
""osoba2""		1569.3	1569300	1589.1001	1589100	20.800049	20800	""osoba2""
""osoba2""		1570.5001	1570500	1589.1001	1589100	19.599976	19599	""osoba2""
""osoba3""		1571.4	1571400	1572.3	1572300	1.9000244	1900	""osoba3""
""osoba4""		1573.5001	1573500	1573.5001	1573500	1.0	1000	""osoba4""
""osoba2""		1574.7001	1574700	1589.1001	1589100	15.400024	15400	""osoba2""
""osoba2""		1578.3	1578300	1589.1001	1589100	11.800049	11800	""osoba2""
""osoba2""		1582.8	1582800	1589.1001	1589100	7.300049	7300	""osoba2""
""osoba2""		1585.5001	1585500	1589.1001	1589100	4.5999756	4599	""osoba2""
""osoba4""		1587.6001	1587600	1611.3	1611300	24.699951	24699	""osoba4""
""osoba2""		1587.9	1587900	1589.1001	1589100	2.2000732	2200	""osoba2""
""osoba2""		1588.8	1588800	1589.1001	1589100	1.3000488	1300	""osoba2""
""osoba4""		1588.8	1588800	1611.3	1611300	23.5	23500	""osoba4""
""osoba4""		1590.6001	1590600	1611.3	1611300	21.699951	21699	""osoba4""
""osoba4""		1593.3	1593300	1611.3	1611300	19.0	19000	""osoba4""
""osoba4""		1593.9	1593900	1611.3	1611300	18.400024	18400	""osoba4""
""osoba4""		1597.8	1597800	1611.3	1611300	14.5	14500	""osoba4""
""osoba3""		1601.1001	1601100	1603.2001	1603200	3.0999756	3099	""osoba3""
""osoba1""		1602.0001	1602000	1602.9	1602900	1.8999023	1899	""osoba1""
""osoba2""		1607.4	1607400	1607.4	1607400	1.0	1000	""osoba2""
""osoba4""		1611.0001	1611000	1611.3	1611300	1.2999268	1299	""osoba4""
""osoba3""		1611.6001	1611600	1615.2001	1615200	4.5999756	4599	""osoba3""
""osoba2""		1616.1001	1616100	1620.3	1620300	5.199951	5199	""osoba2""
""osoba2""		1616.7001	1616700	1620.3	1620300	4.5999756	4599	""osoba2""
""osoba2""		1617.3	1617300	1620.3	1620300	4.0	4000	""osoba2""
""osoba2""		1618.8	1618800	1620.3	1620300	2.5	2500	""osoba2""
""osoba2""		1619.4	1619400	1620.3	1620300	1.9000244	1900	""osoba2""
