"default"		0.0	0	1.0	1000	1.0	1000	BEGIN
"default"		1620.3	1620300	1620.31	1621300	1.0	1000	END
""osoba1""		6.6000004	6600	8.700001	8700	3.1000004	3100	""osoba1""
""osoba4""		7.8	7800	15.000001	15000	8.200001	8200	""osoba4""
""osoba1""		8.1	8100	8.700001	8700	1.6000004	1600	""osoba1""
""osoba4""		10.5	10500	15.000001	15000	5.500001	5500	""osoba4""
""osoba4""		14.400001	14400	15.000001	15000	1.6000004	1600	""osoba4""
""osoba3""		14.700001	14700	20.400002	20400	6.700001	6700	""osoba3""
""osoba3""		15.900001	15900	20.400002	20400	5.500001	5500	""osoba3""
""osoba3""		16.5	16500	20.400002	20400	4.9000015	4900	""osoba3""
""osoba1""		16.800001	16800	17.400002	17400	1.6000004	1600	""osoba1""
""osoba3""		19.800001	19800	20.400002	20400	1.6000004	1600	""osoba3""
""osoba2""		20.7	20700	34.5	34500	14.799999	14799	""osoba2""
""osoba2""		22.5	22500	34.5	34500	13.0	13000	""osoba2""
""osoba2""		27.6	27600	34.5	34500	7.8999996	7899	""osoba2""
""osoba2""		28.2	28200	34.5	34500	7.299999	7299	""osoba2""
""osoba2""		29.400002	29400	34.5	34500	6.0999985	6099	""osoba2""
""osoba1""		30.000002	30000	31.500002	31500	2.5	2500	""osoba1""
""osoba3""		31.800001	31800	35.7	35700	4.8999996	4899	""osoba3""
""osoba2""		33.300003	33300	34.5	34500	2.199997	2199	""osoba2""
""osoba3""		34.2	34200	35.7	35700	2.5	2500	""osoba3""
""osoba4""		34.5	34500	56.4	56400	22.900002	22900	""osoba4""
""osoba4""		35.7	35700	56.4	56400	21.7	21700	""osoba4""
""osoba2""		38.7	38700	40.2	40200	2.5	2500	""osoba2""
""osoba3""		39.9	39900	42.9	42900	4.0	4000	""osoba3""
""osoba1""		40.5	40500	40.800003	40800	1.300003	1300	""osoba1""
""osoba4""		43.800003	43800	56.4	56400	13.599998	13599	""osoba4""
""osoba4""		49.500004	49500	56.4	56400	7.8999977	7899	""osoba4""
""osoba4""		50.4	50400	56.4	56400	7.0	7000	""osoba4""
""osoba4""		52.2	52200	56.4	56400	5.200001	5200	""osoba4""
""osoba1""		52.500004	52500	52.500004	52500	1.0	1000	""osoba1""
""osoba4""		54.000004	54000	56.4	56400	3.3999977	3399	""osoba4""
""osoba4""		54.600002	54600	56.4	56400	2.7999992	2799	""osoba4""
""osoba2""		55.2	55200	63.000004	63000	8.800003	8800	""osoba2""
""osoba2""		57.600002	57600	63.000004	63000	6.4000015	6400	""osoba2""
""osoba1""		59.100002	59100	66.600006	66600	8.500004	8500	""osoba1""
""osoba2""		59.100002	59100	63.000004	63000	4.9000015	4900	""osoba2""
""osoba2""		61.800003	61800	63.000004	63000	2.2000008	2200	""osoba2""
""osoba4""		62.100002	62100	65.700005	65700	4.6000023	4600	""osoba4""
""osoba3""		62.7	62700	63.300003	63300	1.6000023	1600	""osoba3""
""osoba1""		64.5	64500	66.600006	66600	3.100006	3100	""osoba1""
""osoba2""		66.3	66300	86.700005	86700	21.400002	21400	""osoba2""
""osoba2""		68.100006	68100	86.700005	86700	19.599998	19599	""osoba2""
""osoba2""		68.700005	68700	86.700005	86700	19.0	19000	""osoba2""
""osoba2""		69.9	69900	86.700005	86700	17.800003	17800	""osoba2""
""osoba2""		71.4	71400	86.700005	86700	16.300003	16300	""osoba2""
""osoba2""		72.3	72300	86.700005	86700	15.400002	15400	""osoba2""
""osoba1""		72.600006	72600	72.9	72900	1.2999954	1299	""osoba1""
""osoba4""		73.8	73800	73.8	73800	1.0	1000	""osoba4""
""osoba2""		74.100006	74100	86.700005	86700	13.599998	13599	""osoba2""
""osoba3""		77.4	77400	79.200005	79200	2.800003	2800	""osoba3""
""osoba2""		80.100006	80100	86.700005	86700	7.5999985	7599	""osoba2""
""osoba2""		81.0	81000	86.700005	86700	6.7000046	6700	""osoba2""
""osoba4""		81.0	81000	83.100006	83100	3.100006	3100	""osoba4""
""osoba4""		82.5	82500	83.100006	83100	1.6000061	1600	""osoba4""
""osoba3""		83.100006	83100	83.4	83400	1.2999954	1299	""osoba3""
""osoba2""		83.4	83400	86.700005	86700	4.300003	4300	""osoba2""
""osoba1""		85.8	85800	96.9	96900	12.099998	12099	""osoba1""
""osoba1""		87.600006	87600	96.9	96900	10.299995	10299	""osoba1""
""osoba1""		88.8	88800	96.9	96900	9.099998	9099	""osoba1""
""osoba1""		90.3	90300	96.9	96900	7.5999985	7599	""osoba1""
""osoba1""		93.0	93000	96.9	96900	4.9000015	4900	""osoba1""
""osoba3""		94.200005	94200	95.100006	95100	1.9000015	1900	""osoba3""
""osoba1""		95.4	95400	96.9	96900	2.5	2500	""osoba1""
""osoba4""		95.700005	95700	95.700005	95700	1.0	1000	""osoba4""
""osoba2""		96.3	96300	106.200005	106200	10.900002	10900	""osoba2""
""osoba1""		96.600006	96600	96.9	96900	1.2999954	1299	""osoba1""
""osoba2""		99.3	99300	106.200005	106200	7.9000015	7900	""osoba2""
""osoba4""		99.9	99900	101.4	101400	2.5	2500	""osoba4""
""osoba1""		101.100006	101100	101.4	101400	1.2999954	1299	""osoba1""
""osoba2""		103.50001	103500	106.200005	106200	3.699997	3699	""osoba2""
""osoba4""		105.600006	105600	130.20001	130200	25.600006	25600	""osoba4""
""osoba4""		107.100006	107100	130.20001	130200	24.100006	24100	""osoba4""
""osoba4""		113.700005	113700	130.20001	130200	17.500008	17500	""osoba4""
""osoba4""		114.3	114300	130.20001	130200	16.90001	16900	""osoba4""
""osoba4""		117.600006	117600	130.20001	130200	13.600006	13600	""osoba4""
""osoba4""		119.100006	119100	130.20001	130200	12.100006	12100	""osoba4""
""osoba3""		121.8	121800	123.600006	123600	2.800003	2800	""osoba3""
""osoba4""		121.8	121800	130.20001	130200	9.400009	9400	""osoba4""
""osoba3""		123.3	123300	123.600006	123600	1.300003	1300	""osoba3""
""osoba4""		126.9	126900	130.20001	130200	4.3000107	4300	""osoba4""
""osoba4""		127.8	127800	130.20001	130200	3.4000092	3400	""osoba4""
""osoba1""		129.0	129000	137.1	137100	9.100006	9100	""osoba1""
""osoba4""		129.0	129000	130.20001	130200	2.2000122	2200	""osoba4""
""osoba1""		132.90001	132900	137.1	137100	5.199997	5199	""osoba1""
""osoba1""		133.5	133500	137.1	137100	4.600006	4600	""osoba1""
""osoba1""		134.40001	134400	137.1	137100	3.699997	3699	""osoba1""
""osoba1""		135.90001	135900	137.1	137100	2.199997	2199	""osoba1""
""osoba3""		136.8	136800	151.20001	151200	15.400009	15400	""osoba3""
""osoba3""		139.5	139500	151.20001	151200	12.700012	12700	""osoba3""
""osoba3""		141.3	141300	151.20001	151200	10.900009	10900	""osoba3""
""osoba1""		141.90001	141900	151.20001	151200	10.300003	10300	""osoba1""
""osoba1""		145.8	145800	151.20001	151200	6.400009	6400	""osoba1""
""osoba3""		146.1	146100	151.20001	151200	6.100006	6100	""osoba3""
""osoba1""		147.90001	147900	151.20001	151200	4.300003	4300	""osoba1""
""osoba3""		148.5	148500	151.20001	151200	3.7000122	3700	""osoba3""
""osoba4""		148.8	148800	149.40001	149400	1.6000061	1600	""osoba4""
""osoba3""		150.0	150000	151.20001	151200	2.2000122	2200	""osoba3""
""osoba2""		151.20001	151200	179.70001	179700	29.5	29500	""osoba2""
""osoba2""		152.70001	152700	179.70001	179700	28.0	28000	""osoba2""
""osoba1""		153.90001	153900	153.90001	153900	1.0	1000	""osoba1""
""osoba2""		153.90001	153900	179.70001	179700	26.800003	26800	""osoba2""
""osoba2""		162.6	162600	179.70001	179700	18.100006	18100	""osoba2""
""osoba3""		162.6	162600	162.90001	162900	1.300003	1300	""osoba3""
""osoba2""		163.8	163800	179.70001	179700	16.90001	16900	""osoba2""
""osoba1""		165.0	165000	165.3	165300	1.300003	1300	""osoba1""
""osoba2""		167.40001	167400	179.70001	179700	13.300003	13300	""osoba2""
""osoba2""		168.90001	168900	179.70001	179700	11.800003	11800	""osoba2""
""osoba1""		169.20001	169200	170.40001	170400	2.199997	2199	""osoba1""
""osoba2""		171.3	171300	179.70001	179700	9.400009	9400	""osoba2""
""osoba2""		173.1	173100	179.70001	179700	7.600006	7600	""osoba2""
""osoba4""		173.40001	173400	174.0	174000	1.5999908	1599	""osoba4""
""osoba2""		175.20001	175200	179.70001	179700	5.5	5500	""osoba2""
""osoba2""		176.40001	176400	179.70001	179700	4.300003	4300	""osoba2""
""osoba4""		176.70001	176700	177.6	177600	1.8999939	1899	""osoba4""
""osoba4""		177.3	177300	177.6	177600	1.300003	1300	""osoba4""
""osoba2""		177.90001	177900	179.70001	179700	2.800003	2800	""osoba2""
""osoba2""		179.40001	179400	179.70001	179700	1.300003	1300	""osoba2""
""osoba3""		179.70001	179700	185.70001	185700	7.0	7000	""osoba3""
""osoba3""		182.40001	182400	185.70001	185700	4.300003	4300	""osoba3""
""osoba2""		184.5	184500	185.70001	185700	2.2000122	2200	""osoba2""
""osoba3""		184.5	184500	185.70001	185700	2.2000122	2200	""osoba3""
""osoba4""		186.3	186300	209.40001	209400	24.100006	24100	""osoba4""
""osoba4""		187.8	187800	209.40001	209400	22.600006	22600	""osoba4""
""osoba4""		189.6	189600	209.40001	209400	20.800003	20800	""osoba4""
""osoba4""		190.5	190500	209.40001	209400	19.90001	19900	""osoba4""
""osoba2""		191.40001	191400	192.3	192300	1.8999939	1899	""osoba2""
""osoba1""		192.6	192600	192.6	192600	1.0	1000	""osoba1""
""osoba4""		193.50002	193500	209.40001	209400	16.899994	16899	""osoba4""
""osoba4""		195.00002	195000	209.40001	209400	15.399994	15399	""osoba4""
""osoba2""		195.90001	195900	201.90001	201900	7.0	7000	""osoba2""
""osoba4""		195.90001	195900	209.40001	209400	14.5	14500	""osoba4""
""osoba4""		199.20001	199200	209.40001	209400	11.199997	11199	""osoba4""
""osoba2""		199.8	199800	201.90001	201900	3.100006	3100	""osoba2""
""osoba4""		205.50002	205500	209.40001	209400	4.899994	4899	""osoba4""
""osoba4""		206.70001	206700	209.40001	209400	3.699997	3699	""osoba4""
""osoba1""		208.8	208800	212.1	212100	4.300003	4300	""osoba1""
""osoba4""		208.8	208800	209.40001	209400	1.6000061	1600	""osoba4""
""osoba1""		210.6	210600	212.1	212100	2.5	2500	""osoba1""
""osoba3""		211.20001	211200	224.70001	224700	14.5	14500	""osoba3""
""osoba3""		213.90001	213900	224.70001	224700	11.800003	11800	""osoba3""
""osoba3""		214.50002	214500	224.70001	224700	11.199997	11199	""osoba3""
""osoba2""		215.70001	215700	215.70001	215700	1.0	1000	""osoba2""
""osoba3""		218.1	218100	224.70001	224700	7.600006	7600	""osoba3""
""osoba3""		220.20001	220200	224.70001	224700	5.5	5500	""osoba3""
""osoba3""		221.40001	221400	224.70001	224700	4.300003	4300	""osoba3""
""osoba3""		222.90001	222900	224.70001	224700	2.800003	2800	""osoba3""
""osoba3""		224.40001	224400	224.70001	224700	1.300003	1300	""osoba3""
""osoba4""		224.70001	224700	225.6	225600	1.8999939	1899	""osoba4""
""osoba1""		225.00002	225000	227.70001	227700	3.699997	3699	""osoba1""
""osoba1""		226.50002	226500	227.70001	227700	2.199997	2199	""osoba1""
""osoba1""		227.40001	227400	227.70001	227700	1.300003	1300	""osoba1""
""osoba4""		228.3	228300	229.20001	229200	1.9000092	1900	""osoba4""
""osoba2""		229.20001	229200	231.90001	231900	3.699997	3699	""osoba2""
""osoba2""		231.6	231600	231.90001	231900	1.300003	1300	""osoba2""
""osoba4""		231.90001	231900	243.00002	243000	12.100006	12100	""osoba4""
""osoba4""		235.50002	235500	243.00002	243000	8.5	8500	""osoba4""
""osoba4""		236.1	236100	243.00002	243000	7.900009	7900	""osoba4""
""osoba4""		237.3	237300	243.00002	243000	6.700012	6700	""osoba4""
""osoba4""		239.40001	239400	243.00002	243000	4.600006	4600	""osoba4""
""osoba4""		240.00002	240000	243.00002	243000	4.0	4000	""osoba4""
""osoba1""		241.20001	241200	254.40001	254400	14.199997	14199	""osoba1""
""osoba1""		242.40001	242400	254.40001	254400	13.0	13000	""osoba1""
""osoba4""		242.70001	242700	243.00002	243000	1.300003	1300	""osoba4""
""osoba1""		244.20001	244200	254.40001	254400	11.199997	11199	""osoba1""
""osoba1""		246.90001	246900	254.40001	254400	8.5	8500	""osoba1""
""osoba1""		247.50002	247500	254.40001	254400	7.899994	7899	""osoba1""
""osoba1""		252.3	252300	254.40001	254400	3.100006	3100	""osoba1""
""osoba3""		253.20001	253200	255.90001	255900	3.699997	3699	""osoba3""
""osoba1""		254.40001	254400	254.40001	254400	1.0	1000	""osoba1""
""osoba4""		255.90001	255900	258.90002	258900	4.0000153	4000	""osoba4""
""osoba4""		257.40002	257400	258.90002	258900	2.5	2500	""osoba4""
""osoba1""		257.7	257700	274.2	274200	17.5	17500	""osoba1""
""osoba4""		258.0	258000	258.90002	258900	1.9000244	1900	""osoba4""
""osoba1""		260.7	260700	274.2	274200	14.5	14500	""osoba1""
""osoba1""		262.2	262200	274.2	274200	13.0	13000	""osoba1""
""osoba1""		264.90002	264900	274.2	274200	10.299988	10299	""osoba1""
""osoba3""		265.80002	265800	267.6	267600	2.7999878	2799	""osoba3""
""osoba1""		266.7	266700	274.2	274200	8.5	8500	""osoba1""
""osoba4""		268.2	268200	269.7	269700	2.5	2500	""osoba4""
""osoba3""		270.90002	270900	270.90002	270900	1.0	1000	""osoba3""
""osoba2""		273.30002	273300	278.40002	278400	6.100006	6100	""osoba2""
""osoba2""		276.0	276000	278.40002	278400	3.4000244	3400	""osoba2""
""osoba2""		276.6	276600	278.40002	278400	2.8000183	2800	""osoba2""
""osoba1""		277.2	277200	288.90002	288900	12.700012	12700	""osoba1""
""osoba1""		280.2	280200	288.90002	288900	9.700012	9700	""osoba1""
""osoba1""		282.30002	282300	288.90002	288900	7.600006	7600	""osoba1""
""osoba2""		282.30002	282300	282.30002	282300	1.0	1000	""osoba2""
""osoba1""		282.90002	282900	288.90002	288900	7.0	7000	""osoba1""
""osoba1""		283.80002	283800	288.90002	288900	6.100006	6100	""osoba1""
""osoba1""		284.40002	284400	288.90002	288900	5.5	5500	""osoba1""
""osoba3""		285.0	285000	285.30002	285300	1.3000183	1300	""osoba3""
""osoba1""		286.80002	286800	288.90002	288900	3.100006	3100	""osoba1""
""osoba1""		288.6	288600	288.90002	288900	1.3000183	1300	""osoba1""
""osoba3""		288.90002	288900	290.1	290100	2.1999817	2199	""osoba3""
""osoba2""		290.1	290100	292.2	292200	3.100006	3100	""osoba2""
""osoba1""		291.0	291000	294.6	294600	4.600006	4600	""osoba1""
""osoba1""		291.6	291600	294.6	294600	4.0	4000	""osoba1""
""osoba2""		292.2	292200	292.2	292200	1.0	1000	""osoba2""
""osoba1""		293.1	293100	294.6	294600	2.5	2500	""osoba1""
""osoba3""		294.90002	294900	297.90002	297900	4.0	4000	""osoba3""
""osoba4""		296.7	296700	299.1	299100	3.399994	3399	""osoba4""
""osoba2""		298.2	298200	309.6	309600	12.399994	12399	""osoba2""
""osoba2""		300.0	300000	309.6	309600	10.600006	10600	""osoba2""
""osoba2""		301.80002	301800	309.6	309600	8.799988	8799	""osoba2""
""osoba4""		301.80002	301800	302.40002	302400	1.6000061	1600	""osoba4""
""osoba2""		303.6	303600	309.6	309600	7.0	7000	""osoba2""
""osoba2""		304.5	304500	309.6	309600	6.100006	6100	""osoba2""
""osoba2""		307.2	307200	309.6	309600	3.399994	3399	""osoba2""
""osoba3""		307.5	307500	316.80002	316800	10.300018	10300	""osoba3""
""osoba2""		307.80002	307800	309.6	309600	2.7999878	2799	""osoba2""
""osoba4""		308.40002	308400	308.40002	308400	1.0	1000	""osoba4""
""osoba1""		308.7	308700	310.80002	310800	3.100006	3100	""osoba1""
""osoba1""		310.5	310500	310.80002	310800	1.3000183	1300	""osoba1""
""osoba2""		313.2	313200	314.1	314100	1.8999939	1899	""osoba2""
""osoba3""		313.2	313200	316.80002	316800	4.600006	4600	""osoba3""
""osoba3""		315.6	315600	316.80002	316800	2.2000122	2200	""osoba3""
""osoba2""		316.80002	316800	324.30002	324300	8.5	8500	""osoba2""
""osoba2""		320.1	320100	324.30002	324300	5.200012	5200	""osoba2""
""osoba3""		320.1	320100	321.0	321000	1.8999939	1899	""osoba3""
""osoba4""		323.7	323700	324.30002	324300	1.6000061	1600	""osoba4""
""osoba1""		324.6	324600	328.2	328200	4.600006	4600	""osoba1""
""osoba1""		326.1	326100	328.2	328200	3.100006	3100	""osoba1""
""osoba1""		327.30002	327300	328.2	328200	1.8999939	1899	""osoba1""
""osoba4""		327.90002	327900	328.80002	328800	1.8999939	1899	""osoba4""
""osoba3""		329.1	329100	332.40002	332400	4.3000183	4300	""osoba3""
""osoba3""		330.90002	330900	332.40002	332400	2.5	2500	""osoba3""
""osoba1""		332.1	332100	333.90002	333900	2.8000183	2800	""osoba1""
""osoba2""		333.6	333600	337.2	337200	4.600006	4600	""osoba2""
""osoba1""		337.2	337200	338.40002	338400	2.2000122	2200	""osoba1""
""osoba3""		337.80002	337800	340.5	340500	3.6999817	3699	""osoba3""
""osoba3""		339.30002	339300	340.5	340500	2.1999817	2199	""osoba3""
""osoba4""		340.5	340500	362.1	362100	22.600006	22600	""osoba4""
""osoba1""		343.2	343200	345.30002	345300	3.100006	3100	""osoba1""
""osoba4""		346.80002	346800	362.1	362100	16.299988	16299	""osoba4""
""osoba4""		348.0	348000	362.1	362100	15.100006	15100	""osoba4""
""osoba4""		348.90002	348900	362.1	362100	14.199982	14199	""osoba4""
""osoba4""		350.1	350100	362.1	362100	13.0	13000	""osoba4""
""osoba4""		353.7	353700	362.1	362100	9.399994	9399	""osoba4""
""osoba4""		354.30002	354300	362.1	362100	8.799988	8799	""osoba4""
""osoba3""		354.90002	354900	360.6	360600	6.6999817	6699	""osoba3""
""osoba3""		359.1	359100	360.6	360600	2.5	2500	""osoba3""
""osoba3""		360.0	360000	360.6	360600	1.6000061	1600	""osoba3""
""osoba4""		360.30002	360300	362.1	362100	2.7999878	2799	""osoba4""
""osoba2""		361.80002	361800	368.40002	368400	7.600006	7600	""osoba2""
""osoba2""		363.0	363000	368.40002	368400	6.4000244	6400	""osoba2""
""osoba2""		364.80002	364800	368.40002	368400	4.600006	4600	""osoba2""
""osoba4""		365.1	365100	379.2	379200	15.100006	15100	""osoba4""
""osoba1""		365.7	365700	368.1	368100	3.399994	3399	""osoba1""
""osoba1""		367.5	367500	368.1	368100	1.6000061	1600	""osoba1""
""osoba4""		367.5	367500	379.2	379200	12.700012	12700	""osoba4""
""osoba2""		367.80002	367800	368.40002	368400	1.6000061	1600	""osoba2""
""osoba4""		369.30002	369300	379.2	379200	10.899994	10899	""osoba4""
""osoba4""		376.2	376200	379.2	379200	4.0	4000	""osoba4""
""osoba2""		376.5	376500	384.0	384000	8.5	8500	""osoba2""
""osoba4""		377.40002	377400	379.2	379200	2.7999878	2799	""osoba4""
""osoba1""		379.2	379200	379.2	379200	1.0	1000	""osoba1""
""osoba2""		380.7	380700	384.0	384000	4.299988	4299	""osoba2""
""osoba2""		382.2	382200	384.0	384000	2.7999878	2799	""osoba2""
""osoba1""		384.0	384000	394.80002	394800	11.800018	11800	""osoba1""
""osoba1""		385.2	385200	394.80002	394800	10.600006	10600	""osoba1""
""osoba1""		389.1	389100	394.80002	394800	6.700012	6700	""osoba1""
""osoba1""		390.6	390600	394.80002	394800	5.200012	5200	""osoba1""
""osoba1""		392.1	392100	394.80002	394800	3.7000122	3700	""osoba1""
""osoba2""		393.00003	393000	393.00003	393000	1.0	1000	""osoba2""
""osoba4""		393.90002	393900	400.2	400200	7.299988	7299	""osoba4""
""osoba4""		396.6	396600	400.2	400200	4.600006	4600	""osoba4""
""osoba2""		396.90002	396900	398.1	398100	2.1999817	2199	""osoba2""
""osoba1""		397.2	397200	401.1	401100	4.899994	4899	""osoba1""
""osoba1""		399.6	399600	401.1	401100	2.5	2500	""osoba1""
""osoba3""		399.90002	399900	405.00003	405000	6.100006	6100	""osoba3""
""osoba4""		399.90002	399900	400.2	400200	1.2999878	1299	""osoba4""
""osoba3""		404.40002	404400	405.00003	405000	1.6000061	1600	""osoba3""
""osoba4""		404.7	404700	423.30002	423300	19.600006	19600	""osoba4""
""osoba2""		405.90002	405900	406.50003	406500	1.6000061	1600	""osoba2""
""osoba4""		406.50003	406500	423.30002	423300	17.799988	17799	""osoba4""
""osoba4""		407.1	407100	423.30002	423300	17.200012	17200	""osoba4""
""osoba2""		409.2	409200	410.1	410100	1.8999939	1899	""osoba2""
""osoba4""		411.00003	411000	423.30002	423300	13.299988	13299	""osoba4""
""osoba4""		412.50003	412500	423.30002	423300	11.799988	11799	""osoba4""
""osoba4""		413.7	413700	423.30002	423300	10.600006	10600	""osoba4""
""osoba1""		414.00003	414000	414.00003	414000	1.0	1000	""osoba1""
""osoba4""		417.30002	417300	423.30002	423300	7.0	7000	""osoba4""
""osoba4""		418.50003	418500	423.30002	423300	5.799988	5799	""osoba4""
""osoba4""		419.40002	419400	423.30002	423300	4.899994	4899	""osoba4""
""osoba4""		422.40002	422400	423.30002	423300	1.8999939	1899	""osoba4""
""osoba3""		423.00003	423000	425.7	425700	3.6999817	3699	""osoba3""
""osoba3""		424.50003	424500	425.7	425700	2.1999817	2199	""osoba3""
""osoba3""		425.7	425700	425.7	425700	1.0	1000	""osoba3""
""osoba4""		426.00003	426000	427.50003	427500	2.5	2500	""osoba4""
""osoba4""		426.90002	426900	427.50003	427500	1.6000061	1600	""osoba4""
""osoba3""		428.40002	428400	438.6	438600	11.199982	11199	""osoba3""
""osoba3""		429.6	429600	438.6	438600	10.0	10000	""osoba3""
""osoba3""		430.2	430200	438.6	438600	9.399994	9399	""osoba3""
""osoba3""		431.7	431700	438.6	438600	7.899994	7899	""osoba3""
""osoba4""		432.30002	432300	432.30002	432300	1.0	1000	""osoba4""
""osoba4""		434.7	434700	436.50003	436500	2.8000183	2800	""osoba4""
""osoba1""		438.6	438600	443.7	443700	6.100006	6100	""osoba1""
""osoba1""		439.50003	439500	443.7	443700	5.1999817	5199	""osoba1""
""osoba1""		440.1	440100	443.7	443700	4.600006	4600	""osoba1""
""osoba3""		443.1	443100	447.6	447600	5.5	5500	""osoba3""
""osoba4""		444.6	444600	483.90002	483900	40.30002	40300	""osoba4""
""osoba4""		446.7	446700	483.90002	483900	38.200012	38200	""osoba4""
""osoba4""		447.6	447600	483.90002	483900	37.30002	37300	""osoba4""
""osoba1""		448.50003	448500	449.1	449100	1.5999756	1599	""osoba1""
""osoba4""		448.80002	448800	483.90002	483900	36.100006	36100	""osoba4""
""osoba4""		450.6	450600	483.90002	483900	34.30002	34300	""osoba4""
""osoba4""		452.1	452100	483.90002	483900	32.80002	32800	""osoba4""
""osoba4""		454.2	454200	483.90002	483900	30.700012	30700	""osoba4""
""osoba4""		455.40002	455400	483.90002	483900	29.5	29500	""osoba4""
""osoba4""		461.40002	461400	483.90002	483900	23.5	23500	""osoba4""
""osoba2""		464.7	464700	464.7	464700	1.0	1000	""osoba2""
""osoba4""		465.90002	465900	483.90002	483900	19.0	19000	""osoba4""
""osoba4""		471.90002	471900	483.90002	483900	13.0	13000	""osoba4""
""osoba4""		472.50003	472500	483.90002	483900	12.399994	12399	""osoba4""
""osoba4""		473.7	473700	483.90002	483900	11.200012	11200	""osoba4""
""osoba4""		475.2	475200	483.90002	483900	9.700012	9700	""osoba4""
""osoba4""		475.80002	475800	483.90002	483900	9.100006	9100	""osoba4""
""osoba4""		477.00003	477000	483.90002	483900	7.899994	7899	""osoba4""
""osoba4""		478.50003	478500	483.90002	483900	6.399994	6399	""osoba4""
""osoba4""		482.1	482100	483.90002	483900	2.8000183	2800	""osoba4""
""osoba4""		482.7	482700	483.90002	483900	2.2000122	2200	""osoba4""
""osoba4""		483.6	483600	483.90002	483900	1.3000183	1300	""osoba4""
""osoba3""		484.2	484200	497.40002	497400	14.200012	14200	""osoba3""
""osoba3""		485.7	485700	497.40002	497400	12.700012	12700	""osoba3""
""osoba3""		486.6	486600	497.40002	497400	11.800018	11800	""osoba3""
""osoba3""		489.00003	489000	497.40002	497400	9.399994	9399	""osoba3""
""osoba1""		489.90002	489900	490.80002	490800	1.8999939	1899	""osoba1""
""osoba3""		489.90002	489900	497.40002	497400	8.5	8500	""osoba3""
""osoba4""		491.1	491100	491.40002	491400	1.3000183	1300	""osoba4""
""osoba3""		494.1	494100	497.40002	497400	4.3000183	4300	""osoba3""
""osoba3""		497.40002	497400	497.40002	497400	1.0	1000	""osoba3""
""osoba1""		497.7	497700	502.80002	502800	6.100006	6100	""osoba1""
""osoba1""		499.50003	499500	502.80002	502800	4.299988	4299	""osoba1""
""osoba3""		501.00003	501000	503.7	503700	3.6999817	3699	""osoba3""
""osoba1""		501.30002	501300	502.80002	502800	2.5	2500	""osoba1""
""osoba1""		501.90002	501900	502.80002	502800	1.8999939	1899	""osoba1""
""osoba3""		502.2	502200	503.7	503700	2.5	2500	""osoba3""
""osoba4""		502.50003	502500	513.30005	513300	11.800018	11800	""osoba4""
""osoba4""		504.30002	504300	513.30005	513300	10.0000305	10000	""osoba4""
""osoba4""		507.30002	507300	513.30005	513300	7.0000305	7000	""osoba4""
""osoba4""		509.1	509100	513.30005	513300	5.2000427	5200	""osoba4""
""osoba3""		512.7	512700	535.80005	535800	24.100037	24100	""osoba3""
""osoba3""		515.4	515400	535.80005	535800	21.400024	21400	""osoba3""
""osoba4""		516.60004	516600	516.60004	516600	1.0	1000	""osoba4""
""osoba3""		519.30005	519300	535.80005	535800	17.5	17500	""osoba3""
""osoba3""		520.2	520200	535.80005	535800	16.600037	16600	""osoba3""
""osoba3""		521.4	521400	535.80005	535800	15.400024	15400	""osoba3""
""osoba2""		522.0	522000	522.30005	522300	1.3000488	1300	""osoba2""
""osoba3""		522.9	522900	535.80005	535800	13.900024	13900	""osoba3""
""osoba4""		522.9	522900	522.9	522900	1.0	1000	""osoba4""
""osoba1""		523.5	523500	524.10004	524100	1.6000366	1600	""osoba1""
""osoba2""		525.0	525000	527.4	527400	3.4000244	3400	""osoba2""
""osoba3""		530.7	530700	535.80005	535800	6.1000366	6100	""osoba3""
""osoba3""		531.30005	531300	535.80005	535800	5.5	5500	""osoba3""
""osoba4""		533.4	533400	555.30005	555300	22.900024	22900	""osoba4""
""osoba3""		534.9	534900	535.80005	535800	1.9000244	1900	""osoba3""
""osoba2""		538.5	538500	542.10004	542100	4.6000366	4600	""osoba2""
""osoba4""		538.5	538500	555.30005	555300	17.800049	17800	""osoba4""
""osoba2""		542.10004	542100	542.10004	542100	1.0	1000	""osoba2""
""osoba4""		542.7	542700	555.30005	555300	13.600037	13600	""osoba4""
""osoba4""		543.9	543900	555.30005	555300	12.400024	12400	""osoba4""
""osoba4""		544.5	544500	555.30005	555300	11.800049	11800	""osoba4""
""osoba3""		547.2	547200	549.0	549000	2.7999878	2799	""osoba3""
""osoba4""		548.10004	548100	555.30005	555300	8.200012	8200	""osoba4""
""osoba1""		550.5	550500	551.10004	551100	1.6000366	1600	""osoba1""
""osoba4""		552.0	552000	555.30005	555300	4.300049	4300	""osoba4""
""osoba4""		552.9	552900	555.30005	555300	3.4000244	3400	""osoba4""
""osoba1""		554.7	554700	560.7	560700	7.0	7000	""osoba1""
""osoba1""		556.5	556500	560.7	560700	5.200012	5200	""osoba1""
""osoba1""		558.0	558000	560.7	560700	3.7000122	3700	""osoba1""
""osoba4""		559.5	559500	573.9	573900	15.400024	15400	""osoba4""
""osoba1""		560.10004	560100	560.7	560700	1.5999756	1599	""osoba1""
""osoba4""		561.60004	561600	573.9	573900	13.299988	13299	""osoba4""
""osoba4""		562.2	562200	573.9	573900	12.700012	12700	""osoba4""
""osoba3""		562.80005	562800	568.2	568200	6.3999634	6399	""osoba3""
""osoba4""		562.80005	562800	573.9	573900	12.099976	12099	""osoba4""
""osoba1""		563.10004	563100	564.9	564900	2.7999878	2799	""osoba1""
""osoba2""		564.60004	564600	564.60004	564600	1.0	1000	""osoba2""
""osoba4""		564.60004	564600	573.9	573900	10.299988	10299	""osoba4""
""osoba1""		564.9	564900	564.9	564900	1.0	1000	""osoba1""
""osoba3""		565.5	565500	568.2	568200	3.7000122	3700	""osoba3""
""osoba4""		565.5	565500	573.9	573900	9.400024	9400	""osoba4""
""osoba3""		567.0	567000	568.2	568200	2.2000122	2200	""osoba3""
""osoba4""		567.30005	567300	573.9	573900	7.5999756	7599	""osoba4""
""osoba4""		569.10004	569100	573.9	573900	5.799988	5799	""osoba4""
""osoba1""		569.7	569700	570.30005	570300	1.6000366	1600	""osoba1""
""osoba4""		572.10004	572100	573.9	573900	2.7999878	2799	""osoba4""
""osoba1""		573.0	573000	573.9	573900	1.9000244	1900	""osoba1""
""osoba3""		573.0	573000	578.7	578700	6.700012	6700	""osoba3""
""osoba1""		573.9	573900	573.9	573900	1.0	1000	""osoba1""
""osoba3""		575.7	575700	578.7	578700	4.0	4000	""osoba3""
""osoba4""		577.80005	577800	584.4	584400	7.5999756	7599	""osoba4""
""osoba1""		579.0	579000	579.0	579000	1.0	1000	""osoba1""
""osoba4""		580.2	580200	584.4	584400	5.200012	5200	""osoba4""
""osoba3""		581.7	581700	583.5	583500	2.7999878	2799	""osoba3""
""osoba4""		582.0	582000	584.4	584400	3.4000244	3400	""osoba4""
""osoba4""		582.60004	582600	584.4	584400	2.7999878	2799	""osoba4""
""osoba2""		583.5	583500	587.4	587400	4.9000244	4900	""osoba2""
""osoba2""		585.30005	585300	587.4	587400	3.0999756	3099	""osoba2""
""osoba3""		586.2	586200	589.2	589200	4.0	4000	""osoba3""
""osoba1""		587.7	587700	587.7	587700	1.0	1000	""osoba1""
""osoba3""		589.2	589200	589.2	589200	1.0	1000	""osoba3""
""osoba4""		589.2	589200	596.4	596400	8.200012	8200	""osoba4""
""osoba4""		590.4	590400	596.4	596400	7.0	7000	""osoba4""
""osoba4""		591.60004	591600	596.4	596400	5.799988	5799	""osoba4""
""osoba1""		592.2	592200	592.5	592500	1.2999878	1299	""osoba1""
""osoba4""		592.5	592500	596.4	596400	4.9000244	4900	""osoba4""
""osoba2""		595.2	595200	595.2	595200	1.0	1000	""osoba2""
""osoba3""		596.10004	596100	609.0	609000	13.899963	13899	""osoba3""
""osoba4""		596.10004	596100	596.4	596400	1.2999878	1299	""osoba4""
""osoba3""		599.7	599700	609.0	609000	10.299988	10299	""osoba3""
""osoba3""		600.30005	600300	609.0	609000	9.699951	9699	""osoba3""
""osoba3""		601.5	601500	609.0	609000	8.5	8500	""osoba3""
""osoba3""		602.10004	602100	609.0	609000	7.8999634	7899	""osoba3""
""osoba3""		602.7	602700	609.0	609000	7.299988	7299	""osoba3""
""osoba2""		603.60004	603600	617.10004	617100	14.5	14500	""osoba2""
""osoba4""		603.9	603900	603.9	603900	1.0	1000	""osoba4""
""osoba1""		604.5	604500	607.2	607200	3.7000122	3700	""osoba1""
""osoba1""		606.9	606900	607.2	607200	1.2999878	1299	""osoba1""
""osoba2""		607.2	607200	617.10004	617100	10.900024	10900	""osoba2""
""osoba2""		610.2	610200	617.10004	617100	7.9000244	7900	""osoba2""
""osoba2""		610.80005	610800	617.10004	617100	7.299988	7299	""osoba2""
""osoba2""		611.4	611400	617.10004	617100	6.700012	6700	""osoba2""
""osoba2""		613.5	613500	617.10004	617100	4.6000366	4600	""osoba2""
""osoba3""		614.4	614400	624.9	624900	11.5	11500	""osoba3""
""osoba2""		615.30005	615300	617.10004	617100	2.7999878	2799	""osoba2""
""osoba1""		616.2	616200	616.5	616500	1.2999878	1299	""osoba1""
""osoba3""		620.10004	620100	624.9	624900	5.799988	5799	""osoba3""
""osoba3""		621.9	621900	624.9	624900	4.0	4000	""osoba3""
""osoba3""		622.5	622500	624.9	624900	3.4000244	3400	""osoba3""
""osoba1""		623.7	623700	627.0	627000	4.299988	4299	""osoba1""
""osoba2""		624.60004	624600	627.60004	627600	4.0	4000	""osoba2""
""osoba3""		624.9	624900	624.9	624900	1.0	1000	""osoba3""
""osoba4""		624.9	624900	625.2	625200	1.2999878	1299	""osoba4""
""osoba4""		627.9	627900	634.2	634200	7.299988	7299	""osoba4""
""osoba4""		629.7	629700	634.2	634200	5.5	5500	""osoba4""
""osoba4""		633.60004	633600	634.2	634200	1.5999756	1599	""osoba4""
""osoba1""		634.2	634200	640.5	640500	7.299988	7299	""osoba1""
""osoba2""		634.80005	634800	645.60004	645600	11.799988	11799	""osoba2""
""osoba4""		640.2	640200	640.5	640500	1.2999878	1299	""osoba4""
""osoba2""		642.30005	642300	645.60004	645600	4.299988	4299	""osoba2""
""osoba4""		642.60004	642600	657.60004	657600	16.0	16000	""osoba4""
""osoba2""		645.30005	645300	645.60004	645600	1.2999878	1299	""osoba2""
""osoba4""		647.10004	647100	657.60004	657600	11.5	11500	""osoba4""
""osoba1""		647.7	647700	648.0	648000	1.2999878	1299	""osoba1""
""osoba4""		651.30005	651300	657.60004	657600	7.299988	7299	""osoba4""
""osoba4""		652.2	652200	657.60004	657600	6.4000244	6400	""osoba4""
""osoba4""		654.9	654900	657.60004	657600	3.7000122	3700	""osoba4""
""osoba2""		657.60004	657600	659.10004	659100	2.5	2500	""osoba2""
""osoba3""		659.4	659400	663.60004	663600	5.200012	5200	""osoba3""
""osoba4""		660.9	660900	661.2	661200	1.2999878	1299	""osoba4""
""osoba3""		662.10004	662100	663.60004	663600	2.5	2500	""osoba3""
""osoba3""		663.0	663000	663.60004	663600	1.6000366	1600	""osoba3""
""osoba1""		663.60004	663600	663.9	663900	1.2999878	1299	""osoba1""
""osoba4""		663.60004	663600	672.30005	672300	9.700012	9700	""osoba4""
""osoba4""		665.7	665700	672.30005	672300	7.6000366	7600	""osoba4""
""osoba4""		666.9	666900	672.30005	672300	6.4000244	6400	""osoba4""
""osoba4""		668.10004	668100	672.30005	672300	5.200012	5200	""osoba4""
""osoba4""		668.7	668700	672.30005	672300	4.6000366	4600	""osoba4""
""osoba2""		670.2	670200	670.80005	670800	1.6000366	1600	""osoba2""
""osoba3""		672.0	672000	672.9	672900	1.9000244	1900	""osoba3""
""osoba4""		672.30005	672300	672.30005	672300	1.0	1000	""osoba4""
""osoba2""		673.2	673200	690.0	690000	17.799988	17799	""osoba2""
""osoba2""		675.0	675000	690.0	690000	16.0	16000	""osoba2""
""osoba2""		677.4	677400	690.0	690000	13.599976	13599	""osoba2""
""osoba2""		678.0	678000	690.0	690000	13.0	13000	""osoba2""
""osoba2""		681.0	681000	690.0	690000	10.0	10000	""osoba2""
""osoba4""		681.0	681000	682.2	682200	2.2000122	2200	""osoba4""
""osoba2""		683.10004	683100	690.0	690000	7.8999634	7899	""osoba2""
""osoba1""		685.2	685200	687.30005	687300	3.1000366	3100	""osoba1""
""osoba3""		687.30005	687300	695.10004	695100	8.799988	8799	""osoba3""
""osoba3""		690.9	690900	695.10004	695100	5.200012	5200	""osoba3""
""osoba3""		692.10004	692100	695.10004	695100	4.0	4000	""osoba3""
""osoba1""		693.9	693900	694.80005	694800	1.9000244	1900	""osoba1""
""osoba4""		695.4	695400	706.80005	706800	12.400024	12400	""osoba4""
""osoba1""		697.2	697200	697.80005	697800	1.6000366	1600	""osoba1""
""osoba2""		697.2	697200	698.4	698400	2.2000122	2200	""osoba2""
""osoba4""		699.9	699900	706.80005	706800	7.9000244	7900	""osoba4""
""osoba4""		701.10004	701100	706.80005	706800	6.700012	6700	""osoba4""
""osoba3""		702.0	702000	702.30005	702300	1.3000488	1300	""osoba3""
""osoba1""		703.5	703500	705.0	705000	2.5	2500	""osoba1""
""osoba4""		703.5	703500	706.80005	706800	4.300049	4300	""osoba4""
""osoba2""		704.7	704700	722.7	722700	19.0	19000	""osoba2""
""osoba4""		705.0	705000	706.80005	706800	2.8000488	2800	""osoba4""
""osoba2""		708.30005	708300	722.7	722700	15.399963	15399	""osoba2""
""osoba2""		711.60004	711600	722.7	722700	12.099976	12099	""osoba2""
""osoba2""		712.2	712200	722.7	722700	11.5	11500	""osoba2""
""osoba2""		712.80005	712800	722.7	722700	10.899963	10899	""osoba2""
""osoba2""		714.30005	714300	722.7	722700	9.399963	9399	""osoba2""
""osoba2""		715.5	715500	722.7	722700	8.200012	8200	""osoba2""
""osoba2""		716.10004	716100	722.7	722700	7.5999756	7599	""osoba2""
""osoba1""		720.0	720000	738.60004	738600	19.600037	19600	""osoba1""
""osoba2""		720.60004	720600	722.7	722700	3.0999756	3099	""osoba2""
""osoba1""		721.5	721500	738.60004	738600	18.100037	18100	""osoba1""
""osoba2""		721.80005	721800	722.7	722700	1.8999634	1899	""osoba2""
""osoba2""		722.7	722700	722.7	722700	1.0	1000	""osoba2""
""osoba1""		725.10004	725100	738.60004	738600	14.5	14500	""osoba1""
""osoba4""		726.0	726000	726.9	726900	1.9000244	1900	""osoba4""
""osoba1""		731.10004	731100	738.60004	738600	8.5	8500	""osoba1""
""osoba1""		731.7	731700	738.60004	738600	7.9000244	7900	""osoba1""
""osoba1""		732.30005	732300	738.60004	738600	7.299988	7299	""osoba1""
""osoba1""		732.9	732900	738.60004	738600	6.700012	6700	""osoba1""
""osoba1""		734.10004	734100	738.60004	738600	5.5	5500	""osoba1""
""osoba1""		735.30005	735300	738.60004	738600	4.299988	4299	""osoba1""
""osoba1""		736.5	736500	738.60004	738600	3.1000366	3100	""osoba1""
""osoba4""		737.7	737700	762.60004	762600	25.900024	25900	""osoba4""
""osoba1""		738.60004	738600	738.60004	738600	1.0	1000	""osoba1""
""osoba4""		740.10004	740100	762.60004	762600	23.5	23500	""osoba4""
""osoba4""		741.0	741000	762.60004	762600	22.600037	22600	""osoba4""
""osoba3""		742.5	742500	743.10004	743100	1.6000366	1600	""osoba3""
""osoba1""		745.2	745200	745.2	745200	1.0	1000	""osoba1""
""osoba4""		746.4	746400	762.60004	762600	17.200012	17200	""osoba4""
""osoba4""		747.30005	747300	762.60004	762600	16.299988	16299	""osoba4""
""osoba4""		748.2	748200	762.60004	762600	15.400024	15400	""osoba4""
""osoba4""		750.30005	750300	762.60004	762600	13.299988	13299	""osoba4""
""osoba4""		751.80005	751800	762.60004	762600	11.799988	11799	""osoba4""
""osoba3""		752.10004	752100	753.0	753000	1.8999634	1899	""osoba3""
""osoba4""		753.60004	753600	762.60004	762600	10.0	10000	""osoba4""
""osoba4""		757.5	757500	762.60004	762600	6.1000366	6100	""osoba4""
""osoba3""		758.10004	758100	758.10004	758100	1.0	1000	""osoba3""
""osoba4""		758.7	758700	762.60004	762600	4.9000244	4900	""osoba4""
""osoba4""		759.30005	759300	762.60004	762600	4.299988	4299	""osoba4""
""osoba4""		760.2	760200	762.60004	762600	3.4000244	3400	""osoba4""
""osoba1""		760.80005	760800	762.0	762000	2.1999512	2199	""osoba1""
""osoba2""		761.10004	761100	771.00006	771000	10.900024	10900	""osoba2""
""osoba3""		761.7	761700	762.30005	762300	1.6000366	1600	""osoba3""
""osoba2""		762.9	762900	771.00006	771000	9.100037	9100	""osoba2""
""osoba3""		766.5	766500	766.80005	766800	1.3000488	1300	""osoba3""
""osoba2""		767.7	767700	771.00006	771000	4.300049	4300	""osoba2""
""osoba1""		768.60004	768600	768.60004	768600	1.0	1000	""osoba1""
""osoba4""		768.60004	768600	769.80005	769800	2.2000122	2200	""osoba4""
""osoba2""		769.2	769200	771.00006	771000	2.8000488	2800	""osoba2""
""osoba1""		771.00006	771000	795.60004	795600	25.599976	25599	""osoba1""
""osoba1""		774.60004	774600	795.60004	795600	22.0	22000	""osoba1""
""osoba2""		774.9	774900	774.9	774900	1.0	1000	""osoba2""
""osoba1""		775.80005	775800	795.60004	795600	20.799988	20799	""osoba1""
""osoba2""		777.00006	777000	778.2	778200	2.1999512	2199	""osoba2""
""osoba1""		777.30005	777300	795.60004	795600	19.299988	19299	""osoba1""
""osoba1""		778.80005	778800	795.60004	795600	17.799988	17799	""osoba1""
""osoba4""		779.4	779400	779.7	779700	1.2999878	1299	""osoba4""
""osoba1""		782.7	782700	795.60004	795600	13.900024	13900	""osoba1""
""osoba1""		783.30005	783300	795.60004	795600	13.299988	13299	""osoba1""
""osoba2""		785.10004	785100	785.10004	785100	1.0	1000	""osoba2""
""osoba4""		785.4	785400	788.10004	788100	3.7000122	3700	""osoba4""
""osoba1""		786.60004	786600	795.60004	795600	10.0	10000	""osoba1""
""osoba4""		787.50006	787500	788.10004	788100	1.5999756	1599	""osoba4""
""osoba1""		788.4	788400	795.60004	795600	8.200012	8200	""osoba1""
""osoba1""		789.00006	789000	795.60004	795600	7.5999756	7599	""osoba1""
""osoba1""		792.60004	792600	795.60004	795600	4.0	4000	""osoba1""
""osoba1""		793.80005	793800	795.60004	795600	2.7999878	2799	""osoba1""
""osoba3""		793.80005	793800	793.80005	793800	1.0	1000	""osoba3""
""osoba4""		794.4	794400	801.00006	801000	7.6000366	7600	""osoba4""
""osoba4""		797.7	797700	801.00006	801000	4.300049	4300	""osoba4""
""osoba4""		798.60004	798600	801.00006	801000	3.4000244	3400	""osoba4""
""osoba2""		799.80005	799800	804.00006	804000	5.200012	5200	""osoba2""
""osoba3""		803.10004	803100	807.60004	807600	5.5	5500	""osoba3""
""osoba3""		805.2	805200	807.60004	807600	3.4000244	3400	""osoba3""
""osoba4""		805.50006	805500	816.60004	816600	12.099976	12099	""osoba4""
""osoba1""		808.80005	808800	809.10004	809100	1.2999878	1299	""osoba1""
""osoba4""		810.00006	810000	816.60004	816600	7.5999756	7599	""osoba4""
""osoba4""		810.60004	810600	816.60004	816600	7.0	7000	""osoba4""
""osoba4""		814.2	814200	816.60004	816600	3.4000244	3400	""osoba4""
""osoba4""		814.80005	814800	816.60004	816600	2.7999878	2799	""osoba4""
""osoba4""		815.7	815700	816.60004	816600	1.9000244	1900	""osoba4""
""osoba3""		816.00006	816000	825.30005	825300	10.299988	10299	""osoba3""
""osoba3""		818.4	818400	825.30005	825300	7.9000244	7900	""osoba3""
""osoba3""		819.9	819900	825.30005	825300	6.4000244	6400	""osoba3""
""osoba3""		822.9	822900	825.30005	825300	3.4000244	3400	""osoba3""
""osoba2""		823.50006	823500	826.50006	826500	4.0	4000	""osoba2""
""osoba3""		823.80005	823800	825.30005	825300	2.5	2500	""osoba3""
""osoba2""		826.50006	826500	826.50006	826500	1.0	1000	""osoba2""
""osoba1""		826.80005	826800	827.4	827400	1.5999756	1599	""osoba1""
""osoba3""		827.4	827400	829.80005	829800	3.4000244	3400	""osoba3""
""osoba4""		830.10004	830100	837.00006	837000	7.9000244	7900	""osoba4""
""osoba2""		832.2	832200	832.2	832200	1.0	1000	""osoba2""
""osoba3""		834.00006	834000	835.50006	835500	2.5	2500	""osoba3""
""osoba1""		836.7	836700	862.50006	862500	26.800049	26800	""osoba1""
""osoba4""		836.7	836700	837.00006	837000	1.3000488	1300	""osoba4""
""osoba1""		838.80005	838800	862.50006	862500	24.700012	24700	""osoba1""
""osoba2""		839.4	839400	840.60004	840600	2.2000122	2200	""osoba2""
""osoba1""		840.60004	840600	862.50006	862500	22.900024	22900	""osoba1""
""osoba2""		840.60004	840600	840.60004	840600	1.0	1000	""osoba2""
""osoba2""		843.00006	843000	844.80005	844800	2.7999878	2799	""osoba2""
""osoba2""		843.60004	843600	844.80005	844800	2.2000122	2200	""osoba2""
""osoba1""		844.2	844200	862.50006	862500	19.300049	19300	""osoba1""
""osoba1""		847.50006	847500	862.50006	862500	16.0	16000	""osoba1""
""osoba3""		849.30005	849300	849.30005	849300	1.0	1000	""osoba3""
""osoba4""		849.30005	849300	850.2	850200	1.8999634	1899	""osoba4""
""osoba1""		850.2	850200	862.50006	862500	13.300049	13300	""osoba1""
""osoba1""		851.4	851400	862.50006	862500	12.100037	12100	""osoba1""
""osoba1""		852.60004	852600	862.50006	862500	10.900024	10900	""osoba1""
""osoba2""		852.9	852900	854.10004	854100	2.2000122	2200	""osoba2""
""osoba3""		853.2	853200	853.2	853200	1.0	1000	""osoba3""
""osoba2""		854.10004	854100	854.10004	854100	1.0	1000	""osoba2""
""osoba1""		854.4	854400	862.50006	862500	9.100037	9100	""osoba1""
""osoba2""		858.00006	858000	858.60004	858600	1.5999756	1599	""osoba2""
""osoba3""		858.60004	858600	858.9	858900	1.2999878	1299	""osoba3""
""osoba1""		859.50006	859500	862.50006	862500	4.0	4000	""osoba1""
""osoba1""		861.00006	861000	862.50006	862500	2.5	2500	""osoba1""
""osoba2""		862.2	862200	870.60004	870600	9.400024	9400	""osoba2""
""osoba1""		862.50006	862500	862.50006	862500	1.0	1000	""osoba1""
""osoba2""		864.30005	864300	870.60004	870600	7.299988	7299	""osoba2""
""osoba2""		866.10004	866100	870.60004	870600	5.5	5500	""osoba2""
""osoba2""		866.7	866700	870.60004	870600	4.9000244	4900	""osoba2""
""osoba3""		867.60004	867600	867.60004	867600	1.0	1000	""osoba3""
""osoba2""		867.9	867900	870.60004	870600	3.7000122	3700	""osoba2""
""osoba2""		868.80005	868800	870.60004	870600	2.7999878	2799	""osoba2""
""osoba2""		869.7	869700	870.60004	870600	1.9000244	1900	""osoba2""
""osoba1""		870.60004	870600	880.80005	880800	11.200012	11200	""osoba1""
""osoba2""		870.60004	870600	870.60004	870600	1.0	1000	""osoba2""
""osoba4""		873.60004	873600	874.80005	874800	2.2000122	2200	""osoba4""
""osoba1""		873.9	873900	880.80005	880800	7.9000244	7900	""osoba1""
""osoba1""		876.60004	876600	880.80005	880800	5.200012	5200	""osoba1""
""osoba2""		877.2	877200	882.9	882900	6.700012	6700	""osoba2""
""osoba1""		878.10004	878100	880.80005	880800	3.7000122	3700	""osoba1""
""osoba2""		878.7	878700	882.9	882900	5.200012	5200	""osoba2""
""osoba4""		881.10004	881100	907.50006	907500	27.400024	27400	""osoba4""
""osoba4""		885.60004	885600	907.50006	907500	22.900024	22900	""osoba4""
""osoba4""		887.7	887700	907.50006	907500	20.800049	20800	""osoba4""
""osoba4""		888.30005	888300	907.50006	907500	20.200012	20200	""osoba4""
""osoba4""		890.10004	890100	907.50006	907500	18.400024	18400	""osoba4""
""osoba4""		891.00006	891000	907.50006	907500	17.5	17500	""osoba4""
""osoba4""		893.10004	893100	907.50006	907500	15.400024	15400	""osoba4""
""osoba4""		894.9	894900	907.50006	907500	13.600037	13600	""osoba4""
""osoba4""		897.9	897900	907.50006	907500	10.600037	10600	""osoba4""
""osoba4""		899.10004	899100	907.50006	907500	9.400024	9400	""osoba4""
""osoba4""		900.00006	900000	907.50006	907500	8.5	8500	""osoba4""
""osoba4""		901.80005	901800	907.50006	907500	6.700012	6700	""osoba4""
""osoba4""		903.9	903900	907.50006	907500	4.6000366	4600	""osoba4""
""osoba1""		904.2	904200	904.80005	904800	1.6000366	1600	""osoba1""
""osoba2""		906.00006	906000	911.4	911400	6.3999634	6399	""osoba2""
""osoba2""		906.60004	906600	911.4	911400	5.799988	5799	""osoba2""
""osoba4""		906.9	906900	907.50006	907500	1.6000366	1600	""osoba4""
""osoba1""		909.9	909900	911.4	911400	2.5	2500	""osoba1""
""osoba1""		911.4	911400	911.4	911400	1.0	1000	""osoba1""
""osoba2""		911.4	911400	911.4	911400	1.0	1000	""osoba2""
""osoba3""		911.4	911400	912.00006	912000	1.6000366	1600	""osoba3""
""osoba4""		911.4	911400	913.50006	913500	3.1000366	3100	""osoba4""
""osoba1""		913.50006	913500	916.2	916200	3.6999512	3699	""osoba1""
""osoba1""		914.7	914700	916.2	916200	2.5	2500	""osoba1""
""osoba3""		915.60004	915600	924.30005	924300	9.700012	9700	""osoba3""
""osoba1""		915.9	915900	916.2	916200	1.2999878	1299	""osoba1""
""osoba1""		918.60004	918600	922.80005	922800	5.200012	5200	""osoba1""
""osoba2""		920.10004	920100	920.10004	920100	1.0	1000	""osoba2""
""osoba3""		924.00006	924000	924.30005	924300	1.2999878	1299	""osoba3""
""osoba4""		924.00006	924000	930.00006	930000	7.0	7000	""osoba4""
""osoba4""		925.80005	925800	930.00006	930000	5.200012	5200	""osoba4""
""osoba4""		926.4	926400	930.00006	930000	4.6000366	4600	""osoba4""
""osoba4""		927.00006	927000	930.00006	930000	4.0	4000	""osoba4""
""osoba4""		927.9	927900	930.00006	930000	3.1000366	3100	""osoba4""
""osoba4""		928.80005	928800	930.00006	930000	2.2000122	2200	""osoba4""
""osoba1""		929.4	929400	939.60004	939600	11.200012	11200	""osoba1""
""osoba1""		931.2	931200	939.60004	939600	9.400024	9400	""osoba1""
""osoba1""		931.80005	931800	939.60004	939600	8.799988	8799	""osoba1""
""osoba2""		931.80005	931800	931.80005	931800	1.0	1000	""osoba2""
""osoba1""		933.30005	933300	939.60004	939600	7.299988	7299	""osoba1""
""osoba1""		934.2	934200	939.60004	939600	6.4000244	6400	""osoba1""
""osoba3""		936.00006	936000	937.80005	937800	2.7999878	2799	""osoba3""
""osoba2""		936.60004	936600	946.80005	946800	11.200012	11200	""osoba2""
""osoba2""		938.10004	938100	946.80005	946800	9.700012	9700	""osoba2""
""osoba1""		938.4	938400	939.60004	939600	2.2000122	2200	""osoba1""
""osoba4""		941.4	941400	941.4	941400	1.0	1000	""osoba4""
""osoba2""		944.7	944700	946.80005	946800	3.1000366	3100	""osoba2""
""osoba4""		946.50006	946500	962.7	962700	17.199951	17199	""osoba4""
""osoba4""		948.60004	948600	962.7	962700	15.099976	15099	""osoba4""
""osoba4""		949.50006	949500	962.7	962700	14.199951	14199	""osoba4""
""osoba4""		951.00006	951000	962.7	962700	12.699951	12699	""osoba4""
""osoba1""		951.60004	951600	951.60004	951600	1.0	1000	""osoba1""
""osoba4""		952.2	952200	962.7	962700	11.5	11500	""osoba4""
""osoba4""		953.7	953700	962.7	962700	10.0	10000	""osoba4""
""osoba1""		954.00006	954000	958.2	958200	5.199951	5199	""osoba1""
""osoba4""		954.9	954900	962.7	962700	8.799988	8799	""osoba4""
""osoba4""		955.50006	955500	962.7	962700	8.199951	8199	""osoba4""
""osoba1""		955.80005	955800	958.2	958200	3.3999634	3399	""osoba1""
""osoba1""		957.60004	957600	958.2	958200	1.5999756	1599	""osoba1""
""osoba4""		959.4	959400	962.7	962700	4.299988	4299	""osoba4""
""osoba3""		960.9	960900	967.80005	967800	7.9000244	7900	""osoba3""
""osoba4""		960.9	960900	962.7	962700	2.7999878	2799	""osoba4""
""osoba1""		963.60004	963600	964.80005	964800	2.2000122	2200	""osoba1""
""osoba3""		966.30005	966300	967.80005	967800	2.5	2500	""osoba3""
""osoba3""		967.2	967200	967.80005	967800	1.6000366	1600	""osoba3""
""osoba4""		968.10004	968100	971.10004	971100	4.0	4000	""osoba4""
""osoba4""		969.60004	969600	971.10004	971100	2.5	2500	""osoba4""
""osoba2""		970.80005	970800	975.00006	975000	5.200012	5200	""osoba2""
""osoba3""		971.7	971700	971.7	971700	1.0	1000	""osoba3""
""osoba2""		973.50006	973500	975.00006	975000	2.5	2500	""osoba2""
""osoba3""		975.00006	975000	994.2	994200	20.199951	20199	""osoba3""
""osoba3""		975.9	975900	994.2	994200	19.299988	19299	""osoba3""
""osoba3""		977.10004	977100	994.2	994200	18.099976	18099	""osoba3""
""osoba2""		977.7	977700	978.60004	978600	1.9000244	1900	""osoba2""
""osoba4""		979.2	979200	981.30005	981300	3.1000366	3100	""osoba4""
""osoba3""		979.50006	979500	994.2	994200	15.699951	15699	""osoba3""
""osoba4""		981.30005	981300	981.30005	981300	1.0	1000	""osoba4""
""osoba1""		981.60004	981600	981.60004	981600	1.0	1000	""osoba1""
""osoba2""		983.4	983400	984.30005	984300	1.9000244	1900	""osoba2""
""osoba3""		983.4	983400	994.2	994200	11.799988	11799	""osoba3""
""osoba3""		987.9	987900	994.2	994200	7.299988	7299	""osoba3""
""osoba3""		989.10004	989100	994.2	994200	6.0999756	6099	""osoba3""
""osoba4""		989.10004	989100	990.60004	990600	2.5	2500	""osoba4""
""osoba2""		989.7	989700	990.00006	990000	1.3000488	1300	""osoba2""
""osoba3""		991.80005	991800	994.2	994200	3.3999634	3399	""osoba3""
""osoba4""		993.9	993900	995.10004	995100	2.2000122	2200	""osoba4""
""osoba3""		994.2	994200	994.2	994200	1.0	1000	""osoba3""
""osoba1""		994.80005	994800	994.80005	994800	1.0	1000	""osoba1""
""osoba2""		995.10004	995100	998.4	998400	4.299988	4299	""osoba2""
""osoba1""		998.4	998400	1001.10004	1001100	3.7000122	3700	""osoba1""
""osoba3""		1000.2	1000200	1008.00006	1008000	8.800049	8800	""osoba3""
""osoba1""		1001.10004	1001100	1001.10004	1001100	1.0	1000	""osoba1""
""osoba3""		1002.30005	1002300	1008.00006	1008000	6.700012	6700	""osoba3""
""osoba3""		1003.50006	1003500	1008.00006	1008000	5.5	5500	""osoba3""
""osoba1""		1005.30005	1005300	1006.80005	1006800	2.5	2500	""osoba1""
""osoba2""		1006.2	1006200	1006.2	1006200	1.0	1000	""osoba2""
""osoba3""		1007.10004	1007100	1008.00006	1008000	1.9000244	1900	""osoba3""
""osoba4""		1007.7	1007700	1049.1001	1049100	42.400085	42400	""osoba4""
""osoba1""		1011.30005	1011300	1012.80005	1012800	2.5	2500	""osoba1""
""osoba4""		1012.2	1012200	1049.1001	1049100	37.900085	37900	""osoba4""
""osoba1""		1012.80005	1012800	1012.80005	1012800	1.0	1000	""osoba1""
""osoba3""		1014.30005	1014300	1015.2	1015200	1.8999634	1899	""osoba3""
""osoba2""		1017.30005	1017300	1023.00006	1023000	6.700012	6700	""osoba2""
""osoba4""		1018.2	1018200	1049.1001	1049100	31.900085	31900	""osoba4""
""osoba2""		1019.10004	1019100	1023.00006	1023000	4.9000244	4900	""osoba2""
""osoba2""		1019.7	1019700	1023.00006	1023000	4.300049	4300	""osoba2""
""osoba4""		1020.30005	1020300	1049.1001	1049100	29.800049	29800	""osoba4""
""osoba4""		1021.2	1021200	1049.1001	1049100	28.900085	28900	""osoba4""
""osoba4""		1022.4	1022400	1049.1001	1049100	27.700073	27700	""osoba4""
""osoba2""		1022.7	1022700	1023.00006	1023000	1.3000488	1300	""osoba2""
""osoba4""		1023.30005	1023300	1049.1001	1049100	26.800049	26800	""osoba4""
""osoba4""		1024.8	1024800	1049.1001	1049100	25.300049	25300	""osoba4""
""osoba1""		1025.7001	1025700	1026.9	1026900	2.1999512	2199	""osoba1""
""osoba4""		1026.9	1026900	1049.1001	1049100	23.200073	23200	""osoba4""
""osoba4""		1029.6001	1029600	1049.1001	1049100	20.5	20500	""osoba4""
""osoba2""		1030.8	1030800	1033.8	1033800	4.0	4000	""osoba2""
""osoba3""		1033.8	1033800	1036.5	1036500	3.6999512	3699	""osoba3""
""osoba4""		1037.7001	1037700	1049.1001	1049100	12.400024	12400	""osoba4""
""osoba4""		1040.7001	1040700	1049.1001	1049100	9.400024	9400	""osoba4""
""osoba2""		1041.9	1041900	1042.2001	1042200	1.3000488	1300	""osoba2""
""osoba4""		1041.9	1041900	1049.1001	1049100	8.200073	8200	""osoba4""
""osoba4""		1043.1001	1043100	1049.1001	1049100	7.0	7000	""osoba4""
""osoba4""		1045.2001	1045200	1049.1001	1049100	4.9000244	4900	""osoba4""
""osoba4""		1045.8	1045800	1049.1001	1049100	4.300049	4300	""osoba4""
""osoba1""		1046.7001	1046700	1059.6001	1059600	13.900024	13900	""osoba1""
""osoba4""		1046.7001	1046700	1049.1001	1049100	3.4000244	3400	""osoba4""
""osoba4""		1048.5	1048500	1049.1001	1049100	1.6000977	1600	""osoba4""
""osoba1""		1049.7001	1049700	1059.6001	1059600	10.900024	10900	""osoba1""
""osoba1""		1050.9	1050900	1059.6001	1059600	9.700073	9700	""osoba1""
""osoba1""		1051.8	1051800	1059.6001	1059600	8.800049	8800	""osoba1""
""osoba1""		1053.3	1053300	1059.6001	1059600	7.300049	7300	""osoba1""
""osoba1""		1053.9	1053900	1059.6001	1059600	6.7000732	6700	""osoba1""
""osoba1""		1056.0	1056000	1059.6001	1059600	4.6000977	4600	""osoba1""
""osoba3""		1056.3	1056300	1059.6001	1059600	4.300049	4300	""osoba3""
""osoba4""		1058.1001	1058100	1074.0	1074000	16.899902	16899	""osoba4""
""osoba2""		1058.4	1058400	1058.4	1058400	1.0	1000	""osoba2""
""osoba3""		1058.7001	1058700	1059.6001	1059600	1.9000244	1900	""osoba3""
""osoba4""		1059.3	1059300	1074.0	1074000	15.699951	15699	""osoba4""
""osoba4""		1060.8	1060800	1074.0	1074000	14.199951	14199	""osoba4""
""osoba4""		1061.4	1061400	1074.0	1074000	13.599976	13599	""osoba4""
""osoba2""		1063.2001	1063200	1065.6001	1065600	3.4000244	3400	""osoba2""
""osoba4""		1066.8	1066800	1074.0	1074000	8.199951	8199	""osoba4""
""osoba4""		1067.7001	1067700	1074.0	1074000	7.2999268	7299	""osoba4""
""osoba4""		1068.9	1068900	1074.0	1074000	6.0999756	6099	""osoba4""
""osoba4""		1069.8	1069800	1074.0	1074000	5.199951	5199	""osoba4""
""osoba4""		1071.0	1071000	1074.0	1074000	4.0	4000	""osoba4""
""osoba4""		1071.6001	1071600	1074.0	1074000	3.3999023	3399	""osoba4""
""osoba3""		1073.7001	1073700	1077.9	1077900	5.199951	5199	""osoba3""
""osoba3""		1075.2001	1075200	1077.9	1077900	3.6999512	3699	""osoba3""
""osoba3""		1075.8	1075800	1077.9	1077900	3.0999756	3099	""osoba3""
""osoba1""		1077.9	1077900	1079.4	1079400	2.5	2500	""osoba1""
""osoba4""		1078.8	1078800	1081.5	1081500	3.6999512	3699	""osoba4""
""osoba4""		1080.3	1080300	1081.5	1081500	2.1999512	2199	""osoba4""
""osoba2""		1081.5	1081500	1090.2001	1090200	9.700073	9700	""osoba2""
""osoba1""		1083.3	1083300	1084.2001	1084200	1.9000244	1900	""osoba1""
""osoba2""		1083.3	1083300	1090.2001	1090200	7.9000244	7900	""osoba2""
""osoba2""		1086.3	1086300	1090.2001	1090200	4.9000244	4900	""osoba2""
""osoba2""		1087.8	1087800	1090.2001	1090200	3.4000244	3400	""osoba2""
""osoba3""		1090.5	1090500	1106.1001	1106100	16.600098	16600	""osoba3""
""osoba3""		1094.7001	1094700	1106.1001	1106100	12.400024	12400	""osoba3""
""osoba4""		1095.3	1095300	1095.3	1095300	1.0	1000	""osoba4""
""osoba3""		1096.5	1096500	1106.1001	1106100	10.600098	10600	""osoba3""
""osoba3""		1097.7001	1097700	1106.1001	1106100	9.400024	9400	""osoba3""
""osoba1""		1098.6001	1098600	1100.4	1100400	2.7999268	2799	""osoba1""
""osoba3""		1099.5	1099500	1106.1001	1106100	7.6000977	7600	""osoba3""
""osoba1""		1100.1001	1100100	1100.4	1100400	1.2999268	1299	""osoba1""
""osoba3""		1102.2001	1102200	1106.1001	1106100	4.9000244	4900	""osoba3""
""osoba3""		1103.4	1103400	1106.1001	1106100	3.7000732	3700	""osoba3""
""osoba1""		1104.6001	1104600	1105.2001	1105200	1.5999756	1599	""osoba1""
""osoba2""		1104.9	1104900	1117.5	1117500	13.599976	13599	""osoba2""
""osoba4""		1104.9	1104900	1105.5	1105500	1.5999756	1599	""osoba4""
""osoba2""		1105.5	1105500	1117.5	1117500	13.0	13000	""osoba2""
""osoba2""		1107.3	1107300	1117.5	1117500	11.199951	11199	""osoba2""
""osoba4""		1108.5	1108500	1108.8	1108800	1.3000488	1300	""osoba4""
""osoba2""		1110.9	1110900	1117.5	1117500	7.5999756	7599	""osoba2""
""osoba1""		1111.5	1111500	1112.4	1112400	1.9000244	1900	""osoba1""
""osoba2""		1111.8	1111800	1117.5	1117500	6.699951	6699	""osoba2""
""osoba4""		1116.9	1116900	1117.8	1117800	1.9000244	1900	""osoba4""
""osoba3""		1117.2001	1117200	1123.8	1123800	7.5999756	7599	""osoba3""
""osoba1""		1118.7001	1118700	1122.6001	1122600	4.9000244	4900	""osoba1""
""osoba2""		1121.4	1121400	1128.9	1128900	8.5	8500	""osoba2""
""osoba1""		1121.7001	1121700	1122.6001	1122600	1.9000244	1900	""osoba1""
""osoba3""		1122.0	1122000	1123.8	1123800	2.8000488	2800	""osoba3""
""osoba4""		1122.9	1122900	1123.8	1123800	1.9000244	1900	""osoba4""
""osoba3""		1126.5	1126500	1131.6001	1131600	6.1000977	6100	""osoba3""
""osoba2""		1127.4	1127400	1128.9	1128900	2.5	2500	""osoba2""
""osoba4""		1130.4	1130400	1130.7001	1130700	1.3000488	1300	""osoba4""
""osoba1""		1132.2001	1132200	1135.2001	1135200	4.0	4000	""osoba1""
""osoba4""		1134.9	1134900	1163.4	1163400	29.5	29500	""osoba4""
""osoba3""		1135.8	1135800	1140.3	1140300	5.5	5500	""osoba3""
""osoba3""		1138.5	1138500	1140.3	1140300	2.8000488	2800	""osoba3""
""osoba4""		1142.1001	1142100	1163.4	1163400	22.299927	22299	""osoba4""
""osoba4""		1143.6001	1143600	1163.4	1163400	20.799927	20799	""osoba4""
""osoba4""		1145.7001	1145700	1163.4	1163400	18.699951	18699	""osoba4""
""osoba4""		1146.3	1146300	1163.4	1163400	18.099976	18099	""osoba4""
""osoba4""		1146.9	1146900	1163.4	1163400	17.5	17500	""osoba4""
""osoba4""		1148.1001	1148100	1163.4	1163400	16.299927	16299	""osoba4""
""osoba4""		1148.7001	1148700	1163.4	1163400	15.699951	15699	""osoba4""
""osoba4""		1150.2001	1150200	1163.4	1163400	14.199951	14199	""osoba4""
""osoba4""		1152.0	1152000	1163.4	1163400	12.400024	12400	""osoba4""
""osoba4""		1155.6001	1155600	1163.4	1163400	8.799927	8799	""osoba4""
""osoba2""		1156.2001	1156200	1157.1001	1157100	1.9000244	1900	""osoba2""
""osoba3""		1158.3	1158300	1158.3	1158300	1.0	1000	""osoba3""
""osoba4""		1161.3	1161300	1163.4	1163400	3.0999756	3099	""osoba4""
""osoba1""		1161.9	1161900	1192.8	1192800	31.900024	31900	""osoba1""
""osoba4""		1162.5	1162500	1163.4	1163400	1.9000244	1900	""osoba4""
""osoba1""		1164.9	1164900	1192.8	1192800	28.900024	28900	""osoba1""
""osoba2""		1169.1001	1169100	1170.6001	1170600	2.5	2500	""osoba2""
""osoba1""		1169.4	1169400	1192.8	1192800	24.400024	24400	""osoba1""
""osoba1""		1174.5	1174500	1192.8	1192800	19.300049	19300	""osoba1""
""osoba1""		1176.3	1176300	1192.8	1192800	17.5	17500	""osoba1""
""osoba1""		1177.8	1177800	1192.8	1192800	16.0	16000	""osoba1""
""osoba2""		1177.8	1177800	1178.4	1178400	1.5999756	1599	""osoba2""
""osoba1""		1181.4	1181400	1192.8	1192800	12.400024	12400	""osoba1""
""osoba1""		1182.3	1182300	1192.8	1192800	11.5	11500	""osoba1""
""osoba3""		1182.3	1182300	1182.3	1182300	1.0	1000	""osoba3""
""osoba1""		1183.5	1183500	1192.8	1192800	10.300049	10300	""osoba1""
""osoba1""		1184.7001	1184700	1192.8	1192800	9.099976	9099	""osoba1""
""osoba1""		1185.6001	1185600	1192.8	1192800	8.199951	8199	""osoba1""
""osoba1""		1186.5	1186500	1192.8	1192800	7.300049	7300	""osoba1""
""osoba1""		1189.5	1189500	1192.8	1192800	4.300049	4300	""osoba1""
""osoba2""		1189.8	1189800	1194.9	1194900	6.0999756	6099	""osoba2""
""osoba3""		1191.9	1191900	1191.9	1191900	1.0	1000	""osoba3""
""osoba1""		1192.2001	1192200	1192.8	1192800	1.5999756	1599	""osoba1""
""osoba2""		1194.6001	1194600	1194.9	1194900	1.2999268	1299	""osoba2""
""osoba3""		1195.2001	1195200	1200.9	1200900	6.699951	6699	""osoba3""
""osoba1""		1195.5	1195500	1197.0	1197000	2.5	2500	""osoba1""
""osoba2""		1197.3	1197300	1199.1001	1199100	2.8000488	2800	""osoba2""
""osoba3""		1200.3	1200300	1200.9	1200900	1.5999756	1599	""osoba3""
""osoba2""		1201.2001	1201200	1205.1001	1205100	4.9000244	4900	""osoba2""
""osoba2""		1202.1001	1202100	1205.1001	1205100	4.0	4000	""osoba2""
""osoba1""		1203.0	1203000	1210.5	1210500	8.5	8500	""osoba1""
""osoba3""		1203.3	1203300	1203.9	1203900	1.5999756	1599	""osoba3""
""osoba1""		1206.0	1206000	1210.5	1210500	5.5	5500	""osoba1""
""osoba3""		1206.6001	1206600	1209.0	1209000	3.3999023	3399	""osoba3""
""osoba2""		1208.4	1208400	1209.9	1209900	2.5	2500	""osoba2""
""osoba4""		1210.8	1210800	1236.0	1236000	26.199951	26199	""osoba4""
""osoba4""		1216.5	1216500	1236.0	1236000	20.5	20500	""osoba4""
""osoba2""		1218.3	1218300	1220.1001	1220100	2.8000488	2800	""osoba2""
""osoba4""		1218.3	1218300	1236.0	1236000	18.699951	18699	""osoba4""
""osoba1""		1218.9	1218900	1221.0	1221000	3.0999756	3099	""osoba1""
""osoba4""		1222.5	1222500	1236.0	1236000	14.5	14500	""osoba4""
""osoba4""		1223.7001	1223700	1236.0	1236000	13.299927	13299	""osoba4""
""osoba4""		1225.2001	1225200	1236.0	1236000	11.799927	11799	""osoba4""
""osoba3""		1229.7001	1229700	1229.7001	1229700	1.0	1000	""osoba3""
""osoba4""		1230.9	1230900	1236.0	1236000	6.0999756	6099	""osoba4""
""osoba4""		1232.4	1232400	1236.0	1236000	4.5999756	4599	""osoba4""
""osoba4""		1236.0	1236000	1236.0	1236000	1.0	1000	""osoba4""
""osoba2""		1236.3	1236300	1247.7001	1247700	12.400024	12400	""osoba2""
""osoba2""		1239.3	1239300	1247.7001	1247700	9.400024	9400	""osoba2""
""osoba2""		1239.9	1239900	1247.7001	1247700	8.800049	8800	""osoba2""
""osoba4""		1240.8	1240800	1242.0	1242000	2.1999512	2199	""osoba4""
""osoba2""		1243.5	1243500	1247.7001	1247700	5.2000732	5200	""osoba2""
""osoba2""		1246.2001	1246200	1247.7001	1247700	2.5	2500	""osoba2""
""osoba1""		1247.1001	1247100	1249.8	1249800	3.6999512	3699	""osoba1""
""osoba1""		1249.2001	1249200	1249.8	1249800	1.5999756	1599	""osoba1""
""osoba4""		1249.8	1249800	1250.1001	1250100	1.3000488	1300	""osoba4""
""osoba3""		1250.4	1250400	1255.5	1255500	6.0999756	6099	""osoba3""
""osoba3""		1251.6001	1251600	1255.5	1255500	4.8999023	4899	""osoba3""
""osoba3""		1252.5	1252500	1255.5	1255500	4.0	4000	""osoba3""
""osoba3""		1254.0	1254000	1255.5	1255500	2.5	2500	""osoba3""
""osoba3""		1254.6001	1254600	1255.5	1255500	1.8999023	1899	""osoba3""
""osoba2""		1255.8	1255800	1268.4	1268400	13.599976	13599	""osoba2""
""osoba3""		1261.2001	1261200	1262.1001	1262100	1.9000244	1900	""osoba3""
""osoba4""		1261.8	1261800	1262.1001	1262100	1.3000488	1300	""osoba4""
""osoba2""		1263.9	1263900	1268.4	1268400	5.5	5500	""osoba2""
""osoba2""		1264.8	1264800	1268.4	1268400	4.5999756	4599	""osoba2""
""osoba3""		1264.8	1264800	1268.4	1268400	4.5999756	4599	""osoba3""
""osoba3""		1267.8	1267800	1268.4	1268400	1.5999756	1599	""osoba3""
""osoba4""		1268.1001	1268100	1275.9	1275900	8.799927	8799	""osoba4""
""osoba4""		1269.9	1269900	1275.9	1275900	7.0	7000	""osoba4""
""osoba4""		1271.1001	1271100	1275.9	1275900	5.7999268	5799	""osoba4""
""osoba4""		1273.5	1273500	1275.9	1275900	3.4000244	3400	""osoba4""
""osoba3""		1274.7001	1274700	1288.2001	1288200	14.5	14500	""osoba3""
""osoba3""		1275.9	1275900	1288.2001	1288200	13.300049	13300	""osoba3""
""osoba2""		1276.5	1276500	1278.3	1278300	2.8000488	2800	""osoba2""
""osoba3""		1279.2001	1279200	1288.2001	1288200	10.0	10000	""osoba3""
""osoba3""		1281.3	1281300	1288.2001	1288200	7.9000244	7900	""osoba3""
""osoba3""		1282.5	1282500	1288.2001	1288200	6.7000732	6700	""osoba3""
""osoba3""		1283.7001	1283700	1288.2001	1288200	5.5	5500	""osoba3""
""osoba3""		1286.7001	1286700	1288.2001	1288200	2.5	2500	""osoba3""
""osoba3""		1287.6001	1287600	1288.2001	1288200	1.5999756	1599	""osoba3""
""osoba2""		1288.2001	1288200	1296.0	1296000	8.799927	8799	""osoba2""
""osoba2""		1292.1001	1292100	1296.0	1296000	4.8999023	4899	""osoba2""
""osoba3""		1292.7001	1292700	1296.6001	1296600	4.9000244	4900	""osoba3""
""osoba2""		1293.3	1293300	1296.0	1296000	3.6999512	3699	""osoba2""
""osoba2""		1293.9	1293900	1296.0	1296000	3.0999756	3099	""osoba2""
""osoba3""		1294.5	1294500	1296.6001	1296600	3.1000977	3100	""osoba3""
""osoba1""		1295.1001	1295100	1340.7001	1340700	46.599976	46599	""osoba1""
""osoba1""		1297.8	1297800	1340.7001	1340700	43.900024	43900	""osoba1""
""osoba1""		1299.6001	1299600	1340.7001	1340700	42.099976	42099	""osoba1""
""osoba3""		1301.4	1301400	1302.0	1302000	1.5999756	1599	""osoba3""
""osoba1""		1302.9	1302900	1340.7001	1340700	38.80005	38800	""osoba1""
""osoba4""		1302.9	1302900	1303.2001	1303200	1.3000488	1300	""osoba4""
""osoba1""		1303.5	1303500	1340.7001	1340700	38.200073	38200	""osoba1""
""osoba2""		1304.7001	1304700	1305.0	1305000	1.2999268	1299	""osoba2""
""osoba1""		1305.9	1305900	1340.7001	1340700	35.80005	35800	""osoba1""
""osoba1""		1308.9	1308900	1340.7001	1340700	32.80005	32800	""osoba1""
""osoba1""		1312.5	1312500	1340.7001	1340700	29.200073	29200	""osoba1""
""osoba1""		1313.7001	1313700	1340.7001	1340700	28.0	28000	""osoba1""
""osoba3""		1314.6001	1314600	1316.4	1316400	2.7999268	2799	""osoba3""
""osoba1""		1318.2001	1318200	1340.7001	1340700	23.5	23500	""osoba1""
""osoba1""		1319.4	1319400	1340.7001	1340700	22.300049	22300	""osoba1""
""osoba1""		1321.2001	1321200	1340.7001	1340700	20.5	20500	""osoba1""
""osoba4""		1321.5	1321500	1322.7001	1322700	2.2000732	2200	""osoba4""
""osoba3""		1322.7001	1322700	1325.1001	1325100	3.4000244	3400	""osoba3""
""osoba2""		1326.0	1326000	1326.0	1326000	1.0	1000	""osoba2""
""osoba1""		1327.5	1327500	1340.7001	1340700	14.200073	14200	""osoba1""
""osoba1""		1328.7001	1328700	1340.7001	1340700	13.0	13000	""osoba1""
""osoba4""		1329.9	1329900	1329.9	1329900	1.0	1000	""osoba4""
""osoba1""		1330.2001	1330200	1340.7001	1340700	11.5	11500	""osoba1""
""osoba1""		1332.0	1332000	1340.7001	1340700	9.700073	9700	""osoba1""
""osoba4""		1332.0	1332000	1332.0	1332000	1.0	1000	""osoba4""
""osoba1""		1332.9	1332900	1340.7001	1340700	8.800049	8800	""osoba1""
""osoba1""		1334.1001	1334100	1340.7001	1340700	7.5999756	7599	""osoba1""
""osoba3""		1334.7001	1334700	1334.7001	1334700	1.0	1000	""osoba3""
""osoba1""		1336.2001	1336200	1340.7001	1340700	5.5	5500	""osoba1""
""osoba3""		1338.9	1338900	1340.4	1340400	2.5	2500	""osoba3""
""osoba4""		1340.1001	1340100	1345.2001	1345200	6.0999756	6099	""osoba4""
""osoba2""		1340.4	1340400	1340.7001	1340700	1.3000488	1300	""osoba2""
""osoba4""		1341.0	1341000	1345.2001	1345200	5.2000732	5200	""osoba4""
""osoba4""		1342.5	1342500	1345.2001	1345200	3.7000732	3700	""osoba4""
""osoba4""		1344.6001	1344600	1345.2001	1345200	1.5999756	1599	""osoba4""
""osoba2""		1345.2001	1345200	1350.6001	1350600	6.4000244	6400	""osoba2""
""osoba2""		1346.4	1346400	1350.6001	1350600	5.2000732	5200	""osoba2""
""osoba2""		1347.3	1347300	1350.6001	1350600	4.300049	4300	""osoba2""
""osoba2""		1348.8	1348800	1350.6001	1350600	2.8000488	2800	""osoba2""
""osoba2""		1350.3	1350300	1350.6001	1350600	1.3000488	1300	""osoba2""
""osoba1""		1350.9	1350900	1352.7001	1352700	2.8000488	2800	""osoba1""
""osoba1""		1351.8	1351800	1352.7001	1352700	1.9000244	1900	""osoba1""
""osoba1""		1352.4	1352400	1352.7001	1352700	1.3000488	1300	""osoba1""
""osoba4""		1353.0	1353000	1362.3	1362300	10.300049	10300	""osoba4""
""osoba4""		1353.9	1353900	1362.3	1362300	9.400024	9400	""osoba4""
""osoba4""		1355.1001	1355100	1362.3	1362300	8.199951	8199	""osoba4""
""osoba4""		1356.0	1356000	1362.3	1362300	7.300049	7300	""osoba4""
""osoba4""		1359.3	1359300	1362.3	1362300	4.0	4000	""osoba4""
""osoba1""		1361.4	1361400	1369.2001	1369200	8.800049	8800	""osoba1""
""osoba2""		1362.9	1362900	1363.5	1363500	1.5999756	1599	""osoba2""
""osoba1""		1366.2001	1366200	1369.2001	1369200	4.0	4000	""osoba1""
""osoba1""		1366.8	1366800	1369.2001	1369200	3.4000244	3400	""osoba1""
""osoba3""		1368.6001	1368600	1380.3	1380300	12.699951	12699	""osoba3""
""osoba3""		1371.3	1371300	1380.3	1380300	10.0	10000	""osoba3""
""osoba3""		1373.4	1373400	1380.3	1380300	7.9000244	7900	""osoba3""
""osoba4""		1379.4	1379400	1383.0	1383000	4.5999756	4599	""osoba4""
""osoba4""		1382.4	1382400	1383.0	1383000	1.5999756	1599	""osoba4""
""osoba4""		1383.0	1383000	1383.0	1383000	1.0	1000	""osoba4""
""osoba3""		1383.6001	1383600	1389.3	1389300	6.699951	6699	""osoba3""
""osoba3""		1385.7001	1385700	1389.3	1389300	4.5999756	4599	""osoba3""
""osoba1""		1387.2001	1387200	1391.4	1391400	5.199951	5199	""osoba1""
""osoba2""		1388.4	1388400	1406.7001	1406700	19.300049	19300	""osoba2""
""osoba2""		1392.9	1392900	1406.7001	1406700	14.800049	14800	""osoba2""
""osoba2""		1394.1001	1394100	1406.7001	1406700	13.599976	13599	""osoba2""
""osoba2""		1396.2001	1396200	1406.7001	1406700	11.5	11500	""osoba2""
""osoba3""		1397.1001	1397100	1397.1001	1397100	1.0	1000	""osoba3""
""osoba2""		1398.9	1398900	1406.7001	1406700	8.800049	8800	""osoba2""
""osoba2""		1399.8	1399800	1406.7001	1406700	7.9000244	7900	""osoba2""
""osoba2""		1401.3	1401300	1406.7001	1406700	6.4000244	6400	""osoba2""
""osoba3""		1401.3	1401300	1401.3	1401300	1.0	1000	""osoba3""
""osoba2""		1403.7001	1403700	1406.7001	1406700	4.0	4000	""osoba2""
""osoba2""		1404.9	1404900	1406.7001	1406700	2.8000488	2800	""osoba2""
""osoba2""		1406.4	1406400	1406.7001	1406700	1.3000488	1300	""osoba2""
""osoba1""		1407.0	1407000	1409.7001	1409700	3.7000732	3700	""osoba1""
""osoba3""		1407.9	1407900	1419.6001	1419600	12.700073	12700	""osoba3""
""osoba4""		1410.6001	1410600	1410.6001	1410600	1.0	1000	""osoba4""
""osoba3""		1411.2001	1411200	1419.6001	1419600	9.400024	9400	""osoba3""
""osoba3""		1413.3	1413300	1419.6001	1419600	7.300049	7300	""osoba3""
""osoba3""		1414.2001	1414200	1419.6001	1419600	6.4000244	6400	""osoba3""
""osoba2""		1415.1001	1415100	1416.9	1416900	2.7999268	2799	""osoba2""
""osoba3""		1416.0	1416000	1419.6001	1419600	4.6000977	4600	""osoba3""
""osoba2""		1416.9	1416900	1416.9	1416900	1.0	1000	""osoba2""
""osoba3""		1417.5	1417500	1419.6001	1419600	3.1000977	3100	""osoba3""
""osoba4""		1418.4	1418400	1418.7001	1418700	1.3000488	1300	""osoba4""
""osoba1""		1419.3	1419300	1426.2001	1426200	7.9000244	7900	""osoba1""
""osoba1""		1420.8	1420800	1426.2001	1426200	6.4000244	6400	""osoba1""
""osoba1""		1424.1001	1424100	1426.2001	1426200	3.0999756	3099	""osoba1""
""osoba1""		1424.7001	1424700	1426.2001	1426200	2.5	2500	""osoba1""
""osoba3""		1425.6001	1425600	1426.2001	1426200	1.5999756	1599	""osoba3""
""osoba2""		1425.9	1425900	1426.5	1426500	1.5999756	1599	""osoba2""
""osoba4""		1426.5	1426500	1432.2001	1432200	6.7000732	6700	""osoba4""
""osoba4""		1428.3	1428300	1432.2001	1432200	4.9000244	4900	""osoba4""
""osoba4""		1430.4	1430400	1432.2001	1432200	2.8000488	2800	""osoba4""
""osoba2""		1430.7001	1430700	1441.5	1441500	11.799927	11799	""osoba2""
""osoba3""		1431.3	1431300	1432.2001	1432200	1.9000244	1900	""osoba3""
""osoba4""		1434.3	1434300	1435.2001	1435200	1.9000244	1900	""osoba4""
""osoba2""		1436.4	1436400	1441.5	1441500	6.0999756	6099	""osoba2""
""osoba2""		1437.6001	1437600	1441.5	1441500	4.8999023	4899	""osoba2""
""osoba4""		1438.2001	1438200	1456.5	1456500	19.299927	19299	""osoba4""
""osoba2""		1438.5	1438500	1441.5	1441500	4.0	4000	""osoba2""
""osoba1""		1438.8	1438800	1440.9	1440900	3.0999756	3099	""osoba1""
""osoba2""		1440.3	1440300	1441.5	1441500	2.1999512	2199	""osoba2""
""osoba3""		1440.3	1440300	1440.6001	1440600	1.3000488	1300	""osoba3""
""osoba4""		1443.6001	1443600	1456.5	1456500	13.899902	13899	""osoba4""
""osoba1""		1444.2001	1444200	1444.8	1444800	1.5999756	1599	""osoba1""
""osoba2""		1447.8	1447800	1447.8	1447800	1.0	1000	""osoba2""
""osoba4""		1448.7001	1448700	1456.5	1456500	8.799927	8799	""osoba4""
""osoba4""		1450.2001	1450200	1456.5	1456500	7.2999268	7299	""osoba4""
""osoba4""		1451.1001	1451100	1456.5	1456500	6.3999023	6399	""osoba4""
""osoba2""		1451.4	1451400	1451.4	1451400	1.0	1000	""osoba2""
""osoba4""		1452.6001	1452600	1456.5	1456500	4.8999023	4899	""osoba4""
""osoba1""		1456.5	1456500	1461.0	1461000	5.5	5500	""osoba1""
""osoba4""		1456.5	1456500	1456.5	1456500	1.0	1000	""osoba4""
""osoba1""		1458.0	1458000	1461.0	1461000	4.0	4000	""osoba1""
""osoba1""		1459.5	1459500	1461.0	1461000	2.5	2500	""osoba1""
""osoba4""		1460.4	1460400	1486.2001	1486200	26.800049	26800	""osoba4""
""osoba1""		1460.7001	1460700	1461.0	1461000	1.2999268	1299	""osoba1""
""osoba4""		1461.9	1461900	1486.2001	1486200	25.300049	25300	""osoba4""
""osoba2""		1462.2001	1462200	1463.1001	1463100	1.9000244	1900	""osoba2""
""osoba4""		1464.6001	1464600	1486.2001	1486200	22.599976	22599	""osoba4""
""osoba4""		1466.7001	1466700	1486.2001	1486200	20.5	20500	""osoba4""
""osoba4""		1467.3	1467300	1486.2001	1486200	19.900024	19900	""osoba4""
""osoba4""		1470.6001	1470600	1486.2001	1486200	16.599976	16599	""osoba4""
""osoba4""		1472.1001	1472100	1486.2001	1486200	15.099976	15099	""osoba4""
""osoba1""		1472.7001	1472700	1474.2001	1474200	2.5	2500	""osoba1""
""osoba4""		1473.6001	1473600	1486.2001	1486200	13.599976	13599	""osoba4""
""osoba4""		1475.7001	1475700	1486.2001	1486200	11.5	11500	""osoba4""
""osoba3""		1479.0	1479000	1479.0	1479000	1.0	1000	""osoba3""
""osoba4""		1479.0	1479000	1486.2001	1486200	8.200073	8200	""osoba4""
""osoba4""		1480.2001	1480200	1486.2001	1486200	7.0	7000	""osoba4""
""osoba4""		1481.1001	1481100	1486.2001	1486200	6.0999756	6099	""osoba4""
""osoba1""		1484.1001	1484100	1494.9	1494900	11.799927	11799	""osoba1""
""osoba4""		1485.0	1485000	1486.2001	1486200	2.2000732	2200	""osoba4""
""osoba4""		1485.6001	1485600	1486.2001	1486200	1.5999756	1599	""osoba4""
""osoba1""		1487.4	1487400	1494.9	1494900	8.5	8500	""osoba1""
""osoba1""		1488.0	1488000	1494.9	1494900	7.9000244	7900	""osoba1""
""osoba1""		1488.6001	1488600	1494.9	1494900	7.2999268	7299	""osoba1""
""osoba1""		1490.4	1490400	1494.9	1494900	5.5	5500	""osoba1""
""osoba1""		1491.0	1491000	1494.9	1494900	4.9000244	4900	""osoba1""
""osoba1""		1492.2001	1492200	1494.9	1494900	3.6999512	3699	""osoba1""
""osoba3""		1493.1001	1493100	1495.8	1495800	3.6999512	3699	""osoba3""
""osoba2""		1494.6001	1494600	1500.0	1500000	6.3999023	6399	""osoba2""
""osoba4""		1494.6001	1494600	1494.9	1494900	1.2999268	1299	""osoba4""
""osoba1""		1494.9	1494900	1494.9	1494900	1.0	1000	""osoba1""
""osoba2""		1496.7001	1496700	1500.0	1500000	4.2999268	4299	""osoba2""
""osoba2""		1499.4	1499400	1500.0	1500000	1.5999756	1599	""osoba2""
""osoba3""		1499.7001	1499700	1509.6001	1509600	10.900024	10900	""osoba3""
""osoba4""		1499.7001	1499700	1501.5	1501500	2.7999268	2799	""osoba4""
""osoba3""		1501.5	1501500	1509.6001	1509600	9.100098	9100	""osoba3""
""osoba4""		1501.5	1501500	1501.5	1501500	1.0	1000	""osoba4""
""osoba2""		1502.1001	1502100	1503.6001	1503600	2.5	2500	""osoba2""
""osoba3""		1505.7001	1505700	1509.6001	1509600	4.9000244	4900	""osoba3""
""osoba4""		1509.9	1509900	1509.9	1509900	1.0	1000	""osoba4""
""osoba1""		1510.2001	1510200	1512.3	1512300	3.0999756	3099	""osoba1""
""osoba2""		1511.7001	1511700	1517.7001	1517700	7.0	7000	""osoba2""
""osoba1""		1512.3	1512300	1512.3	1512300	1.0	1000	""osoba1""
""osoba2""		1512.9	1512900	1517.7001	1517700	5.800049	5800	""osoba2""
""osoba3""		1513.5	1513500	1514.7001	1514700	2.2000732	2200	""osoba3""
""osoba2""		1515.6001	1515600	1517.7001	1517700	3.0999756	3099	""osoba2""
""osoba2""		1516.2001	1516200	1517.7001	1517700	2.5	2500	""osoba2""
""osoba4""		1516.8	1516800	1521.6001	1521600	5.800049	5800	""osoba4""
""osoba2""		1517.4	1517400	1517.7001	1517700	1.3000488	1300	""osoba2""
""osoba3""		1518.6001	1518600	1519.2001	1519200	1.5999756	1599	""osoba3""
""osoba4""		1518.9	1518900	1521.6001	1521600	3.7000732	3700	""osoba4""
""osoba2""		1520.1001	1520100	1525.2001	1525200	6.0999756	6099	""osoba2""
""osoba1""		1520.4	1520400	1520.4	1520400	1.0	1000	""osoba1""
""osoba4""		1520.7001	1520700	1521.6001	1521600	1.9000244	1900	""osoba4""
""osoba2""		1523.4	1523400	1525.2001	1525200	2.8000488	2800	""osoba2""
""osoba2""		1524.0	1524000	1525.2001	1525200	2.2000732	2200	""osoba2""
""osoba1""		1524.6001	1524600	1524.6001	1524600	1.0	1000	""osoba1""
""osoba2""		1524.6001	1524600	1525.2001	1525200	1.5999756	1599	""osoba2""
""osoba4""		1525.2001	1525200	1527.0	1527000	2.7999268	2799	""osoba4""
""osoba4""		1526.1001	1526100	1527.0	1527000	1.8999023	1899	""osoba4""
""osoba3""		1527.0	1527000	1538.1001	1538100	12.100098	12100	""osoba3""
""osoba2""		1527.3	1527300	1529.1001	1529100	2.8000488	2800	""osoba2""
""osoba3""		1528.8	1528800	1538.1001	1538100	10.300049	10300	""osoba3""
""osoba3""		1530.6001	1530600	1538.1001	1538100	8.5	8500	""osoba3""
""osoba3""		1531.8	1531800	1538.1001	1538100	7.300049	7300	""osoba3""
""osoba3""		1533.6001	1533600	1538.1001	1538100	5.5	5500	""osoba3""
""osoba3""		1534.2001	1534200	1538.1001	1538100	4.9000244	4900	""osoba3""
""osoba4""		1534.8	1534800	1540.8	1540800	7.0	7000	""osoba4""
""osoba2""		1539.3	1539300	1539.3	1539300	1.0	1000	""osoba2""
""osoba4""		1539.6001	1539600	1540.8	1540800	2.1999512	2199	""osoba4""
""osoba1""		1540.2001	1540200	1546.2001	1546200	7.0	7000	""osoba1""
""osoba1""		1542.6001	1542600	1546.2001	1546200	4.5999756	4599	""osoba1""
""osoba1""		1545.9	1545900	1546.2001	1546200	1.3000488	1300	""osoba1""
""osoba2""		1545.9	1545900	1548.6001	1548600	3.7000732	3700	""osoba2""
""osoba2""		1547.7001	1547700	1548.6001	1548600	1.9000244	1900	""osoba2""
""osoba3""		1548.0001	1548000	1550.7001	1550700	3.6999512	3699	""osoba3""
""osoba3""		1549.8	1549800	1550.7001	1550700	1.9000244	1900	""osoba3""
""osoba4""		1551.6001	1551600	1561.2001	1561200	10.599976	10599	""osoba4""
""osoba4""		1552.5001	1552500	1561.2001	1561200	9.699951	9699	""osoba4""
""osoba4""		1553.1001	1553100	1561.2001	1561200	9.099976	9099	""osoba4""
""osoba4""		1556.4	1556400	1561.2001	1561200	5.800049	5800	""osoba4""
""osoba4""		1559.4	1559400	1561.2001	1561200	2.8000488	2800	""osoba4""
""osoba3""		1560.6001	1560600	1578.0001	1578000	18.400024	18400	""osoba3""
""osoba2""		1562.7001	1562700	1563.9	1563900	2.1999512	2199	""osoba2""
""osoba3""		1562.7001	1562700	1578.0001	1578000	16.300049	16300	""osoba3""
""osoba3""		1564.2001	1564200	1578.0001	1578000	14.800049	14800	""osoba3""
""osoba3""		1567.2001	1567200	1578.0001	1578000	11.800049	11800	""osoba3""
""osoba3""		1569.0001	1569000	1578.0001	1578000	10.0	10000	""osoba3""
""osoba3""		1570.5001	1570500	1578.0001	1578000	8.5	8500	""osoba3""
""osoba3""		1571.7001	1571700	1578.0001	1578000	7.300049	7300	""osoba3""
""osoba3""		1573.5001	1573500	1578.0001	1578000	5.5	5500	""osoba3""
""osoba3""		1574.1001	1574100	1578.0001	1578000	4.9000244	4900	""osoba3""
""osoba2""		1576.2001	1576200	1584.6001	1584600	9.400024	9400	""osoba2""
""osoba4""		1577.7001	1577700	1578.0001	1578000	1.3000488	1300	""osoba4""
""osoba2""		1579.2001	1579200	1584.6001	1584600	6.4000244	6400	""osoba2""
""osoba1""		1581.0001	1581000	1581.0001	1581000	1.0	1000	""osoba1""
""osoba3""		1584.9	1584900	1597.2001	1597200	13.300049	13300	""osoba3""
""osoba3""		1586.7001	1586700	1597.2001	1597200	11.5	11500	""osoba3""
""osoba2""		1588.2001	1588200	1590.0001	1590000	2.8000488	2800	""osoba2""
""osoba3""		1588.2001	1588200	1597.2001	1597200	10.0	10000	""osoba3""
""osoba1""		1590.6001	1590600	1590.9	1590900	1.2999268	1299	""osoba1""
""osoba3""		1591.2001	1591200	1597.2001	1597200	7.0	7000	""osoba3""
""osoba3""		1592.7001	1592700	1597.2001	1597200	5.5	5500	""osoba3""
""osoba4""		1596.9	1596900	1599.9	1599900	4.0	4000	""osoba4""
""osoba4""		1597.8	1597800	1599.9	1599900	3.0999756	3099	""osoba4""
""osoba4""		1599.3	1599300	1599.9	1599900	1.5999756	1599	""osoba4""
""osoba3""		1599.9	1599900	1601.4	1601400	2.5	2500	""osoba3""
""osoba1""		1601.4	1601400	1606.8	1606800	6.4000244	6400	""osoba1""
""osoba4""		1602.9	1602900	1604.7001	1604700	2.8000488	2800	""osoba4""
""osoba4""		1603.8	1603800	1604.7001	1604700	1.9000244	1900	""osoba4""
""osoba1""		1604.1001	1604100	1606.8	1606800	3.6999512	3699	""osoba1""
""osoba3""		1605.3	1605300	1620.3	1620300	16.0	16000	""osoba3""
""osoba1""		1606.2001	1606200	1606.8	1606800	1.5999756	1599	""osoba1""
""osoba4""		1607.4	1607400	1608.6001	1608600	2.2000732	2200	""osoba4""
""osoba3""		1609.5001	1609500	1620.3	1620300	11.799927	11799	""osoba3""
""osoba3""		1612.5001	1612500	1620.3	1620300	8.799927	8799	""osoba3""
""osoba3""		1613.7001	1613700	1620.3	1620300	7.5999756	7599	""osoba3""
""osoba3""		1614.6001	1614600	1620.3	1620300	6.699951	6699	""osoba3""
""osoba3""		1615.2001	1615200	1620.3	1620300	6.0999756	6099	""osoba3""
""osoba3""		1616.7001	1616700	1620.3	1620300	4.5999756	4599	""osoba3""
""osoba3""		1617.3	1617300	1620.3	1620300	4.0	4000	""osoba3""
""osoba4""		1618.2001	1618200	1620.3	1620300	3.0999756	3099	""osoba4""
""osoba3""		1618.8	1618800	1620.3	1620300	2.5	2500	""osoba3""
""osoba4""		1619.1001	1619100	1620.3	1620300	2.1999512	2199	""osoba4""
""osoba3""		1619.7001	1619700	1620.3	1620300	1.5999756	1599	""osoba3""
""osoba4""		1620.0001	1620000	1620.3	1620300	1.2999268	1299	""osoba4""
