"default"		0.0	0	1.0	1000	1.0	1000	BEGIN
"default"		1620.3	1620300	1620.31	1621300	1.0	1000	END
""osoba2""		7.2000003	7200	8.700001	8700	2.5000005	2500	""osoba2""
""osoba3""		7.8	7800	22.800001	22800	16.0	16000	""osoba3""
""osoba3""		10.200001	10200	22.800001	22800	13.6	13600	""osoba3""
""osoba3""		11.700001	11700	22.800001	22800	12.1	12100	""osoba3""
""osoba3""		13.8	13800	22.800001	22800	10.000001	10000	""osoba3""
""osoba2""		16.2	16200	16.5	16500	1.2999992	1299	""osoba2""
""osoba3""		19.5	19500	22.800001	22800	4.300001	4300	""osoba3""
""osoba3""		21.300001	21300	22.800001	22800	2.5	2500	""osoba3""
""osoba3""		22.5	22500	22.800001	22800	1.3000011	1300	""osoba3""
""osoba4""		22.800001	22800	30.6	30600	8.799999	8799	""osoba4""
""osoba2""		23.7	23700	26.7	26700	4.0	4000	""osoba2""
""osoba4""		24.0	24000	30.6	30600	7.6000004	7600	""osoba4""
""osoba1""		24.6	24600	36.9	36900	13.300001	13300	""osoba1""
""osoba2""		26.1	26100	26.7	26700	1.6000004	1600	""osoba2""
""osoba1""		27.300001	27300	36.9	36900	10.6	10600	""osoba1""
""osoba1""		27.900002	27900	36.9	36900	10.0	10000	""osoba1""
""osoba4""		28.500002	28500	30.6	30600	3.0999985	3099	""osoba4""
""osoba1""		35.7	35700	36.9	36900	2.2000008	2200	""osoba1""
""osoba4""		36.600002	36600	73.8	73800	38.2	38200	""osoba4""
""osoba1""		36.9	36900	36.9	36900	1.0	1000	""osoba1""
""osoba2""		37.2	37200	37.2	37200	1.0	1000	""osoba2""
""osoba3""		38.7	38700	38.7	38700	1.0	1000	""osoba3""
""osoba4""		39.0	39000	73.8	73800	35.800003	35800	""osoba4""
""osoba1""		41.4	41400	42.300003	42300	1.9000015	1900	""osoba1""
""osoba3""		41.4	41400	43.5	43500	3.0999985	3099	""osoba3""
""osoba4""		44.7	44700	73.8	73800	30.100002	30100	""osoba4""
""osoba4""		45.600002	45600	73.8	73800	29.2	29200	""osoba4""
""osoba4""		46.2	46200	73.8	73800	28.600002	28600	""osoba4""
""osoba1""		46.5	46500	48.9	48900	3.4000015	3400	""osoba1""
""osoba1""		48.300003	48300	48.9	48900	1.5999985	1599	""osoba1""
""osoba4""		49.800003	49800	73.8	73800	25.0	25000	""osoba4""
""osoba4""		51.600002	51600	73.8	73800	23.2	23200	""osoba4""
""osoba4""		52.2	52200	73.8	73800	22.600002	22600	""osoba4""
""osoba4""		54.300003	54300	73.8	73800	20.5	20500	""osoba4""
""osoba4""		57.000004	57000	73.8	73800	17.8	17800	""osoba4""
""osoba4""		58.2	58200	73.8	73800	16.600002	16600	""osoba4""
""osoba2""		61.800003	61800	62.7	62700	1.8999977	1899	""osoba2""
""osoba4""		64.5	64500	73.8	73800	10.300003	10300	""osoba4""
""osoba4""		67.200005	67200	73.8	73800	7.5999985	7599	""osoba4""
""osoba4""		68.4	68400	73.8	73800	6.4000015	6400	""osoba4""
""osoba4""		69.9	69900	73.8	73800	4.9000015	4900	""osoba4""
""osoba4""		71.4	71400	73.8	73800	3.4000015	3400	""osoba4""
""osoba3""		71.700005	71700	81.3	81300	10.599998	10599	""osoba3""
""osoba4""		72.3	72300	73.8	73800	2.5	2500	""osoba4""
""osoba4""		73.5	73500	73.8	73800	1.300003	1300	""osoba4""
""osoba3""		74.100006	74100	81.3	81300	8.199997	8199	""osoba3""
""osoba3""		75.3	75300	81.3	81300	7.0	7000	""osoba3""
""osoba3""		77.4	77400	81.3	81300	4.9000015	4900	""osoba3""
""osoba1""		79.5	79500	79.5	79500	1.0	1000	""osoba1""
""osoba3""		79.8	79800	81.3	81300	2.5	2500	""osoba3""
""osoba2""		81.3	81300	84.3	84300	4.0	4000	""osoba2""
""osoba1""		84.0	84000	87.0	87000	4.0	4000	""osoba1""
""osoba2""		84.3	84300	84.3	84300	1.0	1000	""osoba2""
""osoba2""		87.0	87000	102.3	102300	16.300003	16300	""osoba2""
""osoba2""		88.5	88500	102.3	102300	14.800003	14800	""osoba2""
""osoba2""		89.100006	89100	102.3	102300	14.199997	14199	""osoba2""
""osoba2""		90.0	90000	102.3	102300	13.300003	13300	""osoba2""
""osoba2""		91.5	91500	102.3	102300	11.800003	11800	""osoba2""
""osoba2""		93.600006	93600	102.3	102300	9.699997	9699	""osoba2""
""osoba2""		95.4	95400	102.3	102300	7.9000015	7900	""osoba2""
""osoba2""		96.600006	96600	102.3	102300	6.699997	6699	""osoba2""
""osoba2""		97.50001	97500	102.3	102300	5.7999954	5799	""osoba2""
""osoba2""		98.4	98400	102.3	102300	4.9000015	4900	""osoba2""
""osoba2""		100.8	100800	102.3	102300	2.5	2500	""osoba2""
""osoba2""		102.00001	102000	102.3	102300	1.2999954	1299	""osoba2""
""osoba1""		102.600006	102600	120.9	120900	19.299995	19299	""osoba1""
""osoba1""		104.100006	104100	120.9	120900	17.799995	17799	""osoba1""
""osoba3""		104.100006	104100	105.9	105900	2.7999954	2799	""osoba3""
""osoba3""		105.9	105900	105.9	105900	1.0	1000	""osoba3""
""osoba1""		107.100006	107100	120.9	120900	14.799995	14799	""osoba1""
""osoba1""		109.8	109800	120.9	120900	12.099998	12099	""osoba1""
""osoba3""		110.4	110400	111.600006	111600	2.2000046	2200	""osoba3""
""osoba1""		111.3	111300	120.9	120900	10.599998	10599	""osoba1""
""osoba1""		113.100006	113100	120.9	120900	8.799995	8799	""osoba1""
""osoba1""		114.3	114300	120.9	120900	7.5999985	7599	""osoba1""
""osoba1""		117.600006	117600	120.9	120900	4.2999954	4299	""osoba1""
""osoba1""		118.200005	118200	120.9	120900	3.699997	3699	""osoba1""
""osoba1""		120.600006	120600	120.9	120900	1.2999954	1299	""osoba1""
""osoba2""		120.9	120900	123.00001	123000	3.100006	3100	""osoba2""
""osoba2""		122.100006	122100	123.00001	123000	1.9000015	1900	""osoba2""
""osoba3""		122.700005	122700	131.70001	131700	10.000008	10000	""osoba3""
""osoba3""		123.9	123900	131.70001	131700	8.800011	8800	""osoba3""
""osoba1""		129.0	129000	130.5	130500	2.5	2500	""osoba1""
""osoba3""		129.0	129000	131.70001	131700	3.7000122	3700	""osoba3""
""osoba2""		131.70001	131700	134.1	134100	3.399994	3399	""osoba2""
""osoba1""		133.8	133800	142.8	142800	10.0	10000	""osoba1""
""osoba4""		135.3	135300	135.3	135300	1.0	1000	""osoba4""
""osoba1""		137.1	137100	142.8	142800	6.699997	6699	""osoba1""
""osoba1""		137.70001	137700	142.8	142800	6.099991	6099	""osoba1""
""osoba1""		140.1	140100	142.8	142800	3.699997	3699	""osoba1""
""osoba2""		141.3	141300	150.6	150600	10.300003	10300	""osoba2""
""osoba1""		141.90001	141900	142.8	142800	1.8999939	1899	""osoba1""
""osoba2""		142.20001	142200	150.6	150600	9.399994	9399	""osoba2""
""osoba2""		143.70001	143700	150.6	150600	7.899994	7899	""osoba2""
""osoba2""		145.20001	145200	150.6	150600	6.399994	6399	""osoba2""
""osoba1""		146.70001	146700	147.6	147600	1.8999939	1899	""osoba1""
""osoba1""		150.3	150300	152.1	152100	2.800003	2800	""osoba1""
""osoba3""		152.1	152100	153.90001	153900	2.800003	2800	""osoba3""
""osoba2""		153.0	153000	162.90001	162900	10.900009	10900	""osoba2""
""osoba1""		156.0	156000	157.5	157500	2.5	2500	""osoba1""
""osoba4""		156.0	156000	157.5	157500	2.5	2500	""osoba4""
""osoba2""		158.1	158100	162.90001	162900	5.800003	5800	""osoba2""
""osoba2""		159.3	159300	162.90001	162900	4.600006	4600	""osoba2""
""osoba3""		160.8	160800	171.0	171000	11.199997	11199	""osoba3""
""osoba2""		162.3	162300	162.90001	162900	1.6000061	1600	""osoba2""
""osoba3""		162.3	162300	171.0	171000	9.699997	9699	""osoba3""
""osoba3""		165.3	165300	171.0	171000	6.699997	6699	""osoba3""
""osoba3""		166.20001	166200	171.0	171000	5.799988	5799	""osoba3""
""osoba3""		168.0	168000	171.0	171000	4.0	4000	""osoba3""
""osoba3""		168.90001	168900	171.0	171000	3.0999908	3099	""osoba3""
""osoba2""		170.70001	170700	181.20001	181200	11.5	11500	""osoba2""
""osoba2""		171.6	171600	181.20001	181200	10.600006	10600	""osoba2""
""osoba2""		174.90001	174900	181.20001	181200	7.300003	7300	""osoba2""
""osoba4""		175.5	175500	175.5	175500	1.0	1000	""osoba4""
""osoba2""		176.40001	176400	181.20001	181200	5.800003	5800	""osoba2""
""osoba2""		177.90001	177900	181.20001	181200	4.300003	4300	""osoba2""
""osoba1""		179.40001	179400	197.1	197100	18.699997	18699	""osoba1""
""osoba2""		180.6	180600	181.20001	181200	1.6000061	1600	""osoba2""
""osoba1""		182.40001	182400	197.1	197100	15.699997	15699	""osoba1""
""osoba1""		183.0	183000	197.1	197100	15.100006	15100	""osoba1""
""osoba4""		183.6	183600	183.90001	183900	1.300003	1300	""osoba4""
""osoba1""		186.6	186600	197.1	197100	11.5	11500	""osoba1""
""osoba1""		192.3	192300	197.1	197100	5.800003	5800	""osoba1""
""osoba1""		192.90001	192900	197.1	197100	5.199997	5199	""osoba1""
""osoba1""		193.8	193800	197.1	197100	4.300003	4300	""osoba1""
""osoba1""		195.90001	195900	197.1	197100	2.199997	2199	""osoba1""
""osoba2""		197.40001	197400	226.8	226800	30.399994	30399	""osoba2""
""osoba2""		199.8	199800	226.8	226800	28.0	28000	""osoba2""
""osoba4""		201.3	201300	201.3	201300	1.0	1000	""osoba4""
""osoba1""		202.50002	202500	202.50002	202500	1.0	1000	""osoba1""
""osoba2""		202.8	202800	226.8	226800	25.0	25000	""osoba2""
""osoba2""		203.40001	203400	226.8	226800	24.399994	24399	""osoba2""
""osoba2""		205.50002	205500	226.8	226800	22.299988	22299	""osoba2""
""osoba2""		206.40001	206400	226.8	226800	21.399994	21399	""osoba2""
""osoba2""		209.1	209100	226.8	226800	18.699997	18699	""osoba2""
""osoba2""		211.50002	211500	226.8	226800	16.299988	16299	""osoba2""
""osoba1""		212.40001	212400	216.00002	216000	4.600006	4600	""osoba1""
""osoba1""		214.20001	214200	216.00002	216000	2.800003	2800	""osoba1""
""osoba1""		216.00002	216000	216.00002	216000	1.0	1000	""osoba1""
""osoba3""		216.3	216300	216.3	216300	1.0	1000	""osoba3""
""osoba2""		220.50002	220500	226.8	226800	7.299988	7299	""osoba2""
""osoba2""		222.3	222300	226.8	226800	5.5	5500	""osoba2""
""osoba1""		223.20001	223200	229.8	229800	7.599991	7599	""osoba1""
""osoba1""		225.00002	225000	229.8	229800	5.799988	5799	""osoba1""
""osoba2""		225.90001	225900	226.8	226800	1.8999939	1899	""osoba2""
""osoba3""		229.20001	229200	230.1	230100	1.8999939	1899	""osoba3""
""osoba3""		230.1	230100	230.1	230100	1.0	1000	""osoba3""
""osoba4""		230.1	230100	242.1	242100	13.0	13000	""osoba4""
""osoba4""		231.6	231600	242.1	242100	11.5	11500	""osoba4""
""osoba4""		233.1	233100	242.1	242100	10.0	10000	""osoba4""
""osoba1""		234.00002	234000	235.20001	235200	2.199997	2199	""osoba1""
""osoba4""		237.00002	237000	242.1	242100	6.099991	6099	""osoba4""
""osoba4""		237.90001	237900	242.1	242100	5.199997	5199	""osoba4""
""osoba1""		240.90001	240900	244.8	244800	4.899994	4899	""osoba1""
""osoba4""		241.8	241800	242.1	242100	1.300003	1300	""osoba4""
""osoba2""		244.8	244800	260.1	260100	16.300003	16300	""osoba2""
""osoba2""		246.3	246300	260.1	260100	14.800003	14800	""osoba2""
""osoba4""		246.6	246600	247.8	247800	2.199997	2199	""osoba4""
""osoba1""		248.1	248100	248.1	248100	1.0	1000	""osoba1""
""osoba3""		250.8	250800	252.90001	252900	3.100006	3100	""osoba3""
""osoba2""		253.20001	253200	260.1	260100	7.899994	7899	""osoba2""
""osoba2""		255.90001	255900	260.1	260100	5.199997	5199	""osoba2""
""osoba3""		256.80002	256800	266.7	266700	10.899994	10899	""osoba3""
""osoba4""		257.40002	257400	257.7	257700	1.2999878	1299	""osoba4""
""osoba3""		258.90002	258900	266.7	266700	8.799988	8799	""osoba3""
""osoba3""		261.30002	261300	266.7	266700	6.399994	6399	""osoba3""
""osoba3""		264.0	264000	266.7	266700	3.7000122	3700	""osoba3""
""osoba3""		266.1	266100	266.7	266700	1.6000061	1600	""osoba3""
""osoba2""		266.40002	266400	284.1	284100	18.699982	18699	""osoba2""
""osoba2""		268.2	268200	284.1	284100	16.899994	16899	""osoba2""
""osoba2""		269.40002	269400	284.1	284100	15.699982	15699	""osoba2""
""osoba2""		273.90002	273900	284.1	284100	11.199982	11199	""osoba2""
""osoba2""		274.5	274500	284.1	284100	10.600006	10600	""osoba2""
""osoba2""		275.40002	275400	284.1	284100	9.699982	9699	""osoba2""
""osoba2""		279.90002	279900	284.1	284100	5.1999817	5199	""osoba2""
""osoba2""		280.80002	280800	284.1	284100	4.299988	4299	""osoba2""
""osoba2""		282.0	282000	284.1	284100	3.100006	3100	""osoba2""
""osoba2""		282.6	282600	284.1	284100	2.5	2500	""osoba2""
""osoba1""		283.2	283200	287.7	287700	5.5	5500	""osoba1""
""osoba4""		284.1	284100	285.30002	285300	2.2000122	2200	""osoba4""
""osoba4""		288.0	288000	294.0	294000	7.0	7000	""osoba4""
""osoba4""		292.5	292500	294.0	294000	2.5	2500	""osoba4""
""osoba1""		293.1	293100	300.30002	300300	8.200012	8200	""osoba1""
""osoba2""		294.0	294000	294.0	294000	1.0	1000	""osoba2""
""osoba1""		300.0	300000	300.30002	300300	1.3000183	1300	""osoba1""
""osoba2""		300.0	300000	302.7	302700	3.7000122	3700	""osoba2""
""osoba2""		301.80002	301800	302.7	302700	1.8999939	1899	""osoba2""
""osoba1""		302.7	302700	307.2	307200	5.5	5500	""osoba1""
""osoba1""		304.2	304200	307.2	307200	4.0	4000	""osoba1""
""osoba1""		305.1	305100	307.2	307200	3.100006	3100	""osoba1""
""osoba3""		305.1	305100	344.40002	344400	40.30002	40300	""osoba3""
""osoba3""		305.7	305700	344.40002	344400	39.700012	39700	""osoba3""
""osoba1""		306.0	306000	307.2	307200	2.2000122	2200	""osoba1""
""osoba2""		311.40002	311400	312.6	312600	2.1999817	2199	""osoba2""
""osoba3""		315.0	315000	344.40002	344400	30.400024	30400	""osoba3""
""osoba3""		316.2	316200	344.40002	344400	29.200012	29200	""osoba3""
""osoba3""		316.80002	316800	344.40002	344400	28.600006	28600	""osoba3""
""osoba3""		318.0	318000	344.40002	344400	27.400024	27400	""osoba3""
""osoba3""		318.6	318600	344.40002	344400	26.800018	26800	""osoba3""
""osoba3""		320.1	320100	344.40002	344400	25.300018	25300	""osoba3""
""osoba3""		320.7	320700	344.40002	344400	24.700012	24700	""osoba3""
""osoba3""		321.6	321600	344.40002	344400	23.800018	23800	""osoba3""
""osoba3""		324.30002	324300	344.40002	344400	21.100006	21100	""osoba3""
""osoba1""		325.80002	325800	326.1	326100	1.2999878	1299	""osoba1""
""osoba3""		326.1	326100	344.40002	344400	19.300018	19300	""osoba3""
""osoba3""		331.2	331200	344.40002	344400	14.200012	14200	""osoba3""
""osoba1""		332.1	332100	335.40002	335400	4.3000183	4300	""osoba1""
""osoba1""		332.7	332700	335.40002	335400	3.7000122	3700	""osoba1""
""osoba3""		333.30002	333300	344.40002	344400	12.100006	12100	""osoba3""
""osoba2""		337.2	337200	337.80002	337800	1.6000061	1600	""osoba2""
""osoba3""		340.5	340500	344.40002	344400	4.9000244	4900	""osoba3""
""osoba1""		340.80002	340800	345.90002	345900	6.100006	6100	""osoba1""
""osoba4""		345.0	345000	348.6	348600	4.600006	4600	""osoba4""
""osoba4""		347.1	347100	348.6	348600	2.5	2500	""osoba4""
""osoba2""		347.7	347700	363.0	363000	16.299988	16299	""osoba2""
""osoba2""		350.1	350100	363.0	363000	13.899994	13899	""osoba2""
""osoba2""		352.80002	352800	363.0	363000	11.199982	11199	""osoba2""
""osoba2""		354.30002	354300	363.0	363000	9.699982	9699	""osoba2""
""osoba2""		359.1	359100	363.0	363000	4.899994	4899	""osoba2""
""osoba4""		360.30002	360300	372.0	372000	12.699982	12699	""osoba4""
""osoba4""		366.0	366000	372.0	372000	7.0	7000	""osoba4""
""osoba4""		366.6	366600	372.0	372000	6.399994	6399	""osoba4""
""osoba4""		367.5	367500	372.0	372000	5.5	5500	""osoba4""
""osoba4""		368.1	368100	372.0	372000	4.899994	4899	""osoba4""
""osoba4""		369.6	369600	372.0	372000	3.399994	3399	""osoba4""
""osoba4""		370.5	370500	372.0	372000	2.5	2500	""osoba4""
""osoba1""		370.80002	370800	376.5	376500	6.6999817	6699	""osoba1""
""osoba1""		373.5	373500	376.5	376500	4.0	4000	""osoba1""
""osoba1""		375.6	375600	376.5	376500	1.8999939	1899	""osoba1""
""osoba4""		376.2	376200	399.30002	399300	24.100006	24100	""osoba4""
""osoba3""		376.80002	376800	376.80002	376800	1.0	1000	""osoba3""
""osoba4""		377.7	377700	399.30002	399300	22.600006	22600	""osoba4""
""osoba2""		378.6	378600	378.6	378600	1.0	1000	""osoba2""
""osoba4""		380.1	380100	399.30002	399300	20.200012	20200	""osoba4""
""osoba4""		380.7	380700	399.30002	399300	19.600006	19600	""osoba4""
""osoba4""		382.80002	382800	399.30002	399300	17.5	17500	""osoba4""
""osoba4""		384.6	384600	399.30002	399300	15.700012	15700	""osoba4""
""osoba3""		387.30002	387300	388.50003	388500	2.2000122	2200	""osoba3""
""osoba4""		390.6	390600	399.30002	399300	9.700012	9700	""osoba4""
""osoba2""		391.50003	391500	392.40002	392400	1.8999939	1899	""osoba2""
""osoba2""		395.40002	395400	396.00003	396000	1.6000061	1600	""osoba2""
""osoba4""		397.80002	397800	399.30002	399300	2.5	2500	""osoba4""
""osoba3""		399.00003	399000	412.2	412200	14.199982	14199	""osoba3""
""osoba3""		399.90002	399900	412.2	412200	13.299988	13299	""osoba3""
""osoba3""		402.30002	402300	412.2	412200	10.899994	10899	""osoba3""
""osoba3""		404.7	404700	412.2	412200	8.5	8500	""osoba3""
""osoba1""		405.90002	405900	406.80002	406800	1.8999939	1899	""osoba1""
""osoba3""		406.80002	406800	412.2	412200	6.399994	6399	""osoba3""
""osoba3""		407.40002	407400	412.2	412200	5.799988	5799	""osoba3""
""osoba3""		410.1	410100	412.2	412200	3.100006	3100	""osoba3""
""osoba1""		411.90002	411900	417.90002	417900	7.0	7000	""osoba1""
""osoba3""		412.2	412200	412.2	412200	1.0	1000	""osoba3""
""osoba1""		413.1	413100	417.90002	417900	5.8000183	5800	""osoba1""
""osoba1""		415.80002	415800	417.90002	417900	3.100006	3100	""osoba1""
""osoba1""		416.7	416700	417.90002	417900	2.2000122	2200	""osoba1""
""osoba4""		417.30002	417300	418.50003	418500	2.2000122	2200	""osoba4""
""osoba2""		417.90002	417900	425.40002	425400	8.5	8500	""osoba2""
""osoba2""		420.00003	420000	425.40002	425400	6.399994	6399	""osoba2""
""osoba3""		420.30002	420300	420.90002	420900	1.6000061	1600	""osoba3""
""osoba2""		422.40002	422400	425.40002	425400	4.0	4000	""osoba2""
""osoba1""		423.6	423600	431.7	431700	9.100006	9100	""osoba1""
""osoba2""		423.6	423600	425.40002	425400	2.8000183	2800	""osoba2""
""osoba1""		427.2	427200	431.7	431700	5.5	5500	""osoba1""
""osoba1""		429.00003	429000	431.7	431700	3.6999817	3699	""osoba1""
""osoba1""		430.80002	430800	431.7	431700	1.8999939	1899	""osoba1""
""osoba4""		432.00003	432000	432.30002	432300	1.2999878	1299	""osoba4""
""osoba2""		432.30002	432300	438.90002	438900	7.600006	7600	""osoba2""
""osoba2""		434.7	434700	438.90002	438900	5.200012	5200	""osoba2""
""osoba4""		435.6	435600	441.6	441600	7.0	7000	""osoba4""
""osoba1""		437.7	437700	437.7	437700	1.0	1000	""osoba1""
""osoba1""		441.6	441600	455.1	455100	14.5	14500	""osoba1""
""osoba4""		441.6	441600	441.6	441600	1.0	1000	""osoba4""
""osoba1""		443.40002	443400	455.1	455100	12.699982	12699	""osoba1""
""osoba1""		446.40002	446400	455.1	455100	9.699982	9699	""osoba1""
""osoba1""		447.90002	447900	455.1	455100	8.199982	8199	""osoba1""
""osoba1""		449.1	449100	455.1	455100	7.0	7000	""osoba1""
""osoba1""		451.80002	451800	455.1	455100	4.299988	4299	""osoba1""
""osoba2""		453.6	453600	459.6	459600	7.0	7000	""osoba2""
""osoba2""		455.40002	455400	459.6	459600	5.1999817	5199	""osoba2""
""osoba4""		455.7	455700	455.7	455700	1.0	1000	""osoba4""
""osoba2""		457.50003	457500	459.6	459600	3.0999756	3099	""osoba2""
""osoba1""		459.30002	459300	467.1	467100	8.799988	8799	""osoba1""
""osoba1""		460.2	460200	467.1	467100	7.899994	7899	""osoba1""
""osoba1""		464.7	464700	467.1	467100	3.399994	3399	""osoba1""
""osoba1""		466.50003	466500	467.1	467100	1.5999756	1599	""osoba1""
""osoba4""		466.50003	466500	476.40002	476400	10.899994	10899	""osoba4""
""osoba4""		468.00003	468000	476.40002	476400	9.399994	9399	""osoba4""
""osoba4""		469.2	469200	476.40002	476400	8.200012	8200	""osoba4""
""osoba2""		470.1	470100	470.40002	470400	1.3000183	1300	""osoba2""
""osoba4""		470.40002	470400	476.40002	476400	7.0	7000	""osoba4""
""osoba4""		471.30002	471300	476.40002	476400	6.100006	6100	""osoba4""
""osoba3""		471.90002	471900	472.80002	472800	1.8999939	1899	""osoba3""
""osoba1""		473.40002	473400	475.80002	475800	3.399994	3399	""osoba1""
""osoba4""		475.2	475200	476.40002	476400	2.2000122	2200	""osoba4""
""osoba1""		475.80002	475800	475.80002	475800	1.0	1000	""osoba1""
""osoba2""		476.40002	476400	486.6	486600	11.199982	11199	""osoba2""
""osoba4""		476.40002	476400	476.40002	476400	1.0	1000	""osoba4""
""osoba2""		477.30002	477300	486.6	486600	10.299988	10299	""osoba2""
""osoba2""		478.80002	478800	486.6	486600	8.799988	8799	""osoba2""
""osoba1""		479.7	479700	479.7	479700	1.0	1000	""osoba1""
""osoba2""		480.6	480600	486.6	486600	7.0	7000	""osoba2""
""osoba2""		481.50003	481500	486.6	486600	6.0999756	6099	""osoba2""
""osoba2""		483.30002	483300	486.6	486600	4.299988	4299	""osoba2""
""osoba2""		484.2	484200	486.6	486600	3.399994	3399	""osoba2""
""osoba2""		485.40002	485400	486.6	486600	2.1999817	2199	""osoba2""
""osoba4""		485.7	485700	492.90002	492900	8.200012	8200	""osoba4""
""osoba4""		487.80002	487800	492.90002	492900	6.100006	6100	""osoba4""
""osoba4""		488.40002	488400	492.90002	492900	5.5	5500	""osoba4""
""osoba4""		489.6	489600	492.90002	492900	4.3000183	4300	""osoba4""
""osoba4""		490.80002	490800	492.90002	492900	3.100006	3100	""osoba4""
""osoba1""		491.1	491100	528.9	528900	38.80002	38800	""osoba1""
""osoba1""		493.80002	493800	528.9	528900	36.100006	36100	""osoba1""
""osoba1""		499.80002	499800	528.9	528900	30.100006	30100	""osoba1""
""osoba1""		502.50003	502500	528.9	528900	27.399994	27399	""osoba1""
""osoba1""		503.40002	503400	528.9	528900	26.5	26500	""osoba1""
""osoba2""		503.7	503700	506.1	506100	3.399994	3399	""osoba2""
""osoba1""		507.00003	507000	528.9	528900	22.899994	22899	""osoba1""
""osoba3""		507.30002	507300	509.40002	509400	3.100006	3100	""osoba3""
""osoba1""		510.30002	510300	528.9	528900	19.600006	19600	""osoba1""
""osoba1""		512.10004	512100	528.9	528900	17.799988	17799	""osoba1""
""osoba1""		512.7	512700	528.9	528900	17.200012	17200	""osoba1""
""osoba1""		513.9	513900	528.9	528900	16.0	16000	""osoba1""
""osoba1""		514.5	514500	528.9	528900	15.400024	15400	""osoba1""
""osoba4""		519.30005	519300	519.30005	519300	1.0	1000	""osoba4""
""osoba2""		521.4	521400	522.30005	522300	1.9000244	1900	""osoba2""
""osoba1""		524.10004	524100	528.9	528900	5.799988	5799	""osoba1""
""osoba1""		526.5	526500	528.9	528900	3.4000244	3400	""osoba1""
""osoba1""		528.60004	528600	528.9	528900	1.2999878	1299	""osoba1""
""osoba4""		529.5	529500	562.80005	562800	34.30005	34300	""osoba4""
""osoba4""		532.2	532200	562.80005	562800	31.600037	31600	""osoba4""
""osoba1""		533.7	533700	534.30005	534300	1.6000366	1600	""osoba1""
""osoba1""		534.30005	534300	534.30005	534300	1.0	1000	""osoba1""
""osoba2""		536.4	536400	536.4	536400	1.0	1000	""osoba2""
""osoba1""		537.60004	537600	538.5	538500	1.8999634	1899	""osoba1""
""osoba4""		540.30005	540300	562.80005	562800	23.5	23500	""osoba4""
""osoba1""		546.30005	546300	549.60004	549600	4.299988	4299	""osoba1""
""osoba4""		547.5	547500	562.80005	562800	16.300049	16300	""osoba4""
""osoba1""		548.7	548700	549.60004	549600	1.9000244	1900	""osoba1""
""osoba4""		549.0	549000	562.80005	562800	14.800049	14800	""osoba4""
""osoba4""		552.9	552900	562.80005	562800	10.900024	10900	""osoba4""
""osoba3""		555.9	555900	558.30005	558300	3.4000244	3400	""osoba3""
""osoba4""		555.9	555900	562.80005	562800	7.9000244	7900	""osoba4""
""osoba4""		556.80005	556800	562.80005	562800	7.0	7000	""osoba4""
""osoba4""		557.4	557400	562.80005	562800	6.4000244	6400	""osoba4""
""osoba3""		557.7	557700	558.30005	558300	1.6000366	1600	""osoba3""
""osoba4""		560.10004	560100	562.80005	562800	3.7000122	3700	""osoba4""
""osoba1""		561.60004	561600	561.60004	561600	1.0	1000	""osoba1""
""osoba3""		561.60004	561600	573.0	573000	12.399963	12399	""osoba3""
""osoba3""		565.80005	565800	573.0	573000	8.199951	8199	""osoba3""
""osoba3""		567.9	567900	573.0	573000	6.0999756	6099	""osoba3""
""osoba1""		568.80005	568800	577.2	577200	9.399963	9399	""osoba1""
""osoba3""		571.5	571500	573.0	573000	2.5	2500	""osoba3""
""osoba1""		574.80005	574800	577.2	577200	3.3999634	3399	""osoba1""
""osoba1""		575.7	575700	577.2	577200	2.5	2500	""osoba1""
""osoba3""		575.7	575700	581.4	581400	6.700012	6700	""osoba3""
""osoba3""		578.10004	578100	581.4	581400	4.299988	4299	""osoba3""
""osoba3""		579.0	579000	581.4	581400	3.4000244	3400	""osoba3""
""osoba4""		579.0	579000	579.0	579000	1.0	1000	""osoba4""
""osoba3""		580.2	580200	581.4	581400	2.2000122	2200	""osoba3""
""osoba3""		581.4	581400	581.4	581400	1.0	1000	""osoba3""
""osoba1""		581.7	581700	582.0	582000	1.2999878	1299	""osoba1""
""osoba2""		582.0	582000	601.80005	601800	20.800049	20800	""osoba2""
""osoba2""		584.10004	584100	601.80005	601800	18.700012	18700	""osoba2""
""osoba1""		585.30005	585300	585.60004	585600	1.2999878	1299	""osoba1""
""osoba2""		585.30005	585300	601.80005	601800	17.5	17500	""osoba2""
""osoba2""		589.2	589200	601.80005	601800	13.600037	13600	""osoba2""
""osoba2""		590.7	590700	601.80005	601800	12.100037	12100	""osoba2""
""osoba2""		591.9	591900	601.80005	601800	10.900024	10900	""osoba2""
""osoba3""		593.10004	593100	593.10004	593100	1.0	1000	""osoba3""
""osoba2""		595.2	595200	601.80005	601800	7.6000366	7600	""osoba2""
""osoba2""		597.60004	597600	601.80005	601800	5.200012	5200	""osoba2""
""osoba2""		598.80005	598800	601.80005	601800	4.0	4000	""osoba2""
""osoba3""		599.7	599700	601.80005	601800	3.1000366	3100	""osoba3""
""osoba1""		600.0	600000	614.4	614400	15.400024	15400	""osoba1""
""osoba4""		600.30005	600300	600.60004	600600	1.2999878	1299	""osoba4""
""osoba2""		600.60004	600600	601.80005	601800	2.2000122	2200	""osoba2""
""osoba1""		605.10004	605100	614.4	614400	10.299988	10299	""osoba1""
""osoba2""		605.10004	605100	605.10004	605100	1.0	1000	""osoba2""
""osoba1""		606.60004	606600	614.4	614400	8.799988	8799	""osoba1""
""osoba1""		607.2	607200	614.4	614400	8.200012	8200	""osoba1""
""osoba1""		608.7	608700	614.4	614400	6.700012	6700	""osoba1""
""osoba1""		610.80005	610800	614.4	614400	4.5999756	4599	""osoba1""
""osoba1""		611.4	611400	614.4	614400	4.0	4000	""osoba1""
""osoba4""		612.0	612000	613.5	613500	2.5	2500	""osoba4""
""osoba1""		612.9	612900	614.4	614400	2.5	2500	""osoba1""
""osoba2""		615.0	615000	625.80005	625800	11.800049	11800	""osoba2""
""osoba2""		618.30005	618300	625.80005	625800	8.5	8500	""osoba2""
""osoba2""		618.9	618900	625.80005	625800	7.9000244	7900	""osoba2""
""osoba2""		620.4	620400	625.80005	625800	6.4000244	6400	""osoba2""
""osoba1""		625.5	625500	626.7	626700	2.2000122	2200	""osoba1""
""osoba2""		625.5	625500	625.80005	625800	1.3000488	1300	""osoba2""
""osoba3""		625.80005	625800	641.4	641400	16.599976	16599	""osoba3""
""osoba3""		628.2	628200	641.4	641400	14.200012	14200	""osoba3""
""osoba3""		629.4	629400	641.4	641400	13.0	13000	""osoba3""
""osoba3""		631.80005	631800	641.4	641400	10.599976	10599	""osoba3""
""osoba3""		633.0	633000	641.4	641400	9.400024	9400	""osoba3""
""osoba3""		633.60004	633600	641.4	641400	8.799988	8799	""osoba3""
""osoba3""		635.7	635700	641.4	641400	6.700012	6700	""osoba3""
""osoba3""		636.9	636900	641.4	641400	5.5	5500	""osoba3""
""osoba1""		638.4	638400	643.5	643500	6.0999756	6099	""osoba1""
""osoba1""		641.4	641400	643.5	643500	3.0999756	3099	""osoba1""
""osoba2""		641.7	641700	675.30005	675300	34.600037	34600	""osoba2""
""osoba1""		642.9	642900	643.5	643500	1.5999756	1599	""osoba1""
""osoba2""		643.80005	643800	675.30005	675300	32.5	32500	""osoba2""
""osoba2""		647.10004	647100	675.30005	675300	29.200012	29200	""osoba2""
""osoba4""		653.10004	653100	653.4	653400	1.2999878	1299	""osoba4""
""osoba2""		654.0	654000	675.30005	675300	22.300049	22300	""osoba2""
""osoba4""		656.4	656400	656.7	656700	1.2999878	1299	""osoba4""
""osoba1""		657.60004	657600	658.2	658200	1.5999756	1599	""osoba1""
""osoba2""		660.9	660900	675.30005	675300	15.400024	15400	""osoba2""
""osoba2""		663.60004	663600	675.30005	675300	12.700012	12700	""osoba2""
""osoba4""		665.10004	665100	666.30005	666300	2.2000122	2200	""osoba4""
""osoba2""		666.0	666000	675.30005	675300	10.300049	10300	""osoba2""
""osoba2""		669.0	669000	675.30005	675300	7.300049	7300	""osoba2""
""osoba2""		670.5	670500	675.30005	675300	5.800049	5800	""osoba2""
""osoba2""		671.4	671400	675.30005	675300	4.9000244	4900	""osoba2""
""osoba2""		672.0	672000	675.30005	675300	4.300049	4300	""osoba2""
""osoba3""		672.30005	672300	683.4	683400	12.099976	12099	""osoba3""
""osoba1""		675.60004	675600	677.10004	677100	2.5	2500	""osoba1""
""osoba3""		675.9	675900	683.4	683400	8.5	8500	""osoba3""
""osoba1""		681.60004	681600	705.60004	705600	25.0	25000	""osoba1""
""osoba1""		686.4	686400	705.60004	705600	20.200012	20200	""osoba1""
""osoba1""		687.0	687000	705.60004	705600	19.600037	19600	""osoba1""
""osoba1""		687.60004	687600	705.60004	705600	19.0	19000	""osoba1""
""osoba1""		688.5	688500	705.60004	705600	18.100037	18100	""osoba1""
""osoba1""		690.30005	690300	705.60004	705600	16.299988	16299	""osoba1""
""osoba4""		690.9	690900	690.9	690900	1.0	1000	""osoba4""
""osoba1""		691.80005	691800	705.60004	705600	14.799988	14799	""osoba1""
""osoba1""		692.4	692400	705.60004	705600	14.200012	14200	""osoba1""
""osoba1""		693.60004	693600	705.60004	705600	13.0	13000	""osoba1""
""osoba1""		694.5	694500	705.60004	705600	12.100037	12100	""osoba1""
""osoba1""		697.2	697200	705.60004	705600	9.400024	9400	""osoba1""
""osoba1""		700.2	700200	705.60004	705600	6.4000244	6400	""osoba1""
""osoba1""		702.30005	702300	705.60004	705600	4.299988	4299	""osoba1""
""osoba1""		703.80005	703800	705.60004	705600	2.7999878	2799	""osoba1""
""osoba1""		704.4	704400	705.60004	705600	2.2000122	2200	""osoba1""
""osoba3""		705.0	705000	719.4	719400	15.400024	15400	""osoba3""
""osoba3""		707.10004	707100	719.4	719400	13.299988	13299	""osoba3""
""osoba3""		708.0	708000	719.4	719400	12.400024	12400	""osoba3""
""osoba1""		708.60004	708600	709.5	709500	1.8999634	1899	""osoba1""
""osoba3""		710.4	710400	719.4	719400	10.0	10000	""osoba3""
""osoba3""		711.0	711000	719.4	719400	9.400024	9400	""osoba3""
""osoba4""		711.9	711900	711.9	711900	1.0	1000	""osoba4""
""osoba3""		713.10004	713100	719.4	719400	7.299988	7299	""osoba3""
""osoba3""		715.80005	715800	719.4	719400	4.5999756	4599	""osoba3""
""osoba3""		717.60004	717600	719.4	719400	2.7999878	2799	""osoba3""
""osoba1""		718.2	718200	724.2	724200	7.0	7000	""osoba1""
""osoba3""		719.4	719400	719.4	719400	1.0	1000	""osoba3""
""osoba1""		720.30005	720300	724.2	724200	4.8999634	4899	""osoba1""
""osoba3""		723.0	723000	750.60004	750600	28.600037	28600	""osoba3""
""osoba1""		724.2	724200	724.2	724200	1.0	1000	""osoba1""
""osoba3""		724.80005	724800	750.60004	750600	26.799988	26799	""osoba3""
""osoba2""		725.10004	725100	725.10004	725100	1.0	1000	""osoba2""
""osoba3""		725.4	725400	750.60004	750600	26.200012	26200	""osoba3""
""osoba3""		726.0	726000	750.60004	750600	25.600037	25600	""osoba3""
""osoba2""		728.7	728700	730.80005	730800	3.1000366	3100	""osoba2""
""osoba3""		729.60004	729600	750.60004	750600	22.0	22000	""osoba3""
""osoba3""		730.5	730500	750.60004	750600	21.100037	21100	""osoba3""
""osoba2""		730.80005	730800	730.80005	730800	1.0	1000	""osoba2""
""osoba3""		732.9	732900	750.60004	750600	18.700012	18700	""osoba3""
""osoba3""		733.80005	733800	750.60004	750600	17.799988	17799	""osoba3""
""osoba3""		734.7	734700	750.60004	750600	16.900024	16900	""osoba3""
""osoba3""		735.9	735900	750.60004	750600	15.700012	15700	""osoba3""
""osoba2""		736.5	736500	736.80005	736800	1.3000488	1300	""osoba2""
""osoba4""		738.60004	738600	740.10004	740100	2.5	2500	""osoba4""
""osoba3""		739.5	739500	750.60004	750600	12.100037	12100	""osoba3""
""osoba3""		742.2	742200	750.60004	750600	9.400024	9400	""osoba3""
""osoba3""		743.10004	743100	750.60004	750600	8.5	8500	""osoba3""
""osoba3""		745.5	745500	750.60004	750600	6.1000366	6100	""osoba3""
""osoba3""		746.7	746700	750.60004	750600	4.9000244	4900	""osoba3""
""osoba3""		747.9	747900	750.60004	750600	3.7000122	3700	""osoba3""
""osoba3""		748.5	748500	750.60004	750600	3.1000366	3100	""osoba3""
""osoba1""		749.4	749400	750.30005	750300	1.9000244	1900	""osoba1""
""osoba2""		749.4	749400	753.30005	753300	4.9000244	4900	""osoba2""
""osoba3""		749.4	749400	750.60004	750600	2.2000122	2200	""osoba3""
""osoba2""		751.80005	751800	753.30005	753300	2.5	2500	""osoba2""
""osoba4""		751.80005	751800	756.30005	756300	5.5	5500	""osoba4""
""osoba4""		754.2	754200	756.30005	756300	3.1000366	3100	""osoba4""
""osoba4""		755.4	755400	756.30005	756300	1.9000244	1900	""osoba4""
""osoba2""		756.30005	756300	757.2	757200	1.8999634	1899	""osoba2""
""osoba3""		757.2	757200	775.80005	775800	19.600037	19600	""osoba3""
""osoba3""		759.0	759000	775.80005	775800	17.800049	17800	""osoba3""
""osoba3""		761.7	761700	775.80005	775800	15.100037	15100	""osoba3""
""osoba3""		764.4	764400	775.80005	775800	12.400024	12400	""osoba3""
""osoba1""		767.7	767700	767.7	767700	1.0	1000	""osoba1""
""osoba3""		769.50006	769500	775.80005	775800	7.299988	7299	""osoba3""
""osoba3""		771.30005	771300	775.80005	775800	5.5	5500	""osoba3""
""osoba3""		775.2	775200	775.80005	775800	1.6000366	1600	""osoba3""
""osoba2""		776.10004	776100	780.00006	780000	4.9000244	4900	""osoba2""
""osoba3""		779.7	779700	783.30005	783300	4.6000366	4600	""osoba3""
""osoba3""		782.10004	782100	783.30005	783300	2.2000122	2200	""osoba3""
""osoba2""		783.00006	783000	786.60004	786600	4.5999756	4599	""osoba2""
""osoba1""		784.80005	784800	789.9	789900	6.0999756	6099	""osoba1""
""osoba1""		788.4	788400	789.9	789900	2.5	2500	""osoba1""
""osoba2""		789.30005	789300	800.4	800400	12.099976	12099	""osoba2""
""osoba2""		791.4	791400	800.4	800400	10.0	10000	""osoba2""
""osoba1""		796.2	796200	798.60004	798600	3.4000244	3400	""osoba1""
""osoba3""		800.10004	800100	807.30005	807300	8.200012	8200	""osoba3""
""osoba3""		804.9	804900	807.30005	807300	3.4000244	3400	""osoba3""
""osoba1""		805.50006	805500	819.30005	819300	14.799988	14799	""osoba1""
""osoba3""		805.50006	805500	807.30005	807300	2.7999878	2799	""osoba3""
""osoba3""		810.30005	810300	810.30005	810300	1.0	1000	""osoba3""
""osoba2""		812.7	812700	814.2	814200	2.5	2500	""osoba2""
""osoba2""		813.60004	813600	814.2	814200	1.5999756	1599	""osoba2""
""osoba1""		814.2	814200	819.30005	819300	6.1000366	6100	""osoba1""
""osoba1""		817.2	817200	819.30005	819300	3.1000366	3100	""osoba1""
""osoba3""		818.10004	818100	824.10004	824100	7.0	7000	""osoba3""
""osoba3""		819.60004	819600	824.10004	824100	5.5	5500	""osoba3""
""osoba2""		820.50006	820500	820.80005	820800	1.2999878	1299	""osoba2""
""osoba3""		820.50006	820500	824.10004	824100	4.5999756	4599	""osoba3""
""osoba3""		823.50006	823500	824.10004	824100	1.5999756	1599	""osoba3""
""osoba2""		824.4	824400	825.60004	825600	2.2000122	2200	""osoba2""
""osoba1""		824.7	824700	824.7	824700	1.0	1000	""osoba1""
""osoba2""		825.60004	825600	825.60004	825600	1.0	1000	""osoba2""
""osoba4""		825.60004	825600	831.30005	831300	6.700012	6700	""osoba4""
""osoba4""		826.80005	826800	831.30005	831300	5.5	5500	""osoba4""
""osoba2""		828.60004	828600	850.2	850200	22.599976	22599	""osoba2""
""osoba4""		828.60004	828600	831.30005	831300	3.7000122	3700	""osoba4""
""osoba3""		828.9	828900	829.80005	829800	1.9000244	1900	""osoba3""
""osoba2""		832.2	832200	850.2	850200	19.0	19000	""osoba2""
""osoba2""		832.80005	832800	850.2	850200	18.399963	18399	""osoba2""
""osoba2""		837.30005	837300	850.2	850200	13.899963	13899	""osoba2""
""osoba2""		837.9	837900	850.2	850200	13.299988	13299	""osoba2""
""osoba2""		839.4	839400	850.2	850200	11.799988	11799	""osoba2""
""osoba2""		840.9	840900	850.2	850200	10.299988	10299	""osoba2""
""osoba2""		844.50006	844500	850.2	850200	6.699951	6699	""osoba2""
""osoba2""		845.4	845400	850.2	850200	5.799988	5799	""osoba2""
""osoba2""		846.00006	846000	850.2	850200	5.199951	5199	""osoba2""
""osoba1""		846.9	846900	847.50006	847500	1.6000366	1600	""osoba1""
""osoba4""		848.7	848700	857.10004	857100	9.400024	9400	""osoba4""
""osoba2""		849.30005	849300	850.2	850200	1.8999634	1899	""osoba2""
""osoba4""		850.50006	850500	857.10004	857100	7.5999756	7599	""osoba4""
""osoba4""		853.2	853200	857.10004	857100	4.9000244	4900	""osoba4""
""osoba2""		854.10004	854100	878.7	878700	25.599976	25599	""osoba2""
""osoba2""		858.60004	858600	878.7	878700	21.099976	21099	""osoba2""
""osoba2""		859.80005	859800	878.7	878700	19.899963	19899	""osoba2""
""osoba2""		861.30005	861300	878.7	878700	18.399963	18399	""osoba2""
""osoba2""		863.10004	863100	878.7	878700	16.599976	16599	""osoba2""
""osoba2""		865.2	865200	878.7	878700	14.5	14500	""osoba2""
""osoba1""		865.50006	865500	866.7	866700	2.1999512	2199	""osoba1""
""osoba2""		871.80005	871800	878.7	878700	7.8999634	7899	""osoba2""
""osoba2""		874.2	874200	878.7	878700	5.5	5500	""osoba2""
""osoba3""		876.9	876900	885.30005	885300	9.400024	9400	""osoba3""
""osoba2""		877.2	877200	878.7	878700	2.5	2500	""osoba2""
""osoba4""		878.10004	878100	878.7	878700	1.5999756	1599	""osoba4""
""osoba3""		879.9	879900	885.30005	885300	6.4000244	6400	""osoba3""
""osoba3""		881.7	881700	885.30005	885300	4.6000366	4600	""osoba3""
""osoba4""		882.30005	882300	885.30005	885300	4.0	4000	""osoba4""
""osoba3""		883.2	883200	885.30005	885300	3.1000366	3100	""osoba3""
""osoba2""		884.4	884400	887.7	887700	4.299988	4299	""osoba2""
""osoba4""		884.4	884400	885.30005	885300	1.9000244	1900	""osoba4""
""osoba3""		884.7	884700	885.30005	885300	1.6000366	1600	""osoba3""
""osoba1""		887.10004	887100	896.7	896700	10.599976	10599	""osoba1""
""osoba2""		890.7	890700	892.50006	892500	2.8000488	2800	""osoba2""
""osoba2""		892.50006	892500	892.50006	892500	1.0	1000	""osoba2""
""osoba1""		892.80005	892800	896.7	896700	4.8999634	4899	""osoba1""
""osoba4""		894.30005	894300	909.00006	909000	15.700012	15700	""osoba4""
""osoba1""		894.60004	894600	896.7	896700	3.0999756	3099	""osoba1""
""osoba1""		896.10004	896100	896.7	896700	1.5999756	1599	""osoba1""
""osoba4""		896.10004	896100	909.00006	909000	13.900024	13900	""osoba4""
""osoba4""		898.2	898200	909.00006	909000	11.800049	11800	""osoba4""
""osoba4""		899.7	899700	909.00006	909000	10.300049	10300	""osoba4""
""osoba2""		901.2	901200	901.50006	901500	1.3000488	1300	""osoba2""
""osoba4""		902.4	902400	909.00006	909000	7.6000366	7600	""osoba4""
""osoba2""		904.2	904200	904.50006	904500	1.3000488	1300	""osoba2""
""osoba4""		906.9	906900	909.00006	909000	3.1000366	3100	""osoba4""
""osoba1""		907.80005	907800	933.60004	933600	26.799988	26799	""osoba1""
""osoba4""		907.80005	907800	909.00006	909000	2.2000122	2200	""osoba4""
""osoba2""		911.4	911400	912.9	912900	2.5	2500	""osoba2""
""osoba1""		912.60004	912600	933.60004	933600	22.0	22000	""osoba1""
""osoba3""		913.80005	913800	914.7	914700	1.8999634	1899	""osoba3""
""osoba1""		915.9	915900	933.60004	933600	18.700012	18700	""osoba1""
""osoba4""		917.10004	917100	918.00006	918000	1.9000244	1900	""osoba4""
""osoba1""		920.4	920400	933.60004	933600	14.200012	14200	""osoba1""
""osoba1""		921.00006	921000	933.60004	933600	13.599976	13599	""osoba1""
""osoba1""		922.80005	922800	933.60004	933600	11.799988	11799	""osoba1""
""osoba1""		923.4	923400	933.60004	933600	11.200012	11200	""osoba1""
""osoba3""		924.9	924900	925.80005	925800	1.9000244	1900	""osoba3""
""osoba2""		925.50006	925500	930.30005	930300	5.799988	5799	""osoba2""
""osoba3""		925.80005	925800	925.80005	925800	1.0	1000	""osoba3""
""osoba1""		927.60004	927600	933.60004	933600	7.0	7000	""osoba1""
""osoba2""		927.9	927900	930.30005	930300	3.4000244	3400	""osoba2""
""osoba1""		928.80005	928800	933.60004	933600	5.799988	5799	""osoba1""
""osoba1""		931.2	931200	933.60004	933600	3.4000244	3400	""osoba1""
""osoba1""		932.10004	932100	933.60004	933600	2.5	2500	""osoba1""
""osoba1""		933.60004	933600	933.60004	933600	1.0	1000	""osoba1""
""osoba2""		933.60004	933600	953.7	953700	21.099976	21099	""osoba2""
""osoba2""		934.50006	934500	953.7	953700	20.199951	20199	""osoba2""
""osoba2""		936.00006	936000	953.7	953700	18.699951	18699	""osoba2""
""osoba2""		938.7	938700	953.7	953700	16.0	16000	""osoba2""
""osoba2""		939.30005	939300	953.7	953700	15.399963	15399	""osoba2""
""osoba2""		942.30005	942300	953.7	953700	12.399963	12399	""osoba2""
""osoba2""		942.9	942900	953.7	953700	11.799988	11799	""osoba2""
""osoba4""		943.50006	943500	945.30005	945300	2.7999878	2799	""osoba4""
""osoba1""		948.9	948900	949.2	949200	1.2999878	1299	""osoba1""
""osoba3""		952.50006	952500	956.7	956700	5.199951	5199	""osoba3""
""osoba3""		955.80005	955800	956.7	956700	1.8999634	1899	""osoba3""
""osoba2""		956.10004	956100	968.7	968700	13.599976	13599	""osoba2""
""osoba3""		956.4	956400	956.7	956700	1.2999878	1299	""osoba3""
""osoba2""		957.30005	957300	968.7	968700	12.399963	12399	""osoba2""
""osoba2""		961.50006	961500	968.7	968700	8.199951	8199	""osoba2""
""osoba2""		963.9	963900	968.7	968700	5.799988	5799	""osoba2""
""osoba2""		965.10004	965100	968.7	968700	4.5999756	4599	""osoba2""
""osoba2""		966.30005	966300	968.7	968700	3.3999634	3399	""osoba2""
""osoba2""		967.80005	967800	968.7	968700	1.8999634	1899	""osoba2""
""osoba4""		968.4	968400	991.50006	991500	24.100037	24100	""osoba4""
""osoba3""		972.9	972900	973.80005	973800	1.9000244	1900	""osoba3""
""osoba4""		975.00006	975000	991.50006	991500	17.5	17500	""osoba4""
""osoba4""		978.00006	978000	991.50006	991500	14.5	14500	""osoba4""
""osoba4""		981.30005	981300	991.50006	991500	11.200012	11200	""osoba4""
""osoba4""		981.9	981900	991.50006	991500	10.600037	10600	""osoba4""
""osoba2""		983.4	983400	984.9	984900	2.5	2500	""osoba2""
""osoba4""		984.30005	984300	991.50006	991500	8.200012	8200	""osoba4""
""osoba4""		985.80005	985800	991.50006	991500	6.700012	6700	""osoba4""
""osoba4""		987.00006	987000	991.50006	991500	5.5	5500	""osoba4""
""osoba4""		988.2	988200	991.50006	991500	4.300049	4300	""osoba4""
""osoba4""		988.80005	988800	991.50006	991500	3.7000122	3700	""osoba4""
""osoba1""		989.4	989400	1014.9	1014900	26.5	26500	""osoba1""
""osoba1""		996.60004	996600	1014.9	1014900	19.299988	19299	""osoba1""
""osoba3""		1001.4	1001400	1001.4	1001400	1.0	1000	""osoba3""
""osoba1""		1005.00006	1005000	1014.9	1014900	10.899963	10899	""osoba1""
""osoba1""		1008.00006	1008000	1014.9	1014900	7.8999634	7899	""osoba1""
""osoba2""		1008.30005	1008300	1009.80005	1009800	2.5	2500	""osoba2""
""osoba4""		1010.10004	1010100	1010.10004	1010100	1.0	1000	""osoba4""
""osoba1""		1014.9	1014900	1014.9	1014900	1.0	1000	""osoba1""
""osoba4""		1015.2	1015200	1017.9	1017900	3.7000122	3700	""osoba4""
""osoba4""		1016.4	1016400	1017.9	1017900	2.5	2500	""osoba4""
""osoba1""		1017.00006	1017000	1047.0	1047000	30.999939	30999	""osoba1""
""osoba1""		1017.9	1017900	1047.0	1047000	30.099976	30099	""osoba1""
""osoba4""		1017.9	1017900	1017.9	1017900	1.0	1000	""osoba4""
""osoba1""		1019.10004	1019100	1047.0	1047000	28.899963	28899	""osoba1""
""osoba1""		1019.7	1019700	1047.0	1047000	28.299988	28299	""osoba1""
""osoba1""		1020.9	1020900	1047.0	1047000	27.099976	27099	""osoba1""
""osoba2""		1022.4	1022400	1022.4	1022400	1.0	1000	""osoba2""
""osoba1""		1025.1001	1025100	1047.0	1047000	22.899902	22899	""osoba1""
""osoba1""		1026.6001	1026600	1047.0	1047000	21.399902	21399	""osoba1""
""osoba1""		1028.7001	1028700	1047.0	1047000	19.299927	19299	""osoba1""
""osoba1""		1030.2001	1030200	1047.0	1047000	17.799927	17799	""osoba1""
""osoba4""		1032.0	1032000	1032.3	1032300	1.3000488	1300	""osoba4""
""osoba3""		1033.8	1033800	1034.7001	1034700	1.9000244	1900	""osoba3""
""osoba1""		1035.9	1035900	1047.0	1047000	12.099976	12099	""osoba1""
""osoba1""		1037.1001	1037100	1047.0	1047000	10.899902	10899	""osoba1""
""osoba1""		1038.6001	1038600	1047.0	1047000	9.399902	9399	""osoba1""
""osoba1""		1039.5	1039500	1047.0	1047000	8.5	8500	""osoba1""
""osoba1""		1040.4	1040400	1047.0	1047000	7.5999756	7599	""osoba1""
""osoba1""		1043.1001	1043100	1047.0	1047000	4.8999023	4899	""osoba1""
""osoba2""		1044.6001	1044600	1048.8	1048800	5.199951	5199	""osoba2""
""osoba1""		1046.7001	1046700	1047.0	1047000	1.2999268	1299	""osoba1""
""osoba2""		1047.3	1047300	1048.8	1048800	2.5	2500	""osoba2""
""osoba2""		1047.9	1047900	1048.8	1048800	1.9000244	1900	""osoba2""
""osoba4""		1048.5	1048500	1059.6001	1059600	12.100098	12100	""osoba4""
""osoba4""		1050.9	1050900	1059.6001	1059600	9.700073	9700	""osoba4""
""osoba1""		1051.5	1051500	1053.6001	1053600	3.1000977	3100	""osoba1""
""osoba1""		1052.4	1052400	1053.6001	1053600	2.2000732	2200	""osoba1""
""osoba3""		1053.3	1053300	1053.3	1053300	1.0	1000	""osoba3""
""osoba4""		1053.3	1053300	1059.6001	1059600	7.300049	7300	""osoba4""
""osoba1""		1053.6001	1053600	1053.6001	1053600	1.0	1000	""osoba1""
""osoba4""		1054.2001	1054200	1059.6001	1059600	6.4000244	6400	""osoba4""
""osoba4""		1055.7001	1055700	1059.6001	1059600	4.9000244	4900	""osoba4""
""osoba4""		1057.8	1057800	1059.6001	1059600	2.8000488	2800	""osoba4""
""osoba1""		1059.3	1059300	1076.4	1076400	18.099976	18099	""osoba1""
""osoba1""		1062.3	1062300	1076.4	1076400	15.099976	15099	""osoba1""
""osoba1""		1067.1001	1067100	1076.4	1076400	10.299927	10299	""osoba1""
""osoba1""		1069.5	1069500	1076.4	1076400	7.9000244	7900	""osoba1""
""osoba1""		1070.7001	1070700	1076.4	1076400	6.699951	6699	""osoba1""
""osoba1""		1071.3	1071300	1076.4	1076400	6.0999756	6099	""osoba1""
""osoba1""		1072.8	1072800	1076.4	1076400	4.5999756	4599	""osoba1""
""osoba1""		1074.0	1074000	1076.4	1076400	3.4000244	3400	""osoba1""
""osoba1""		1075.5	1075500	1076.4	1076400	1.9000244	1900	""osoba1""
""osoba1""		1076.4	1076400	1076.4	1076400	1.0	1000	""osoba1""
""osoba4""		1076.7001	1076700	1081.5	1081500	5.7999268	5799	""osoba4""
""osoba2""		1078.5	1078500	1078.5	1078500	1.0	1000	""osoba2""
""osoba4""		1080.3	1080300	1081.5	1081500	2.1999512	2199	""osoba4""
""osoba1""		1081.2001	1081200	1085.4	1085400	5.199951	5199	""osoba1""
""osoba4""		1081.2001	1081200	1081.5	1081500	1.2999268	1299	""osoba4""
""osoba2""		1083.3	1083300	1113.6001	1113600	31.300049	31300	""osoba2""
""osoba1""		1083.6001	1083600	1085.4	1085400	2.7999268	2799	""osoba1""
""osoba1""		1084.2001	1084200	1085.4	1085400	2.1999512	2199	""osoba1""
""osoba2""		1084.8	1084800	1113.6001	1113600	29.800049	29800	""osoba2""
""osoba3""		1084.8	1084800	1084.8	1084800	1.0	1000	""osoba3""
""osoba2""		1086.6001	1086600	1113.6001	1113600	28.0	28000	""osoba2""
""osoba2""		1088.4	1088400	1113.6001	1113600	26.200073	26200	""osoba2""
""osoba2""		1089.3	1089300	1113.6001	1113600	25.300049	25300	""osoba2""
""osoba2""		1091.1001	1091100	1113.6001	1113600	23.5	23500	""osoba2""
""osoba2""		1093.8	1093800	1113.6001	1113600	20.800049	20800	""osoba2""
""osoba2""		1094.4	1094400	1113.6001	1113600	20.200073	20200	""osoba2""
""osoba2""		1095.9	1095900	1113.6001	1113600	18.700073	18700	""osoba2""
""osoba2""		1096.8	1096800	1113.6001	1113600	17.800049	17800	""osoba2""
""osoba2""		1097.7001	1097700	1113.6001	1113600	16.900024	16900	""osoba2""
""osoba2""		1099.2001	1099200	1113.6001	1113600	15.400024	15400	""osoba2""
""osoba1""		1100.1001	1100100	1104.6001	1104600	5.5	5500	""osoba1""
""osoba1""		1101.3	1101300	1104.6001	1104600	4.300049	4300	""osoba1""
""osoba2""		1102.2001	1102200	1113.6001	1113600	12.400024	12400	""osoba2""
""osoba2""		1103.1001	1103100	1113.6001	1113600	11.5	11500	""osoba2""
""osoba1""		1103.4	1103400	1104.6001	1104600	2.2000732	2200	""osoba1""
""osoba4""		1107.3	1107300	1107.3	1107300	1.0	1000	""osoba4""
""osoba2""		1109.4	1109400	1113.6001	1113600	5.2000732	5200	""osoba2""
""osoba3""		1109.4	1109400	1109.7001	1109700	1.3000488	1300	""osoba3""
""osoba1""		1112.1001	1112100	1114.8	1114800	3.6999512	3699	""osoba1""
""osoba2""		1112.1001	1112100	1113.6001	1113600	2.5	2500	""osoba2""
""osoba1""		1113.9	1113900	1114.8	1114800	1.9000244	1900	""osoba1""
""osoba3""		1113.9	1113900	1117.2001	1117200	4.300049	4300	""osoba3""
""osoba3""		1115.7001	1115700	1117.2001	1117200	2.5	2500	""osoba3""
""osoba4""		1116.6001	1116600	1122.6001	1122600	7.0	7000	""osoba4""
""osoba3""		1117.2001	1117200	1117.2001	1117200	1.0	1000	""osoba3""
""osoba2""		1119.6001	1119600	1120.5	1120500	1.8999023	1899	""osoba2""
""osoba1""		1122.0	1122000	1129.5	1129500	8.5	8500	""osoba1""
""osoba3""		1122.6001	1122600	1125.3	1125300	3.6999512	3699	""osoba3""
""osoba1""		1124.7001	1124700	1129.5	1129500	5.7999268	5799	""osoba1""
""osoba3""		1125.0	1125000	1125.3	1125300	1.3000488	1300	""osoba3""
""osoba1""		1127.7001	1127700	1129.5	1129500	2.7999268	2799	""osoba1""
""osoba2""		1128.3	1128300	1138.2001	1138200	10.900024	10900	""osoba2""
""osoba2""		1132.5	1132500	1138.2001	1138200	6.7000732	6700	""osoba2""
""osoba2""		1133.7001	1133700	1138.2001	1138200	5.5	5500	""osoba2""
""osoba2""		1135.8	1135800	1138.2001	1138200	3.4000244	3400	""osoba2""
""osoba4""		1138.2001	1138200	1143.3	1143300	6.0999756	6099	""osoba4""
""osoba4""		1140.9	1140900	1143.3	1143300	3.4000244	3400	""osoba4""
""osoba4""		1141.5	1141500	1143.3	1143300	2.8000488	2800	""osoba4""
""osoba1""		1143.9	1143900	1150.8	1150800	7.9000244	7900	""osoba1""
""osoba2""		1144.5	1144500	1145.7001	1145700	2.2000732	2200	""osoba2""
""osoba1""		1146.9	1146900	1150.8	1150800	4.9000244	4900	""osoba1""
""osoba1""		1147.8	1147800	1150.8	1150800	4.0	4000	""osoba1""
""osoba3""		1149.6001	1149600	1164.0	1164000	15.399902	15399	""osoba3""
""osoba3""		1154.4	1154400	1164.0	1164000	10.599976	10599	""osoba3""
""osoba3""		1155.0	1155000	1164.0	1164000	10.0	10000	""osoba3""
""osoba3""		1155.6001	1155600	1164.0	1164000	9.399902	9399	""osoba3""
""osoba3""		1156.5	1156500	1164.0	1164000	8.5	8500	""osoba3""
""osoba3""		1159.8	1159800	1164.0	1164000	5.199951	5199	""osoba3""
""osoba3""		1161.0	1161000	1164.0	1164000	4.0	4000	""osoba3""
""osoba1""		1161.9	1161900	1173.6001	1173600	12.700073	12700	""osoba1""
""osoba3""		1162.2001	1162200	1164.0	1164000	2.7999268	2799	""osoba3""
""osoba3""		1163.4	1163400	1164.0	1164000	1.5999756	1599	""osoba3""
""osoba1""		1163.7001	1163700	1173.6001	1173600	10.900024	10900	""osoba1""
""osoba1""		1164.9	1164900	1173.6001	1173600	9.700073	9700	""osoba1""
""osoba3""		1166.1001	1166100	1167.9	1167900	2.7999268	2799	""osoba3""
""osoba2""		1167.9	1167900	1168.2001	1168200	1.3000488	1300	""osoba2""
""osoba1""		1172.4	1172400	1173.6001	1173600	2.2000732	2200	""osoba1""
""osoba4""		1173.6001	1173600	1187.4	1187400	14.799927	14799	""osoba4""
""osoba4""		1177.5	1177500	1187.4	1187400	10.900024	10900	""osoba4""
""osoba4""		1178.7001	1178700	1187.4	1187400	9.699951	9699	""osoba4""
""osoba4""		1184.7001	1184700	1187.4	1187400	3.6999512	3699	""osoba4""
""osoba3""		1186.2001	1186200	1197.3	1197300	12.099976	12099	""osoba3""
""osoba4""		1187.4	1187400	1187.4	1187400	1.0	1000	""osoba4""
""osoba1""		1188.0	1188000	1188.9	1188900	1.9000244	1900	""osoba1""
""osoba3""		1188.9	1188900	1197.3	1197300	9.400024	9400	""osoba3""
""osoba3""		1190.4	1190400	1197.3	1197300	7.9000244	7900	""osoba3""
""osoba3""		1191.3	1191300	1197.3	1197300	7.0	7000	""osoba3""
""osoba3""		1193.7001	1193700	1197.3	1197300	4.5999756	4599	""osoba3""
""osoba2""		1195.2001	1195200	1196.1001	1196100	1.9000244	1900	""osoba2""
""osoba4""		1197.0	1197000	1220.4	1220400	24.400024	24400	""osoba4""
""osoba4""		1200.0	1200000	1220.4	1220400	21.400024	21400	""osoba4""
""osoba4""		1200.9	1200900	1220.4	1220400	20.5	20500	""osoba4""
""osoba4""		1202.7001	1202700	1220.4	1220400	18.699951	18699	""osoba4""
""osoba2""		1206.3	1206300	1208.7001	1208700	3.4000244	3400	""osoba2""
""osoba4""		1206.6001	1206600	1220.4	1220400	14.799927	14799	""osoba4""
""osoba2""		1207.2001	1207200	1208.7001	1208700	2.5	2500	""osoba2""
""osoba4""		1207.5	1207500	1220.4	1220400	13.900024	13900	""osoba4""
""osoba4""		1210.2001	1210200	1220.4	1220400	11.199951	11199	""osoba4""
""osoba4""		1211.1001	1211100	1220.4	1220400	10.299927	10299	""osoba4""
""osoba2""		1211.7001	1211700	1212.0	1212000	1.2999268	1299	""osoba2""
""osoba4""		1211.7001	1211700	1220.4	1220400	9.699951	9699	""osoba4""
""osoba4""		1214.4	1214400	1220.4	1220400	7.0	7000	""osoba4""
""osoba4""		1218.9	1218900	1220.4	1220400	2.5	2500	""osoba4""
""osoba2""		1220.4	1220400	1274.4	1274400	55.0	55000	""osoba2""
""osoba2""		1221.9	1221900	1274.4	1274400	53.5	53500	""osoba2""
""osoba2""		1223.4	1223400	1274.4	1274400	52.0	52000	""osoba2""
""osoba2""		1225.2001	1225200	1274.4	1274400	50.19995	50199	""osoba2""
""osoba4""		1225.2001	1225200	1227.3	1227300	3.0999756	3099	""osoba4""
""osoba2""		1225.8	1225800	1274.4	1274400	49.599976	49599	""osoba2""
""osoba2""		1226.4	1226400	1274.4	1274400	49.0	49000	""osoba2""
""osoba4""		1227.0	1227000	1227.3	1227300	1.3000488	1300	""osoba4""
""osoba1""		1228.8	1228800	1231.8	1231800	4.0	4000	""osoba1""
""osoba1""		1231.2001	1231200	1231.8	1231800	1.5999756	1599	""osoba1""
""osoba2""		1231.2001	1231200	1274.4	1274400	44.19995	44199	""osoba2""
""osoba3""		1231.2001	1231200	1231.2001	1231200	1.0	1000	""osoba3""
""osoba2""		1232.1001	1232100	1274.4	1274400	43.299927	43299	""osoba2""
""osoba2""		1233.9	1233900	1274.4	1274400	41.5	41500	""osoba2""
""osoba2""		1235.7001	1235700	1274.4	1274400	39.69995	39699	""osoba2""
""osoba2""		1238.1001	1238100	1274.4	1274400	37.299927	37299	""osoba2""
""osoba2""		1240.5	1240500	1274.4	1274400	34.900024	34900	""osoba2""
""osoba2""		1241.1001	1241100	1274.4	1274400	34.299927	34299	""osoba2""
""osoba2""		1241.7001	1241700	1274.4	1274400	33.69995	33699	""osoba2""
""osoba1""		1242.0	1242000	1242.3	1242300	1.3000488	1300	""osoba1""
""osoba2""		1242.3	1242300	1274.4	1274400	33.099976	33099	""osoba2""
""osoba2""		1245.0	1245000	1274.4	1274400	30.400024	30400	""osoba2""
""osoba1""		1251.0	1251000	1255.2001	1255200	5.2000732	5200	""osoba1""
""osoba2""		1251.0	1251000	1274.4	1274400	24.400024	24400	""osoba2""
""osoba2""		1254.0	1254000	1274.4	1274400	21.400024	21400	""osoba2""
""osoba1""		1254.6001	1254600	1255.2001	1255200	1.5999756	1599	""osoba1""
""osoba2""		1258.5	1258500	1274.4	1274400	16.900024	16900	""osoba2""
""osoba2""		1266.3	1266300	1274.4	1274400	9.099976	9099	""osoba2""
""osoba2""		1267.2001	1267200	1274.4	1274400	8.199951	8199	""osoba2""
""osoba2""		1272.3	1272300	1274.4	1274400	3.0999756	3099	""osoba2""
""osoba4""		1274.4	1274400	1275.9	1275900	2.5	2500	""osoba4""
""osoba1""		1275.3	1275300	1279.5	1279500	5.199951	5199	""osoba1""
""osoba1""		1277.1001	1277100	1279.5	1279500	3.3999023	3399	""osoba1""
""osoba1""		1278.0	1278000	1279.5	1279500	2.5	2500	""osoba1""
""osoba4""		1278.6001	1278600	1286.7001	1286700	9.099976	9099	""osoba4""
""osoba1""		1281.6001	1281600	1284.3	1284300	3.6999512	3699	""osoba1""
""osoba3""		1283.7001	1283700	1284.6001	1284600	1.9000244	1900	""osoba3""
""osoba4""		1286.4	1286400	1286.7001	1286700	1.3000488	1300	""osoba4""
""osoba1""		1287.0	1287000	1292.7001	1292700	6.7000732	6700	""osoba1""
""osoba1""		1291.8	1291800	1292.7001	1292700	1.9000244	1900	""osoba1""
""osoba3""		1292.1001	1292100	1299.0	1299000	7.8999023	7899	""osoba3""
""osoba4""		1296.0	1296000	1296.0	1296000	1.0	1000	""osoba4""
""osoba2""		1296.6001	1296600	1303.8	1303800	8.199951	8199	""osoba2""
""osoba3""		1298.4	1298400	1299.0	1299000	1.5999756	1599	""osoba3""
""osoba2""		1299.3	1299300	1303.8	1303800	5.5	5500	""osoba2""
""osoba2""		1301.7001	1301700	1303.8	1303800	3.0999756	3099	""osoba2""
""osoba3""		1304.4	1304400	1309.8	1309800	6.4000244	6400	""osoba3""
""osoba3""		1306.2001	1306200	1309.8	1309800	4.5999756	4599	""osoba3""
""osoba3""		1307.4	1307400	1309.8	1309800	3.4000244	3400	""osoba3""
""osoba2""		1308.6001	1308600	1320.3	1320300	12.699951	12699	""osoba2""
""osoba2""		1309.8	1309800	1320.3	1320300	11.5	11500	""osoba2""
""osoba2""		1311.0	1311000	1320.3	1320300	10.300049	10300	""osoba2""
""osoba2""		1312.2001	1312200	1320.3	1320300	9.099976	9099	""osoba2""
""osoba2""		1314.0	1314000	1320.3	1320300	7.300049	7300	""osoba2""
""osoba2""		1317.9	1317900	1320.3	1320300	3.4000244	3400	""osoba2""
""osoba1""		1320.6001	1320600	1338.0	1338000	18.399902	18399	""osoba1""
""osoba3""		1321.5	1321500	1322.7001	1322700	2.2000732	2200	""osoba3""
""osoba1""		1322.4	1322400	1338.0	1338000	16.599976	16599	""osoba1""
""osoba1""		1323.9	1323900	1338.0	1338000	15.099976	15099	""osoba1""
""osoba1""		1325.7001	1325700	1338.0	1338000	13.299927	13299	""osoba1""
""osoba2""		1326.6001	1326600	1330.2001	1330200	4.5999756	4599	""osoba2""
""osoba1""		1332.6001	1332600	1338.0	1338000	6.3999023	6399	""osoba1""
""osoba1""		1333.5	1333500	1338.0	1338000	5.5	5500	""osoba1""
""osoba1""		1335.0	1335000	1338.0	1338000	4.0	4000	""osoba1""
""osoba1""		1336.5	1336500	1338.0	1338000	2.5	2500	""osoba1""
""osoba1""		1337.7001	1337700	1338.0	1338000	1.2999268	1299	""osoba1""
""osoba3""		1337.7001	1337700	1348.2001	1348200	11.5	11500	""osoba3""
""osoba3""		1340.4	1340400	1348.2001	1348200	8.800049	8800	""osoba3""
""osoba3""		1342.8	1342800	1348.2001	1348200	6.4000244	6400	""osoba3""
""osoba3""		1343.4	1343400	1348.2001	1348200	5.800049	5800	""osoba3""
""osoba1""		1344.0	1344000	1363.5	1363500	20.5	20500	""osoba1""
""osoba1""		1344.6001	1344600	1363.5	1363500	19.899902	19899	""osoba1""
""osoba1""		1347.6001	1347600	1363.5	1363500	16.899902	16899	""osoba1""
""osoba3""		1347.9	1347900	1348.2001	1348200	1.3000488	1300	""osoba3""
""osoba1""		1351.8	1351800	1363.5	1363500	12.699951	12699	""osoba1""
""osoba2""		1352.4	1352400	1355.7001	1355700	4.300049	4300	""osoba2""
""osoba1""		1353.3	1353300	1363.5	1363500	11.199951	11199	""osoba1""
""osoba1""		1353.9	1353900	1363.5	1363500	10.599976	10599	""osoba1""
""osoba1""		1356.6001	1356600	1363.5	1363500	7.8999023	7899	""osoba1""
""osoba1""		1358.4	1358400	1363.5	1363500	6.0999756	6099	""osoba1""
""osoba1""		1359.0	1359000	1363.5	1363500	5.5	5500	""osoba1""
""osoba1""		1360.5	1360500	1363.5	1363500	4.0	4000	""osoba1""
""osoba1""		1361.7001	1361700	1363.5	1363500	2.7999268	2799	""osoba1""
""osoba2""		1363.2001	1363200	1384.8	1384800	22.599976	22599	""osoba2""
""osoba2""		1364.7001	1364700	1384.8	1384800	21.099976	21099	""osoba2""
""osoba1""		1366.5	1366500	1367.1001	1367100	1.6000977	1600	""osoba1""
""osoba2""		1366.5	1366500	1384.8	1384800	19.300049	19300	""osoba2""
""osoba3""		1367.4	1367400	1370.4	1370400	4.0	4000	""osoba3""
""osoba2""		1371.6001	1371600	1384.8	1384800	14.199951	14199	""osoba2""
""osoba2""		1373.7001	1373700	1384.8	1384800	12.099976	12099	""osoba2""
""osoba3""		1376.7001	1376700	1378.5	1378500	2.7999268	2799	""osoba3""
""osoba2""		1383.9	1383900	1384.8	1384800	1.9000244	1900	""osoba2""
""osoba3""		1384.8	1384800	1413.6001	1413600	29.800049	29800	""osoba3""
""osoba3""		1385.7001	1385700	1413.6001	1413600	28.900024	28900	""osoba3""
""osoba1""		1387.5	1387500	1389.0	1389000	2.5	2500	""osoba1""
""osoba4""		1389.3	1389300	1389.3	1389300	1.0	1000	""osoba4""
""osoba3""		1391.7001	1391700	1413.6001	1413600	22.900024	22900	""osoba3""
""osoba3""		1396.5	1396500	1413.6001	1413600	18.100098	18100	""osoba3""
""osoba2""		1398.0	1398000	1401.0	1401000	4.0	4000	""osoba2""
""osoba2""		1398.6001	1398600	1401.0	1401000	3.3999023	3399	""osoba2""
""osoba3""		1399.2001	1399200	1413.6001	1413600	15.400024	15400	""osoba3""
""osoba1""		1399.8	1399800	1401.0	1401000	2.1999512	2199	""osoba1""
""osoba4""		1401.0	1401000	1401.0	1401000	1.0	1000	""osoba4""
""osoba3""		1402.5	1402500	1413.6001	1413600	12.100098	12100	""osoba3""
""osoba3""		1404.0	1404000	1413.6001	1413600	10.600098	10600	""osoba3""
""osoba2""		1406.1001	1406100	1408.5	1408500	3.3999023	3399	""osoba2""
""osoba1""		1407.0	1407000	1407.0	1407000	1.0	1000	""osoba1""
""osoba3""		1409.7001	1409700	1413.6001	1413600	4.9000244	4900	""osoba3""
""osoba2""		1412.7001	1412700	1426.2001	1426200	14.5	14500	""osoba2""
""osoba1""		1413.6001	1413600	1413.6001	1413600	1.0	1000	""osoba1""
""osoba2""		1414.5	1414500	1426.2001	1426200	12.700073	12700	""osoba2""
""osoba2""		1416.3	1416300	1426.2001	1426200	10.900024	10900	""osoba2""
""osoba2""		1417.2001	1417200	1426.2001	1426200	10.0	10000	""osoba2""
""osoba2""		1420.5	1420500	1426.2001	1426200	6.7000732	6700	""osoba2""
""osoba1""		1426.2001	1426200	1431.0	1431000	5.7999268	5799	""osoba1""
""osoba1""		1427.7001	1427700	1431.0	1431000	4.2999268	4299	""osoba1""
""osoba1""		1428.6001	1428600	1431.0	1431000	3.3999023	3399	""osoba1""
""osoba1""		1429.5	1429500	1431.0	1431000	2.5	2500	""osoba1""
""osoba2""		1429.5	1429500	1430.1001	1430100	1.6000977	1600	""osoba2""
""osoba3""		1430.4	1430400	1439.4	1439400	10.0	10000	""osoba3""
""osoba3""		1432.2001	1432200	1439.4	1439400	8.199951	8199	""osoba3""
""osoba3""		1433.1001	1433100	1439.4	1439400	7.2999268	7299	""osoba3""
""osoba3""		1435.8	1435800	1439.4	1439400	4.5999756	4599	""osoba3""
""osoba3""		1438.2001	1438200	1439.4	1439400	2.1999512	2199	""osoba3""
""osoba1""		1438.8	1438800	1441.8	1441800	4.0	4000	""osoba1""
""osoba2""		1439.7001	1439700	1452.9	1452900	14.199951	14199	""osoba2""
""osoba1""		1440.9	1440900	1441.8	1441800	1.9000244	1900	""osoba1""
""osoba1""		1441.8	1441800	1441.8	1441800	1.0	1000	""osoba1""
""osoba2""		1442.1001	1442100	1452.9	1452900	11.799927	11799	""osoba2""
""osoba3""		1442.1001	1442100	1442.7001	1442700	1.5999756	1599	""osoba3""
""osoba2""		1448.1001	1448100	1452.9	1452900	5.7999268	5799	""osoba2""
""osoba2""		1450.8	1450800	1452.9	1452900	3.0999756	3099	""osoba2""
""osoba2""		1451.4	1451400	1452.9	1452900	2.5	2500	""osoba2""
""osoba2""		1452.3	1452300	1452.9	1452900	1.5999756	1599	""osoba2""
""osoba1""		1452.9	1452900	1464.6001	1464600	12.700073	12700	""osoba1""
""osoba1""		1454.4	1454400	1464.6001	1464600	11.200073	11200	""osoba1""
""osoba1""		1456.8	1456800	1464.6001	1464600	8.800049	8800	""osoba1""
""osoba3""		1462.8	1462800	1475.1001	1475100	13.300049	13300	""osoba3""
""osoba1""		1464.3	1464300	1464.6001	1464600	1.3000488	1300	""osoba1""
""osoba3""		1465.5	1465500	1475.1001	1475100	10.600098	10600	""osoba3""
""osoba3""		1466.1001	1466100	1475.1001	1475100	10.0	10000	""osoba3""
""osoba3""		1469.7001	1469700	1475.1001	1475100	6.4000244	6400	""osoba3""
""osoba3""		1471.2001	1471200	1475.1001	1475100	4.9000244	4900	""osoba3""
""osoba1""		1473.0	1473000	1473.0	1473000	1.0	1000	""osoba1""
""osoba3""		1473.6001	1473600	1475.1001	1475100	2.5	2500	""osoba3""
""osoba2""		1474.5	1474500	1478.1001	1478100	4.6000977	4600	""osoba2""
""osoba3""		1474.8	1474800	1475.1001	1475100	1.3000488	1300	""osoba3""
""osoba2""		1476.6001	1476600	1478.1001	1478100	2.5	2500	""osoba2""
""osoba2""		1477.5	1477500	1478.1001	1478100	1.6000977	1600	""osoba2""
""osoba4""		1478.7001	1478700	1486.2001	1486200	8.5	8500	""osoba4""
""osoba4""		1479.3	1479300	1486.2001	1486200	7.9000244	7900	""osoba4""
""osoba4""		1480.8	1480800	1486.2001	1486200	6.4000244	6400	""osoba4""
""osoba4""		1481.7001	1481700	1486.2001	1486200	5.5	5500	""osoba4""
""osoba1""		1482.0	1482000	1482.3	1482300	1.3000488	1300	""osoba1""
""osoba4""		1482.9	1482900	1486.2001	1486200	4.300049	4300	""osoba4""
""osoba2""		1485.6001	1485600	1500.9	1500900	16.299927	16299	""osoba2""
""osoba4""		1485.9	1485900	1486.2001	1486200	1.3000488	1300	""osoba4""
""osoba3""		1486.2001	1486200	1486.8	1486800	1.5999756	1599	""osoba3""
""osoba2""		1488.3	1488300	1500.9	1500900	13.599976	13599	""osoba2""
""osoba1""		1492.2001	1492200	1492.2001	1492200	1.0	1000	""osoba1""
""osoba2""		1494.9	1494900	1500.9	1500900	7.0	7000	""osoba2""
""osoba2""		1495.8	1495800	1500.9	1500900	6.0999756	6099	""osoba2""
""osoba2""		1497.0	1497000	1500.9	1500900	4.9000244	4900	""osoba2""
""osoba2""		1498.2001	1498200	1500.9	1500900	3.6999512	3699	""osoba2""
""osoba3""		1498.8	1498800	1502.7001	1502700	4.9000244	4900	""osoba3""
""osoba3""		1502.7001	1502700	1502.7001	1502700	1.0	1000	""osoba3""
""osoba1""		1503.0	1503000	1513.2001	1513200	11.200073	11200	""osoba1""
""osoba3""		1506.0	1506000	1506.0	1506000	1.0	1000	""osoba3""
""osoba2""		1506.9	1506900	1510.5	1510500	4.5999756	4599	""osoba2""
""osoba1""		1508.4	1508400	1513.2001	1513200	5.800049	5800	""osoba1""
""osoba2""		1509.0	1509000	1510.5	1510500	2.5	2500	""osoba2""
""osoba4""		1510.8	1510800	1517.4	1517400	7.5999756	7599	""osoba4""
""osoba4""		1512.3	1512300	1517.4	1517400	6.0999756	6099	""osoba4""
""osoba1""		1512.6001	1512600	1513.2001	1513200	1.5999756	1599	""osoba1""
""osoba3""		1513.5	1513500	1513.8	1513800	1.3000488	1300	""osoba3""
""osoba4""		1515.0	1515000	1517.4	1517400	3.4000244	3400	""osoba4""
""osoba4""		1515.6001	1515600	1517.4	1517400	2.7999268	2799	""osoba4""
""osoba1""		1516.8	1516800	1516.8	1516800	1.0	1000	""osoba1""
""osoba2""		1517.1001	1517100	1524.9	1524900	8.799927	8799	""osoba2""
""osoba2""		1519.8	1519800	1524.9	1524900	6.0999756	6099	""osoba2""
""osoba2""		1520.4	1520400	1524.9	1524900	5.5	5500	""osoba2""
""osoba3""		1520.7001	1520700	1524.9	1524900	5.199951	5199	""osoba3""
""osoba3""		1523.1001	1523100	1524.9	1524900	2.7999268	2799	""osoba3""
""osoba1""		1524.9	1524900	1545.3	1545300	21.400024	21400	""osoba1""
""osoba1""		1526.1001	1526100	1545.3	1545300	20.199951	20199	""osoba1""
""osoba1""		1527.6001	1527600	1545.3	1545300	18.699951	18699	""osoba1""
""osoba1""		1528.2001	1528200	1545.3	1545300	18.099976	18099	""osoba1""
""osoba1""		1533.6001	1533600	1545.3	1545300	12.699951	12699	""osoba1""
""osoba1""		1534.2001	1534200	1545.3	1545300	12.099976	12099	""osoba1""
""osoba1""		1536.6001	1536600	1545.3	1545300	9.699951	9699	""osoba1""
""osoba4""		1541.7001	1541700	1551.3	1551300	10.599976	10599	""osoba4""
""osoba1""		1543.2001	1543200	1545.3	1545300	3.0999756	3099	""osoba1""
""osoba4""		1544.7001	1544700	1551.3	1551300	7.5999756	7599	""osoba4""
""osoba1""		1545.3	1545300	1545.3	1545300	1.0	1000	""osoba1""
""osoba4""		1546.2001	1546200	1551.3	1551300	6.0999756	6099	""osoba4""
""osoba4""		1551.0001	1551000	1551.3	1551300	1.2999268	1299	""osoba4""
""osoba3""		1551.6001	1551600	1566.3	1566300	15.699951	15699	""osoba3""
""osoba3""		1552.8	1552800	1566.3	1566300	14.5	14500	""osoba3""
""osoba2""		1555.2001	1555200	1556.7001	1556700	2.5	2500	""osoba2""
""osoba3""		1555.2001	1555200	1566.3	1566300	12.099976	12099	""osoba3""
""osoba3""		1558.8	1558800	1566.3	1566300	8.5	8500	""osoba3""
""osoba4""		1561.2001	1561200	1562.7001	1562700	2.5	2500	""osoba4""
""osoba4""		1561.8	1561800	1562.7001	1562700	1.9000244	1900	""osoba4""
""osoba3""		1562.1001	1562100	1566.3	1566300	5.199951	5199	""osoba3""
""osoba4""		1562.4	1562400	1562.7001	1562700	1.3000488	1300	""osoba4""
""osoba3""		1563.9	1563900	1566.3	1566300	3.4000244	3400	""osoba3""
""osoba3""		1565.1001	1565100	1566.3	1566300	2.1999512	2199	""osoba3""
""osoba1""		1566.3	1566300	1578.6001	1578600	13.300049	13300	""osoba1""
""osoba1""		1568.4	1568400	1578.6001	1578600	11.200073	11200	""osoba1""
""osoba1""		1569.0001	1569000	1578.6001	1578600	10.599976	10599	""osoba1""
""osoba4""		1570.8	1570800	1572.9	1572900	3.0999756	3099	""osoba4""
""osoba2""		1571.4	1571400	1572.0001	1572000	1.6000977	1600	""osoba2""
""osoba1""		1575.9	1575900	1578.6001	1578600	3.7000732	3700	""osoba1""
""osoba1""		1576.8	1576800	1578.6001	1578600	2.8000488	2800	""osoba1""
""osoba2""		1578.3	1578300	1581.6001	1581600	4.300049	4300	""osoba2""
""osoba3""		1579.5001	1579500	1579.5001	1579500	1.0	1000	""osoba3""
""osoba2""		1579.8	1579800	1581.6001	1581600	2.8000488	2800	""osoba2""
""osoba4""		1579.8	1579800	1588.8	1588800	10.0	10000	""osoba4""
""osoba1""		1582.8	1582800	1584.6001	1584600	2.8000488	2800	""osoba1""
""osoba1""		1584.3	1584300	1584.6001	1584600	1.3000488	1300	""osoba1""
""osoba4""		1584.3	1584300	1588.8	1588800	5.5	5500	""osoba4""
""osoba1""		1587.9	1587900	1595.7001	1595700	8.800049	8800	""osoba1""
""osoba4""		1587.9	1587900	1588.8	1588800	1.9000244	1900	""osoba4""
""osoba1""		1590.3	1590300	1595.7001	1595700	6.4000244	6400	""osoba1""
""osoba1""		1591.5001	1591500	1595.7001	1595700	5.199951	5199	""osoba1""
""osoba1""		1593.0001	1593000	1595.7001	1595700	3.6999512	3699	""osoba1""
""osoba2""		1595.4	1595400	1604.7001	1604700	10.300049	10300	""osoba2""
""osoba2""		1597.2001	1597200	1604.7001	1604700	8.5	8500	""osoba2""
""osoba2""		1599.9	1599900	1604.7001	1604700	5.800049	5800	""osoba2""
""osoba2""		1600.8	1600800	1604.7001	1604700	4.9000244	4900	""osoba2""
""osoba2""		1601.4	1601400	1604.7001	1604700	4.300049	4300	""osoba2""
""osoba2""		1602.3	1602300	1604.7001	1604700	3.4000244	3400	""osoba2""
""osoba1""		1603.2001	1603200	1612.5001	1612500	10.300049	10300	""osoba1""
""osoba2""		1603.2001	1603200	1604.7001	1604700	2.5	2500	""osoba2""
""osoba1""		1605.9	1605900	1612.5001	1612500	7.6000977	7600	""osoba1""
""osoba1""		1606.8	1606800	1612.5001	1612500	6.7000732	6700	""osoba1""
""osoba4""		1607.4	1607400	1607.4	1607400	1.0	1000	""osoba4""
""osoba1""		1608.9	1608900	1612.5001	1612500	4.6000977	4600	""osoba1""
""osoba3""		1613.4	1613400	1620.3	1620300	7.9000244	7900	""osoba3""
""osoba3""		1614.3	1614300	1620.3	1620300	7.0	7000	""osoba3""
""osoba3""		1615.8	1615800	1620.3	1620300	5.5	5500	""osoba3""
""osoba1""		1616.7001	1616700	1616.7001	1616700	1.0	1000	""osoba1""
""osoba3""		1616.7001	1616700	1620.3	1620300	4.5999756	4599	""osoba3""
""osoba3""		1617.6001	1617600	1620.3	1620300	3.6999512	3699	""osoba3""
""osoba3""		1618.5001	1618500	1620.3	1620300	2.7999268	2799	""osoba3""
