"default"		0.0	0	1.0	1000	1.0	1000	BEGIN
"default"		1620.3	1620300	1620.31	1621300	1.0	1000	END
""osoba4""		6.3	6300	24.300001	24300	19.0	19000	""osoba4""
""osoba1""		8.400001	8400	13.200001	13200	5.8	5800	""osoba1""
""osoba1""		9.900001	9900	13.200001	13200	4.3	4300	""osoba1""
""osoba4""		9.900001	9900	24.300001	24300	15.400001	15400	""osoba4""
""osoba1""		11.400001	11400	13.200001	13200	2.8000002	2800	""osoba1""
""osoba1""		12.0	12000	13.200001	13200	2.2000008	2200	""osoba1""
""osoba3""		12.0	12000	17.1	17100	6.1000004	6100	""osoba3""
""osoba4""		12.0	12000	24.300001	24300	13.300001	13300	""osoba4""
""osoba3""		14.700001	14700	17.1	17100	3.3999996	3399	""osoba3""
""osoba1""		15.900001	15900	15.900001	15900	1.0	1000	""osoba1""
""osoba4""		15.900001	15900	24.300001	24300	9.400001	9400	""osoba4""
""osoba4""		19.2	19200	24.300001	24300	6.1000004	6100	""osoba4""
""osoba4""		20.1	20100	24.300001	24300	5.200001	5200	""osoba4""
""osoba3""		24.0	24000	30.900002	30900	7.9000015	7900	""osoba3""
""osoba3""		25.2	25200	30.900002	30900	6.700001	6700	""osoba3""
""osoba3""		26.1	26100	30.900002	30900	5.800001	5800	""osoba3""
""osoba3""		27.300001	27300	30.900002	30900	4.6000004	4600	""osoba3""
""osoba4""		27.6	27600	34.800003	34800	8.200003	8200	""osoba4""
""osoba4""		28.800001	28800	34.800003	34800	7.000002	7000	""osoba4""
""osoba3""		29.7	29700	30.900002	30900	2.2000008	2200	""osoba3""
""osoba4""		31.2	31200	34.800003	34800	4.6000023	4600	""osoba4""
""osoba4""		32.7	32700	34.800003	34800	3.1000023	3100	""osoba4""
""osoba2""		34.5	34500	38.100002	38100	4.6000023	4600	""osoba2""
""osoba3""		36.600002	36600	46.5	46500	10.899998	10899	""osoba3""
""osoba1""		37.5	37500	37.5	37500	1.0	1000	""osoba1""
""osoba3""		44.100002	44100	46.5	46500	3.3999977	3399	""osoba3""
""osoba1""		46.2	46200	49.2	49200	4.0	4000	""osoba1""
""osoba4""		47.100002	47100	52.800003	52800	6.700001	6700	""osoba4""
""osoba4""		48.9	48900	52.800003	52800	4.9000015	4900	""osoba4""
""osoba4""		50.4	50400	52.800003	52800	3.4000015	3400	""osoba4""
""osoba1""		52.500004	52500	93.0	93000	41.499996	41499	""osoba1""
""osoba2""		53.7	53700	55.2	55200	2.5	2500	""osoba2""
""osoba1""		54.000004	54000	93.0	93000	39.999996	39999	""osoba1""
""osoba1""		57.9	57900	93.0	93000	36.1	36100	""osoba1""
""osoba1""		60.000004	60000	93.0	93000	33.999996	33999	""osoba1""
""osoba1""		65.700005	65700	93.0	93000	28.299995	28299	""osoba1""
""osoba2""		66.9	66900	67.5	67500	1.5999985	1599	""osoba2""
""osoba1""		67.200005	67200	93.0	93000	26.799995	26799	""osoba1""
""osoba1""		69.9	69900	93.0	93000	24.099998	24099	""osoba1""
""osoba1""		72.9	72900	93.0	93000	21.099998	21099	""osoba1""
""osoba1""		73.8	73800	93.0	93000	20.199997	20199	""osoba1""
""osoba1""		74.4	74400	93.0	93000	19.599998	19599	""osoba1""
""osoba1""		76.200005	76200	93.0	93000	17.799995	17799	""osoba1""
""osoba1""		77.4	77400	93.0	93000	16.599998	16599	""osoba1""
""osoba4""		78.3	78300	78.600006	78600	1.300003	1300	""osoba4""
""osoba1""		82.200005	82200	93.0	93000	11.799995	11799	""osoba1""
""osoba1""		84.600006	84600	93.0	93000	9.399994	9399	""osoba1""
""osoba1""		85.200005	85200	93.0	93000	8.799995	8799	""osoba1""
""osoba1""		87.3	87300	93.0	93000	6.699997	6699	""osoba1""
""osoba1""		89.100006	89100	93.0	93000	4.899994	4899	""osoba1""
""osoba1""		90.3	90300	93.0	93000	3.699997	3699	""osoba1""
""osoba3""		90.9	90900	94.5	94500	4.5999985	4599	""osoba3""
""osoba1""		95.4	95400	124.200005	124200	29.800003	29800	""osoba1""
""osoba1""		98.4	98400	124.200005	124200	26.800003	26800	""osoba1""
""osoba1""		100.50001	100500	124.200005	124200	24.699997	24699	""osoba1""
""osoba1""		101.100006	101100	124.200005	124200	24.099998	24099	""osoba1""
""osoba1""		105.600006	105600	124.200005	124200	19.599998	19599	""osoba1""
""osoba1""		106.8	106800	124.200005	124200	18.400002	18400	""osoba1""
""osoba1""		108.600006	108600	124.200005	124200	16.599998	16599	""osoba1""
""osoba3""		108.9	108900	109.200005	109200	1.300003	1300	""osoba3""
""osoba1""		109.8	109800	124.200005	124200	15.400002	15400	""osoba1""
""osoba1""		112.50001	112500	124.200005	124200	12.699997	12699	""osoba1""
""osoba1""		116.100006	116100	124.200005	124200	9.099998	9099	""osoba1""
""osoba1""		116.700005	116700	124.200005	124200	8.5	8500	""osoba1""
""osoba1""		117.600006	117600	124.200005	124200	7.5999985	7599	""osoba1""
""osoba1""		120.3	120300	124.200005	124200	4.9000015	4900	""osoba1""
""osoba1""		121.50001	121500	124.200005	124200	3.699997	3699	""osoba1""
""osoba2""		122.100006	122100	123.600006	123600	2.5	2500	""osoba2""
""osoba4""		122.700005	122700	133.8	133800	12.099998	12099	""osoba4""
""osoba1""		124.200005	124200	124.200005	124200	1.0	1000	""osoba1""
""osoba4""		125.100006	125100	133.8	133800	9.699997	9699	""osoba4""
""osoba4""		127.50001	127500	133.8	133800	7.2999954	7299	""osoba4""
""osoba3""		128.1	128100	128.70001	128700	1.6000061	1600	""osoba3""
""osoba4""		130.20001	130200	133.8	133800	4.599991	4599	""osoba4""
""osoba1""		132.90001	132900	136.20001	136200	4.300003	4300	""osoba1""
""osoba2""		133.8	133800	133.8	133800	1.0	1000	""osoba2""
""osoba1""		134.70001	134700	136.20001	136200	2.5	2500	""osoba1""
""osoba1""		135.3	135300	136.20001	136200	1.9000092	1900	""osoba1""
""osoba2""		136.20001	136200	140.1	140100	4.899994	4899	""osoba2""
""osoba4""		138.0	138000	146.1	146100	9.100006	9100	""osoba4""
""osoba4""		139.20001	139200	146.1	146100	7.899994	7899	""osoba4""
""osoba4""		141.3	141300	146.1	146100	5.800003	5800	""osoba4""
""osoba4""		144.3	144300	146.1	146100	2.800003	2800	""osoba4""
""osoba3""		146.40001	146400	168.6	168600	23.199997	23199	""osoba3""
""osoba3""		150.90001	150900	168.6	168600	18.699997	18699	""osoba3""
""osoba3""		153.90001	153900	168.6	168600	15.699997	15699	""osoba3""
""osoba4""		155.1	155100	156.90001	156900	2.800003	2800	""osoba4""
""osoba4""		156.3	156300	156.90001	156900	1.6000061	1600	""osoba4""
""osoba3""		156.90001	156900	168.6	168600	12.699997	12699	""osoba3""
""osoba4""		156.90001	156900	156.90001	156900	1.0	1000	""osoba4""
""osoba3""		159.0	159000	168.6	168600	10.600006	10600	""osoba3""
""osoba3""		159.6	159600	168.6	168600	10.0	10000	""osoba3""
""osoba4""		159.90001	159900	159.90001	159900	1.0	1000	""osoba4""
""osoba3""		160.20001	160200	168.6	168600	9.399994	9399	""osoba3""
""osoba3""		161.40001	161400	168.6	168600	8.199997	8199	""osoba3""
""osoba3""		162.0	162000	168.6	168600	7.600006	7600	""osoba3""
""osoba2""		163.8	163800	164.40001	164400	1.6000061	1600	""osoba2""
""osoba4""		164.40001	164400	169.5	169500	6.099991	6099	""osoba4""
""osoba3""		165.90001	165900	168.6	168600	3.699997	3699	""osoba3""
""osoba4""		166.8	166800	169.5	169500	3.699997	3699	""osoba4""
""osoba4""		168.0	168000	169.5	169500	2.5	2500	""osoba4""
""osoba3""		168.6	168600	168.6	168600	1.0	1000	""osoba3""
""osoba1""		169.5	169500	175.20001	175200	6.700012	6700	""osoba1""
""osoba4""		169.5	169500	169.5	169500	1.0	1000	""osoba4""
""osoba1""		171.6	171600	175.20001	175200	4.600006	4600	""osoba1""
""osoba1""		172.20001	172200	175.20001	175200	4.0	4000	""osoba1""
""osoba1""		174.0	174000	175.20001	175200	2.2000122	2200	""osoba1""
""osoba4""		174.0	174000	175.20001	175200	2.2000122	2200	""osoba4""
""osoba1""		175.20001	175200	175.20001	175200	1.0	1000	""osoba1""
""osoba3""		175.5	175500	198.00002	198000	23.500015	23500	""osoba3""
""osoba3""		179.40001	179400	198.00002	198000	19.600006	19600	""osoba3""
""osoba3""		182.70001	182700	198.00002	198000	16.300003	16300	""osoba3""
""osoba3""		183.6	183600	198.00002	198000	15.400009	15400	""osoba3""
""osoba4""		184.20001	184200	185.40001	185400	2.199997	2199	""osoba4""
""osoba3""		185.1	185100	198.00002	198000	13.900009	13900	""osoba3""
""osoba3""		187.20001	187200	198.00002	198000	11.800003	11800	""osoba3""
""osoba3""		188.40001	188400	198.00002	198000	10.600006	10600	""osoba3""
""osoba3""		195.00002	195000	198.00002	198000	4.0	4000	""osoba3""
""osoba3""		195.6	195600	198.00002	198000	3.4000092	3400	""osoba3""
""osoba3""		197.1	197100	198.00002	198000	1.9000092	1900	""osoba3""
""osoba3""		197.70001	197700	198.00002	198000	1.300003	1300	""osoba3""
""osoba1""		198.00002	198000	204.00002	204000	7.0	7000	""osoba1""
""osoba1""		199.20001	199200	204.00002	204000	5.800003	5800	""osoba1""
""osoba1""		199.8	199800	204.00002	204000	5.200012	5200	""osoba1""
""osoba3""		202.50002	202500	214.50002	214500	13.0	13000	""osoba3""
""osoba3""		203.70001	203700	214.50002	214500	11.800003	11800	""osoba3""
""osoba1""		204.00002	204000	204.00002	204000	1.0	1000	""osoba1""
""osoba3""		205.20001	205200	214.50002	214500	10.300003	10300	""osoba3""
""osoba2""		205.8	205800	206.1	206100	1.300003	1300	""osoba2""
""osoba3""		207.90001	207900	214.50002	214500	7.600006	7600	""osoba3""
""osoba3""		209.1	209100	214.50002	214500	6.400009	6400	""osoba3""
""osoba3""		210.6	210600	214.50002	214500	4.900009	4900	""osoba3""
""osoba3""		212.70001	212700	214.50002	214500	2.800003	2800	""osoba3""
""osoba3""		213.90001	213900	214.50002	214500	1.6000061	1600	""osoba3""
""osoba1""		214.8	214800	216.90001	216900	3.100006	3100	""osoba1""
""osoba4""		216.3	216300	222.3	222300	7.0	7000	""osoba4""
""osoba3""		216.6	216600	217.50002	217500	1.9000092	1900	""osoba3""
""osoba1""		220.8	220800	221.1	221100	1.300003	1300	""osoba1""
""osoba2""		221.1	221100	228.3	228300	8.199997	8199	""osoba2""
""osoba4""		221.40001	221400	222.3	222300	1.8999939	1899	""osoba4""
""osoba2""		223.20001	223200	228.3	228300	6.099991	6099	""osoba2""
""osoba1""		224.40001	224400	224.40001	224400	1.0	1000	""osoba1""
""osoba2""		225.3	225300	228.3	228300	4.0	4000	""osoba2""
""osoba1""		228.3	228300	237.3	237300	10.0	10000	""osoba1""
""osoba1""		231.00002	231000	237.3	237300	7.299988	7299	""osoba1""
""osoba3""		233.1	233100	233.1	233100	1.0	1000	""osoba3""
""osoba2""		233.70001	233700	234.90001	234900	2.199997	2199	""osoba2""
""osoba4""		237.00002	237000	257.1	257100	21.09999	21099	""osoba4""
""osoba4""		238.50002	238500	257.1	257100	19.59999	19599	""osoba4""
""osoba4""		241.20001	241200	257.1	257100	16.899994	16899	""osoba4""
""osoba4""		248.40001	248400	257.1	257100	9.699997	9699	""osoba4""
""osoba4""		249.3	249300	257.1	257100	8.800003	8800	""osoba4""
""osoba4""		249.90001	249900	257.1	257100	8.199997	8199	""osoba4""
""osoba4""		250.8	250800	257.1	257100	7.300003	7300	""osoba4""
""osoba4""		252.90001	252900	257.1	257100	5.199997	5199	""osoba4""
""osoba4""		254.1	254100	257.1	257100	4.0	4000	""osoba4""
""osoba2""		256.5	256500	261.6	261600	6.100006	6100	""osoba2""
""osoba4""		257.1	257100	257.1	257100	1.0	1000	""osoba4""
""osoba2""		258.0	258000	261.6	261600	4.600006	4600	""osoba2""
""osoba2""		259.80002	259800	261.6	261600	2.7999878	2799	""osoba2""
""osoba4""		260.40002	260400	273.0	273000	13.599976	13599	""osoba4""
""osoba4""		264.6	264600	273.0	273000	9.399994	9399	""osoba4""
""osoba4""		267.30002	267300	273.0	273000	6.6999817	6699	""osoba4""
""osoba4""		270.0	270000	273.0	273000	4.0	4000	""osoba4""
""osoba2""		270.30002	270300	270.30002	270300	1.0	1000	""osoba2""
""osoba4""		271.2	271200	273.0	273000	2.7999878	2799	""osoba4""
""osoba4""		272.1	272100	273.0	273000	1.8999939	1899	""osoba4""
""osoba2""		272.40002	272400	282.30002	282300	10.899994	10899	""osoba2""
""osoba2""		275.7	275700	282.30002	282300	7.600006	7600	""osoba2""
""osoba2""		276.90002	276900	282.30002	282300	6.399994	6399	""osoba2""
""osoba3""		277.2	277200	277.80002	277800	1.6000061	1600	""osoba3""
""osoba4""		278.40002	278400	281.1	281100	3.6999817	3699	""osoba4""
""osoba1""		279.6	279600	288.0	288000	9.399994	9399	""osoba1""
""osoba3""		285.0	285000	286.2	286200	2.2000122	2200	""osoba3""
""osoba3""		285.90002	285900	286.2	286200	1.2999878	1299	""osoba3""
""osoba1""		286.2	286200	288.0	288000	2.7999878	2799	""osoba1""
""osoba4""		287.7	287700	295.80002	295800	9.100006	9100	""osoba4""
""osoba4""		289.2	289200	295.80002	295800	7.600006	7600	""osoba4""
""osoba4""		290.7	290700	295.80002	295800	6.100006	6100	""osoba4""
""osoba4""		292.5	292500	295.80002	295800	4.3000183	4300	""osoba4""
""osoba4""		294.6	294600	295.80002	295800	2.2000122	2200	""osoba4""
""osoba4""		295.80002	295800	295.80002	295800	1.0	1000	""osoba4""
""osoba1""		296.7	296700	303.90002	303900	8.200012	8200	""osoba1""
""osoba1""		299.40002	299400	303.90002	303900	5.5	5500	""osoba1""
""osoba1""		300.6	300600	303.90002	303900	4.3000183	4300	""osoba1""
""osoba1""		302.1	302100	303.90002	303900	2.8000183	2800	""osoba1""
""osoba1""		303.0	303000	303.90002	303900	1.9000244	1900	""osoba1""
""osoba2""		303.30002	303300	315.30002	315300	13.0	13000	""osoba2""
""osoba4""		303.6	303600	306.30002	306300	3.7000122	3700	""osoba4""
""osoba1""		306.30002	306300	306.30002	306300	1.0	1000	""osoba1""
""osoba4""		306.30002	306300	306.30002	306300	1.0	1000	""osoba4""
""osoba2""		307.2	307200	315.30002	315300	9.100006	9100	""osoba2""
""osoba2""		311.40002	311400	315.30002	315300	4.899994	4899	""osoba2""
""osoba4""		311.7	311700	311.7	311700	1.0	1000	""osoba4""
""osoba3""		314.7	314700	322.5	322500	8.799988	8799	""osoba3""
""osoba3""		316.5	316500	322.5	322500	7.0	7000	""osoba3""
""osoba3""		317.40002	317400	322.5	322500	6.0999756	6099	""osoba3""
""osoba3""		318.30002	318300	322.5	322500	5.1999817	5199	""osoba3""
""osoba3""		319.5	319500	322.5	322500	4.0	4000	""osoba3""
""osoba4""		322.5	322500	336.30002	336300	14.800018	14800	""osoba4""
""osoba4""		326.40002	326400	336.30002	336300	10.899994	10899	""osoba4""
""osoba4""		327.30002	327300	336.30002	336300	10.0	10000	""osoba4""
""osoba4""		330.6	330600	336.30002	336300	6.700012	6700	""osoba4""
""osoba4""		333.30002	333300	336.30002	336300	4.0	4000	""osoba4""
""osoba4""		334.2	334200	336.30002	336300	3.100006	3100	""osoba4""
""osoba4""		335.1	335100	336.30002	336300	2.2000122	2200	""osoba4""
""osoba1""		335.40002	335400	335.7	335700	1.2999878	1299	""osoba1""
""osoba3""		335.7	335700	345.90002	345900	11.200012	11200	""osoba3""
""osoba3""		337.2	337200	345.90002	345900	9.700012	9700	""osoba3""
""osoba3""		338.40002	338400	345.90002	345900	8.5	8500	""osoba3""
""osoba3""		340.2	340200	345.90002	345900	6.700012	6700	""osoba3""
""osoba3""		341.1	341100	345.90002	345900	5.8000183	5800	""osoba3""
""osoba3""		341.7	341700	345.90002	345900	5.200012	5200	""osoba3""
""osoba3""		343.80002	343800	345.90002	345900	3.100006	3100	""osoba3""
""osoba3""		345.90002	345900	345.90002	345900	1.0	1000	""osoba3""
""osoba4""		346.2	346200	357.30002	357300	12.100006	12100	""osoba4""
""osoba4""		347.7	347700	357.30002	357300	10.600006	10600	""osoba4""
""osoba4""		348.90002	348900	357.30002	357300	9.399994	9399	""osoba4""
""osoba4""		351.6	351600	357.30002	357300	6.700012	6700	""osoba4""
""osoba1""		352.80002	352800	352.80002	352800	1.0	1000	""osoba1""
""osoba4""		353.7	353700	357.30002	357300	4.600006	4600	""osoba4""
""osoba3""		354.0	354000	358.2	358200	5.200012	5200	""osoba3""
""osoba4""		354.30002	354300	357.30002	357300	4.0	4000	""osoba4""
""osoba3""		355.2	355200	358.2	358200	4.0	4000	""osoba3""
""osoba1""		357.30002	357300	366.30002	366300	10.0	10000	""osoba1""
""osoba1""		358.80002	358800	366.30002	366300	8.5	8500	""osoba1""
""osoba1""		360.6	360600	366.30002	366300	6.700012	6700	""osoba1""
""osoba4""		363.0	363000	363.90002	363900	1.9000244	1900	""osoba4""
""osoba2""		363.90002	363900	368.7	368700	5.799988	5799	""osoba2""
""osoba2""		367.5	367500	368.7	368700	2.2000122	2200	""osoba2""
""osoba4""		369.30002	369300	369.6	369600	1.2999878	1299	""osoba4""
""osoba1""		369.90002	369900	381.30002	381300	12.399994	12399	""osoba1""
""osoba1""		371.1	371100	381.30002	381300	11.200012	11200	""osoba1""
""osoba1""		374.40002	374400	381.30002	381300	7.899994	7899	""osoba1""
""osoba2""		374.7	374700	376.2	376200	2.5	2500	""osoba2""
""osoba1""		377.7	377700	381.30002	381300	4.600006	4600	""osoba1""
""osoba3""		380.1	380100	384.0	384000	4.899994	4899	""osoba3""
""osoba1""		381.30002	381300	381.30002	381300	1.0	1000	""osoba1""
""osoba3""		382.80002	382800	384.0	384000	2.1999817	2199	""osoba3""
""osoba1""		383.7	383700	432.90002	432900	50.200012	50200	""osoba1""
""osoba1""		385.2	385200	432.90002	432900	48.700012	48700	""osoba1""
""osoba1""		388.2	388200	432.90002	432900	45.700012	45700	""osoba1""
""osoba2""		388.50003	388500	390.00003	390000	2.5	2500	""osoba2""
""osoba1""		392.7	392700	432.90002	432900	41.200012	41200	""osoba1""
""osoba3""		393.00003	393000	393.6	393600	1.5999756	1599	""osoba3""
""osoba1""		395.40002	395400	432.90002	432900	38.5	38500	""osoba1""
""osoba1""		396.6	396600	432.90002	432900	37.30002	37300	""osoba1""
""osoba1""		397.50003	397500	432.90002	432900	36.399994	36399	""osoba1""
""osoba1""		399.6	399600	432.90002	432900	34.30002	34300	""osoba1""
""osoba1""		401.1	401100	432.90002	432900	32.80002	32800	""osoba1""
""osoba4""		401.40002	401400	401.40002	401400	1.0	1000	""osoba4""
""osoba1""		402.30002	402300	432.90002	432900	31.600006	31600	""osoba1""
""osoba1""		403.2	403200	432.90002	432900	30.700012	30700	""osoba1""
""osoba1""		404.40002	404400	432.90002	432900	29.5	29500	""osoba1""
""osoba3""		404.7	404700	408.00003	408000	4.3000183	4300	""osoba3""
""osoba3""		405.90002	405900	408.00003	408000	3.100006	3100	""osoba3""
""osoba1""		406.2	406200	432.90002	432900	27.700012	27700	""osoba1""
""osoba2""		406.2	406200	406.80002	406800	1.6000061	1600	""osoba2""
""osoba1""		410.7	410700	432.90002	432900	23.200012	23200	""osoba1""
""osoba2""		413.1	413100	413.1	413100	1.0	1000	""osoba2""
""osoba1""		413.40002	413400	432.90002	432900	20.5	20500	""osoba1""
""osoba4""		414.30002	414300	414.6	414600	1.2999878	1299	""osoba4""
""osoba1""		415.80002	415800	432.90002	432900	18.100006	18100	""osoba1""
""osoba1""		417.30002	417300	432.90002	432900	16.600006	16600	""osoba1""
""osoba1""		417.90002	417900	432.90002	432900	16.0	16000	""osoba1""
""osoba3""		418.50003	418500	420.30002	420300	2.7999878	2799	""osoba3""
""osoba1""		419.1	419100	432.90002	432900	14.800018	14800	""osoba1""
""osoba1""		422.40002	422400	432.90002	432900	11.5	11500	""osoba1""
""osoba1""		426.30002	426300	432.90002	432900	7.600006	7600	""osoba1""
""osoba1""		426.90002	426900	432.90002	432900	7.0	7000	""osoba1""
""osoba1""		428.1	428100	432.90002	432900	5.8000183	5800	""osoba1""
""osoba4""		428.40002	428400	429.90002	429900	2.5	2500	""osoba4""
""osoba1""		430.2	430200	432.90002	432900	3.7000122	3700	""osoba1""
""osoba2""		432.00003	432000	452.7	452700	21.699982	21699	""osoba2""
""osoba2""		434.40002	434400	452.7	452700	19.299988	19299	""osoba2""
""osoba2""		435.00003	435000	452.7	452700	18.699982	18699	""osoba2""
""osoba2""		435.90002	435900	452.7	452700	17.799988	17799	""osoba2""
""osoba2""		438.30002	438300	452.7	452700	15.399994	15399	""osoba2""
""osoba4""		438.90002	438900	440.1	440100	2.1999817	2199	""osoba4""
""osoba2""		440.7	440700	452.7	452700	13.0	13000	""osoba2""
""osoba1""		442.50003	442500	444.6	444600	3.0999756	3099	""osoba1""
""osoba2""		442.50003	442500	452.7	452700	11.199982	11199	""osoba2""
""osoba2""		448.80002	448800	452.7	452700	4.899994	4899	""osoba2""
""osoba1""		450.30002	450300	450.6	450600	1.2999878	1299	""osoba1""
""osoba3""		451.80002	451800	455.7	455700	4.899994	4899	""osoba3""
""osoba4""		453.90002	453900	460.80002	460800	7.899994	7899	""osoba4""
""osoba4""		454.80002	454800	460.80002	460800	7.0	7000	""osoba4""
""osoba3""		455.7	455700	455.7	455700	1.0	1000	""osoba3""
""osoba4""		456.6	456600	460.80002	460800	5.200012	5200	""osoba4""
""osoba4""		457.50003	457500	460.80002	460800	4.299988	4299	""osoba4""
""osoba1""		458.40002	458400	468.6	468600	11.199982	11199	""osoba1""
""osoba4""		460.2	460200	460.80002	460800	1.6000061	1600	""osoba4""
""osoba4""		460.80002	460800	460.80002	460800	1.0	1000	""osoba4""
""osoba1""		461.7	461700	468.6	468600	7.899994	7899	""osoba1""
""osoba4""		462.90002	462900	499.2	499200	37.299988	37299	""osoba4""
""osoba3""		464.40002	464400	465.6	465600	2.1999817	2199	""osoba3""
""osoba1""		465.6	465600	468.6	468600	4.0	4000	""osoba1""
""osoba1""		467.40002	467400	468.6	468600	2.1999817	2199	""osoba1""
""osoba4""		469.2	469200	499.2	499200	31.0	31000	""osoba4""
""osoba4""		471.90002	471900	499.2	499200	28.299988	28299	""osoba4""
""osoba4""		472.50003	472500	499.2	499200	27.699982	27699	""osoba4""
""osoba4""		473.7	473700	499.2	499200	26.5	26500	""osoba4""
""osoba4""		474.6	474600	499.2	499200	25.600006	25600	""osoba4""
""osoba4""		477.6	477600	499.2	499200	22.600006	22600	""osoba4""
""osoba4""		479.7	479700	499.2	499200	20.5	20500	""osoba4""
""osoba2""		481.50003	481500	482.7	482700	2.1999817	2199	""osoba2""
""osoba2""		482.7	482700	482.7	482700	1.0	1000	""osoba2""
""osoba4""		483.00003	483000	499.2	499200	17.199982	17199	""osoba4""
""osoba4""		484.50003	484500	499.2	499200	15.699982	15699	""osoba4""
""osoba4""		487.80002	487800	499.2	499200	12.399994	12399	""osoba4""
""osoba4""		488.40002	488400	499.2	499200	11.799988	11799	""osoba4""
""osoba4""		490.2	490200	499.2	499200	10.0	10000	""osoba4""
""osoba4""		491.7	491700	499.2	499200	8.5	8500	""osoba4""
""osoba1""		493.50003	493500	495.6	495600	3.0999756	3099	""osoba1""
""osoba2""		494.40002	494400	494.40002	494400	1.0	1000	""osoba2""
""osoba3""		495.90002	495900	517.80005	517800	22.900024	22900	""osoba3""
""osoba3""		496.80002	496800	517.80005	517800	22.00003	22000	""osoba3""
""osoba4""		497.40002	497400	499.2	499200	2.7999878	2799	""osoba4""
""osoba4""		499.2	499200	499.2	499200	1.0	1000	""osoba4""
""osoba3""		499.50003	499500	517.80005	517800	19.300018	19300	""osoba3""
""osoba3""		500.7	500700	517.80005	517800	18.100037	18100	""osoba3""
""osoba3""		510.00003	510000	517.80005	517800	8.800018	8800	""osoba3""
""osoba4""		510.6	510600	513.0	513000	3.399994	3399	""osoba4""
""osoba3""		513.9	513900	517.80005	517800	4.9000244	4900	""osoba3""
""osoba3""		514.5	514500	517.80005	517800	4.300049	4300	""osoba3""
""osoba3""		516.9	516900	517.80005	517800	1.9000244	1900	""osoba3""
""osoba1""		517.2	517200	517.5	517500	1.2999878	1299	""osoba1""
""osoba4""		517.80005	517800	521.4	521400	4.5999756	4599	""osoba4""
""osoba4""		520.80005	520800	521.4	521400	1.5999756	1599	""osoba4""
""osoba2""		521.4	521400	523.5	523500	3.0999756	3099	""osoba2""
""osoba3""		521.7	521700	522.9	522900	2.2000122	2200	""osoba3""
""osoba1""		522.9	522900	528.60004	528600	6.700012	6700	""osoba1""
""osoba2""		523.5	523500	523.5	523500	1.0	1000	""osoba2""
""osoba1""		524.10004	524100	528.60004	528600	5.5	5500	""osoba1""
""osoba1""		527.10004	527100	528.60004	528600	2.5	2500	""osoba1""
""osoba4""		528.0	528000	532.5	532500	5.5	5500	""osoba4""
""osoba2""		529.2	529200	535.5	535500	7.299988	7299	""osoba2""
""osoba1""		532.2	532200	568.5	568500	37.299988	37299	""osoba1""
""osoba2""		532.5	532500	535.5	535500	4.0	4000	""osoba2""
""osoba1""		535.2	535200	568.5	568500	34.299988	34299	""osoba1""
""osoba2""		535.2	535200	535.5	535500	1.2999878	1299	""osoba2""
""osoba4""		537.60004	537600	538.5	538500	1.8999634	1899	""osoba4""
""osoba3""		543.9	543900	545.7	545700	2.7999878	2799	""osoba3""
""osoba1""		544.80005	544800	568.5	568500	24.699951	24699	""osoba1""
""osoba2""		545.10004	545100	546.60004	546600	2.5	2500	""osoba2""
""osoba3""		545.4	545400	545.7	545700	1.2999878	1299	""osoba3""
""osoba4""		548.10004	548100	548.10004	548100	1.0	1000	""osoba4""
""osoba1""		550.80005	550800	568.5	568500	18.699951	18699	""osoba1""
""osoba1""		553.2	553200	568.5	568500	16.299988	16299	""osoba1""
""osoba1""		553.80005	553800	568.5	568500	15.699951	15699	""osoba1""
""osoba1""		555.30005	555300	568.5	568500	14.199951	14199	""osoba1""
""osoba1""		556.2	556200	568.5	568500	13.299988	13299	""osoba1""
""osoba1""		558.60004	558600	568.5	568500	10.899963	10899	""osoba1""
""osoba2""		558.60004	558600	558.60004	558600	1.0	1000	""osoba2""
""osoba1""		559.80005	559800	568.5	568500	9.699951	9699	""osoba1""
""osoba1""		561.0	561000	568.5	568500	8.5	8500	""osoba1""
""osoba1""		562.80005	562800	568.5	568500	6.699951	6699	""osoba1""
""osoba1""		563.4	563400	568.5	568500	6.0999756	6099	""osoba1""
""osoba1""		564.9	564900	568.5	568500	4.5999756	4599	""osoba1""
""osoba3""		566.10004	566100	571.80005	571800	6.700012	6700	""osoba3""
""osoba3""		567.60004	567600	571.80005	571800	5.200012	5200	""osoba3""
""osoba1""		567.9	567900	568.5	568500	1.5999756	1599	""osoba1""
""osoba2""		570.60004	570600	571.80005	571800	2.2000122	2200	""osoba2""
""osoba4""		570.9	570900	574.80005	574800	4.9000244	4900	""osoba4""
""osoba4""		573.30005	573300	574.80005	574800	2.5	2500	""osoba4""
""osoba4""		573.9	573900	574.80005	574800	1.9000244	1900	""osoba4""
""osoba3""		574.5	574500	595.80005	595800	22.300049	22300	""osoba3""
""osoba4""		574.5	574500	574.80005	574800	1.3000488	1300	""osoba4""
""osoba3""		576.0	576000	595.80005	595800	20.800049	20800	""osoba3""
""osoba3""		576.60004	576600	595.80005	595800	20.200012	20200	""osoba3""
""osoba3""		577.2	577200	595.80005	595800	19.600037	19600	""osoba3""
""osoba3""		578.10004	578100	595.80005	595800	18.700012	18700	""osoba3""
""osoba3""		578.7	578700	595.80005	595800	18.100037	18100	""osoba3""
""osoba3""		579.60004	579600	595.80005	595800	17.200012	17200	""osoba3""
""osoba3""		581.10004	581100	595.80005	595800	15.700012	15700	""osoba3""
""osoba3""		581.7	581700	595.80005	595800	15.100037	15100	""osoba3""
""osoba3""		583.5	583500	595.80005	595800	13.300049	13300	""osoba3""
""osoba3""		584.10004	584100	595.80005	595800	12.700012	12700	""osoba3""
""osoba3""		585.9	585900	595.80005	595800	10.900024	10900	""osoba3""
""osoba3""		588.30005	588300	595.80005	595800	8.5	8500	""osoba3""
""osoba3""		591.30005	591300	595.80005	595800	5.5	5500	""osoba3""
""osoba3""		592.2	592200	595.80005	595800	4.6000366	4600	""osoba3""
""osoba4""		593.10004	593100	593.10004	593100	1.0	1000	""osoba4""
""osoba1""		595.2	595200	632.4	632400	38.200012	38200	""osoba1""
""osoba1""		596.4	596400	632.4	632400	37.0	37000	""osoba1""
""osoba1""		599.7	599700	632.4	632400	33.700012	33700	""osoba1""
""osoba1""		600.30005	600300	632.4	632400	33.099976	33099	""osoba1""
""osoba1""		602.4	602400	632.4	632400	31.0	31000	""osoba1""
""osoba4""		609.60004	609600	610.2	610200	1.5999756	1599	""osoba4""
""osoba1""		610.80005	610800	632.4	632400	22.599976	22599	""osoba1""
""osoba3""		612.0	612000	613.80005	613800	2.8000488	2800	""osoba3""
""osoba1""		615.30005	615300	632.4	632400	18.099976	18099	""osoba1""
""osoba1""		615.9	615900	632.4	632400	17.5	17500	""osoba1""
""osoba4""		616.2	616200	616.2	616200	1.0	1000	""osoba4""
""osoba1""		617.10004	617100	632.4	632400	16.299988	16299	""osoba1""
""osoba1""		618.0	618000	632.4	632400	15.400024	15400	""osoba1""
""osoba4""		620.10004	620100	620.10004	620100	1.0	1000	""osoba4""
""osoba1""		621.30005	621300	632.4	632400	12.099976	12099	""osoba1""
""osoba1""		622.5	622500	632.4	632400	10.900024	10900	""osoba1""
""osoba1""		624.9	624900	632.4	632400	8.5	8500	""osoba1""
""osoba1""		625.5	625500	632.4	632400	7.9000244	7900	""osoba1""
""osoba1""		626.7	626700	632.4	632400	6.700012	6700	""osoba1""
""osoba1""		628.2	628200	632.4	632400	5.200012	5200	""osoba1""
""osoba2""		629.10004	629100	637.80005	637800	9.700012	9700	""osoba2""
""osoba2""		630.0	630000	637.80005	637800	8.800049	8800	""osoba2""
""osoba2""		630.60004	630600	637.80005	637800	8.200012	8200	""osoba2""
""osoba1""		630.9	630900	632.4	632400	2.5	2500	""osoba1""
""osoba3""		636.30005	636300	636.9	636900	1.5999756	1599	""osoba3""
""osoba4""		636.60004	636600	641.10004	641100	5.5	5500	""osoba4""
""osoba4""		639.30005	639300	641.10004	641100	2.7999878	2799	""osoba4""
""osoba4""		641.10004	641100	641.10004	641100	1.0	1000	""osoba4""
""osoba2""		641.7	641700	644.4	644400	3.7000122	3700	""osoba2""
""osoba3""		642.60004	642600	642.9	642900	1.2999878	1299	""osoba3""
""osoba1""		644.10004	644100	667.5	667500	24.399963	24399	""osoba1""
""osoba1""		646.2	646200	667.5	667500	22.299988	22299	""osoba1""
""osoba1""		647.7	647700	667.5	667500	20.799988	20799	""osoba1""
""osoba1""		649.5	649500	667.5	667500	19.0	19000	""osoba1""
""osoba1""		654.0	654000	667.5	667500	14.5	14500	""osoba1""
""osoba1""		655.5	655500	667.5	667500	13.0	13000	""osoba1""
""osoba3""		656.7	656700	657.9	657900	2.2000122	2200	""osoba3""
""osoba4""		657.30005	657300	659.10004	659100	2.7999878	2799	""osoba4""
""osoba1""		658.5	658500	667.5	667500	10.0	10000	""osoba1""
""osoba2""		661.5	661500	661.5	661500	1.0	1000	""osoba2""
""osoba1""		663.0	663000	667.5	667500	5.5	5500	""osoba1""
""osoba4""		663.30005	663300	663.30005	663300	1.0	1000	""osoba4""
""osoba1""		664.2	664200	667.5	667500	4.299988	4299	""osoba1""
""osoba3""		666.0	666000	668.7	668700	3.7000122	3700	""osoba3""
""osoba4""		669.0	669000	687.9	687900	19.900024	19900	""osoba4""
""osoba3""		671.10004	671100	671.10004	671100	1.0	1000	""osoba3""
""osoba4""		671.7	671700	687.9	687900	17.200012	17200	""osoba4""
""osoba4""		674.7	674700	687.9	687900	14.200012	14200	""osoba4""
""osoba4""		675.9	675900	687.9	687900	13.0	13000	""osoba4""
""osoba4""		678.9	678900	687.9	687900	10.0	10000	""osoba4""
""osoba4""		680.10004	680100	687.9	687900	8.799988	8799	""osoba4""
""osoba4""		680.7	680700	687.9	687900	8.200012	8200	""osoba4""
""osoba4""		683.4	683400	687.9	687900	5.5	5500	""osoba4""
""osoba1""		685.2	685200	685.2	685200	1.0	1000	""osoba1""
""osoba4""		686.10004	686100	687.9	687900	2.7999878	2799	""osoba4""
""osoba1""		687.30005	687300	696.0	696000	9.699951	9699	""osoba1""
""osoba4""		687.30005	687300	687.9	687900	1.5999756	1599	""osoba4""
""osoba1""		690.60004	690600	696.0	696000	6.3999634	6399	""osoba1""
""osoba1""		691.80005	691800	696.0	696000	5.199951	5199	""osoba1""
""osoba4""		693.30005	693300	693.30005	693300	1.0	1000	""osoba4""
""osoba3""		695.4	695400	705.30005	705300	10.900024	10900	""osoba3""
""osoba3""		703.80005	703800	705.30005	705300	2.5	2500	""osoba3""
""osoba4""		705.30005	705300	708.30005	708300	4.0	4000	""osoba4""
""osoba4""		706.80005	706800	708.30005	708300	2.5	2500	""osoba4""
""osoba1""		707.10004	707100	708.9	708900	2.7999878	2799	""osoba1""
""osoba3""		707.7	707700	707.7	707700	1.0	1000	""osoba3""
""osoba2""		708.0	708000	734.10004	734100	27.100037	27100	""osoba2""
""osoba4""		708.30005	708300	708.30005	708300	1.0	1000	""osoba4""
""osoba2""		709.2	709200	734.10004	734100	25.900024	25900	""osoba2""
""osoba2""		711.60004	711600	734.10004	734100	23.5	23500	""osoba2""
""osoba2""		712.5	712500	734.10004	734100	22.600037	22600	""osoba2""
""osoba2""		714.60004	714600	734.10004	734100	20.5	20500	""osoba2""
""osoba2""		717.0	717000	734.10004	734100	18.100037	18100	""osoba2""
""osoba2""		717.9	717900	734.10004	734100	17.200012	17200	""osoba2""
""osoba2""		720.0	720000	734.10004	734100	15.100037	15100	""osoba2""
""osoba4""		722.10004	722100	722.4	722400	1.2999878	1299	""osoba4""
""osoba1""		726.60004	726600	726.60004	726600	1.0	1000	""osoba1""
""osoba2""		729.60004	729600	734.10004	734100	5.5	5500	""osoba2""
""osoba2""		732.60004	732600	734.10004	734100	2.5	2500	""osoba2""
""osoba1""		733.5	733500	744.60004	744600	12.100037	12100	""osoba1""
""osoba1""		735.0	735000	744.60004	744600	10.600037	10600	""osoba1""
""osoba1""		735.60004	735600	744.60004	744600	10.0	10000	""osoba1""
""osoba1""		736.5	736500	744.60004	744600	9.100037	9100	""osoba1""
""osoba2""		736.5	736500	738.9	738900	3.4000244	3400	""osoba2""
""osoba1""		738.60004	738600	744.60004	744600	7.0	7000	""osoba1""
""osoba1""		740.10004	740100	744.60004	744600	5.5	5500	""osoba1""
""osoba1""		742.5	742500	744.60004	744600	3.1000366	3100	""osoba1""
""osoba2""		744.30005	744300	747.9	747900	4.5999756	4599	""osoba2""
""osoba2""		745.5	745500	747.9	747900	3.4000244	3400	""osoba2""
""osoba2""		746.10004	746100	747.9	747900	2.7999878	2799	""osoba2""
""osoba1""		748.5	748500	753.30005	753300	5.800049	5800	""osoba1""
""osoba1""		749.10004	749100	753.30005	753300	5.200012	5200	""osoba1""
""osoba4""		749.7	749700	749.7	749700	1.0	1000	""osoba4""
""osoba1""		750.0	750000	753.30005	753300	4.300049	4300	""osoba1""
""osoba1""		751.2	751200	753.30005	753300	3.1000366	3100	""osoba1""
""osoba2""		752.10004	752100	753.0	753000	1.8999634	1899	""osoba2""
""osoba3""		753.30005	753300	756.60004	756600	4.299988	4299	""osoba3""
""osoba4""		753.60004	753600	759.30005	759300	6.700012	6700	""osoba4""
""osoba4""		755.7	755700	759.30005	759300	4.6000366	4600	""osoba4""
""osoba1""		756.60004	756600	761.10004	761100	5.5	5500	""osoba1""
""osoba1""		760.5	760500	761.10004	761100	1.6000366	1600	""osoba1""
""osoba2""		760.80005	760800	763.80005	763800	4.0	4000	""osoba2""
""osoba1""		763.80005	763800	783.00006	783000	20.200012	20200	""osoba1""
""osoba2""		763.80005	763800	763.80005	763800	1.0	1000	""osoba2""
""osoba1""		765.60004	765600	783.00006	783000	18.400024	18400	""osoba1""
""osoba3""		767.4	767400	768.60004	768600	2.2000122	2200	""osoba3""
""osoba1""		771.30005	771300	783.00006	783000	12.700012	12700	""osoba1""
""osoba1""		771.9	771900	783.00006	783000	12.100037	12100	""osoba1""
""osoba3""		772.2	772200	772.2	772200	1.0	1000	""osoba3""
""osoba4""		773.7	773700	774.9	774900	2.2000122	2200	""osoba4""
""osoba1""		777.9	777900	783.00006	783000	6.1000366	6100	""osoba1""
""osoba2""		778.2	778200	778.50006	778500	1.3000488	1300	""osoba2""
""osoba1""		781.80005	781800	783.00006	783000	2.2000122	2200	""osoba1""
""osoba4""		783.30005	783300	788.4	788400	6.0999756	6099	""osoba4""
""osoba2""		786.00006	786000	786.00006	786000	1.0	1000	""osoba2""
""osoba4""		786.30005	786300	788.4	788400	3.0999756	3099	""osoba4""
""osoba1""		788.7	788700	792.00006	792000	4.300049	4300	""osoba1""
""osoba4""		791.7	791700	794.7	794700	4.0	4000	""osoba4""
""osoba4""		792.9	792900	794.7	794700	2.7999878	2799	""osoba4""
""osoba4""		793.50006	793500	794.7	794700	2.1999512	2199	""osoba4""
""osoba1""		794.4	794400	796.80005	796800	3.4000244	3400	""osoba1""
""osoba2""		796.2	796200	796.50006	796500	1.3000488	1300	""osoba2""
""osoba3""		796.80005	796800	802.80005	802800	7.0	7000	""osoba3""
""osoba3""		798.60004	798600	802.80005	802800	5.200012	5200	""osoba3""
""osoba1""		800.4	800400	807.00006	807000	7.6000366	7600	""osoba1""
""osoba4""		801.00006	801000	801.30005	801300	1.2999878	1299	""osoba4""
""osoba3""		802.50006	802500	802.80005	802800	1.2999878	1299	""osoba3""
""osoba4""		803.7	803700	804.00006	804000	1.3000488	1300	""osoba4""
""osoba1""		805.2	805200	807.00006	807000	2.8000488	2800	""osoba1""
""osoba4""		806.4	806400	816.00006	816000	10.600037	10600	""osoba4""
""osoba1""		814.50006	814500	827.4	827400	13.899963	13899	""osoba1""
""osoba4""		815.7	815700	816.00006	816000	1.3000488	1300	""osoba4""
""osoba1""		817.50006	817500	827.4	827400	10.899963	10899	""osoba1""
""osoba4""		819.60004	819600	822.30005	822300	3.7000122	3700	""osoba4""
""osoba1""		823.2	823200	827.4	827400	5.200012	5200	""osoba1""
""osoba1""		825.60004	825600	827.4	827400	2.7999878	2799	""osoba1""
""osoba1""		826.80005	826800	827.4	827400	1.5999756	1599	""osoba1""
""osoba3""		826.80005	826800	830.10004	830100	4.299988	4299	""osoba3""
""osoba3""		828.9	828900	830.10004	830100	2.2000122	2200	""osoba3""
""osoba1""		829.50006	829500	829.50006	829500	1.0	1000	""osoba1""
""osoba2""		830.10004	830100	836.10004	836100	7.0	7000	""osoba2""
""osoba1""		832.2	832200	841.50006	841500	10.300049	10300	""osoba1""
""osoba4""		832.50006	832500	832.50006	832500	1.0	1000	""osoba4""
""osoba2""		832.80005	832800	836.10004	836100	4.299988	4299	""osoba2""
""osoba2""		834.9	834900	836.10004	836100	2.2000122	2200	""osoba2""
""osoba1""		836.4	836400	841.50006	841500	6.1000366	6100	""osoba1""
""osoba1""		837.9	837900	841.50006	841500	4.6000366	4600	""osoba1""
""osoba1""		838.50006	838500	841.50006	841500	4.0	4000	""osoba1""
""osoba1""		839.10004	839100	841.50006	841500	3.4000244	3400	""osoba1""
""osoba4""		841.50006	841500	852.9	852900	12.399963	12399	""osoba4""
""osoba4""		844.80005	844800	852.9	852900	9.099976	9099	""osoba4""
""osoba4""		848.7	848700	852.9	852900	5.200012	5200	""osoba4""
""osoba4""		849.60004	849600	852.9	852900	4.299988	4299	""osoba4""
""osoba4""		850.2	850200	852.9	852900	3.7000122	3700	""osoba4""
""osoba4""		850.80005	850800	852.9	852900	3.0999756	3099	""osoba4""
""osoba1""		852.9	852900	853.80005	853800	1.9000244	1900	""osoba1""
""osoba3""		852.9	852900	871.2	871200	19.299988	19299	""osoba3""
""osoba3""		854.7	854700	871.2	871200	17.5	17500	""osoba3""
""osoba1""		856.80005	856800	858.9	858900	3.0999756	3099	""osoba1""
""osoba2""		858.9	858900	861.00006	861000	3.1000366	3100	""osoba2""
""osoba3""		860.10004	860100	871.2	871200	12.099976	12099	""osoba3""
""osoba3""		861.9	861900	871.2	871200	10.299988	10299	""osoba3""
""osoba3""		862.80005	862800	871.2	871200	9.399963	9399	""osoba3""
""osoba3""		864.00006	864000	871.2	871200	8.199951	8199	""osoba3""
""osoba3""		868.50006	868500	871.2	871200	3.6999512	3699	""osoba3""
""osoba3""		871.2	871200	871.2	871200	1.0	1000	""osoba3""
""osoba1""		871.50006	871500	876.00006	876000	5.5	5500	""osoba1""
""osoba1""		872.4	872400	876.00006	876000	4.6000366	4600	""osoba1""
""osoba1""		873.00006	873000	876.00006	876000	4.0	4000	""osoba1""
""osoba1""		873.9	873900	876.00006	876000	3.1000366	3100	""osoba1""
""osoba3""		875.7	875700	880.50006	880500	5.800049	5800	""osoba3""
""osoba4""		876.9	876900	877.2	877200	1.2999878	1299	""osoba4""
""osoba1""		879.60004	879600	908.7	908700	30.099976	30099	""osoba1""
""osoba3""		879.60004	879600	880.50006	880500	1.9000244	1900	""osoba3""
""osoba1""		881.4	881400	908.7	908700	28.299988	28299	""osoba1""
""osoba1""		883.2	883200	908.7	908700	26.5	26500	""osoba1""
""osoba4""		884.7	884700	884.7	884700	1.0	1000	""osoba4""
""osoba1""		888.00006	888000	908.7	908700	21.699951	21699	""osoba1""
""osoba3""		888.00006	888000	888.30005	888300	1.2999878	1299	""osoba3""
""osoba2""		889.2	889200	889.2	889200	1.0	1000	""osoba2""
""osoba1""		889.50006	889500	908.7	908700	20.199951	20199	""osoba1""
""osoba1""		890.7	890700	908.7	908700	19.0	19000	""osoba1""
""osoba4""		891.9	891900	891.9	891900	1.0	1000	""osoba4""
""osoba3""		892.2	892200	894.60004	894600	3.4000244	3400	""osoba3""
""osoba1""		896.4	896400	908.7	908700	13.299988	13299	""osoba1""
""osoba1""		898.80005	898800	908.7	908700	10.899963	10899	""osoba1""
""osoba1""		900.30005	900300	908.7	908700	9.399963	9399	""osoba1""
""osoba1""		900.9	900900	908.7	908700	8.799988	8799	""osoba1""
""osoba1""		902.7	902700	908.7	908700	7.0	7000	""osoba1""
""osoba3""		903.00006	903000	903.00006	903000	1.0	1000	""osoba3""
""osoba1""		906.30005	906300	908.7	908700	3.3999634	3399	""osoba1""
""osoba3""		908.4	908400	913.50006	913500	6.1000366	6100	""osoba3""
""osoba3""		909.9	909900	913.50006	913500	4.6000366	4600	""osoba3""
""osoba3""		910.80005	910800	913.50006	913500	3.7000122	3700	""osoba3""
""osoba1""		912.60004	912600	912.60004	912600	1.0	1000	""osoba1""
""osoba4""		913.2	913200	915.30005	915300	3.1000366	3100	""osoba4""
""osoba2""		913.80005	913800	920.10004	920100	7.299988	7299	""osoba2""
""osoba2""		916.2	916200	920.10004	920100	4.9000244	4900	""osoba2""
""osoba1""		918.9	918900	924.60004	924600	6.700012	6700	""osoba1""
""osoba1""		919.80005	919800	924.60004	924600	5.799988	5799	""osoba1""
""osoba2""		920.10004	920100	920.10004	920100	1.0	1000	""osoba2""
""osoba1""		921.30005	921300	924.60004	924600	4.299988	4299	""osoba1""
""osoba1""		922.2	922200	924.60004	924600	3.4000244	3400	""osoba1""
""osoba3""		923.7	923700	925.80005	925800	3.1000366	3100	""osoba3""
""osoba4""		923.7	923700	939.30005	939300	16.600037	16600	""osoba4""
""osoba3""		924.9	924900	925.80005	925800	1.9000244	1900	""osoba3""
""osoba4""		926.7	926700	939.30005	939300	13.600037	13600	""osoba4""
""osoba4""		928.50006	928500	939.30005	939300	11.799988	11799	""osoba4""
""osoba4""		931.2	931200	939.30005	939300	9.100037	9100	""osoba4""
""osoba4""		932.4	932400	939.30005	939300	7.9000244	7900	""osoba4""
""osoba4""		936.00006	936000	939.30005	939300	4.299988	4299	""osoba4""
""osoba3""		938.10004	938100	942.60004	942600	5.5	5500	""osoba3""
""osoba2""		939.9	939900	939.9	939900	1.0	1000	""osoba2""
""osoba1""		940.80005	940800	966.9	966900	27.099976	27099	""osoba1""
""osoba3""		940.80005	940800	942.60004	942600	2.7999878	2799	""osoba3""
""osoba1""		941.4	941400	966.9	966900	26.5	26500	""osoba1""
""osoba3""		942.30005	942300	942.60004	942600	1.2999878	1299	""osoba3""
""osoba1""		944.7	944700	966.9	966900	23.200012	23200	""osoba1""
""osoba1""		945.60004	945600	966.9	966900	22.299988	22299	""osoba1""
""osoba2""		946.80005	946800	950.10004	950100	4.299988	4299	""osoba2""
""osoba1""		947.10004	947100	966.9	966900	20.799988	20799	""osoba1""
""osoba2""		948.00006	948000	950.10004	950100	3.0999756	3099	""osoba2""
""osoba3""		948.00006	948000	948.00006	948000	1.0	1000	""osoba3""
""osoba4""		949.2	949200	949.2	949200	1.0	1000	""osoba4""
""osoba1""		951.30005	951300	966.9	966900	16.599976	16599	""osoba1""
""osoba1""		951.9	951900	966.9	966900	16.0	16000	""osoba1""
""osoba1""		952.80005	952800	966.9	966900	15.099976	15099	""osoba1""
""osoba1""		954.9	954900	966.9	966900	13.0	13000	""osoba1""
""osoba1""		956.7	956700	966.9	966900	11.200012	11200	""osoba1""
""osoba1""		958.80005	958800	966.9	966900	9.099976	9099	""osoba1""
""osoba1""		960.00006	960000	966.9	966900	7.8999634	7899	""osoba1""
""osoba1""		963.9	963900	966.9	966900	4.0	4000	""osoba1""
""osoba1""		965.10004	965100	966.9	966900	2.7999878	2799	""osoba1""
""osoba2""		965.4	965400	973.50006	973500	9.100037	9100	""osoba2""
""osoba2""		966.60004	966600	973.50006	973500	7.9000244	7900	""osoba2""
""osoba1""		966.9	966900	966.9	966900	1.0	1000	""osoba1""
""osoba3""		970.2	970200	971.7	971700	2.5	2500	""osoba3""
""osoba2""		970.50006	970500	973.50006	973500	4.0	4000	""osoba2""
""osoba2""		972.60004	972600	973.50006	973500	1.9000244	1900	""osoba2""
""osoba2""		973.2	973200	973.50006	973500	1.3000488	1300	""osoba2""
""osoba3""		973.80005	973800	995.10004	995100	22.299988	22299	""osoba3""
""osoba3""		975.00006	975000	995.10004	995100	21.099976	21099	""osoba3""
""osoba3""		976.2	976200	995.10004	995100	19.900024	19900	""osoba3""
""osoba3""		976.80005	976800	995.10004	995100	19.299988	19299	""osoba3""
""osoba3""		977.4	977400	995.10004	995100	18.700012	18700	""osoba3""
""osoba3""		978.30005	978300	995.10004	995100	17.799988	17799	""osoba3""
""osoba4""		981.30005	981300	982.2	982200	1.8999634	1899	""osoba4""
""osoba3""		985.2	985200	995.10004	995100	10.900024	10900	""osoba3""
""osoba3""		985.80005	985800	995.10004	995100	10.299988	10299	""osoba3""
""osoba3""		988.50006	988500	995.10004	995100	7.5999756	7599	""osoba3""
""osoba3""		990.30005	990300	995.10004	995100	5.799988	5799	""osoba3""
""osoba1""		991.50006	991500	999.60004	999600	9.099976	9099	""osoba1""
""osoba3""		992.7	992700	995.10004	995100	3.4000244	3400	""osoba3""
""osoba1""		993.30005	993300	999.60004	999600	7.299988	7299	""osoba1""
""osoba1""		998.10004	998100	999.60004	999600	2.5	2500	""osoba1""
""osoba1""		998.7	998700	999.60004	999600	1.9000244	1900	""osoba1""
""osoba4""		1000.2	1000200	1000.80005	1000800	1.6000366	1600	""osoba4""
""osoba2""		1000.50006	1000500	1010.4	1010400	10.899963	10899	""osoba2""
""osoba2""		1001.7	1001700	1010.4	1010400	9.700012	9700	""osoba2""
""osoba2""		1002.60004	1002600	1010.4	1010400	8.799988	8799	""osoba2""
""osoba2""		1003.2	1003200	1010.4	1010400	8.200012	8200	""osoba2""
""osoba2""		1005.9	1005900	1010.4	1010400	5.5	5500	""osoba2""
""osoba2""		1007.10004	1007100	1010.4	1010400	4.299988	4299	""osoba2""
""osoba2""		1010.10004	1010100	1010.4	1010400	1.2999878	1299	""osoba2""
""osoba3""		1010.4	1010400	1017.60004	1017600	8.200012	8200	""osoba3""
""osoba3""		1011.60004	1011600	1017.60004	1017600	7.0	7000	""osoba3""
""osoba4""		1013.7	1013700	1016.4	1016400	3.7000122	3700	""osoba4""
""osoba3""		1014.60004	1014600	1017.60004	1017600	4.0	4000	""osoba3""
""osoba4""		1015.50006	1015500	1016.4	1016400	1.8999634	1899	""osoba4""
""osoba3""		1016.10004	1016100	1017.60004	1017600	2.5	2500	""osoba3""
""osoba1""		1016.4	1016400	1020.30005	1020300	4.9000244	4900	""osoba1""
""osoba1""		1017.30005	1017300	1020.30005	1020300	4.0	4000	""osoba1""
""osoba1""		1019.4	1019400	1020.30005	1020300	1.9000244	1900	""osoba1""
""osoba1""		1020.00006	1020000	1020.30005	1020300	1.2999878	1299	""osoba1""
""osoba4""		1020.00006	1020000	1022.4	1022400	3.3999634	3399	""osoba4""
""osoba2""		1020.30005	1020300	1020.60004	1020600	1.2999878	1299	""osoba2""
""osoba4""		1022.4	1022400	1022.4	1022400	1.0	1000	""osoba4""
""osoba3""		1023.00006	1023000	1026.6001	1026600	4.6000366	4600	""osoba3""
""osoba3""		1025.4	1025400	1026.6001	1026600	2.2000732	2200	""osoba3""
""osoba2""		1025.7001	1025700	1028.7001	1028700	4.0	4000	""osoba2""
""osoba2""		1028.7001	1028700	1028.7001	1028700	1.0	1000	""osoba2""
""osoba4""		1028.7001	1028700	1047.9	1047900	20.199951	20199	""osoba4""
""osoba3""		1030.8	1030800	1031.7001	1031700	1.9000244	1900	""osoba3""
""osoba4""		1032.9	1032900	1047.9	1047900	16.0	16000	""osoba4""
""osoba4""		1033.8	1033800	1047.9	1047900	15.099976	15099	""osoba4""
""osoba4""		1035.3	1035300	1047.9	1047900	13.599976	13599	""osoba4""
""osoba4""		1038.6001	1038600	1047.9	1047900	10.299927	10299	""osoba4""
""osoba4""		1039.2001	1039200	1047.9	1047900	9.699951	9699	""osoba4""
""osoba4""		1045.2001	1045200	1047.9	1047900	3.6999512	3699	""osoba4""
""osoba4""		1047.9	1047900	1047.9	1047900	1.0	1000	""osoba4""
""osoba1""		1048.2001	1048200	1057.8	1057800	10.599976	10599	""osoba1""
""osoba1""		1049.1001	1049100	1057.8	1057800	9.699951	9699	""osoba1""
""osoba2""		1049.1001	1049100	1049.7001	1049700	1.5999756	1599	""osoba2""
""osoba1""		1050.6001	1050600	1057.8	1057800	8.199951	8199	""osoba1""
""osoba1""		1054.2001	1054200	1057.8	1057800	4.5999756	4599	""osoba1""
""osoba2""		1056.6001	1056600	1064.1001	1064100	8.5	8500	""osoba2""
""osoba2""		1062.3	1062300	1064.1001	1064100	2.8000488	2800	""osoba2""
""osoba2""		1063.5	1063500	1064.1001	1064100	1.6000977	1600	""osoba2""
""osoba3""		1063.8	1063800	1066.2001	1066200	3.4000244	3400	""osoba3""
""osoba3""		1066.2001	1066200	1066.2001	1066200	1.0	1000	""osoba3""
""osoba2""		1066.5	1066500	1111.2001	1111200	45.700073	45700	""osoba2""
""osoba1""		1067.4	1067400	1067.7001	1067700	1.3000488	1300	""osoba1""
""osoba4""		1067.4	1067400	1070.7001	1070700	4.300049	4300	""osoba4""
""osoba4""		1068.6001	1068600	1070.7001	1070700	3.0999756	3099	""osoba4""
""osoba4""		1069.5	1069500	1070.7001	1070700	2.2000732	2200	""osoba4""
""osoba2""		1073.1001	1073100	1111.2001	1111200	39.099976	39099	""osoba2""
""osoba2""		1073.7001	1073700	1111.2001	1111200	38.5	38500	""osoba2""
""osoba2""		1074.3	1074300	1111.2001	1111200	37.900024	37900	""osoba2""
""osoba4""		1075.5	1075500	1076.4	1076400	1.9000244	1900	""osoba4""
""osoba2""		1075.8	1075800	1111.2001	1111200	36.400024	36400	""osoba2""
""osoba2""		1077.3	1077300	1111.2001	1111200	34.900024	34900	""osoba2""
""osoba2""		1079.4	1079400	1111.2001	1111200	32.80005	32800	""osoba2""
""osoba2""		1080.9	1080900	1111.2001	1111200	31.300049	31300	""osoba2""
""osoba2""		1083.6001	1083600	1111.2001	1111200	28.599976	28599	""osoba2""
""osoba4""		1084.2001	1084200	1084.2001	1084200	1.0	1000	""osoba4""
""osoba2""		1084.8	1084800	1111.2001	1111200	27.400024	27400	""osoba2""
""osoba2""		1085.4	1085400	1111.2001	1111200	26.800049	26800	""osoba2""
""osoba2""		1087.5	1087500	1111.2001	1111200	24.700073	24700	""osoba2""
""osoba2""		1088.4	1088400	1111.2001	1111200	23.800049	23800	""osoba2""
""osoba1""		1089.3	1089300	1089.6001	1089600	1.3000488	1300	""osoba1""
""osoba2""		1089.3	1089300	1111.2001	1111200	22.900024	22900	""osoba2""
""osoba2""		1094.4	1094400	1111.2001	1111200	17.800049	17800	""osoba2""
""osoba2""		1097.4	1097400	1111.2001	1111200	14.800049	14800	""osoba2""
""osoba1""		1101.9	1101900	1104.0	1104000	3.0999756	3099	""osoba1""
""osoba2""		1105.2001	1105200	1111.2001	1111200	7.0	7000	""osoba2""
""osoba2""		1108.2001	1108200	1111.2001	1111200	4.0	4000	""osoba2""
""osoba1""		1108.8	1108800	1108.8	1108800	1.0	1000	""osoba1""
""osoba4""		1109.7001	1109700	1124.4	1124400	15.699951	15699	""osoba4""
""osoba4""		1111.2001	1111200	1124.4	1124400	14.199951	14199	""osoba4""
""osoba4""		1112.1001	1112100	1124.4	1124400	13.299927	13299	""osoba4""
""osoba2""		1113.9	1113900	1114.5	1114500	1.5999756	1599	""osoba2""
""osoba4""		1117.2001	1117200	1124.4	1124400	8.199951	8199	""osoba4""
""osoba4""		1118.4	1118400	1124.4	1124400	7.0	7000	""osoba4""
""osoba4""		1119.6001	1119600	1124.4	1124400	5.7999268	5799	""osoba4""
""osoba4""		1120.5	1120500	1124.4	1124400	4.9000244	4900	""osoba4""
""osoba1""		1123.8	1123800	1131.9	1131900	9.099976	9099	""osoba1""
""osoba1""		1125.3	1125300	1131.9	1131900	7.5999756	7599	""osoba1""
""osoba1""		1128.6001	1128600	1131.9	1131900	4.2999268	4299	""osoba1""
""osoba1""		1129.2001	1129200	1131.9	1131900	3.6999512	3699	""osoba1""
""osoba1""		1130.4	1130400	1131.9	1131900	2.5	2500	""osoba1""
""osoba1""		1131.0	1131000	1131.9	1131900	1.9000244	1900	""osoba1""
""osoba4""		1131.9	1131900	1135.8	1135800	4.9000244	4900	""osoba4""
""osoba4""		1134.9	1134900	1135.8	1135800	1.9000244	1900	""osoba4""
""osoba4""		1135.8	1135800	1135.8	1135800	1.0	1000	""osoba4""
""osoba1""		1136.1001	1136100	1138.8	1138800	3.6999512	3699	""osoba1""
""osoba1""		1138.5	1138500	1138.8	1138800	1.3000488	1300	""osoba1""
""osoba4""		1139.4	1139400	1143.0	1143000	4.5999756	4599	""osoba4""
""osoba4""		1140.6001	1140600	1143.0	1143000	3.3999023	3399	""osoba4""
""osoba1""		1140.9	1140900	1143.0	1143000	3.0999756	3099	""osoba1""
""osoba1""		1142.1001	1142100	1143.0	1143000	1.8999023	1899	""osoba1""
""osoba4""		1142.7001	1142700	1143.0	1143000	1.2999268	1299	""osoba4""
""osoba2""		1143.0	1143000	1155.6001	1155600	13.600098	13600	""osoba2""
""osoba2""		1145.7001	1145700	1155.6001	1155600	10.900024	10900	""osoba2""
""osoba2""		1146.9	1146900	1155.6001	1155600	9.700073	9700	""osoba2""
""osoba1""		1149.0	1149000	1153.2001	1153200	5.2000732	5200	""osoba1""
""osoba2""		1151.1001	1151100	1155.6001	1155600	5.5	5500	""osoba2""
""osoba2""		1154.1001	1154100	1155.6001	1155600	2.5	2500	""osoba2""
""osoba2""		1155.3	1155300	1155.6001	1155600	1.3000488	1300	""osoba2""
""osoba4""		1155.6001	1155600	1174.8	1174800	20.199951	20199	""osoba4""
""osoba4""		1156.8	1156800	1174.8	1174800	19.0	19000	""osoba4""
""osoba4""		1159.2001	1159200	1174.8	1174800	16.599976	16599	""osoba4""
""osoba4""		1159.8	1159800	1174.8	1174800	16.0	16000	""osoba4""
""osoba2""		1160.1001	1160100	1161.6001	1161600	2.5	2500	""osoba2""
""osoba4""		1163.7001	1163700	1174.8	1174800	12.099976	12099	""osoba4""
""osoba4""		1165.2001	1165200	1174.8	1174800	10.599976	10599	""osoba4""
""osoba4""		1168.2001	1168200	1174.8	1174800	7.5999756	7599	""osoba4""
""osoba4""		1169.7001	1169700	1174.8	1174800	6.0999756	6099	""osoba4""
""osoba4""		1170.3	1170300	1174.8	1174800	5.5	5500	""osoba4""
""osoba1""		1170.6001	1170600	1172.4	1172400	2.7999268	2799	""osoba1""
""osoba4""		1173.9	1173900	1174.8	1174800	1.9000244	1900	""osoba4""
""osoba3""		1175.4	1175400	1198.8	1198800	24.400024	24400	""osoba3""
""osoba3""		1176.6001	1176600	1198.8	1198800	23.199951	23199	""osoba3""
""osoba4""		1176.9	1176900	1177.8	1177800	1.9000244	1900	""osoba4""
""osoba3""		1179.0	1179000	1198.8	1198800	20.800049	20800	""osoba3""
""osoba3""		1181.1001	1181100	1198.8	1198800	18.699951	18699	""osoba3""
""osoba4""		1181.7001	1181700	1184.1001	1184100	3.4000244	3400	""osoba4""
""osoba3""		1186.8	1186800	1198.8	1198800	13.0	13000	""osoba3""
""osoba3""		1187.7001	1187700	1198.8	1198800	12.099976	12099	""osoba3""
""osoba3""		1188.9	1188900	1198.8	1198800	10.900024	10900	""osoba3""
""osoba3""		1190.4	1190400	1198.8	1198800	9.400024	9400	""osoba3""
""osoba3""		1191.6001	1191600	1198.8	1198800	8.199951	8199	""osoba3""
""osoba3""		1193.4	1193400	1198.8	1198800	6.4000244	6400	""osoba3""
""osoba2""		1193.7001	1193700	1194.0	1194000	1.2999268	1299	""osoba2""
""osoba3""		1194.6001	1194600	1198.8	1198800	5.199951	5199	""osoba3""
""osoba3""		1195.8	1195800	1198.8	1198800	4.0	4000	""osoba3""
""osoba3""		1197.9	1197900	1198.8	1198800	1.9000244	1900	""osoba3""
""osoba1""		1198.8	1198800	1235.4	1235400	37.599976	37599	""osoba1""
""osoba1""		1200.9	1200900	1235.4	1235400	35.5	35500	""osoba1""
""osoba4""		1201.5	1201500	1201.5	1201500	1.0	1000	""osoba4""
""osoba1""		1201.8	1201800	1235.4	1235400	34.599976	34599	""osoba1""
""osoba2""		1201.8	1201800	1203.3	1203300	2.5	2500	""osoba2""
""osoba1""		1205.1001	1205100	1235.4	1235400	31.299927	31299	""osoba1""
""osoba1""		1205.7001	1205700	1235.4	1235400	30.699951	30699	""osoba1""
""osoba2""		1206.0	1206000	1207.5	1207500	2.5	2500	""osoba2""
""osoba1""		1211.1001	1211100	1235.4	1235400	25.299927	25299	""osoba1""
""osoba1""		1211.7001	1211700	1235.4	1235400	24.699951	24699	""osoba1""
""osoba1""		1213.5	1213500	1235.4	1235400	22.900024	22900	""osoba1""
""osoba1""		1214.1001	1214100	1235.4	1235400	22.299927	22299	""osoba1""
""osoba2""		1214.7001	1214700	1215.9	1215900	2.1999512	2199	""osoba2""
""osoba3""		1215.3	1215300	1215.3	1215300	1.0	1000	""osoba3""
""osoba4""		1215.6001	1215600	1217.1001	1217100	2.5	2500	""osoba4""
""osoba1""		1216.8	1216800	1235.4	1235400	19.599976	19599	""osoba1""
""osoba4""		1219.2001	1219200	1219.2001	1219200	1.0	1000	""osoba4""
""osoba1""		1220.1001	1220100	1235.4	1235400	16.299927	16299	""osoba1""
""osoba2""		1222.2001	1222200	1223.1001	1223100	1.9000244	1900	""osoba2""
""osoba3""		1222.5	1222500	1223.4	1223400	1.9000244	1900	""osoba3""
""osoba1""		1224.3	1224300	1235.4	1235400	12.099976	12099	""osoba1""
""osoba1""		1226.7001	1226700	1235.4	1235400	9.699951	9699	""osoba1""
""osoba2""		1229.4	1229400	1231.2001	1231200	2.8000488	2800	""osoba2""
""osoba3""		1231.5	1231500	1232.1001	1232100	1.6000977	1600	""osoba3""
""osoba1""		1233.3	1233300	1235.4	1235400	3.0999756	3099	""osoba1""
""osoba3""		1234.2001	1234200	1245.9	1245900	12.699951	12699	""osoba3""
""osoba3""		1236.3	1236300	1245.9	1245900	10.599976	10599	""osoba3""
""osoba3""		1237.5	1237500	1245.9	1245900	9.400024	9400	""osoba3""
""osoba4""		1238.4	1238400	1239.3	1239300	1.9000244	1900	""osoba4""
""osoba3""		1240.2001	1240200	1245.9	1245900	6.699951	6699	""osoba3""
""osoba3""		1241.4	1241400	1245.9	1245900	5.5	5500	""osoba3""
""osoba3""		1242.6001	1242600	1245.9	1245900	4.2999268	4299	""osoba3""
""osoba1""		1243.8	1243800	1251.6001	1251600	8.800049	8800	""osoba1""
""osoba1""		1244.4	1244400	1251.6001	1251600	8.200073	8200	""osoba1""
""osoba3""		1245.6001	1245600	1245.9	1245900	1.2999268	1299	""osoba3""
""osoba1""		1246.8	1246800	1251.6001	1251600	5.800049	5800	""osoba1""
""osoba1""		1247.7001	1247700	1251.6001	1251600	4.9000244	4900	""osoba1""
""osoba1""		1249.2001	1249200	1251.6001	1251600	3.4000244	3400	""osoba1""
""osoba4""		1249.8	1249800	1272.6001	1272600	23.800049	23800	""osoba4""
""osoba4""		1256.7001	1256700	1272.6001	1272600	16.900024	16900	""osoba4""
""osoba4""		1257.9	1257900	1272.6001	1272600	15.700073	15700	""osoba4""
""osoba4""		1258.8	1258800	1272.6001	1272600	14.800049	14800	""osoba4""
""osoba4""		1260.9	1260900	1272.6001	1272600	12.700073	12700	""osoba4""
""osoba1""		1261.5	1261500	1261.8	1261800	1.3000488	1300	""osoba1""
""osoba4""		1262.1001	1262100	1272.6001	1272600	11.5	11500	""osoba4""
""osoba4""		1263.0	1263000	1272.6001	1272600	10.600098	10600	""osoba4""
""osoba4""		1265.1001	1265100	1272.6001	1272600	8.5	8500	""osoba4""
""osoba4""		1268.7001	1268700	1272.6001	1272600	4.9000244	4900	""osoba4""
""osoba4""		1270.8	1270800	1272.6001	1272600	2.8000488	2800	""osoba4""
""osoba1""		1271.4	1271400	1311.9	1311900	41.5	41500	""osoba1""
""osoba4""		1271.7001	1271700	1272.6001	1272600	1.9000244	1900	""osoba4""
""osoba1""		1273.5	1273500	1311.9	1311900	39.400024	39400	""osoba1""
""osoba1""		1275.0	1275000	1311.9	1311900	37.900024	37900	""osoba1""
""osoba1""		1278.0	1278000	1311.9	1311900	34.900024	34900	""osoba1""
""osoba1""		1279.8	1279800	1311.9	1311900	33.099976	33099	""osoba1""
""osoba1""		1281.0	1281000	1311.9	1311900	31.900024	31900	""osoba1""
""osoba1""		1281.9	1281900	1311.9	1311900	31.0	31000	""osoba1""
""osoba1""		1284.3	1284300	1311.9	1311900	28.599976	28599	""osoba1""
""osoba1""		1284.9	1284900	1311.9	1311900	28.0	28000	""osoba1""
""osoba1""		1286.1001	1286100	1311.9	1311900	26.799927	26799	""osoba1""
""osoba1""		1286.7001	1286700	1311.9	1311900	26.199951	26199	""osoba1""
""osoba1""		1288.2001	1288200	1311.9	1311900	24.699951	24699	""osoba1""
""osoba1""		1289.1001	1289100	1311.9	1311900	23.799927	23799	""osoba1""
""osoba1""		1289.7001	1289700	1311.9	1311900	23.199951	23199	""osoba1""
""osoba1""		1292.1001	1292100	1311.9	1311900	20.799927	20799	""osoba1""
""osoba4""		1293.9	1293900	1294.5	1294500	1.5999756	1599	""osoba4""
""osoba1""		1295.7001	1295700	1311.9	1311900	17.199951	17199	""osoba1""
""osoba1""		1296.6001	1296600	1311.9	1311900	16.299927	16299	""osoba1""
""osoba1""		1297.2001	1297200	1311.9	1311900	15.699951	15699	""osoba1""
""osoba1""		1299.6001	1299600	1311.9	1311900	13.299927	13299	""osoba1""
""osoba2""		1300.2001	1300200	1300.5	1300500	1.2999268	1299	""osoba2""
""osoba1""		1301.4	1301400	1311.9	1311900	11.5	11500	""osoba1""
""osoba1""		1302.0	1302000	1311.9	1311900	10.900024	10900	""osoba1""
""osoba3""		1303.8	1303800	1303.8	1303800	1.0	1000	""osoba3""
""osoba1""		1305.0	1305000	1311.9	1311900	7.9000244	7900	""osoba1""
""osoba1""		1305.9	1305900	1311.9	1311900	7.0	7000	""osoba1""
""osoba1""		1306.8	1306800	1311.9	1311900	6.0999756	6099	""osoba1""
""osoba2""		1311.0	1311000	1311.3	1311300	1.3000488	1300	""osoba2""
""osoba4""		1311.6001	1311600	1318.8	1318800	8.199951	8199	""osoba4""
""osoba3""		1316.1001	1316100	1317.6001	1317600	2.5	2500	""osoba3""
""osoba1""		1319.4	1319400	1321.5	1321500	3.0999756	3099	""osoba1""
""osoba1""		1320.3	1320300	1321.5	1321500	2.1999512	2199	""osoba1""
""osoba1""		1320.9	1320900	1321.5	1321500	1.5999756	1599	""osoba1""
""osoba4""		1321.2001	1321200	1323.9	1323900	3.6999512	3699	""osoba4""
""osoba1""		1323.6001	1323600	1347.3	1347300	24.699951	24699	""osoba1""
""osoba3""		1324.2001	1324200	1324.5	1324500	1.2999268	1299	""osoba3""
""osoba1""		1325.1001	1325100	1347.3	1347300	23.199951	23199	""osoba1""
""osoba1""		1326.9	1326900	1347.3	1347300	21.400024	21400	""osoba1""
""osoba1""		1328.1001	1328100	1347.3	1347300	20.199951	20199	""osoba1""
""osoba3""		1328.4	1328400	1328.4	1328400	1.0	1000	""osoba3""
""osoba1""		1329.3	1329300	1347.3	1347300	19.0	19000	""osoba1""
""osoba1""		1329.9	1329900	1347.3	1347300	18.400024	18400	""osoba1""
""osoba1""		1330.8	1330800	1347.3	1347300	17.5	17500	""osoba1""
""osoba1""		1332.6001	1332600	1347.3	1347300	15.699951	15699	""osoba1""
""osoba1""		1336.8	1336800	1347.3	1347300	11.5	11500	""osoba1""
""osoba1""		1338.3	1338300	1347.3	1347300	10.0	10000	""osoba1""
""osoba1""		1338.9	1338900	1347.3	1347300	9.400024	9400	""osoba1""
""osoba1""		1340.1001	1340100	1347.3	1347300	8.199951	8199	""osoba1""
""osoba2""		1342.5	1342500	1344.6001	1344600	3.1000977	3100	""osoba2""
""osoba1""		1344.3	1344300	1347.3	1347300	4.0	4000	""osoba1""
""osoba4""		1344.6001	1344600	1344.9	1344900	1.2999268	1299	""osoba4""
""osoba1""		1345.8	1345800	1347.3	1347300	2.5	2500	""osoba1""
""osoba3""		1345.8	1345800	1350.0	1350000	5.199951	5199	""osoba3""
""osoba1""		1347.0	1347000	1347.3	1347300	1.3000488	1300	""osoba1""
""osoba2""		1347.9	1347900	1379.1001	1379100	32.200073	32200	""osoba2""
""osoba2""		1349.7001	1349700	1379.1001	1379100	30.400024	30400	""osoba2""
""osoba2""		1351.5	1351500	1379.1001	1379100	28.600098	28600	""osoba2""
""osoba2""		1355.4	1355400	1379.1001	1379100	24.700073	24700	""osoba2""
""osoba1""		1356.0	1356000	1357.8	1357800	2.8000488	2800	""osoba1""
""osoba2""		1356.0	1356000	1379.1001	1379100	24.100098	24100	""osoba2""
""osoba1""		1357.5	1357500	1357.8	1357800	1.3000488	1300	""osoba1""
""osoba2""		1358.7001	1358700	1379.1001	1379100	21.400024	21400	""osoba2""
""osoba2""		1360.8	1360800	1379.1001	1379100	19.300049	19300	""osoba2""
""osoba1""		1365.6001	1365600	1365.9	1365900	1.2999268	1299	""osoba1""
""osoba4""		1368.0	1368000	1368.9	1368900	1.9000244	1900	""osoba4""
""osoba2""		1368.3	1368300	1379.1001	1379100	11.800049	11800	""osoba2""
""osoba2""		1373.1001	1373100	1379.1001	1379100	7.0	7000	""osoba2""
""osoba2""		1375.8	1375800	1379.1001	1379100	4.300049	4300	""osoba2""
""osoba2""		1376.7001	1376700	1379.1001	1379100	3.4000244	3400	""osoba2""
""osoba2""		1378.5	1378500	1379.1001	1379100	1.6000977	1600	""osoba2""
""osoba2""		1379.1001	1379100	1379.1001	1379100	1.0	1000	""osoba2""
""osoba4""		1379.1001	1379100	1389.3	1389300	11.199951	11199	""osoba4""
""osoba4""		1380.0	1380000	1389.3	1389300	10.300049	10300	""osoba4""
""osoba3""		1380.9	1380900	1380.9	1380900	1.0	1000	""osoba3""
""osoba4""		1380.9	1380900	1389.3	1389300	9.400024	9400	""osoba4""
""osoba4""		1382.1001	1382100	1389.3	1389300	8.199951	8199	""osoba4""
""osoba4""		1383.3	1383300	1389.3	1389300	7.0	7000	""osoba4""
""osoba4""		1384.2001	1384200	1389.3	1389300	6.0999756	6099	""osoba4""
""osoba4""		1386.6001	1386600	1389.3	1389300	3.6999512	3699	""osoba4""
""osoba4""		1387.2001	1387200	1389.3	1389300	3.0999756	3099	""osoba4""
""osoba4""		1388.4	1388400	1389.3	1389300	1.9000244	1900	""osoba4""
""osoba1""		1389.3	1389300	1391.4	1391400	3.0999756	3099	""osoba1""
""osoba1""		1390.5	1390500	1391.4	1391400	1.9000244	1900	""osoba1""
""osoba3""		1391.4	1391400	1395.3	1395300	4.9000244	4900	""osoba3""
""osoba4""		1391.4	1391400	1391.4	1391400	1.0	1000	""osoba4""
""osoba3""		1392.3	1392300	1395.3	1395300	4.0	4000	""osoba3""
""osoba3""		1393.5	1393500	1395.3	1395300	2.8000488	2800	""osoba3""
""osoba3""		1394.4	1394400	1395.3	1395300	1.9000244	1900	""osoba3""
""osoba1""		1394.7001	1394700	1400.4	1400400	6.699951	6699	""osoba1""
""osoba1""		1396.2001	1396200	1400.4	1400400	5.199951	5199	""osoba1""
""osoba1""		1397.4	1397400	1400.4	1400400	4.0	4000	""osoba1""
""osoba1""		1398.3	1398300	1400.4	1400400	3.0999756	3099	""osoba1""
""osoba4""		1399.2001	1399200	1417.2001	1417200	19.0	19000	""osoba4""
""osoba4""		1401.3	1401300	1417.2001	1417200	16.900024	16900	""osoba4""
""osoba4""		1402.2001	1402200	1417.2001	1417200	16.0	16000	""osoba4""
""osoba4""		1403.4	1403400	1417.2001	1417200	14.800049	14800	""osoba4""
""osoba4""		1404.3	1404300	1417.2001	1417200	13.900024	13900	""osoba4""
""osoba4""		1407.3	1407300	1417.2001	1417200	10.900024	10900	""osoba4""
""osoba3""		1409.4	1409400	1409.7001	1409700	1.3000488	1300	""osoba3""
""osoba1""		1409.7001	1409700	1410.0	1410000	1.2999268	1299	""osoba1""
""osoba4""		1411.5	1411500	1417.2001	1417200	6.7000732	6700	""osoba4""
""osoba1""		1413.6001	1413600	1419.3	1419300	6.699951	6699	""osoba1""
""osoba4""		1416.9	1416900	1417.2001	1417200	1.3000488	1300	""osoba4""
""osoba3""		1419.6001	1419600	1420.2001	1420200	1.5999756	1599	""osoba3""
""osoba2""		1420.2001	1420200	1422.3	1422300	3.0999756	3099	""osoba2""
""osoba2""		1421.1001	1421100	1422.3	1422300	2.1999512	2199	""osoba2""
""osoba1""		1421.4	1421400	1437.9	1437900	17.5	17500	""osoba1""
""osoba1""		1423.8	1423800	1437.9	1437900	15.099976	15099	""osoba1""
""osoba1""		1425.6001	1425600	1437.9	1437900	13.299927	13299	""osoba1""
""osoba1""		1426.5	1426500	1437.9	1437900	12.400024	12400	""osoba1""
""osoba1""		1428.9	1428900	1437.9	1437900	10.0	10000	""osoba1""
""osoba4""		1430.1001	1430100	1431.0	1431000	1.8999023	1899	""osoba4""
""osoba1""		1431.3	1431300	1437.9	1437900	7.5999756	7599	""osoba1""
""osoba1""		1433.7001	1433700	1437.9	1437900	5.199951	5199	""osoba1""
""osoba4""		1434.3	1434300	1443.9	1443900	10.599976	10599	""osoba4""
""osoba2""		1436.4	1436400	1437.0	1437000	1.5999756	1599	""osoba2""
""osoba2""		1443.0	1443000	1448.4	1448400	6.4000244	6400	""osoba2""
""osoba3""		1445.1001	1445100	1454.1001	1454100	10.0	10000	""osoba3""
""osoba4""		1446.6001	1446600	1448.1001	1448100	2.5	2500	""osoba4""
""osoba4""		1447.5	1447500	1448.1001	1448100	1.6000977	1600	""osoba4""
""osoba3""		1450.5	1450500	1454.1001	1454100	4.6000977	4600	""osoba3""
""osoba3""		1451.4	1451400	1454.1001	1454100	3.7000732	3700	""osoba3""
""osoba1""		1453.5	1453500	1454.7001	1454700	2.2000732	2200	""osoba1""
""osoba4""		1454.4	1454400	1457.1001	1457100	3.7000732	3700	""osoba4""
""osoba4""		1455.3	1455300	1457.1001	1457100	2.8000488	2800	""osoba4""
""osoba4""		1456.2001	1456200	1457.1001	1457100	1.9000244	1900	""osoba4""
""osoba3""		1456.5	1456500	1471.5	1471500	16.0	16000	""osoba3""
""osoba3""		1458.9	1458900	1471.5	1471500	13.599976	13599	""osoba3""
""osoba3""		1459.5	1459500	1471.5	1471500	13.0	13000	""osoba3""
""osoba3""		1460.1001	1460100	1471.5	1471500	12.399902	12399	""osoba3""
""osoba3""		1460.7001	1460700	1471.5	1471500	11.799927	11799	""osoba3""
""osoba4""		1461.3	1461300	1461.6001	1461600	1.3000488	1300	""osoba4""
""osoba3""		1462.2001	1462200	1471.5	1471500	10.299927	10299	""osoba3""
""osoba2""		1464.0	1464000	1466.7001	1466700	3.7000732	3700	""osoba2""
""osoba2""		1465.2001	1465200	1466.7001	1466700	2.5	2500	""osoba2""
""osoba3""		1465.5	1465500	1471.5	1471500	7.0	7000	""osoba3""
""osoba4""		1470.3	1470300	1470.9	1470900	1.5999756	1599	""osoba4""
""osoba1""		1472.1001	1472100	1476.9	1476900	5.7999268	5799	""osoba1""
""osoba1""		1473.0	1473000	1476.9	1476900	4.9000244	4900	""osoba1""
""osoba1""		1473.9	1473900	1476.9	1476900	4.0	4000	""osoba1""
""osoba3""		1473.9	1473900	1476.9	1476900	4.0	4000	""osoba3""
""osoba3""		1474.8	1474800	1476.9	1476900	3.0999756	3099	""osoba3""
""osoba3""		1475.7001	1475700	1476.9	1476900	2.1999512	2199	""osoba3""
""osoba1""		1476.0	1476000	1476.9	1476900	1.9000244	1900	""osoba1""
""osoba4""		1476.6001	1476600	1505.7001	1505700	30.099976	30099	""osoba4""
""osoba4""		1478.7001	1478700	1505.7001	1505700	28.0	28000	""osoba4""
""osoba4""		1479.6001	1479600	1505.7001	1505700	27.099976	27099	""osoba4""
""osoba4""		1481.1001	1481100	1505.7001	1505700	25.599976	25599	""osoba4""
""osoba4""		1483.2001	1483200	1505.7001	1505700	23.5	23500	""osoba4""
""osoba4""		1483.8	1483800	1505.7001	1505700	22.900024	22900	""osoba4""
""osoba4""		1485.3	1485300	1505.7001	1505700	21.400024	21400	""osoba4""
""osoba4""		1486.8	1486800	1505.7001	1505700	19.900024	19900	""osoba4""
""osoba4""		1487.7001	1487700	1505.7001	1505700	19.0	19000	""osoba4""
""osoba4""		1489.2001	1489200	1505.7001	1505700	17.5	17500	""osoba4""
""osoba4""		1491.3	1491300	1505.7001	1505700	15.400024	15400	""osoba4""
""osoba2""		1491.9	1491900	1494.9	1494900	4.0	4000	""osoba2""
""osoba3""		1494.6001	1494600	1497.3	1497300	3.6999512	3699	""osoba3""
""osoba4""		1496.1001	1496100	1505.7001	1505700	10.599976	10599	""osoba4""
""osoba3""		1497.3	1497300	1497.3	1497300	1.0	1000	""osoba3""
""osoba4""		1498.8	1498800	1505.7001	1505700	7.9000244	7900	""osoba4""
""osoba4""		1500.9	1500900	1505.7001	1505700	5.800049	5800	""osoba4""
""osoba4""		1501.5	1501500	1505.7001	1505700	5.2000732	5200	""osoba4""
""osoba2""		1501.8	1501800	1505.4	1505400	4.5999756	4599	""osoba2""
""osoba1""		1504.2001	1504200	1506.6001	1506600	3.4000244	3400	""osoba1""
""osoba3""		1506.6001	1506600	1517.7001	1517700	12.099976	12099	""osoba3""
""osoba3""		1508.1001	1508100	1517.7001	1517700	10.599976	10599	""osoba3""
""osoba3""		1508.7001	1508700	1517.7001	1517700	10.0	10000	""osoba3""
""osoba3""		1509.3	1509300	1517.7001	1517700	9.400024	9400	""osoba3""
""osoba3""		1510.5	1510500	1517.7001	1517700	8.200073	8200	""osoba3""
""osoba3""		1511.1001	1511100	1517.7001	1517700	7.5999756	7599	""osoba3""
""osoba1""		1513.8	1513800	1531.5	1531500	18.699951	18699	""osoba1""
""osoba2""		1515.6001	1515600	1515.9	1515900	1.2999268	1299	""osoba2""
""osoba1""		1515.9	1515900	1531.5	1531500	16.599976	16599	""osoba1""
""osoba3""		1515.9	1515900	1517.7001	1517700	2.8000488	2800	""osoba3""
""osoba1""		1518.6001	1518600	1531.5	1531500	13.899902	13899	""osoba1""
""osoba1""		1519.5	1519500	1531.5	1531500	13.0	13000	""osoba1""
""osoba1""		1521.3	1521300	1531.5	1531500	11.199951	11199	""osoba1""
""osoba1""		1522.5	1522500	1531.5	1531500	10.0	10000	""osoba1""
""osoba4""		1524.0	1524000	1524.0	1524000	1.0	1000	""osoba4""
""osoba1""		1524.9	1524900	1531.5	1531500	7.5999756	7599	""osoba1""
""osoba2""		1526.4	1526400	1526.4	1526400	1.0	1000	""osoba2""
""osoba3""		1528.5	1528500	1528.5	1528500	1.0	1000	""osoba3""
""osoba1""		1530.0	1530000	1531.5	1531500	2.5	2500	""osoba1""
""osoba4""		1530.0	1530000	1533.6001	1533600	4.6000977	4600	""osoba4""
""osoba4""		1532.1001	1532100	1533.6001	1533600	2.5	2500	""osoba4""
""osoba4""		1533.3	1533300	1533.6001	1533600	1.3000488	1300	""osoba4""
""osoba1""		1533.6001	1533600	1542.3	1542300	9.699951	9699	""osoba1""
""osoba1""		1536.0	1536000	1542.3	1542300	7.300049	7300	""osoba1""
""osoba1""		1540.5001	1540500	1542.3	1542300	2.7999268	2799	""osoba1""
""osoba4""		1542.0001	1542000	1547.1001	1547100	6.0999756	6099	""osoba4""
""osoba4""		1544.7001	1544700	1547.1001	1547100	3.4000244	3400	""osoba4""
""osoba4""		1545.3	1545300	1547.1001	1547100	2.8000488	2800	""osoba4""
""osoba1""		1545.6001	1545600	1546.8	1546800	2.1999512	2199	""osoba1""
""osoba1""		1546.5001	1546500	1546.8	1546800	1.2999268	1299	""osoba1""
""osoba3""		1546.8	1546800	1549.5001	1549500	3.7000732	3700	""osoba3""
""osoba3""		1548.3	1548300	1549.5001	1549500	2.2000732	2200	""osoba3""
""osoba1""		1550.1001	1550100	1562.1001	1562100	13.0	13000	""osoba1""
""osoba1""		1550.7001	1550700	1562.1001	1562100	12.400024	12400	""osoba1""
""osoba1""		1551.9	1551900	1562.1001	1562100	11.200073	11200	""osoba1""
""osoba1""		1552.5001	1552500	1562.1001	1562100	10.599976	10599	""osoba1""
""osoba1""		1553.7001	1553700	1562.1001	1562100	9.400024	9400	""osoba1""
""osoba1""		1555.5001	1555500	1562.1001	1562100	7.5999756	7599	""osoba1""
""osoba1""		1556.1001	1556100	1562.1001	1562100	7.0	7000	""osoba1""
""osoba4""		1556.7001	1556700	1557.6001	1557600	1.9000244	1900	""osoba4""
""osoba1""		1557.0001	1557000	1562.1001	1562100	6.0999756	6099	""osoba1""
""osoba3""		1557.0001	1557000	1564.2001	1564200	8.199951	8199	""osoba3""
""osoba3""		1562.7001	1562700	1564.2001	1564200	2.5	2500	""osoba3""
""osoba4""		1564.2001	1564200	1603.8	1603800	40.599976	40599	""osoba4""
""osoba4""		1566.0001	1566000	1603.8	1603800	38.799927	38799	""osoba4""
""osoba2""		1567.8	1567800	1569.9	1569900	3.0999756	3099	""osoba2""
""osoba4""		1568.1001	1568100	1603.8	1603800	36.69995	36699	""osoba4""
""osoba4""		1569.9	1569900	1603.8	1603800	34.900024	34900	""osoba4""
""osoba4""		1571.1001	1571100	1603.8	1603800	33.69995	33699	""osoba4""
""osoba3""		1571.4	1571400	1571.7001	1571700	1.3000488	1300	""osoba3""
""osoba4""		1573.8	1573800	1603.8	1603800	31.0	31000	""osoba4""
""osoba4""		1577.1001	1577100	1603.8	1603800	27.699951	27699	""osoba4""
""osoba2""		1577.7001	1577700	1578.0001	1578000	1.3000488	1300	""osoba2""
""osoba4""		1579.5001	1579500	1603.8	1603800	25.299927	25299	""osoba4""
""osoba4""		1580.4	1580400	1603.8	1603800	24.400024	24400	""osoba4""
""osoba4""		1582.2001	1582200	1603.8	1603800	22.599976	22599	""osoba4""
""osoba1""		1582.5001	1582500	1583.1001	1583100	1.5999756	1599	""osoba1""
""osoba4""		1584.6001	1584600	1603.8	1603800	20.199951	20199	""osoba4""
""osoba4""		1587.9	1587900	1603.8	1603800	16.900024	16900	""osoba4""
""osoba2""		1592.1001	1592100	1592.1001	1592100	1.0	1000	""osoba2""
""osoba4""		1594.2001	1594200	1603.8	1603800	10.599976	10599	""osoba4""
""osoba4""		1595.4	1595400	1603.8	1603800	9.400024	9400	""osoba4""
""osoba4""		1596.3	1596300	1603.8	1603800	8.5	8500	""osoba4""
""osoba3""		1597.8	1597800	1597.8	1597800	1.0	1000	""osoba3""
""osoba4""		1599.3	1599300	1603.8	1603800	5.5	5500	""osoba4""
""osoba4""		1599.9	1599900	1603.8	1603800	4.9000244	4900	""osoba4""
""osoba4""		1603.2001	1603200	1603.8	1603800	1.5999756	1599	""osoba4""
""osoba3""		1603.8	1603800	1612.8	1612800	10.0	10000	""osoba3""
""osoba4""		1603.8	1603800	1603.8	1603800	1.0	1000	""osoba4""
""osoba3""		1608.9	1608900	1612.8	1612800	4.9000244	4900	""osoba3""
""osoba3""		1609.5001	1609500	1612.8	1612800	4.2999268	4299	""osoba3""
""osoba3""		1610.4	1610400	1612.8	1612800	3.4000244	3400	""osoba3""
""osoba4""		1610.7001	1610700	1612.2001	1612200	2.5	2500	""osoba4""
""osoba2""		1612.2001	1612200	1620.3	1620300	9.099976	9099	""osoba2""
""osoba1""		1614.6001	1614600	1615.2001	1615200	1.5999756	1599	""osoba1""
""osoba2""		1614.6001	1614600	1620.3	1620300	6.699951	6699	""osoba2""
""osoba2""		1617.0001	1617000	1620.3	1620300	4.2999268	4299	""osoba2""
""osoba2""		1619.4	1619400	1620.3	1620300	1.9000244	1900	""osoba2""
