"default"		0.0	0	1.0	1000	1.0	1000	BEGIN
"default"		1620.3	1620300	1620.31	1621300	1.0	1000	END
""osoba2""		6.9	6900	19.2	19200	13.300001	13300	""osoba2""
""osoba2""		8.1	8100	19.2	19200	12.1	12100	""osoba2""
""osoba2""		9.6	9600	19.2	19200	10.6	10600	""osoba2""
""osoba2""		10.8	10800	19.2	19200	9.400001	9400	""osoba2""
""osoba4""		11.400001	11400	11.700001	11700	1.3000002	1300	""osoba4""
""osoba2""		12.6	12600	19.2	19200	7.6000004	7600	""osoba2""
""osoba2""		13.200001	13200	19.2	19200	7.0	7000	""osoba2""
""osoba2""		15.3	15300	19.2	19200	4.9000006	4900	""osoba2""
""osoba4""		18.6	18600	21.900002	21900	4.300001	4300	""osoba4""
""osoba4""		21.0	21000	21.900002	21900	1.9000015	1900	""osoba4""
""osoba1""		21.300001	21300	25.500002	25500	5.200001	5200	""osoba1""
""osoba2""		21.900002	21900	22.5	22500	1.5999985	1599	""osoba2""
""osoba3""		30.6	30600	36.0	36000	6.3999996	6399	""osoba3""
""osoba3""		33.0	33000	36.0	36000	4.0	4000	""osoba3""
""osoba2""		33.9	33900	33.9	33900	1.0	1000	""osoba2""
""osoba1""		35.7	35700	36.9	36900	2.2000008	2200	""osoba1""
""osoba3""		35.7	35700	36.0	36000	1.2999992	1299	""osoba3""
""osoba1""		39.9	39900	42.600002	42600	3.7000008	3700	""osoba1""
""osoba3""		39.9	39900	39.9	39900	1.0	1000	""osoba3""
""osoba4""		44.7	44700	55.800003	55800	12.100002	12100	""osoba4""
""osoba1""		46.5	46500	47.100002	47100	1.6000023	1600	""osoba1""
""osoba4""		48.9	48900	55.800003	55800	7.9000015	7900	""osoba4""
""osoba4""		51.9	51900	55.800003	55800	4.9000015	4900	""osoba4""
""osoba2""		54.600002	54600	61.800003	61800	8.200001	8200	""osoba2""
""osoba4""		55.2	55200	55.800003	55800	1.6000023	1600	""osoba4""
""osoba4""		58.2	58200	62.4	62400	5.200001	5200	""osoba4""
""osoba4""		59.7	59700	62.4	62400	3.7000008	3700	""osoba4""
""osoba1""		62.4	62400	65.100006	65100	3.7000046	3700	""osoba1""
""osoba1""		63.000004	63000	65.100006	65100	3.1000023	3100	""osoba1""
""osoba4""		69.9	69900	76.8	76800	7.9000015	7900	""osoba4""
""osoba4""		72.0	72000	76.8	76800	5.800003	5800	""osoba4""
""osoba2""		74.700005	74700	77.100006	77100	3.4000015	3400	""osoba2""
""osoba1""		75.0	75000	75.600006	75600	1.6000061	1600	""osoba1""
""osoba3""		77.4	77400	85.5	85500	9.099998	9099	""osoba3""
""osoba3""		84.600006	84600	85.5	85500	1.8999939	1899	""osoba3""
""osoba4""		84.9	84900	107.100006	107100	23.200005	23200	""osoba4""
""osoba4""		87.0	87000	107.100006	107100	21.100006	21100	""osoba4""
""osoba4""		88.5	88500	107.100006	107100	19.600006	19600	""osoba4""
""osoba4""		89.100006	89100	107.100006	107100	19.0	19000	""osoba4""
""osoba4""		91.8	91800	107.100006	107100	16.300003	16300	""osoba4""
""osoba4""		96.3	96300	107.100006	107100	11.800003	11800	""osoba4""
""osoba4""		99.600006	99600	107.100006	107100	8.5	8500	""osoba4""
""osoba4""		101.700005	101700	107.100006	107100	6.4000015	6400	""osoba4""
""osoba4""		104.700005	104700	107.100006	107100	3.4000015	3400	""osoba4""
""osoba1""		107.100006	107100	108.00001	108000	1.9000015	1900	""osoba1""
""osoba4""		107.100006	107100	107.100006	107100	1.0	1000	""osoba4""
""osoba2""		108.3	108300	128.70001	128700	21.40001	21400	""osoba2""
""osoba2""		109.8	109800	128.70001	128700	19.90001	19900	""osoba2""
""osoba2""		112.50001	112500	128.70001	128700	17.200005	17200	""osoba2""
""osoba2""		113.700005	113700	128.70001	128700	16.000008	16000	""osoba2""
""osoba2""		115.8	115800	128.70001	128700	13.900009	13900	""osoba2""
""osoba2""		117.00001	117000	128.70001	128700	12.700005	12700	""osoba2""
""osoba2""		118.200005	118200	128.70001	128700	11.500008	11500	""osoba2""
""osoba2""		121.8	121800	128.70001	128700	7.900009	7900	""osoba2""
""osoba4""		123.3	123300	124.200005	124200	1.9000015	1900	""osoba4""
""osoba2""		124.50001	124500	128.70001	128700	5.2000046	5200	""osoba2""
""osoba1""		124.8	124800	126.00001	126000	2.2000046	2200	""osoba1""
""osoba4""		128.70001	128700	139.8	139800	12.099991	12099	""osoba4""
""osoba2""		130.8	130800	132.90001	132900	3.100006	3100	""osoba2""
""osoba2""		132.90001	132900	132.90001	132900	1.0	1000	""osoba2""
""osoba4""		136.5	136500	139.8	139800	4.300003	4300	""osoba4""
""osoba1""		137.70001	137700	140.40001	140400	3.699997	3699	""osoba1""
""osoba1""		139.8	139800	140.40001	140400	1.6000061	1600	""osoba1""
""osoba4""		139.8	139800	139.8	139800	1.0	1000	""osoba4""
""osoba4""		143.1	143100	168.90001	168900	26.800003	26800	""osoba4""
""osoba4""		144.6	144600	168.90001	168900	25.300003	25300	""osoba4""
""osoba4""		145.20001	145200	168.90001	168900	24.699997	24699	""osoba4""
""osoba4""		146.40001	146400	168.90001	168900	23.5	23500	""osoba4""
""osoba4""		147.90001	147900	168.90001	168900	22.0	22000	""osoba4""
""osoba4""		150.0	150000	168.90001	168900	19.90001	19900	""osoba4""
""osoba4""		154.5	154500	168.90001	168900	15.400009	15400	""osoba4""
""osoba4""		155.1	155100	168.90001	168900	14.800003	14800	""osoba4""
""osoba4""		155.70001	155700	168.90001	168900	14.199997	14199	""osoba4""
""osoba4""		158.70001	158700	168.90001	168900	11.199997	11199	""osoba4""
""osoba4""		160.20001	160200	168.90001	168900	9.699997	9699	""osoba4""
""osoba4""		162.90001	162900	168.90001	168900	7.0	7000	""osoba4""
""osoba4""		163.8	163800	168.90001	168900	6.100006	6100	""osoba4""
""osoba1""		168.0	168000	172.5	172500	5.5	5500	""osoba1""
""osoba4""		168.0	168000	168.90001	168900	1.9000092	1900	""osoba4""
""osoba2""		169.5	169500	171.3	171300	2.800003	2800	""osoba2""
""osoba3""		169.8	169800	170.1	170100	1.300003	1300	""osoba3""
""osoba3""		174.0	174000	189.0	189000	16.0	16000	""osoba3""
""osoba3""		177.3	177300	189.0	189000	12.699997	12699	""osoba3""
""osoba3""		177.90001	177900	189.0	189000	12.099991	12099	""osoba3""
""osoba2""		178.8	178800	178.8	178800	1.0	1000	""osoba2""
""osoba3""		178.8	178800	189.0	189000	11.199997	11199	""osoba3""
""osoba3""		180.6	180600	189.0	189000	9.399994	9399	""osoba3""
""osoba3""		181.20001	181200	189.0	189000	8.799988	8799	""osoba3""
""osoba3""		182.40001	182400	189.0	189000	7.599991	7599	""osoba3""
""osoba4""		182.40001	182400	184.20001	184200	2.800003	2800	""osoba4""
""osoba3""		187.20001	187200	189.0	189000	2.7999878	2799	""osoba3""
""osoba1""		187.8	187800	190.8	190800	4.0	4000	""osoba1""
""osoba3""		192.3	192300	204.6	204600	13.300003	13300	""osoba3""
""osoba3""		193.8	193800	204.6	204600	11.800003	11800	""osoba3""
""osoba3""		194.70001	194700	204.6	204600	10.899994	10899	""osoba3""
""osoba3""		196.20001	196200	204.6	204600	9.399994	9399	""osoba3""
""osoba3""		201.3	201300	204.6	204600	4.300003	4300	""osoba3""
""osoba3""		202.50002	202500	204.6	204600	3.0999908	3099	""osoba3""
""osoba2""		204.00002	204000	210.90001	210900	7.899994	7899	""osoba2""
""osoba1""		205.20001	205200	206.70001	206700	2.5	2500	""osoba1""
""osoba2""		207.90001	207900	210.90001	210900	4.0	4000	""osoba2""
""osoba2""		209.1	209100	210.90001	210900	2.800003	2800	""osoba2""
""osoba2""		209.70001	209700	210.90001	210900	2.199997	2199	""osoba2""
""osoba2""		210.6	210600	210.90001	210900	1.300003	1300	""osoba2""
""osoba3""		210.90001	210900	228.00002	228000	18.100006	18100	""osoba3""
""osoba3""		212.70001	212700	228.00002	228000	16.300003	16300	""osoba3""
""osoba3""		214.20001	214200	228.00002	228000	14.800003	14800	""osoba3""
""osoba3""		216.3	216300	228.00002	228000	12.700012	12700	""osoba3""
""osoba3""		216.90001	216900	228.00002	228000	12.100006	12100	""osoba3""
""osoba3""		221.1	221100	228.00002	228000	7.900009	7900	""osoba3""
""osoba3""		221.70001	221700	228.00002	228000	7.300003	7300	""osoba3""
""osoba3""		222.6	222600	228.00002	228000	6.400009	6400	""osoba3""
""osoba3""		226.20001	226200	228.00002	228000	2.800003	2800	""osoba3""
""osoba3""		226.8	226800	228.00002	228000	2.2000122	2200	""osoba3""
""osoba2""		227.40001	227400	228.3	228300	1.8999939	1899	""osoba2""
""osoba4""		228.3	228300	234.00002	234000	6.700012	6700	""osoba4""
""osoba1""		230.70001	230700	234.6	234600	4.899994	4899	""osoba1""
""osoba4""		233.70001	233700	234.00002	234000	1.300003	1300	""osoba4""
""osoba2""		237.6	237600	282.90002	282900	46.30002	46300	""osoba2""
""osoba2""		238.50002	238500	282.90002	282900	45.40001	45400	""osoba2""
""osoba2""		242.40001	242400	282.90002	282900	41.500015	41500	""osoba2""
""osoba2""		243.6	243600	282.90002	282900	40.30002	40300	""osoba2""
""osoba2""		244.20001	244200	282.90002	282900	39.700012	39700	""osoba2""
""osoba2""		248.40001	248400	282.90002	282900	35.500015	35500	""osoba2""
""osoba3""		251.70001	251700	251.70001	251700	1.0	1000	""osoba3""
""osoba2""		255.00002	255000	282.90002	282900	28.90001	28900	""osoba2""
""osoba2""		258.0	258000	282.90002	282900	25.900024	25900	""osoba2""
""osoba1""		261.6	261600	261.6	261600	1.0	1000	""osoba1""
""osoba2""		263.7	263700	282.90002	282900	20.200012	20200	""osoba2""
""osoba2""		265.2	265200	282.90002	282900	18.700012	18700	""osoba2""
""osoba2""		268.2	268200	282.90002	282900	15.700012	15700	""osoba2""
""osoba2""		269.7	269700	282.90002	282900	14.200012	14200	""osoba2""
""osoba2""		270.30002	270300	282.90002	282900	13.600006	13600	""osoba2""
""osoba2""		271.80002	271800	282.90002	282900	12.100006	12100	""osoba2""
""osoba2""		272.40002	272400	282.90002	282900	11.5	11500	""osoba2""
""osoba2""		273.0	273000	282.90002	282900	10.900024	10900	""osoba2""
""osoba2""		274.2	274200	282.90002	282900	9.700012	9700	""osoba2""
""osoba2""		275.7	275700	282.90002	282900	8.200012	8200	""osoba2""
""osoba2""		277.80002	277800	282.90002	282900	6.100006	6100	""osoba2""
""osoba2""		279.30002	279300	282.90002	282900	4.600006	4600	""osoba2""
""osoba2""		282.30002	282300	282.90002	282900	1.6000061	1600	""osoba2""
""osoba3""		282.6	282600	284.7	284700	3.100006	3100	""osoba3""
""osoba1""		283.2	283200	284.7	284700	2.5	2500	""osoba1""
""osoba4""		284.1	284100	289.5	289500	6.399994	6399	""osoba4""
""osoba4""		286.5	286500	289.5	289500	4.0	4000	""osoba4""
""osoba4""		287.7	287700	289.5	289500	2.7999878	2799	""osoba4""
""osoba3""		288.6	288600	290.40002	290400	2.8000183	2800	""osoba3""
""osoba1""		289.80002	289800	292.2	292200	3.399994	3399	""osoba1""
""osoba4""		297.0	297000	369.30002	369300	73.30002	73300	""osoba4""
""osoba1""		297.90002	297900	297.90002	297900	1.0	1000	""osoba1""
""osoba4""		298.5	298500	369.30002	369300	71.80002	71800	""osoba4""
""osoba4""		302.1	302100	369.30002	369300	68.20001	68200	""osoba4""
""osoba4""		303.90002	303900	369.30002	369300	66.399994	66399	""osoba4""
""osoba4""		306.30002	306300	369.30002	369300	64.0	64000	""osoba4""
""osoba2""		308.40002	308400	308.40002	308400	1.0	1000	""osoba2""
""osoba4""		309.90002	309900	369.30002	369300	60.399994	60399	""osoba4""
""osoba4""		313.5	313500	369.30002	369300	56.80002	56800	""osoba4""
""osoba4""		319.5	319500	369.30002	369300	50.80002	50800	""osoba4""
""osoba4""		320.40002	320400	369.30002	369300	49.899994	49899	""osoba4""
""osoba1""		320.7	320700	321.0	321000	1.2999878	1299	""osoba1""
""osoba4""		324.30002	324300	369.30002	369300	46.0	46000	""osoba4""
""osoba4""		327.90002	327900	369.30002	369300	42.399994	42399	""osoba4""
""osoba4""		328.5	328500	369.30002	369300	41.80002	41800	""osoba4""
""osoba4""		329.40002	329400	369.30002	369300	40.899994	40899	""osoba4""
""osoba4""		331.5	331500	369.30002	369300	38.80002	38800	""osoba4""
""osoba4""		334.2	334200	369.30002	369300	36.100006	36100	""osoba4""
""osoba4""		336.6	336600	369.30002	369300	33.700012	33700	""osoba4""
""osoba4""		337.80002	337800	369.30002	369300	32.5	32500	""osoba4""
""osoba4""		340.2	340200	369.30002	369300	30.100006	30100	""osoba4""
""osoba4""		343.80002	343800	369.30002	369300	26.5	26500	""osoba4""
""osoba4""		345.0	345000	369.30002	369300	25.300018	25300	""osoba4""
""osoba4""		346.5	346500	369.30002	369300	23.800018	23800	""osoba4""
""osoba4""		347.1	347100	369.30002	369300	23.200012	23200	""osoba4""
""osoba4""		351.30002	351300	369.30002	369300	19.0	19000	""osoba4""
""osoba4""		353.40002	353400	369.30002	369300	16.899994	16899	""osoba4""
""osoba4""		355.5	355500	369.30002	369300	14.800018	14800	""osoba4""
""osoba4""		356.1	356100	369.30002	369300	14.200012	14200	""osoba4""
""osoba4""		356.7	356700	369.30002	369300	13.600006	13600	""osoba4""
""osoba4""		357.6	357600	369.30002	369300	12.700012	12700	""osoba4""
""osoba4""		360.0	360000	369.30002	369300	10.300018	10300	""osoba4""
""osoba4""		360.90002	360900	369.30002	369300	9.399994	9399	""osoba4""
""osoba4""		366.0	366000	369.30002	369300	4.3000183	4300	""osoba4""
""osoba4""		367.5	367500	369.30002	369300	2.8000183	2800	""osoba4""
""osoba4""		368.40002	368400	369.30002	369300	1.8999939	1899	""osoba4""
""osoba3""		369.0	369000	373.5	373500	5.5	5500	""osoba3""
""osoba3""		370.5	370500	373.5	373500	4.0	4000	""osoba3""
""osoba3""		371.7	371700	373.5	373500	2.7999878	2799	""osoba3""
""osoba4""		374.1	374100	386.1	386100	13.0	13000	""osoba4""
""osoba4""		375.0	375000	386.1	386100	12.100006	12100	""osoba4""
""osoba4""		375.90002	375900	386.1	386100	11.199982	11199	""osoba4""
""osoba4""		377.40002	377400	386.1	386100	9.699982	9699	""osoba4""
""osoba4""		378.90002	378900	386.1	386100	8.199982	8199	""osoba4""
""osoba4""		380.1	380100	386.1	386100	7.0	7000	""osoba4""
""osoba4""		381.6	381600	386.1	386100	5.5	5500	""osoba4""
""osoba2""		384.90002	384900	413.40002	413400	29.5	29500	""osoba2""
""osoba4""		385.50003	385500	386.1	386100	1.5999756	1599	""osoba4""
""osoba2""		387.6	387600	413.40002	413400	26.800018	26800	""osoba2""
""osoba2""		388.2	388200	413.40002	413400	26.200012	26200	""osoba2""
""osoba2""		389.1	389100	413.40002	413400	25.300018	25300	""osoba2""
""osoba2""		390.30002	390300	413.40002	413400	24.100006	24100	""osoba2""
""osoba2""		391.2	391200	413.40002	413400	23.200012	23200	""osoba2""
""osoba2""		393.00003	393000	413.40002	413400	21.399994	21399	""osoba2""
""osoba2""		394.50003	394500	413.40002	413400	19.899994	19899	""osoba2""
""osoba2""		396.30002	396300	413.40002	413400	18.100006	18100	""osoba2""
""osoba1""		396.90002	396900	397.2	397200	1.2999878	1299	""osoba1""
""osoba2""		397.2	397200	413.40002	413400	17.200012	17200	""osoba2""
""osoba2""		399.6	399600	413.40002	413400	14.800018	14800	""osoba2""
""osoba2""		401.7	401700	413.40002	413400	12.700012	12700	""osoba2""
""osoba3""		402.30002	402300	402.30002	402300	1.0	1000	""osoba3""
""osoba2""		402.90002	402900	413.40002	413400	11.5	11500	""osoba2""
""osoba2""		405.00003	405000	413.40002	413400	9.399994	9399	""osoba2""
""osoba4""		405.6	405600	408.30002	408300	3.7000122	3700	""osoba4""
""osoba2""		411.6	411600	413.40002	413400	2.8000183	2800	""osoba2""
""osoba2""		413.1	413100	413.40002	413400	1.3000183	1300	""osoba2""
""osoba4""		413.40002	413400	441.00003	441000	28.600006	28600	""osoba4""
""osoba4""		414.30002	414300	441.00003	441000	27.700012	27700	""osoba4""
""osoba4""		414.90002	414900	441.00003	441000	27.100006	27100	""osoba4""
""osoba4""		420.6	420600	441.00003	441000	21.400024	21400	""osoba4""
""osoba1""		421.2	421200	421.2	421200	1.0	1000	""osoba1""
""osoba3""		421.80002	421800	421.80002	421800	1.0	1000	""osoba3""
""osoba4""		421.80002	421800	441.00003	441000	20.200012	20200	""osoba4""
""osoba4""		422.40002	422400	441.00003	441000	19.600006	19600	""osoba4""
""osoba4""		426.90002	426900	441.00003	441000	15.100006	15100	""osoba4""
""osoba4""		430.50003	430500	441.00003	441000	11.5	11500	""osoba4""
""osoba4""		433.2	433200	441.00003	441000	8.800018	8800	""osoba4""
""osoba4""		436.50003	436500	441.00003	441000	5.5	5500	""osoba4""
""osoba2""		438.30002	438300	449.7	449700	12.399994	12399	""osoba2""
""osoba2""		443.1	443100	449.7	449700	7.600006	7600	""osoba2""
""osoba3""		445.2	445200	471.30002	471300	27.100006	27100	""osoba3""
""osoba2""		446.40002	446400	449.7	449700	4.299988	4299	""osoba2""
""osoba3""		450.90002	450900	471.30002	471300	21.399994	21399	""osoba3""
""osoba3""		452.40002	452400	471.30002	471300	19.899994	19899	""osoba3""
""osoba3""		453.30002	453300	471.30002	471300	19.0	19000	""osoba3""
""osoba3""		456.30002	456300	471.30002	471300	16.0	16000	""osoba3""
""osoba1""		458.1	458100	458.40002	458400	1.3000183	1300	""osoba1""
""osoba3""		459.90002	459900	471.30002	471300	12.399994	12399	""osoba3""
""osoba3""		464.1	464100	471.30002	471300	8.200012	8200	""osoba3""
""osoba3""		465.30002	465300	471.30002	471300	7.0	7000	""osoba3""
""osoba3""		468.30002	468300	471.30002	471300	4.0	4000	""osoba3""
""osoba4""		470.7	470700	479.40002	479400	9.700012	9700	""osoba4""
""osoba4""		473.40002	473400	479.40002	479400	7.0	7000	""osoba4""
""osoba4""		479.40002	479400	479.40002	479400	1.0	1000	""osoba4""
""osoba2""		479.7	479700	488.1	488100	9.399994	9399	""osoba2""
""osoba1""		480.30002	480300	483.00003	483000	3.7000122	3700	""osoba1""
""osoba2""		480.90002	480900	488.1	488100	8.199982	8199	""osoba2""
""osoba2""		485.7	485700	488.1	488100	3.399994	3399	""osoba2""
""osoba2""		487.2	487200	488.1	488100	1.8999939	1899	""osoba2""
""osoba4""		488.1	488100	491.40002	491400	4.3000183	4300	""osoba4""
""osoba4""		490.2	490200	491.40002	491400	2.2000122	2200	""osoba4""
""osoba3""		491.1	491100	496.80002	496800	6.700012	6700	""osoba3""
""osoba1""		493.80002	493800	496.80002	496800	4.0	4000	""osoba1""
""osoba1""		495.00003	495000	496.80002	496800	2.7999878	2799	""osoba1""
""osoba3""		495.30002	495300	496.80002	496800	2.5	2500	""osoba3""
""osoba4""		504.30002	504300	522.0	522000	18.699982	18699	""osoba4""
""osoba4""		509.7	509700	522.0	522000	13.299988	13299	""osoba4""
""osoba4""		510.90002	510900	522.0	522000	12.099976	12099	""osoba4""
""osoba4""		511.50003	511500	522.0	522000	11.4999695	11499	""osoba4""
""osoba4""		512.4	512400	522.0	522000	10.599976	10599	""osoba4""
""osoba4""		513.30005	513300	522.0	522000	9.699951	9699	""osoba4""
""osoba4""		515.10004	515100	522.0	522000	7.8999634	7899	""osoba4""
""osoba3""		520.2	520200	520.2	520200	1.0	1000	""osoba3""
""osoba4""		520.5	520500	522.0	522000	2.5	2500	""osoba4""
""osoba2""		520.80005	520800	533.7	533700	13.899963	13899	""osoba2""
""osoba4""		521.7	521700	522.0	522000	1.2999878	1299	""osoba4""
""osoba2""		523.5	523500	533.7	533700	11.200012	11200	""osoba2""
""osoba2""		524.10004	524100	533.7	533700	10.599976	10599	""osoba2""
""osoba1""		526.2	526200	526.5	526500	1.2999878	1299	""osoba1""
""osoba2""		529.80005	529800	533.7	533700	4.8999634	4899	""osoba2""
""osoba2""		530.4	530400	533.7	533700	4.299988	4299	""osoba2""
""osoba4""		532.5	532500	542.10004	542100	10.600037	10600	""osoba4""
""osoba2""		533.7	533700	533.7	533700	1.0	1000	""osoba2""
""osoba2""		537.30005	537300	539.10004	539100	2.7999878	2799	""osoba2""
""osoba4""		538.5	538500	542.10004	542100	4.6000366	4600	""osoba4""
""osoba2""		539.10004	539100	539.10004	539100	1.0	1000	""osoba2""
""osoba3""		540.30005	540300	540.30005	540300	1.0	1000	""osoba3""
""osoba2""		542.4	542400	567.0	567000	25.599976	25599	""osoba2""
""osoba2""		544.80005	544800	567.0	567000	23.199951	23199	""osoba2""
""osoba2""		548.10004	548100	567.0	567000	19.899963	19899	""osoba2""
""osoba2""		551.10004	551100	567.0	567000	16.899963	16899	""osoba2""
""osoba4""		552.0	552000	552.60004	552600	1.6000366	1600	""osoba4""
""osoba4""		552.60004	552600	552.60004	552600	1.0	1000	""osoba4""
""osoba2""		555.60004	555600	567.0	567000	12.399963	12399	""osoba2""
""osoba2""		556.80005	556800	567.0	567000	11.199951	11199	""osoba2""
""osoba2""		557.7	557700	567.0	567000	10.299988	10299	""osoba2""
""osoba2""		558.60004	558600	567.0	567000	9.399963	9399	""osoba2""
""osoba3""		558.9	558900	559.2	559200	1.2999878	1299	""osoba3""
""osoba2""		560.4	560400	567.0	567000	7.5999756	7599	""osoba2""
""osoba2""		561.60004	561600	567.0	567000	6.3999634	6399	""osoba2""
""osoba2""		564.9	564900	567.0	567000	3.0999756	3099	""osoba2""
""osoba4""		565.5	565500	573.9	573900	9.400024	9400	""osoba4""
""osoba4""		569.7	569700	573.9	573900	5.200012	5200	""osoba4""
""osoba4""		570.60004	570600	573.9	573900	4.299988	4299	""osoba4""
""osoba4""		572.10004	572100	573.9	573900	2.7999878	2799	""osoba4""
""osoba4""		572.7	572700	573.9	573900	2.2000122	2200	""osoba4""
""osoba2""		573.30005	573300	586.2	586200	13.899963	13899	""osoba2""
""osoba2""		576.60004	576600	586.2	586200	10.599976	10599	""osoba2""
""osoba2""		578.7	578700	586.2	586200	8.5	8500	""osoba2""
""osoba2""		581.10004	581100	586.2	586200	6.0999756	6099	""osoba2""
""osoba2""		582.9	582900	586.2	586200	4.299988	4299	""osoba2""
""osoba2""		584.4	584400	586.2	586200	2.7999878	2799	""osoba2""
""osoba2""		585.9	585900	586.2	586200	1.2999878	1299	""osoba2""
""osoba3""		586.5	586500	589.5	589500	4.0	4000	""osoba3""
""osoba3""		587.7	587700	589.5	589500	2.7999878	2799	""osoba3""
""osoba3""		588.9	588900	589.5	589500	1.5999756	1599	""osoba3""
""osoba2""		589.2	589200	625.80005	625800	37.600037	37600	""osoba2""
""osoba2""		591.30005	591300	625.80005	625800	35.5	35500	""osoba2""
""osoba2""		593.4	593400	625.80005	625800	33.400024	33400	""osoba2""
""osoba2""		594.30005	594300	625.80005	625800	32.5	32500	""osoba2""
""osoba2""		595.2	595200	625.80005	625800	31.600037	31600	""osoba2""
""osoba3""		595.5	595500	595.80005	595800	1.3000488	1300	""osoba3""
""osoba2""		596.4	596400	625.80005	625800	30.400024	30400	""osoba2""
""osoba1""		600.0	600000	601.2	601200	2.2000122	2200	""osoba1""
""osoba2""		602.7	602700	625.80005	625800	24.100037	24100	""osoba2""
""osoba4""		605.10004	605100	605.4	605400	1.2999878	1299	""osoba4""
""osoba2""		608.10004	608100	625.80005	625800	18.700012	18700	""osoba2""
""osoba2""		613.2	613200	625.80005	625800	13.600037	13600	""osoba2""
""osoba2""		614.10004	614100	625.80005	625800	12.700012	12700	""osoba2""
""osoba2""		616.80005	616800	625.80005	625800	10.0	10000	""osoba2""
""osoba2""		617.4	617400	625.80005	625800	9.400024	9400	""osoba2""
""osoba2""		618.0	618000	625.80005	625800	8.800049	8800	""osoba2""
""osoba2""		618.9	618900	625.80005	625800	7.9000244	7900	""osoba2""
""osoba2""		620.10004	620100	625.80005	625800	6.700012	6700	""osoba2""
""osoba2""		622.80005	622800	625.80005	625800	4.0	4000	""osoba2""
""osoba3""		624.9	624900	625.80005	625800	1.9000244	1900	""osoba3""
""osoba4""		626.10004	626100	639.9	639900	14.799988	14799	""osoba4""
""osoba4""		628.2	628200	639.9	639900	12.700012	12700	""osoba4""
""osoba4""		629.4	629400	639.9	639900	11.5	11500	""osoba4""
""osoba4""		630.30005	630300	639.9	639900	10.599976	10599	""osoba4""
""osoba4""		631.2	631200	639.9	639900	9.700012	9700	""osoba4""
""osoba4""		632.4	632400	639.9	639900	8.5	8500	""osoba4""
""osoba4""		634.80005	634800	639.9	639900	6.0999756	6099	""osoba4""
""osoba4""		636.0	636000	639.9	639900	4.9000244	4900	""osoba4""
""osoba4""		636.60004	636600	639.9	639900	4.299988	4299	""osoba4""
""osoba2""		636.9	636900	637.2	637200	1.2999878	1299	""osoba2""
""osoba4""		638.4	638400	639.9	639900	2.5	2500	""osoba4""
""osoba2""		639.60004	639600	642.60004	642600	4.0	4000	""osoba2""
""osoba1""		642.60004	642600	642.9	642900	1.2999878	1299	""osoba1""
""osoba2""		642.60004	642600	642.60004	642600	1.0	1000	""osoba2""
""osoba2""		645.30005	645300	659.4	659400	15.099976	15099	""osoba2""
""osoba2""		646.80005	646800	659.4	659400	13.599976	13599	""osoba2""
""osoba2""		649.80005	649800	659.4	659400	10.599976	10599	""osoba2""
""osoba2""		651.0	651000	659.4	659400	9.400024	9400	""osoba2""
""osoba2""		652.2	652200	659.4	659400	8.200012	8200	""osoba2""
""osoba2""		654.9	654900	659.4	659400	5.5	5500	""osoba2""
""osoba1""		658.2	658200	660.60004	660600	3.4000244	3400	""osoba1""
""osoba4""		660.30005	660300	673.5	673500	14.199951	14199	""osoba4""
""osoba4""		661.80005	661800	673.5	673500	12.699951	12699	""osoba4""
""osoba4""		663.0	663000	673.5	673500	11.5	11500	""osoba4""
""osoba3""		668.10004	668100	671.7	671700	4.5999756	4599	""osoba3""
""osoba4""		668.4	668400	673.5	673500	6.0999756	6099	""osoba4""
""osoba1""		669.0	669000	674.10004	674100	6.1000366	6100	""osoba1""
""osoba4""		669.30005	669300	673.5	673500	5.199951	5199	""osoba4""
""osoba2""		669.60004	669600	669.60004	669600	1.0	1000	""osoba2""
""osoba2""		675.30005	675300	703.5	703500	29.199951	29199	""osoba2""
""osoba4""		676.5	676500	677.10004	677100	1.6000366	1600	""osoba4""
""osoba2""		680.4	680400	703.5	703500	24.099976	24099	""osoba2""
""osoba4""		680.7	680700	683.10004	683100	3.4000244	3400	""osoba4""
""osoba2""		684.0	684000	703.5	703500	20.5	20500	""osoba2""
""osoba2""		686.4	686400	703.5	703500	18.099976	18099	""osoba2""
""osoba4""		687.9	687900	688.2	688200	1.2999878	1299	""osoba4""
""osoba2""		691.80005	691800	703.5	703500	12.699951	12699	""osoba2""
""osoba2""		692.4	692400	703.5	703500	12.099976	12099	""osoba2""
""osoba2""		695.7	695700	703.5	703500	8.799988	8799	""osoba2""
""osoba4""		696.9	696900	696.9	696900	1.0	1000	""osoba4""
""osoba2""		698.10004	698100	703.5	703500	6.3999634	6399	""osoba2""
""osoba2""		699.60004	699600	703.5	703500	4.8999634	4899	""osoba2""
""osoba1""		702.0	702000	702.30005	702300	1.3000488	1300	""osoba1""
""osoba2""		703.2	703200	703.5	703500	1.2999878	1299	""osoba2""
""osoba3""		703.5	703500	709.80005	709800	7.300049	7300	""osoba3""
""osoba3""		708.9	708900	709.80005	709800	1.9000244	1900	""osoba3""
""osoba4""		709.2	709200	715.80005	715800	7.6000366	7600	""osoba4""
""osoba4""		711.30005	711300	715.80005	715800	5.5	5500	""osoba4""
""osoba4""		712.80005	712800	715.80005	715800	4.0	4000	""osoba4""
""osoba2""		713.10004	713100	762.60004	762600	50.5	50500	""osoba2""
""osoba3""		719.4	719400	719.7	719700	1.2999878	1299	""osoba3""
""osoba2""		720.9	720900	762.60004	762600	42.700012	42700	""osoba2""
""osoba2""		721.80005	721800	762.60004	762600	41.799988	41799	""osoba2""
""osoba2""		723.30005	723300	762.60004	762600	40.299988	40299	""osoba2""
""osoba1""		724.2	724200	724.2	724200	1.0	1000	""osoba1""
""osoba2""		724.5	724500	762.60004	762600	39.100037	39100	""osoba2""
""osoba4""		725.7	725700	725.7	725700	1.0	1000	""osoba4""
""osoba2""		728.10004	728100	762.60004	762600	35.5	35500	""osoba2""
""osoba2""		729.0	729000	762.60004	762600	34.600037	34600	""osoba2""
""osoba2""		729.9	729900	762.60004	762600	33.700012	33700	""osoba2""
""osoba2""		732.9	732900	762.60004	762600	30.700012	30700	""osoba2""
""osoba2""		737.4	737400	762.60004	762600	26.200012	26200	""osoba2""
""osoba2""		739.2	739200	762.60004	762600	24.400024	24400	""osoba2""
""osoba2""		740.7	740700	762.60004	762600	22.900024	22900	""osoba2""
""osoba2""		741.60004	741600	762.60004	762600	22.0	22000	""osoba2""
""osoba2""		747.60004	747600	762.60004	762600	16.0	16000	""osoba2""
""osoba2""		751.5	751500	762.60004	762600	12.100037	12100	""osoba2""
""osoba1""		751.80005	751800	752.4	752400	1.5999756	1599	""osoba1""
""osoba2""		754.80005	754800	762.60004	762600	8.799988	8799	""osoba2""
""osoba2""		755.4	755400	762.60004	762600	8.200012	8200	""osoba2""
""osoba2""		757.5	757500	762.60004	762600	6.1000366	6100	""osoba2""
""osoba2""		758.10004	758100	762.60004	762600	5.5	5500	""osoba2""
""osoba2""		760.2	760200	762.60004	762600	3.4000244	3400	""osoba2""
""osoba1""		760.80005	760800	763.5	763500	3.6999512	3699	""osoba1""
""osoba1""		762.30005	762300	763.5	763500	2.1999512	2199	""osoba1""
""osoba4""		763.80005	763800	772.80005	772800	10.0	10000	""osoba4""
""osoba2""		766.80005	766800	766.80005	766800	1.0	1000	""osoba2""
""osoba4""		766.80005	766800	772.80005	772800	7.0	7000	""osoba4""
""osoba4""		770.7	770700	772.80005	772800	3.1000366	3100	""osoba4""
""osoba4""		772.2	772200	772.80005	772800	1.6000366	1600	""osoba4""
""osoba1""		772.80005	772800	774.00006	774000	2.2000122	2200	""osoba1""
""osoba4""		774.9	774900	790.50006	790500	16.600037	16600	""osoba4""
""osoba4""		777.30005	777300	790.50006	790500	14.200012	14200	""osoba4""
""osoba4""		779.10004	779100	790.50006	790500	12.400024	12400	""osoba4""
""osoba3""		779.4	779400	780.30005	780300	1.9000244	1900	""osoba3""
""osoba4""		781.2	781200	790.50006	790500	10.300049	10300	""osoba4""
""osoba1""		781.50006	781500	782.4	782400	1.8999634	1899	""osoba1""
""osoba4""		782.7	782700	790.50006	790500	8.800049	8800	""osoba4""
""osoba4""		783.60004	783600	790.50006	790500	7.9000244	7900	""osoba4""
""osoba4""		785.4	785400	790.50006	790500	6.1000366	6100	""osoba4""
""osoba4""		786.30005	786300	790.50006	790500	5.200012	5200	""osoba4""
""osoba4""		787.2	787200	790.50006	790500	4.300049	4300	""osoba4""
""osoba2""		788.4	788400	803.7	803700	16.299988	16299	""osoba2""
""osoba2""		792.60004	792600	803.7	803700	12.099976	12099	""osoba2""
""osoba2""		793.2	793200	803.7	803700	11.5	11500	""osoba2""
""osoba4""		795.00006	795000	795.9	795900	1.8999634	1899	""osoba4""
""osoba2""		795.30005	795300	803.7	803700	9.399963	9399	""osoba2""
""osoba2""		800.10004	800100	803.7	803700	4.5999756	4599	""osoba2""
""osoba2""		801.9	801900	803.7	803700	2.7999878	2799	""osoba2""
""osoba2""		802.50006	802500	803.7	803700	2.1999512	2199	""osoba2""
""osoba4""		804.30005	804300	819.9	819900	16.599976	16599	""osoba4""
""osoba4""		805.50006	805500	819.9	819900	15.399963	15399	""osoba4""
""osoba4""		806.7	806700	819.9	819900	14.200012	14200	""osoba4""
""osoba4""		808.2	808200	819.9	819900	12.700012	12700	""osoba4""
""osoba4""		810.00006	810000	819.9	819900	10.899963	10899	""osoba4""
""osoba4""		810.60004	810600	819.9	819900	10.299988	10299	""osoba4""
""osoba4""		812.7	812700	819.9	819900	8.200012	8200	""osoba4""
""osoba2""		813.9	813900	814.80005	814800	1.9000244	1900	""osoba2""
""osoba4""		814.2	814200	819.9	819900	6.700012	6700	""osoba4""
""osoba4""		816.30005	816300	819.9	819900	4.5999756	4599	""osoba4""
""osoba1""		817.2	817200	822.60004	822600	6.4000244	6400	""osoba1""
""osoba4""		817.2	817200	819.9	819900	3.7000122	3700	""osoba4""
""osoba3""		818.7	818700	826.2	826200	8.5	8500	""osoba3""
""osoba3""		823.80005	823800	826.2	826200	3.3999634	3399	""osoba3""
""osoba3""		825.60004	825600	826.2	826200	1.5999756	1599	""osoba3""
""osoba2""		826.50006	826500	830.4	830400	4.8999634	4899	""osoba2""
""osoba2""		827.7	827700	830.4	830400	3.7000122	3700	""osoba2""
""osoba1""		828.00006	828000	828.00006	828000	1.0	1000	""osoba1""
""osoba4""		828.60004	828600	849.30005	849300	21.700012	21700	""osoba4""
""osoba4""		831.60004	831600	849.30005	849300	18.700012	18700	""osoba4""
""osoba4""		832.80005	832800	849.30005	849300	17.5	17500	""osoba4""
""osoba4""		833.4	833400	849.30005	849300	16.900024	16900	""osoba4""
""osoba4""		834.9	834900	849.30005	849300	15.400024	15400	""osoba4""
""osoba4""		841.2	841200	849.30005	849300	9.100037	9100	""osoba4""
""osoba4""		845.4	845400	849.30005	849300	4.9000244	4900	""osoba4""
""osoba4""		846.60004	846600	849.30005	849300	3.7000122	3700	""osoba4""
""osoba2""		847.2	847200	847.2	847200	1.0	1000	""osoba2""
""osoba2""		849.60004	849600	856.50006	856500	7.9000244	7900	""osoba2""
""osoba3""		852.00006	852000	860.7	860700	9.699951	9699	""osoba3""
""osoba3""		853.50006	853500	860.7	860700	8.199951	8199	""osoba3""
""osoba3""		856.2	856200	860.7	860700	5.5	5500	""osoba3""
""osoba4""		860.10004	860100	864.30005	864300	5.200012	5200	""osoba4""
""osoba4""		862.50006	862500	864.30005	864300	2.7999878	2799	""osoba4""
""osoba4""		863.4	863400	864.30005	864300	1.9000244	1900	""osoba4""
""osoba3""		863.7	863700	867.60004	867600	4.9000244	4900	""osoba3""
""osoba3""		865.80005	865800	867.60004	867600	2.7999878	2799	""osoba3""
""osoba3""		867.00006	867000	867.60004	867600	1.5999756	1599	""osoba3""
""osoba2""		867.30005	867300	909.9	909900	43.599976	43599	""osoba2""
""osoba2""		869.10004	869100	909.9	909900	41.799988	41799	""osoba2""
""osoba3""		870.00006	870000	870.00006	870000	1.0	1000	""osoba3""
""osoba2""		872.10004	872100	909.9	909900	38.799988	38799	""osoba2""
""osoba2""		874.50006	874500	909.9	909900	36.399963	36399	""osoba2""
""osoba2""		875.4	875400	909.9	909900	35.5	35500	""osoba2""
""osoba2""		879.30005	879300	909.9	909900	31.599976	31599	""osoba2""
""osoba2""		883.80005	883800	909.9	909900	27.099976	27099	""osoba2""
""osoba2""		885.30005	885300	909.9	909900	25.599976	25599	""osoba2""
""osoba2""		889.2	889200	909.9	909900	21.700012	21700	""osoba2""
""osoba4""		890.7	890700	898.50006	898500	8.800049	8800	""osoba4""
""osoba2""		895.2	895200	909.9	909900	15.700012	15700	""osoba2""
""osoba3""		895.2	895200	896.10004	896100	1.9000244	1900	""osoba3""
""osoba2""		900.00006	900000	909.9	909900	10.899963	10899	""osoba2""
""osoba2""		902.10004	902100	909.9	909900	8.799988	8799	""osoba2""
""osoba2""		903.30005	903300	909.9	909900	7.5999756	7599	""osoba2""
""osoba2""		905.4	905400	909.9	909900	5.5	5500	""osoba2""
""osoba2""		906.00006	906000	909.9	909900	4.8999634	4899	""osoba2""
""osoba2""		907.2	907200	909.9	909900	3.7000122	3700	""osoba2""
""osoba1""		908.4	908400	911.4	911400	4.0	4000	""osoba1""
""osoba2""		909.30005	909300	909.9	909900	1.5999756	1599	""osoba2""
""osoba4""		912.30005	912300	920.7	920700	9.399963	9399	""osoba4""
""osoba4""		914.10004	914100	920.7	920700	7.5999756	7599	""osoba4""
""osoba4""		918.30005	918300	920.7	920700	3.3999634	3399	""osoba4""
""osoba1""		919.50006	919500	922.80005	922800	4.299988	4299	""osoba1""
""osoba2""		920.4	920400	921.00006	921000	1.6000366	1600	""osoba2""
""osoba3""		930.30005	930300	937.2	937200	7.8999634	7899	""osoba3""
""osoba3""		932.10004	932100	937.2	937200	6.0999756	6099	""osoba3""
""osoba3""		933.60004	933600	937.2	937200	4.5999756	4599	""osoba3""
""osoba3""		934.80005	934800	937.2	937200	3.3999634	3399	""osoba3""
""osoba3""		935.4	935400	937.2	937200	2.7999878	2799	""osoba3""
""osoba1""		936.30005	936300	944.10004	944100	8.799988	8799	""osoba1""
""osoba2""		938.4	938400	938.7	938700	1.2999878	1299	""osoba2""
""osoba4""		944.10004	944100	949.80005	949800	6.700012	6700	""osoba4""
""osoba4""		945.30005	945300	949.80005	949800	5.5	5500	""osoba4""
""osoba4""		946.2	946200	949.80005	949800	4.6000366	4600	""osoba4""
""osoba3""		948.30005	948300	960.30005	960300	13.0	13000	""osoba3""
""osoba2""		950.7	950700	951.30005	951300	1.6000366	1600	""osoba2""
""osoba2""		955.2	955200	956.10004	956100	1.9000244	1900	""osoba2""
""osoba3""		955.80005	955800	960.30005	960300	5.5	5500	""osoba3""
""osoba3""		960.00006	960000	960.30005	960300	1.2999878	1299	""osoba3""
""osoba1""		960.30005	960300	963.9	963900	4.5999756	4599	""osoba1""
""osoba4""		966.9	966900	972.60004	972600	6.700012	6700	""osoba4""
""osoba3""		967.2	967200	967.50006	967500	1.3000488	1300	""osoba3""
""osoba4""		969.00006	969000	972.60004	972600	4.5999756	4599	""osoba4""
""osoba4""		969.9	969900	972.60004	972600	3.7000122	3700	""osoba4""
""osoba4""		970.50006	970500	972.60004	972600	3.0999756	3099	""osoba4""
""osoba3""		972.30005	972300	999.00006	999000	27.700012	27700	""osoba3""
""osoba4""		972.30005	972300	972.60004	972600	1.2999878	1299	""osoba4""
""osoba3""		975.60004	975600	999.00006	999000	24.400024	24400	""osoba3""
""osoba3""		979.50006	979500	999.00006	999000	20.5	20500	""osoba3""
""osoba4""		982.80005	982800	982.80005	982800	1.0	1000	""osoba4""
""osoba3""		984.00006	984000	999.00006	999000	16.0	16000	""osoba3""
""osoba3""		985.50006	985500	999.00006	999000	14.5	14500	""osoba3""
""osoba3""		986.7	986700	999.00006	999000	13.300049	13300	""osoba3""
""osoba3""		987.60004	987600	999.00006	999000	12.400024	12400	""osoba3""
""osoba2""		990.60004	990600	990.9	990900	1.2999878	1299	""osoba2""
""osoba3""		990.60004	990600	999.00006	999000	9.400024	9400	""osoba3""
""osoba3""		992.4	992400	999.00006	999000	7.6000366	7600	""osoba3""
""osoba3""		993.60004	993600	999.00006	999000	6.4000244	6400	""osoba3""
""osoba2""		993.9	993900	999.9	999900	7.0	7000	""osoba2""
""osoba2""		995.4	995400	999.9	999900	5.5	5500	""osoba2""
""osoba3""		995.7	995700	999.00006	999000	4.300049	4300	""osoba3""
""osoba3""		997.2	997200	999.00006	999000	2.8000488	2800	""osoba3""
""osoba2""		997.50006	997500	999.9	999900	3.3999634	3399	""osoba2""
""osoba4""		999.00006	999000	1008.30005	1008300	10.299988	10299	""osoba4""
""osoba4""		1000.80005	1000800	1008.30005	1008300	8.5	8500	""osoba4""
""osoba4""		1004.7	1004700	1008.30005	1008300	4.6000366	4600	""osoba4""
""osoba4""		1005.30005	1005300	1008.30005	1008300	4.0	4000	""osoba4""
""osoba4""		1007.10004	1007100	1008.30005	1008300	2.2000122	2200	""osoba4""
""osoba1""		1008.00006	1008000	1008.60004	1008600	1.5999756	1599	""osoba1""
""osoba2""		1012.2	1012200	1013.4	1013400	2.2000122	2200	""osoba2""
""osoba4""		1013.4	1013400	1023.30005	1023300	10.900024	10900	""osoba4""
""osoba4""		1014.60004	1014600	1023.30005	1023300	9.700012	9700	""osoba4""
""osoba4""		1015.80005	1015800	1023.30005	1023300	8.5	8500	""osoba4""
""osoba4""		1019.10004	1019100	1023.30005	1023300	5.200012	5200	""osoba4""
""osoba4""		1022.10004	1022100	1023.30005	1023300	2.2000122	2200	""osoba4""
""osoba2""		1023.00006	1023000	1026.0	1026000	3.999939	3999	""osoba2""
""osoba4""		1023.00006	1023000	1023.30005	1023300	1.2999878	1299	""osoba4""
""osoba2""		1025.1001	1025100	1026.0	1026000	1.8999023	1899	""osoba2""
""osoba4""		1026.0	1026000	1032.9	1032900	7.9000244	7900	""osoba4""
""osoba4""		1029.6001	1029600	1032.9	1032900	4.2999268	4299	""osoba4""
""osoba2""		1029.9	1029900	1030.8	1030800	1.9000244	1900	""osoba2""
""osoba4""		1032.0	1032000	1032.9	1032900	1.9000244	1900	""osoba4""
""osoba3""		1032.3	1032300	1049.7001	1049700	18.400024	18400	""osoba3""
""osoba3""		1035.3	1035300	1049.7001	1049700	15.400024	15400	""osoba3""
""osoba3""		1039.2001	1039200	1049.7001	1049700	11.5	11500	""osoba3""
""osoba2""		1039.8	1039800	1041.0	1041000	2.1999512	2199	""osoba2""
""osoba3""		1039.8	1039800	1049.7001	1049700	10.900024	10900	""osoba3""
""osoba1""		1040.7001	1040700	1044.3	1044300	4.5999756	4599	""osoba1""
""osoba3""		1042.2001	1042200	1049.7001	1049700	8.5	8500	""osoba3""
""osoba3""		1047.3	1047300	1049.7001	1049700	3.4000244	3400	""osoba3""
""osoba1""		1047.6001	1047600	1051.5	1051500	4.8999023	4899	""osoba1""
""osoba1""		1049.1001	1049100	1051.5	1051500	3.3999023	3399	""osoba1""
""osoba4""		1053.0	1053000	1088.1001	1088100	36.100098	36100	""osoba4""
""osoba4""		1058.7001	1058700	1088.1001	1088100	30.400024	30400	""osoba4""
""osoba4""		1063.2001	1063200	1088.1001	1088100	25.900024	25900	""osoba4""
""osoba4""		1064.4	1064400	1088.1001	1088100	24.700073	24700	""osoba4""
""osoba4""		1066.5	1066500	1088.1001	1088100	22.600098	22600	""osoba4""
""osoba4""		1067.7001	1067700	1088.1001	1088100	21.400024	21400	""osoba4""
""osoba4""		1068.3	1068300	1088.1001	1088100	20.800049	20800	""osoba4""
""osoba4""		1069.5	1069500	1088.1001	1088100	19.600098	19600	""osoba4""
""osoba4""		1070.1001	1070100	1088.1001	1088100	19.0	19000	""osoba4""
""osoba4""		1070.7001	1070700	1088.1001	1088100	18.400024	18400	""osoba4""
""osoba4""		1072.8	1072800	1088.1001	1088100	16.300049	16300	""osoba4""
""osoba4""		1073.4	1073400	1088.1001	1088100	15.700073	15700	""osoba4""
""osoba1""		1073.7001	1073700	1075.2001	1075200	2.5	2500	""osoba1""
""osoba4""		1074.6001	1074600	1088.1001	1088100	14.5	14500	""osoba4""
""osoba4""		1077.3	1077300	1088.1001	1088100	11.800049	11800	""osoba4""
""osoba4""		1077.9	1077900	1088.1001	1088100	11.200073	11200	""osoba4""
""osoba4""		1079.4	1079400	1088.1001	1088100	9.700073	9700	""osoba4""
""osoba4""		1082.1001	1082100	1088.1001	1088100	7.0	7000	""osoba4""
""osoba4""		1083.0	1083000	1088.1001	1088100	6.1000977	6100	""osoba4""
""osoba4""		1084.2001	1084200	1088.1001	1088100	4.9000244	4900	""osoba4""
""osoba4""		1085.1001	1085100	1088.1001	1088100	4.0	4000	""osoba4""
""osoba4""		1085.7001	1085700	1088.1001	1088100	3.4000244	3400	""osoba4""
""osoba4""		1086.3	1086300	1088.1001	1088100	2.8000488	2800	""osoba4""
""osoba2""		1087.5	1087500	1093.2001	1093200	6.7000732	6700	""osoba2""
""osoba2""		1089.6001	1089600	1093.2001	1093200	4.5999756	4599	""osoba2""
""osoba2""		1091.4	1091400	1093.2001	1093200	2.8000488	2800	""osoba2""
""osoba2""		1092.0	1092000	1093.2001	1093200	2.2000732	2200	""osoba2""
""osoba4""		1092.3	1092300	1141.8	1141800	50.5	50500	""osoba4""
""osoba4""		1094.4	1094400	1141.8	1141800	48.400024	48400	""osoba4""
""osoba4""		1095.9	1095900	1141.8	1141800	46.900024	46900	""osoba4""
""osoba4""		1096.8	1096800	1141.8	1141800	46.0	46000	""osoba4""
""osoba4""		1098.9	1098900	1141.8	1141800	43.900024	43900	""osoba4""
""osoba4""		1100.1001	1100100	1141.8	1141800	42.69995	42699	""osoba4""
""osoba4""		1102.5	1102500	1141.8	1141800	40.30005	40300	""osoba4""
""osoba4""		1104.0	1104000	1141.8	1141800	38.80005	38800	""osoba4""
""osoba4""		1105.8	1105800	1141.8	1141800	37.0	37000	""osoba4""
""osoba4""		1107.6001	1107600	1141.8	1141800	35.19995	35199	""osoba4""
""osoba4""		1108.5	1108500	1141.8	1141800	34.30005	34300	""osoba4""
""osoba4""		1117.2001	1117200	1141.8	1141800	25.599976	25599	""osoba4""
""osoba4""		1118.4	1118400	1141.8	1141800	24.400024	24400	""osoba4""
""osoba2""		1119.6001	1119600	1122.6001	1122600	4.0	4000	""osoba2""
""osoba4""		1125.6001	1125600	1141.8	1141800	17.199951	17199	""osoba4""
""osoba4""		1127.7001	1127700	1141.8	1141800	15.099976	15099	""osoba4""
""osoba4""		1130.7001	1130700	1141.8	1141800	12.099976	12099	""osoba4""
""osoba4""		1131.3	1131300	1141.8	1141800	11.5	11500	""osoba4""
""osoba3""		1132.2001	1132200	1132.2001	1132200	1.0	1000	""osoba3""
""osoba4""		1132.8	1132800	1141.8	1141800	10.0	10000	""osoba4""
""osoba4""		1134.3	1134300	1141.8	1141800	8.5	8500	""osoba4""
""osoba4""		1135.5	1135500	1141.8	1141800	7.300049	7300	""osoba4""
""osoba2""		1140.0	1140000	1150.8	1150800	11.800049	11800	""osoba2""
""osoba2""		1143.6001	1143600	1150.8	1150800	8.199951	8199	""osoba2""
""osoba2""		1145.7001	1145700	1150.8	1150800	6.0999756	6099	""osoba2""
""osoba2""		1146.3	1146300	1150.8	1150800	5.5	5500	""osoba2""
""osoba2""		1147.2001	1147200	1150.8	1150800	4.5999756	4599	""osoba2""
""osoba2""		1147.8	1147800	1150.8	1150800	4.0	4000	""osoba2""
""osoba4""		1148.4	1148400	1149.6001	1149600	2.2000732	2200	""osoba4""
""osoba1""		1150.8	1150800	1151.1001	1151100	1.3000488	1300	""osoba1""
""osoba2""		1150.8	1150800	1150.8	1150800	1.0	1000	""osoba2""
""osoba3""		1152.3	1152300	1157.7001	1157700	6.4000244	6400	""osoba3""
""osoba3""		1153.5	1153500	1157.7001	1157700	5.2000732	5200	""osoba3""
""osoba3""		1154.4	1154400	1157.7001	1157700	4.300049	4300	""osoba3""
""osoba2""		1158.0	1158000	1158.6001	1158600	1.6000977	1600	""osoba2""
""osoba3""		1160.1001	1160100	1179.6001	1179600	20.5	20500	""osoba3""
""osoba3""		1161.0	1161000	1179.6001	1179600	19.600098	19600	""osoba3""
""osoba3""		1161.6001	1161600	1179.6001	1179600	19.0	19000	""osoba3""
""osoba3""		1165.2001	1165200	1179.6001	1179600	15.400024	15400	""osoba3""
""osoba3""		1169.1001	1169100	1179.6001	1179600	11.5	11500	""osoba3""
""osoba3""		1170.0	1170000	1179.6001	1179600	10.600098	10600	""osoba3""
""osoba2""		1170.3	1170300	1172.4	1172400	3.0999756	3099	""osoba2""
""osoba3""		1173.3	1173300	1179.6001	1179600	7.300049	7300	""osoba3""
""osoba3""		1174.8	1174800	1179.6001	1179600	5.800049	5800	""osoba3""
""osoba3""		1175.4	1175400	1179.6001	1179600	5.2000732	5200	""osoba3""
""osoba3""		1176.0	1176000	1179.6001	1179600	4.6000977	4600	""osoba3""
""osoba1""		1177.8	1177800	1183.5	1183500	6.699951	6699	""osoba1""
""osoba4""		1180.2001	1180200	1180.2001	1180200	1.0	1000	""osoba4""
""osoba2""		1181.1001	1181100	1182.0	1182000	1.8999023	1899	""osoba2""
""osoba3""		1186.2001	1186200	1187.7001	1187700	2.5	2500	""osoba3""
""osoba2""		1187.7001	1187700	1188.6001	1188600	1.9000244	1900	""osoba2""
""osoba3""		1187.7001	1187700	1187.7001	1187700	1.0	1000	""osoba3""
""osoba4""		1187.7001	1187700	1199.4	1199400	12.699951	12699	""osoba4""
""osoba4""		1190.4	1190400	1199.4	1199400	10.0	10000	""osoba4""
""osoba4""		1191.9	1191900	1199.4	1199400	8.5	8500	""osoba4""
""osoba4""		1192.8	1192800	1199.4	1199400	7.5999756	7599	""osoba4""
""osoba4""		1196.7001	1196700	1199.4	1199400	3.6999512	3699	""osoba4""
""osoba4""		1197.6001	1197600	1199.4	1199400	2.7999268	2799	""osoba4""
""osoba3""		1198.2001	1198200	1208.1001	1208100	10.900024	10900	""osoba3""
""osoba3""		1201.5	1201500	1208.1001	1208100	7.6000977	7600	""osoba3""
""osoba3""		1202.4	1202400	1208.1001	1208100	6.7000732	6700	""osoba3""
""osoba3""		1203.0	1203000	1208.1001	1208100	6.1000977	6100	""osoba3""
""osoba3""		1203.6001	1203600	1208.1001	1208100	5.5	5500	""osoba3""
""osoba3""		1205.7001	1205700	1208.1001	1208100	3.4000244	3400	""osoba3""
""osoba2""		1206.9	1206900	1215.6001	1215600	9.700073	9700	""osoba2""
""osoba3""		1206.9	1206900	1208.1001	1208100	2.2000732	2200	""osoba3""
""osoba2""		1207.8	1207800	1215.6001	1215600	8.800049	8800	""osoba2""
""osoba3""		1208.1001	1208100	1208.1001	1208100	1.0	1000	""osoba3""
""osoba2""		1209.0	1209000	1215.6001	1215600	7.6000977	7600	""osoba2""
""osoba1""		1209.6001	1209600	1209.9	1209900	1.2999268	1299	""osoba1""
""osoba2""		1209.9	1209900	1215.6001	1215600	6.7000732	6700	""osoba2""
""osoba2""		1211.4	1211400	1215.6001	1215600	5.2000732	5200	""osoba2""
""osoba2""		1212.6001	1212600	1215.6001	1215600	4.0	4000	""osoba2""
""osoba2""		1214.4	1214400	1215.6001	1215600	2.2000732	2200	""osoba2""
""osoba2""		1215.3	1215300	1215.6001	1215600	1.3000488	1300	""osoba2""
""osoba4""		1216.2001	1216200	1219.2001	1219200	4.0	4000	""osoba4""
""osoba4""		1217.1001	1217100	1219.2001	1219200	3.0999756	3099	""osoba4""
""osoba2""		1217.7001	1217700	1219.5	1219500	2.7999268	2799	""osoba2""
""osoba1""		1220.1001	1220100	1221.0	1221000	1.8999023	1899	""osoba1""
""osoba3""		1221.3	1221300	1229.4	1229400	9.099976	9099	""osoba3""
""osoba3""		1224.0	1224000	1229.4	1229400	6.4000244	6400	""osoba3""
""osoba3""		1224.6001	1224600	1229.4	1229400	5.7999268	5799	""osoba3""
""osoba4""		1225.2001	1225200	1225.2001	1225200	1.0	1000	""osoba4""
""osoba3""		1226.7001	1226700	1229.4	1229400	3.6999512	3699	""osoba3""
""osoba3""		1227.3	1227300	1229.4	1229400	3.0999756	3099	""osoba3""
""osoba1""		1229.7001	1229700	1234.8	1234800	6.0999756	6099	""osoba1""
""osoba4""		1230.0	1230000	1233.9	1233900	4.9000244	4900	""osoba4""
""osoba1""		1232.7001	1232700	1234.8	1234800	3.0999756	3099	""osoba1""
""osoba4""		1242.0	1242000	1255.2001	1255200	14.200073	14200	""osoba4""
""osoba4""		1243.2001	1243200	1255.2001	1255200	13.0	13000	""osoba4""
""osoba4""		1247.1001	1247100	1255.2001	1255200	9.099976	9099	""osoba4""
""osoba4""		1249.8	1249800	1255.2001	1255200	6.4000244	6400	""osoba4""
""osoba4""		1253.4	1253400	1255.2001	1255200	2.8000488	2800	""osoba4""
""osoba1""		1254.6001	1254600	1255.2001	1255200	1.5999756	1599	""osoba1""
""osoba4""		1258.2001	1258200	1273.5	1273500	16.299927	16299	""osoba4""
""osoba4""		1262.1001	1262100	1273.5	1273500	12.399902	12399	""osoba4""
""osoba4""		1264.2001	1264200	1273.5	1273500	10.299927	10299	""osoba4""
""osoba4""		1266.6001	1266600	1273.5	1273500	7.8999023	7899	""osoba4""
""osoba4""		1269.6001	1269600	1273.5	1273500	4.8999023	4899	""osoba4""
""osoba4""		1270.8	1270800	1273.5	1273500	3.6999512	3699	""osoba4""
""osoba2""		1272.6001	1272600	1279.2001	1279200	7.5999756	7599	""osoba2""
""osoba2""		1274.7001	1274700	1279.2001	1279200	5.5	5500	""osoba2""
""osoba2""		1275.9	1275900	1279.2001	1279200	4.300049	4300	""osoba2""
""osoba2""		1276.5	1276500	1279.2001	1279200	3.7000732	3700	""osoba2""
""osoba2""		1277.1001	1277100	1279.2001	1279200	3.0999756	3099	""osoba2""
""osoba1""		1278.3	1278300	1279.2001	1279200	1.9000244	1900	""osoba1""
""osoba2""		1283.1001	1283100	1294.2001	1294200	12.099976	12099	""osoba2""
""osoba2""		1285.8	1285800	1294.2001	1294200	9.400024	9400	""osoba2""
""osoba2""		1287.0	1287000	1294.2001	1294200	8.200073	8200	""osoba2""
""osoba2""		1287.9	1287900	1294.2001	1294200	7.300049	7300	""osoba2""
""osoba2""		1289.1001	1289100	1294.2001	1294200	6.0999756	6099	""osoba2""
""osoba2""		1290.6001	1290600	1294.2001	1294200	4.5999756	4599	""osoba2""
""osoba2""		1292.4	1292400	1294.2001	1294200	2.8000488	2800	""osoba2""
""osoba2""		1293.3	1293300	1294.2001	1294200	1.9000244	1900	""osoba2""
""osoba3""		1293.6001	1293600	1293.9	1293900	1.2999268	1299	""osoba3""
""osoba4""		1294.2001	1294200	1302.6001	1302600	9.400024	9400	""osoba4""
""osoba4""		1295.7001	1295700	1302.6001	1302600	7.9000244	7900	""osoba4""
""osoba2""		1299.6001	1299600	1299.6001	1299600	1.0	1000	""osoba2""
""osoba4""		1300.5	1300500	1302.6001	1302600	3.1000977	3100	""osoba4""
""osoba4""		1302.3	1302300	1302.6001	1302600	1.3000488	1300	""osoba4""
""osoba2""		1302.9	1302900	1311.9	1311900	10.0	10000	""osoba2""
""osoba2""		1304.1001	1304100	1311.9	1311900	8.799927	8799	""osoba2""
""osoba4""		1305.6001	1305600	1306.2001	1306200	1.5999756	1599	""osoba4""
""osoba2""		1307.4	1307400	1311.9	1311900	5.5	5500	""osoba2""
""osoba4""		1311.0	1311000	1311.0	1311000	1.0	1000	""osoba4""
""osoba1""		1311.3	1311300	1311.9	1311900	1.5999756	1599	""osoba1""
""osoba2""		1311.6001	1311600	1311.9	1311900	1.2999268	1299	""osoba2""
""osoba2""		1317.0	1317000	1320.9	1320900	4.9000244	4900	""osoba2""
""osoba2""		1318.2001	1318200	1320.9	1320900	3.6999512	3699	""osoba2""
""osoba2""		1320.3	1320300	1320.9	1320900	1.5999756	1599	""osoba2""
""osoba3""		1320.9	1320900	1331.4	1331400	11.5	11500	""osoba3""
""osoba3""		1322.4	1322400	1331.4	1331400	10.0	10000	""osoba3""
""osoba3""		1323.6001	1323600	1331.4	1331400	8.799927	8799	""osoba3""
""osoba2""		1324.5	1324500	1326.3	1326300	2.8000488	2800	""osoba2""
""osoba2""		1326.0	1326000	1326.3	1326300	1.3000488	1300	""osoba2""
""osoba3""		1327.8	1327800	1331.4	1331400	4.5999756	4599	""osoba3""
""osoba3""		1329.9	1329900	1331.4	1331400	2.5	2500	""osoba3""
""osoba2""		1330.2001	1330200	1334.1001	1334100	4.9000244	4900	""osoba2""
""osoba2""		1332.6001	1332600	1334.1001	1334100	2.5	2500	""osoba2""
""osoba2""		1333.2001	1333200	1334.1001	1334100	1.9000244	1900	""osoba2""
""osoba1""		1334.4	1334400	1335.0	1335000	1.5999756	1599	""osoba1""
""osoba2""		1336.8	1336800	1365.3	1365300	29.5	29500	""osoba2""
""osoba2""		1339.5	1339500	1365.3	1365300	26.800049	26800	""osoba2""
""osoba2""		1341.9	1341900	1365.3	1365300	24.400024	24400	""osoba2""
""osoba2""		1346.7001	1346700	1365.3	1365300	19.599976	19599	""osoba2""
""osoba1""		1347.0	1347000	1347.0	1347000	1.0	1000	""osoba1""
""osoba2""		1348.8	1348800	1365.3	1365300	17.5	17500	""osoba2""
""osoba2""		1350.0	1350000	1365.3	1365300	16.300049	16300	""osoba2""
""osoba2""		1351.8	1351800	1365.3	1365300	14.5	14500	""osoba2""
""osoba2""		1359.3	1359300	1365.3	1365300	7.0	7000	""osoba2""
""osoba2""		1359.9	1359900	1365.3	1365300	6.4000244	6400	""osoba2""
""osoba2""		1361.7001	1361700	1365.3	1365300	4.5999756	4599	""osoba2""
""osoba2""		1362.6001	1362600	1365.3	1365300	3.6999512	3699	""osoba2""
""osoba1""		1363.8	1363800	1364.1001	1364100	1.3000488	1300	""osoba1""
""osoba4""		1364.4	1364400	1379.7001	1379700	16.300049	16300	""osoba4""
""osoba4""		1365.3	1365300	1379.7001	1379700	15.400024	15400	""osoba4""
""osoba4""		1368.0	1368000	1379.7001	1379700	12.700073	12700	""osoba4""
""osoba4""		1369.5	1369500	1379.7001	1379700	11.200073	11200	""osoba4""
""osoba4""		1370.7001	1370700	1379.7001	1379700	10.0	10000	""osoba4""
""osoba4""		1371.3	1371300	1379.7001	1379700	9.400024	9400	""osoba4""
""osoba4""		1374.6001	1374600	1379.7001	1379700	6.0999756	6099	""osoba4""
""osoba4""		1375.5	1375500	1379.7001	1379700	5.2000732	5200	""osoba4""
""osoba4""		1376.4	1376400	1379.7001	1379700	4.300049	4300	""osoba4""
""osoba4""		1377.3	1377300	1379.7001	1379700	3.4000244	3400	""osoba4""
""osoba1""		1377.6001	1377600	1381.2001	1381200	4.5999756	4599	""osoba1""
""osoba4""		1378.8	1378800	1379.7001	1379700	1.9000244	1900	""osoba4""
""osoba2""		1379.4	1379400	1379.7001	1379700	1.3000488	1300	""osoba2""
""osoba3""		1384.2001	1384200	1392.3	1392300	9.099976	9099	""osoba3""
""osoba3""		1385.7001	1385700	1392.3	1392300	7.5999756	7599	""osoba3""
""osoba3""		1388.7001	1388700	1392.3	1392300	4.5999756	4599	""osoba3""
""osoba4""		1391.1001	1391100	1412.4	1412400	22.299927	22299	""osoba4""
""osoba2""		1393.2001	1393200	1393.2001	1393200	1.0	1000	""osoba2""
""osoba4""		1394.7001	1394700	1412.4	1412400	18.699951	18699	""osoba4""
""osoba4""		1397.1001	1397100	1412.4	1412400	16.299927	16299	""osoba4""
""osoba4""		1398.6001	1398600	1412.4	1412400	14.799927	14799	""osoba4""
""osoba4""		1400.4	1400400	1412.4	1412400	13.0	13000	""osoba4""
""osoba4""		1402.5	1402500	1412.4	1412400	10.900024	10900	""osoba4""
""osoba4""		1404.3	1404300	1412.4	1412400	9.099976	9099	""osoba4""
""osoba4""		1404.9	1404900	1412.4	1412400	8.5	8500	""osoba4""
""osoba4""		1407.3	1407300	1412.4	1412400	6.0999756	6099	""osoba4""
""osoba4""		1408.5	1408500	1412.4	1412400	4.9000244	4900	""osoba4""
""osoba4""		1409.7001	1409700	1412.4	1412400	3.6999512	3699	""osoba4""
""osoba1""		1412.1001	1412100	1415.4	1415400	4.2999268	4299	""osoba1""
""osoba4""		1418.7001	1418700	1422.9	1422900	5.199951	5199	""osoba4""
""osoba4""		1419.6001	1419600	1422.9	1422900	4.2999268	4299	""osoba4""
""osoba4""		1420.8	1420800	1422.9	1422900	3.0999756	3099	""osoba4""
""osoba1""		1422.3	1422300	1422.9	1422900	1.5999756	1599	""osoba1""
""osoba3""		1422.3	1422300	1428.6001	1428600	7.300049	7300	""osoba3""
""osoba2""		1424.7001	1424700	1438.5	1438500	14.799927	14799	""osoba2""
""osoba3""		1424.7001	1424700	1428.6001	1428600	4.9000244	4900	""osoba3""
""osoba3""		1425.3	1425300	1428.6001	1428600	4.300049	4300	""osoba3""
""osoba2""		1427.1001	1427100	1438.5	1438500	12.399902	12399	""osoba2""
""osoba3""		1427.1001	1427100	1428.6001	1428600	2.5	2500	""osoba3""
""osoba2""		1430.4	1430400	1438.5	1438500	9.099976	9099	""osoba2""
""osoba2""		1431.9	1431900	1438.5	1438500	7.5999756	7599	""osoba2""
""osoba2""		1433.1001	1433100	1438.5	1438500	6.3999023	6399	""osoba2""
""osoba2""		1434.3	1434300	1438.5	1438500	5.199951	5199	""osoba2""
""osoba2""		1435.8	1435800	1438.5	1438500	3.6999512	3699	""osoba2""
""osoba4""		1437.0	1437000	1476.3	1476300	40.30005	40300	""osoba4""
""osoba3""		1439.1001	1439100	1443.0	1443000	4.8999023	4899	""osoba3""
""osoba4""		1442.4	1442400	1476.3	1476300	34.900024	34900	""osoba4""
""osoba4""		1444.2001	1444200	1476.3	1476300	33.099976	33099	""osoba4""
""osoba4""		1449.0	1449000	1476.3	1476300	28.300049	28300	""osoba4""
""osoba4""		1449.9	1449900	1476.3	1476300	27.400024	27400	""osoba4""
""osoba4""		1450.8	1450800	1476.3	1476300	26.5	26500	""osoba4""
""osoba4""		1453.2001	1453200	1476.3	1476300	24.099976	24099	""osoba4""
""osoba4""		1455.3	1455300	1476.3	1476300	22.0	22000	""osoba4""
""osoba4""		1456.8	1456800	1476.3	1476300	20.5	20500	""osoba4""
""osoba4""		1459.2001	1459200	1476.3	1476300	18.099976	18099	""osoba4""
""osoba4""		1460.7001	1460700	1476.3	1476300	16.599976	16599	""osoba4""
""osoba4""		1462.5	1462500	1476.3	1476300	14.800049	14800	""osoba4""
""osoba4""		1465.2001	1465200	1476.3	1476300	12.099976	12099	""osoba4""
""osoba2""		1465.5	1465500	1465.8	1465800	1.3000488	1300	""osoba2""
""osoba4""		1466.7001	1466700	1476.3	1476300	10.599976	10599	""osoba4""
""osoba4""		1467.9	1467900	1476.3	1476300	9.400024	9400	""osoba4""
""osoba2""		1468.2001	1468200	1470.3	1470300	3.0999756	3099	""osoba2""
""osoba2""		1469.7001	1469700	1470.3	1470300	1.5999756	1599	""osoba2""
""osoba1""		1471.2001	1471200	1471.2001	1471200	1.0	1000	""osoba1""
""osoba4""		1471.2001	1471200	1476.3	1476300	6.0999756	6099	""osoba4""
""osoba4""		1472.4	1472400	1476.3	1476300	4.9000244	4900	""osoba4""
""osoba4""		1474.5	1474500	1476.3	1476300	2.8000488	2800	""osoba4""
""osoba4""		1476.0	1476000	1476.3	1476300	1.3000488	1300	""osoba4""
""osoba1""		1476.3	1476300	1476.9	1476900	1.5999756	1599	""osoba1""
""osoba3""		1476.6001	1476600	1504.5	1504500	28.899902	28899	""osoba3""
""osoba3""		1477.8	1477800	1504.5	1504500	27.699951	27699	""osoba3""
""osoba3""		1479.0	1479000	1504.5	1504500	26.5	26500	""osoba3""
""osoba3""		1480.2001	1480200	1504.5	1504500	25.299927	25299	""osoba3""
""osoba3""		1481.4	1481400	1504.5	1504500	24.099976	24099	""osoba3""
""osoba3""		1482.3	1482300	1504.5	1504500	23.199951	23199	""osoba3""
""osoba4""		1482.6001	1482600	1482.9	1482900	1.2999268	1299	""osoba4""
""osoba3""		1485.3	1485300	1504.5	1504500	20.199951	20199	""osoba3""
""osoba3""		1487.1001	1487100	1504.5	1504500	18.399902	18399	""osoba3""
""osoba3""		1489.5	1489500	1504.5	1504500	16.0	16000	""osoba3""
""osoba4""		1489.5	1489500	1490.1001	1490100	1.6000977	1600	""osoba4""
""osoba3""		1497.0	1497000	1504.5	1504500	8.5	8500	""osoba3""
""osoba2""		1499.7001	1499700	1500.0	1500000	1.2999268	1299	""osoba2""
""osoba4""		1500.0	1500000	1501.2001	1501200	2.2000732	2200	""osoba4""
""osoba3""		1503.0	1503000	1504.5	1504500	2.5	2500	""osoba3""
""osoba4""		1504.2001	1504200	1508.7001	1508700	5.5	5500	""osoba4""
""osoba1""		1508.1001	1508100	1513.8	1513800	6.699951	6699	""osoba1""
""osoba2""		1513.5	1513500	1513.5	1513500	1.0	1000	""osoba2""
""osoba3""		1518.9	1518900	1523.4	1523400	5.5	5500	""osoba3""
""osoba3""		1520.1001	1520100	1523.4	1523400	4.2999268	4299	""osoba3""
""osoba4""		1522.2001	1522200	1528.8	1528800	7.5999756	7599	""osoba4""
""osoba2""		1526.7001	1526700	1527.0	1527000	1.2999268	1299	""osoba2""
""osoba4""		1528.8	1528800	1528.8	1528800	1.0	1000	""osoba4""
""osoba3""		1529.4	1529400	1532.4	1532400	4.0	4000	""osoba3""
""osoba3""		1530.0	1530000	1532.4	1532400	3.4000244	3400	""osoba3""
""osoba2""		1530.6001	1530600	1557.9	1557900	28.299927	28299	""osoba2""
""osoba3""		1531.8	1531800	1532.4	1532400	1.5999756	1599	""osoba3""
""osoba2""		1532.7001	1532700	1557.9	1557900	26.199951	26199	""osoba2""
""osoba2""		1535.7001	1535700	1557.9	1557900	23.199951	23199	""osoba2""
""osoba2""		1543.5001	1543500	1557.9	1557900	15.399902	15399	""osoba2""
""osoba1""		1545.6001	1545600	1547.1001	1547100	2.5	2500	""osoba1""
""osoba3""		1548.9	1548900	1549.8	1549800	1.9000244	1900	""osoba3""
""osoba2""		1549.2001	1549200	1557.9	1557900	9.699951	9699	""osoba2""
""osoba2""		1551.9	1551900	1557.9	1557900	7.0	7000	""osoba2""
""osoba2""		1552.8	1552800	1557.9	1557900	6.0999756	6099	""osoba2""
""osoba1""		1555.5001	1555500	1558.2001	1558200	3.6999512	3699	""osoba1""
""osoba3""		1565.4	1565400	1566.3	1566300	1.9000244	1900	""osoba3""
""osoba1""		1566.0001	1566000	1567.8	1567800	2.7999268	2799	""osoba1""
""osoba4""		1568.4	1568400	1568.7001	1568700	1.3000488	1300	""osoba4""
""osoba2""		1568.7001	1568700	1591.8	1591800	24.099976	24099	""osoba2""
""osoba2""		1571.4	1571400	1591.8	1591800	21.400024	21400	""osoba2""
""osoba2""		1573.8	1573800	1591.8	1591800	19.0	19000	""osoba2""
""osoba2""		1575.3	1575300	1591.8	1591800	17.5	17500	""osoba2""
""osoba2""		1577.1001	1577100	1591.8	1591800	15.699951	15699	""osoba2""
""osoba2""		1578.6001	1578600	1591.8	1591800	14.199951	14199	""osoba2""
""osoba2""		1579.5001	1579500	1591.8	1591800	13.299927	13299	""osoba2""
""osoba2""		1581.0001	1581000	1591.8	1591800	11.799927	11799	""osoba2""
""osoba2""		1581.9	1581900	1591.8	1591800	10.900024	10900	""osoba2""
""osoba2""		1585.5001	1585500	1591.8	1591800	7.2999268	7299	""osoba2""
""osoba2""		1590.3	1590300	1591.8	1591800	2.5	2500	""osoba2""
""osoba4""		1592.1001	1592100	1609.5001	1609500	18.400024	18400	""osoba4""
""osoba4""		1593.6001	1593600	1609.5001	1609500	16.900024	16900	""osoba4""
""osoba3""		1596.3	1596300	1596.9	1596900	1.5999756	1599	""osoba3""
""osoba4""		1600.8	1600800	1609.5001	1609500	9.700073	9700	""osoba4""
""osoba4""		1602.0001	1602000	1609.5001	1609500	8.5	8500	""osoba4""
""osoba2""		1604.4	1604400	1604.4	1604400	1.0	1000	""osoba2""
""osoba4""		1605.3	1605300	1609.5001	1609500	5.2000732	5200	""osoba4""
""osoba3""		1605.6001	1605600	1606.8	1606800	2.1999512	2199	""osoba3""
""osoba1""		1609.8	1609800	1610.4	1610400	1.5999756	1599	""osoba1""
""osoba3""		1611.6001	1611600	1620.3	1620300	9.699951	9699	""osoba3""
""osoba3""		1612.2001	1612200	1620.3	1620300	9.099976	9099	""osoba3""
""osoba3""		1613.7001	1613700	1620.3	1620300	7.5999756	7599	""osoba3""
""osoba3""		1615.5001	1615500	1620.3	1620300	5.7999268	5799	""osoba3""
""osoba3""		1616.7001	1616700	1620.3	1620300	4.5999756	4599	""osoba3""
""osoba3""		1617.9	1617900	1620.3	1620300	3.4000244	3400	""osoba3""
""osoba4""		1618.8	1618800	1620.3	1620300	2.5	2500	""osoba4""
""osoba3""		1619.1001	1619100	1620.3	1620300	2.1999512	2199	""osoba3""
