"default"		0.0	0	1.0	1000	1.0	1000	BEGIN
"default"		1620.3	1620300	1620.31	1621300	1.0	1000	END
""osoba4""		7.5000005	7500	9.900001	9900	3.4	3400	""osoba4""
""osoba4""		8.400001	8400	9.900001	9900	2.5	2500	""osoba4""
""osoba2""		8.700001	8700	12.0	12000	4.299999	4299	""osoba2""
""osoba1""		9.6	9600	10.8	10800	2.1999998	2199	""osoba1""
""osoba1""		19.2	19200	27.900002	27900	9.700001	9700	""osoba1""
""osoba1""		20.7	20700	27.900002	27900	8.200001	8200	""osoba1""
""osoba1""		21.6	21600	27.900002	27900	7.300001	7300	""osoba1""
""osoba1""		24.6	24600	27.900002	27900	4.300001	4300	""osoba1""
""osoba4""		25.800001	25800	42.9	42900	18.1	18100	""osoba4""
""osoba3""		27.000002	27000	27.6	27600	1.5999985	1599	""osoba3""
""osoba4""		29.1	29100	42.9	42900	14.800001	14800	""osoba4""
""osoba4""		30.000002	30000	42.9	42900	13.9	13900	""osoba4""
""osoba4""		32.4	32400	42.9	42900	11.5	11500	""osoba4""
""osoba4""		33.9	33900	42.9	42900	10.0	10000	""osoba4""
""osoba4""		37.5	37500	42.9	42900	6.4000015	6400	""osoba4""
""osoba1""		41.7	41700	45.0	45000	4.299999	4299	""osoba1""
""osoba4""		41.7	41700	42.9	42900	2.2000008	2200	""osoba4""
""osoba1""		43.5	43500	45.0	45000	2.5	2500	""osoba1""
""osoba1""		44.7	44700	45.0	45000	1.2999992	1299	""osoba1""
""osoba3""		44.7	44700	47.100002	47100	3.4000015	3400	""osoba3""
""osoba4""		54.9	54900	89.4	89400	35.5	35500	""osoba4""
""osoba3""		56.4	56400	58.800003	58800	3.4000015	3400	""osoba3""
""osoba1""		58.500004	58500	60.600002	60600	3.0999985	3099	""osoba1""
""osoba2""		63.600002	63600	63.600002	63600	1.0	1000	""osoba2""
""osoba4""		65.700005	65700	89.4	89400	24.699997	24699	""osoba4""
""osoba4""		66.3	66300	89.4	89400	24.099998	24099	""osoba4""
""osoba4""		68.4	68400	89.4	89400	22.0	22000	""osoba4""
""osoba4""		70.5	70500	89.4	89400	19.900002	19900	""osoba4""
""osoba1""		72.0	72000	72.600006	72600	1.6000061	1600	""osoba1""
""osoba4""		72.0	72000	89.4	89400	18.400002	18400	""osoba4""
""osoba4""		73.8	73800	89.4	89400	16.599998	16599	""osoba4""
""osoba3""		74.100006	74100	74.700005	74700	1.5999985	1599	""osoba3""
""osoba1""		75.600006	75600	77.700005	77700	3.0999985	3099	""osoba1""
""osoba4""		82.8	82800	89.4	89400	7.5999985	7599	""osoba4""
""osoba4""		83.4	83400	89.4	89400	7.0	7000	""osoba4""
""osoba4""		84.600006	84600	89.4	89400	5.7999954	5799	""osoba4""
""osoba1""		85.200005	85200	85.200005	85200	1.0	1000	""osoba1""
""osoba4""		87.3	87300	89.4	89400	3.0999985	3099	""osoba4""
""osoba4""		88.8	88800	89.4	89400	1.5999985	1599	""osoba4""
""osoba4""		89.4	89400	89.4	89400	1.0	1000	""osoba4""
""osoba3""		89.700005	89700	90.0	90000	1.2999954	1299	""osoba3""
""osoba2""		90.600006	90600	91.8	91800	2.199997	2199	""osoba2""
""osoba4""		96.9	96900	162.6	162600	66.700005	66700	""osoba4""
""osoba4""		97.8	97800	162.6	162600	65.8	65800	""osoba4""
""osoba4""		98.700005	98700	162.6	162600	64.9	64900	""osoba4""
""osoba4""		99.9	99900	162.6	162600	63.700005	63700	""osoba4""
""osoba4""		101.700005	101700	162.6	162600	61.9	61900	""osoba4""
""osoba1""		102.3	102300	102.3	102300	1.0	1000	""osoba1""
""osoba4""		106.200005	106200	162.6	162600	57.4	57400	""osoba4""
""osoba4""		107.700005	107700	162.6	162600	55.9	55900	""osoba4""
""osoba4""		109.200005	109200	162.6	162600	54.4	54400	""osoba4""
""osoba4""		109.8	109800	162.6	162600	53.800003	53800	""osoba4""
""osoba4""		112.50001	112500	162.6	162600	51.1	51100	""osoba4""
""osoba4""		115.8	115800	162.6	162600	47.800003	47800	""osoba4""
""osoba4""		117.00001	117000	162.6	162600	46.6	46600	""osoba4""
""osoba1""		117.600006	117600	118.50001	118500	1.9000015	1900	""osoba1""
""osoba4""		120.3	120300	162.6	162600	43.300003	43300	""osoba4""
""osoba4""		121.200005	121200	162.6	162600	42.4	42400	""osoba4""
""osoba4""		121.8	121800	162.6	162600	41.800003	41800	""osoba4""
""osoba1""		123.600006	123600	124.8	124800	2.199997	2199	""osoba1""
""osoba4""		126.600006	126600	162.6	162600	37.0	37000	""osoba4""
""osoba4""		127.200005	127200	162.6	162600	36.4	36400	""osoba4""
""osoba1""		129.0	129000	130.5	130500	2.5	2500	""osoba1""
""osoba2""		131.1	131100	131.1	131100	1.0	1000	""osoba2""
""osoba4""		134.40001	134400	162.6	162600	29.199997	29199	""osoba4""
""osoba1""		135.90001	135900	136.5	136500	1.5999908	1599	""osoba1""
""osoba4""		140.1	140100	162.6	162600	23.5	23500	""osoba4""
""osoba4""		143.40001	143400	162.6	162600	20.199997	20199	""osoba4""
""osoba4""		147.3	147300	162.6	162600	16.300003	16300	""osoba4""
""osoba4""		148.20001	148200	162.6	162600	15.399994	15399	""osoba4""
""osoba3""		150.3	150300	150.3	150300	1.0	1000	""osoba3""
""osoba4""		150.6	150600	162.6	162600	13.0	13000	""osoba4""
""osoba4""		152.1	152100	162.6	162600	11.5	11500	""osoba4""
""osoba4""		152.70001	152700	162.6	162600	10.899994	10899	""osoba4""
""osoba4""		155.40001	155400	162.6	162600	8.199997	8199	""osoba4""
""osoba4""		157.5	157500	162.6	162600	6.100006	6100	""osoba4""
""osoba2""		158.1	158100	158.1	158100	1.0	1000	""osoba2""
""osoba4""		158.1	158100	162.6	162600	5.5	5500	""osoba4""
""osoba4""		158.70001	158700	162.6	162600	4.899994	4899	""osoba4""
""osoba1""		160.20001	160200	192.6	192600	33.399994	33399	""osoba1""
""osoba4""		161.40001	161400	162.6	162600	2.199997	2199	""osoba4""
""osoba4""		162.0	162000	162.6	162600	1.6000061	1600	""osoba4""
""osoba1""		162.3	162300	192.6	192600	31.300003	31300	""osoba1""
""osoba1""		164.70001	164700	192.6	192600	28.899994	28899	""osoba1""
""osoba1""		165.90001	165900	192.6	192600	27.699997	27699	""osoba1""
""osoba1""		167.1	167100	192.6	192600	26.5	26500	""osoba1""
""osoba1""		167.70001	167700	192.6	192600	25.899994	25899	""osoba1""
""osoba1""		168.3	168300	192.6	192600	25.300003	25300	""osoba1""
""osoba1""		171.0	171000	192.6	192600	22.600006	22600	""osoba1""
""osoba1""		171.6	171600	192.6	192600	22.0	22000	""osoba1""
""osoba1""		174.90001	174900	192.6	192600	18.699997	18699	""osoba1""
""osoba4""		174.90001	174900	175.8	175800	1.8999939	1899	""osoba4""
""osoba1""		176.1	176100	192.6	192600	17.5	17500	""osoba1""
""osoba1""		179.40001	179400	192.6	192600	14.199997	14199	""osoba1""
""osoba1""		180.0	180000	192.6	192600	13.600006	13600	""osoba1""
""osoba4""		180.3	180300	180.3	180300	1.0	1000	""osoba4""
""osoba1""		180.90001	180900	192.6	192600	12.699997	12699	""osoba1""
""osoba1""		181.5	181500	192.6	192600	12.100006	12100	""osoba1""
""osoba1""		184.8	184800	192.6	192600	8.800003	8800	""osoba1""
""osoba1""		186.6	186600	192.6	192600	7.0	7000	""osoba1""
""osoba1""		187.20001	187200	192.6	192600	6.399994	6399	""osoba1""
""osoba1""		189.3	189300	192.6	192600	4.300003	4300	""osoba1""
""osoba1""		191.1	191100	192.6	192600	2.5	2500	""osoba1""
""osoba1""		192.0	192000	192.6	192600	1.6000061	1600	""osoba1""
""osoba2""		192.6	192600	193.50002	193500	1.9000092	1900	""osoba2""
""osoba4""		193.50002	193500	198.3	198300	5.799988	5799	""osoba4""
""osoba1""		194.70001	194700	195.90001	195900	2.199997	2199	""osoba1""
""osoba3""		195.00002	195000	195.00002	195000	1.0	1000	""osoba3""
""osoba4""		195.90001	195900	198.3	198300	3.399994	3399	""osoba4""
""osoba1""		198.6	198600	208.50002	208500	10.900009	10900	""osoba1""
""osoba1""		200.1	200100	208.50002	208500	9.400009	9400	""osoba1""
""osoba1""		200.70001	200700	208.50002	208500	8.800003	8800	""osoba1""
""osoba1""		203.1	203100	208.50002	208500	6.400009	6400	""osoba1""
""osoba3""		204.6	204600	212.1	212100	8.5	8500	""osoba3""
""osoba2""		210.00002	210000	213.00002	213000	4.0	4000	""osoba2""
""osoba4""		210.90001	210900	212.40001	212400	2.5	2500	""osoba4""
""osoba3""		221.40001	221400	222.00002	222000	1.6000061	1600	""osoba3""
""osoba4""		221.40001	221400	288.30002	288300	67.90001	67900	""osoba4""
""osoba4""		223.8	223800	288.30002	288300	65.500015	65500	""osoba4""
""osoba3""		225.00002	225000	226.8	226800	2.7999878	2799	""osoba3""
""osoba4""		225.3	225300	288.30002	288300	64.000015	64000	""osoba4""
""osoba4""		226.20001	226200	288.30002	288300	63.100006	63100	""osoba4""
""osoba4""		228.3	228300	288.30002	288300	61.000015	61000	""osoba4""
""osoba1""		228.6	228600	230.1	230100	2.5	2500	""osoba1""
""osoba4""		228.90001	228900	288.30002	288300	60.40001	60400	""osoba4""
""osoba3""		229.8	229800	231.90001	231900	3.100006	3100	""osoba3""
""osoba4""		232.8	232800	288.30002	288300	56.500015	56500	""osoba4""
""osoba4""		236.40001	236400	288.30002	288300	52.90001	52900	""osoba4""
""osoba4""		237.3	237300	288.30002	288300	52.000015	52000	""osoba4""
""osoba4""		237.90001	237900	288.30002	288300	51.40001	51400	""osoba4""
""osoba4""		238.8	238800	288.30002	288300	50.500015	50500	""osoba4""
""osoba4""		240.00002	240000	288.30002	288300	49.300003	49300	""osoba4""
""osoba4""		243.3	243300	288.30002	288300	46.000015	46000	""osoba4""
""osoba4""		245.1	245100	288.30002	288300	44.200012	44200	""osoba4""
""osoba4""		246.00002	246000	288.30002	288300	43.300003	43300	""osoba4""
""osoba1""		247.8	247800	250.50002	250500	3.7000122	3700	""osoba1""
""osoba1""		249.00002	249000	250.50002	250500	2.5	2500	""osoba1""
""osoba4""		249.00002	249000	288.30002	288300	40.300003	40300	""osoba4""
""osoba4""		249.90001	249900	288.30002	288300	39.40001	39400	""osoba4""
""osoba3""		250.50002	250500	252.6	252600	3.0999908	3099	""osoba3""
""osoba4""		252.6	252600	288.30002	288300	36.700012	36700	""osoba4""
""osoba4""		254.1	254100	288.30002	288300	35.200012	35200	""osoba4""
""osoba4""		255.6	255600	288.30002	288300	33.700012	33700	""osoba4""
""osoba4""		256.5	256500	288.30002	288300	32.80002	32800	""osoba4""
""osoba4""		257.1	257100	288.30002	288300	32.200012	32200	""osoba4""
""osoba4""		258.0	258000	288.30002	288300	31.300018	31300	""osoba4""
""osoba4""		262.2	262200	288.30002	288300	27.100006	27100	""osoba4""
""osoba1""		262.80002	262800	265.2	265200	3.399994	3399	""osoba1""
""osoba4""		262.80002	262800	288.30002	288300	26.5	26500	""osoba4""
""osoba4""		265.2	265200	288.30002	288300	24.100006	24100	""osoba4""
""osoba4""		266.7	266700	288.30002	288300	22.600006	22600	""osoba4""
""osoba3""		267.6	267600	267.6	267600	1.0	1000	""osoba3""
""osoba4""		270.6	270600	288.30002	288300	18.700012	18700	""osoba4""
""osoba4""		271.80002	271800	288.30002	288300	17.5	17500	""osoba4""
""osoba4""		273.0	273000	288.30002	288300	16.300018	16300	""osoba4""
""osoba4""		274.80002	274800	288.30002	288300	14.5	14500	""osoba4""
""osoba1""		276.30002	276300	276.30002	276300	1.0	1000	""osoba1""
""osoba4""		276.30002	276300	288.30002	288300	13.0	13000	""osoba4""
""osoba4""		278.40002	278400	288.30002	288300	10.899994	10899	""osoba4""
""osoba1""		280.5	280500	280.5	280500	1.0	1000	""osoba1""
""osoba4""		283.2	283200	288.30002	288300	6.100006	6100	""osoba4""
""osoba4""		283.80002	283800	288.30002	288300	5.5	5500	""osoba4""
""osoba4""		284.7	284700	288.30002	288300	4.600006	4600	""osoba4""
""osoba2""		285.90002	285900	285.90002	285900	1.0	1000	""osoba2""
""osoba4""		285.90002	285900	288.30002	288300	3.399994	3399	""osoba4""
""osoba2""		288.6	288600	291.90002	291900	4.3000183	4300	""osoba2""
""osoba3""		288.6	288600	291.30002	291300	3.7000122	3700	""osoba3""
""osoba4""		291.90002	291900	315.90002	315900	25.0	25000	""osoba4""
""osoba1""		292.80002	292800	295.5	295500	3.6999817	3699	""osoba1""
""osoba4""		294.6	294600	315.90002	315900	22.300018	22300	""osoba4""
""osoba4""		296.7	296700	315.90002	315900	20.200012	20200	""osoba4""
""osoba2""		300.0	300000	302.40002	302400	3.4000244	3400	""osoba2""
""osoba4""		300.0	300000	315.90002	315900	16.900024	16900	""osoba4""
""osoba2""		301.2	301200	302.40002	302400	2.2000122	2200	""osoba2""
""osoba1""		303.90002	303900	307.2	307200	4.299988	4299	""osoba1""
""osoba4""		305.1	305100	315.90002	315900	11.800018	11800	""osoba4""
""osoba4""		308.40002	308400	315.90002	315900	8.5	8500	""osoba4""
""osoba4""		309.0	309000	315.90002	315900	7.9000244	7900	""osoba4""
""osoba4""		311.7	311700	315.90002	315900	5.200012	5200	""osoba4""
""osoba4""		312.90002	312900	315.90002	315900	4.0	4000	""osoba4""
""osoba4""		313.5	313500	315.90002	315900	3.4000244	3400	""osoba4""
""osoba3""		315.6	315600	315.90002	315900	1.3000183	1300	""osoba3""
""osoba4""		315.90002	315900	315.90002	315900	1.0	1000	""osoba4""
""osoba4""		318.0	318000	328.80002	328800	11.800018	11800	""osoba4""
""osoba4""		321.6	321600	328.80002	328800	8.200012	8200	""osoba4""
""osoba4""		324.6	324600	328.80002	328800	5.200012	5200	""osoba4""
""osoba3""		325.5	325500	326.7	326700	2.2000122	2200	""osoba3""
""osoba4""		325.5	325500	328.80002	328800	4.3000183	4300	""osoba4""
""osoba4""		327.90002	327900	328.80002	328800	1.8999939	1899	""osoba4""
""osoba3""		329.1	329100	331.5	331500	3.399994	3399	""osoba3""
""osoba1""		329.40002	329400	341.1	341100	12.699982	12699	""osoba1""
""osoba4""		332.1	332100	332.7	332700	1.6000061	1600	""osoba4""
""osoba1""		336.0	336000	341.1	341100	6.100006	6100	""osoba1""
""osoba3""		336.90002	336900	337.2	337200	1.2999878	1299	""osoba3""
""osoba1""		340.2	340200	341.1	341100	1.8999939	1899	""osoba1""
""osoba4""		341.40002	341400	348.0	348000	7.5999756	7599	""osoba4""
""osoba4""		342.90002	342900	348.0	348000	6.0999756	6099	""osoba4""
""osoba1""		343.2	343200	353.40002	353400	11.200012	11200	""osoba1""
""osoba4""		345.0	345000	348.0	348000	4.0	4000	""osoba4""
""osoba4""		347.1	347100	348.0	348000	1.8999939	1899	""osoba4""
""osoba1""		347.40002	347400	353.40002	353400	7.0	7000	""osoba1""
""osoba1""		349.2	349200	353.40002	353400	5.200012	5200	""osoba1""
""osoba1""		350.7	350700	353.40002	353400	3.7000122	3700	""osoba1""
""osoba2""		350.7	350700	351.0	351000	1.2999878	1299	""osoba2""
""osoba3""		353.40002	353400	354.0	354000	1.5999756	1599	""osoba3""
""osoba1""		356.40002	356400	362.7	362700	7.299988	7299	""osoba1""
""osoba1""		357.0	357000	362.7	362700	6.700012	6700	""osoba1""
""osoba1""		357.90002	357900	362.7	362700	5.799988	5799	""osoba1""
""osoba2""		361.2	361200	361.2	361200	1.0	1000	""osoba2""
""osoba4""		361.2	361200	373.80002	373800	13.600006	13600	""osoba4""
""osoba1""		362.7	362700	362.7	362700	1.0	1000	""osoba1""
""osoba4""		362.7	362700	373.80002	373800	12.100006	12100	""osoba4""
""osoba4""		365.1	365100	373.80002	373800	9.700012	9700	""osoba4""
""osoba1""		366.0	366000	366.6	366600	1.6000061	1600	""osoba1""
""osoba2""		367.80002	367800	369.0	369000	2.1999817	2199	""osoba2""
""osoba4""		370.2	370200	373.80002	373800	4.600006	4600	""osoba4""
""osoba4""		371.40002	371400	373.80002	373800	3.399994	3399	""osoba4""
""osoba4""		372.0	372000	373.80002	373800	2.8000183	2800	""osoba4""
""osoba1""		372.6	372600	376.5	376500	4.899994	4899	""osoba1""
""osoba1""		374.40002	374400	376.5	376500	3.0999756	3099	""osoba1""
""osoba1""		376.2	376200	376.5	376500	1.2999878	1299	""osoba1""
""osoba3""		376.5	376500	378.0	378000	2.5	2500	""osoba3""
""osoba4""		380.1	380100	381.90002	381900	2.8000183	2800	""osoba4""
""osoba3""		380.40002	380400	385.80002	385800	6.399994	6399	""osoba3""
""osoba4""		381.6	381600	381.90002	381900	1.3000183	1300	""osoba4""
""osoba1""		384.0	384000	391.80002	391800	8.800018	8800	""osoba1""
""osoba1""		387.90002	387900	391.80002	391800	4.899994	4899	""osoba1""
""osoba1""		389.40002	389400	391.80002	391800	3.399994	3399	""osoba1""
""osoba1""		391.50003	391500	391.80002	391800	1.2999878	1299	""osoba1""
""osoba3""		391.50003	391500	392.1	392100	1.5999756	1599	""osoba3""
""osoba1""		396.30002	396300	403.2	403200	7.899994	7899	""osoba1""
""osoba3""		397.80002	397800	398.7	398700	1.8999939	1899	""osoba3""
""osoba1""		399.90002	399900	403.2	403200	4.299988	4299	""osoba1""
""osoba3""		401.7	401700	406.50003	406500	5.8000183	5800	""osoba3""
""osoba1""		402.90002	402900	403.2	403200	1.2999878	1299	""osoba1""
""osoba4""		402.90002	402900	403.50003	403500	1.6000061	1600	""osoba4""
""osoba1""		406.2	406200	411.30002	411300	6.100006	6100	""osoba1""
""osoba3""		408.6	408600	408.90002	408900	1.3000183	1300	""osoba3""
""osoba1""		408.90002	408900	411.30002	411300	3.399994	3399	""osoba1""
""osoba1""		410.40002	410400	411.30002	411300	1.8999939	1899	""osoba1""
""osoba4""		411.30002	411300	414.6	414600	4.299988	4299	""osoba4""
""osoba4""		412.50003	412500	414.6	414600	3.0999756	3099	""osoba4""
""osoba1""		414.6	414600	415.50003	415500	1.9000244	1900	""osoba1""
""osoba2""		414.6	414600	416.7	416700	3.100006	3100	""osoba2""
""osoba1""		423.30002	423300	435.6	435600	13.299988	13299	""osoba1""
""osoba1""		424.2	424200	435.6	435600	12.399994	12399	""osoba1""
""osoba1""		429.00003	429000	435.6	435600	7.5999756	7599	""osoba1""
""osoba1""		429.6	429600	435.6	435600	7.0	7000	""osoba1""
""osoba4""		432.00003	432000	433.2	433200	2.1999817	2199	""osoba4""
""osoba1""		433.2	433200	435.6	435600	3.399994	3399	""osoba1""
""osoba4""		433.2	433200	433.2	433200	1.0	1000	""osoba4""
""osoba2""		435.6	435600	436.50003	436500	1.9000244	1900	""osoba2""
""osoba1""		440.40002	440400	466.2	466200	26.799988	26799	""osoba1""
""osoba1""		441.6	441600	466.2	466200	25.600006	25600	""osoba1""
""osoba1""		444.00003	444000	466.2	466200	23.199982	23199	""osoba1""
""osoba1""		444.6	444600	466.2	466200	22.600006	22600	""osoba1""
""osoba1""		446.7	446700	466.2	466200	20.5	20500	""osoba1""
""osoba1""		447.30002	447300	466.2	466200	19.899994	19899	""osoba1""
""osoba1""		450.00003	450000	466.2	466200	17.199982	17199	""osoba1""
""osoba2""		451.2	451200	452.1	452100	1.8999939	1899	""osoba2""
""osoba1""		452.1	452100	466.2	466200	15.100006	15100	""osoba1""
""osoba1""		453.00003	453000	466.2	466200	14.199982	14199	""osoba1""
""osoba1""		454.80002	454800	466.2	466200	12.399994	12399	""osoba1""
""osoba1""		457.80002	457800	466.2	466200	9.399994	9399	""osoba1""
""osoba3""		458.1	458100	458.7	458700	1.6000061	1600	""osoba3""
""osoba1""		458.40002	458400	466.2	466200	8.799988	8799	""osoba1""
""osoba1""		459.90002	459900	466.2	466200	7.299988	7299	""osoba1""
""osoba2""		460.50003	460500	460.50003	460500	1.0	1000	""osoba2""
""osoba1""		460.80002	460800	466.2	466200	6.399994	6399	""osoba1""
""osoba3""		462.00003	462000	462.30002	462300	1.2999878	1299	""osoba3""
""osoba1""		462.30002	462300	466.2	466200	4.899994	4899	""osoba1""
""osoba1""		463.80002	463800	466.2	466200	3.399994	3399	""osoba1""
""osoba4""		465.00003	465000	477.30002	477300	13.299988	13299	""osoba4""
""osoba1""		465.6	465600	466.2	466200	1.6000061	1600	""osoba1""
""osoba4""		466.50003	466500	477.30002	477300	11.799988	11799	""osoba4""
""osoba4""		467.1	467100	477.30002	477300	11.200012	11200	""osoba4""
""osoba4""		468.00003	468000	477.30002	477300	10.299988	10299	""osoba4""
""osoba1""		469.2	469200	469.2	469200	1.0	1000	""osoba1""
""osoba4""		469.50003	469500	477.30002	477300	8.799988	8799	""osoba4""
""osoba4""		470.7	470700	477.30002	477300	7.600006	7600	""osoba4""
""osoba4""		471.30002	471300	477.30002	477300	7.0	7000	""osoba4""
""osoba4""		471.90002	471900	477.30002	477300	6.399994	6399	""osoba4""
""osoba1""		473.7	473700	480.30002	480300	7.600006	7600	""osoba1""
""osoba1""		474.90002	474900	480.30002	480300	6.399994	6399	""osoba1""
""osoba4""		474.90002	474900	477.30002	477300	3.399994	3399	""osoba4""
""osoba4""		476.1	476100	477.30002	477300	2.2000122	2200	""osoba4""
""osoba3""		476.7	476700	481.50003	481500	5.8000183	5800	""osoba3""
""osoba1""		483.00003	483000	501.90002	501900	19.899994	19899	""osoba1""
""osoba1""		483.90002	483900	501.90002	501900	19.0	19000	""osoba1""
""osoba1""		485.40002	485400	501.90002	501900	17.5	17500	""osoba1""
""osoba4""		486.00003	486000	486.6	486600	1.5999756	1599	""osoba4""
""osoba4""		490.2	490200	492.6	492600	3.399994	3399	""osoba4""
""osoba1""		490.80002	490800	501.90002	501900	12.100006	12100	""osoba1""
""osoba1""		492.00003	492000	501.90002	501900	10.899994	10899	""osoba1""
""osoba1""		494.40002	494400	501.90002	501900	8.5	8500	""osoba1""
""osoba1""		495.00003	495000	501.90002	501900	7.899994	7899	""osoba1""
""osoba1""		495.6	495600	501.90002	501900	7.3000183	7300	""osoba1""
""osoba2""		495.90002	495900	497.1	497100	2.1999817	2199	""osoba2""
""osoba1""		497.1	497100	501.90002	501900	5.8000183	5800	""osoba1""
""osoba1""		499.50003	499500	501.90002	501900	3.399994	3399	""osoba1""
""osoba1""		500.40002	500400	501.90002	501900	2.5	2500	""osoba1""
""osoba4""		502.2	502200	511.80002	511800	10.600006	10600	""osoba4""
""osoba4""		504.00003	504000	511.80002	511800	8.799988	8799	""osoba4""
""osoba4""		504.6	504600	511.80002	511800	8.200012	8200	""osoba4""
""osoba4""		505.50003	505500	511.80002	511800	7.299988	7299	""osoba4""
""osoba2""		506.1	506100	506.40002	506400	1.3000183	1300	""osoba2""
""osoba4""		507.30002	507300	511.80002	511800	5.5	5500	""osoba4""
""osoba3""		510.30002	510300	511.80002	511800	2.5	2500	""osoba3""
""osoba4""		510.30002	510300	511.80002	511800	2.5	2500	""osoba4""
""osoba4""		511.50003	511500	511.80002	511800	1.2999878	1299	""osoba4""
""osoba1""		511.80002	511800	514.2	514200	3.399994	3399	""osoba1""
""osoba1""		513.30005	513300	514.2	514200	1.8999634	1899	""osoba1""
""osoba4""		513.9	513900	531.9	531900	19.0	19000	""osoba4""
""osoba1""		514.2	514200	514.2	514200	1.0	1000	""osoba1""
""osoba4""		517.2	517200	531.9	531900	15.700012	15700	""osoba4""
""osoba4""		519.0	519000	531.9	531900	13.900024	13900	""osoba4""
""osoba1""		519.60004	519600	520.2	520200	1.5999756	1599	""osoba1""
""osoba3""		519.9	519900	521.4	521400	2.5	2500	""osoba3""
""osoba4""		524.7	524700	531.9	531900	8.200012	8200	""osoba4""
""osoba4""		525.60004	525600	531.9	531900	7.299988	7299	""osoba4""
""osoba3""		527.7	527700	529.2	529200	2.5	2500	""osoba3""
""osoba1""		530.7	530700	548.10004	548100	18.400024	18400	""osoba1""
""osoba1""		534.30005	534300	548.10004	548100	14.799988	14799	""osoba1""
""osoba1""		536.4	536400	548.10004	548100	12.700012	12700	""osoba1""
""osoba1""		537.30005	537300	548.10004	548100	11.799988	11799	""osoba1""
""osoba1""		540.0	540000	548.10004	548100	9.100037	9100	""osoba1""
""osoba4""		540.30005	540300	540.9	540900	1.5999756	1599	""osoba4""
""osoba1""		541.5	541500	548.10004	548100	7.6000366	7600	""osoba1""
""osoba1""		543.30005	543300	548.10004	548100	5.799988	5799	""osoba1""
""osoba4""		543.60004	543600	543.60004	543600	1.0	1000	""osoba4""
""osoba1""		546.9	546900	548.10004	548100	2.2000122	2200	""osoba1""
""osoba2""		547.2	547200	547.5	547500	1.2999878	1299	""osoba2""
""osoba4""		547.5	547500	575.10004	575100	28.600037	28600	""osoba4""
""osoba1""		552.0	552000	553.5	553500	2.5	2500	""osoba1""
""osoba4""		556.2	556200	575.10004	575100	19.900024	19900	""osoba4""
""osoba4""		559.2	559200	575.10004	575100	16.900024	16900	""osoba4""
""osoba4""		561.0	561000	575.10004	575100	15.100037	15100	""osoba4""
""osoba4""		561.9	561900	575.10004	575100	14.200012	14200	""osoba4""
""osoba4""		563.10004	563100	575.10004	575100	13.0	13000	""osoba4""
""osoba4""		569.4	569400	575.10004	575100	6.700012	6700	""osoba4""
""osoba1""		570.30005	570300	570.30005	570300	1.0	1000	""osoba1""
""osoba4""		570.60004	570600	575.10004	575100	5.5	5500	""osoba4""
""osoba3""		572.10004	572100	578.4	578400	7.299988	7299	""osoba3""
""osoba4""		574.2	574200	575.10004	575100	1.9000244	1900	""osoba4""
""osoba4""		584.4	584400	589.5	589500	6.0999756	6099	""osoba4""
""osoba4""		586.2	586200	589.5	589500	4.299988	4299	""osoba4""
""osoba4""		586.80005	586800	589.5	589500	3.6999512	3699	""osoba4""
""osoba4""		589.5	589500	589.5	589500	1.0	1000	""osoba4""
""osoba1""		589.80005	589800	612.60004	612600	23.799988	23799	""osoba1""
""osoba2""		592.80005	592800	592.80005	592800	1.0	1000	""osoba2""
""osoba1""		593.4	593400	612.60004	612600	20.200012	20200	""osoba1""
""osoba3""		593.7	593700	594.60004	594600	1.9000244	1900	""osoba3""
""osoba1""		596.7	596700	612.60004	612600	16.900024	16900	""osoba1""
""osoba1""		597.60004	597600	612.60004	612600	16.0	16000	""osoba1""
""osoba4""		603.60004	603600	609.60004	609600	7.0	7000	""osoba4""
""osoba1""		604.80005	604800	612.60004	612600	8.799988	8799	""osoba1""
""osoba4""		604.80005	604800	609.60004	609600	5.799988	5799	""osoba4""
""osoba4""		607.2	607200	609.60004	609600	3.4000244	3400	""osoba4""
""osoba1""		607.5	607500	612.60004	612600	6.1000366	6100	""osoba1""
""osoba1""		608.4	608400	612.60004	612600	5.200012	5200	""osoba1""
""osoba4""		608.4	608400	609.60004	609600	2.2000122	2200	""osoba4""
""osoba1""		609.60004	609600	612.60004	612600	4.0	4000	""osoba1""
""osoba3""		609.60004	609600	613.80005	613800	5.200012	5200	""osoba3""
""osoba1""		616.80005	616800	625.2	625200	9.399963	9399	""osoba1""
""osoba1""		617.7	617700	625.2	625200	8.5	8500	""osoba1""
""osoba1""		618.30005	618300	625.2	625200	7.8999634	7899	""osoba1""
""osoba1""		619.5	619500	625.2	625200	6.700012	6700	""osoba1""
""osoba1""		620.7	620700	625.2	625200	5.5	5500	""osoba1""
""osoba1""		622.2	622200	625.2	625200	4.0	4000	""osoba1""
""osoba1""		622.80005	622800	625.2	625200	3.3999634	3399	""osoba1""
""osoba3""		624.9	624900	625.5	625500	1.5999756	1599	""osoba3""
""osoba2""		626.10004	626100	626.10004	626100	1.0	1000	""osoba2""
""osoba1""		628.2	628200	635.10004	635100	7.9000244	7900	""osoba1""
""osoba1""		629.10004	629100	635.10004	635100	7.0	7000	""osoba1""
""osoba1""		629.7	629700	635.10004	635100	6.4000244	6400	""osoba1""
""osoba3""		633.30005	633300	633.30005	633300	1.0	1000	""osoba3""
""osoba4""		633.9	633900	643.2	643200	10.299988	10299	""osoba4""
""osoba4""		636.60004	636600	643.2	643200	7.5999756	7599	""osoba4""
""osoba4""		637.2	637200	643.2	643200	7.0	7000	""osoba4""
""osoba3""		637.80005	637800	637.80005	637800	1.0	1000	""osoba3""
""osoba4""		639.30005	639300	643.2	643200	4.8999634	4899	""osoba4""
""osoba2""		642.9	642900	643.5	643500	1.5999756	1599	""osoba2""
""osoba4""		646.2	646200	646.80005	646800	1.6000366	1600	""osoba4""
""osoba1""		646.80005	646800	679.80005	679800	34.0	34000	""osoba1""
""osoba1""		648.9	648900	679.80005	679800	31.900024	31900	""osoba1""
""osoba1""		649.80005	649800	679.80005	679800	31.0	31000	""osoba1""
""osoba1""		650.4	650400	679.80005	679800	30.400024	30400	""osoba1""
""osoba1""		652.80005	652800	679.80005	679800	28.0	28000	""osoba1""
""osoba4""		656.7	656700	657.9	657900	2.2000122	2200	""osoba4""
""osoba3""		657.9	657900	659.4	659400	2.5	2500	""osoba3""
""osoba4""		657.9	657900	657.9	657900	1.0	1000	""osoba4""
""osoba4""		660.0	660000	662.10004	662100	3.1000366	3100	""osoba4""
""osoba1""		661.5	661500	679.80005	679800	19.300049	19300	""osoba1""
""osoba1""		665.7	665700	679.80005	679800	15.100037	15100	""osoba1""
""osoba3""		665.7	665700	665.7	665700	1.0	1000	""osoba3""
""osoba1""		672.0	672000	679.80005	679800	8.800049	8800	""osoba1""
""osoba1""		674.10004	674100	679.80005	679800	6.700012	6700	""osoba1""
""osoba4""		675.60004	675600	675.60004	675600	1.0	1000	""osoba4""
""osoba2""		675.9	675900	681.0	681000	6.0999756	6099	""osoba2""
""osoba1""		686.4	686400	693.30005	693300	7.9000244	7900	""osoba1""
""osoba1""		687.0	687000	693.30005	693300	7.300049	7300	""osoba1""
""osoba4""		687.30005	687300	688.2	688200	1.8999634	1899	""osoba4""
""osoba1""		689.10004	689100	693.30005	693300	5.200012	5200	""osoba1""
""osoba1""		693.30005	693300	693.30005	693300	1.0	1000	""osoba1""
""osoba4""		693.60004	693600	704.4	704400	11.799988	11799	""osoba4""
""osoba4""		695.10004	695100	704.4	704400	10.299988	10299	""osoba4""
""osoba4""		700.2	700200	704.4	704400	5.200012	5200	""osoba4""
""osoba4""		701.10004	701100	704.4	704400	4.299988	4299	""osoba4""
""osoba4""		701.7	701700	704.4	704400	3.7000122	3700	""osoba4""
""osoba1""		703.5	703500	744.30005	744300	41.80005	41800	""osoba1""
""osoba4""		703.80005	703800	704.4	704400	1.5999756	1599	""osoba4""
""osoba3""		705.60004	705600	705.9	705900	1.2999878	1299	""osoba3""
""osoba1""		706.80005	706800	744.30005	744300	38.5	38500	""osoba1""
""osoba1""		707.7	707700	744.30005	744300	37.600037	37600	""osoba1""
""osoba1""		708.30005	708300	744.30005	744300	37.0	37000	""osoba1""
""osoba1""		708.9	708900	744.30005	744300	36.400024	36400	""osoba1""
""osoba1""		709.80005	709800	744.30005	744300	35.5	35500	""osoba1""
""osoba1""		711.0	711000	744.30005	744300	34.30005	34300	""osoba1""
""osoba1""		711.60004	711600	744.30005	744300	33.700012	33700	""osoba1""
""osoba1""		713.4	713400	744.30005	744300	31.900024	31900	""osoba1""
""osoba1""		714.30005	714300	744.30005	744300	31.0	31000	""osoba1""
""osoba4""		714.60004	714600	714.9	714900	1.2999878	1299	""osoba4""
""osoba1""		718.5	718500	744.30005	744300	26.800049	26800	""osoba1""
""osoba4""		718.5	718500	721.5	721500	4.0	4000	""osoba4""
""osoba1""		721.5	721500	744.30005	744300	23.800049	23800	""osoba1""
""osoba2""		721.5	721500	721.5	721500	1.0	1000	""osoba2""
""osoba1""		723.30005	723300	744.30005	744300	22.0	22000	""osoba1""
""osoba1""		724.80005	724800	744.30005	744300	20.5	20500	""osoba1""
""osoba1""		726.9	726900	744.30005	744300	18.400024	18400	""osoba1""
""osoba1""		727.5	727500	744.30005	744300	17.800049	17800	""osoba1""
""osoba1""		733.2	733200	744.30005	744300	12.100037	12100	""osoba1""
""osoba1""		734.4	734400	744.30005	744300	10.900024	10900	""osoba1""
""osoba1""		735.60004	735600	744.30005	744300	9.700012	9700	""osoba1""
""osoba1""		737.10004	737100	744.30005	744300	8.200012	8200	""osoba1""
""osoba1""		738.30005	738300	744.30005	744300	7.0	7000	""osoba1""
""osoba1""		740.10004	740100	744.30005	744300	5.200012	5200	""osoba1""
""osoba1""		741.30005	741300	744.30005	744300	4.0	4000	""osoba1""
""osoba2""		743.7	743700	744.60004	744600	1.9000244	1900	""osoba2""
""osoba4""		747.9	747900	756.30005	756300	9.400024	9400	""osoba4""
""osoba1""		749.10004	749100	753.9	753900	5.799988	5799	""osoba1""
""osoba4""		749.4	749400	756.30005	756300	7.9000244	7900	""osoba4""
""osoba1""		750.30005	750300	753.9	753900	4.5999756	4599	""osoba1""
""osoba1""		753.0	753000	753.9	753900	1.9000244	1900	""osoba1""
""osoba4""		753.0	753000	756.30005	756300	4.300049	4300	""osoba4""
""osoba4""		755.4	755400	756.30005	756300	1.9000244	1900	""osoba4""
""osoba3""		756.30005	756300	756.60004	756600	1.2999878	1299	""osoba3""
""osoba4""		759.0	759000	765.30005	765300	7.300049	7300	""osoba4""
""osoba4""		760.5	760500	765.30005	765300	5.800049	5800	""osoba4""
""osoba4""		762.9	762900	765.30005	765300	3.4000244	3400	""osoba4""
""osoba4""		764.4	764400	765.30005	765300	1.9000244	1900	""osoba4""
""osoba1""		765.0	765000	770.7	770700	6.700012	6700	""osoba1""
""osoba1""		766.5	766500	770.7	770700	5.200012	5200	""osoba1""
""osoba2""		770.4	770400	771.00006	771000	1.6000366	1600	""osoba2""
""osoba1""		773.7	773700	784.2	784200	11.5	11500	""osoba1""
""osoba1""		774.60004	774600	784.2	784200	10.599976	10599	""osoba1""
""osoba1""		775.50006	775500	784.2	784200	9.699951	9699	""osoba1""
""osoba1""		777.00006	777000	784.2	784200	8.199951	8199	""osoba1""
""osoba1""		778.2	778200	784.2	784200	7.0	7000	""osoba1""
""osoba1""		780.00006	780000	784.2	784200	5.199951	5199	""osoba1""
""osoba1""		783.9	783900	784.2	784200	1.2999878	1299	""osoba1""
""osoba2""		784.50006	784500	786.9	786900	3.3999634	3399	""osoba2""
""osoba4""		793.2	793200	797.7	797700	5.5	5500	""osoba4""
""osoba4""		797.10004	797100	797.7	797700	1.5999756	1599	""osoba4""
""osoba3""		797.4	797400	797.4	797400	1.0	1000	""osoba3""
""osoba1""		798.00006	798000	801.30005	801300	4.299988	4299	""osoba1""
""osoba1""		798.9	798900	801.30005	801300	3.4000244	3400	""osoba1""
""osoba4""		802.2	802200	810.60004	810600	9.400024	9400	""osoba4""
""osoba1""		803.4	803400	804.00006	804000	1.6000366	1600	""osoba1""
""osoba4""		803.4	803400	810.60004	810600	8.200012	8200	""osoba4""
""osoba4""		805.2	805200	810.60004	810600	6.4000244	6400	""osoba4""
""osoba4""		807.00006	807000	810.60004	810600	4.5999756	4599	""osoba4""
""osoba4""		808.50006	808500	810.60004	810600	3.0999756	3099	""osoba4""
""osoba1""		809.10004	809100	819.00006	819000	10.900024	10900	""osoba1""
""osoba3""		810.9	810900	811.2	811200	1.2999878	1299	""osoba3""
""osoba1""		813.00006	813000	819.00006	819000	7.0	7000	""osoba1""
""osoba1""		813.9	813900	819.00006	819000	6.1000366	6100	""osoba1""
""osoba1""		814.50006	814500	819.00006	819000	5.5	5500	""osoba1""
""osoba4""		817.2	817200	829.2	829200	13.0	13000	""osoba4""
""osoba1""		818.7	818700	819.00006	819000	1.3000488	1300	""osoba1""
""osoba4""		818.7	818700	829.2	829200	11.5	11500	""osoba4""
""osoba4""		821.4	821400	829.2	829200	8.799988	8799	""osoba4""
""osoba4""		822.9	822900	829.2	829200	7.299988	7299	""osoba4""
""osoba4""		823.80005	823800	829.2	829200	6.3999634	6399	""osoba4""
""osoba4""		824.4	824400	829.2	829200	5.799988	5799	""osoba4""
""osoba4""		825.30005	825300	829.2	829200	4.8999634	4899	""osoba4""
""osoba4""		827.10004	827100	829.2	829200	3.0999756	3099	""osoba4""
""osoba4""		828.00006	828000	829.2	829200	2.1999512	2199	""osoba4""
""osoba4""		828.60004	828600	829.2	829200	1.5999756	1599	""osoba4""
""osoba2""		828.9	828900	829.80005	829800	1.9000244	1900	""osoba2""
""osoba4""		836.10004	836100	862.2	862200	27.099976	27099	""osoba4""
""osoba4""		837.9	837900	862.2	862200	25.299988	25299	""osoba4""
""osoba3""		839.10004	839100	840.00006	840000	1.9000244	1900	""osoba3""
""osoba1""		840.60004	840600	841.50006	841500	1.9000244	1900	""osoba1""
""osoba4""		842.10004	842100	862.2	862200	21.099976	21099	""osoba4""
""osoba4""		844.2	844200	862.2	862200	19.0	19000	""osoba4""
""osoba4""		845.4	845400	862.2	862200	17.799988	17799	""osoba4""
""osoba3""		846.00006	846000	846.9	846900	1.8999634	1899	""osoba3""
""osoba2""		847.50006	847500	851.7	851700	5.199951	5199	""osoba2""
""osoba4""		847.80005	847800	862.2	862200	15.399963	15399	""osoba4""
""osoba1""		853.2	853200	853.2	853200	1.0	1000	""osoba1""
""osoba4""		860.10004	860100	862.2	862200	3.0999756	3099	""osoba4""
""osoba4""		860.7	860700	862.2	862200	2.5	2500	""osoba4""
""osoba3""		861.30005	861300	861.9	861900	1.5999756	1599	""osoba3""
""osoba4""		861.30005	861300	862.2	862200	1.8999634	1899	""osoba4""
""osoba1""		861.9	861900	862.80005	862800	1.9000244	1900	""osoba1""
""osoba2""		862.80005	862800	867.30005	867300	5.5	5500	""osoba2""
""osoba4""		864.60004	864600	864.9	864900	1.2999878	1299	""osoba4""
""osoba3""		867.30005	867300	868.2	868200	1.8999634	1899	""osoba3""
""osoba4""		868.50006	868500	877.50006	877500	10.0	10000	""osoba4""
""osoba4""		872.10004	872100	877.50006	877500	6.4000244	6400	""osoba4""
""osoba4""		873.60004	873600	877.50006	877500	4.9000244	4900	""osoba4""
""osoba1""		873.9	873900	893.10004	893100	20.200012	20200	""osoba1""
""osoba1""		875.7	875700	893.10004	893100	18.400024	18400	""osoba1""
""osoba1""		881.4	881400	893.10004	893100	12.700012	12700	""osoba1""
""osoba1""		883.2	883200	893.10004	893100	10.900024	10900	""osoba1""
""osoba1""		885.9	885900	893.10004	893100	8.200012	8200	""osoba1""
""osoba4""		886.80005	886800	896.7	896700	10.899963	10899	""osoba4""
""osoba4""		889.2	889200	896.7	896700	8.5	8500	""osoba4""
""osoba4""		891.9	891900	896.7	896700	5.799988	5799	""osoba4""
""osoba1""		892.50006	892500	893.10004	893100	1.5999756	1599	""osoba1""
""osoba4""		893.10004	893100	896.7	896700	4.5999756	4599	""osoba4""
""osoba4""		894.9	894900	896.7	896700	2.7999878	2799	""osoba4""
""osoba4""		895.80005	895800	896.7	896700	1.8999634	1899	""osoba4""
""osoba1""		896.4	896400	909.00006	909000	13.600037	13600	""osoba1""
""osoba4""		896.7	896700	896.7	896700	1.0	1000	""osoba4""
""osoba1""		898.50006	898500	909.00006	909000	11.5	11500	""osoba1""
""osoba4""		898.80005	898800	898.80005	898800	1.0	1000	""osoba4""
""osoba1""		900.60004	900600	909.00006	909000	9.400024	9400	""osoba1""
""osoba1""		902.10004	902100	909.00006	909000	7.9000244	7900	""osoba1""
""osoba1""		904.50006	904500	909.00006	909000	5.5	5500	""osoba1""
""osoba1""		905.4	905400	909.00006	909000	4.6000366	4600	""osoba1""
""osoba1""		906.9	906900	909.00006	909000	3.1000366	3100	""osoba1""
""osoba1""		907.50006	907500	909.00006	909000	2.5	2500	""osoba1""
""osoba1""		909.00006	909000	909.00006	909000	1.0	1000	""osoba1""
""osoba2""		909.00006	909000	909.30005	909300	1.2999878	1299	""osoba2""
""osoba1""		911.10004	911100	914.4	914400	4.299988	4299	""osoba1""
""osoba1""		912.9	912900	914.4	914400	2.5	2500	""osoba1""
""osoba4""		914.7	914700	918.30005	918300	4.6000366	4600	""osoba4""
""osoba4""		916.2	916200	918.30005	918300	3.1000366	3100	""osoba4""
""osoba4""		916.80005	916800	918.30005	918300	2.5	2500	""osoba4""
""osoba2""		917.4	917400	918.60004	918600	2.2000122	2200	""osoba2""
""osoba4""		917.4	917400	918.30005	918300	1.9000244	1900	""osoba4""
""osoba4""		924.60004	924600	926.4	926400	2.7999878	2799	""osoba4""
""osoba2""		925.50006	925500	929.10004	929100	4.5999756	4599	""osoba2""
""osoba1""		929.7	929700	945.9	945900	17.200012	17200	""osoba1""
""osoba1""		931.50006	931500	945.9	945900	15.399963	15399	""osoba1""
""osoba1""		934.50006	934500	945.9	945900	12.399963	12399	""osoba1""
""osoba1""		937.2	937200	945.9	945900	9.700012	9700	""osoba1""
""osoba2""		938.4	938400	938.4	938400	1.0	1000	""osoba2""
""osoba1""		939.60004	939600	945.9	945900	7.299988	7299	""osoba1""
""osoba1""		942.30005	942300	945.9	945900	4.5999756	4599	""osoba1""
""osoba1""		943.50006	943500	945.9	945900	3.3999634	3399	""osoba1""
""osoba4""		943.80005	943800	967.50006	967500	24.700012	24700	""osoba4""
""osoba3""		947.10004	947100	948.00006	948000	1.9000244	1900	""osoba3""
""osoba4""		949.80005	949800	967.50006	967500	18.700012	18700	""osoba4""
""osoba4""		951.30005	951300	967.50006	967500	17.200012	17200	""osoba4""
""osoba4""		952.2	952200	967.50006	967500	16.300049	16300	""osoba4""
""osoba4""		953.10004	953100	967.50006	967500	15.400024	15400	""osoba4""
""osoba4""		955.50006	955500	967.50006	967500	13.0	13000	""osoba4""
""osoba1""		956.4	956400	956.7	956700	1.2999878	1299	""osoba1""
""osoba4""		957.60004	957600	967.50006	967500	10.900024	10900	""osoba4""
""osoba4""		958.2	958200	967.50006	967500	10.300049	10300	""osoba4""
""osoba4""		959.10004	959100	967.50006	967500	9.400024	9400	""osoba4""
""osoba4""		959.7	959700	967.50006	967500	8.800049	8800	""osoba4""
""osoba1""		960.9	960900	960.9	960900	1.0	1000	""osoba1""
""osoba4""		963.30005	963300	967.50006	967500	5.200012	5200	""osoba4""
""osoba1""		965.10004	965100	965.7	965700	1.5999756	1599	""osoba1""
""osoba3""		966.9	966900	969.00006	969000	3.1000366	3100	""osoba3""
""osoba4""		967.50006	967500	967.50006	967500	1.0	1000	""osoba4""
""osoba3""		967.80005	967800	969.00006	969000	2.2000122	2200	""osoba3""
""osoba4""		972.60004	972600	977.4	977400	5.799988	5799	""osoba4""
""osoba4""		974.10004	974100	977.4	977400	4.299988	4299	""osoba4""
""osoba2""		975.60004	975600	978.30005	978300	3.7000122	3700	""osoba2""
""osoba4""		975.9	975900	977.4	977400	2.5	2500	""osoba4""
""osoba4""		984.60004	984600	988.80005	988800	5.200012	5200	""osoba4""
""osoba3""		985.2	985200	986.4	986400	2.2000122	2200	""osoba3""
""osoba4""		985.50006	985500	988.80005	988800	4.299988	4299	""osoba4""
""osoba2""		987.60004	987600	989.4	989400	2.7999878	2799	""osoba2""
""osoba4""		990.9	990900	990.9	990900	1.0	1000	""osoba4""
""osoba1""		996.60004	996600	1005.60004	1005600	10.0	10000	""osoba1""
""osoba1""		997.50006	997500	1005.60004	1005600	9.099976	9099	""osoba1""
""osoba4""		998.4	998400	998.7	998700	1.2999878	1299	""osoba4""
""osoba1""		1002.60004	1002600	1005.60004	1005600	4.0	4000	""osoba1""
""osoba1""		1003.50006	1003500	1005.60004	1005600	3.0999756	3099	""osoba1""
""osoba2""		1005.30005	1005300	1006.50006	1006500	2.2000122	2200	""osoba2""
""osoba1""		1005.60004	1005600	1005.60004	1005600	1.0	1000	""osoba1""
""osoba4""		1011.30005	1011300	1013.7	1013700	3.3999634	3399	""osoba4""
""osoba1""		1012.2	1012200	1024.2001	1024200	13.000061	13000	""osoba1""
""osoba4""		1012.2	1012200	1013.7	1013700	2.5	2500	""osoba4""
""osoba2""		1014.00006	1014000	1014.00006	1014000	1.0	1000	""osoba2""
""osoba1""		1015.50006	1015500	1024.2001	1024200	9.700012	9700	""osoba1""
""osoba1""		1016.10004	1016100	1024.2001	1024200	9.100037	9100	""osoba1""
""osoba1""		1018.2	1018200	1024.2001	1024200	7.000061	7000	""osoba1""
""osoba1""		1018.80005	1018800	1024.2001	1024200	6.4000244	6400	""osoba1""
""osoba1""		1020.00006	1020000	1024.2001	1024200	5.200012	5200	""osoba1""
""osoba1""		1022.10004	1022100	1024.2001	1024200	3.1000366	3100	""osoba1""
""osoba1""		1022.7	1022700	1024.2001	1024200	2.500061	2500	""osoba1""
""osoba1""		1023.30005	1023300	1024.2001	1024200	1.9000244	1900	""osoba1""
""osoba3""		1024.5	1024500	1025.1001	1025100	1.6000977	1600	""osoba3""
""osoba1""		1027.2001	1027200	1033.8	1033800	7.5999756	7599	""osoba1""
""osoba2""		1027.5	1027500	1027.5	1027500	1.0	1000	""osoba2""
""osoba4""		1028.4	1028400	1030.2001	1030200	2.8000488	2800	""osoba4""
""osoba1""		1031.1001	1031100	1033.8	1033800	3.6999512	3699	""osoba1""
""osoba1""		1031.7001	1031700	1033.8	1033800	3.0999756	3099	""osoba1""
""osoba2""		1033.8	1033800	1034.4	1034400	1.5999756	1599	""osoba2""
""osoba1""		1037.7001	1037700	1064.1001	1064100	27.400024	27400	""osoba1""
""osoba1""		1042.8	1042800	1064.1001	1064100	22.300049	22300	""osoba1""
""osoba1""		1044.0	1044000	1064.1001	1064100	21.100098	21100	""osoba1""
""osoba2""		1045.5	1045500	1045.5	1045500	1.0	1000	""osoba2""
""osoba1""		1047.3	1047300	1064.1001	1064100	17.800049	17800	""osoba1""
""osoba1""		1048.8	1048800	1064.1001	1064100	16.300049	16300	""osoba1""
""osoba1""		1050.0	1050000	1064.1001	1064100	15.100098	15100	""osoba1""
""osoba1""		1054.5	1054500	1064.1001	1064100	10.600098	10600	""osoba1""
""osoba1""		1057.5	1057500	1064.1001	1064100	7.6000977	7600	""osoba1""
""osoba1""		1059.0	1059000	1064.1001	1064100	6.1000977	6100	""osoba1""
""osoba1""		1062.0	1062000	1064.1001	1064100	3.1000977	3100	""osoba1""
""osoba3""		1062.6001	1062600	1064.7001	1064700	3.0999756	3099	""osoba3""
""osoba3""		1064.1001	1064100	1064.7001	1064700	1.5999756	1599	""osoba3""
""osoba4""		1067.4	1067400	1075.2001	1075200	8.800049	8800	""osoba4""
""osoba1""		1071.3	1071300	1114.2001	1114200	43.900024	43900	""osoba1""
""osoba1""		1073.1001	1073100	1114.2001	1114200	42.099976	42099	""osoba1""
""osoba4""		1074.6001	1074600	1075.2001	1075200	1.5999756	1599	""osoba4""
""osoba1""		1075.5	1075500	1114.2001	1114200	39.700073	39700	""osoba1""
""osoba1""		1078.8	1078800	1114.2001	1114200	36.400024	36400	""osoba1""
""osoba1""		1080.9	1080900	1114.2001	1114200	34.30005	34300	""osoba1""
""osoba1""		1084.8	1084800	1114.2001	1114200	30.400024	30400	""osoba1""
""osoba1""		1085.7001	1085700	1114.2001	1114200	29.5	29500	""osoba1""
""osoba4""		1086.9	1086900	1086.9	1086900	1.0	1000	""osoba4""
""osoba1""		1088.7001	1088700	1114.2001	1114200	26.5	26500	""osoba1""
""osoba3""		1088.7001	1088700	1089.6001	1089600	1.9000244	1900	""osoba3""
""osoba1""		1094.4	1094400	1114.2001	1114200	20.800049	20800	""osoba1""
""osoba1""		1096.8	1096800	1114.2001	1114200	18.400024	18400	""osoba1""
""osoba1""		1097.7001	1097700	1114.2001	1114200	17.5	17500	""osoba1""
""osoba1""		1098.3	1098300	1114.2001	1114200	16.900024	16900	""osoba1""
""osoba1""		1098.9	1098900	1114.2001	1114200	16.300049	16300	""osoba1""
""osoba1""		1101.0	1101000	1114.2001	1114200	14.200073	14200	""osoba1""
""osoba1""		1101.6001	1101600	1114.2001	1114200	13.599976	13599	""osoba1""
""osoba1""		1103.7001	1103700	1114.2001	1114200	11.5	11500	""osoba1""
""osoba1""		1105.2001	1105200	1114.2001	1114200	10.0	10000	""osoba1""
""osoba1""		1108.2001	1108200	1114.2001	1114200	7.0	7000	""osoba1""
""osoba1""		1109.4	1109400	1114.2001	1114200	5.800049	5800	""osoba1""
""osoba1""		1110.9	1110900	1114.2001	1114200	4.300049	4300	""osoba1""
""osoba1""		1111.5	1111500	1114.2001	1114200	3.7000732	3700	""osoba1""
""osoba1""		1112.1001	1112100	1114.2001	1114200	3.0999756	3099	""osoba1""
""osoba4""		1112.7001	1112700	1151.4	1151400	39.69995	39699	""osoba4""
""osoba4""		1115.1001	1115100	1151.4	1151400	37.299927	37299	""osoba4""
""osoba4""		1118.1001	1118100	1151.4	1151400	34.299927	34299	""osoba4""
""osoba1""		1118.4	1118400	1118.7001	1118700	1.3000488	1300	""osoba1""
""osoba4""		1121.7001	1121700	1151.4	1151400	30.699951	30699	""osoba4""
""osoba4""		1123.2001	1123200	1151.4	1151400	29.199951	29199	""osoba4""
""osoba4""		1124.7001	1124700	1151.4	1151400	27.699951	27699	""osoba4""
""osoba1""		1126.2001	1126200	1126.8	1126800	1.5999756	1599	""osoba1""
""osoba4""		1128.0	1128000	1151.4	1151400	24.400024	24400	""osoba4""
""osoba1""		1129.8	1129800	1130.4	1130400	1.5999756	1599	""osoba1""
""osoba4""		1129.8	1129800	1151.4	1151400	22.599976	22599	""osoba4""
""osoba4""		1131.3	1131300	1151.4	1151400	21.099976	21099	""osoba4""
""osoba4""		1132.8	1132800	1151.4	1151400	19.599976	19599	""osoba4""
""osoba4""		1133.4	1133400	1151.4	1151400	19.0	19000	""osoba4""
""osoba4""		1134.6001	1134600	1151.4	1151400	17.799927	17799	""osoba4""
""osoba4""		1135.5	1135500	1151.4	1151400	16.900024	16900	""osoba4""
""osoba3""		1137.0	1137000	1137.3	1137300	1.3000488	1300	""osoba3""
""osoba2""		1137.3	1137300	1137.3	1137300	1.0	1000	""osoba2""
""osoba4""		1137.3	1137300	1151.4	1151400	15.099976	15099	""osoba4""
""osoba1""		1143.6001	1143600	1145.7001	1145700	3.0999756	3099	""osoba1""
""osoba1""		1144.5	1144500	1145.7001	1145700	2.2000732	2200	""osoba1""
""osoba2""		1144.8	1144800	1146.3	1146300	2.5	2500	""osoba2""
""osoba2""		1148.7001	1148700	1148.7001	1148700	1.0	1000	""osoba2""
""osoba4""		1150.5	1150500	1151.4	1151400	1.9000244	1900	""osoba4""
""osoba4""		1151.1001	1151100	1151.4	1151400	1.2999268	1299	""osoba4""
""osoba3""		1151.4	1151400	1152.0	1152000	1.5999756	1599	""osoba3""
""osoba2""		1153.2001	1153200	1155.0	1155000	2.7999268	2799	""osoba2""
""osoba1""		1156.2001	1156200	1186.2001	1186200	31.0	31000	""osoba1""
""osoba1""		1157.7001	1157700	1186.2001	1186200	29.5	29500	""osoba1""
""osoba1""		1159.2001	1159200	1186.2001	1186200	28.0	28000	""osoba1""
""osoba4""		1159.2001	1159200	1159.2001	1159200	1.0	1000	""osoba4""
""osoba1""		1160.1001	1160100	1186.2001	1186200	27.099976	27099	""osoba1""
""osoba1""		1162.2001	1162200	1186.2001	1186200	25.0	25000	""osoba1""
""osoba1""		1163.7001	1163700	1186.2001	1186200	23.5	23500	""osoba1""
""osoba1""		1164.3	1164300	1186.2001	1186200	22.900024	22900	""osoba1""
""osoba3""		1166.4	1166400	1166.7001	1166700	1.3000488	1300	""osoba3""
""osoba1""		1167.9	1167900	1186.2001	1186200	19.300049	19300	""osoba1""
""osoba1""		1170.0	1170000	1186.2001	1186200	17.200073	17200	""osoba1""
""osoba2""		1170.0	1170000	1171.2001	1171200	2.2000732	2200	""osoba2""
""osoba4""		1171.2001	1171200	1172.1001	1172100	1.9000244	1900	""osoba4""
""osoba4""		1172.1001	1172100	1172.1001	1172100	1.0	1000	""osoba4""
""osoba1""		1175.1001	1175100	1186.2001	1186200	12.099976	12099	""osoba1""
""osoba1""		1176.9	1176900	1186.2001	1186200	10.300049	10300	""osoba1""
""osoba1""		1178.7001	1178700	1186.2001	1186200	8.5	8500	""osoba1""
""osoba4""		1180.8	1180800	1182.3	1182300	2.5	2500	""osoba4""
""osoba2""		1185.9	1185900	1188.0	1188000	3.0999756	3099	""osoba2""
""osoba1""		1186.2001	1186200	1186.2001	1186200	1.0	1000	""osoba1""
""osoba1""		1192.5	1192500	1205.1001	1205100	13.600098	13600	""osoba1""
""osoba4""		1199.7001	1199700	1200.3	1200300	1.5999756	1599	""osoba4""
""osoba1""		1201.5	1201500	1205.1001	1205100	4.6000977	4600	""osoba1""
""osoba4""		1202.4	1202400	1214.4	1214400	13.0	13000	""osoba4""
""osoba4""		1203.9	1203900	1214.4	1214400	11.5	11500	""osoba4""
""osoba4""		1206.3	1206300	1214.4	1214400	9.099976	9099	""osoba4""
""osoba4""		1206.9	1206900	1214.4	1214400	8.5	8500	""osoba4""
""osoba4""		1207.8	1207800	1214.4	1214400	7.5999756	7599	""osoba4""
""osoba4""		1209.3	1209300	1214.4	1214400	6.0999756	6099	""osoba4""
""osoba4""		1211.7001	1211700	1214.4	1214400	3.6999512	3699	""osoba4""
""osoba4""		1212.9	1212900	1214.4	1214400	2.5	2500	""osoba4""
""osoba1""		1214.1001	1214100	1234.5	1234500	21.399902	21399	""osoba1""
""osoba2""		1214.4	1214400	1215.3	1215300	1.9000244	1900	""osoba2""
""osoba1""		1217.1001	1217100	1234.5	1234500	18.399902	18399	""osoba1""
""osoba4""		1218.3	1218300	1219.5	1219500	2.1999512	2199	""osoba4""
""osoba3""		1221.0	1221000	1224.3	1224300	4.300049	4300	""osoba3""
""osoba1""		1221.9	1221900	1234.5	1234500	13.599976	13599	""osoba1""
""osoba1""		1226.4	1226400	1234.5	1234500	9.099976	9099	""osoba1""
""osoba1""		1228.2001	1228200	1234.5	1234500	7.2999268	7299	""osoba1""
""osoba1""		1231.5	1231500	1234.5	1234500	4.0	4000	""osoba1""
""osoba1""		1232.1001	1232100	1234.5	1234500	3.3999023	3399	""osoba1""
""osoba3""		1234.2001	1234200	1236.6001	1236600	3.4000244	3400	""osoba3""
""osoba1""		1241.7001	1241700	1251.0	1251000	10.299927	10299	""osoba1""
""osoba1""		1242.6001	1242600	1251.0	1251000	9.399902	9399	""osoba1""
""osoba4""		1243.5	1243500	1243.5	1243500	1.0	1000	""osoba4""
""osoba1""		1244.1001	1244100	1251.0	1251000	7.8999023	7899	""osoba1""
""osoba1""		1245.9	1245900	1251.0	1251000	6.0999756	6099	""osoba1""
""osoba1""		1248.3	1248300	1251.0	1251000	3.6999512	3699	""osoba1""
""osoba4""		1248.3	1248300	1249.5	1249500	2.1999512	2199	""osoba4""
""osoba1""		1249.2001	1249200	1251.0	1251000	2.7999268	2799	""osoba1""
""osoba3""		1249.2001	1249200	1251.6001	1251600	3.4000244	3400	""osoba3""
""osoba4""		1251.9	1251900	1262.1001	1262100	11.200073	11200	""osoba4""
""osoba4""		1253.1001	1253100	1262.1001	1262100	10.0	10000	""osoba4""
""osoba4""		1254.6001	1254600	1262.1001	1262100	8.5	8500	""osoba4""
""osoba4""		1256.1001	1256100	1262.1001	1262100	7.0	7000	""osoba4""
""osoba4""		1258.2001	1258200	1262.1001	1262100	4.9000244	4900	""osoba4""
""osoba1""		1258.8	1258800	1259.7001	1259700	1.9000244	1900	""osoba1""
""osoba4""		1260.9	1260900	1262.1001	1262100	2.2000732	2200	""osoba4""
""osoba3""		1262.4	1262400	1263.0	1263000	1.5999756	1599	""osoba3""
""osoba4""		1265.7001	1265700	1271.4	1271400	6.699951	6699	""osoba4""
""osoba4""		1267.2001	1267200	1271.4	1271400	5.199951	5199	""osoba4""
""osoba4""		1270.2001	1270200	1271.4	1271400	2.1999512	2199	""osoba4""
""osoba1""		1270.5	1270500	1276.2001	1276200	6.7000732	6700	""osoba1""
""osoba1""		1272.6001	1272600	1276.2001	1276200	4.5999756	4599	""osoba1""
""osoba2""		1272.9	1272900	1278.0	1278000	6.0999756	6099	""osoba2""
""osoba1""		1285.2001	1285200	1297.2001	1297200	13.0	13000	""osoba1""
""osoba1""		1289.1001	1289100	1297.2001	1297200	9.099976	9099	""osoba1""
""osoba1""		1290.9	1290900	1297.2001	1297200	7.300049	7300	""osoba1""
""osoba1""		1291.8	1291800	1297.2001	1297200	6.4000244	6400	""osoba1""
""osoba1""		1292.7001	1292700	1297.2001	1297200	5.5	5500	""osoba1""
""osoba1""		1294.8	1294800	1297.2001	1297200	3.4000244	3400	""osoba1""
""osoba2""		1296.9	1296900	1297.8	1297800	1.9000244	1900	""osoba2""
""osoba1""		1303.2001	1303200	1323.9	1323900	21.699951	21699	""osoba1""
""osoba1""		1305.0	1305000	1323.9	1323900	19.900024	19900	""osoba1""
""osoba1""		1307.7001	1307700	1323.9	1323900	17.199951	17199	""osoba1""
""osoba1""		1308.6001	1308600	1323.9	1323900	16.299927	16299	""osoba1""
""osoba1""		1309.8	1309800	1323.9	1323900	15.099976	15099	""osoba1""
""osoba1""		1312.5	1312500	1323.9	1323900	12.400024	12400	""osoba1""
""osoba1""		1314.9	1314900	1323.9	1323900	10.0	10000	""osoba1""
""osoba1""		1315.5	1315500	1323.9	1323900	9.400024	9400	""osoba1""
""osoba1""		1318.5	1318500	1323.9	1323900	6.4000244	6400	""osoba1""
""osoba3""		1318.5	1318500	1320.6001	1320600	3.1000977	3100	""osoba3""
""osoba1""		1323.9	1323900	1323.9	1323900	1.0	1000	""osoba1""
""osoba4""		1323.9	1323900	1332.0	1332000	9.099976	9099	""osoba4""
""osoba1""		1328.4	1328400	1329.3	1329300	1.9000244	1900	""osoba1""
""osoba4""		1328.7001	1328700	1332.0	1332000	4.2999268	4299	""osoba4""
""osoba4""		1330.8	1330800	1332.0	1332000	2.1999512	2199	""osoba4""
""osoba1""		1331.7001	1331700	1334.1001	1334100	3.4000244	3400	""osoba1""
""osoba4""		1331.7001	1331700	1332.0	1332000	1.2999268	1299	""osoba4""
""osoba1""		1332.3	1332300	1334.1001	1334100	2.8000488	2800	""osoba1""
""osoba1""		1333.2001	1333200	1334.1001	1334100	1.9000244	1900	""osoba1""
""osoba4""		1334.1001	1334100	1352.7001	1352700	19.599976	19599	""osoba4""
""osoba4""		1335.0	1335000	1352.7001	1352700	18.700073	18700	""osoba4""
""osoba4""		1338.3	1338300	1352.7001	1352700	15.400024	15400	""osoba4""
""osoba4""		1338.9	1338900	1352.7001	1352700	14.800049	14800	""osoba4""
""osoba4""		1340.4	1340400	1352.7001	1352700	13.300049	13300	""osoba4""
""osoba4""		1341.9	1341900	1352.7001	1352700	11.800049	11800	""osoba4""
""osoba4""		1342.5	1342500	1352.7001	1352700	11.200073	11200	""osoba4""
""osoba4""		1344.0	1344000	1352.7001	1352700	9.700073	9700	""osoba4""
""osoba1""		1344.3	1344300	1344.3	1344300	1.0	1000	""osoba1""
""osoba4""		1346.1001	1346100	1352.7001	1352700	7.5999756	7599	""osoba4""
""osoba4""		1348.2001	1348200	1352.7001	1352700	5.5	5500	""osoba4""
""osoba4""		1349.1001	1349100	1352.7001	1352700	4.5999756	4599	""osoba4""
""osoba4""		1349.7001	1349700	1352.7001	1352700	4.0	4000	""osoba4""
""osoba1""		1352.1001	1352100	1353.6001	1353600	2.5	2500	""osoba1""
""osoba2""		1352.7001	1352700	1354.2001	1354200	2.5	2500	""osoba2""
""osoba1""		1353.3	1353300	1353.6001	1353600	1.3000488	1300	""osoba1""
""osoba1""		1357.2001	1357200	1402.8	1402800	46.599976	46599	""osoba1""
""osoba1""		1360.8	1360800	1402.8	1402800	43.0	43000	""osoba1""
""osoba1""		1361.4	1361400	1402.8	1402800	42.400024	42400	""osoba1""
""osoba3""		1361.4	1361400	1361.7001	1361700	1.3000488	1300	""osoba3""
""osoba1""		1362.9	1362900	1402.8	1402800	40.900024	40900	""osoba1""
""osoba1""		1364.4	1364400	1402.8	1402800	39.400024	39400	""osoba1""
""osoba2""		1365.0	1365000	1365.6001	1365600	1.6000977	1600	""osoba2""
""osoba1""		1368.3	1368300	1402.8	1402800	35.5	35500	""osoba1""
""osoba1""		1368.9	1368900	1402.8	1402800	34.900024	34900	""osoba1""
""osoba1""		1370.7001	1370700	1402.8	1402800	33.099976	33099	""osoba1""
""osoba1""		1371.6001	1371600	1402.8	1402800	32.19995	32199	""osoba1""
""osoba1""		1373.1001	1373100	1402.8	1402800	30.699951	30699	""osoba1""
""osoba1""		1374.6001	1374600	1402.8	1402800	29.199951	29199	""osoba1""
""osoba1""		1375.8	1375800	1402.8	1402800	28.0	28000	""osoba1""
""osoba3""		1376.4	1376400	1377.9	1377900	2.5	2500	""osoba3""
""osoba1""		1379.1001	1379100	1402.8	1402800	24.699951	24699	""osoba1""
""osoba1""		1379.7001	1379700	1402.8	1402800	24.099976	24099	""osoba1""
""osoba1""		1381.5	1381500	1402.8	1402800	22.300049	22300	""osoba1""
""osoba1""		1384.5	1384500	1402.8	1402800	19.300049	19300	""osoba1""
""osoba1""		1385.1001	1385100	1402.8	1402800	18.699951	18699	""osoba1""
""osoba2""		1386.3	1386300	1386.3	1386300	1.0	1000	""osoba2""
""osoba1""		1386.6001	1386600	1402.8	1402800	17.199951	17199	""osoba1""
""osoba1""		1387.5	1387500	1402.8	1402800	16.300049	16300	""osoba1""
""osoba4""		1389.9	1389900	1389.9	1389900	1.0	1000	""osoba4""
""osoba3""		1390.2001	1390200	1395.0	1395000	5.7999268	5799	""osoba3""
""osoba1""		1393.2001	1393200	1402.8	1402800	10.599976	10599	""osoba1""
""osoba4""		1394.1001	1394100	1395.0	1395000	1.8999023	1899	""osoba4""
""osoba1""		1397.4	1397400	1402.8	1402800	6.4000244	6400	""osoba1""
""osoba1""		1401.6001	1401600	1402.8	1402800	2.1999512	2199	""osoba1""
""osoba4""		1403.1001	1403100	1412.4	1412400	10.299927	10299	""osoba4""
""osoba4""		1404.9	1404900	1412.4	1412400	8.5	8500	""osoba4""
""osoba2""		1406.7001	1406700	1406.7001	1406700	1.0	1000	""osoba2""
""osoba4""		1406.7001	1406700	1412.4	1412400	6.699951	6699	""osoba4""
""osoba4""		1408.8	1408800	1412.4	1412400	4.5999756	4599	""osoba4""
""osoba4""		1409.7001	1409700	1412.4	1412400	3.6999512	3699	""osoba4""
""osoba4""		1411.5	1411500	1412.4	1412400	1.9000244	1900	""osoba4""
""osoba3""		1411.8	1411800	1414.8	1414800	4.0	4000	""osoba3""
""osoba4""		1418.7001	1418700	1424.7001	1424700	7.0	7000	""osoba4""
""osoba4""		1419.6001	1419600	1424.7001	1424700	6.0999756	6099	""osoba4""
""osoba4""		1420.5	1420500	1424.7001	1424700	5.2000732	5200	""osoba4""
""osoba4""		1421.4	1421400	1424.7001	1424700	4.300049	4300	""osoba4""
""osoba4""		1423.2001	1423200	1424.7001	1424700	2.5	2500	""osoba4""
""osoba4""		1423.8	1423800	1424.7001	1424700	1.9000244	1900	""osoba4""
""osoba1""		1424.1001	1424100	1444.5	1444500	21.399902	21399	""osoba1""
""osoba1""		1425.6001	1425600	1444.5	1444500	19.899902	19899	""osoba1""
""osoba1""		1426.8	1426800	1444.5	1444500	18.699951	18699	""osoba1""
""osoba1""		1428.3	1428300	1444.5	1444500	17.199951	17199	""osoba1""
""osoba1""		1431.6001	1431600	1444.5	1444500	13.899902	13899	""osoba1""
""osoba1""		1434.0	1434000	1444.5	1444500	11.5	11500	""osoba1""
""osoba1""		1434.6001	1434600	1444.5	1444500	10.899902	10899	""osoba1""
""osoba3""		1434.6001	1434600	1435.5	1435500	1.8999023	1899	""osoba3""
""osoba1""		1437.6001	1437600	1444.5	1444500	7.8999023	7899	""osoba1""
""osoba1""		1438.8	1438800	1444.5	1444500	6.699951	6699	""osoba1""
""osoba1""		1439.7001	1439700	1444.5	1444500	5.7999268	5799	""osoba1""
""osoba4""		1441.8	1441800	1452.0	1452000	11.199951	11199	""osoba4""
""osoba1""		1443.0	1443000	1444.5	1444500	2.5	2500	""osoba1""
""osoba4""		1443.9	1443900	1452.0	1452000	9.099976	9099	""osoba4""
""osoba3""		1447.2001	1447200	1447.2001	1447200	1.0	1000	""osoba3""
""osoba4""		1447.2001	1447200	1452.0	1452000	5.7999268	5799	""osoba4""
""osoba4""		1448.1001	1448100	1452.0	1452000	4.8999023	4899	""osoba4""
""osoba1""		1450.5	1450500	1464.0	1464000	14.5	14500	""osoba1""
""osoba4""		1450.8	1450800	1452.0	1452000	2.1999512	2199	""osoba4""
""osoba1""		1454.4	1454400	1464.0	1464000	10.599976	10599	""osoba1""
""osoba1""		1455.6001	1455600	1464.0	1464000	9.399902	9399	""osoba1""
""osoba1""		1457.1001	1457100	1464.0	1464000	7.8999023	7899	""osoba1""
""osoba1""		1459.8	1459800	1464.0	1464000	5.199951	5199	""osoba1""
""osoba4""		1461.3	1461300	1504.2001	1504200	43.900024	43900	""osoba4""
""osoba4""		1463.7001	1463700	1504.2001	1504200	41.5	41500	""osoba4""
""osoba4""		1465.2001	1465200	1504.2001	1504200	40.0	40000	""osoba4""
""osoba4""		1468.2001	1468200	1504.2001	1504200	37.0	37000	""osoba4""
""osoba4""		1469.7001	1469700	1504.2001	1504200	35.5	35500	""osoba4""
""osoba2""		1471.5	1471500	1471.5	1471500	1.0	1000	""osoba2""
""osoba4""		1471.8	1471800	1504.2001	1504200	33.400024	33400	""osoba4""
""osoba4""		1472.4	1472400	1504.2001	1504200	32.80005	32800	""osoba4""
""osoba4""		1476.9	1476900	1504.2001	1504200	28.300049	28300	""osoba4""
""osoba3""		1477.2001	1477200	1478.1001	1478100	1.9000244	1900	""osoba3""
""osoba4""		1482.9	1482900	1504.2001	1504200	22.300049	22300	""osoba4""
""osoba2""		1484.4	1484400	1486.2001	1486200	2.8000488	2800	""osoba2""
""osoba4""		1484.7001	1484700	1504.2001	1504200	20.5	20500	""osoba4""
""osoba3""		1486.2001	1486200	1486.2001	1486200	1.0	1000	""osoba3""
""osoba4""		1488.3	1488300	1504.2001	1504200	16.900024	16900	""osoba4""
""osoba1""		1489.2001	1489200	1489.2001	1489200	1.0	1000	""osoba1""
""osoba3""		1492.5	1492500	1492.8	1492800	1.3000488	1300	""osoba3""
""osoba4""		1494.3	1494300	1504.2001	1504200	10.900024	10900	""osoba4""
""osoba4""		1495.8	1495800	1504.2001	1504200	9.400024	9400	""osoba4""
""osoba3""		1499.1001	1499100	1499.4	1499400	1.2999268	1299	""osoba3""
""osoba4""		1502.7001	1502700	1504.2001	1504200	2.5	2500	""osoba4""
""osoba1""		1503.9	1503900	1512.6001	1512600	9.700073	9700	""osoba1""
""osoba3""		1504.2001	1504200	1505.7001	1505700	2.5	2500	""osoba3""
""osoba1""		1506.6001	1506600	1512.6001	1512600	7.0	7000	""osoba1""
""osoba4""		1511.7001	1511700	1520.1001	1520100	9.400024	9400	""osoba4""
""osoba1""		1512.3	1512300	1512.6001	1512600	1.3000488	1300	""osoba1""
""osoba4""		1514.1001	1514100	1520.1001	1520100	7.0	7000	""osoba4""
""osoba4""		1515.0	1515000	1520.1001	1520100	6.1000977	6100	""osoba4""
""osoba1""		1515.9	1515900	1527.9	1527900	13.0	13000	""osoba1""
""osoba4""		1516.8	1516800	1520.1001	1520100	4.300049	4300	""osoba4""
""osoba2""		1519.5	1519500	1520.1001	1520100	1.6000977	1600	""osoba2""
""osoba1""		1521.3	1521300	1527.9	1527900	7.5999756	7599	""osoba1""
""osoba3""		1522.5	1522500	1525.2001	1525200	3.7000732	3700	""osoba3""
""osoba1""		1522.8	1522800	1527.9	1527900	6.0999756	6099	""osoba1""
""osoba4""		1528.5	1528500	1552.8	1552800	25.300049	25300	""osoba4""
""osoba4""		1530.9	1530900	1552.8	1552800	22.900024	22900	""osoba4""
""osoba4""		1531.8	1531800	1552.8	1552800	22.0	22000	""osoba4""
""osoba4""		1535.4	1535400	1552.8	1552800	18.400024	18400	""osoba4""
""osoba3""		1538.4	1538400	1538.4	1538400	1.0	1000	""osoba3""
""osoba4""		1538.4	1538400	1552.8	1552800	15.400024	15400	""osoba4""
""osoba4""		1540.5001	1540500	1552.8	1552800	13.299927	13299	""osoba4""
""osoba2""		1541.4	1541400	1541.7001	1541700	1.3000488	1300	""osoba2""
""osoba4""		1542.9	1542900	1552.8	1552800	10.900024	10900	""osoba4""
""osoba4""		1544.1001	1544100	1552.8	1552800	9.699951	9699	""osoba4""
""osoba3""		1545.3	1545300	1546.2001	1546200	1.9000244	1900	""osoba3""
""osoba4""		1548.0001	1548000	1552.8	1552800	5.7999268	5799	""osoba4""
""osoba4""		1551.6001	1551600	1552.8	1552800	2.1999512	2199	""osoba4""
""osoba3""		1552.2001	1552200	1575.0001	1575000	23.800049	23800	""osoba3""
""osoba1""		1552.8	1552800	1553.4	1553400	1.5999756	1599	""osoba1""
""osoba3""		1554.3	1554300	1575.0001	1575000	21.700073	21700	""osoba3""
""osoba3""		1555.8	1555800	1575.0001	1575000	20.200073	20200	""osoba3""
""osoba2""		1558.8	1558800	1559.1001	1559100	1.3000488	1300	""osoba2""
""osoba3""		1560.0001	1560000	1575.0001	1575000	16.0	16000	""osoba3""
""osoba3""		1561.2001	1561200	1575.0001	1575000	14.800049	14800	""osoba3""
""osoba3""		1561.8	1561800	1575.0001	1575000	14.200073	14200	""osoba3""
""osoba3""		1563.9	1563900	1575.0001	1575000	12.100098	12100	""osoba3""
""osoba3""		1564.8	1564800	1575.0001	1575000	11.200073	11200	""osoba3""
""osoba3""		1567.5001	1567500	1575.0001	1575000	8.5	8500	""osoba3""
""osoba3""		1570.5001	1570500	1575.0001	1575000	5.5	5500	""osoba3""
""osoba3""		1571.4	1571400	1575.0001	1575000	4.6000977	4600	""osoba3""
""osoba2""		1572.9	1572900	1577.1001	1577100	5.2000732	5200	""osoba2""
""osoba3""		1573.2001	1573200	1575.0001	1575000	2.8000488	2800	""osoba3""
""osoba1""		1575.3	1575300	1575.3	1575300	1.0	1000	""osoba1""
""osoba4""		1575.9	1575900	1575.9	1575900	1.0	1000	""osoba4""
""osoba4""		1580.1001	1580100	1582.2001	1582200	3.0999756	3099	""osoba4""
""osoba3""		1580.7001	1580700	1584.3	1584300	4.5999756	4599	""osoba3""
""osoba3""		1581.9	1581900	1584.3	1584300	3.4000244	3400	""osoba3""
""osoba4""		1582.2001	1582200	1582.2001	1582200	1.0	1000	""osoba4""
""osoba3""		1584.0001	1584000	1584.3	1584300	1.2999268	1299	""osoba3""
""osoba4""		1584.3	1584300	1596.0001	1596000	12.700073	12700	""osoba4""
""osoba4""		1585.8	1585800	1596.0001	1596000	11.200073	11200	""osoba4""
""osoba4""		1588.8	1588800	1596.0001	1596000	8.200073	8200	""osoba4""
""osoba1""		1590.9	1590900	1595.4	1595400	5.5	5500	""osoba1""
""osoba4""		1594.2001	1594200	1596.0001	1596000	2.8000488	2800	""osoba4""
""osoba3""		1595.1001	1595100	1599.3	1599300	5.199951	5199	""osoba3""
""osoba3""		1597.5001	1597500	1599.3	1599300	2.7999268	2799	""osoba3""
""osoba1""		1597.8	1597800	1601.7001	1601700	4.9000244	4900	""osoba1""
""osoba2""		1597.8	1597800	1602.9	1602900	6.0999756	6099	""osoba2""
""osoba4""		1599.6001	1599600	1601.1001	1601100	2.5	2500	""osoba4""
""osoba2""		1600.5001	1600500	1602.9	1602900	3.3999023	3399	""osoba2""
""osoba1""		1604.7001	1604700	1613.1001	1613100	9.400024	9400	""osoba1""
""osoba1""		1606.2001	1606200	1613.1001	1613100	7.9000244	7900	""osoba1""
""osoba1""		1611.9	1611900	1613.1001	1613100	2.2000732	2200	""osoba1""
""osoba4""		1612.5001	1612500	1620.3	1620300	8.799927	8799	""osoba4""
""osoba4""		1614.0001	1614000	1620.3	1620300	7.2999268	7299	""osoba4""
""osoba4""		1615.5001	1615500	1620.3	1620300	5.7999268	5799	""osoba4""
""osoba4""		1616.7001	1616700	1620.3	1620300	4.5999756	4599	""osoba4""
