"default"		0.0	0	1.0	1000	1.0	1000	BEGIN
"default"		1620.3	1620300	1620.31	1621300	1.0	1000	END
""osoba1""		7.8	7800	18.6	18600	11.8	11800	""osoba1""
""osoba1""		10.8	10800	18.6	18600	8.8	8800	""osoba1""
""osoba1""		12.0	12000	18.6	18600	7.6000004	7600	""osoba1""
""osoba4""		14.700001	14700	16.2	16200	2.5	2500	""osoba4""
""osoba1""		17.400002	17400	18.6	18600	2.1999989	2199	""osoba1""
""osoba3""		18.6	18600	18.6	18600	1.0	1000	""osoba3""
""osoba2""		18.900002	18900	21.6	21600	3.6999989	3699	""osoba2""
""osoba4""		21.6	21600	37.5	37500	16.9	16900	""osoba4""
""osoba4""		26.400002	26400	37.5	37500	12.099998	12099	""osoba4""
""osoba4""		27.300001	27300	37.5	37500	11.199999	11199	""osoba4""
""osoba1""		28.500002	28500	28.500002	28500	1.0	1000	""osoba1""
""osoba4""		29.1	29100	37.5	37500	9.4	9400	""osoba4""
""osoba3""		29.7	29700	31.800001	31800	3.1000004	3100	""osoba3""
""osoba4""		33.9	33900	37.5	37500	4.5999985	4599	""osoba4""
""osoba1""		34.2	34200	35.4	35400	2.2000008	2200	""osoba1""
""osoba3""		36.0	36000	39.600002	39600	4.6000023	4600	""osoba3""
""osoba1""		38.100002	38100	51.600002	51600	14.5	14500	""osoba1""
""osoba1""		39.9	39900	51.600002	51600	12.700001	12700	""osoba1""
""osoba1""		42.300003	42300	51.600002	51600	10.299999	10299	""osoba1""
""osoba1""		43.5	43500	51.600002	51600	9.100002	9100	""osoba1""
""osoba1""		44.4	44400	51.600002	51600	8.200001	8200	""osoba1""
""osoba1""		45.300003	45300	51.600002	51600	7.299999	7299	""osoba1""
""osoba4""		45.300003	45300	46.800003	46800	2.5	2500	""osoba4""
""osoba1""		46.800003	46800	51.600002	51600	5.799999	5799	""osoba1""
""osoba2""		47.7	47700	47.7	47700	1.0	1000	""osoba2""
""osoba1""		48.600002	48600	51.600002	51600	4.0	4000	""osoba1""
""osoba4""		49.800003	49800	49.800003	49800	1.0	1000	""osoba4""
""osoba3""		51.000004	51000	52.2	52200	2.199997	2199	""osoba3""
""osoba1""		51.600002	51600	51.600002	51600	1.0	1000	""osoba1""
""osoba2""		51.600002	51600	52.500004	52500	1.9000015	1900	""osoba2""
""osoba3""		59.100002	59100	60.000004	60000	1.9000015	1900	""osoba3""
""osoba1""		60.000004	60000	60.600002	60600	1.5999985	1599	""osoba1""
""osoba3""		60.000004	60000	60.000004	60000	1.0	1000	""osoba3""
""osoba4""		60.600002	60600	80.4	80400	20.8	20800	""osoba4""
""osoba4""		62.4	62400	80.4	80400	19.0	19000	""osoba4""
""osoba1""		64.5	64500	65.100006	65100	1.6000061	1600	""osoba1""
""osoba4""		66.0	66000	80.4	80400	15.400002	15400	""osoba4""
""osoba4""		66.600006	66600	80.4	80400	14.799995	14799	""osoba4""
""osoba4""		67.200005	67200	80.4	80400	14.199997	14199	""osoba4""
""osoba4""		67.8	67800	80.4	80400	13.599998	13599	""osoba4""
""osoba1""		70.5	70500	72.0	72000	2.5	2500	""osoba1""
""osoba4""		73.8	73800	80.4	80400	7.5999985	7599	""osoba4""
""osoba3""		76.8	76800	126.9	126900	51.1	51100	""osoba3""
""osoba3""		82.200005	82200	126.9	126900	45.699997	45699	""osoba3""
""osoba4""		84.0	84000	84.600006	84600	1.6000061	1600	""osoba4""
""osoba3""		87.0	87000	126.9	126900	40.9	40900	""osoba3""
""osoba3""		90.3	90300	126.9	126900	37.6	37600	""osoba3""
""osoba3""		91.200005	91200	126.9	126900	36.699997	36699	""osoba3""
""osoba3""		94.5	94500	126.9	126900	33.4	33400	""osoba3""
""osoba3""		95.700005	95700	126.9	126900	32.199997	32199	""osoba3""
""osoba3""		96.3	96300	126.9	126900	31.599998	31599	""osoba3""
""osoba3""		98.4	98400	126.9	126900	29.5	29500	""osoba3""
""osoba3""		102.600006	102600	126.9	126900	25.299995	25299	""osoba3""
""osoba3""		103.50001	103500	126.9	126900	24.399994	24399	""osoba3""
""osoba1""		104.700005	104700	105.3	105300	1.5999985	1599	""osoba1""
""osoba3""		106.8	106800	126.9	126900	21.099998	21099	""osoba3""
""osoba3""		107.700005	107700	126.9	126900	20.199997	20199	""osoba3""
""osoba3""		109.50001	109500	126.9	126900	18.399994	18399	""osoba3""
""osoba3""		111.00001	111000	126.9	126900	16.899994	16899	""osoba3""
""osoba3""		112.50001	112500	126.9	126900	15.399994	15399	""osoba3""
""osoba2""		114.600006	114600	114.600006	114600	1.0	1000	""osoba2""
""osoba3""		115.8	115800	126.9	126900	12.099998	12099	""osoba3""
""osoba4""		116.100006	116100	116.100006	116100	1.0	1000	""osoba4""
""osoba3""		116.700005	116700	126.9	126900	11.199997	11199	""osoba3""
""osoba4""		120.600006	120600	121.8	121800	2.199997	2199	""osoba4""
""osoba3""		123.00001	123000	126.9	126900	4.899994	4899	""osoba3""
""osoba3""		125.100006	125100	126.9	126900	2.7999954	2799	""osoba3""
""osoba3""		125.700005	125700	126.9	126900	2.199997	2199	""osoba3""
""osoba3""		126.3	126300	126.9	126900	1.5999985	1599	""osoba3""
""osoba2""		126.600006	126600	127.8	127800	2.199997	2199	""osoba2""
""osoba1""		133.20001	133200	144.3	144300	12.099991	12099	""osoba1""
""osoba4""		133.5	133500	133.5	133500	1.0	1000	""osoba4""
""osoba1""		134.40001	134400	144.3	144300	10.899994	10899	""osoba1""
""osoba1""		136.20001	136200	144.3	144300	9.099991	9099	""osoba1""
""osoba1""		139.20001	139200	144.3	144300	6.099991	6099	""osoba1""
""osoba1""		140.1	140100	144.3	144300	5.199997	5199	""osoba1""
""osoba1""		144.3	144300	144.3	144300	1.0	1000	""osoba1""
""osoba2""		144.3	144300	144.6	144600	1.300003	1300	""osoba2""
""osoba1""		146.40001	146400	148.8	148800	3.399994	3399	""osoba1""
""osoba3""		148.5	148500	150.0	150000	2.5	2500	""osoba3""
""osoba2""		148.8	148800	148.8	148800	1.0	1000	""osoba2""
""osoba4""		150.0	150000	171.6	171600	22.600006	22600	""osoba4""
""osoba3""		155.1	155100	155.1	155100	1.0	1000	""osoba3""
""osoba4""		156.0	156000	171.6	171600	16.600006	16600	""osoba4""
""osoba4""		156.6	156600	171.6	171600	16.0	16000	""osoba4""
""osoba4""		159.6	159600	171.6	171600	13.0	13000	""osoba4""
""osoba4""		160.20001	160200	171.6	171600	12.399994	12399	""osoba4""
""osoba3""		160.5	160500	160.5	160500	1.0	1000	""osoba3""
""osoba4""		163.20001	163200	171.6	171600	9.399994	9399	""osoba4""
""osoba4""		165.0	165000	171.6	171600	7.600006	7600	""osoba4""
""osoba3""		167.40001	167400	167.70001	167700	1.300003	1300	""osoba3""
""osoba4""		167.40001	167400	171.6	171600	5.199997	5199	""osoba4""
""osoba1""		171.90001	171900	181.8	181800	10.899994	10899	""osoba1""
""osoba1""		173.1	173100	181.8	181800	9.699997	9699	""osoba1""
""osoba1""		173.70001	173700	181.8	181800	9.099991	9099	""osoba1""
""osoba1""		178.5	178500	181.8	181800	4.300003	4300	""osoba1""
""osoba1""		180.0	180000	181.8	181800	2.800003	2800	""osoba1""
""osoba4""		180.3	180300	182.40001	182400	3.100006	3100	""osoba4""
""osoba3""		180.6	180600	187.8	187800	8.199997	8199	""osoba3""
""osoba3""		183.6	183600	187.8	187800	5.199997	5199	""osoba3""
""osoba3""		184.5	184500	187.8	187800	4.300003	4300	""osoba3""
""osoba1""		185.70001	185700	185.70001	185700	1.0	1000	""osoba1""
""osoba4""		185.70001	185700	190.8	190800	6.099991	6099	""osoba4""
""osoba2""		187.20001	187200	187.20001	187200	1.0	1000	""osoba2""
""osoba2""		189.6	189600	199.50002	199500	10.900009	10900	""osoba2""
""osoba3""		192.3	192300	196.20001	196200	4.900009	4900	""osoba3""
""osoba2""		194.40001	194400	199.50002	199500	6.100006	6100	""osoba2""
""osoba4""		195.6	195600	195.6	195600	1.0	1000	""osoba4""
""osoba3""		198.3	198300	207.3	207300	10.0	10000	""osoba3""
""osoba3""		201.3	201300	207.3	207300	7.0	7000	""osoba3""
""osoba3""		202.20001	202200	207.3	207300	6.099991	6099	""osoba3""
""osoba3""		202.8	202800	207.3	207300	5.5	5500	""osoba3""
""osoba4""		203.40001	203400	247.50002	247500	45.100006	45100	""osoba4""
""osoba4""		205.50002	205500	247.50002	247500	43.0	43000	""osoba4""
""osoba3""		206.70001	206700	207.3	207300	1.5999908	1599	""osoba3""
""osoba4""		207.90001	207900	247.50002	247500	40.600006	40600	""osoba4""
""osoba4""		208.8	208800	247.50002	247500	39.700012	39700	""osoba4""
""osoba3""		209.40001	209400	209.40001	209400	1.0	1000	""osoba3""
""osoba4""		210.3	210300	247.50002	247500	38.200012	38200	""osoba4""
""osoba4""		210.90001	210900	247.50002	247500	37.600006	37600	""osoba4""
""osoba4""		212.1	212100	247.50002	247500	36.40001	36400	""osoba4""
""osoba1""		212.40001	212400	212.40001	212400	1.0	1000	""osoba1""
""osoba3""		213.00002	213000	214.50002	214500	2.5	2500	""osoba3""
""osoba4""		213.00002	213000	247.50002	247500	35.5	35500	""osoba4""
""osoba2""		214.8	214800	215.1	215100	1.300003	1300	""osoba2""
""osoba4""		216.00002	216000	247.50002	247500	32.5	32500	""osoba4""
""osoba4""		219.6	219600	247.50002	247500	28.90001	28900	""osoba4""
""osoba4""		220.8	220800	247.50002	247500	27.700012	27700	""osoba4""
""osoba4""		221.70001	221700	247.50002	247500	26.800003	26800	""osoba4""
""osoba4""		225.90001	225900	247.50002	247500	22.600006	22600	""osoba4""
""osoba3""		226.50002	226500	226.8	226800	1.2999878	1299	""osoba3""
""osoba4""		230.1	230100	247.50002	247500	18.40001	18400	""osoba4""
""osoba4""		230.70001	230700	247.50002	247500	17.800003	17800	""osoba4""
""osoba4""		231.90001	231900	247.50002	247500	16.600006	16600	""osoba4""
""osoba4""		234.00002	234000	247.50002	247500	14.5	14500	""osoba4""
""osoba4""		235.50002	235500	247.50002	247500	13.0	13000	""osoba4""
""osoba4""		236.40001	236400	247.50002	247500	12.100006	12100	""osoba4""
""osoba2""		238.20001	238200	238.8	238800	1.5999908	1599	""osoba2""
""osoba4""		238.20001	238200	247.50002	247500	10.300003	10300	""osoba4""
""osoba1""		240.3	240300	241.20001	241200	1.9000092	1900	""osoba1""
""osoba4""		241.20001	241200	247.50002	247500	7.300003	7300	""osoba4""
""osoba4""		243.00002	243000	247.50002	247500	5.5	5500	""osoba4""
""osoba4""		244.20001	244200	247.50002	247500	4.300003	4300	""osoba4""
""osoba4""		245.40001	245400	247.50002	247500	3.100006	3100	""osoba4""
""osoba3""		247.20001	247200	247.20001	247200	1.0	1000	""osoba3""
""osoba1""		247.50002	247500	256.80002	256800	10.300003	10300	""osoba1""
""osoba1""		250.8	250800	256.80002	256800	7.0000153	7000	""osoba1""
""osoba3""		254.40001	254400	256.5	256500	3.0999908	3099	""osoba3""
""osoba2""		256.80002	256800	257.7	257700	1.8999939	1899	""osoba2""
""osoba4""		258.90002	258900	260.40002	260400	2.5	2500	""osoba4""
""osoba4""		259.80002	259800	260.40002	260400	1.6000061	1600	""osoba4""
""osoba3""		260.1	260100	263.7	263700	4.600006	4600	""osoba3""
""osoba3""		261.90002	261900	263.7	263700	2.7999878	2799	""osoba3""
""osoba4""		262.5	262500	263.7	263700	2.2000122	2200	""osoba4""
""osoba2""		264.0	264000	264.6	264600	1.6000061	1600	""osoba2""
""osoba4""		269.1	269100	270.30002	270300	2.2000122	2200	""osoba4""
""osoba4""		270.0	270000	270.30002	270300	1.3000183	1300	""osoba4""
""osoba1""		270.30002	270300	275.1	275100	5.799988	5799	""osoba1""
""osoba1""		272.40002	272400	275.1	275100	3.6999817	3699	""osoba1""
""osoba3""		273.6	273600	301.80002	301800	29.200012	29200	""osoba3""
""osoba3""		278.1	278100	301.80002	301800	24.700012	24700	""osoba3""
""osoba3""		280.2	280200	301.80002	301800	22.600006	22600	""osoba3""
""osoba3""		281.40002	281400	301.80002	301800	21.399994	21399	""osoba3""
""osoba3""		284.1	284100	301.80002	301800	18.700012	18700	""osoba3""
""osoba3""		286.5	286500	301.80002	301800	16.300018	16300	""osoba3""
""osoba3""		287.7	287700	301.80002	301800	15.100006	15100	""osoba3""
""osoba3""		288.90002	288900	301.80002	301800	13.899994	13899	""osoba3""
""osoba3""		290.40002	290400	301.80002	301800	12.399994	12399	""osoba3""
""osoba3""		291.90002	291900	301.80002	301800	10.899994	10899	""osoba3""
""osoba3""		292.80002	292800	301.80002	301800	10.0	10000	""osoba3""
""osoba3""		293.40002	293400	301.80002	301800	9.399994	9399	""osoba3""
""osoba3""		295.2	295200	301.80002	301800	7.600006	7600	""osoba3""
""osoba3""		299.40002	299400	301.80002	301800	3.399994	3399	""osoba3""
""osoba3""		300.30002	300300	301.80002	301800	2.5	2500	""osoba3""
""osoba3""		301.2	301200	301.80002	301800	1.6000061	1600	""osoba3""
""osoba1""		302.7	302700	319.5	319500	17.799988	17799	""osoba1""
""osoba1""		303.30002	303300	319.5	319500	17.199982	17199	""osoba1""
""osoba1""		304.80002	304800	319.5	319500	15.699982	15699	""osoba1""
""osoba3""		305.1	305100	307.80002	307800	3.7000122	3700	""osoba3""
""osoba1""		312.90002	312900	319.5	319500	7.5999756	7599	""osoba1""
""osoba4""		312.90002	312900	314.1	314100	2.1999817	2199	""osoba4""
""osoba1""		314.1	314100	319.5	319500	6.399994	6399	""osoba1""
""osoba2""		316.2	316200	316.5	316500	1.2999878	1299	""osoba2""
""osoba1""		317.7	317700	319.5	319500	2.7999878	2799	""osoba1""
""osoba4""		317.7	317700	328.5	328500	11.799988	11799	""osoba4""
""osoba4""		321.30002	321300	328.5	328500	8.199982	8199	""osoba4""
""osoba4""		322.2	322200	328.5	328500	7.299988	7299	""osoba4""
""osoba4""		324.30002	324300	328.5	328500	5.1999817	5199	""osoba4""
""osoba4""		326.40002	326400	328.5	328500	3.0999756	3099	""osoba4""
""osoba3""		328.80002	328800	333.90002	333900	6.100006	6100	""osoba3""
""osoba3""		330.6	330600	333.90002	333900	4.3000183	4300	""osoba3""
""osoba4""		330.6	330600	330.6	330600	1.0	1000	""osoba4""
""osoba2""		331.5	331500	331.80002	331800	1.3000183	1300	""osoba2""
""osoba3""		332.40002	332400	333.90002	333900	2.5	2500	""osoba3""
""osoba4""		332.7	332700	342.90002	342900	11.200012	11200	""osoba4""
""osoba4""		335.40002	335400	342.90002	342900	8.5	8500	""osoba4""
""osoba1""		336.30002	336300	336.30002	336300	1.0	1000	""osoba1""
""osoba2""		336.30002	336300	337.2	337200	1.8999939	1899	""osoba2""
""osoba4""		337.2	337200	342.90002	342900	6.700012	6700	""osoba4""
""osoba4""		337.80002	337800	342.90002	342900	6.100006	6100	""osoba4""
""osoba4""		339.6	339600	342.90002	342900	4.3000183	4300	""osoba4""
""osoba3""		342.30002	342300	384.0	384000	42.69998	42699	""osoba3""
""osoba3""		344.1	344100	384.0	384000	40.899994	40899	""osoba3""
""osoba3""		345.0	345000	384.0	384000	40.0	40000	""osoba3""
""osoba3""		347.40002	347400	384.0	384000	37.599976	37599	""osoba3""
""osoba3""		348.30002	348300	384.0	384000	36.69998	36699	""osoba3""
""osoba3""		349.80002	349800	384.0	384000	35.19998	35199	""osoba3""
""osoba3""		351.90002	351900	384.0	384000	33.099976	33099	""osoba3""
""osoba3""		358.2	358200	384.0	384000	26.799988	26799	""osoba3""
""osoba3""		358.80002	358800	384.0	384000	26.199982	26199	""osoba3""
""osoba2""		359.1	359100	361.2	361200	3.100006	3100	""osoba2""
""osoba3""		359.7	359700	384.0	384000	25.299988	25299	""osoba3""
""osoba4""		360.6	360600	360.90002	360900	1.3000183	1300	""osoba4""
""osoba3""		362.7	362700	384.0	384000	22.299988	22299	""osoba3""
""osoba3""		365.1	365100	384.0	384000	19.899994	19899	""osoba3""
""osoba4""		367.5	367500	367.80002	367800	1.3000183	1300	""osoba4""
""osoba2""		367.80002	367800	368.40002	368400	1.6000061	1600	""osoba2""
""osoba3""		367.80002	367800	384.0	384000	17.199982	17199	""osoba3""
""osoba3""		371.40002	371400	384.0	384000	13.599976	13599	""osoba3""
""osoba3""		375.0	375000	384.0	384000	10.0	10000	""osoba3""
""osoba3""		376.80002	376800	384.0	384000	8.199982	8199	""osoba3""
""osoba2""		377.1	377100	377.40002	377400	1.3000183	1300	""osoba2""
""osoba4""		377.1	377100	377.40002	377400	1.3000183	1300	""osoba4""
""osoba3""		378.90002	378900	384.0	384000	6.0999756	6099	""osoba3""
""osoba1""		380.40002	380400	382.5	382500	3.0999756	3099	""osoba1""
""osoba3""		380.7	380700	384.0	384000	4.299988	4299	""osoba3""
""osoba1""		381.6	381600	382.5	382500	1.8999939	1899	""osoba1""
""osoba3""		382.5	382500	384.0	384000	2.5	2500	""osoba3""
""osoba4""		384.90002	384900	402.6	402600	18.699982	18699	""osoba4""
""osoba4""		385.80002	385800	402.6	402600	17.799988	17799	""osoba4""
""osoba4""		388.50003	388500	402.6	402600	15.099976	15099	""osoba4""
""osoba4""		389.7	389700	402.6	402600	13.899994	13899	""osoba4""
""osoba4""		390.6	390600	402.6	402600	13.0	13000	""osoba4""
""osoba4""		391.50003	391500	402.6	402600	12.099976	12099	""osoba4""
""osoba4""		395.40002	395400	402.6	402600	8.199982	8199	""osoba4""
""osoba4""		396.30002	396300	402.6	402600	7.299988	7299	""osoba4""
""osoba4""		397.2	397200	402.6	402600	6.399994	6399	""osoba4""
""osoba4""		397.80002	397800	402.6	402600	5.799988	5799	""osoba4""
""osoba4""		401.1	401100	402.6	402600	2.5	2500	""osoba4""
""osoba4""		402.00003	402000	402.6	402600	1.5999756	1599	""osoba4""
""osoba3""		403.2	403200	408.90002	408900	6.700012	6700	""osoba3""
""osoba4""		405.00003	405000	405.6	405600	1.5999756	1599	""osoba4""
""osoba3""		406.80002	406800	408.90002	408900	3.100006	3100	""osoba3""
""osoba1""		409.2	409200	438.00003	438000	29.800018	29800	""osoba1""
""osoba1""		409.80002	409800	438.00003	438000	29.200012	29200	""osoba1""
""osoba1""		410.7	410700	438.00003	438000	28.300018	28300	""osoba1""
""osoba2""		410.7	410700	413.40002	413400	3.7000122	3700	""osoba2""
""osoba3""		411.00003	411000	412.80002	412800	2.7999878	2799	""osoba3""
""osoba4""		412.80002	412800	414.90002	414900	3.100006	3100	""osoba4""
""osoba4""		414.90002	414900	414.90002	414900	1.0	1000	""osoba4""
""osoba1""		418.80002	418800	438.00003	438000	20.200012	20200	""osoba1""
""osoba1""		419.40002	419400	438.00003	438000	19.600006	19600	""osoba1""
""osoba1""		422.1	422100	438.00003	438000	16.900024	16900	""osoba1""
""osoba1""		424.2	424200	438.00003	438000	14.800018	14800	""osoba1""
""osoba1""		424.80002	424800	438.00003	438000	14.200012	14200	""osoba1""
""osoba1""		425.7	425700	438.00003	438000	13.300018	13300	""osoba1""
""osoba1""		427.2	427200	438.00003	438000	11.800018	11800	""osoba1""
""osoba1""		427.80002	427800	438.00003	438000	11.200012	11200	""osoba1""
""osoba3""		432.00003	432000	432.30002	432300	1.2999878	1299	""osoba3""
""osoba4""		432.90002	432900	432.90002	432900	1.0	1000	""osoba4""
""osoba2""		433.2	433200	434.1	434100	1.8999939	1899	""osoba2""
""osoba4""		436.80002	436800	445.80002	445800	10.0	10000	""osoba4""
""osoba3""		438.00003	438000	446.40002	446400	9.399994	9399	""osoba3""
""osoba4""		441.90002	441900	445.80002	445800	4.899994	4899	""osoba4""
""osoba3""		443.1	443100	446.40002	446400	4.3000183	4300	""osoba3""
""osoba2""		447.00003	447000	447.6	447600	1.5999756	1599	""osoba2""
""osoba3""		452.1	452100	458.7	458700	7.600006	7600	""osoba3""
""osoba3""		455.40002	455400	458.7	458700	4.299988	4299	""osoba3""
""osoba4""		457.50003	457500	483.00003	483000	26.5	26500	""osoba4""
""osoba4""		459.6	459600	483.00003	483000	24.400024	24400	""osoba4""
""osoba4""		460.80002	460800	483.00003	483000	23.200012	23200	""osoba4""
""osoba4""		462.30002	462300	483.00003	483000	21.700012	21700	""osoba4""
""osoba4""		463.2	463200	483.00003	483000	20.800018	20800	""osoba4""
""osoba3""		465.90002	465900	466.80002	466800	1.8999939	1899	""osoba3""
""osoba4""		467.1	467100	483.00003	483000	16.900024	16900	""osoba4""
""osoba4""		468.30002	468300	483.00003	483000	15.700012	15700	""osoba4""
""osoba3""		469.2	469200	472.2	472200	4.0	4000	""osoba3""
""osoba3""		470.7	470700	472.2	472200	2.5	2500	""osoba3""
""osoba3""		471.6	471600	472.2	472200	1.6000061	1600	""osoba3""
""osoba4""		473.40002	473400	483.00003	483000	10.600006	10600	""osoba4""
""osoba4""		478.2	478200	483.00003	483000	5.8000183	5800	""osoba4""
""osoba4""		479.40002	479400	483.00003	483000	4.600006	4600	""osoba4""
""osoba3""		483.30002	483300	518.7	518700	36.399994	36399	""osoba3""
""osoba3""		485.1	485100	518.7	518700	34.600006	34600	""osoba3""
""osoba3""		486.30002	486300	518.7	518700	33.399994	33399	""osoba3""
""osoba3""		487.50003	487500	518.7	518700	32.19998	32199	""osoba3""
""osoba3""		490.80002	490800	518.7	518700	28.899994	28899	""osoba3""
""osoba3""		492.30002	492300	518.7	518700	27.399994	27399	""osoba3""
""osoba3""		492.90002	492900	518.7	518700	26.799988	26799	""osoba3""
""osoba1""		493.50003	493500	493.80002	493800	1.2999878	1299	""osoba1""
""osoba3""		497.1	497100	518.7	518700	22.600006	22600	""osoba3""
""osoba3""		498.30002	498300	518.7	518700	21.399994	21399	""osoba3""
""osoba3""		504.90002	504900	518.7	518700	14.799988	14799	""osoba3""
""osoba4""		504.90002	504900	505.2	505200	1.2999878	1299	""osoba4""
""osoba3""		506.1	506100	518.7	518700	13.600006	13600	""osoba3""
""osoba3""		509.40002	509400	518.7	518700	10.299988	10299	""osoba3""
""osoba3""		512.4	512400	518.7	518700	7.299988	7299	""osoba3""
""osoba3""		514.5	514500	518.7	518700	5.200012	5200	""osoba3""
""osoba3""		515.7	515700	518.7	518700	4.0	4000	""osoba3""
""osoba4""		519.0	519000	523.5	523500	5.5	5500	""osoba4""
""osoba4""		521.10004	521100	523.5	523500	3.3999634	3399	""osoba4""
""osoba4""		522.60004	522600	523.5	523500	1.8999634	1899	""osoba4""
""osoba3""		522.9	522900	523.80005	523800	1.9000244	1900	""osoba3""
""osoba2""		523.5	523500	529.2	529200	6.700012	6700	""osoba2""
""osoba3""		529.5	529500	529.5	529500	1.0	1000	""osoba3""
""osoba1""		537.0	537000	546.30005	546300	10.300049	10300	""osoba1""
""osoba1""		543.0	543000	546.30005	546300	4.300049	4300	""osoba1""
""osoba1""		543.60004	543600	546.30005	546300	3.7000122	3700	""osoba1""
""osoba4""		545.4	545400	559.5	559500	15.099976	15099	""osoba4""
""osoba4""		546.30005	546300	559.5	559500	14.199951	14199	""osoba4""
""osoba4""		547.5	547500	559.5	559500	13.0	13000	""osoba4""
""osoba3""		549.9	549900	552.30005	552300	3.4000244	3400	""osoba3""
""osoba4""		552.9	552900	559.5	559500	7.5999756	7599	""osoba4""
""osoba3""		554.4	554400	555.0	555000	1.5999756	1599	""osoba3""
""osoba4""		558.9	558900	559.5	559500	1.5999756	1599	""osoba4""
""osoba3""		559.2	559200	579.60004	579600	21.400024	21400	""osoba3""
""osoba3""		561.0	561000	579.60004	579600	19.600037	19600	""osoba3""
""osoba4""		561.60004	561600	563.7	563700	3.0999756	3099	""osoba4""
""osoba3""		563.7	563700	579.60004	579600	16.900024	16900	""osoba3""
""osoba3""		565.5	565500	579.60004	579600	15.100037	15100	""osoba3""
""osoba3""		567.60004	567600	579.60004	579600	13.0	13000	""osoba3""
""osoba3""		568.5	568500	579.60004	579600	12.100037	12100	""osoba3""
""osoba2""		569.4	569400	570.0	570000	1.5999756	1599	""osoba2""
""osoba3""		569.7	569700	579.60004	579600	10.900024	10900	""osoba3""
""osoba4""		570.30005	570300	572.7	572700	3.3999634	3399	""osoba4""
""osoba3""		571.80005	571800	579.60004	579600	8.799988	8799	""osoba3""
""osoba4""		572.4	572400	572.7	572700	1.2999878	1299	""osoba4""
""osoba3""		576.30005	576300	579.60004	579600	4.299988	4299	""osoba3""
""osoba1""		579.30005	579300	579.9	579900	1.5999756	1599	""osoba1""
""osoba2""		579.30005	579300	581.7	581700	3.3999634	3399	""osoba2""
""osoba1""		588.30005	588300	598.80005	598800	11.5	11500	""osoba1""
""osoba3""		588.60004	588600	588.9	588900	1.2999878	1299	""osoba3""
""osoba1""		591.0	591000	598.80005	598800	8.800049	8800	""osoba1""
""osoba1""		594.0	594000	598.80005	598800	5.800049	5800	""osoba1""
""osoba1""		596.4	596400	598.80005	598800	3.4000244	3400	""osoba1""
""osoba3""		596.7	596700	600.60004	600600	4.9000244	4900	""osoba3""
""osoba3""		598.5	598500	600.60004	600600	3.1000366	3100	""osoba3""
""osoba3""		600.30005	600300	600.60004	600600	1.2999878	1299	""osoba3""
""osoba2""		600.9	600900	601.5	601500	1.5999756	1599	""osoba2""
""osoba3""		603.30005	603300	612.9	612900	10.599976	10599	""osoba3""
""osoba3""		603.9	603900	612.9	612900	10.0	10000	""osoba3""
""osoba3""		605.10004	605100	612.9	612900	8.799988	8799	""osoba3""
""osoba3""		605.7	605700	612.9	612900	8.200012	8200	""osoba3""
""osoba4""		608.7	608700	609.0	609000	1.2999878	1299	""osoba4""
""osoba3""		611.10004	611100	612.9	612900	2.7999878	2799	""osoba3""
""osoba3""		612.30005	612300	612.9	612900	1.5999756	1599	""osoba3""
""osoba2""		612.9	612900	614.7	614700	2.7999878	2799	""osoba2""
""osoba4""		615.60004	615600	617.10004	617100	2.5	2500	""osoba4""
""osoba3""		616.80005	616800	619.5	619500	3.6999512	3699	""osoba3""
""osoba1""		619.80005	619800	628.2	628200	9.399963	9399	""osoba1""
""osoba1""		623.7	623700	628.2	628200	5.5	5500	""osoba1""
""osoba1""		625.5	625500	628.2	628200	3.7000122	3700	""osoba1""
""osoba1""		627.0	627000	628.2	628200	2.2000122	2200	""osoba1""
""osoba4""		627.0	627000	645.9	645900	19.900024	19900	""osoba4""
""osoba4""		630.30005	630300	645.9	645900	16.599976	16599	""osoba4""
""osoba2""		631.80005	631800	632.10004	632100	1.2999878	1299	""osoba2""
""osoba3""		631.80005	631800	633.0	633000	2.1999512	2199	""osoba3""
""osoba4""		632.10004	632100	645.9	645900	14.799988	14799	""osoba4""
""osoba4""		633.30005	633300	645.9	645900	13.599976	13599	""osoba4""
""osoba4""		636.0	636000	645.9	645900	10.900024	10900	""osoba4""
""osoba1""		637.2	637200	637.2	637200	1.0	1000	""osoba1""
""osoba4""		637.5	637500	645.9	645900	9.400024	9400	""osoba4""
""osoba4""		638.4	638400	645.9	645900	8.5	8500	""osoba4""
""osoba4""		639.30005	639300	645.9	645900	7.5999756	7599	""osoba4""
""osoba2""		639.60004	639600	639.60004	639600	1.0	1000	""osoba2""
""osoba4""		640.5	640500	645.9	645900	6.4000244	6400	""osoba4""
""osoba4""		642.30005	642300	645.9	645900	4.5999756	4599	""osoba4""
""osoba4""		643.2	643200	645.9	645900	3.7000122	3700	""osoba4""
""osoba4""		645.30005	645300	645.9	645900	1.5999756	1599	""osoba4""
""osoba3""		646.2	646200	654.0	654000	8.799988	8799	""osoba3""
""osoba3""		648.30005	648300	654.0	654000	6.699951	6699	""osoba3""
""osoba3""		649.2	649200	654.0	654000	5.799988	5799	""osoba3""
""osoba3""		650.7	650700	654.0	654000	4.299988	4299	""osoba3""
""osoba2""		652.5	652500	654.30005	654300	2.8000488	2800	""osoba2""
""osoba3""		653.7	653700	654.0	654000	1.2999878	1299	""osoba3""
""osoba2""		654.0	654000	654.30005	654300	1.3000488	1300	""osoba2""
""osoba4""		655.5	655500	660.60004	660600	6.1000366	6100	""osoba4""
""osoba4""		656.10004	656100	660.60004	660600	5.5	5500	""osoba4""
""osoba2""		660.60004	660600	661.2	661200	1.5999756	1599	""osoba2""
""osoba1""		660.9	660900	661.2	661200	1.2999878	1299	""osoba1""
""osoba3""		662.4	662400	674.10004	674100	12.700012	12700	""osoba3""
""osoba2""		664.2	664200	665.10004	665100	1.9000244	1900	""osoba2""
""osoba3""		666.60004	666600	674.10004	674100	8.5	8500	""osoba3""
""osoba3""		667.5	667500	674.10004	674100	7.6000366	7600	""osoba3""
""osoba3""		668.10004	668100	674.10004	674100	7.0	7000	""osoba3""
""osoba3""		668.7	668700	674.10004	674100	6.4000244	6400	""osoba3""
""osoba3""		669.30005	669300	674.10004	674100	5.799988	5799	""osoba3""
""osoba2""		672.9	672900	674.10004	674100	2.2000122	2200	""osoba2""
""osoba3""		672.9	672900	674.10004	674100	2.2000122	2200	""osoba3""
""osoba1""		674.10004	674100	684.30005	684300	11.200012	11200	""osoba1""
""osoba1""		675.9	675900	684.30005	684300	9.400024	9400	""osoba1""
""osoba1""		677.7	677700	684.30005	684300	7.6000366	7600	""osoba1""
""osoba3""		679.5	679500	688.80005	688800	10.300049	10300	""osoba3""
""osoba3""		681.30005	681300	688.80005	688800	8.5	8500	""osoba3""
""osoba4""		682.2	682200	684.60004	684600	3.4000244	3400	""osoba4""
""osoba3""		687.0	687000	688.80005	688800	2.8000488	2800	""osoba3""
""osoba4""		687.0	687000	717.30005	717300	31.300049	31300	""osoba4""
""osoba4""		689.7	689700	717.30005	717300	28.600037	28600	""osoba4""
""osoba4""		691.2	691200	717.30005	717300	27.100037	27100	""osoba4""
""osoba3""		693.30005	693300	694.80005	694800	2.5	2500	""osoba3""
""osoba4""		696.30005	696300	717.30005	717300	22.0	22000	""osoba4""
""osoba4""		698.4	698400	717.30005	717300	19.900024	19900	""osoba4""
""osoba4""		701.10004	701100	717.30005	717300	17.200012	17200	""osoba4""
""osoba1""		704.10004	704100	704.7	704700	1.5999756	1599	""osoba1""
""osoba4""		705.60004	705600	717.30005	717300	12.700012	12700	""osoba4""
""osoba4""		706.80005	706800	717.30005	717300	11.5	11500	""osoba4""
""osoba4""		707.4	707400	717.30005	717300	10.900024	10900	""osoba4""
""osoba3""		708.60004	708600	708.9	708900	1.2999878	1299	""osoba3""
""osoba4""		709.5	709500	717.30005	717300	8.800049	8800	""osoba4""
""osoba4""		710.4	710400	717.30005	717300	7.9000244	7900	""osoba4""
""osoba3""		711.0	711000	711.30005	711300	1.3000488	1300	""osoba3""
""osoba1""		711.9	711900	712.2	712200	1.2999878	1299	""osoba1""
""osoba4""		714.0	714000	717.30005	717300	4.300049	4300	""osoba4""
""osoba4""		714.9	714900	717.30005	717300	3.4000244	3400	""osoba4""
""osoba4""		716.4	716400	717.30005	717300	1.9000244	1900	""osoba4""
""osoba4""		717.30005	717300	717.30005	717300	1.0	1000	""osoba4""
""osoba2""		717.60004	717600	720.9	720900	4.299988	4299	""osoba2""
""osoba3""		717.60004	717600	727.2	727200	10.599976	10599	""osoba3""
""osoba3""		719.7	719700	727.2	727200	8.5	8500	""osoba3""
""osoba4""		720.9	720900	722.4	722400	2.5	2500	""osoba4""
""osoba3""		723.30005	723300	727.2	727200	4.8999634	4899	""osoba3""
""osoba3""		723.9	723900	727.2	727200	4.299988	4299	""osoba3""
""osoba2""		725.10004	725100	729.0	729000	4.8999634	4899	""osoba2""
""osoba3""		726.9	726900	727.2	727200	1.2999878	1299	""osoba3""
""osoba3""		732.9	732900	764.10004	764100	32.200012	32200	""osoba3""
""osoba3""		737.7	737700	764.10004	764100	27.400024	27400	""osoba3""
""osoba3""		738.60004	738600	764.10004	764100	26.5	26500	""osoba3""
""osoba3""		739.80005	739800	764.10004	764100	25.299988	25299	""osoba3""
""osoba3""		741.0	741000	764.10004	764100	24.100037	24100	""osoba3""
""osoba4""		741.60004	741600	741.9	741900	1.2999878	1299	""osoba4""
""osoba3""		743.4	743400	764.10004	764100	21.700012	21700	""osoba3""
""osoba3""		744.0	744000	764.10004	764100	21.100037	21100	""osoba3""
""osoba3""		746.10004	746100	764.10004	764100	19.0	19000	""osoba3""
""osoba3""		747.0	747000	764.10004	764100	18.100037	18100	""osoba3""
""osoba3""		748.80005	748800	764.10004	764100	16.299988	16299	""osoba3""
""osoba2""		751.2	751200	751.5	751500	1.2999878	1299	""osoba2""
""osoba3""		751.5	751500	764.10004	764100	13.600037	13600	""osoba3""
""osoba3""		755.4	755400	764.10004	764100	9.700012	9700	""osoba3""
""osoba3""		756.30005	756300	764.10004	764100	8.799988	8799	""osoba3""
""osoba3""		757.2	757200	764.10004	764100	7.9000244	7900	""osoba3""
""osoba4""		758.7	758700	759.0	759000	1.2999878	1299	""osoba4""
""osoba3""		759.30005	759300	764.10004	764100	5.799988	5799	""osoba3""
""osoba3""		761.10004	761100	764.10004	764100	4.0	4000	""osoba3""
""osoba3""		762.30005	762300	764.10004	764100	2.7999878	2799	""osoba3""
""osoba2""		764.4	764400	765.0	765000	1.5999756	1599	""osoba2""
""osoba3""		766.5	766500	778.80005	778800	13.300049	13300	""osoba3""
""osoba3""		767.7	767700	778.80005	778800	12.100037	12100	""osoba3""
""osoba3""		771.00006	771000	778.80005	778800	8.799988	8799	""osoba3""
""osoba3""		771.60004	771600	778.80005	778800	8.200012	8200	""osoba3""
""osoba3""		772.80005	772800	778.80005	778800	7.0	7000	""osoba3""
""osoba3""		774.30005	774300	778.80005	778800	5.5	5500	""osoba3""
""osoba4""		775.2	775200	792.60004	792600	18.400024	18400	""osoba4""
""osoba3""		777.30005	777300	778.80005	778800	2.5	2500	""osoba3""
""osoba4""		778.2	778200	792.60004	792600	15.400024	15400	""osoba4""
""osoba4""		779.7	779700	792.60004	792600	13.900024	13900	""osoba4""
""osoba4""		780.9	780900	792.60004	792600	12.700012	12700	""osoba4""
""osoba4""		781.80005	781800	792.60004	792600	11.799988	11799	""osoba4""
""osoba4""		783.30005	783300	792.60004	792600	10.299988	10299	""osoba4""
""osoba3""		784.2	784200	785.7	785700	2.5	2500	""osoba3""
""osoba4""		784.50006	784500	792.60004	792600	9.099976	9099	""osoba4""
""osoba4""		785.7	785700	792.60004	792600	7.9000244	7900	""osoba4""
""osoba2""		786.9	786900	789.9	789900	4.0	4000	""osoba2""
""osoba1""		792.30005	792300	801.00006	801000	9.700012	9700	""osoba1""
""osoba4""		792.30005	792300	792.60004	792600	1.2999878	1299	""osoba4""
""osoba2""		793.80005	793800	793.80005	793800	1.0	1000	""osoba2""
""osoba1""		795.30005	795300	801.00006	801000	6.700012	6700	""osoba1""
""osoba1""		798.9	798900	801.00006	801000	3.1000366	3100	""osoba1""
""osoba4""		800.4	800400	810.60004	810600	11.200012	11200	""osoba4""
""osoba4""		802.2	802200	810.60004	810600	9.400024	9400	""osoba4""
""osoba4""		804.30005	804300	810.60004	810600	7.299988	7299	""osoba4""
""osoba4""		806.7	806700	810.60004	810600	4.9000244	4900	""osoba4""
""osoba4""		809.7	809700	810.60004	810600	1.9000244	1900	""osoba4""
""osoba1""		810.30005	810300	817.80005	817800	8.5	8500	""osoba1""
""osoba1""		812.10004	812100	817.80005	817800	6.700012	6700	""osoba1""
""osoba1""		812.7	812700	817.80005	817800	6.1000366	6100	""osoba1""
""osoba1""		813.30005	813300	817.80005	817800	5.5	5500	""osoba1""
""osoba1""		814.50006	814500	817.80005	817800	4.299988	4299	""osoba1""
""osoba1""		816.00006	816000	817.80005	817800	2.7999878	2799	""osoba1""
""osoba1""		816.9	816900	817.80005	817800	1.9000244	1900	""osoba1""
""osoba1""		817.50006	817500	817.80005	817800	1.2999878	1299	""osoba1""
""osoba4""		817.80005	817800	833.10004	833100	16.299988	16299	""osoba4""
""osoba3""		819.30005	819300	820.80005	820800	2.5	2500	""osoba3""
""osoba4""		822.60004	822600	833.10004	833100	11.5	11500	""osoba4""
""osoba4""		824.10004	824100	833.10004	833100	10.0	10000	""osoba4""
""osoba1""		824.4	824400	825.60004	825600	2.2000122	2200	""osoba1""
""osoba4""		826.80005	826800	833.10004	833100	7.299988	7299	""osoba4""
""osoba2""		827.10004	827100	828.30005	828300	2.2000122	2200	""osoba2""
""osoba4""		829.80005	829800	833.10004	833100	4.299988	4299	""osoba4""
""osoba4""		830.4	830400	833.10004	833100	3.7000122	3700	""osoba4""
""osoba2""		831.30005	831300	832.50006	832500	2.2000122	2200	""osoba2""
""osoba1""		833.10004	833100	843.9	843900	11.799988	11799	""osoba1""
""osoba1""		836.10004	836100	843.9	843900	8.799988	8799	""osoba1""
""osoba1""		837.9	837900	843.9	843900	7.0	7000	""osoba1""
""osoba1""		839.4	839400	843.9	843900	5.5	5500	""osoba1""
""osoba1""		840.9	840900	843.9	843900	4.0	4000	""osoba1""
""osoba1""		841.80005	841800	843.9	843900	3.0999756	3099	""osoba1""
""osoba4""		843.00006	843000	886.50006	886500	44.5	44500	""osoba4""
""osoba3""		843.9	843900	846.30005	846300	3.4000244	3400	""osoba3""
""osoba4""		852.00006	852000	886.50006	886500	35.5	35500	""osoba4""
""osoba4""		852.60004	852600	886.50006	886500	34.900024	34900	""osoba4""
""osoba4""		853.80005	853800	886.50006	886500	33.700012	33700	""osoba4""
""osoba4""		854.7	854700	886.50006	886500	32.80005	32800	""osoba4""
""osoba1""		856.80005	856800	856.80005	856800	1.0	1000	""osoba1""
""osoba4""		857.7	857700	886.50006	886500	29.800049	29800	""osoba4""
""osoba4""		858.9	858900	886.50006	886500	28.600037	28600	""osoba4""
""osoba4""		860.7	860700	886.50006	886500	26.800049	26800	""osoba4""
""osoba1""		861.60004	861600	861.60004	861600	1.0	1000	""osoba1""
""osoba4""		863.7	863700	886.50006	886500	23.800049	23800	""osoba4""
""osoba4""		864.30005	864300	886.50006	886500	23.200012	23200	""osoba4""
""osoba4""		864.9	864900	886.50006	886500	22.600037	22600	""osoba4""
""osoba4""		865.80005	865800	886.50006	886500	21.700012	21700	""osoba4""
""osoba4""		867.9	867900	886.50006	886500	19.600037	19600	""osoba4""
""osoba4""		869.7	869700	886.50006	886500	17.800049	17800	""osoba4""
""osoba3""		871.50006	871500	877.2	877200	6.699951	6699	""osoba3""
""osoba3""		874.2	874200	877.2	877200	4.0	4000	""osoba3""
""osoba4""		874.50006	874500	886.50006	886500	13.0	13000	""osoba4""
""osoba4""		876.30005	876300	886.50006	886500	11.200012	11200	""osoba4""
""osoba3""		876.60004	876600	877.2	877200	1.5999756	1599	""osoba3""
""osoba3""		880.50006	880500	882.60004	882600	3.0999756	3099	""osoba3""
""osoba4""		881.7	881700	886.50006	886500	5.800049	5800	""osoba4""
""osoba4""		883.50006	883500	886.50006	886500	4.0	4000	""osoba4""
""osoba4""		884.4	884400	886.50006	886500	3.1000366	3100	""osoba4""
""osoba1""		886.2	886200	888.60004	888600	3.4000244	3400	""osoba1""
""osoba4""		886.2	886200	886.50006	886500	1.3000488	1300	""osoba4""
""osoba3""		887.10004	887100	891.30005	891300	5.200012	5200	""osoba3""
""osoba3""		889.80005	889800	891.30005	891300	2.5	2500	""osoba3""
""osoba4""		890.10004	890100	906.00006	906000	16.900024	16900	""osoba4""
""osoba4""		892.2	892200	906.00006	906000	14.800049	14800	""osoba4""
""osoba4""		895.2	895200	906.00006	906000	11.800049	11800	""osoba4""
""osoba4""		900.60004	900600	906.00006	906000	6.4000244	6400	""osoba4""
""osoba4""		904.2	904200	906.00006	906000	2.8000488	2800	""osoba4""
""osoba4""		905.4	905400	906.00006	906000	1.6000366	1600	""osoba4""
""osoba3""		905.7	905700	919.50006	919500	14.800049	14800	""osoba3""
""osoba4""		906.00006	906000	906.00006	906000	1.0	1000	""osoba4""
""osoba3""		907.50006	907500	919.50006	919500	13.0	13000	""osoba3""
""osoba3""		910.80005	910800	919.50006	919500	9.700012	9700	""osoba3""
""osoba3""		911.7	911700	919.50006	919500	8.800049	8800	""osoba3""
""osoba3""		912.30005	912300	919.50006	919500	8.200012	8200	""osoba3""
""osoba3""		914.10004	914100	919.50006	919500	6.4000244	6400	""osoba3""
""osoba3""		915.30005	915300	919.50006	919500	5.200012	5200	""osoba3""
""osoba3""		916.80005	916800	919.50006	919500	3.7000122	3700	""osoba3""
""osoba3""		917.7	917700	919.50006	919500	2.8000488	2800	""osoba3""
""osoba4""		919.50006	919500	928.50006	928500	10.0	10000	""osoba4""
""osoba2""		920.7	920700	923.7	923700	4.0	4000	""osoba2""
""osoba4""		923.10004	923100	928.50006	928500	6.4000244	6400	""osoba4""
""osoba2""		923.7	923700	923.7	923700	1.0	1000	""osoba2""
""osoba4""		924.30005	924300	928.50006	928500	5.200012	5200	""osoba4""
""osoba4""		924.9	924900	928.50006	928500	4.6000366	4600	""osoba4""
""osoba4""		926.4	926400	928.50006	928500	3.1000366	3100	""osoba4""
""osoba4""		927.30005	927300	928.50006	928500	2.2000122	2200	""osoba4""
""osoba3""		927.9	927900	939.60004	939600	12.700012	12700	""osoba3""
""osoba4""		928.2	928200	928.50006	928500	1.3000488	1300	""osoba4""
""osoba1""		930.00006	930000	930.60004	930600	1.5999756	1599	""osoba1""
""osoba3""		934.50006	934500	939.60004	939600	6.0999756	6099	""osoba3""
""osoba4""		936.30005	936300	938.10004	938100	2.7999878	2799	""osoba4""
""osoba1""		938.4	938400	938.7	938700	1.2999878	1299	""osoba1""
""osoba3""		938.4	938400	939.60004	939600	2.2000122	2200	""osoba3""
""osoba4""		940.2	940200	951.60004	951600	12.400024	12400	""osoba4""
""osoba4""		942.60004	942600	951.60004	951600	10.0	10000	""osoba4""
""osoba4""		944.7	944700	951.60004	951600	7.9000244	7900	""osoba4""
""osoba4""		945.60004	945600	951.60004	951600	7.0	7000	""osoba4""
""osoba4""		946.80005	946800	951.60004	951600	5.799988	5799	""osoba4""
""osoba4""		948.60004	948600	951.60004	951600	4.0	4000	""osoba4""
""osoba4""		949.2	949200	951.60004	951600	3.4000244	3400	""osoba4""
""osoba1""		952.2	952200	976.50006	976500	25.300049	25300	""osoba1""
""osoba1""		957.00006	957000	976.50006	976500	20.5	20500	""osoba1""
""osoba1""		958.2	958200	976.50006	976500	19.300049	19300	""osoba1""
""osoba2""		958.50006	958500	958.50006	958500	1.0	1000	""osoba2""
""osoba1""		961.2	961200	976.50006	976500	16.300049	16300	""osoba1""
""osoba1""		963.00006	963000	976.50006	976500	14.5	14500	""osoba1""
""osoba1""		965.7	965700	976.50006	976500	11.800049	11800	""osoba1""
""osoba1""		967.50006	967500	976.50006	976500	10.0	10000	""osoba1""
""osoba2""		967.80005	967800	967.80005	967800	1.0	1000	""osoba2""
""osoba1""		969.60004	969600	976.50006	976500	7.9000244	7900	""osoba1""
""osoba1""		970.2	970200	976.50006	976500	7.300049	7300	""osoba1""
""osoba1""		970.80005	970800	976.50006	976500	6.700012	6700	""osoba1""
""osoba4""		971.10004	971100	972.9	972900	2.7999878	2799	""osoba4""
""osoba1""		972.00006	972000	976.50006	976500	5.5	5500	""osoba1""
""osoba4""		972.00006	972000	972.9	972900	1.8999634	1899	""osoba4""
""osoba2""		974.10004	974100	976.80005	976800	3.7000122	3700	""osoba2""
""osoba2""		975.60004	975600	976.80005	976800	2.2000122	2200	""osoba2""
""osoba1""		980.10004	980100	983.4	983400	4.299988	4299	""osoba1""
""osoba1""		980.7	980700	983.4	983400	3.7000122	3700	""osoba1""
""osoba1""		981.60004	981600	983.4	983400	2.7999878	2799	""osoba1""
""osoba3""		983.10004	983100	991.2	991200	9.099976	9099	""osoba3""
""osoba3""		985.50006	985500	991.2	991200	6.699951	6699	""osoba3""
""osoba3""		986.10004	986100	991.2	991200	6.0999756	6099	""osoba3""
""osoba4""		988.50006	988500	989.7	989700	2.1999512	2199	""osoba4""
""osoba3""		989.4	989400	991.2	991200	2.7999878	2799	""osoba3""
""osoba1""		990.9	990900	997.2	997200	7.299988	7299	""osoba1""
""osoba1""		992.7	992700	997.2	997200	5.5	5500	""osoba1""
""osoba1""		993.9	993900	997.2	997200	4.299988	4299	""osoba1""
""osoba1""		994.50006	994500	997.2	997200	3.6999512	3699	""osoba1""
""osoba1""		995.4	995400	997.2	997200	2.7999878	2799	""osoba1""
""osoba2""		996.30005	996300	998.7	998700	3.3999634	3399	""osoba2""
""osoba3""		999.00006	999000	999.00006	999000	1.0	1000	""osoba3""
""osoba1""		1000.50006	1000500	1010.7	1010700	11.199951	11199	""osoba1""
""osoba1""		1002.00006	1002000	1010.7	1010700	9.699951	9699	""osoba1""
""osoba1""		1004.4	1004400	1010.7	1010700	7.299988	7299	""osoba1""
""osoba1""		1005.00006	1005000	1010.7	1010700	6.699951	6699	""osoba1""
""osoba1""		1006.50006	1006500	1010.7	1010700	5.199951	5199	""osoba1""
""osoba1""		1008.00006	1008000	1010.7	1010700	3.6999512	3699	""osoba1""
""osoba3""		1009.2	1009200	1020.9	1020900	12.700012	12700	""osoba3""
""osoba3""		1012.2	1012200	1020.9	1020900	9.700012	9700	""osoba3""
""osoba3""		1013.10004	1013100	1020.9	1020900	8.799988	8799	""osoba3""
""osoba3""		1015.50006	1015500	1020.9	1020900	6.3999634	6399	""osoba3""
""osoba3""		1017.9	1017900	1020.9	1020900	4.0	4000	""osoba3""
""osoba4""		1017.9	1017900	1048.5	1048500	31.599976	31599	""osoba4""
""osoba4""		1019.10004	1019100	1048.5	1048500	30.399963	30399	""osoba4""
""osoba3""		1020.60004	1020600	1020.9	1020900	1.2999878	1299	""osoba3""
""osoba4""		1020.60004	1020600	1048.5	1048500	28.899963	28899	""osoba4""
""osoba4""		1022.4	1022400	1048.5	1048500	27.099976	27099	""osoba4""
""osoba4""		1023.60004	1023600	1048.5	1048500	25.899963	25899	""osoba4""
""osoba4""		1028.1001	1028100	1048.5	1048500	21.399902	21399	""osoba4""
""osoba4""		1029.9	1029900	1048.5	1048500	19.599976	19599	""osoba4""
""osoba4""		1031.7001	1031700	1048.5	1048500	17.799927	17799	""osoba4""
""osoba4""		1035.9	1035900	1048.5	1048500	13.599976	13599	""osoba4""
""osoba4""		1036.5	1036500	1048.5	1048500	13.0	13000	""osoba4""
""osoba4""		1038.0	1038000	1048.5	1048500	11.5	11500	""osoba4""
""osoba4""		1039.2001	1039200	1048.5	1048500	10.299927	10299	""osoba4""
""osoba4""		1042.5	1042500	1048.5	1048500	7.0	7000	""osoba4""
""osoba4""		1044.3	1044300	1048.5	1048500	5.199951	5199	""osoba4""
""osoba1""		1044.9	1044900	1047.0	1047000	3.0999756	3099	""osoba1""
""osoba1""		1045.8	1045800	1047.0	1047000	2.1999512	2199	""osoba1""
""osoba4""		1046.4	1046400	1048.5	1048500	3.0999756	3099	""osoba4""
""osoba3""		1048.5	1048500	1052.7001	1052700	5.2000732	5200	""osoba3""
""osoba2""		1050.9	1050900	1057.5	1057500	7.5999756	7599	""osoba2""
""osoba3""		1050.9	1050900	1052.7001	1052700	2.8000488	2800	""osoba3""
""osoba4""		1051.2001	1051200	1077.6001	1077600	27.400024	27400	""osoba4""
""osoba3""		1052.7001	1052700	1052.7001	1052700	1.0	1000	""osoba3""
""osoba4""		1054.2001	1054200	1077.6001	1077600	24.400024	24400	""osoba4""
""osoba4""		1056.0	1056000	1077.6001	1077600	22.600098	22600	""osoba4""
""osoba4""		1057.8	1057800	1077.6001	1077600	20.800049	20800	""osoba4""
""osoba4""		1059.3	1059300	1077.6001	1077600	19.300049	19300	""osoba4""
""osoba4""		1061.4	1061400	1077.6001	1077600	17.200073	17200	""osoba4""
""osoba4""		1062.9	1062900	1077.6001	1077600	15.700073	15700	""osoba4""
""osoba4""		1065.0	1065000	1077.6001	1077600	13.600098	13600	""osoba4""
""osoba4""		1065.9	1065900	1077.6001	1077600	12.700073	12700	""osoba4""
""osoba4""		1067.7001	1067700	1077.6001	1077600	10.900024	10900	""osoba4""
""osoba4""		1068.3	1068300	1077.6001	1077600	10.300049	10300	""osoba4""
""osoba4""		1070.4	1070400	1077.6001	1077600	8.200073	8200	""osoba4""
""osoba4""		1072.5	1072500	1077.6001	1077600	6.1000977	6100	""osoba4""
""osoba2""		1074.6001	1074600	1077.0	1077000	3.3999023	3399	""osoba2""
""osoba3""		1074.6001	1074600	1105.8	1105800	32.19995	32199	""osoba3""
""osoba1""		1078.2001	1078200	1078.2001	1078200	1.0	1000	""osoba1""
""osoba3""		1078.8	1078800	1105.8	1105800	28.0	28000	""osoba3""
""osoba3""		1081.8	1081800	1105.8	1105800	25.0	25000	""osoba3""
""osoba3""		1082.4	1082400	1105.8	1105800	24.400024	24400	""osoba3""
""osoba3""		1083.3	1083300	1105.8	1105800	23.5	23500	""osoba3""
""osoba3""		1084.5	1084500	1105.8	1105800	22.300049	22300	""osoba3""
""osoba3""		1087.8	1087800	1105.8	1105800	19.0	19000	""osoba3""
""osoba4""		1087.8	1087800	1088.1001	1088100	1.3000488	1300	""osoba4""
""osoba2""		1089.6001	1089600	1090.8	1090800	2.1999512	2199	""osoba2""
""osoba3""		1089.9	1089900	1105.8	1105800	16.900024	16900	""osoba3""
""osoba3""		1093.2001	1093200	1105.8	1105800	13.599976	13599	""osoba3""
""osoba3""		1094.1001	1094100	1105.8	1105800	12.699951	12699	""osoba3""
""osoba1""		1094.4	1094400	1097.7001	1097700	4.300049	4300	""osoba1""
""osoba2""		1101.6001	1101600	1106.7001	1106700	6.0999756	6099	""osoba2""
""osoba4""		1101.9	1101900	1102.5	1102500	1.5999756	1599	""osoba4""
""osoba3""		1105.8	1105800	1105.8	1105800	1.0	1000	""osoba3""
""osoba4""		1105.8	1105800	1137.3	1137300	32.5	32500	""osoba4""
""osoba3""		1108.8	1108800	1108.8	1108800	1.0	1000	""osoba3""
""osoba4""		1108.8	1108800	1137.3	1137300	29.5	29500	""osoba4""
""osoba4""		1110.3	1110300	1137.3	1137300	28.0	28000	""osoba4""
""osoba1""		1111.5	1111500	1114.2001	1114200	3.7000732	3700	""osoba1""
""osoba3""		1111.8	1111800	1111.8	1111800	1.0	1000	""osoba3""
""osoba4""		1115.7001	1115700	1137.3	1137300	22.599976	22599	""osoba4""
""osoba4""		1117.5	1117500	1137.3	1137300	20.800049	20800	""osoba4""
""osoba4""		1118.4	1118400	1137.3	1137300	19.900024	19900	""osoba4""
""osoba4""		1119.0	1119000	1137.3	1137300	19.300049	19300	""osoba4""
""osoba2""		1121.7001	1121700	1122.0	1122000	1.2999268	1299	""osoba2""
""osoba4""		1123.2001	1123200	1137.3	1137300	15.099976	15099	""osoba4""
""osoba4""		1124.1001	1124100	1137.3	1137300	14.199951	14199	""osoba4""
""osoba4""		1125.3	1125300	1137.3	1137300	13.0	13000	""osoba4""
""osoba3""		1126.5	1126500	1129.8	1129800	4.300049	4300	""osoba3""
""osoba3""		1129.2001	1129200	1129.8	1129800	1.5999756	1599	""osoba3""
""osoba4""		1131.6001	1131600	1137.3	1137300	6.699951	6699	""osoba4""
""osoba4""		1134.3	1134300	1137.3	1137300	4.0	4000	""osoba4""
""osoba4""		1135.2001	1135200	1137.3	1137300	3.0999756	3099	""osoba4""
""osoba4""		1136.4	1136400	1137.3	1137300	1.9000244	1900	""osoba4""
""osoba4""		1137.0	1137000	1137.3	1137300	1.3000488	1300	""osoba4""
""osoba3""		1137.9	1137900	1143.0	1143000	6.0999756	6099	""osoba3""
""osoba3""		1139.1001	1139100	1143.0	1143000	4.8999023	4899	""osoba3""
""osoba1""		1142.1001	1142100	1145.4	1145400	4.2999268	4299	""osoba1""
""osoba1""		1144.5	1144500	1145.4	1145400	1.9000244	1900	""osoba1""
""osoba4""		1145.4	1145400	1155.3	1155300	10.900024	10900	""osoba4""
""osoba1""		1148.1001	1148100	1148.4	1148400	1.2999268	1299	""osoba1""
""osoba4""		1149.3	1149300	1155.3	1155300	7.0	7000	""osoba4""
""osoba4""		1151.4	1151400	1155.3	1155300	4.9000244	4900	""osoba4""
""osoba4""		1152.3	1152300	1155.3	1155300	4.0	4000	""osoba4""
""osoba3""		1152.6001	1152600	1163.7001	1163700	12.099976	12099	""osoba3""
""osoba4""		1154.4	1154400	1155.3	1155300	1.9000244	1900	""osoba4""
""osoba3""		1156.8	1156800	1163.7001	1163700	7.9000244	7900	""osoba3""
""osoba3""		1157.7001	1157700	1163.7001	1163700	7.0	7000	""osoba3""
""osoba3""		1159.2001	1159200	1163.7001	1163700	5.5	5500	""osoba3""
""osoba3""		1160.7001	1160700	1163.7001	1163700	4.0	4000	""osoba3""
""osoba1""		1163.4	1163400	1174.2001	1174200	11.800049	11800	""osoba1""
""osoba1""		1165.5	1165500	1174.2001	1174200	9.700073	9700	""osoba1""
""osoba1""		1168.2001	1168200	1174.2001	1174200	7.0	7000	""osoba1""
""osoba1""		1169.4	1169400	1174.2001	1174200	5.800049	5800	""osoba1""
""osoba1""		1170.9	1170900	1174.2001	1174200	4.300049	4300	""osoba1""
""osoba1""		1171.8	1171800	1174.2001	1174200	3.4000244	3400	""osoba1""
""osoba1""		1172.4	1172400	1174.2001	1174200	2.8000488	2800	""osoba1""
""osoba3""		1173.6001	1173600	1180.5	1180500	7.8999023	7899	""osoba3""
""osoba1""		1174.2001	1174200	1174.2001	1174200	1.0	1000	""osoba1""
""osoba3""		1175.4	1175400	1180.5	1180500	6.0999756	6099	""osoba3""
""osoba4""		1176.3	1176300	1176.6001	1176600	1.3000488	1300	""osoba4""
""osoba3""		1178.1001	1178100	1180.5	1180500	3.3999023	3399	""osoba3""
""osoba4""		1179.0	1179000	1180.8	1180800	2.8000488	2800	""osoba4""
""osoba4""		1179.6001	1179600	1180.8	1180800	2.1999512	2199	""osoba4""
""osoba3""		1180.2001	1180200	1180.5	1180500	1.2999268	1299	""osoba3""
""osoba2""		1181.1001	1181100	1181.7001	1181700	1.5999756	1599	""osoba2""
""osoba4""		1183.5	1183500	1192.5	1192500	10.0	10000	""osoba4""
""osoba3""		1188.0	1188000	1191.9	1191900	4.9000244	4900	""osoba3""
""osoba3""		1189.2001	1189200	1191.9	1191900	3.6999512	3699	""osoba3""
""osoba4""		1189.2001	1189200	1192.5	1192500	4.2999268	4299	""osoba4""
""osoba2""		1191.0	1191000	1194.0	1194000	4.0	4000	""osoba2""
""osoba4""		1191.3	1191300	1192.5	1192500	2.1999512	2199	""osoba4""
""osoba4""		1200.9	1200900	1202.7001	1202700	2.8000488	2800	""osoba4""
""osoba1""		1202.4	1202400	1209.3	1209300	7.9000244	7900	""osoba1""
""osoba4""		1202.4	1202400	1202.7001	1202700	1.3000488	1300	""osoba4""
""osoba1""		1204.8	1204800	1209.3	1209300	5.5	5500	""osoba1""
""osoba1""		1206.0	1206000	1209.3	1209300	4.300049	4300	""osoba1""
""osoba3""		1206.9	1206900	1209.3	1209300	3.4000244	3400	""osoba3""
""osoba4""		1207.2001	1207200	1215.6001	1215600	9.400024	9400	""osoba4""
""osoba1""		1207.5	1207500	1209.3	1209300	2.8000488	2800	""osoba1""
""osoba4""		1209.3	1209300	1215.6001	1215600	7.300049	7300	""osoba4""
""osoba4""		1210.5	1210500	1215.6001	1215600	6.1000977	6100	""osoba4""
""osoba4""		1213.2001	1213200	1215.6001	1215600	3.4000244	3400	""osoba4""
""osoba4""		1213.8	1213800	1215.6001	1215600	2.8000488	2800	""osoba4""
""osoba2""		1214.1001	1214100	1217.4	1217400	4.2999268	4299	""osoba2""
""osoba3""		1216.5	1216500	1217.1001	1217100	1.6000977	1600	""osoba3""
""osoba4""		1217.7001	1217700	1235.7001	1235700	19.0	19000	""osoba4""
""osoba4""		1221.9	1221900	1235.7001	1235700	14.800049	14800	""osoba4""
""osoba3""		1222.2001	1222200	1222.5	1222500	1.2999268	1299	""osoba3""
""osoba1""		1223.4	1223400	1226.1001	1226100	3.7000732	3700	""osoba1""
""osoba4""		1223.4	1223400	1235.7001	1235700	13.300049	13300	""osoba4""
""osoba3""		1227.0	1227000	1227.6001	1227600	1.6000977	1600	""osoba3""
""osoba4""		1230.0	1230000	1235.7001	1235700	6.7000732	6700	""osoba4""
""osoba4""		1231.5	1231500	1235.7001	1235700	5.2000732	5200	""osoba4""
""osoba4""		1232.1001	1232100	1235.7001	1235700	4.5999756	4599	""osoba4""
""osoba4""		1233.3	1233300	1235.7001	1235700	3.4000244	3400	""osoba4""
""osoba1""		1234.5	1234500	1240.5	1240500	7.0	7000	""osoba1""
""osoba2""		1236.0	1236000	1243.8	1243800	8.800049	8800	""osoba2""
""osoba4""		1240.2001	1240200	1240.2001	1240200	1.0	1000	""osoba4""
""osoba3""		1241.7001	1241700	1243.2001	1243200	2.5	2500	""osoba3""
""osoba3""		1242.9	1242900	1243.2001	1243200	1.3000488	1300	""osoba3""
""osoba3""		1251.0	1251000	1259.7001	1259700	9.700073	9700	""osoba3""
""osoba4""		1251.0	1251000	1251.6001	1251600	1.6000977	1600	""osoba4""
""osoba4""		1255.2001	1255200	1256.4	1256400	2.1999512	2199	""osoba4""
""osoba2""		1259.7001	1259700	1260.0	1260000	1.2999268	1299	""osoba2""
""osoba1""		1260.0	1260000	1268.4	1268400	9.400024	9400	""osoba1""
""osoba1""		1262.4	1262400	1268.4	1268400	7.0	7000	""osoba1""
""osoba1""		1265.1001	1265100	1268.4	1268400	4.2999268	4299	""osoba1""
""osoba3""		1268.1001	1268100	1269.0	1269000	1.8999023	1899	""osoba3""
""osoba4""		1268.7001	1268700	1273.8	1273800	6.0999756	6099	""osoba4""
""osoba4""		1271.4	1271400	1273.8	1273800	3.4000244	3400	""osoba4""
""osoba4""		1272.6001	1272600	1273.8	1273800	2.1999512	2199	""osoba4""
""osoba2""		1274.1001	1274100	1274.7001	1274700	1.5999756	1599	""osoba2""
""osoba4""		1277.1001	1277100	1285.5	1285500	9.399902	9399	""osoba4""
""osoba3""		1280.7001	1280700	1282.5	1282500	2.7999268	2799	""osoba3""
""osoba3""		1281.6001	1281600	1282.5	1282500	1.8999023	1899	""osoba3""
""osoba4""		1281.9	1281900	1285.5	1285500	4.5999756	4599	""osoba4""
""osoba4""		1283.7001	1283700	1285.5	1285500	2.7999268	2799	""osoba4""
""osoba4""		1284.3	1284300	1285.5	1285500	2.1999512	2199	""osoba4""
""osoba3""		1284.6001	1284600	1289.1001	1289100	5.5	5500	""osoba3""
""osoba4""		1284.9	1284900	1285.5	1285500	1.5999756	1599	""osoba4""
""osoba3""		1287.9	1287900	1289.1001	1289100	2.2000732	2200	""osoba3""
""osoba4""		1288.5	1288500	1291.8	1291800	4.300049	4300	""osoba4""
""osoba1""		1288.8	1288800	1299.3	1299300	11.5	11500	""osoba1""
""osoba1""		1295.1001	1295100	1299.3	1299300	5.199951	5199	""osoba1""
""osoba1""		1296.6001	1296600	1299.3	1299300	3.6999512	3699	""osoba1""
""osoba1""		1297.2001	1297200	1299.3	1299300	3.0999756	3099	""osoba1""
""osoba1""		1297.8	1297800	1299.3	1299300	2.5	2500	""osoba1""
""osoba3""		1299.0	1299000	1300.2001	1300200	2.2000732	2200	""osoba3""
""osoba2""		1299.3	1299300	1300.8	1300800	2.5	2500	""osoba2""
""osoba4""		1306.8	1306800	1309.5	1309500	3.6999512	3699	""osoba4""
""osoba2""		1307.4	1307400	1308.0	1308000	1.5999756	1599	""osoba2""
""osoba4""		1309.2001	1309200	1309.5	1309500	1.2999268	1299	""osoba4""
""osoba3""		1309.5	1309500	1322.4	1322400	13.900024	13900	""osoba3""
""osoba1""		1313.1001	1313100	1313.7001	1313700	1.5999756	1599	""osoba1""
""osoba4""		1315.5	1315500	1315.5	1315500	1.0	1000	""osoba4""
""osoba3""		1315.8	1315800	1322.4	1322400	7.5999756	7599	""osoba3""
""osoba3""		1316.7001	1316700	1322.4	1322400	6.699951	6699	""osoba3""
""osoba3""		1319.1001	1319100	1322.4	1322400	4.2999268	4299	""osoba3""
""osoba3""		1320.6001	1320600	1322.4	1322400	2.7999268	2799	""osoba3""
""osoba3""		1321.2001	1321200	1322.4	1322400	2.1999512	2199	""osoba3""
""osoba1""		1321.8	1321800	1329.3	1329300	8.5	8500	""osoba1""
""osoba1""		1323.9	1323900	1329.3	1329300	6.4000244	6400	""osoba1""
""osoba1""		1325.4	1325400	1329.3	1329300	4.9000244	4900	""osoba1""
""osoba1""		1328.1001	1328100	1329.3	1329300	2.1999512	2199	""osoba1""
""osoba1""		1328.7001	1328700	1329.3	1329300	1.5999756	1599	""osoba1""
""osoba4""		1329.0	1329000	1356.6001	1356600	28.600098	28600	""osoba4""
""osoba4""		1330.8	1330800	1356.6001	1356600	26.800049	26800	""osoba4""
""osoba4""		1336.5	1336500	1356.6001	1356600	21.100098	21100	""osoba4""
""osoba4""		1338.6001	1338600	1356.6001	1356600	19.0	19000	""osoba4""
""osoba4""		1340.1001	1340100	1356.6001	1356600	17.5	17500	""osoba4""
""osoba4""		1344.3	1344300	1356.6001	1356600	13.300049	13300	""osoba4""
""osoba4""		1346.7001	1346700	1356.6001	1356600	10.900024	10900	""osoba4""
""osoba4""		1347.9	1347900	1356.6001	1356600	9.700073	9700	""osoba4""
""osoba2""		1348.2001	1348200	1349.1001	1349100	1.9000244	1900	""osoba2""
""osoba4""		1349.4	1349400	1356.6001	1356600	8.200073	8200	""osoba4""
""osoba4""		1350.3	1350300	1356.6001	1356600	7.300049	7300	""osoba4""
""osoba4""		1351.2001	1351200	1356.6001	1356600	6.4000244	6400	""osoba4""
""osoba2""		1353.0	1353000	1353.3	1353300	1.3000488	1300	""osoba2""
""osoba4""		1354.2001	1354200	1356.6001	1356600	3.4000244	3400	""osoba4""
""osoba4""		1355.1001	1355100	1356.6001	1356600	2.5	2500	""osoba4""
""osoba4""		1356.0	1356000	1356.6001	1356600	1.6000977	1600	""osoba4""
""osoba3""		1356.9	1356900	1359.6001	1359600	3.7000732	3700	""osoba3""
""osoba3""		1357.8	1357800	1359.6001	1359600	2.8000488	2800	""osoba3""
""osoba1""		1358.1001	1358100	1359.3	1359300	2.1999512	2199	""osoba1""
""osoba2""		1358.4	1358400	1359.6001	1359600	2.2000732	2200	""osoba2""
""osoba3""		1365.9	1365900	1367.4	1367400	2.5	2500	""osoba3""
""osoba3""		1367.1001	1367100	1367.4	1367400	1.2999268	1299	""osoba3""
""osoba4""		1368.0	1368000	1392.6001	1392600	25.600098	25600	""osoba4""
""osoba1""		1371.0	1371000	1372.2001	1372200	2.2000732	2200	""osoba1""
""osoba3""		1373.4	1373400	1375.2001	1375200	2.8000488	2800	""osoba3""
""osoba3""		1374.9	1374900	1375.2001	1375200	1.3000488	1300	""osoba3""
""osoba4""		1377.3	1377300	1392.6001	1392600	16.300049	16300	""osoba4""
""osoba4""		1378.5	1378500	1392.6001	1392600	15.100098	15100	""osoba4""
""osoba4""		1380.3	1380300	1392.6001	1392600	13.300049	13300	""osoba4""
""osoba4""		1381.8	1381800	1392.6001	1392600	11.800049	11800	""osoba4""
""osoba2""		1385.4	1385400	1386.0	1386000	1.5999756	1599	""osoba2""
""osoba4""		1385.7001	1385700	1392.6001	1392600	7.9000244	7900	""osoba4""
""osoba4""		1387.8	1387800	1392.6001	1392600	5.800049	5800	""osoba4""
""osoba3""		1390.5	1390500	1410.9	1410900	21.400024	21400	""osoba3""
""osoba3""		1393.5	1393500	1410.9	1410900	18.400024	18400	""osoba3""
""osoba3""		1394.4	1394400	1410.9	1410900	17.5	17500	""osoba3""
""osoba1""		1394.7001	1394700	1395.3	1395300	1.5999756	1599	""osoba1""
""osoba3""		1396.5	1396500	1410.9	1410900	15.400024	15400	""osoba3""
""osoba3""		1398.9	1398900	1410.9	1410900	13.0	13000	""osoba3""
""osoba3""		1400.7001	1400700	1410.9	1410900	11.199951	11199	""osoba3""
""osoba3""		1401.3	1401300	1410.9	1410900	10.599976	10599	""osoba3""
""osoba3""		1404.0	1404000	1410.9	1410900	7.9000244	7900	""osoba3""
""osoba3""		1405.8	1405800	1410.9	1410900	6.0999756	6099	""osoba3""
""osoba3""		1406.7001	1406700	1410.9	1410900	5.199951	5199	""osoba3""
""osoba4""		1407.0	1407000	1407.3	1407300	1.3000488	1300	""osoba4""
""osoba4""		1409.7001	1409700	1424.4	1424400	15.699951	15699	""osoba4""
""osoba3""		1410.0	1410000	1410.9	1410900	1.9000244	1900	""osoba3""
""osoba4""		1410.6001	1410600	1424.4	1424400	14.799927	14799	""osoba4""
""osoba3""		1410.9	1410900	1410.9	1410900	1.0	1000	""osoba3""
""osoba4""		1411.8	1411800	1424.4	1424400	13.599976	13599	""osoba4""
""osoba1""		1416.0	1416000	1416.0	1416000	1.0	1000	""osoba1""
""osoba2""		1419.6001	1419600	1419.6001	1419600	1.0	1000	""osoba2""
""osoba3""		1419.6001	1419600	1419.6001	1419600	1.0	1000	""osoba3""
""osoba4""		1420.2001	1420200	1424.4	1424400	5.199951	5199	""osoba4""
""osoba4""		1421.1001	1421100	1424.4	1424400	4.2999268	4299	""osoba4""
""osoba3""		1425.0	1425000	1444.8	1444800	20.800049	20800	""osoba3""
""osoba3""		1425.9	1425900	1444.8	1444800	19.900024	19900	""osoba3""
""osoba4""		1427.4	1427400	1429.2001	1429200	2.8000488	2800	""osoba4""
""osoba3""		1427.7001	1427700	1444.8	1444800	18.099976	18099	""osoba3""
""osoba3""		1431.3	1431300	1444.8	1444800	14.5	14500	""osoba3""
""osoba3""		1433.4	1433400	1444.8	1444800	12.400024	12400	""osoba3""
""osoba3""		1434.6001	1434600	1444.8	1444800	11.199951	11199	""osoba3""
""osoba3""		1438.2001	1438200	1444.8	1444800	7.5999756	7599	""osoba3""
""osoba3""		1439.7001	1439700	1444.8	1444800	6.0999756	6099	""osoba3""
""osoba3""		1441.5	1441500	1444.8	1444800	4.300049	4300	""osoba3""
""osoba3""		1444.2001	1444200	1444.8	1444800	1.5999756	1599	""osoba3""
""osoba4""		1445.1001	1445100	1469.4	1469400	25.299927	25299	""osoba4""
""osoba4""		1447.2001	1447200	1469.4	1469400	23.199951	23199	""osoba4""
""osoba4""		1451.1001	1451100	1469.4	1469400	19.299927	19299	""osoba4""
""osoba4""		1452.0	1452000	1469.4	1469400	18.400024	18400	""osoba4""
""osoba4""		1455.0	1455000	1469.4	1469400	15.400024	15400	""osoba4""
""osoba4""		1458.9	1458900	1469.4	1469400	11.5	11500	""osoba4""
""osoba4""		1460.1001	1460100	1469.4	1469400	10.299927	10299	""osoba4""
""osoba4""		1464.3	1464300	1469.4	1469400	6.0999756	6099	""osoba4""
""osoba4""		1466.7001	1466700	1469.4	1469400	3.6999512	3699	""osoba4""
""osoba4""		1467.6001	1467600	1469.4	1469400	2.7999268	2799	""osoba4""
""osoba4""		1468.2001	1468200	1469.4	1469400	2.1999512	2199	""osoba4""
""osoba4""		1468.8	1468800	1469.4	1469400	1.5999756	1599	""osoba4""
""osoba1""		1469.1001	1469100	1483.5	1483500	15.399902	15399	""osoba1""
""osoba1""		1470.3	1470300	1483.5	1483500	14.199951	14199	""osoba1""
""osoba3""		1470.3	1470300	1470.9	1470900	1.5999756	1599	""osoba3""
""osoba4""		1472.4	1472400	1473.0	1473000	1.5999756	1599	""osoba4""
""osoba1""		1475.7001	1475700	1483.5	1483500	8.799927	8799	""osoba1""
""osoba1""		1476.3	1476300	1483.5	1483500	8.199951	8199	""osoba1""
""osoba1""		1478.1001	1478100	1483.5	1483500	6.3999023	6399	""osoba1""
""osoba3""		1478.4	1478400	1478.4	1478400	1.0	1000	""osoba3""
""osoba2""		1479.0	1479000	1479.0	1479000	1.0	1000	""osoba2""
""osoba4""		1482.6001	1482600	1486.5	1486500	4.8999023	4899	""osoba4""
""osoba4""		1484.4	1484400	1486.5	1486500	3.0999756	3099	""osoba4""
""osoba4""		1485.9	1485900	1486.5	1486500	1.5999756	1599	""osoba4""
""osoba2""		1487.1001	1487100	1488.9	1488900	2.7999268	2799	""osoba2""
""osoba4""		1492.2001	1492200	1501.2001	1501200	10.0	10000	""osoba4""
""osoba4""		1494.9	1494900	1501.2001	1501200	7.300049	7300	""osoba4""
""osoba4""		1498.2001	1498200	1501.2001	1501200	4.0	4000	""osoba4""
""osoba3""		1501.5	1501500	1526.1001	1526100	25.600098	25600	""osoba3""
""osoba3""		1504.2001	1504200	1526.1001	1526100	22.900024	22900	""osoba3""
""osoba4""		1506.3	1506300	1506.6001	1506600	1.3000488	1300	""osoba4""
""osoba3""		1507.8	1507800	1526.1001	1526100	19.300049	19300	""osoba3""
""osoba3""		1510.2001	1510200	1526.1001	1526100	16.900024	16900	""osoba3""
""osoba3""		1510.8	1510800	1526.1001	1526100	16.300049	16300	""osoba3""
""osoba3""		1512.0	1512000	1526.1001	1526100	15.100098	15100	""osoba3""
""osoba3""		1513.2001	1513200	1526.1001	1526100	13.900024	13900	""osoba3""
""osoba3""		1515.0	1515000	1526.1001	1526100	12.100098	12100	""osoba3""
""osoba3""		1516.2001	1516200	1526.1001	1526100	10.900024	10900	""osoba3""
""osoba3""		1520.4	1520400	1526.1001	1526100	6.7000732	6700	""osoba3""
""osoba3""		1521.0	1521000	1526.1001	1526100	6.1000977	6100	""osoba3""
""osoba3""		1521.6001	1521600	1526.1001	1526100	5.5	5500	""osoba3""
""osoba4""		1522.8	1522800	1523.4	1523400	1.5999756	1599	""osoba4""
""osoba3""		1524.9	1524900	1526.1001	1526100	2.2000732	2200	""osoba3""
""osoba4""		1526.4	1526400	1547.7001	1547700	22.300049	22300	""osoba4""
""osoba4""		1527.6001	1527600	1547.7001	1547700	21.099976	21099	""osoba4""
""osoba3""		1528.5	1528500	1528.8	1528800	1.3000488	1300	""osoba3""
""osoba4""		1530.6001	1530600	1547.7001	1547700	18.099976	18099	""osoba4""
""osoba4""		1532.1001	1532100	1547.7001	1547700	16.599976	16599	""osoba4""
""osoba4""		1532.7001	1532700	1547.7001	1547700	16.0	16000	""osoba4""
""osoba4""		1535.1001	1535100	1547.7001	1547700	13.599976	13599	""osoba4""
""osoba2""		1536.3	1536300	1537.2001	1537200	1.9000244	1900	""osoba2""
""osoba4""		1536.3	1536300	1547.7001	1547700	12.400024	12400	""osoba4""
""osoba4""		1540.5001	1540500	1547.7001	1547700	8.199951	8199	""osoba4""
""osoba4""		1541.7001	1541700	1547.7001	1547700	7.0	7000	""osoba4""
""osoba1""		1543.2001	1543200	1543.8	1543800	1.5999756	1599	""osoba1""
""osoba4""		1544.4	1544400	1547.7001	1547700	4.300049	4300	""osoba4""
""osoba4""		1545.3	1545300	1547.7001	1547700	3.4000244	3400	""osoba4""
""osoba4""		1545.9	1545900	1547.7001	1547700	2.8000488	2800	""osoba4""
""osoba1""		1547.7001	1547700	1579.8	1579800	33.099976	33099	""osoba1""
""osoba1""		1549.8	1549800	1579.8	1579800	31.0	31000	""osoba1""
""osoba1""		1550.4	1550400	1579.8	1579800	30.400024	30400	""osoba1""
""osoba1""		1553.4	1553400	1579.8	1579800	27.400024	27400	""osoba1""
""osoba4""		1554.6001	1554600	1554.6001	1554600	1.0	1000	""osoba4""
""osoba2""		1555.5001	1555500	1557.0001	1557000	2.5	2500	""osoba2""
""osoba1""		1556.7001	1556700	1579.8	1579800	24.099976	24099	""osoba1""
""osoba1""		1558.5001	1558500	1579.8	1579800	22.299927	22299	""osoba1""
""osoba1""		1560.3	1560300	1579.8	1579800	20.5	20500	""osoba1""
""osoba1""		1560.9	1560900	1579.8	1579800	19.900024	19900	""osoba1""
""osoba2""		1561.8	1561800	1563.0001	1563000	2.2000732	2200	""osoba2""
""osoba1""		1567.5001	1567500	1579.8	1579800	13.299927	13299	""osoba1""
""osoba1""		1568.4	1568400	1579.8	1579800	12.400024	12400	""osoba1""
""osoba1""		1569.6001	1569600	1579.8	1579800	11.199951	11199	""osoba1""
""osoba1""		1570.5001	1570500	1579.8	1579800	10.299927	10299	""osoba1""
""osoba1""		1572.3	1572300	1579.8	1579800	8.5	8500	""osoba1""
""osoba1""		1572.9	1572900	1579.8	1579800	7.9000244	7900	""osoba1""
""osoba4""		1575.3	1575300	1575.9	1575900	1.5999756	1599	""osoba4""
""osoba1""		1575.6001	1575600	1579.8	1579800	5.199951	5199	""osoba1""
""osoba1""		1577.7001	1577700	1579.8	1579800	3.0999756	3099	""osoba1""
""osoba1""		1578.3	1578300	1579.8	1579800	2.5	2500	""osoba1""
""osoba4""		1578.3	1578300	1585.5001	1585500	8.200073	8200	""osoba4""
""osoba4""		1582.5001	1582500	1585.5001	1585500	4.0	4000	""osoba4""
""osoba4""		1583.1001	1583100	1585.5001	1585500	3.4000244	3400	""osoba4""
""osoba4""		1584.3	1584300	1585.5001	1585500	2.2000732	2200	""osoba4""
""osoba3""		1585.5001	1585500	1597.5001	1597500	13.0	13000	""osoba3""
""osoba1""		1587.0001	1587000	1587.9	1587900	1.8999023	1899	""osoba1""
""osoba3""		1587.3	1587300	1597.5001	1597500	11.200073	11200	""osoba3""
""osoba2""		1587.9	1587900	1588.8	1588800	1.9000244	1900	""osoba2""
""osoba4""		1589.1001	1589100	1589.4	1589400	1.2999268	1299	""osoba4""
""osoba3""		1591.2001	1591200	1597.5001	1597500	7.300049	7300	""osoba3""
""osoba3""		1591.8	1591800	1597.5001	1597500	6.7000732	6700	""osoba3""
""osoba1""		1592.4	1592400	1594.2001	1594200	2.8000488	2800	""osoba1""
""osoba2""		1592.4	1592400	1593.0001	1593000	1.6000977	1600	""osoba2""
""osoba3""		1592.4	1592400	1597.5001	1597500	6.1000977	6100	""osoba3""
""osoba2""		1595.1001	1595100	1595.1001	1595100	1.0	1000	""osoba2""
""osoba3""		1596.0001	1596000	1597.5001	1597500	2.5	2500	""osoba3""
""osoba3""		1596.6001	1596600	1597.5001	1597500	1.9000244	1900	""osoba3""
""osoba1""		1597.2001	1597200	1617.3	1617300	21.099976	21099	""osoba1""
""osoba3""		1597.5001	1597500	1597.5001	1597500	1.0	1000	""osoba3""
""osoba1""		1600.8	1600800	1617.3	1617300	17.5	17500	""osoba1""
""osoba1""		1601.7001	1601700	1617.3	1617300	16.599976	16599	""osoba1""
""osoba1""		1602.6001	1602600	1617.3	1617300	15.699951	15699	""osoba1""
""osoba1""		1603.5001	1603500	1617.3	1617300	14.799927	14799	""osoba1""
""osoba2""		1606.8	1606800	1606.8	1606800	1.0	1000	""osoba2""
""osoba1""		1608.3	1608300	1617.3	1617300	10.0	10000	""osoba1""
""osoba1""		1613.7001	1613700	1617.3	1617300	4.5999756	4599	""osoba1""
""osoba1""		1614.9	1614900	1617.3	1617300	3.4000244	3400	""osoba1""
""osoba3""		1616.7001	1616700	1620.3	1620300	4.5999756	4599	""osoba3""
""osoba3""		1618.8	1618800	1620.3	1620300	2.5	2500	""osoba3""
""osoba2""		1619.4	1619400	1620.3	1620300	1.9000244	1900	""osoba2""
