"default"		0.0	0	1.0	1000	1.0	1000	BEGIN
"default"		1620.3	1620300	1620.31	1621300	1.0	1000	END
""osoba1""		6.3	6300	43.5	43500	38.2	38200	""osoba1""
""osoba1""		7.2000003	7200	43.5	43500	37.3	37300	""osoba1""
""osoba1""		8.400001	8400	43.5	43500	36.1	36100	""osoba1""
""osoba1""		9.900001	9900	43.5	43500	34.6	34600	""osoba1""
""osoba1""		10.5	10500	43.5	43500	34.0	34000	""osoba1""
""osoba4""		11.1	11100	11.700001	11700	1.6000004	1600	""osoba4""
""osoba3""		12.900001	12900	12.900001	12900	1.0	1000	""osoba3""
""osoba1""		15.000001	15000	43.5	43500	29.5	29500	""osoba1""
""osoba1""		15.6	15600	43.5	43500	28.9	28900	""osoba1""
""osoba1""		17.7	17700	43.5	43500	26.8	26800	""osoba1""
""osoba1""		20.1	20100	43.5	43500	24.4	24400	""osoba1""
""osoba1""		21.6	21600	43.5	43500	22.9	22900	""osoba1""
""osoba4""		22.2	22200	22.800001	22800	1.6000004	1600	""osoba4""
""osoba1""		23.7	23700	43.5	43500	20.8	20800	""osoba1""
""osoba1""		28.500002	28500	43.5	43500	15.999998	15999	""osoba1""
""osoba1""		30.300001	30300	43.5	43500	14.199999	14199	""osoba1""
""osoba1""		31.800001	31800	43.5	43500	12.699999	12699	""osoba1""
""osoba2""		33.0	33000	33.0	33000	1.0	1000	""osoba2""
""osoba1""		33.9	33900	43.5	43500	10.599998	10599	""osoba1""
""osoba1""		36.600002	36600	43.5	43500	7.8999977	7899	""osoba1""
""osoba4""		39.300003	39300	40.5	40500	2.199997	2199	""osoba4""
""osoba1""		40.800003	40800	43.5	43500	3.699997	3699	""osoba1""
""osoba3""		41.7	41700	52.500004	52500	11.800003	11800	""osoba3""
""osoba3""		48.300003	48300	52.500004	52500	5.200001	5200	""osoba3""
""osoba3""		51.300003	51300	52.500004	52500	2.2000008	2200	""osoba3""
""osoba1""		52.500004	52500	54.9	54900	3.3999977	3399	""osoba1""
""osoba3""		52.500004	52500	52.500004	52500	1.0	1000	""osoba3""
""osoba1""		53.4	53400	54.9	54900	2.5	2500	""osoba1""
""osoba1""		54.600002	54600	54.9	54900	1.2999992	1299	""osoba1""
""osoba3""		54.600002	54600	63.600002	63600	10.0	10000	""osoba3""
""osoba3""		55.500004	55500	63.600002	63600	9.099998	9099	""osoba3""
""osoba3""		56.7	56700	63.600002	63600	7.9000015	7900	""osoba3""
""osoba3""		57.9	57900	63.600002	63600	6.700001	6700	""osoba3""
""osoba4""		63.000004	63000	64.5	64500	2.4999962	2499	""osoba4""
""osoba3""		68.700005	68700	72.600006	72600	4.9000015	4900	""osoba3""
""osoba3""		69.9	69900	72.600006	72600	3.7000046	3700	""osoba3""
""osoba1""		70.5	70500	70.5	70500	1.0	1000	""osoba1""
""osoba3""		70.5	70500	72.600006	72600	3.100006	3100	""osoba3""
""osoba2""		71.700005	71700	90.600006	90600	19.900002	19900	""osoba2""
""osoba4""		71.700005	71700	72.3	72300	1.5999985	1599	""osoba4""
""osoba2""		76.5	76500	90.600006	90600	15.100006	15100	""osoba2""
""osoba2""		79.200005	79200	90.600006	90600	12.400002	12400	""osoba2""
""osoba2""		79.8	79800	90.600006	90600	11.800003	11800	""osoba2""
""osoba2""		81.600006	81600	90.600006	90600	10.0	10000	""osoba2""
""osoba2""		82.8	82800	90.600006	90600	8.800003	8800	""osoba2""
""osoba2""		83.700005	83700	90.600006	90600	7.9000015	7900	""osoba2""
""osoba2""		85.200005	85200	90.600006	90600	6.4000015	6400	""osoba2""
""osoba2""		85.8	85800	90.600006	90600	5.800003	5800	""osoba2""
""osoba2""		87.3	87300	90.600006	90600	4.300003	4300	""osoba2""
""osoba3""		87.3	87300	88.200005	88200	1.9000015	1900	""osoba3""
""osoba2""		89.100006	89100	90.600006	90600	2.5	2500	""osoba2""
""osoba1""		89.4	89400	100.8	100800	12.400002	12400	""osoba1""
""osoba1""		93.0	93000	100.8	100800	8.800003	8800	""osoba1""
""osoba1""		94.200005	94200	100.8	100800	7.5999985	7599	""osoba1""
""osoba1""		95.100006	95100	100.8	100800	6.699997	6699	""osoba1""
""osoba1""		96.600006	96600	100.8	100800	5.199997	5199	""osoba1""
""osoba1""		97.200005	97200	100.8	100800	4.5999985	4599	""osoba1""
""osoba1""		98.4	98400	100.8	100800	3.4000015	3400	""osoba1""
""osoba1""		100.200005	100200	100.8	100800	1.5999985	1599	""osoba1""
""osoba3""		100.50001	100500	103.8	103800	4.2999954	4299	""osoba3""
""osoba3""		102.3	102300	103.8	103800	2.5	2500	""osoba3""
""osoba3""		102.9	102900	103.8	103800	1.9000015	1900	""osoba3""
""osoba1""		104.100006	104100	107.4	107400	4.2999954	4299	""osoba1""
""osoba4""		105.3	105300	108.00001	108000	3.7000046	3700	""osoba4""
""osoba4""		106.200005	106200	108.00001	108000	2.800003	2800	""osoba4""
""osoba1""		106.50001	106500	107.4	107400	1.8999939	1899	""osoba1""
""osoba1""		110.700005	110700	111.9	111900	2.199997	2199	""osoba1""
""osoba3""		111.00001	111000	141.90001	141900	31.900002	31900	""osoba3""
""osoba3""		114.00001	114000	141.90001	141900	28.900002	28900	""osoba3""
""osoba3""		114.9	114900	141.90001	141900	28.000008	28000	""osoba3""
""osoba3""		115.8	115800	141.90001	141900	27.100006	27100	""osoba3""
""osoba3""		117.600006	117600	141.90001	141900	25.300003	25300	""osoba3""
""osoba3""		122.100006	122100	141.90001	141900	20.800003	20800	""osoba3""
""osoba3""		124.200005	124200	141.90001	141900	18.700005	18700	""osoba3""
""osoba3""		127.8	127800	141.90001	141900	15.100006	15100	""osoba3""
""osoba3""		129.0	129000	141.90001	141900	13.900009	13900	""osoba3""
""osoba3""		130.20001	130200	141.90001	141900	12.699997	12699	""osoba3""
""osoba3""		135.0	135000	141.90001	141900	7.900009	7900	""osoba3""
""osoba3""		135.90001	135900	141.90001	141900	7.0	7000	""osoba3""
""osoba4""		136.20001	136200	136.8	136800	1.5999908	1599	""osoba4""
""osoba3""		137.1	137100	141.90001	141900	5.800003	5800	""osoba3""
""osoba3""		138.0	138000	141.90001	141900	4.900009	4900	""osoba3""
""osoba3""		138.90001	138900	141.90001	141900	4.0	4000	""osoba3""
""osoba3""		140.70001	140700	141.90001	141900	2.199997	2199	""osoba3""
""osoba1""		141.6	141600	154.8	154800	14.199997	14199	""osoba1""
""osoba3""		141.6	141600	141.90001	141900	1.300003	1300	""osoba3""
""osoba2""		142.5	142500	145.8	145800	4.300003	4300	""osoba2""
""osoba1""		147.0	147000	154.8	154800	8.800003	8800	""osoba1""
""osoba1""		149.40001	149400	154.8	154800	6.399994	6399	""osoba1""
""osoba1""		150.6	150600	154.8	154800	5.199997	5199	""osoba1""
""osoba1""		151.20001	151200	154.8	154800	4.599991	4599	""osoba1""
""osoba2""		152.1	152100	169.5	169500	18.399994	18399	""osoba2""
""osoba4""		152.70001	152700	153.0	153000	1.2999878	1299	""osoba4""
""osoba1""		153.90001	153900	154.8	154800	1.8999939	1899	""osoba1""
""osoba2""		154.8	154800	169.5	169500	15.699997	15699	""osoba2""
""osoba2""		155.40001	155400	169.5	169500	15.099991	15099	""osoba2""
""osoba2""		156.0	156000	169.5	169500	14.5	14500	""osoba2""
""osoba2""		159.3	159300	169.5	169500	11.199997	11199	""osoba2""
""osoba2""		161.70001	161700	169.5	169500	8.799988	8799	""osoba2""
""osoba4""		162.6	162600	162.6	162600	1.0	1000	""osoba4""
""osoba1""		163.8	163800	163.8	163800	1.0	1000	""osoba1""
""osoba2""		164.70001	164700	169.5	169500	5.799988	5799	""osoba2""
""osoba2""		166.20001	166200	169.5	169500	4.299988	4299	""osoba2""
""osoba1""		166.5	166500	198.6	198600	33.100006	33100	""osoba1""
""osoba4""		167.40001	167400	167.40001	167400	1.0	1000	""osoba4""
""osoba1""		170.70001	170700	198.6	198600	28.899994	28899	""osoba1""
""osoba1""		173.1	173100	198.6	198600	26.5	26500	""osoba1""
""osoba1""		173.70001	173700	198.6	198600	25.899994	25899	""osoba1""
""osoba1""		175.5	175500	198.6	198600	24.100006	24100	""osoba1""
""osoba1""		176.40001	176400	198.6	198600	23.199997	23199	""osoba1""
""osoba1""		177.90001	177900	198.6	198600	21.699997	21699	""osoba1""
""osoba1""		178.5	178500	198.6	198600	21.100006	21100	""osoba1""
""osoba4""		178.5	178500	178.8	178800	1.300003	1300	""osoba4""
""osoba1""		183.90001	183900	198.6	198600	15.699997	15699	""osoba1""
""osoba1""		187.20001	187200	198.6	198600	12.399994	12399	""osoba1""
""osoba1""		188.1	188100	198.6	198600	11.5	11500	""osoba1""
""osoba1""		189.3	189300	198.6	198600	10.300003	10300	""osoba1""
""osoba4""		194.1	194100	194.1	194100	1.0	1000	""osoba4""
""osoba1""		194.40001	194400	198.6	198600	5.199997	5199	""osoba1""
""osoba1""		196.8	196800	198.6	198600	2.800003	2800	""osoba1""
""osoba4""		197.40001	197400	200.1	200100	3.699997	3699	""osoba4""
""osoba3""		198.6	198600	199.50002	199500	1.9000092	1900	""osoba3""
""osoba1""		207.3	207300	226.50002	226500	20.200012	20200	""osoba1""
""osoba1""		209.70001	209700	226.50002	226500	17.800003	17800	""osoba1""
""osoba1""		210.6	210600	226.50002	226500	16.90001	16900	""osoba1""
""osoba1""		213.6	213600	226.50002	226500	13.900009	13900	""osoba1""
""osoba1""		214.8	214800	226.50002	226500	12.700012	12700	""osoba1""
""osoba1""		216.3	216300	226.50002	226500	11.200012	11200	""osoba1""
""osoba4""		218.1	218100	219.90001	219900	2.800003	2800	""osoba4""
""osoba1""		221.1	221100	226.50002	226500	6.400009	6400	""osoba1""
""osoba3""		222.90001	222900	224.1	224100	2.199997	2199	""osoba3""
""osoba1""		225.00002	225000	226.50002	226500	2.5	2500	""osoba1""
""osoba3""		226.20001	226200	229.20001	229200	4.0	4000	""osoba3""
""osoba3""		227.70001	227700	229.20001	229200	2.5	2500	""osoba3""
""osoba2""		229.20001	229200	232.8	232800	4.599991	4599	""osoba2""
""osoba3""		229.20001	229200	229.20001	229200	1.0	1000	""osoba3""
""osoba2""		230.70001	230700	232.8	232800	3.0999908	3099	""osoba2""
""osoba1""		231.00002	231000	243.6	243600	13.599991	13599	""osoba1""
""osoba2""		232.50002	232500	232.8	232800	1.2999878	1299	""osoba2""
""osoba1""		234.00002	234000	243.6	243600	10.599991	10599	""osoba1""
""osoba2""		234.90001	234900	236.70001	236700	2.800003	2800	""osoba2""
""osoba1""		236.1	236100	243.6	243600	8.5	8500	""osoba1""
""osoba1""		237.00002	237000	243.6	243600	7.599991	7599	""osoba1""
""osoba3""		237.6	237600	238.20001	238200	1.6000061	1600	""osoba3""
""osoba1""		240.00002	240000	243.6	243600	4.599991	4599	""osoba1""
""osoba3""		241.50002	241500	244.50002	244500	4.0	4000	""osoba3""
""osoba4""		244.50002	244500	244.8	244800	1.2999878	1299	""osoba4""
""osoba3""		247.50002	247500	262.2	262200	15.699997	15699	""osoba3""
""osoba4""		251.70001	251700	251.70001	251700	1.0	1000	""osoba4""
""osoba3""		252.6	252600	262.2	262200	10.600006	10600	""osoba3""
""osoba2""		253.50002	253500	253.50002	253500	1.0	1000	""osoba2""
""osoba3""		253.50002	253500	262.2	262200	9.699997	9699	""osoba3""
""osoba3""		254.40001	254400	262.2	262200	8.800003	8800	""osoba3""
""osoba3""		256.2	256200	262.2	262200	7.0	7000	""osoba3""
""osoba3""		256.80002	256800	262.2	262200	6.399994	6399	""osoba3""
""osoba3""		260.1	260100	262.2	262200	3.100006	3100	""osoba3""
""osoba2""		262.80002	262800	263.1	263100	1.2999878	1299	""osoba2""
""osoba1""		263.40002	263400	265.5	265500	3.0999756	3099	""osoba1""
""osoba4""		265.2	265200	267.30002	267300	3.100006	3100	""osoba4""
""osoba2""		268.5	268500	270.30002	270300	2.8000183	2800	""osoba2""
""osoba2""		270.0	270000	270.30002	270300	1.3000183	1300	""osoba2""
""osoba1""		270.30002	270300	275.1	275100	5.799988	5799	""osoba1""
""osoba4""		273.30002	273300	275.40002	275400	3.100006	3100	""osoba4""
""osoba3""		273.6	273600	275.1	275100	2.5	2500	""osoba3""
""osoba1""		282.30002	282300	309.0	309000	27.699982	27699	""osoba1""
""osoba1""		282.90002	282900	309.0	309000	27.099976	27099	""osoba1""
""osoba3""		285.30002	285300	288.0	288000	3.6999817	3699	""osoba3""
""osoba3""		287.40002	287400	288.0	288000	1.5999756	1599	""osoba3""
""osoba1""		288.30002	288300	309.0	309000	21.699982	21699	""osoba1""
""osoba1""		290.40002	290400	309.0	309000	19.599976	19599	""osoba1""
""osoba1""		292.80002	292800	309.0	309000	17.199982	17199	""osoba1""
""osoba2""		295.5	295500	298.5	298500	4.0	4000	""osoba2""
""osoba1""		295.80002	295800	309.0	309000	14.199982	14199	""osoba1""
""osoba1""		300.90002	300900	309.0	309000	9.099976	9099	""osoba1""
""osoba4""		301.2	301200	303.0	303000	2.7999878	2799	""osoba4""
""osoba1""		302.7	302700	309.0	309000	7.299988	7299	""osoba1""
""osoba4""		307.2	307200	310.5	310500	4.299988	4299	""osoba4""
""osoba1""		308.40002	308400	309.0	309000	1.5999756	1599	""osoba1""
""osoba4""		308.40002	308400	310.5	310500	3.0999756	3099	""osoba4""
""osoba2""		310.2	310200	316.2	316200	7.0	7000	""osoba2""
""osoba2""		314.1	314100	316.2	316200	3.100006	3100	""osoba2""
""osoba3""		314.1	314100	321.30002	321300	8.200012	8200	""osoba3""
""osoba3""		317.1	317100	321.30002	321300	5.200012	5200	""osoba3""
""osoba3""		319.5	319500	321.30002	321300	2.8000183	2800	""osoba3""
""osoba1""		321.30002	321300	331.5	331500	11.199982	11199	""osoba1""
""osoba2""		321.90002	321900	323.40002	323400	2.5	2500	""osoba2""
""osoba1""		325.5	325500	331.5	331500	7.0	7000	""osoba1""
""osoba1""		327.6	327600	331.5	331500	4.899994	4899	""osoba1""
""osoba1""		330.30002	330300	331.5	331500	2.1999817	2199	""osoba1""
""osoba3""		330.30002	330300	335.7	335700	6.399994	6399	""osoba3""
""osoba2""		331.80002	331800	332.7	332700	1.8999939	1899	""osoba2""
""osoba3""		335.40002	335400	335.7	335700	1.2999878	1299	""osoba3""
""osoba1""		335.7	335700	366.6	366600	31.899994	31899	""osoba1""
""osoba1""		336.90002	336900	366.6	366600	30.699982	30699	""osoba1""
""osoba1""		342.0	342000	366.6	366600	25.600006	25600	""osoba1""
""osoba4""		343.2	343200	343.5	343500	1.2999878	1299	""osoba4""
""osoba1""		345.0	345000	366.6	366600	22.600006	22600	""osoba1""
""osoba1""		346.5	346500	366.6	366600	21.100006	21100	""osoba1""
""osoba3""		346.5	346500	346.5	346500	1.0	1000	""osoba3""
""osoba1""		347.40002	347400	366.6	366600	20.199982	20199	""osoba1""
""osoba4""		348.6	348600	350.1	350100	2.5	2500	""osoba4""
""osoba1""		349.5	349500	366.6	366600	18.100006	18100	""osoba1""
""osoba1""		352.80002	352800	366.6	366600	14.799988	14799	""osoba1""
""osoba1""		353.7	353700	366.6	366600	13.899994	13899	""osoba1""
""osoba1""		354.6	354600	366.6	366600	13.0	13000	""osoba1""
""osoba3""		354.90002	354900	358.2	358200	4.299988	4299	""osoba3""
""osoba1""		355.2	355200	366.6	366600	12.399994	12399	""osoba1""
""osoba1""		357.90002	357900	366.6	366600	9.699982	9699	""osoba1""
""osoba1""		359.7	359700	366.6	366600	7.899994	7899	""osoba1""
""osoba1""		361.5	361500	366.6	366600	6.100006	6100	""osoba1""
""osoba1""		364.2	364200	366.6	366600	3.399994	3399	""osoba1""
""osoba2""		364.2	364200	375.90002	375900	12.700012	12700	""osoba2""
""osoba1""		366.6	366600	366.6	366600	1.0	1000	""osoba1""
""osoba2""		368.7	368700	375.90002	375900	8.200012	8200	""osoba2""
""osoba2""		371.1	371100	375.90002	375900	5.8000183	5800	""osoba2""
""osoba2""		372.30002	372300	375.90002	375900	4.600006	4600	""osoba2""
""osoba2""		374.7	374700	375.90002	375900	2.2000122	2200	""osoba2""
""osoba1""		375.0	375000	385.80002	385800	11.800018	11800	""osoba1""
""osoba1""		377.40002	377400	385.80002	385800	9.399994	9399	""osoba1""
""osoba1""		378.6	378600	385.80002	385800	8.200012	8200	""osoba1""
""osoba1""		380.40002	380400	385.80002	385800	6.399994	6399	""osoba1""
""osoba1""		381.6	381600	385.80002	385800	5.200012	5200	""osoba1""
""osoba1""		382.2	382200	385.80002	385800	4.600006	4600	""osoba1""
""osoba1""		384.30002	384300	385.80002	385800	2.5	2500	""osoba1""
""osoba4""		385.2	385200	387.00003	387000	2.8000183	2800	""osoba4""
""osoba3""		389.7	389700	394.50003	394500	5.8000183	5800	""osoba3""
""osoba3""		392.1	392100	394.50003	394500	3.4000244	3400	""osoba3""
""osoba3""		393.6	393600	394.50003	394500	1.9000244	1900	""osoba3""
""osoba1""		394.50003	394500	417.6	417600	24.099976	24099	""osoba1""
""osoba1""		396.00003	396000	417.6	417600	22.599976	22599	""osoba1""
""osoba2""		396.90002	396900	399.00003	399000	3.100006	3100	""osoba2""
""osoba1""		400.80002	400800	417.6	417600	17.799988	17799	""osoba1""
""osoba1""		403.80002	403800	417.6	417600	14.799988	14799	""osoba1""
""osoba1""		404.7	404700	417.6	417600	13.899994	13899	""osoba1""
""osoba4""		406.80002	406800	407.1	407100	1.2999878	1299	""osoba4""
""osoba3""		407.7	407700	409.80002	409800	3.100006	3100	""osoba3""
""osoba2""		412.2	412200	412.80002	412800	1.6000061	1600	""osoba2""
""osoba1""		414.6	414600	417.6	417600	4.0	4000	""osoba1""
""osoba2""		415.2	415200	415.50003	415500	1.3000183	1300	""osoba2""
""osoba4""		415.50003	415500	420.30002	420300	5.799988	5799	""osoba4""
""osoba1""		417.00003	417000	417.6	417600	1.5999756	1599	""osoba1""
""osoba4""		417.00003	417000	420.30002	420300	4.299988	4299	""osoba4""
""osoba3""		421.2	421200	423.30002	423300	3.100006	3100	""osoba3""
""osoba1""		423.90002	423900	426.90002	426900	4.0	4000	""osoba1""
""osoba1""		425.1	425100	426.90002	426900	2.8000183	2800	""osoba1""
""osoba3""		426.30002	426300	431.40002	431400	6.100006	6100	""osoba3""
""osoba3""		430.2	430200	431.40002	431400	2.2000122	2200	""osoba3""
""osoba4""		430.2	430200	431.7	431700	2.5	2500	""osoba4""
""osoba3""		438.30002	438300	441.00003	441000	3.7000122	3700	""osoba3""
""osoba3""		439.50003	439500	441.00003	441000	2.5	2500	""osoba3""
""osoba4""		440.1	440100	441.6	441600	2.5	2500	""osoba4""
""osoba1""		448.50003	448500	448.80002	448800	1.2999878	1299	""osoba1""
""osoba3""		448.80002	448800	449.40002	449400	1.6000061	1600	""osoba3""
""osoba2""		449.40002	449400	463.2	463200	14.799988	14799	""osoba2""
""osoba2""		452.7	452700	463.2	463200	11.5	11500	""osoba2""
""osoba2""		454.2	454200	463.2	463200	10.0	10000	""osoba2""
""osoba2""		457.80002	457800	463.2	463200	6.399994	6399	""osoba2""
""osoba2""		458.40002	458400	463.2	463200	5.799988	5799	""osoba2""
""osoba2""		459.90002	459900	463.2	463200	4.299988	4299	""osoba2""
""osoba2""		462.90002	462900	463.2	463200	1.2999878	1299	""osoba2""
""osoba4""		463.2	463200	464.40002	464400	2.2000122	2200	""osoba4""
""osoba2""		468.90002	468900	495.00003	495000	27.100006	27100	""osoba2""
""osoba2""		469.80002	469800	495.00003	495000	26.200012	26200	""osoba2""
""osoba3""		469.80002	469800	470.1	470100	1.2999878	1299	""osoba3""
""osoba2""		471.30002	471300	495.00003	495000	24.700012	24700	""osoba2""
""osoba2""		474.00003	474000	495.00003	495000	22.0	22000	""osoba2""
""osoba2""		475.2	475200	495.00003	495000	20.800018	20800	""osoba2""
""osoba1""		476.7	476700	476.7	476700	1.0	1000	""osoba1""
""osoba2""		476.7	476700	495.00003	495000	19.300018	19300	""osoba2""
""osoba1""		478.80002	478800	480.30002	480300	2.5	2500	""osoba1""
""osoba2""		485.7	485700	495.00003	495000	10.300018	10300	""osoba2""
""osoba4""		487.2	487200	488.40002	488400	2.2000122	2200	""osoba4""
""osoba2""		487.80002	487800	495.00003	495000	8.200012	8200	""osoba2""
""osoba2""		489.90002	489900	495.00003	495000	6.100006	6100	""osoba2""
""osoba2""		493.80002	493800	495.00003	495000	2.2000122	2200	""osoba2""
""osoba3""		495.00003	495000	511.2	511200	17.199982	17199	""osoba3""
""osoba3""		497.1	497100	511.2	511200	15.100006	15100	""osoba3""
""osoba3""		499.50003	499500	511.2	511200	12.699982	12699	""osoba3""
""osoba2""		499.80002	499800	499.80002	499800	1.0	1000	""osoba2""
""osoba3""		501.6	501600	511.2	511200	10.600006	10600	""osoba3""
""osoba3""		505.80002	505800	511.2	511200	6.399994	6399	""osoba3""
""osoba3""		507.30002	507300	511.2	511200	4.899994	4899	""osoba3""
""osoba3""		509.40002	509400	511.2	511200	2.7999878	2799	""osoba3""
""osoba3""		510.30002	510300	511.2	511200	1.8999939	1899	""osoba3""
""osoba1""		510.90002	510900	520.80005	520800	10.900024	10900	""osoba1""
""osoba2""		510.90002	510900	510.90002	510900	1.0	1000	""osoba2""
""osoba1""		511.80002	511800	520.80005	520800	10.0000305	10000	""osoba1""
""osoba1""		515.7	515700	520.80005	520800	6.1000366	6100	""osoba1""
""osoba1""		518.10004	518100	520.80005	520800	3.7000122	3700	""osoba1""
""osoba1""		519.9	519900	520.80005	520800	1.9000244	1900	""osoba1""
""osoba2""		520.80005	520800	532.2	532200	12.399963	12399	""osoba2""
""osoba4""		521.7	521700	521.7	521700	1.0	1000	""osoba4""
""osoba2""		526.80005	526800	532.2	532200	6.3999634	6399	""osoba2""
""osoba2""		528.30005	528300	532.2	532200	4.8999634	4899	""osoba2""
""osoba4""		530.4	530400	536.7	536700	7.299988	7299	""osoba4""
""osoba2""		531.30005	531300	532.2	532200	1.8999634	1899	""osoba2""
""osoba3""		531.30005	531300	531.9	531900	1.5999756	1599	""osoba3""
""osoba4""		532.5	532500	536.7	536700	5.200012	5200	""osoba4""
""osoba2""		545.10004	545100	552.0	552000	7.8999634	7899	""osoba2""
""osoba2""		547.80005	547800	552.0	552000	5.199951	5199	""osoba2""
""osoba3""		549.0	549000	563.7	563700	15.700012	15700	""osoba3""
""osoba2""		549.30005	549300	552.0	552000	3.6999512	3699	""osoba2""
""osoba2""		551.10004	551100	552.0	552000	1.8999634	1899	""osoba2""
""osoba3""		551.7	551700	563.7	563700	13.0	13000	""osoba3""
""osoba4""		552.0	552000	552.30005	552300	1.3000488	1300	""osoba4""
""osoba3""		556.2	556200	563.7	563700	8.5	8500	""osoba3""
""osoba1""		558.9	558900	560.7	560700	2.7999878	2799	""osoba1""
""osoba3""		561.60004	561600	563.7	563700	3.0999756	3099	""osoba3""
""osoba4""		563.7	563700	566.4	566400	3.7000122	3700	""osoba4""
""osoba3""		566.4	566400	566.4	566400	1.0	1000	""osoba3""
""osoba3""		570.60004	570600	573.9	573900	4.299988	4299	""osoba3""
""osoba4""		572.10004	572100	574.2	574200	3.0999756	3099	""osoba4""
""osoba2""		573.30005	573300	580.2	580200	7.8999634	7899	""osoba2""
""osoba4""		573.60004	573600	574.2	574200	1.5999756	1599	""osoba4""
""osoba2""		575.7	575700	580.2	580200	5.5	5500	""osoba2""
""osoba2""		577.5	577500	580.2	580200	3.7000122	3700	""osoba2""
""osoba2""		579.30005	579300	580.2	580200	1.8999634	1899	""osoba2""
""osoba3""		580.80005	580800	582.60004	582600	2.7999878	2799	""osoba3""
""osoba3""		582.60004	582600	582.60004	582600	1.0	1000	""osoba3""
""osoba2""		582.9	582900	618.9	618900	37.0	37000	""osoba2""
""osoba2""		584.4	584400	618.9	618900	35.5	35500	""osoba2""
""osoba2""		585.60004	585600	618.9	618900	34.299988	34299	""osoba2""
""osoba2""		587.4	587400	618.9	618900	32.5	32500	""osoba2""
""osoba2""		594.0	594000	618.9	618900	25.900024	25900	""osoba2""
""osoba2""		594.60004	594600	618.9	618900	25.299988	25299	""osoba2""
""osoba2""		595.80005	595800	618.9	618900	24.099976	24099	""osoba2""
""osoba2""		597.30005	597300	618.9	618900	22.599976	22599	""osoba2""
""osoba4""		597.9	597900	598.80005	598800	1.9000244	1900	""osoba4""
""osoba4""		598.5	598500	598.80005	598800	1.3000488	1300	""osoba4""
""osoba2""		602.7	602700	618.9	618900	17.200012	17200	""osoba2""
""osoba4""		604.80005	604800	604.80005	604800	1.0	1000	""osoba4""
""osoba2""		605.4	605400	618.9	618900	14.5	14500	""osoba2""
""osoba2""		606.0	606000	618.9	618900	13.900024	13900	""osoba2""
""osoba2""		609.0	609000	618.9	618900	10.900024	10900	""osoba2""
""osoba2""		610.2	610200	618.9	618900	9.700012	9700	""osoba2""
""osoba2""		613.80005	613800	618.9	618900	6.0999756	6099	""osoba2""
""osoba2""		614.7	614700	618.9	618900	5.200012	5200	""osoba2""
""osoba2""		615.30005	615300	618.9	618900	4.5999756	4599	""osoba2""
""osoba4""		617.7	617700	618.30005	618300	1.6000366	1600	""osoba4""
""osoba1""		618.60004	618600	645.30005	645300	27.700012	27700	""osoba1""
""osoba1""		620.7	620700	645.30005	645300	25.600037	25600	""osoba1""
""osoba1""		621.9	621900	645.30005	645300	24.400024	24400	""osoba1""
""osoba1""		622.80005	622800	645.30005	645300	23.5	23500	""osoba1""
""osoba1""		623.4	623400	645.30005	645300	22.900024	22900	""osoba1""
""osoba1""		624.60004	624600	645.30005	645300	21.700012	21700	""osoba1""
""osoba1""		626.10004	626100	645.30005	645300	20.200012	20200	""osoba1""
""osoba1""		627.0	627000	645.30005	645300	19.300049	19300	""osoba1""
""osoba3""		627.30005	627300	629.10004	629100	2.7999878	2799	""osoba3""
""osoba1""		627.60004	627600	645.30005	645300	18.700012	18700	""osoba1""
""osoba4""		628.2	628200	628.2	628200	1.0	1000	""osoba4""
""osoba1""		628.80005	628800	645.30005	645300	17.5	17500	""osoba1""
""osoba3""		629.10004	629100	629.10004	629100	1.0	1000	""osoba3""
""osoba1""		632.4	632400	645.30005	645300	13.900024	13900	""osoba1""
""osoba1""		633.0	633000	645.30005	645300	13.300049	13300	""osoba1""
""osoba1""		634.80005	634800	645.30005	645300	11.5	11500	""osoba1""
""osoba3""		636.30005	636300	636.30005	636300	1.0	1000	""osoba3""
""osoba1""		639.60004	639600	645.30005	645300	6.700012	6700	""osoba1""
""osoba1""		641.4	641400	645.30005	645300	4.9000244	4900	""osoba1""
""osoba2""		642.30005	642300	642.30005	642300	1.0	1000	""osoba2""
""osoba1""		643.5	643500	645.30005	645300	2.8000488	2800	""osoba1""
""osoba1""		644.7	644700	645.30005	645300	1.6000366	1600	""osoba1""
""osoba4""		645.0	645000	645.60004	645600	1.6000366	1600	""osoba4""
""osoba1""		650.10004	650100	650.4	650400	1.2999878	1299	""osoba1""
""osoba3""		650.4	650400	655.2	655200	5.799988	5799	""osoba3""
""osoba3""		651.9	651900	655.2	655200	4.299988	4299	""osoba3""
""osoba1""		652.5	652500	652.5	652500	1.0	1000	""osoba1""
""osoba4""		654.0	654000	654.60004	654600	1.6000366	1600	""osoba4""
""osoba3""		655.2	655200	655.2	655200	1.0	1000	""osoba3""
""osoba3""		658.5	658500	700.5	700500	43.0	43000	""osoba3""
""osoba3""		660.30005	660300	700.5	700500	41.19995	41199	""osoba3""
""osoba1""		660.60004	660600	660.60004	660600	1.0	1000	""osoba1""
""osoba3""		662.7	662700	700.5	700500	38.799988	38799	""osoba3""
""osoba3""		663.9	663900	700.5	700500	37.599976	37599	""osoba3""
""osoba3""		664.5	664500	700.5	700500	37.0	37000	""osoba3""
""osoba3""		665.4	665400	700.5	700500	36.099976	36099	""osoba3""
""osoba3""		668.4	668400	700.5	700500	33.099976	33099	""osoba3""
""osoba3""		669.0	669000	700.5	700500	32.5	32500	""osoba3""
""osoba3""		669.60004	669600	700.5	700500	31.899963	31899	""osoba3""
""osoba3""		670.2	670200	700.5	700500	31.299988	31299	""osoba3""
""osoba3""		672.9	672900	700.5	700500	28.599976	28599	""osoba3""
""osoba4""		674.4	674400	674.4	674400	1.0	1000	""osoba4""
""osoba3""		674.7	674700	700.5	700500	26.799988	26799	""osoba3""
""osoba3""		677.7	677700	700.5	700500	23.799988	23799	""osoba3""
""osoba3""		678.9	678900	700.5	700500	22.599976	22599	""osoba3""
""osoba3""		679.5	679500	700.5	700500	22.0	22000	""osoba3""
""osoba3""		684.0	684000	700.5	700500	17.5	17500	""osoba3""
""osoba3""		684.60004	684600	700.5	700500	16.899963	16899	""osoba3""
""osoba3""		686.10004	686100	700.5	700500	15.399963	15399	""osoba3""
""osoba3""		687.60004	687600	700.5	700500	13.899963	13899	""osoba3""
""osoba3""		688.5	688500	700.5	700500	13.0	13000	""osoba3""
""osoba3""		690.60004	690600	700.5	700500	10.899963	10899	""osoba3""
""osoba1""		691.2	691200	691.80005	691800	1.6000366	1600	""osoba1""
""osoba3""		691.5	691500	700.5	700500	10.0	10000	""osoba3""
""osoba1""		691.80005	691800	691.80005	691800	1.0	1000	""osoba1""
""osoba4""		694.5	694500	694.80005	694800	1.3000488	1300	""osoba4""
""osoba3""		696.9	696900	700.5	700500	4.5999756	4599	""osoba3""
""osoba3""		699.30005	699300	700.5	700500	2.1999512	2199	""osoba3""
""osoba3""		699.9	699900	700.5	700500	1.5999756	1599	""osoba3""
""osoba4""		699.9	699900	701.7	701700	2.7999878	2799	""osoba4""
""osoba1""		703.5	703500	708.9	708900	6.4000244	6400	""osoba1""
""osoba1""		704.10004	704100	708.9	708900	5.799988	5799	""osoba1""
""osoba1""		705.60004	705600	708.9	708900	4.299988	4299	""osoba1""
""osoba1""		708.9	708900	708.9	708900	1.0	1000	""osoba1""
""osoba3""		709.2	709200	714.30005	714300	6.1000366	6100	""osoba3""
""osoba3""		711.60004	711600	714.30005	714300	3.7000122	3700	""osoba3""
""osoba4""		712.5	712500	720.0	720000	8.5	8500	""osoba4""
""osoba1""		713.4	713400	717.0	717000	4.5999756	4599	""osoba1""
""osoba1""		715.5	715500	717.0	717000	2.5	2500	""osoba1""
""osoba3""		718.2	718200	718.80005	718800	1.6000366	1600	""osoba3""
""osoba3""		721.80005	721800	726.30005	726300	5.5	5500	""osoba3""
""osoba3""		724.2	724200	726.30005	726300	3.1000366	3100	""osoba3""
""osoba3""		725.7	725700	726.30005	726300	1.6000366	1600	""osoba3""
""osoba4""		726.0	726000	729.30005	729300	4.300049	4300	""osoba4""
""osoba3""		733.2	733200	734.4	734400	2.2000122	2200	""osoba3""
""osoba3""		733.80005	733800	734.4	734400	1.5999756	1599	""osoba3""
""osoba2""		734.10004	734100	736.80005	736800	3.7000122	3700	""osoba2""
""osoba4""		735.60004	735600	736.5	736500	1.8999634	1899	""osoba4""
""osoba3""		736.5	736500	748.5	748500	13.0	13000	""osoba3""
""osoba2""		742.5	742500	742.5	742500	1.0	1000	""osoba2""
""osoba3""		742.5	742500	748.5	748500	7.0	7000	""osoba3""
""osoba1""		746.7	746700	841.2	841200	95.5	95500	""osoba1""
""osoba4""		748.80005	748800	749.4	749400	1.5999756	1599	""osoba4""
""osoba1""		751.2	751200	841.2	841200	91.0	91000	""osoba1""
""osoba1""		756.0	756000	841.2	841200	86.20001	86200	""osoba1""
""osoba1""		757.5	757500	841.2	841200	84.70001	84700	""osoba1""
""osoba3""		759.0	759000	759.30005	759300	1.3000488	1300	""osoba3""
""osoba1""		760.2	760200	841.2	841200	82.0	82000	""osoba1""
""osoba1""		762.30005	762300	841.2	841200	79.89996	79899	""osoba1""
""osoba3""		763.2	763200	765.60004	765600	3.4000244	3400	""osoba3""
""osoba1""		764.10004	764100	841.2	841200	78.099976	78099	""osoba1""
""osoba3""		764.4	764400	765.60004	765600	2.2000122	2200	""osoba3""
""osoba1""		765.9	765900	841.2	841200	76.29999	76299	""osoba1""
""osoba1""		766.5	766500	841.2	841200	75.70001	75700	""osoba1""
""osoba3""		769.2	769200	771.9	771900	3.7000122	3700	""osoba3""
""osoba3""		770.4	770400	771.9	771900	2.5	2500	""osoba3""
""osoba4""		773.7	773700	774.9	774900	2.2000122	2200	""osoba4""
""osoba1""		774.9	774900	841.2	841200	67.29999	67299	""osoba1""
""osoba1""		776.4	776400	841.2	841200	65.79999	65799	""osoba1""
""osoba1""		779.4	779400	841.2	841200	62.799988	62799	""osoba1""
""osoba1""		783.9	783900	841.2	841200	58.299988	58299	""osoba1""
""osoba1""		786.00006	786000	841.2	841200	56.19995	56199	""osoba1""
""osoba1""		787.2	787200	841.2	841200	55.0	55000	""osoba1""
""osoba3""		789.60004	789600	791.4	791400	2.7999878	2799	""osoba3""
""osoba1""		790.80005	790800	841.2	841200	51.399963	51399	""osoba1""
""osoba1""		792.9	792900	841.2	841200	49.299988	49299	""osoba1""
""osoba1""		794.7	794700	841.2	841200	47.5	47500	""osoba1""
""osoba1""		796.50006	796500	841.2	841200	45.69995	45699	""osoba1""
""osoba4""		799.2	799200	799.50006	799500	1.3000488	1300	""osoba4""
""osoba1""		801.9	801900	841.2	841200	40.299988	40299	""osoba1""
""osoba1""		803.10004	803100	841.2	841200	39.099976	39099	""osoba1""
""osoba1""		803.7	803700	841.2	841200	38.5	38500	""osoba1""
""osoba1""		806.4	806400	841.2	841200	35.799988	35799	""osoba1""
""osoba1""		808.80005	808800	841.2	841200	33.399963	33399	""osoba1""
""osoba1""		811.80005	811800	841.2	841200	30.399963	30399	""osoba1""
""osoba1""		813.9	813900	841.2	841200	28.299988	28299	""osoba1""
""osoba1""		815.10004	815100	841.2	841200	27.099976	27099	""osoba1""
""osoba3""		816.30005	816300	816.60004	816600	1.2999878	1299	""osoba3""
""osoba1""		816.60004	816600	841.2	841200	25.599976	25599	""osoba1""
""osoba1""		817.80005	817800	841.2	841200	24.399963	24399	""osoba1""
""osoba1""		818.4	818400	841.2	841200	23.799988	23799	""osoba1""
""osoba3""		818.7	818700	819.9	819900	2.2000122	2200	""osoba3""
""osoba1""		822.00006	822000	841.2	841200	20.199951	20199	""osoba1""
""osoba1""		826.2	826200	841.2	841200	16.0	16000	""osoba1""
""osoba1""		827.10004	827100	841.2	841200	15.099976	15099	""osoba1""
""osoba4""		827.4	827400	827.4	827400	1.0	1000	""osoba4""
""osoba1""		827.7	827700	841.2	841200	14.5	14500	""osoba1""
""osoba1""		828.30005	828300	841.2	841200	13.899963	13899	""osoba1""
""osoba1""		829.2	829200	841.2	841200	13.0	13000	""osoba1""
""osoba1""		830.10004	830100	841.2	841200	12.099976	12099	""osoba1""
""osoba1""		832.2	832200	841.2	841200	10.0	10000	""osoba1""
""osoba1""		833.10004	833100	841.2	841200	9.099976	9099	""osoba1""
""osoba1""		833.7	833700	841.2	841200	8.5	8500	""osoba1""
""osoba1""		834.9	834900	841.2	841200	7.299988	7299	""osoba1""
""osoba1""		837.60004	837600	841.2	841200	4.5999756	4599	""osoba1""
""osoba1""		839.4	839400	841.2	841200	2.7999878	2799	""osoba1""
""osoba3""		840.9	840900	845.7	845700	5.799988	5799	""osoba3""
""osoba3""		843.60004	843600	845.7	845700	3.0999756	3099	""osoba3""
""osoba3""		845.7	845700	845.7	845700	1.0	1000	""osoba3""
""osoba1""		846.00006	846000	879.00006	879000	34.0	34000	""osoba1""
""osoba1""		848.4	848400	879.00006	879000	31.600037	31600	""osoba1""
""osoba1""		849.30005	849300	879.00006	879000	30.700012	30700	""osoba1""
""osoba1""		851.4	851400	879.00006	879000	28.600037	28600	""osoba1""
""osoba1""		852.9	852900	879.00006	879000	27.100037	27100	""osoba1""
""osoba1""		853.50006	853500	879.00006	879000	26.5	26500	""osoba1""
""osoba1""		854.7	854700	879.00006	879000	25.300049	25300	""osoba1""
""osoba1""		857.10004	857100	879.00006	879000	22.900024	22900	""osoba1""
""osoba1""		858.30005	858300	879.00006	879000	21.700012	21700	""osoba1""
""osoba1""		859.50006	859500	879.00006	879000	20.5	20500	""osoba1""
""osoba2""		861.60004	861600	861.60004	861600	1.0	1000	""osoba2""
""osoba1""		861.9	861900	879.00006	879000	18.100037	18100	""osoba1""
""osoba3""		862.2	862200	864.30005	864300	3.1000366	3100	""osoba3""
""osoba4""		865.2	865200	865.2	865200	1.0	1000	""osoba4""
""osoba1""		865.50006	865500	879.00006	879000	14.5	14500	""osoba1""
""osoba1""		867.30005	867300	879.00006	879000	12.700012	12700	""osoba1""
""osoba3""		867.9	867900	868.2	868200	1.2999878	1299	""osoba3""
""osoba1""		871.2	871200	879.00006	879000	8.800049	8800	""osoba1""
""osoba1""		872.4	872400	879.00006	879000	7.6000366	7600	""osoba1""
""osoba1""		873.00006	873000	879.00006	879000	7.0	7000	""osoba1""
""osoba1""		875.7	875700	879.00006	879000	4.300049	4300	""osoba1""
""osoba2""		876.00006	876000	876.30005	876300	1.2999878	1299	""osoba2""
""osoba1""		877.80005	877800	879.00006	879000	2.2000122	2200	""osoba1""
""osoba1""		878.7	878700	879.00006	879000	1.3000488	1300	""osoba1""
""osoba4""		878.7	878700	879.00006	879000	1.3000488	1300	""osoba4""
""osoba2""		879.30005	879300	900.60004	900600	22.299988	22299	""osoba2""
""osoba2""		880.50006	880500	900.60004	900600	21.099976	21099	""osoba2""
""osoba2""		882.30005	882300	900.60004	900600	19.299988	19299	""osoba2""
""osoba2""		886.80005	886800	900.60004	900600	14.799988	14799	""osoba2""
""osoba2""		888.9	888900	900.60004	900600	12.700012	12700	""osoba2""
""osoba3""		892.2	892200	892.50006	892500	1.3000488	1300	""osoba3""
""osoba2""		894.00006	894000	900.60004	900600	7.5999756	7599	""osoba2""
""osoba2""		897.00006	897000	900.60004	900600	4.5999756	4599	""osoba2""
""osoba2""		898.80005	898800	900.60004	900600	2.7999878	2799	""osoba2""
""osoba4""		899.4	899400	902.10004	902100	3.7000122	3700	""osoba4""
""osoba1""		900.30005	900300	940.2	940200	40.899963	40899	""osoba1""
""osoba2""		900.30005	900300	900.60004	900600	1.2999878	1299	""osoba2""
""osoba3""		900.30005	900300	901.80005	901800	2.5	2500	""osoba3""
""osoba1""		904.2	904200	940.2	940200	37.0	37000	""osoba1""
""osoba4""		905.4	905400	905.4	905400	1.0	1000	""osoba4""
""osoba1""		907.50006	907500	940.2	940200	33.69995	33699	""osoba1""
""osoba1""		908.10004	908100	940.2	940200	33.099976	33099	""osoba1""
""osoba1""		913.2	913200	940.2	940200	28.0	28000	""osoba1""
""osoba1""		914.10004	914100	940.2	940200	27.099976	27099	""osoba1""
""osoba1""		914.7	914700	940.2	940200	26.5	26500	""osoba1""
""osoba4""		918.00006	918000	919.50006	919500	2.5	2500	""osoba4""
""osoba1""		920.4	920400	940.2	940200	20.799988	20799	""osoba1""
""osoba1""		921.30005	921300	940.2	940200	19.899963	19899	""osoba1""
""osoba1""		923.10004	923100	940.2	940200	18.099976	18099	""osoba1""
""osoba1""		924.9	924900	940.2	940200	16.299988	16299	""osoba1""
""osoba1""		925.80005	925800	940.2	940200	15.399963	15399	""osoba1""
""osoba1""		930.60004	930600	940.2	940200	10.599976	10599	""osoba1""
""osoba1""		931.50006	931500	940.2	940200	9.699951	9699	""osoba1""
""osoba1""		933.60004	933600	940.2	940200	7.5999756	7599	""osoba1""
""osoba1""		934.2	934200	940.2	940200	7.0	7000	""osoba1""
""osoba1""		936.30005	936300	940.2	940200	4.8999634	4899	""osoba1""
""osoba3""		936.30005	936300	941.10004	941100	5.799988	5799	""osoba3""
""osoba3""		939.9	939900	941.10004	941100	2.2000122	2200	""osoba3""
""osoba2""		940.50006	940500	947.10004	947100	7.5999756	7599	""osoba2""
""osoba2""		944.10004	944100	947.10004	947100	4.0	4000	""osoba2""
""osoba2""		946.80005	946800	947.10004	947100	1.2999878	1299	""osoba2""
""osoba3""		946.80005	946800	957.00006	957000	11.200012	11200	""osoba3""
""osoba3""		949.2	949200	957.00006	957000	8.800049	8800	""osoba3""
""osoba4""		953.10004	953100	955.80005	955800	3.7000122	3700	""osoba4""
""osoba3""		954.60004	954600	957.00006	957000	3.4000244	3400	""osoba3""
""osoba4""		954.9	954900	955.80005	955800	1.9000244	1900	""osoba4""
""osoba4""		955.50006	955500	955.80005	955800	1.2999878	1299	""osoba4""
""osoba2""		956.4	956400	959.4	959400	4.0	4000	""osoba2""
""osoba1""		957.30005	957300	963.60004	963600	7.299988	7299	""osoba1""
""osoba1""		962.7	962700	963.60004	963600	1.9000244	1900	""osoba1""
""osoba3""		962.7	962700	964.80005	964800	3.1000366	3100	""osoba3""
""osoba4""		963.60004	963600	964.2	964200	1.5999756	1599	""osoba4""
""osoba3""		964.80005	964800	964.80005	964800	1.0	1000	""osoba3""
""osoba1""		968.10004	968100	969.9	969900	2.7999878	2799	""osoba1""
""osoba4""		968.7	968700	970.2	970200	2.5	2500	""osoba4""
""osoba3""		970.50006	970500	976.50006	976500	7.0	7000	""osoba3""
""osoba2""		971.7	971700	972.00006	972000	1.3000488	1300	""osoba2""
""osoba3""		973.2	973200	976.50006	976500	4.300049	4300	""osoba3""
""osoba3""		975.00006	975000	976.50006	976500	2.5	2500	""osoba3""
""osoba4""		975.30005	975300	980.7	980700	6.3999634	6399	""osoba4""
""osoba2""		977.10004	977100	978.9	978900	2.7999878	2799	""osoba2""
""osoba4""		978.60004	978600	980.7	980700	3.0999756	3099	""osoba4""
""osoba2""		978.9	978900	978.9	978900	1.0	1000	""osoba2""
""osoba3""		983.4	983400	997.50006	997500	15.100037	15100	""osoba3""
""osoba2""		984.30005	984300	986.10004	986100	2.7999878	2799	""osoba2""
""osoba3""		984.30005	984300	997.50006	997500	14.200012	14200	""osoba3""
""osoba3""		987.00006	987000	997.50006	997500	11.5	11500	""osoba3""
""osoba3""		988.2	988200	997.50006	997500	10.300049	10300	""osoba3""
""osoba3""		989.7	989700	997.50006	997500	8.800049	8800	""osoba3""
""osoba3""		992.4	992400	997.50006	997500	6.1000366	6100	""osoba3""
""osoba4""		996.30005	996300	998.10004	998100	2.7999878	2799	""osoba4""
""osoba1""		999.9	999900	1003.50006	1003500	4.6000366	4600	""osoba1""
""osoba4""		1000.2	1000200	1003.80005	1003800	4.6000366	4600	""osoba4""
""osoba1""		1003.2	1003200	1003.50006	1003500	1.3000488	1300	""osoba1""
""osoba1""		1006.2	1006200	1008.60004	1008600	3.4000244	3400	""osoba1""
""osoba1""		1007.4	1007400	1008.60004	1008600	2.2000122	2200	""osoba1""
""osoba3""		1007.4	1007400	1022.7	1022700	16.299988	16299	""osoba3""
""osoba2""		1010.7	1010700	1011.60004	1011600	1.9000244	1900	""osoba2""
""osoba3""		1014.30005	1014300	1022.7	1022700	9.399963	9399	""osoba3""
""osoba3""		1015.2	1015200	1022.7	1022700	8.5	8500	""osoba3""
""osoba4""		1017.00006	1017000	1018.80005	1018800	2.7999878	2799	""osoba4""
""osoba3""		1017.60004	1017600	1022.7	1022700	6.0999756	6099	""osoba3""
""osoba3""		1021.2	1021200	1022.7	1022700	2.5	2500	""osoba3""
""osoba2""		1022.4	1022400	1049.1001	1049100	27.700073	27700	""osoba2""
""osoba2""		1025.7001	1025700	1049.1001	1049100	24.400024	24400	""osoba2""
""osoba1""		1027.8	1027800	1028.1001	1028100	1.3000488	1300	""osoba1""
""osoba2""		1031.7001	1031700	1049.1001	1049100	18.400024	18400	""osoba2""
""osoba1""		1033.5	1033500	1035.0	1035000	2.5	2500	""osoba1""
""osoba2""		1036.8	1036800	1049.1001	1049100	13.300049	13300	""osoba2""
""osoba2""		1038.3	1038300	1049.1001	1049100	11.800049	11800	""osoba2""
""osoba4""		1038.3	1038300	1038.3	1038300	1.0	1000	""osoba4""
""osoba2""		1040.4	1040400	1049.1001	1049100	9.700073	9700	""osoba2""
""osoba4""		1043.7001	1043700	1043.7001	1043700	1.0	1000	""osoba4""
""osoba2""		1044.3	1044300	1049.1001	1049100	5.800049	5800	""osoba2""
""osoba2""		1045.2001	1045200	1049.1001	1049100	4.9000244	4900	""osoba2""
""osoba2""		1047.3	1047300	1049.1001	1049100	2.8000488	2800	""osoba2""
""osoba1""		1048.5	1048500	1048.5	1048500	1.0	1000	""osoba1""
""osoba2""		1049.1001	1049100	1049.1001	1049100	1.0	1000	""osoba2""
""osoba4""		1049.1001	1049100	1050.9	1050900	2.7999268	2799	""osoba4""
""osoba1""		1052.1001	1052100	1062.3	1062300	11.199951	11199	""osoba1""
""osoba2""		1054.8	1054800	1057.5	1057500	3.6999512	3699	""osoba2""
""osoba1""		1056.0	1056000	1062.3	1062300	7.300049	7300	""osoba1""
""osoba1""		1060.2001	1060200	1062.3	1062300	3.0999756	3099	""osoba1""
""osoba2""		1062.3	1062300	1072.8	1072800	11.5	11500	""osoba2""
""osoba2""		1063.5	1063500	1072.8	1072800	10.300049	10300	""osoba2""
""osoba2""		1065.6001	1065600	1072.8	1072800	8.199951	8199	""osoba2""
""osoba2""		1068.9	1068900	1072.8	1072800	4.9000244	4900	""osoba2""
""osoba2""		1071.0	1071000	1072.8	1072800	2.8000488	2800	""osoba2""
""osoba3""		1072.8	1072800	1079.4	1079400	7.5999756	7599	""osoba3""
""osoba4""		1072.8	1072800	1074.0	1074000	2.1999512	2199	""osoba4""
""osoba1""		1074.6001	1074600	1075.5	1075500	1.8999023	1899	""osoba1""
""osoba3""		1076.7001	1076700	1079.4	1079400	3.6999512	3699	""osoba3""
""osoba3""		1077.9	1077900	1079.4	1079400	2.5	2500	""osoba3""
""osoba1""		1079.4	1079400	1086.6001	1086600	8.200073	8200	""osoba1""
""osoba1""		1080.9	1080900	1086.6001	1086600	6.7000732	6700	""osoba1""
""osoba1""		1082.4	1082400	1086.6001	1086600	5.2000732	5200	""osoba1""
""osoba1""		1083.3	1083300	1086.6001	1086600	4.300049	4300	""osoba1""
""osoba4""		1084.2001	1084200	1089.3	1089300	6.0999756	6099	""osoba4""
""osoba3""		1084.8	1084800	1093.8	1093800	10.0	10000	""osoba3""
""osoba4""		1086.0	1086000	1089.3	1089300	4.300049	4300	""osoba4""
""osoba3""		1092.0	1092000	1093.8	1093800	2.8000488	2800	""osoba3""
""osoba4""		1093.8	1093800	1095.9	1095900	3.0999756	3099	""osoba4""
""osoba1""		1103.7001	1103700	1104.6001	1104600	1.9000244	1900	""osoba1""
""osoba3""		1103.7001	1103700	1105.5	1105500	2.7999268	2799	""osoba3""
""osoba4""		1105.5	1105500	1108.8	1108800	4.300049	4300	""osoba4""
""osoba1""		1110.0	1110000	1124.4	1124400	15.400024	15400	""osoba1""
""osoba1""		1111.5	1111500	1124.4	1124400	13.900024	13900	""osoba1""
""osoba2""		1115.4	1115400	1119.3	1119300	4.9000244	4900	""osoba2""
""osoba4""		1115.4	1115400	1116.3	1116300	1.9000244	1900	""osoba4""
""osoba3""		1116.9	1116900	1117.2001	1117200	1.3000488	1300	""osoba3""
""osoba1""		1120.8	1120800	1124.4	1124400	4.5999756	4599	""osoba1""
""osoba1""		1121.4	1121400	1124.4	1124400	4.0	4000	""osoba1""
""osoba3""		1121.7001	1121700	1121.7001	1121700	1.0	1000	""osoba3""
""osoba3""		1123.8	1123800	1126.2001	1126200	3.4000244	3400	""osoba3""
""osoba4""		1124.1001	1124100	1124.1001	1124100	1.0	1000	""osoba4""
""osoba4""		1126.2001	1126200	1126.8	1126800	1.5999756	1599	""osoba4""
""osoba2""		1127.4	1127400	1130.4	1130400	4.0	4000	""osoba2""
""osoba4""		1130.4	1130400	1131.9	1131900	2.5	2500	""osoba4""
""osoba2""		1135.5	1135500	1140.3	1140300	5.800049	5800	""osoba2""
""osoba2""		1138.8	1138800	1140.3	1140300	2.5	2500	""osoba2""
""osoba2""		1140.0	1140000	1140.3	1140300	1.3000488	1300	""osoba2""
""osoba1""		1140.6001	1140600	1144.2001	1144200	4.5999756	4599	""osoba1""
""osoba1""		1143.9	1143900	1144.2001	1144200	1.3000488	1300	""osoba1""
""osoba3""		1144.2001	1144200	1165.5	1165500	22.299927	22299	""osoba3""
""osoba2""		1144.8	1144800	1147.8	1147800	4.0	4000	""osoba2""
""osoba4""		1144.8	1144800	1144.8	1144800	1.0	1000	""osoba4""
""osoba3""		1146.3	1146300	1165.5	1165500	20.199951	20199	""osoba3""
""osoba2""		1146.9	1146900	1147.8	1147800	1.9000244	1900	""osoba2""
""osoba3""		1149.0	1149000	1165.5	1165500	17.5	17500	""osoba3""
""osoba3""		1149.6001	1149600	1165.5	1165500	16.899902	16899	""osoba3""
""osoba3""		1150.5	1150500	1165.5	1165500	16.0	16000	""osoba3""
""osoba3""		1152.0	1152000	1165.5	1165500	14.5	14500	""osoba3""
""osoba3""		1153.5	1153500	1165.5	1165500	13.0	13000	""osoba3""
""osoba3""		1154.7001	1154700	1165.5	1165500	11.799927	11799	""osoba3""
""osoba3""		1155.6001	1155600	1165.5	1165500	10.899902	10899	""osoba3""
""osoba3""		1156.5	1156500	1165.5	1165500	10.0	10000	""osoba3""
""osoba1""		1157.1001	1157100	1157.4	1157400	1.2999268	1299	""osoba1""
""osoba3""		1158.3	1158300	1165.5	1165500	8.199951	8199	""osoba3""
""osoba3""		1159.5	1159500	1165.5	1165500	7.0	7000	""osoba3""
""osoba3""		1160.1001	1160100	1165.5	1165500	6.3999023	6399	""osoba3""
""osoba3""		1160.7001	1160700	1165.5	1165500	5.7999268	5799	""osoba3""
""osoba4""		1161.9	1161900	1169.7001	1169700	8.800049	8800	""osoba4""
""osoba3""		1164.9	1164900	1165.5	1165500	1.5999756	1599	""osoba3""
""osoba4""		1165.2001	1165200	1169.7001	1169700	5.5	5500	""osoba4""
""osoba3""		1169.4	1169400	1175.7001	1175700	7.300049	7300	""osoba3""
""osoba3""		1170.9	1170900	1175.7001	1175700	5.800049	5800	""osoba3""
""osoba3""		1171.5	1171500	1175.7001	1175700	5.2000732	5200	""osoba3""
""osoba3""		1172.7001	1172700	1175.7001	1175700	4.0	4000	""osoba3""
""osoba3""		1173.6001	1173600	1175.7001	1175700	3.0999756	3099	""osoba3""
""osoba3""		1174.8	1174800	1175.7001	1175700	1.9000244	1900	""osoba3""
""osoba2""		1175.4	1175400	1209.3	1209300	34.900024	34900	""osoba2""
""osoba2""		1178.1001	1178100	1209.3	1209300	32.19995	32199	""osoba2""
""osoba2""		1183.8	1183800	1209.3	1209300	26.5	26500	""osoba2""
""osoba1""		1185.3	1185300	1185.6001	1185600	1.3000488	1300	""osoba1""
""osoba2""		1185.3	1185300	1209.3	1209300	25.0	25000	""osoba2""
""osoba2""		1187.1001	1187100	1209.3	1209300	23.199951	23199	""osoba2""
""osoba3""		1187.1001	1187100	1187.1001	1187100	1.0	1000	""osoba3""
""osoba2""		1187.7001	1187700	1209.3	1209300	22.599976	22599	""osoba2""
""osoba2""		1190.4	1190400	1209.3	1209300	19.900024	19900	""osoba2""
""osoba2""		1192.8	1192800	1209.3	1209300	17.5	17500	""osoba2""
""osoba2""		1193.4	1193400	1209.3	1209300	16.900024	16900	""osoba2""
""osoba3""		1195.5	1195500	1195.5	1195500	1.0	1000	""osoba3""
""osoba2""		1195.8	1195800	1209.3	1209300	14.5	14500	""osoba2""
""osoba4""		1197.9	1197900	1198.5	1198500	1.5999756	1599	""osoba4""
""osoba2""		1199.7001	1199700	1209.3	1209300	10.599976	10599	""osoba2""
""osoba2""		1200.9	1200900	1209.3	1209300	9.400024	9400	""osoba2""
""osoba2""		1202.1001	1202100	1209.3	1209300	8.199951	8199	""osoba2""
""osoba2""		1204.2001	1204200	1209.3	1209300	6.0999756	6099	""osoba2""
""osoba2""		1205.4	1205400	1209.3	1209300	4.9000244	4900	""osoba2""
""osoba2""		1207.2001	1207200	1209.3	1209300	3.0999756	3099	""osoba2""
""osoba3""		1207.8	1207800	1219.5	1219500	12.699951	12699	""osoba3""
""osoba3""		1209.9	1209900	1219.5	1219500	10.599976	10599	""osoba3""
""osoba3""		1213.2001	1213200	1219.5	1219500	7.2999268	7299	""osoba3""
""osoba3""		1214.4	1214400	1219.5	1219500	6.0999756	6099	""osoba3""
""osoba1""		1214.7001	1214700	1216.2001	1216200	2.5	2500	""osoba1""
""osoba3""		1217.4	1217400	1219.5	1219500	3.0999756	3099	""osoba3""
""osoba3""		1218.6001	1218600	1219.5	1219500	1.8999023	1899	""osoba3""
""osoba3""		1219.2001	1219200	1219.5	1219500	1.2999268	1299	""osoba3""
""osoba1""		1219.5	1219500	1231.2001	1231200	12.700073	12700	""osoba1""
""osoba1""		1221.9	1221900	1231.2001	1231200	10.300049	10300	""osoba1""
""osoba1""		1222.8	1222800	1231.2001	1231200	9.400024	9400	""osoba1""
""osoba2""		1229.4	1229400	1229.7001	1229700	1.3000488	1300	""osoba2""
""osoba3""		1231.2001	1231200	1241.4	1241400	11.199951	11199	""osoba3""
""osoba3""		1233.3	1233300	1241.4	1241400	9.099976	9099	""osoba3""
""osoba3""		1235.4	1235400	1241.4	1241400	7.0	7000	""osoba3""
""osoba4""		1240.2001	1240200	1243.2001	1243200	4.0	4000	""osoba4""
""osoba3""		1240.5	1240500	1241.4	1241400	1.9000244	1900	""osoba3""
""osoba1""		1249.8	1249800	1261.8	1261800	13.0	13000	""osoba1""
""osoba1""		1251.9	1251900	1261.8	1261800	10.900024	10900	""osoba1""
""osoba1""		1252.8	1252800	1261.8	1261800	10.0	10000	""osoba1""
""osoba1""		1254.3	1254300	1261.8	1261800	8.5	8500	""osoba1""
""osoba1""		1254.9	1254900	1261.8	1261800	7.9000244	7900	""osoba1""
""osoba1""		1255.8	1255800	1261.8	1261800	7.0	7000	""osoba1""
""osoba1""		1259.7001	1259700	1261.8	1261800	3.0999756	3099	""osoba1""
""osoba4""		1261.2001	1261200	1261.2001	1261200	1.0	1000	""osoba4""
""osoba1""		1261.5	1261500	1261.8	1261800	1.3000488	1300	""osoba1""
""osoba2""		1261.5	1261500	1268.7001	1268700	8.200073	8200	""osoba2""
""osoba2""		1263.3	1263300	1268.7001	1268700	6.4000244	6400	""osoba2""
""osoba2""		1264.2001	1264200	1268.7001	1268700	5.5	5500	""osoba2""
""osoba2""		1265.4	1265400	1268.7001	1268700	4.300049	4300	""osoba2""
""osoba2""		1266.9	1266900	1268.7001	1268700	2.8000488	2800	""osoba2""
""osoba2""		1267.5	1267500	1268.7001	1268700	2.2000732	2200	""osoba2""
""osoba2""		1268.1001	1268100	1268.7001	1268700	1.5999756	1599	""osoba2""
""osoba3""		1268.4	1268400	1277.7001	1277700	10.300049	10300	""osoba3""
""osoba3""		1269.9	1269900	1277.7001	1277700	8.800049	8800	""osoba3""
""osoba3""		1270.5	1270500	1277.7001	1277700	8.200073	8200	""osoba3""
""osoba3""		1273.8	1273800	1277.7001	1277700	4.9000244	4900	""osoba3""
""osoba3""		1275.9	1275900	1277.7001	1277700	2.8000488	2800	""osoba3""
""osoba3""		1277.7001	1277700	1277.7001	1277700	1.0	1000	""osoba3""
""osoba2""		1278.3	1278300	1279.5	1279500	2.1999512	2199	""osoba2""
""osoba4""		1279.8	1279800	1281.0	1281000	2.1999512	2199	""osoba4""
""osoba1""		1283.1001	1283100	1283.1001	1283100	1.0	1000	""osoba1""
""osoba3""		1284.0	1284000	1305.9	1305900	22.900024	22900	""osoba3""
""osoba2""		1284.9	1284900	1284.9	1284900	1.0	1000	""osoba2""
""osoba3""		1285.5	1285500	1305.9	1305900	21.400024	21400	""osoba3""
""osoba3""		1286.7001	1286700	1305.9	1305900	20.199951	20199	""osoba3""
""osoba3""		1288.8	1288800	1305.9	1305900	18.099976	18099	""osoba3""
""osoba3""		1289.4	1289400	1305.9	1305900	17.5	17500	""osoba3""
""osoba2""		1290.3	1290300	1290.3	1290300	1.0	1000	""osoba2""
""osoba3""		1292.1001	1292100	1305.9	1305900	14.799927	14799	""osoba3""
""osoba3""		1293.0	1293000	1305.9	1305900	13.900024	13900	""osoba3""
""osoba3""		1296.6001	1296600	1305.9	1305900	10.299927	10299	""osoba3""
""osoba3""		1297.8	1297800	1305.9	1305900	9.099976	9099	""osoba3""
""osoba3""		1298.4	1298400	1305.9	1305900	8.5	8500	""osoba3""
""osoba3""		1299.6001	1299600	1305.9	1305900	7.2999268	7299	""osoba3""
""osoba3""		1302.3	1302300	1305.9	1305900	4.5999756	4599	""osoba3""
""osoba3""		1304.1001	1304100	1305.9	1305900	2.7999268	2799	""osoba3""
""osoba2""		1306.2001	1306200	1329.0	1329000	23.799927	23799	""osoba2""
""osoba3""		1308.0	1308000	1310.1001	1310100	3.1000977	3100	""osoba3""
""osoba1""		1308.9	1308900	1308.9	1308900	1.0	1000	""osoba1""
""osoba2""		1311.6001	1311600	1329.0	1329000	18.399902	18399	""osoba2""
""osoba3""		1312.8	1312800	1313.4	1313400	1.5999756	1599	""osoba3""
""osoba2""		1313.1001	1313100	1329.0	1329000	16.899902	16899	""osoba2""
""osoba2""		1314.9	1314900	1329.0	1329000	15.099976	15099	""osoba2""
""osoba2""		1316.7001	1316700	1329.0	1329000	13.299927	13299	""osoba2""
""osoba2""		1317.6001	1317600	1329.0	1329000	12.399902	12399	""osoba2""
""osoba2""		1318.8	1318800	1329.0	1329000	11.199951	11199	""osoba2""
""osoba3""		1321.2001	1321200	1321.2001	1321200	1.0	1000	""osoba3""
""osoba2""		1326.0	1326000	1329.0	1329000	4.0	4000	""osoba2""
""osoba2""		1327.5	1327500	1329.0	1329000	2.5	2500	""osoba2""
""osoba1""		1328.1001	1328100	1330.2001	1330200	3.0999756	3099	""osoba1""
""osoba2""		1328.1001	1328100	1329.0	1329000	1.8999023	1899	""osoba2""
""osoba3""		1328.4	1328400	1328.4	1328400	1.0	1000	""osoba3""
""osoba1""		1329.9	1329900	1330.2001	1330200	1.3000488	1300	""osoba1""
""osoba4""		1330.5	1330500	1332.0	1332000	2.5	2500	""osoba4""
""osoba2""		1334.1001	1334100	1335.9	1335900	2.7999268	2799	""osoba2""
""osoba3""		1335.0	1335000	1337.7001	1337700	3.7000732	3700	""osoba3""
""osoba3""		1337.7001	1337700	1337.7001	1337700	1.0	1000	""osoba3""
""osoba2""		1338.0	1338000	1343.1001	1343100	6.1000977	6100	""osoba2""
""osoba2""		1338.9	1338900	1343.1001	1343100	5.2000732	5200	""osoba2""
""osoba2""		1340.1001	1340100	1343.1001	1343100	4.0	4000	""osoba2""
""osoba3""		1342.5	1342500	1377.9	1377900	36.400024	36400	""osoba3""
""osoba1""		1343.4	1343400	1343.7001	1343700	1.3000488	1300	""osoba1""
""osoba4""		1344.6001	1344600	1344.9	1344900	1.2999268	1299	""osoba4""
""osoba3""		1346.4	1346400	1377.9	1377900	32.5	32500	""osoba3""
""osoba3""		1347.6001	1347600	1377.9	1377900	31.299927	31299	""osoba3""
""osoba3""		1348.2001	1348200	1377.9	1377900	30.699951	30699	""osoba3""
""osoba1""		1348.5	1348500	1352.1001	1352100	4.6000977	4600	""osoba1""
""osoba3""		1352.7001	1352700	1377.9	1377900	26.199951	26199	""osoba3""
""osoba3""		1353.3	1353300	1377.9	1377900	25.599976	25599	""osoba3""
""osoba1""		1356.3	1356300	1358.4	1358400	3.0999756	3099	""osoba1""
""osoba1""		1357.2001	1357200	1358.4	1358400	2.1999512	2199	""osoba1""
""osoba3""		1357.5	1357500	1377.9	1377900	21.400024	21400	""osoba3""
""osoba3""		1361.1001	1361100	1377.9	1377900	17.799927	17799	""osoba3""
""osoba3""		1362.0	1362000	1377.9	1377900	16.900024	16900	""osoba3""
""osoba3""		1362.6001	1362600	1377.9	1377900	16.299927	16299	""osoba3""
""osoba3""		1363.8	1363800	1377.9	1377900	15.099976	15099	""osoba3""
""osoba3""		1364.4	1364400	1377.9	1377900	14.5	14500	""osoba3""
""osoba3""		1365.0	1365000	1377.9	1377900	13.900024	13900	""osoba3""
""osoba4""		1365.0	1365000	1365.6001	1365600	1.6000977	1600	""osoba4""
""osoba3""		1368.0	1368000	1377.9	1377900	10.900024	10900	""osoba3""
""osoba3""		1371.0	1371000	1377.9	1377900	7.9000244	7900	""osoba3""
""osoba3""		1372.8	1372800	1377.9	1377900	6.0999756	6099	""osoba3""
""osoba4""		1374.6001	1374600	1374.9	1374900	1.2999268	1299	""osoba4""
""osoba3""		1374.9	1374900	1377.9	1377900	4.0	4000	""osoba3""
""osoba2""		1376.7001	1376700	1379.7001	1379700	4.0	4000	""osoba2""
""osoba2""		1378.2001	1378200	1379.7001	1379700	2.5	2500	""osoba2""
""osoba1""		1379.7001	1379700	1384.8	1384800	6.0999756	6099	""osoba1""
""osoba2""		1379.7001	1379700	1379.7001	1379700	1.0	1000	""osoba2""
""osoba1""		1381.5	1381500	1384.8	1384800	4.300049	4300	""osoba1""
""osoba3""		1381.5	1381500	1382.4	1382400	1.9000244	1900	""osoba3""
""osoba1""		1383.9	1383900	1384.8	1384800	1.9000244	1900	""osoba1""
""osoba2""		1385.1001	1385100	1406.4	1406400	22.299927	22299	""osoba2""
""osoba2""		1386.0	1386000	1406.4	1406400	21.400024	21400	""osoba2""
""osoba4""		1387.5	1387500	1387.5	1387500	1.0	1000	""osoba4""
""osoba3""		1388.1001	1388100	1388.1001	1388100	1.0	1000	""osoba3""
""osoba2""		1388.7001	1388700	1406.4	1406400	18.699951	18699	""osoba2""
""osoba2""		1391.7001	1391700	1406.4	1406400	15.699951	15699	""osoba2""
""osoba1""		1396.5	1396500	1397.4	1397400	1.9000244	1900	""osoba1""
""osoba2""		1396.8	1396800	1406.4	1406400	10.599976	10599	""osoba2""
""osoba2""		1398.9	1398900	1406.4	1406400	8.5	8500	""osoba2""
""osoba1""		1400.4	1400400	1401.0	1401000	1.5999756	1599	""osoba1""
""osoba3""		1401.6001	1401600	1401.6001	1401600	1.0	1000	""osoba3""
""osoba2""		1402.8	1402800	1406.4	1406400	4.5999756	4599	""osoba2""
""osoba4""		1403.7001	1403700	1408.2001	1408200	5.5	5500	""osoba4""
""osoba1""		1410.6001	1410600	1413.6001	1413600	4.0	4000	""osoba1""
""osoba1""		1411.5	1411500	1413.6001	1413600	3.1000977	3100	""osoba1""
""osoba1""		1412.1001	1412100	1413.6001	1413600	2.5	2500	""osoba1""
""osoba1""		1413.3	1413300	1413.6001	1413600	1.3000488	1300	""osoba1""
""osoba2""		1413.6001	1413600	1438.8	1438800	26.199951	26199	""osoba2""
""osoba4""		1413.9	1413900	1414.5	1414500	1.5999756	1599	""osoba4""
""osoba2""		1416.0	1416000	1438.8	1438800	23.800049	23800	""osoba2""
""osoba2""		1417.5	1417500	1438.8	1438800	22.300049	22300	""osoba2""
""osoba2""		1422.3	1422300	1438.8	1438800	17.5	17500	""osoba2""
""osoba2""		1426.5	1426500	1438.8	1438800	13.300049	13300	""osoba2""
""osoba2""		1429.8	1429800	1438.8	1438800	10.0	10000	""osoba2""
""osoba2""		1431.0	1431000	1438.8	1438800	8.800049	8800	""osoba2""
""osoba2""		1432.8	1432800	1438.8	1438800	7.0	7000	""osoba2""
""osoba2""		1434.3	1434300	1438.8	1438800	5.5	5500	""osoba2""
""osoba2""		1437.3	1437300	1438.8	1438800	2.5	2500	""osoba2""
""osoba3""		1438.2001	1438200	1452.9	1452900	15.699951	15699	""osoba3""
""osoba3""		1440.0	1440000	1452.9	1452900	13.900024	13900	""osoba3""
""osoba3""		1441.2001	1441200	1452.9	1452900	12.699951	12699	""osoba3""
""osoba3""		1442.4	1442400	1452.9	1452900	11.5	11500	""osoba3""
""osoba3""		1443.6001	1443600	1452.9	1452900	10.299927	10299	""osoba3""
""osoba1""		1447.5	1447500	1447.5	1447500	1.0	1000	""osoba1""
""osoba3""		1448.4	1448400	1452.9	1452900	5.5	5500	""osoba3""
""osoba1""		1451.1001	1451100	1452.9	1452900	2.7999268	2799	""osoba1""
""osoba3""		1451.1001	1451100	1452.9	1452900	2.7999268	2799	""osoba3""
""osoba2""		1451.7001	1451700	1459.2001	1459200	8.5	8500	""osoba2""
""osoba1""		1452.0	1452000	1452.9	1452900	1.9000244	1900	""osoba1""
""osoba1""		1452.6001	1452600	1452.9	1452900	1.2999268	1299	""osoba1""
""osoba2""		1453.5	1453500	1459.2001	1459200	6.7000732	6700	""osoba2""
""osoba1""		1456.2001	1456200	1456.2001	1456200	1.0	1000	""osoba1""
""osoba4""		1458.6001	1458600	1459.5	1459500	1.8999023	1899	""osoba4""
""osoba2""		1464.0	1464000	1470.6001	1470600	7.6000977	7600	""osoba2""
""osoba2""		1464.9	1464900	1470.6001	1470600	6.7000732	6700	""osoba2""
""osoba2""		1465.8	1465800	1470.6001	1470600	5.800049	5800	""osoba2""
""osoba2""		1466.7001	1466700	1470.6001	1470600	4.9000244	4900	""osoba2""
""osoba1""		1467.0	1467000	1477.5	1477500	11.5	11500	""osoba1""
""osoba1""		1468.2001	1468200	1477.5	1477500	10.299927	10299	""osoba1""
""osoba1""		1470.0	1470000	1477.5	1477500	8.5	8500	""osoba1""
""osoba1""		1473.6001	1473600	1477.5	1477500	4.8999023	4899	""osoba1""
""osoba2""		1474.5	1474500	1490.1001	1490100	16.600098	16600	""osoba2""
""osoba2""		1480.2001	1480200	1490.1001	1490100	10.900024	10900	""osoba2""
""osoba2""		1483.2001	1483200	1490.1001	1490100	7.9000244	7900	""osoba2""
""osoba1""		1483.8	1483800	1483.8	1483800	1.0	1000	""osoba1""
""osoba2""		1485.6001	1485600	1490.1001	1490100	5.5	5500	""osoba2""
""osoba2""		1489.2001	1489200	1490.1001	1490100	1.9000244	1900	""osoba2""
""osoba3""		1490.4	1490400	1493.1001	1493100	3.7000732	3700	""osoba3""
""osoba2""		1492.2001	1492200	1493.7001	1493700	2.5	2500	""osoba2""
""osoba3""		1492.5	1492500	1493.1001	1493100	1.6000977	1600	""osoba3""
""osoba2""		1492.8	1492800	1493.7001	1493700	1.9000244	1900	""osoba2""
""osoba4""		1493.4	1493400	1497.9	1497900	5.5	5500	""osoba4""
""osoba1""		1501.5	1501500	1513.2001	1513200	12.700073	12700	""osoba1""
""osoba1""		1502.1001	1502100	1513.2001	1513200	12.099976	12099	""osoba1""
""osoba1""		1503.3	1503300	1513.2001	1513200	10.900024	10900	""osoba1""
""osoba1""		1503.9	1503900	1513.2001	1513200	10.300049	10300	""osoba1""
""osoba1""		1506.3	1506300	1513.2001	1513200	7.9000244	7900	""osoba1""
""osoba2""		1507.5	1507500	1507.8	1507800	1.3000488	1300	""osoba2""
""osoba2""		1510.2001	1510200	1510.2001	1510200	1.0	1000	""osoba2""
""osoba1""		1511.4	1511400	1513.2001	1513200	2.8000488	2800	""osoba1""
""osoba3""		1512.6001	1512600	1556.1001	1556100	44.5	44500	""osoba3""
""osoba1""		1512.9	1512900	1513.2001	1513200	1.3000488	1300	""osoba1""
""osoba3""		1517.1001	1517100	1556.1001	1556100	40.0	40000	""osoba3""
""osoba3""		1517.7001	1517700	1556.1001	1556100	39.400024	39400	""osoba3""
""osoba2""		1518.3	1518300	1518.3	1518300	1.0	1000	""osoba2""
""osoba3""		1518.6001	1518600	1556.1001	1556100	38.5	38500	""osoba3""
""osoba3""		1519.2001	1519200	1556.1001	1556100	37.900024	37900	""osoba3""
""osoba3""		1520.7001	1520700	1556.1001	1556100	36.400024	36400	""osoba3""
""osoba2""		1522.2001	1522200	1522.2001	1522200	1.0	1000	""osoba2""
""osoba3""		1524.9	1524900	1556.1001	1556100	32.200073	32200	""osoba3""
""osoba3""		1530.9	1530900	1556.1001	1556100	26.200073	26200	""osoba3""
""osoba3""		1533.3	1533300	1556.1001	1556100	23.800049	23800	""osoba3""
""osoba3""		1534.2001	1534200	1556.1001	1556100	22.900024	22900	""osoba3""
""osoba3""		1535.1001	1535100	1556.1001	1556100	22.0	22000	""osoba3""
""osoba3""		1535.7001	1535700	1556.1001	1556100	21.400024	21400	""osoba3""
""osoba3""		1539.6001	1539600	1556.1001	1556100	17.5	17500	""osoba3""
""osoba3""		1541.1001	1541100	1556.1001	1556100	16.0	16000	""osoba3""
""osoba3""		1542.0001	1542000	1556.1001	1556100	15.099976	15099	""osoba3""
""osoba3""		1543.2001	1543200	1556.1001	1556100	13.900024	13900	""osoba3""
""osoba3""		1543.8	1543800	1556.1001	1556100	13.300049	13300	""osoba3""
""osoba3""		1545.0001	1545000	1556.1001	1556100	12.099976	12099	""osoba3""
""osoba3""		1548.3	1548300	1556.1001	1556100	8.800049	8800	""osoba3""
""osoba3""		1548.9	1548900	1556.1001	1556100	8.200073	8200	""osoba3""
""osoba1""		1550.1001	1550100	1550.1001	1550100	1.0	1000	""osoba1""
""osoba3""		1550.7001	1550700	1556.1001	1556100	6.4000244	6400	""osoba3""
""osoba3""		1553.1001	1553100	1556.1001	1556100	4.0	4000	""osoba3""
""osoba3""		1554.0001	1554000	1556.1001	1556100	3.0999756	3099	""osoba3""
""osoba3""		1554.9	1554900	1556.1001	1556100	2.2000732	2200	""osoba3""
""osoba1""		1556.1001	1556100	1562.7001	1562700	7.5999756	7599	""osoba1""
""osoba1""		1557.0001	1557000	1562.7001	1562700	6.699951	6699	""osoba1""
""osoba1""		1557.6001	1557600	1562.7001	1562700	6.0999756	6099	""osoba1""
""osoba1""		1558.5001	1558500	1562.7001	1562700	5.199951	5199	""osoba1""
""osoba3""		1562.4	1562400	1575.0001	1575000	13.600098	13600	""osoba3""
""osoba3""		1564.2001	1564200	1575.0001	1575000	11.800049	11800	""osoba3""
""osoba3""		1567.5001	1567500	1575.0001	1575000	8.5	8500	""osoba3""
""osoba3""		1568.1001	1568100	1575.0001	1575000	7.9000244	7900	""osoba3""
""osoba3""		1569.0001	1569000	1575.0001	1575000	7.0	7000	""osoba3""
""osoba3""		1572.3	1572300	1575.0001	1575000	3.7000732	3700	""osoba3""
""osoba3""		1574.7001	1574700	1575.0001	1575000	1.3000488	1300	""osoba3""
""osoba4""		1575.3	1575300	1577.7001	1577700	3.4000244	3400	""osoba4""
""osoba3""		1580.4	1580400	1587.3	1587300	7.9000244	7900	""osoba3""
""osoba3""		1581.6001	1581600	1587.3	1587300	6.699951	6699	""osoba3""
""osoba3""		1583.4	1583400	1587.3	1587300	4.9000244	4900	""osoba3""
""osoba3""		1584.3	1584300	1587.3	1587300	4.0	4000	""osoba3""
""osoba4""		1584.3	1584300	1584.6001	1584600	1.3000488	1300	""osoba4""
""osoba3""		1586.1001	1586100	1587.3	1587300	2.1999512	2199	""osoba3""
""osoba2""		1586.7001	1586700	1592.1001	1592100	6.4000244	6400	""osoba2""
""osoba2""		1588.5001	1588500	1592.1001	1592100	4.5999756	4599	""osoba2""
""osoba4""		1588.8	1588800	1588.8	1588800	1.0	1000	""osoba4""
""osoba3""		1590.9	1590900	1599.3	1599300	9.400024	9400	""osoba3""
""osoba2""		1598.1001	1598100	1615.8	1615800	18.699951	18699	""osoba2""
""osoba1""		1598.4	1598400	1600.2001	1600200	2.8000488	2800	""osoba1""
""osoba2""		1601.4	1601400	1615.8	1615800	15.400024	15400	""osoba2""
""osoba2""		1602.6001	1602600	1615.8	1615800	14.199951	14199	""osoba2""
""osoba3""		1603.5001	1603500	1605.3	1605300	2.7999268	2799	""osoba3""
""osoba2""		1606.5001	1606500	1615.8	1615800	10.299927	10299	""osoba2""
""osoba2""		1608.6001	1608600	1615.8	1615800	8.199951	8199	""osoba2""
""osoba3""		1609.2001	1609200	1609.5001	1609500	1.3000488	1300	""osoba3""
""osoba1""		1611.0001	1611000	1620.3	1620300	10.299927	10299	""osoba1""
""osoba4""		1616.1001	1616100	1616.1001	1616100	1.0	1000	""osoba4""
""osoba1""		1617.0001	1617000	1620.3	1620300	4.2999268	4299	""osoba1""
""osoba1""		1619.4	1619400	1620.3	1620300	1.9000244	1900	""osoba1""
""osoba3""		1620.0001	1620000	1620.3	1620300	1.2999268	1299	""osoba3""
