"default"		0.0	0	1.0	1000	1.0	1000	BEGIN
"default"		1620.3	1620300	1620.31	1621300	1.0	1000	END
""osoba2""		7.2000003	7200	11.1	11100	4.9	4900	""osoba2""
""osoba2""		8.1	8100	11.1	11100	4.0	4000	""osoba2""
""osoba1""		9.0	9000	27.900002	27900	19.900002	19900	""osoba1""
""osoba1""		10.8	10800	27.900002	27900	18.100002	18100	""osoba1""
""osoba4""		11.700001	11700	11.700001	11700	1.0	1000	""osoba4""
""osoba3""		12.3	12300	12.900001	12900	1.6000004	1600	""osoba3""
""osoba1""		14.1	14100	27.900002	27900	14.800001	14800	""osoba1""
""osoba2""		15.000001	15000	15.000001	15000	1.0	1000	""osoba2""
""osoba1""		15.6	15600	27.900002	27900	13.300001	13300	""osoba1""
""osoba1""		17.400002	17400	27.900002	27900	11.5	11500	""osoba1""
""osoba1""		18.900002	18900	27.900002	27900	10.0	10000	""osoba1""
""osoba1""		20.1	20100	27.900002	27900	8.800001	8800	""osoba1""
""osoba1""		21.300001	21300	27.900002	27900	7.6000004	7600	""osoba1""
""osoba3""		22.800001	22800	30.000002	30000	8.200001	8200	""osoba3""
""osoba4""		36.9	36900	39.9	39900	4.0	4000	""osoba4""
""osoba1""		38.100002	38100	38.4	38400	1.2999992	1299	""osoba1""
""osoba3""		39.300003	39300	42.0	42000	3.699997	3699	""osoba3""
""osoba2""		45.9	45900	50.7	50700	5.799999	5799	""osoba2""
""osoba2""		47.4	47400	50.7	50700	4.299999	4299	""osoba2""
""osoba2""		48.300003	48300	50.7	50700	3.3999977	3399	""osoba2""
""osoba3""		48.300003	48300	51.600002	51600	4.299999	4299	""osoba3""
""osoba2""		50.100002	50100	50.7	50700	1.5999985	1599	""osoba2""
""osoba1""		52.500004	52500	66.3	66300	14.799999	14799	""osoba1""
""osoba1""		53.4	53400	66.3	66300	13.900002	13900	""osoba1""
""osoba1""		54.600002	54600	66.3	66300	12.700001	12700	""osoba1""
""osoba1""		56.7	56700	66.3	66300	10.600002	10600	""osoba1""
""osoba1""		57.300003	57300	66.3	66300	10.0	10000	""osoba1""
""osoba4""		57.300003	57300	57.600002	57600	1.2999992	1299	""osoba4""
""osoba1""		58.2	58200	66.3	66300	9.100002	9100	""osoba1""
""osoba1""		60.600002	60600	66.3	66300	6.700001	6700	""osoba1""
""osoba1""		64.200005	64200	66.3	66300	3.0999985	3099	""osoba1""
""osoba2""		65.700005	65700	69.0	69000	4.2999954	4299	""osoba2""
""osoba1""		69.3	69300	70.5	70500	2.199997	2199	""osoba1""
""osoba3""		69.600006	69600	71.100006	71100	2.5	2500	""osoba3""
""osoba1""		75.9	75900	77.100006	77100	2.2000046	2200	""osoba1""
""osoba3""		76.8	76800	77.100006	77100	1.300003	1300	""osoba3""
""osoba4""		77.4	77400	81.9	81900	5.5	5500	""osoba4""
""osoba4""		79.200005	79200	81.9	81900	3.699997	3699	""osoba4""
""osoba4""		81.0	81000	81.9	81900	1.9000015	1900	""osoba4""
""osoba1""		81.9	81900	88.5	88500	7.5999985	7599	""osoba1""
""osoba1""		83.700005	83700	88.5	88500	5.7999954	5799	""osoba1""
""osoba1""		84.600006	84600	88.5	88500	4.899994	4899	""osoba1""
""osoba1""		85.200005	85200	88.5	88500	4.2999954	4299	""osoba1""
""osoba1""		87.0	87000	88.5	88500	2.5	2500	""osoba1""
""osoba1""		87.9	87900	88.5	88500	1.5999985	1599	""osoba1""
""osoba4""		88.200005	88200	90.600006	90600	3.4000015	3400	""osoba4""
""osoba4""		90.0	90000	90.600006	90600	1.6000061	1600	""osoba4""
""osoba2""		90.600006	90600	98.700005	98700	9.099998	9099	""osoba2""
""osoba3""		90.600006	90600	90.600006	90600	1.0	1000	""osoba3""
""osoba2""		95.4	95400	98.700005	98700	4.300003	4300	""osoba2""
""osoba2""		96.600006	96600	98.700005	98700	3.0999985	3099	""osoba2""
""osoba3""		96.9	96900	101.4	101400	5.5	5500	""osoba3""
""osoba2""		98.700005	98700	98.700005	98700	1.0	1000	""osoba2""
""osoba4""		104.700005	104700	111.3	111300	7.5999985	7599	""osoba4""
""osoba4""		105.9	105900	111.3	111300	6.4000015	6400	""osoba4""
""osoba4""		107.4	107400	111.3	111300	4.9000015	4900	""osoba4""
""osoba3""		110.100006	110100	114.3	114300	5.199997	5199	""osoba3""
""osoba2""		111.00001	111000	111.600006	111600	1.5999985	1599	""osoba2""
""osoba1""		111.3	111300	111.9	111900	1.5999985	1599	""osoba1""
""osoba4""		111.3	111300	111.3	111300	1.0	1000	""osoba4""
""osoba3""		112.200005	112200	114.3	114300	3.0999985	3099	""osoba3""
""osoba2""		122.4	122400	123.3	123300	1.9000015	1900	""osoba2""
""osoba4""		123.3	123300	160.8	160800	38.5	38500	""osoba4""
""osoba4""		125.700005	125700	160.8	160800	36.1	36100	""osoba4""
""osoba4""		126.3	126300	160.8	160800	35.5	35500	""osoba4""
""osoba4""		128.70001	128700	160.8	160800	33.09999	33099	""osoba4""
""osoba4""		129.3	129300	160.8	160800	32.5	32500	""osoba4""
""osoba4""		130.8	130800	160.8	160800	31.0	31000	""osoba4""
""osoba4""		132.0	132000	160.8	160800	29.800003	29800	""osoba4""
""osoba4""		132.6	132600	160.8	160800	29.199997	29199	""osoba4""
""osoba4""		133.20001	133200	160.8	160800	28.59999	28599	""osoba4""
""osoba2""		134.1	134100	134.1	134100	1.0	1000	""osoba2""
""osoba4""		138.3	138300	160.8	160800	23.5	23500	""osoba4""
""osoba4""		139.5	139500	160.8	160800	22.300003	22300	""osoba4""
""osoba4""		140.1	140100	160.8	160800	21.699997	21699	""osoba4""
""osoba4""		143.40001	143400	160.8	160800	18.399994	18399	""osoba4""
""osoba1""		144.90001	144900	144.90001	144900	1.0	1000	""osoba1""
""osoba4""		146.40001	146400	160.8	160800	15.399994	15399	""osoba4""
""osoba4""		147.3	147300	160.8	160800	14.5	14500	""osoba4""
""osoba4""		151.8	151800	160.8	160800	10.0	10000	""osoba4""
""osoba4""		152.40001	152400	160.8	160800	9.399994	9399	""osoba4""
""osoba1""		154.20001	154200	154.20001	154200	1.0	1000	""osoba1""
""osoba4""		154.5	154500	160.8	160800	7.300003	7300	""osoba4""
""osoba4""		157.5	157500	160.8	160800	4.300003	4300	""osoba4""
""osoba1""		160.5	160500	164.1	164100	4.600006	4600	""osoba1""
""osoba2""		161.1	161100	170.1	170100	10.0	10000	""osoba2""
""osoba2""		166.8	166800	170.1	170100	4.300003	4300	""osoba2""
""osoba2""		168.0	168000	170.1	170100	3.100006	3100	""osoba2""
""osoba2""		168.6	168600	170.1	170100	2.5	2500	""osoba2""
""osoba4""		170.40001	170400	172.5	172500	3.0999908	3099	""osoba4""
""osoba1""		172.20001	172200	194.70001	194700	23.5	23500	""osoba1""
""osoba1""		176.1	176100	194.70001	194700	19.600006	19600	""osoba1""
""osoba1""		177.6	177600	194.70001	194700	18.100006	18100	""osoba1""
""osoba1""		178.5	178500	194.70001	194700	17.200012	17200	""osoba1""
""osoba1""		179.1	179100	194.70001	194700	16.600006	16600	""osoba1""
""osoba1""		181.20001	181200	194.70001	194700	14.5	14500	""osoba1""
""osoba1""		183.0	183000	194.70001	194700	12.700012	12700	""osoba1""
""osoba1""		185.1	185100	194.70001	194700	10.600006	10600	""osoba1""
""osoba2""		185.1	185100	185.70001	185700	1.6000061	1600	""osoba2""
""osoba1""		186.90001	186900	194.70001	194700	8.800003	8800	""osoba1""
""osoba1""		188.40001	188400	194.70001	194700	7.300003	7300	""osoba1""
""osoba1""		189.0	189000	194.70001	194700	6.700012	6700	""osoba1""
""osoba1""		190.20001	190200	194.70001	194700	5.5	5500	""osoba1""
""osoba1""		193.50002	193500	194.70001	194700	2.199997	2199	""osoba1""
""osoba2""		194.70001	194700	209.40001	209400	15.699997	15699	""osoba2""
""osoba2""		195.90001	195900	209.40001	209400	14.5	14500	""osoba2""
""osoba2""		196.8	196800	209.40001	209400	13.600006	13600	""osoba2""
""osoba1""		197.70001	197700	201.00002	201000	4.300003	4300	""osoba1""
""osoba2""		198.90001	198900	209.40001	209400	11.5	11500	""osoba2""
""osoba4""		200.40001	200400	202.8	202800	3.399994	3399	""osoba4""
""osoba2""		201.6	201600	209.40001	209400	8.800003	8800	""osoba2""
""osoba2""		203.70001	203700	209.40001	209400	6.699997	6699	""osoba2""
""osoba2""		204.6	204600	209.40001	209400	5.800003	5800	""osoba2""
""osoba2""		207.00002	207000	209.40001	209400	3.399994	3399	""osoba2""
""osoba1""		207.6	207600	227.70001	227700	21.100006	21100	""osoba1""
""osoba1""		212.70001	212700	227.70001	227700	16.0	16000	""osoba1""
""osoba1""		216.90001	216900	227.70001	227700	11.800003	11800	""osoba1""
""osoba1""		218.70001	218700	227.70001	227700	10.0	10000	""osoba1""
""osoba1""		223.20001	223200	227.70001	227700	5.5	5500	""osoba1""
""osoba3""		223.50002	223500	228.00002	228000	5.5	5500	""osoba3""
""osoba4""		224.70001	224700	225.00002	225000	1.300003	1300	""osoba4""
""osoba1""		225.90001	225900	227.70001	227700	2.800003	2800	""osoba1""
""osoba4""		229.20001	229200	252.90001	252900	24.699997	24699	""osoba4""
""osoba4""		229.8	229800	252.90001	252900	24.100006	24100	""osoba4""
""osoba2""		230.70001	230700	231.90001	231900	2.199997	2199	""osoba2""
""osoba4""		233.1	233100	252.90001	252900	20.800003	20800	""osoba4""
""osoba4""		235.20001	235200	252.90001	252900	18.699997	18699	""osoba4""
""osoba4""		235.8	235800	252.90001	252900	18.100006	18100	""osoba4""
""osoba4""		236.40001	236400	252.90001	252900	17.5	17500	""osoba4""
""osoba4""		238.8	238800	252.90001	252900	15.100006	15100	""osoba4""
""osoba1""		243.3	243300	243.3	243300	1.0	1000	""osoba1""
""osoba4""		243.90001	243900	252.90001	252900	10.0	10000	""osoba4""
""osoba4""		244.8	244800	252.90001	252900	9.100006	9100	""osoba4""
""osoba4""		246.00002	246000	252.90001	252900	7.899994	7899	""osoba4""
""osoba4""		246.90001	246900	252.90001	252900	7.0	7000	""osoba4""
""osoba4""		247.8	247800	252.90001	252900	6.100006	6100	""osoba4""
""osoba1""		248.1	248100	248.1	248100	1.0	1000	""osoba1""
""osoba4""		249.90001	249900	252.90001	252900	4.0	4000	""osoba4""
""osoba4""		250.8	250800	252.90001	252900	3.100006	3100	""osoba4""
""osoba4""		252.00002	252000	252.90001	252900	1.8999939	1899	""osoba4""
""osoba2""		253.20001	253200	262.80002	262800	10.600006	10600	""osoba2""
""osoba1""		256.2	256200	257.1	257100	1.8999939	1899	""osoba1""
""osoba2""		256.2	256200	262.80002	262800	7.600006	7600	""osoba2""
""osoba2""		261.6	261600	262.80002	262800	2.2000122	2200	""osoba2""
""osoba1""		262.5	262500	284.40002	284400	22.900024	22900	""osoba1""
""osoba3""		263.40002	263400	264.30002	264300	1.8999939	1899	""osoba3""
""osoba1""		265.2	265200	284.40002	284400	20.200012	20200	""osoba1""
""osoba1""		266.1	266100	284.40002	284400	19.300018	19300	""osoba1""
""osoba1""		269.7	269700	284.40002	284400	15.700012	15700	""osoba1""
""osoba1""		271.5	271500	284.40002	284400	13.900024	13900	""osoba1""
""osoba2""		271.5	271500	272.40002	272400	1.9000244	1900	""osoba2""
""osoba1""		277.2	277200	284.40002	284400	8.200012	8200	""osoba1""
""osoba1""		278.7	278700	284.40002	284400	6.700012	6700	""osoba1""
""osoba1""		279.30002	279300	284.40002	284400	6.100006	6100	""osoba1""
""osoba4""		279.6	279600	292.5	292500	13.899994	13899	""osoba4""
""osoba4""		281.7	281700	292.5	292500	11.799988	11799	""osoba4""
""osoba4""		286.5	286500	292.5	292500	7.0	7000	""osoba4""
""osoba4""		288.90002	288900	292.5	292500	4.5999756	4599	""osoba4""
""osoba2""		292.2	292200	292.80002	292800	1.6000061	1600	""osoba2""
""osoba1""		293.1	293100	306.0	306000	13.899994	13899	""osoba1""
""osoba1""		298.2	298200	306.0	306000	8.799988	8799	""osoba1""
""osoba1""		303.6	303600	306.0	306000	3.399994	3399	""osoba1""
""osoba1""		304.5	304500	306.0	306000	2.5	2500	""osoba1""
""osoba1""		305.40002	305400	306.0	306000	1.5999756	1599	""osoba1""
""osoba2""		306.0	306000	306.30002	306300	1.3000183	1300	""osoba2""
""osoba4""		306.30002	306300	307.80002	307800	2.5	2500	""osoba4""
""osoba4""		307.80002	307800	307.80002	307800	1.0	1000	""osoba4""
""osoba1""		309.0	309000	316.5	316500	8.5	8500	""osoba1""
""osoba4""		309.90002	309900	310.2	310200	1.2999878	1299	""osoba4""
""osoba1""		313.5	313500	316.5	316500	4.0	4000	""osoba1""
""osoba1""		315.30002	315300	316.5	316500	2.1999817	2199	""osoba1""
""osoba3""		316.80002	316800	317.1	317100	1.2999878	1299	""osoba3""
""osoba4""		316.80002	316800	317.7	317700	1.8999939	1899	""osoba4""
""osoba2""		317.7	317700	338.7	338700	22.0	22000	""osoba2""
""osoba1""		318.6	318600	318.6	318600	1.0	1000	""osoba1""
""osoba2""		322.5	322500	338.7	338700	17.200012	17200	""osoba2""
""osoba2""		324.0	324000	338.7	338700	15.700012	15700	""osoba2""
""osoba2""		325.5	325500	338.7	338700	14.200012	14200	""osoba2""
""osoba2""		327.30002	327300	338.7	338700	12.399994	12399	""osoba2""
""osoba2""		334.2	334200	338.7	338700	5.5	5500	""osoba2""
""osoba2""		335.7	335700	338.7	338700	4.0	4000	""osoba2""
""osoba2""		336.90002	336900	338.7	338700	2.7999878	2799	""osoba2""
""osoba3""		338.40002	338400	339.0	339000	1.5999756	1599	""osoba3""
""osoba4""		339.90002	339900	346.80002	346800	7.899994	7899	""osoba4""
""osoba4""		341.40002	341400	346.80002	346800	6.399994	6399	""osoba4""
""osoba4""		342.0	342000	346.80002	346800	5.8000183	5800	""osoba4""
""osoba4""		343.2	343200	346.80002	346800	4.600006	4600	""osoba4""
""osoba4""		345.30002	345300	346.80002	346800	2.5	2500	""osoba4""
""osoba2""		346.5	346500	347.7	347700	2.2000122	2200	""osoba2""
""osoba1""		347.7	347700	363.90002	363900	17.200012	17200	""osoba1""
""osoba1""		351.30002	351300	363.90002	363900	13.600006	13600	""osoba1""
""osoba1""		352.5	352500	363.90002	363900	12.400024	12400	""osoba1""
""osoba2""		354.0	354000	354.0	354000	1.0	1000	""osoba2""
""osoba1""		354.30002	354300	363.90002	363900	10.600006	10600	""osoba1""
""osoba1""		355.2	355200	363.90002	363900	9.700012	9700	""osoba1""
""osoba1""		355.80002	355800	363.90002	363900	9.100006	9100	""osoba1""
""osoba1""		357.90002	357900	363.90002	363900	7.0	7000	""osoba1""
""osoba1""		358.80002	358800	363.90002	363900	6.100006	6100	""osoba1""
""osoba1""		359.40002	359400	363.90002	363900	5.5	5500	""osoba1""
""osoba1""		361.2	361200	363.90002	363900	3.7000122	3700	""osoba1""
""osoba1""		362.7	362700	363.90002	363900	2.2000122	2200	""osoba1""
""osoba2""		362.7	362700	379.80002	379800	18.100006	18100	""osoba2""
""osoba1""		363.90002	363900	363.90002	363900	1.0	1000	""osoba1""
""osoba2""		364.2	364200	379.80002	379800	16.600006	16600	""osoba2""
""osoba2""		364.80002	364800	379.80002	379800	16.0	16000	""osoba2""
""osoba2""		365.40002	365400	379.80002	379800	15.399994	15399	""osoba2""
""osoba2""		367.5	367500	379.80002	379800	13.300018	13300	""osoba2""
""osoba1""		369.90002	369900	369.90002	369900	1.0	1000	""osoba1""
""osoba2""		373.5	373500	379.80002	379800	7.3000183	7300	""osoba2""
""osoba2""		374.7	374700	379.80002	379800	6.100006	6100	""osoba2""
""osoba2""		378.0	378000	379.80002	379800	2.8000183	2800	""osoba2""
""osoba2""		379.5	379500	379.80002	379800	1.3000183	1300	""osoba2""
""osoba3""		379.80002	379800	382.2	382200	3.399994	3399	""osoba3""
""osoba2""		385.50003	385500	401.40002	401400	16.899994	16899	""osoba2""
""osoba2""		386.7	386700	401.40002	401400	15.700012	15700	""osoba2""
""osoba2""		387.30002	387300	401.40002	401400	15.100006	15100	""osoba2""
""osoba2""		389.1	389100	401.40002	401400	13.300018	13300	""osoba2""
""osoba2""		392.7	392700	401.40002	401400	9.700012	9700	""osoba2""
""osoba2""		393.90002	393900	401.40002	401400	8.5	8500	""osoba2""
""osoba2""		396.00003	396000	401.40002	401400	6.399994	6399	""osoba2""
""osoba2""		396.6	396600	401.40002	401400	5.8000183	5800	""osoba2""
""osoba2""		398.7	398700	401.40002	401400	3.7000122	3700	""osoba2""
""osoba3""		401.1	401100	405.6	405600	5.5	5500	""osoba3""
""osoba2""		411.6	411600	413.1	413100	2.5	2500	""osoba2""
""osoba2""		412.50003	412500	413.1	413100	1.5999756	1599	""osoba2""
""osoba2""		413.1	413100	413.1	413100	1.0	1000	""osoba2""
""osoba1""		413.40002	413400	415.2	415200	2.7999878	2799	""osoba1""
""osoba3""		415.2	415200	415.80002	415800	1.6000061	1600	""osoba3""
""osoba1""		419.1	419100	419.40002	419400	1.3000183	1300	""osoba1""
""osoba4""		419.7	419700	426.6	426600	7.899994	7899	""osoba4""
""osoba1""		421.50003	421500	421.50003	421500	1.0	1000	""osoba1""
""osoba4""		422.40002	422400	426.6	426600	5.1999817	5199	""osoba4""
""osoba3""		423.30002	423300	429.00003	429000	6.700012	6700	""osoba3""
""osoba4""		423.30002	423300	426.6	426600	4.299988	4299	""osoba4""
""osoba1""		424.80002	424800	440.1	440100	16.299988	16299	""osoba1""
""osoba2""		425.40002	425400	427.2	427200	2.7999878	2799	""osoba2""
""osoba1""		428.1	428100	440.1	440100	13.0	13000	""osoba1""
""osoba1""		430.80002	430800	440.1	440100	10.299988	10299	""osoba1""
""osoba2""		431.7	431700	431.7	431700	1.0	1000	""osoba2""
""osoba1""		433.80002	433800	440.1	440100	7.299988	7299	""osoba1""
""osoba2""		433.80002	433800	434.1	434100	1.2999878	1299	""osoba2""
""osoba1""		435.6	435600	440.1	440100	5.5	5500	""osoba1""
""osoba1""		437.7	437700	440.1	440100	3.399994	3399	""osoba1""
""osoba1""		439.2	439200	440.1	440100	1.8999939	1899	""osoba1""
""osoba3""		440.40002	440400	443.7	443700	4.299988	4299	""osoba3""
""osoba1""		451.2	451200	452.7	452700	2.5	2500	""osoba1""
""osoba3""		451.2	451200	453.00003	453000	2.8000183	2800	""osoba3""
""osoba4""		455.40002	455400	467.7	467700	13.299988	13299	""osoba4""
""osoba1""		457.50003	457500	457.50003	457500	1.0	1000	""osoba1""
""osoba3""		457.50003	457500	459.6	459600	3.0999756	3099	""osoba3""
""osoba4""		457.80002	457800	467.7	467700	10.899994	10899	""osoba4""
""osoba4""		461.40002	461400	467.7	467700	7.299988	7299	""osoba4""
""osoba4""		466.2	466200	467.7	467700	2.5	2500	""osoba4""
""osoba4""		467.7	467700	467.7	467700	1.0	1000	""osoba4""
""osoba2""		468.00003	468000	533.10004	533100	66.100006	66100	""osoba2""
""osoba2""		468.90002	468900	533.10004	533100	65.20001	65200	""osoba2""
""osoba2""		476.40002	476400	533.10004	533100	57.700012	57700	""osoba2""
""osoba2""		479.40002	479400	533.10004	533100	54.700012	54700	""osoba2""
""osoba3""		480.00003	480000	480.30002	480300	1.2999878	1299	""osoba3""
""osoba2""		481.80002	481800	533.10004	533100	52.30002	52300	""osoba2""
""osoba2""		483.30002	483300	533.10004	533100	50.80002	50800	""osoba2""
""osoba2""		488.1	488100	533.10004	533100	46.00003	46000	""osoba2""
""osoba4""		489.30002	489300	489.90002	489900	1.6000061	1600	""osoba4""
""osoba2""		491.40002	491400	533.10004	533100	42.700012	42700	""osoba2""
""osoba2""		492.6	492600	533.10004	533100	41.50003	41500	""osoba2""
""osoba2""		494.1	494100	533.10004	533100	40.00003	40000	""osoba2""
""osoba2""		495.30002	495300	533.10004	533100	38.80002	38800	""osoba2""
""osoba1""		496.50003	496500	497.40002	497400	1.8999939	1899	""osoba1""
""osoba1""		497.1	497100	497.40002	497400	1.3000183	1300	""osoba1""
""osoba2""		497.7	497700	533.10004	533100	36.400024	36400	""osoba2""
""osoba2""		498.30002	498300	533.10004	533100	35.80002	35800	""osoba2""
""osoba4""		499.2	499200	499.50003	499500	1.3000183	1300	""osoba4""
""osoba1""		499.50003	499500	499.80002	499800	1.2999878	1299	""osoba1""
""osoba2""		500.40002	500400	533.10004	533100	33.700012	33700	""osoba2""
""osoba2""		501.00003	501000	533.10004	533100	33.100006	33100	""osoba2""
""osoba2""		502.80002	502800	533.10004	533100	31.300018	31300	""osoba2""
""osoba4""		504.30002	504300	507.00003	507000	3.7000122	3700	""osoba4""
""osoba2""		505.50003	505500	533.10004	533100	28.600006	28600	""osoba2""
""osoba4""		505.50003	505500	507.00003	507000	2.5	2500	""osoba4""
""osoba2""		509.7	509700	533.10004	533100	24.400024	24400	""osoba2""
""osoba2""		510.90002	510900	533.10004	533100	23.200012	23200	""osoba2""
""osoba2""		511.50003	511500	533.10004	533100	22.600006	22600	""osoba2""
""osoba2""		512.4	512400	533.10004	533100	21.700012	21700	""osoba2""
""osoba4""		513.30005	513300	513.30005	513300	1.0	1000	""osoba4""
""osoba2""		516.60004	516600	533.10004	533100	17.5	17500	""osoba2""
""osoba2""		519.30005	519300	533.10004	533100	14.799988	14799	""osoba2""
""osoba2""		522.0	522000	533.10004	533100	12.100037	12100	""osoba2""
""osoba2""		522.9	522900	533.10004	533100	11.200012	11200	""osoba2""
""osoba2""		527.4	527400	533.10004	533100	6.700012	6700	""osoba2""
""osoba1""		527.7	527700	527.7	527700	1.0	1000	""osoba1""
""osoba2""		528.0	528000	533.10004	533100	6.1000366	6100	""osoba2""
""osoba2""		528.60004	528600	533.10004	533100	5.5	5500	""osoba2""
""osoba3""		530.4	530400	530.4	530400	1.0	1000	""osoba3""
""osoba2""		531.60004	531600	533.10004	533100	2.5	2500	""osoba2""
""osoba1""		533.7	533700	564.30005	564300	31.600037	31600	""osoba1""
""osoba1""		534.9	534900	564.30005	564300	30.400024	30400	""osoba1""
""osoba2""		535.2	535200	537.9	537900	3.7000122	3700	""osoba2""
""osoba2""		536.4	536400	537.9	537900	2.5	2500	""osoba2""
""osoba1""		536.7	536700	564.30005	564300	28.600037	28600	""osoba1""
""osoba4""		541.2	541200	542.10004	542100	1.9000244	1900	""osoba4""
""osoba1""		544.2	544200	564.30005	564300	21.100037	21100	""osoba1""
""osoba4""		544.2	544200	545.4	545400	2.2000122	2200	""osoba4""
""osoba1""		547.5	547500	564.30005	564300	17.800049	17800	""osoba1""
""osoba1""		548.4	548400	564.30005	564300	16.900024	16900	""osoba1""
""osoba1""		549.30005	549300	564.30005	564300	16.0	16000	""osoba1""
""osoba1""		549.9	549900	564.30005	564300	15.400024	15400	""osoba1""
""osoba1""		551.4	551400	564.30005	564300	13.900024	13900	""osoba1""
""osoba1""		552.30005	552300	564.30005	564300	13.0	13000	""osoba1""
""osoba1""		554.10004	554100	564.30005	564300	11.200012	11200	""osoba1""
""osoba1""		555.30005	555300	564.30005	564300	10.0	10000	""osoba1""
""osoba1""		556.80005	556800	564.30005	564300	8.5	8500	""osoba1""
""osoba1""		559.2	559200	564.30005	564300	6.1000366	6100	""osoba1""
""osoba1""		560.10004	560100	564.30005	564300	5.200012	5200	""osoba1""
""osoba3""		561.30005	561300	562.80005	562800	2.5	2500	""osoba3""
""osoba1""		563.4	563400	564.30005	564300	1.9000244	1900	""osoba1""
""osoba4""		563.4	563400	590.7	590700	28.299988	28299	""osoba4""
""osoba1""		564.0	564000	564.30005	564300	1.3000488	1300	""osoba1""
""osoba4""		565.5	565500	590.7	590700	26.200012	26200	""osoba4""
""osoba4""		566.10004	566100	590.7	590700	25.599976	25599	""osoba4""
""osoba4""		568.2	568200	590.7	590700	23.5	23500	""osoba4""
""osoba4""		570.0	570000	590.7	590700	21.700012	21700	""osoba4""
""osoba4""		571.2	571200	590.7	590700	20.5	20500	""osoba4""
""osoba4""		573.0	573000	590.7	590700	18.700012	18700	""osoba4""
""osoba4""		575.7	575700	590.7	590700	16.0	16000	""osoba4""
""osoba4""		577.5	577500	590.7	590700	14.200012	14200	""osoba4""
""osoba4""		580.5	580500	590.7	590700	11.200012	11200	""osoba4""
""osoba1""		587.4	587400	592.2	592200	5.799988	5799	""osoba1""
""osoba2""		592.2	592200	596.10004	596100	4.9000244	4900	""osoba2""
""osoba2""		594.0	594000	596.10004	596100	3.1000366	3100	""osoba2""
""osoba1""		595.2	595200	606.0	606000	11.799988	11799	""osoba1""
""osoba3""		599.10004	599100	600.60004	600600	2.5	2500	""osoba3""
""osoba1""		601.80005	601800	606.0	606000	5.199951	5199	""osoba1""
""osoba1""		605.7	605700	606.0	606000	1.2999878	1299	""osoba1""
""osoba4""		606.0	606000	610.80005	610800	5.800049	5800	""osoba4""
""osoba2""		609.9	609900	618.30005	618300	9.400024	9400	""osoba2""
""osoba2""		614.10004	614100	618.30005	618300	5.200012	5200	""osoba2""
""osoba2""		615.0	615000	618.30005	618300	4.300049	4300	""osoba2""
""osoba1""		616.2	616200	622.80005	622800	7.6000366	7600	""osoba1""
""osoba1""		618.0	618000	622.80005	622800	5.800049	5800	""osoba1""
""osoba2""		618.0	618000	618.30005	618300	1.3000488	1300	""osoba2""
""osoba2""		620.7	620700	645.60004	645600	25.900024	25900	""osoba2""
""osoba1""		622.5	622500	622.80005	622800	1.3000488	1300	""osoba1""
""osoba2""		627.0	627000	645.60004	645600	19.600037	19600	""osoba2""
""osoba2""		627.60004	627600	645.60004	645600	19.0	19000	""osoba2""
""osoba2""		628.80005	628800	645.60004	645600	17.799988	17799	""osoba2""
""osoba1""		634.2	634200	634.2	634200	1.0	1000	""osoba1""
""osoba2""		640.5	640500	645.60004	645600	6.1000366	6100	""osoba2""
""osoba2""		644.10004	644100	645.60004	645600	2.5	2500	""osoba2""
""osoba2""		645.30005	645300	645.60004	645600	1.2999878	1299	""osoba2""
""osoba3""		645.60004	645600	646.2	646200	1.5999756	1599	""osoba3""
""osoba1""		647.4	647400	670.2	670200	23.799988	23799	""osoba1""
""osoba1""		651.9	651900	670.2	670200	19.299988	19299	""osoba1""
""osoba1""		653.10004	653100	670.2	670200	18.099976	18099	""osoba1""
""osoba1""		655.2	655200	670.2	670200	16.0	16000	""osoba1""
""osoba1""		657.30005	657300	670.2	670200	13.899963	13899	""osoba1""
""osoba1""		658.80005	658800	670.2	670200	12.399963	12399	""osoba1""
""osoba1""		659.7	659700	670.2	670200	11.5	11500	""osoba1""
""osoba1""		660.60004	660600	670.2	670200	10.599976	10599	""osoba1""
""osoba1""		661.80005	661800	670.2	670200	9.399963	9399	""osoba1""
""osoba1""		662.7	662700	670.2	670200	8.5	8500	""osoba1""
""osoba1""		663.30005	663300	670.2	670200	7.8999634	7899	""osoba1""
""osoba1""		668.4	668400	670.2	670200	2.7999878	2799	""osoba1""
""osoba1""		669.60004	669600	670.2	670200	1.5999756	1599	""osoba1""
""osoba4""		669.60004	669600	679.5	679500	10.899963	10899	""osoba4""
""osoba4""		671.4	671400	679.5	679500	9.099976	9099	""osoba4""
""osoba2""		672.30005	672300	673.80005	673800	2.5	2500	""osoba2""
""osoba4""		675.9	675900	679.5	679500	4.5999756	4599	""osoba4""
""osoba2""		678.0	678000	688.5	688500	11.5	11500	""osoba2""
""osoba4""		679.2	679200	679.5	679500	1.2999878	1299	""osoba4""
""osoba2""		680.4	680400	688.5	688500	9.099976	9099	""osoba2""
""osoba2""		681.0	681000	688.5	688500	8.5	8500	""osoba2""
""osoba2""		682.80005	682800	688.5	688500	6.699951	6699	""osoba2""
""osoba2""		686.7	686700	688.5	688500	2.7999878	2799	""osoba2""
""osoba3""		687.0	687000	689.7	689700	3.7000122	3700	""osoba3""
""osoba1""		688.5	688500	694.5	694500	7.0	7000	""osoba1""
""osoba2""		692.4	692400	692.7	692700	1.2999878	1299	""osoba2""
""osoba1""		694.5	694500	694.5	694500	1.0	1000	""osoba1""
""osoba3""		694.80005	694800	699.0	699000	5.199951	5199	""osoba3""
""osoba2""		696.9	696900	698.4	698400	2.5	2500	""osoba2""
""osoba4""		706.2	706200	707.4	707400	2.2000122	2200	""osoba4""
""osoba2""		706.5	706500	708.60004	708600	3.1000366	3100	""osoba2""
""osoba1""		708.30005	708300	720.60004	720600	13.299988	13299	""osoba1""
""osoba1""		711.0	711000	720.60004	720600	10.600037	10600	""osoba1""
""osoba1""		712.5	712500	720.60004	720600	9.100037	9100	""osoba1""
""osoba3""		714.0	714000	714.30005	714300	1.3000488	1300	""osoba3""
""osoba1""		716.10004	716100	720.60004	720600	5.5	5500	""osoba1""
""osoba1""		717.9	717900	720.60004	720600	3.7000122	3700	""osoba1""
""osoba1""		718.80005	718800	720.60004	720600	2.7999878	2799	""osoba1""
""osoba1""		720.0	720000	720.60004	720600	1.6000366	1600	""osoba1""
""osoba3""		720.30005	720300	723.60004	723600	4.299988	4299	""osoba3""
""osoba1""		720.60004	720600	720.60004	720600	1.0	1000	""osoba1""
""osoba2""		730.80005	730800	741.60004	741600	11.799988	11799	""osoba2""
""osoba1""		731.4	731400	731.7	731700	1.2999878	1299	""osoba1""
""osoba2""		732.60004	732600	741.60004	741600	10.0	10000	""osoba2""
""osoba4""		734.10004	734100	738.9	738900	5.799988	5799	""osoba4""
""osoba2""		734.7	734700	741.60004	741600	7.9000244	7900	""osoba2""
""osoba2""		735.60004	735600	741.60004	741600	7.0	7000	""osoba2""
""osoba4""		735.9	735900	738.9	738900	4.0	4000	""osoba4""
""osoba2""		738.9	738900	741.60004	741600	3.7000122	3700	""osoba2""
""osoba4""		738.9	738900	738.9	738900	1.0	1000	""osoba4""
""osoba1""		740.10004	740100	770.7	770700	31.599976	31599	""osoba1""
""osoba2""		740.10004	740100	741.60004	741600	2.5	2500	""osoba2""
""osoba1""		743.7	743700	770.7	770700	28.0	28000	""osoba1""
""osoba1""		748.2	748200	770.7	770700	23.5	23500	""osoba1""
""osoba3""		750.0	750000	750.0	750000	1.0	1000	""osoba3""
""osoba1""		750.9	750900	770.7	770700	20.799988	20799	""osoba1""
""osoba3""		753.0	753000	753.0	753000	1.0	1000	""osoba3""
""osoba1""		754.2	754200	770.7	770700	17.5	17500	""osoba1""
""osoba1""		760.5	760500	770.7	770700	11.200012	11200	""osoba1""
""osoba1""		761.10004	761100	770.7	770700	10.599976	10599	""osoba1""
""osoba1""		762.30005	762300	770.7	770700	9.399963	9399	""osoba1""
""osoba1""		764.7	764700	770.7	770700	7.0	7000	""osoba1""
""osoba1""		766.5	766500	770.7	770700	5.200012	5200	""osoba1""
""osoba1""		768.9	768900	770.7	770700	2.7999878	2799	""osoba1""
""osoba4""		770.7	770700	798.00006	798000	28.300049	28300	""osoba4""
""osoba4""		771.9	771900	798.00006	798000	27.100037	27100	""osoba4""
""osoba4""		774.30005	774300	798.00006	798000	24.700012	24700	""osoba4""
""osoba4""		779.7	779700	798.00006	798000	19.300049	19300	""osoba4""
""osoba4""		781.2	781200	798.00006	798000	17.800049	17800	""osoba4""
""osoba4""		782.4	782400	798.00006	798000	16.600037	16600	""osoba4""
""osoba2""		783.9	783900	783.9	783900	1.0	1000	""osoba2""
""osoba4""		785.10004	785100	798.00006	798000	13.900024	13900	""osoba4""
""osoba4""		788.4	788400	798.00006	798000	10.600037	10600	""osoba4""
""osoba3""		788.7	788700	788.7	788700	1.0	1000	""osoba3""
""osoba1""		789.00006	789000	790.50006	790500	2.5	2500	""osoba1""
""osoba1""		790.2	790200	790.50006	790500	1.3000488	1300	""osoba1""
""osoba4""		793.2	793200	798.00006	798000	5.800049	5800	""osoba4""
""osoba3""		796.50006	796500	800.4	800400	4.8999634	4899	""osoba3""
""osoba2""		800.10004	800100	800.10004	800100	1.0	1000	""osoba2""
""osoba3""		807.60004	807600	807.60004	807600	1.0	1000	""osoba3""
""osoba4""		807.60004	807600	827.10004	827100	20.5	20500	""osoba4""
""osoba4""		808.2	808200	827.10004	827100	19.900024	19900	""osoba4""
""osoba4""		809.7	809700	827.10004	827100	18.400024	18400	""osoba4""
""osoba4""		813.30005	813300	827.10004	827100	14.799988	14799	""osoba4""
""osoba4""		814.80005	814800	827.10004	827100	13.299988	13299	""osoba4""
""osoba4""		815.4	815400	827.10004	827100	12.700012	12700	""osoba4""
""osoba4""		820.2	820200	827.10004	827100	7.9000244	7900	""osoba4""
""osoba4""		820.80005	820800	827.10004	827100	7.299988	7299	""osoba4""
""osoba4""		822.9	822900	827.10004	827100	5.200012	5200	""osoba4""
""osoba4""		823.80005	823800	827.10004	827100	4.299988	4299	""osoba4""
""osoba4""		824.7	824700	827.10004	827100	3.4000244	3400	""osoba4""
""osoba4""		825.9	825900	827.10004	827100	2.2000122	2200	""osoba4""
""osoba2""		826.80005	826800	833.10004	833100	7.299988	7299	""osoba2""
""osoba2""		829.50006	829500	833.10004	833100	4.5999756	4599	""osoba2""
""osoba2""		830.4	830400	833.10004	833100	3.7000122	3700	""osoba2""
""osoba3""		830.4	830400	830.4	830400	1.0	1000	""osoba3""
""osoba2""		831.00006	831000	833.10004	833100	3.0999756	3099	""osoba2""
""osoba2""		831.9	831900	833.10004	833100	2.2000122	2200	""osoba2""
""osoba1""		832.50006	832500	836.7	836700	5.199951	5199	""osoba1""
""osoba2""		833.10004	833100	833.10004	833100	1.0	1000	""osoba2""
""osoba1""		834.9	834900	836.7	836700	2.7999878	2799	""osoba1""
""osoba1""		835.80005	835800	836.7	836700	1.8999634	1899	""osoba1""
""osoba1""		836.7	836700	836.7	836700	1.0	1000	""osoba1""
""osoba4""		837.30005	837300	843.60004	843600	7.299988	7299	""osoba4""
""osoba4""		838.2	838200	843.60004	843600	6.4000244	6400	""osoba4""
""osoba1""		838.80005	838800	838.80005	838800	1.0	1000	""osoba1""
""osoba4""		840.00006	840000	843.60004	843600	4.5999756	4599	""osoba4""
""osoba4""		842.4	842400	843.60004	843600	2.2000122	2200	""osoba4""
""osoba2""		843.00006	843000	847.2	847200	5.199951	5199	""osoba2""
""osoba2""		846.9	846900	847.2	847200	1.2999878	1299	""osoba2""
""osoba1""		847.50006	847500	907.80005	907800	61.299988	61299	""osoba1""
""osoba4""		848.7	848700	851.4	851400	3.7000122	3700	""osoba4""
""osoba4""		849.60004	849600	851.4	851400	2.7999878	2799	""osoba4""
""osoba1""		850.2	850200	907.80005	907800	58.600037	58600	""osoba1""
""osoba1""		852.60004	852600	907.80005	907800	56.200012	56200	""osoba1""
""osoba1""		857.10004	857100	907.80005	907800	51.700012	51700	""osoba1""
""osoba1""		857.7	857700	907.80005	907800	51.100037	51100	""osoba1""
""osoba1""		858.9	858900	907.80005	907800	49.900024	49900	""osoba1""
""osoba1""		860.10004	860100	907.80005	907800	48.700012	48700	""osoba1""
""osoba1""		861.30005	861300	907.80005	907800	47.5	47500	""osoba1""
""osoba1""		863.10004	863100	907.80005	907800	45.700012	45700	""osoba1""
""osoba1""		864.00006	864000	907.80005	907800	44.799988	44799	""osoba1""
""osoba1""		864.9	864900	907.80005	907800	43.900024	43900	""osoba1""
""osoba2""		866.4	866400	867.30005	867300	1.9000244	1900	""osoba2""
""osoba1""		870.00006	870000	907.80005	907800	38.799988	38799	""osoba1""
""osoba4""		876.30005	876300	877.80005	877800	2.5	2500	""osoba4""
""osoba1""		885.9	885900	907.80005	907800	22.900024	22900	""osoba1""
""osoba3""		885.9	885900	885.9	885900	1.0	1000	""osoba3""
""osoba1""		888.60004	888600	907.80005	907800	20.200012	20200	""osoba1""
""osoba1""		890.10004	890100	907.80005	907800	18.700012	18700	""osoba1""
""osoba1""		891.00006	891000	907.80005	907800	17.799988	17799	""osoba1""
""osoba3""		892.80005	892800	892.80005	892800	1.0	1000	""osoba3""
""osoba1""		895.2	895200	907.80005	907800	13.600037	13600	""osoba1""
""osoba1""		896.7	896700	907.80005	907800	12.100037	12100	""osoba1""
""osoba1""		897.60004	897600	907.80005	907800	11.200012	11200	""osoba1""
""osoba1""		898.50006	898500	907.80005	907800	10.299988	10299	""osoba1""
""osoba2""		903.30005	903300	903.9	903900	1.5999756	1599	""osoba2""
""osoba1""		905.7	905700	907.80005	907800	3.1000366	3100	""osoba1""
""osoba1""		907.2	907200	907.80005	907800	1.6000366	1600	""osoba1""
""osoba2""		908.10004	908100	931.50006	931500	24.400024	24400	""osoba2""
""osoba2""		909.00006	909000	931.50006	931500	23.5	23500	""osoba2""
""osoba2""		909.9	909900	931.50006	931500	22.600037	22600	""osoba2""
""osoba2""		911.10004	911100	931.50006	931500	21.400024	21400	""osoba2""
""osoba4""		911.10004	911100	911.10004	911100	1.0	1000	""osoba4""
""osoba1""		912.9	912900	912.9	912900	1.0	1000	""osoba1""
""osoba2""		914.7	914700	931.50006	931500	17.800049	17800	""osoba2""
""osoba2""		917.10004	917100	931.50006	931500	15.400024	15400	""osoba2""
""osoba2""		920.4	920400	931.50006	931500	12.100037	12100	""osoba2""
""osoba2""		921.00006	921000	931.50006	931500	11.5	11500	""osoba2""
""osoba2""		921.60004	921600	931.50006	931500	10.900024	10900	""osoba2""
""osoba2""		922.2	922200	931.50006	931500	10.300049	10300	""osoba2""
""osoba2""		924.30005	924300	931.50006	931500	8.200012	8200	""osoba2""
""osoba3""		926.10004	926100	926.7	926700	1.5999756	1599	""osoba3""
""osoba1""		929.7	929700	940.50006	940500	11.800049	11800	""osoba1""
""osoba2""		929.7	929700	931.50006	931500	2.8000488	2800	""osoba2""
""osoba2""		931.2	931200	931.50006	931500	1.3000488	1300	""osoba2""
""osoba3""		931.50006	931500	932.7	932700	2.1999512	2199	""osoba3""
""osoba1""		934.2	934200	940.50006	940500	7.300049	7300	""osoba1""
""osoba1""		936.30005	936300	940.50006	940500	5.200012	5200	""osoba1""
""osoba2""		940.2	940200	973.50006	973500	34.30005	34300	""osoba2""
""osoba2""		941.4	941400	973.50006	973500	33.100037	33100	""osoba2""
""osoba2""		942.30005	942300	973.50006	973500	32.200012	32200	""osoba2""
""osoba2""		942.9	942900	973.50006	973500	31.600037	31600	""osoba2""
""osoba4""		943.2	943200	943.50006	943500	1.3000488	1300	""osoba4""
""osoba2""		944.10004	944100	973.50006	973500	30.400024	30400	""osoba2""
""osoba2""		945.9	945900	973.50006	973500	28.600037	28600	""osoba2""
""osoba2""		947.10004	947100	973.50006	973500	27.400024	27400	""osoba2""
""osoba2""		947.7	947700	973.50006	973500	26.800049	26800	""osoba2""
""osoba2""		948.9	948900	973.50006	973500	25.600037	25600	""osoba2""
""osoba2""		950.10004	950100	973.50006	973500	24.400024	24400	""osoba2""
""osoba2""		951.60004	951600	973.50006	973500	22.900024	22900	""osoba2""
""osoba2""		955.2	955200	973.50006	973500	19.300049	19300	""osoba2""
""osoba2""		957.9	957900	973.50006	973500	16.600037	16600	""osoba2""
""osoba2""		959.10004	959100	973.50006	973500	15.400024	15400	""osoba2""
""osoba1""		959.4	959400	959.4	959400	1.0	1000	""osoba1""
""osoba2""		962.4	962400	973.50006	973500	12.100037	12100	""osoba2""
""osoba1""		963.9	963900	966.9	966900	4.0	4000	""osoba1""
""osoba2""		964.2	964200	973.50006	973500	10.300049	10300	""osoba2""
""osoba1""		965.4	965400	966.9	966900	2.5	2500	""osoba1""
""osoba1""		966.00006	966000	966.9	966900	1.8999634	1899	""osoba1""
""osoba2""		966.00006	966000	973.50006	973500	8.5	8500	""osoba2""
""osoba2""		969.30005	969300	973.50006	973500	5.200012	5200	""osoba2""
""osoba2""		970.80005	970800	973.50006	973500	3.7000122	3700	""osoba2""
""osoba2""		973.50006	973500	973.50006	973500	1.0	1000	""osoba2""
""osoba1""		973.80005	973800	987.60004	987600	14.799988	14799	""osoba1""
""osoba1""		976.80005	976800	987.60004	987600	11.799988	11799	""osoba1""
""osoba1""		978.30005	978300	987.60004	987600	10.299988	10299	""osoba1""
""osoba1""		978.9	978900	987.60004	987600	9.700012	9700	""osoba1""
""osoba1""		979.80005	979800	987.60004	987600	8.799988	8799	""osoba1""
""osoba1""		981.00006	981000	987.60004	987600	7.5999756	7599	""osoba1""
""osoba1""		984.00006	984000	987.60004	987600	4.5999756	4599	""osoba1""
""osoba1""		984.9	984900	987.60004	987600	3.7000122	3700	""osoba1""
""osoba1""		986.4	986400	987.60004	987600	2.2000122	2200	""osoba1""
""osoba2""		987.00006	987000	1001.4	1001400	15.399963	15399	""osoba2""
""osoba2""		989.4	989400	1001.4	1001400	13.0	13000	""osoba2""
""osoba2""		991.50006	991500	1001.4	1001400	10.899963	10899	""osoba2""
""osoba2""		992.7	992700	1001.4	1001400	9.700012	9700	""osoba2""
""osoba2""		994.50006	994500	1001.4	1001400	7.8999634	7899	""osoba2""
""osoba2""		997.2	997200	1001.4	1001400	5.200012	5200	""osoba2""
""osoba2""		998.10004	998100	1001.4	1001400	4.299988	4299	""osoba2""
""osoba2""		998.7	998700	1001.4	1001400	3.7000122	3700	""osoba2""
""osoba1""		999.30005	999300	1036.8	1036800	38.5	38500	""osoba1""
""osoba2""		999.30005	999300	1001.4	1001400	3.0999756	3099	""osoba2""
""osoba1""		1009.2	1009200	1036.8	1036800	28.600037	28600	""osoba1""
""osoba1""		1014.30005	1014300	1036.8	1036800	23.5	23500	""osoba1""
""osoba1""		1015.2	1015200	1036.8	1036800	22.600037	22600	""osoba1""
""osoba1""		1018.2	1018200	1036.8	1036800	19.600037	19600	""osoba1""
""osoba1""		1020.00006	1020000	1036.8	1036800	17.799988	17799	""osoba1""
""osoba3""		1020.30005	1020300	1023.9	1023900	4.5999756	4599	""osoba3""
""osoba1""		1027.8	1027800	1036.8	1036800	10.0	10000	""osoba1""
""osoba1""		1029.0	1029000	1036.8	1036800	8.800049	8800	""osoba1""
""osoba1""		1031.1001	1031100	1036.8	1036800	6.699951	6699	""osoba1""
""osoba1""		1032.3	1032300	1036.8	1036800	5.5	5500	""osoba1""
""osoba1""		1034.4	1034400	1036.8	1036800	3.4000244	3400	""osoba1""
""osoba4""		1036.5	1036500	1037.4	1037400	1.9000244	1900	""osoba4""
""osoba3""		1037.4	1037400	1038.0	1038000	1.5999756	1599	""osoba3""
""osoba4""		1037.4	1037400	1037.4	1037400	1.0	1000	""osoba4""
""osoba1""		1039.5	1039500	1045.2001	1045200	6.7000732	6700	""osoba1""
""osoba1""		1041.6001	1041600	1045.2001	1045200	4.5999756	4599	""osoba1""
""osoba1""		1042.8	1042800	1045.2001	1045200	3.4000244	3400	""osoba1""
""osoba2""		1043.4	1043400	1054.8	1054800	12.400024	12400	""osoba2""
""osoba1""		1045.2001	1045200	1045.2001	1045200	1.0	1000	""osoba1""
""osoba2""		1045.2001	1045200	1054.8	1054800	10.599976	10599	""osoba2""
""osoba2""		1048.8	1048800	1054.8	1054800	7.0	7000	""osoba2""
""osoba2""		1050.3	1050300	1054.8	1054800	5.5	5500	""osoba2""
""osoba1""		1051.2001	1051200	1065.3	1065300	15.099976	15099	""osoba1""
""osoba2""		1051.2001	1051200	1054.8	1054800	4.5999756	4599	""osoba2""
""osoba1""		1056.9	1056900	1065.3	1065300	9.400024	9400	""osoba1""
""osoba4""		1058.4	1058400	1058.4	1058400	1.0	1000	""osoba4""
""osoba2""		1059.9	1059900	1059.9	1059900	1.0	1000	""osoba2""
""osoba1""		1060.8	1060800	1065.3	1065300	5.5	5500	""osoba1""
""osoba1""		1063.5	1063500	1065.3	1065300	2.8000488	2800	""osoba1""
""osoba3""		1065.6001	1065600	1067.7001	1067700	3.0999756	3099	""osoba3""
""osoba1""		1069.5	1069500	1085.1001	1085100	16.600098	16600	""osoba1""
""osoba1""		1073.1001	1073100	1085.1001	1085100	13.0	13000	""osoba1""
""osoba1""		1074.0	1074000	1085.1001	1085100	12.100098	12100	""osoba1""
""osoba1""		1074.9	1074900	1085.1001	1085100	11.200073	11200	""osoba1""
""osoba1""		1079.4	1079400	1085.1001	1085100	6.7000732	6700	""osoba1""
""osoba1""		1081.2001	1081200	1085.1001	1085100	4.9000244	4900	""osoba1""
""osoba1""		1083.9	1083900	1085.1001	1085100	2.2000732	2200	""osoba1""
""osoba3""		1084.5	1084500	1087.2001	1087200	3.7000732	3700	""osoba3""
""osoba2""		1085.4	1085400	1095.9	1095900	11.5	11500	""osoba2""
""osoba2""		1090.2001	1090200	1095.9	1095900	6.699951	6699	""osoba2""
""osoba2""		1092.3	1092300	1095.9	1095900	4.5999756	4599	""osoba2""
""osoba1""		1094.1001	1094100	1099.5	1099500	6.3999023	6399	""osoba1""
""osoba3""		1098.0	1098000	1100.1001	1100100	3.1000977	3100	""osoba3""
""osoba1""		1099.2001	1099200	1099.5	1099500	1.2999268	1299	""osoba1""
""osoba1""		1105.2001	1105200	1143.9	1143900	39.69995	39699	""osoba1""
""osoba1""		1106.4	1106400	1143.9	1143900	38.5	38500	""osoba1""
""osoba1""		1107.3	1107300	1143.9	1143900	37.599976	37599	""osoba1""
""osoba4""		1107.3	1107300	1109.4	1109400	3.0999756	3099	""osoba4""
""osoba1""		1113.6001	1113600	1143.9	1143900	31.299927	31299	""osoba1""
""osoba1""		1115.4	1115400	1143.9	1143900	29.5	29500	""osoba1""
""osoba1""		1120.8	1120800	1143.9	1143900	24.099976	24099	""osoba1""
""osoba1""		1125.3	1125300	1143.9	1143900	19.599976	19599	""osoba1""
""osoba1""		1127.7001	1127700	1143.9	1143900	17.199951	17199	""osoba1""
""osoba1""		1128.9	1128900	1143.9	1143900	16.0	16000	""osoba1""
""osoba1""		1131.0	1131000	1143.9	1143900	13.900024	13900	""osoba1""
""osoba4""		1131.3	1131300	1131.3	1131300	1.0	1000	""osoba4""
""osoba1""		1133.1001	1133100	1143.9	1143900	11.799927	11799	""osoba1""
""osoba1""		1134.3	1134300	1143.9	1143900	10.599976	10599	""osoba1""
""osoba3""		1134.3	1134300	1134.9	1134900	1.5999756	1599	""osoba3""
""osoba4""		1134.6001	1134600	1134.9	1134900	1.2999268	1299	""osoba4""
""osoba1""		1136.1001	1136100	1143.9	1143900	8.799927	8799	""osoba1""
""osoba1""		1136.7001	1136700	1143.9	1143900	8.199951	8199	""osoba1""
""osoba2""		1137.0	1137000	1137.9	1137900	1.9000244	1900	""osoba2""
""osoba1""		1137.3	1137300	1143.9	1143900	7.5999756	7599	""osoba1""
""osoba1""		1142.7001	1142700	1143.9	1143900	2.1999512	2199	""osoba1""
""osoba3""		1143.6001	1143600	1144.2001	1144200	1.5999756	1599	""osoba3""
""osoba1""		1147.8	1147800	1160.7001	1160700	13.900024	13900	""osoba1""
""osoba1""		1150.2001	1150200	1160.7001	1160700	11.5	11500	""osoba1""
""osoba2""		1151.1001	1151100	1152.9	1152900	2.7999268	2799	""osoba2""
""osoba4""		1151.1001	1151100	1152.3	1152300	2.1999512	2199	""osoba4""
""osoba1""		1154.1001	1154100	1160.7001	1160700	7.5999756	7599	""osoba1""
""osoba1""		1155.3	1155300	1160.7001	1160700	6.4000244	6400	""osoba1""
""osoba1""		1156.8	1156800	1160.7001	1160700	4.9000244	4900	""osoba1""
""osoba1""		1157.4	1157400	1160.7001	1160700	4.300049	4300	""osoba1""
""osoba1""		1158.0	1158000	1160.7001	1160700	3.7000732	3700	""osoba1""
""osoba4""		1159.2001	1159200	1159.8	1159800	1.5999756	1599	""osoba4""
""osoba2""		1160.7001	1160700	1175.4	1175400	15.699951	15699	""osoba2""
""osoba2""		1162.2001	1162200	1175.4	1175400	14.199951	14199	""osoba2""
""osoba2""		1162.8	1162800	1175.4	1175400	13.599976	13599	""osoba2""
""osoba1""		1165.8	1165800	1165.8	1165800	1.0	1000	""osoba1""
""osoba2""		1172.4	1172400	1175.4	1175400	4.0	4000	""osoba2""
""osoba2""		1173.3	1173300	1175.4	1175400	3.0999756	3099	""osoba2""
""osoba1""		1174.2001	1174200	1181.7001	1181700	8.5	8500	""osoba1""
""osoba2""		1174.8	1174800	1175.4	1175400	1.5999756	1599	""osoba2""
""osoba4""		1181.1001	1181100	1200.3	1200300	20.199951	20199	""osoba4""
""osoba4""		1187.7001	1187700	1200.3	1200300	13.599976	13599	""osoba4""
""osoba4""		1188.6001	1188600	1200.3	1200300	12.699951	12699	""osoba4""
""osoba4""		1192.5	1192500	1200.3	1200300	8.800049	8800	""osoba4""
""osoba4""		1194.6001	1194600	1200.3	1200300	6.699951	6699	""osoba4""
""osoba4""		1195.8	1195800	1200.3	1200300	5.5	5500	""osoba4""
""osoba4""		1197.3	1197300	1200.3	1200300	4.0	4000	""osoba4""
""osoba4""		1199.4	1199400	1200.3	1200300	1.9000244	1900	""osoba4""
""osoba2""		1200.3	1200300	1205.7001	1205700	6.4000244	6400	""osoba2""
""osoba1""		1202.4	1202400	1203.0	1203000	1.5999756	1599	""osoba1""
""osoba4""		1202.7001	1202700	1202.7001	1202700	1.0	1000	""osoba4""
""osoba3""		1203.3	1203300	1203.3	1203300	1.0	1000	""osoba3""
""osoba2""		1203.6001	1203600	1205.7001	1205700	3.0999756	3099	""osoba2""
""osoba2""		1204.5	1204500	1205.7001	1205700	2.2000732	2200	""osoba2""
""osoba1""		1205.4	1205400	1213.8	1213800	9.400024	9400	""osoba1""
""osoba1""		1207.2001	1207200	1213.8	1213800	7.5999756	7599	""osoba1""
""osoba1""		1209.3	1209300	1213.8	1213800	5.5	5500	""osoba1""
""osoba3""		1212.3	1212300	1212.3	1212300	1.0	1000	""osoba3""
""osoba1""		1212.9	1212900	1213.8	1213800	1.9000244	1900	""osoba1""
""osoba2""		1212.9	1212900	1227.6001	1227600	15.700073	15700	""osoba2""
""osoba2""		1215.3	1215300	1227.6001	1227600	13.300049	13300	""osoba2""
""osoba2""		1219.5	1219500	1227.6001	1227600	9.100098	9100	""osoba2""
""osoba2""		1221.0	1221000	1227.6001	1227600	7.6000977	7600	""osoba2""
""osoba4""		1222.2001	1222200	1223.4	1223400	2.1999512	2199	""osoba4""
""osoba2""		1225.5	1225500	1227.6001	1227600	3.1000977	3100	""osoba2""
""osoba2""		1226.1001	1226100	1227.6001	1227600	2.5	2500	""osoba2""
""osoba1""		1226.7001	1226700	1232.7001	1232700	7.0	7000	""osoba1""
""osoba2""		1227.0	1227000	1227.6001	1227600	1.6000977	1600	""osoba2""
""osoba1""		1228.8	1228800	1232.7001	1232700	4.9000244	4900	""osoba1""
""osoba1""		1231.2001	1231200	1232.7001	1232700	2.5	2500	""osoba1""
""osoba1""		1231.8	1231800	1232.7001	1232700	1.9000244	1900	""osoba1""
""osoba4""		1232.7001	1232700	1236.9	1236900	5.199951	5199	""osoba4""
""osoba4""		1234.5	1234500	1236.9	1236900	3.4000244	3400	""osoba4""
""osoba1""		1236.3	1236300	1242.3	1242300	7.0	7000	""osoba1""
""osoba2""		1240.8	1240800	1259.7001	1259700	19.900024	19900	""osoba2""
""osoba1""		1242.3	1242300	1242.3	1242300	1.0	1000	""osoba1""
""osoba2""		1242.9	1242900	1259.7001	1259700	17.800049	17800	""osoba2""
""osoba2""		1243.5	1243500	1259.7001	1259700	17.200073	17200	""osoba2""
""osoba2""		1247.7001	1247700	1259.7001	1259700	13.0	13000	""osoba2""
""osoba2""		1248.6001	1248600	1259.7001	1259700	12.099976	12099	""osoba2""
""osoba2""		1256.4	1256400	1259.7001	1259700	4.300049	4300	""osoba2""
""osoba4""		1257.3	1257300	1261.8	1261800	5.5	5500	""osoba4""
""osoba2""		1259.1001	1259100	1259.7001	1259700	1.5999756	1599	""osoba2""
""osoba4""		1260.6001	1260600	1261.8	1261800	2.1999512	2199	""osoba4""
""osoba1""		1261.8	1261800	1273.2001	1273200	12.400024	12400	""osoba1""
""osoba1""		1263.0	1263000	1273.2001	1273200	11.200073	11200	""osoba1""
""osoba1""		1266.0	1266000	1273.2001	1273200	8.200073	8200	""osoba1""
""osoba1""		1266.6001	1266600	1273.2001	1273200	7.5999756	7599	""osoba1""
""osoba1""		1267.5	1267500	1273.2001	1273200	6.7000732	6700	""osoba1""
""osoba4""		1268.7001	1268700	1297.2001	1297200	29.5	29500	""osoba4""
""osoba4""		1272.3	1272300	1297.2001	1297200	25.900024	25900	""osoba4""
""osoba1""		1272.6001	1272600	1273.2001	1273200	1.5999756	1599	""osoba1""
""osoba4""		1274.1001	1274100	1297.2001	1297200	24.099976	24099	""osoba4""
""osoba4""		1274.7001	1274700	1297.2001	1297200	23.5	23500	""osoba4""
""osoba4""		1275.6001	1275600	1297.2001	1297200	22.599976	22599	""osoba4""
""osoba3""		1277.4	1277400	1278.0	1278000	1.5999756	1599	""osoba3""
""osoba4""		1280.4	1280400	1297.2001	1297200	17.800049	17800	""osoba4""
""osoba4""		1284.9	1284900	1297.2001	1297200	13.300049	13300	""osoba4""
""osoba4""		1290.3	1290300	1297.2001	1297200	7.9000244	7900	""osoba4""
""osoba4""		1291.2001	1291200	1297.2001	1297200	7.0	7000	""osoba4""
""osoba4""		1292.1001	1292100	1297.2001	1297200	6.0999756	6099	""osoba4""
""osoba4""		1292.7001	1292700	1297.2001	1297200	5.5	5500	""osoba4""
""osoba4""		1294.2001	1294200	1297.2001	1297200	4.0	4000	""osoba4""
""osoba4""		1295.4	1295400	1297.2001	1297200	2.8000488	2800	""osoba4""
""osoba1""		1295.7001	1295700	1297.8	1297800	3.0999756	3099	""osoba1""
""osoba3""		1297.2001	1297200	1299.3	1299300	3.0999756	3099	""osoba3""
""osoba2""		1297.5	1297500	1297.8	1297800	1.3000488	1300	""osoba2""
""osoba2""		1300.5	1300500	1301.4	1301400	1.9000244	1900	""osoba2""
""osoba4""		1301.1001	1301100	1318.5	1318500	18.399902	18399	""osoba4""
""osoba2""		1301.4	1301400	1301.4	1301400	1.0	1000	""osoba2""
""osoba4""		1302.3	1302300	1318.5	1318500	17.199951	17199	""osoba4""
""osoba4""		1303.8	1303800	1318.5	1318500	15.699951	15699	""osoba4""
""osoba4""		1304.7001	1304700	1318.5	1318500	14.799927	14799	""osoba4""
""osoba4""		1306.2001	1306200	1318.5	1318500	13.299927	13299	""osoba4""
""osoba4""		1307.4	1307400	1318.5	1318500	12.099976	12099	""osoba4""
""osoba4""		1309.2001	1309200	1318.5	1318500	10.299927	10299	""osoba4""
""osoba3""		1310.4	1310400	1312.2001	1312200	2.8000488	2800	""osoba3""
""osoba3""		1317.6001	1317600	1318.8	1318800	2.1999512	2199	""osoba3""
""osoba1""		1317.9	1317900	1335.9	1335900	19.0	19000	""osoba1""
""osoba1""		1320.0	1320000	1335.9	1335900	16.900024	16900	""osoba1""
""osoba1""		1321.2001	1321200	1335.9	1335900	15.699951	15699	""osoba1""
""osoba3""		1321.5	1321500	1322.1001	1322100	1.6000977	1600	""osoba3""
""osoba1""		1323.0	1323000	1335.9	1335900	13.900024	13900	""osoba1""
""osoba1""		1323.6001	1323600	1335.9	1335900	13.299927	13299	""osoba1""
""osoba1""		1327.8	1327800	1335.9	1335900	9.099976	9099	""osoba1""
""osoba1""		1328.7001	1328700	1335.9	1335900	8.199951	8199	""osoba1""
""osoba1""		1330.2001	1330200	1335.9	1335900	6.699951	6699	""osoba1""
""osoba1""		1332.0	1332000	1335.9	1335900	4.9000244	4900	""osoba1""
""osoba1""		1333.5	1333500	1335.9	1335900	3.4000244	3400	""osoba1""
""osoba3""		1336.2001	1336200	1336.8	1336800	1.5999756	1599	""osoba3""
""osoba1""		1339.5	1339500	1349.7001	1349700	11.200073	11200	""osoba1""
""osoba1""		1340.4	1340400	1349.7001	1349700	10.300049	10300	""osoba1""
""osoba1""		1343.1001	1343100	1349.7001	1349700	7.5999756	7599	""osoba1""
""osoba1""		1345.8	1345800	1349.7001	1349700	4.9000244	4900	""osoba1""
""osoba1""		1346.4	1346400	1349.7001	1349700	4.300049	4300	""osoba1""
""osoba1""		1347.3	1347300	1349.7001	1349700	3.4000244	3400	""osoba1""
""osoba1""		1348.2001	1348200	1349.7001	1349700	2.5	2500	""osoba1""
""osoba4""		1348.2001	1348200	1365.3	1365300	18.099976	18099	""osoba4""
""osoba4""		1351.2001	1351200	1365.3	1365300	15.099976	15099	""osoba4""
""osoba4""		1351.8	1351800	1365.3	1365300	14.5	14500	""osoba4""
""osoba4""		1354.2001	1354200	1365.3	1365300	12.099976	12099	""osoba4""
""osoba4""		1355.7001	1355700	1365.3	1365300	10.599976	10599	""osoba4""
""osoba4""		1356.6001	1356600	1365.3	1365300	9.699951	9699	""osoba4""
""osoba4""		1357.8	1357800	1365.3	1365300	8.5	8500	""osoba4""
""osoba4""		1358.7001	1358700	1365.3	1365300	7.5999756	7599	""osoba4""
""osoba1""		1362.3	1362300	1362.6001	1362600	1.3000488	1300	""osoba1""
""osoba4""		1363.8	1363800	1365.3	1365300	2.5	2500	""osoba4""
""osoba2""		1364.7001	1364700	1372.2001	1372200	8.5	8500	""osoba2""
""osoba4""		1364.7001	1364700	1365.3	1365300	1.5999756	1599	""osoba4""
""osoba2""		1366.5	1366500	1372.2001	1372200	6.7000732	6700	""osoba2""
""osoba3""		1367.1001	1367100	1367.1001	1367100	1.0	1000	""osoba3""
""osoba2""		1367.4	1367400	1372.2001	1372200	5.800049	5800	""osoba2""
""osoba4""		1368.0	1368000	1368.3	1368300	1.3000488	1300	""osoba4""
""osoba2""		1369.5	1369500	1372.2001	1372200	3.7000732	3700	""osoba2""
""osoba2""		1370.4	1370400	1372.2001	1372200	2.8000488	2800	""osoba2""
""osoba1""		1371.6001	1371600	1376.7001	1376700	6.0999756	6099	""osoba1""
""osoba1""		1372.2001	1372200	1376.7001	1376700	5.5	5500	""osoba1""
""osoba3""		1376.7001	1376700	1378.2001	1378200	2.5	2500	""osoba3""
""osoba2""		1377.0	1377000	1377.0	1377000	1.0	1000	""osoba2""
""osoba4""		1378.2001	1378200	1386.0	1386000	8.799927	8799	""osoba4""
""osoba4""		1380.6001	1380600	1386.0	1386000	6.3999023	6399	""osoba4""
""osoba4""		1382.7001	1382700	1386.0	1386000	4.2999268	4299	""osoba4""
""osoba4""		1383.9	1383900	1386.0	1386000	3.0999756	3099	""osoba4""
""osoba4""		1384.5	1384500	1386.0	1386000	2.5	2500	""osoba4""
""osoba4""		1385.1001	1385100	1386.0	1386000	1.8999023	1899	""osoba4""
""osoba4""		1385.7001	1385700	1386.0	1386000	1.2999268	1299	""osoba4""
""osoba1""		1386.0	1386000	1407.3	1407300	22.300049	22300	""osoba1""
""osoba1""		1387.5	1387500	1407.3	1407300	20.800049	20800	""osoba1""
""osoba1""		1388.1001	1388100	1407.3	1407300	20.199951	20199	""osoba1""
""osoba1""		1389.0	1389000	1407.3	1407300	19.300049	19300	""osoba1""
""osoba1""		1391.1001	1391100	1407.3	1407300	17.199951	17199	""osoba1""
""osoba2""		1392.6001	1392600	1393.2001	1393200	1.5999756	1599	""osoba2""
""osoba1""		1393.2001	1393200	1407.3	1407300	15.099976	15099	""osoba1""
""osoba1""		1396.8	1396800	1407.3	1407300	11.5	11500	""osoba1""
""osoba1""		1398.3	1398300	1407.3	1407300	10.0	10000	""osoba1""
""osoba1""		1401.3	1401300	1407.3	1407300	7.0	7000	""osoba1""
""osoba1""		1402.8	1402800	1407.3	1407300	5.5	5500	""osoba1""
""osoba1""		1403.7001	1403700	1407.3	1407300	4.5999756	4599	""osoba1""
""osoba1""		1404.9	1404900	1407.3	1407300	3.4000244	3400	""osoba1""
""osoba1""		1406.7001	1406700	1407.3	1407300	1.5999756	1599	""osoba1""
""osoba2""		1407.0	1407000	1411.8	1411800	5.800049	5800	""osoba2""
""osoba2""		1408.2001	1408200	1411.8	1411800	4.5999756	4599	""osoba2""
""osoba2""		1410.9	1410900	1411.8	1411800	1.9000244	1900	""osoba2""
""osoba4""		1412.1001	1412100	1431.0	1431000	19.899902	19899	""osoba4""
""osoba4""		1413.3	1413300	1431.0	1431000	18.699951	18699	""osoba4""
""osoba4""		1414.8	1414800	1431.0	1431000	17.199951	17199	""osoba4""
""osoba4""		1416.0	1416000	1431.0	1431000	16.0	16000	""osoba4""
""osoba3""		1416.3	1416300	1417.8	1417800	2.5	2500	""osoba3""
""osoba4""		1419.6001	1419600	1431.0	1431000	12.399902	12399	""osoba4""
""osoba2""		1420.5	1420500	1423.2001	1423200	3.7000732	3700	""osoba2""
""osoba4""		1420.5	1420500	1431.0	1431000	11.5	11500	""osoba4""
""osoba1""		1420.8	1420800	1421.4	1421400	1.5999756	1599	""osoba1""
""osoba3""		1423.2001	1423200	1423.2001	1423200	1.0	1000	""osoba3""
""osoba4""		1425.0	1425000	1431.0	1431000	7.0	7000	""osoba4""
""osoba4""		1426.2001	1426200	1431.0	1431000	5.7999268	5799	""osoba4""
""osoba4""		1427.4	1427400	1431.0	1431000	4.5999756	4599	""osoba4""
""osoba4""		1428.3	1428300	1431.0	1431000	3.6999512	3699	""osoba4""
""osoba1""		1428.6001	1428600	1438.2001	1438200	10.599976	10599	""osoba1""
""osoba3""		1428.9	1428900	1430.7001	1430700	2.8000488	2800	""osoba3""
""osoba1""		1434.3	1434300	1438.2001	1438200	4.9000244	4900	""osoba1""
""osoba2""		1436.7001	1436700	1447.8	1447800	12.099976	12099	""osoba2""
""osoba1""		1437.3	1437300	1438.2001	1438200	1.9000244	1900	""osoba1""
""osoba2""		1440.3	1440300	1447.8	1447800	8.5	8500	""osoba2""
""osoba2""		1441.2001	1441200	1447.8	1447800	7.5999756	7599	""osoba2""
""osoba2""		1446.3	1446300	1447.8	1447800	2.5	2500	""osoba2""
""osoba2""		1446.9	1446900	1447.8	1447800	1.9000244	1900	""osoba2""
""osoba1""		1448.4	1448400	1464.0	1464000	16.599976	16599	""osoba1""
""osoba1""		1450.2001	1450200	1464.0	1464000	14.799927	14799	""osoba1""
""osoba1""		1451.7001	1451700	1464.0	1464000	13.299927	13299	""osoba1""
""osoba1""		1453.8	1453800	1464.0	1464000	11.199951	11199	""osoba1""
""osoba1""		1455.6001	1455600	1464.0	1464000	9.399902	9399	""osoba1""
""osoba1""		1457.4	1457400	1464.0	1464000	7.5999756	7599	""osoba1""
""osoba1""		1458.9	1458900	1464.0	1464000	6.0999756	6099	""osoba1""
""osoba1""		1460.7001	1460700	1464.0	1464000	4.2999268	4299	""osoba1""
""osoba2""		1464.6001	1464600	1466.4	1466400	2.7999268	2799	""osoba2""
""osoba4""		1465.2001	1465200	1476.9	1476900	12.699951	12699	""osoba4""
""osoba4""		1467.6001	1467600	1476.9	1476900	10.299927	10299	""osoba4""
""osoba4""		1470.0	1470000	1476.9	1476900	7.9000244	7900	""osoba4""
""osoba4""		1471.8	1471800	1476.9	1476900	6.0999756	6099	""osoba4""
""osoba2""		1472.7001	1472700	1473.0	1473000	1.2999268	1299	""osoba2""
""osoba4""		1472.7001	1472700	1476.9	1476900	5.199951	5199	""osoba4""
""osoba4""		1476.9	1476900	1476.9	1476900	1.0	1000	""osoba4""
""osoba1""		1477.8	1477800	1479.6001	1479600	2.8000488	2800	""osoba1""
""osoba2""		1478.7001	1478700	1488.6001	1488600	10.900024	10900	""osoba2""
""osoba1""		1479.0	1479000	1479.6001	1479600	1.6000977	1600	""osoba1""
""osoba2""		1480.2001	1480200	1488.6001	1488600	9.400024	9400	""osoba2""
""osoba2""		1482.0	1482000	1488.6001	1488600	7.6000977	7600	""osoba2""
""osoba2""		1483.2001	1483200	1488.6001	1488600	6.4000244	6400	""osoba2""
""osoba1""		1485.0	1485000	1485.0	1485000	1.0	1000	""osoba1""
""osoba1""		1487.4	1487400	1494.0	1494000	7.5999756	7599	""osoba1""
""osoba2""		1488.0	1488000	1488.6001	1488600	1.6000977	1600	""osoba2""
""osoba1""		1488.3	1488300	1494.0	1494000	6.699951	6699	""osoba1""
""osoba1""		1491.0	1491000	1494.0	1494000	4.0	4000	""osoba1""
""osoba1""		1492.2001	1492200	1494.0	1494000	2.7999268	2799	""osoba1""
""osoba4""		1493.1001	1493100	1503.3	1503300	11.199951	11199	""osoba4""
""osoba4""		1496.1001	1496100	1503.3	1503300	8.199951	8199	""osoba4""
""osoba1""		1501.2001	1501200	1501.2001	1501200	1.0	1000	""osoba1""
""osoba4""		1501.8	1501800	1503.3	1503300	2.5	2500	""osoba4""
""osoba2""		1503.0	1503000	1532.7001	1532700	30.700073	30700	""osoba2""
""osoba4""		1503.3	1503300	1503.3	1503300	1.0	1000	""osoba4""
""osoba2""		1505.4	1505400	1532.7001	1532700	28.300049	28300	""osoba2""
""osoba2""		1506.6001	1506600	1532.7001	1532700	27.099976	27099	""osoba2""
""osoba3""		1508.7001	1508700	1508.7001	1508700	1.0	1000	""osoba3""
""osoba2""		1511.4	1511400	1532.7001	1532700	22.300049	22300	""osoba2""
""osoba2""		1514.1001	1514100	1532.7001	1532700	19.599976	19599	""osoba2""
""osoba2""		1515.0	1515000	1532.7001	1532700	18.700073	18700	""osoba2""
""osoba2""		1517.1001	1517100	1532.7001	1532700	16.599976	16599	""osoba2""
""osoba2""		1517.7001	1517700	1532.7001	1532700	16.0	16000	""osoba2""
""osoba2""		1519.2001	1519200	1532.7001	1532700	14.5	14500	""osoba2""
""osoba2""		1521.0	1521000	1532.7001	1532700	12.700073	12700	""osoba2""
""osoba2""		1523.1001	1523100	1532.7001	1532700	10.599976	10599	""osoba2""
""osoba2""		1527.6001	1527600	1532.7001	1532700	6.0999756	6099	""osoba2""
""osoba2""		1528.2001	1528200	1532.7001	1532700	5.5	5500	""osoba2""
""osoba2""		1529.1001	1529100	1532.7001	1532700	4.5999756	4599	""osoba2""
""osoba2""		1530.0	1530000	1532.7001	1532700	3.7000732	3700	""osoba2""
""osoba1""		1530.9	1530900	1545.3	1545300	15.400024	15400	""osoba1""
""osoba2""		1530.9	1530900	1532.7001	1532700	2.8000488	2800	""osoba2""
""osoba1""		1532.4	1532400	1545.3	1545300	13.900024	13900	""osoba1""
""osoba4""		1533.0	1533000	1533.3	1533300	1.3000488	1300	""osoba4""
""osoba1""		1534.2001	1534200	1545.3	1545300	12.099976	12099	""osoba1""
""osoba3""		1535.1001	1535100	1535.7001	1535700	1.5999756	1599	""osoba3""
""osoba1""		1536.9	1536900	1545.3	1545300	9.400024	9400	""osoba1""
""osoba1""		1538.4	1538400	1545.3	1545300	7.9000244	7900	""osoba1""
""osoba1""		1540.2001	1540200	1545.3	1545300	6.0999756	6099	""osoba1""
""osoba1""		1542.0001	1542000	1545.3	1545300	4.2999268	4299	""osoba1""
""osoba1""		1543.8	1543800	1545.3	1545300	2.5	2500	""osoba1""
""osoba3""		1544.7001	1544700	1546.5001	1546500	2.8000488	2800	""osoba3""
""osoba1""		1550.4	1550400	1559.4	1559400	10.0	10000	""osoba1""
""osoba1""		1553.4	1553400	1559.4	1559400	7.0	7000	""osoba1""
""osoba1""		1556.4	1556400	1559.4	1559400	4.0	4000	""osoba1""
""osoba1""		1557.0001	1557000	1559.4	1559400	3.3999023	3399	""osoba1""
""osoba3""		1557.0001	1557000	1560.6001	1560600	4.5999756	4599	""osoba3""
""osoba1""		1558.2001	1558200	1559.4	1559400	2.1999512	2199	""osoba1""
""osoba3""		1558.8	1558800	1560.6001	1560600	2.8000488	2800	""osoba3""
""osoba4""		1564.5001	1564500	1588.8	1588800	25.299927	25299	""osoba4""
""osoba4""		1566.0001	1566000	1588.8	1588800	23.799927	23799	""osoba4""
""osoba4""		1567.8	1567800	1588.8	1588800	22.0	22000	""osoba4""
""osoba1""		1569.0001	1569000	1571.4	1571400	3.3999023	3399	""osoba1""
""osoba4""		1572.9	1572900	1588.8	1588800	16.900024	16900	""osoba4""
""osoba4""		1573.8	1573800	1588.8	1588800	16.0	16000	""osoba4""
""osoba4""		1575.6001	1575600	1588.8	1588800	14.199951	14199	""osoba4""
""osoba4""		1576.5001	1576500	1588.8	1588800	13.299927	13299	""osoba4""
""osoba4""		1580.1001	1580100	1588.8	1588800	9.699951	9699	""osoba4""
""osoba4""		1581.6001	1581600	1588.8	1588800	8.199951	8199	""osoba4""
""osoba4""		1582.2001	1582200	1588.8	1588800	7.5999756	7599	""osoba4""
""osoba4""		1583.7001	1583700	1588.8	1588800	6.0999756	6099	""osoba4""
""osoba3""		1584.9	1584900	1590.0001	1590000	6.1000977	6100	""osoba3""
""osoba1""		1585.8	1585800	1585.8	1585800	1.0	1000	""osoba1""
""osoba4""		1585.8	1585800	1588.8	1588800	4.0	4000	""osoba4""
""osoba2""		1598.1001	1598100	1616.4	1616400	19.299927	19299	""osoba2""
""osoba2""		1604.7001	1604700	1616.4	1616400	12.699951	12699	""osoba2""
""osoba2""		1605.3	1605300	1616.4	1616400	12.099976	12099	""osoba2""
""osoba2""		1608.3	1608300	1616.4	1616400	9.099976	9099	""osoba2""
""osoba2""		1609.5001	1609500	1616.4	1616400	7.8999023	7899	""osoba2""
""osoba1""		1609.8	1609800	1611.0001	1611000	2.2000732	2200	""osoba1""
""osoba2""		1611.6001	1611600	1616.4	1616400	5.7999268	5799	""osoba2""
""osoba2""		1612.8	1612800	1616.4	1616400	4.5999756	4599	""osoba2""
""osoba2""		1613.7001	1613700	1616.4	1616400	3.6999512	3699	""osoba2""
""osoba2""		1615.5001	1615500	1616.4	1616400	1.8999023	1899	""osoba2""
""osoba3""		1615.8	1615800	1620.3	1620300	5.5	5500	""osoba3""
