"default"		0.0	0	1.0	1000	1.0	1000	BEGIN
"default"		1620.3	1620300	1620.31	1621300	1.0	1000	END
""osoba3""		6.9	6900	33.0	33000	27.1	27100	""osoba3""
""osoba3""		7.8	7800	33.0	33000	26.2	26200	""osoba3""
""osoba1""		8.1	8100	8.1	8100	1.0	1000	""osoba1""
""osoba3""		11.700001	11700	33.0	33000	22.3	22300	""osoba3""
""osoba3""		12.900001	12900	33.0	33000	21.099998	21099	""osoba3""
""osoba3""		13.500001	13500	33.0	33000	20.5	20500	""osoba3""
""osoba3""		17.1	17100	33.0	33000	16.9	16900	""osoba3""
""osoba3""		20.400002	20400	33.0	33000	13.599998	13599	""osoba3""
""osoba3""		21.0	21000	33.0	33000	13.0	13000	""osoba3""
""osoba2""		22.800001	22800	22.800001	22800	1.0	1000	""osoba2""
""osoba3""		23.7	23700	33.0	33000	10.299999	10299	""osoba3""
""osoba3""		27.000002	27000	33.0	33000	6.999998	6999	""osoba3""
""osoba3""		27.6	27600	33.0	33000	6.3999996	6399	""osoba3""
""osoba3""		29.1	29100	33.0	33000	4.8999996	4899	""osoba3""
""osoba3""		32.100002	32100	33.0	33000	1.8999977	1899	""osoba3""
""osoba1""		32.7	32700	33.600002	33600	1.9000015	1900	""osoba1""
""osoba3""		36.0	36000	37.5	37500	2.5	2500	""osoba3""
""osoba1""		36.9	36900	38.4	38400	2.5	2500	""osoba1""
""osoba3""		45.0	45000	71.700005	71700	27.700005	27700	""osoba3""
""osoba3""		45.600002	45600	71.700005	71700	27.100002	27100	""osoba3""
""osoba3""		46.2	46200	71.700005	71700	26.500004	26500	""osoba3""
""osoba3""		48.300003	48300	71.700005	71700	24.400002	24400	""osoba3""
""osoba3""		52.500004	52500	71.700005	71700	20.2	20200	""osoba3""
""osoba3""		55.800003	55800	71.700005	71700	16.900002	16900	""osoba3""
""osoba3""		56.4	56400	71.700005	71700	16.300003	16300	""osoba3""
""osoba3""		57.600002	57600	71.700005	71700	15.100002	15100	""osoba3""
""osoba3""		60.300003	60300	71.700005	71700	12.400002	12400	""osoba3""
""osoba3""		66.3	66300	71.700005	71700	6.4000015	6400	""osoba3""
""osoba3""		67.5	67500	71.700005	71700	5.2000046	5200	""osoba3""
""osoba2""		69.600006	69600	69.600006	69600	1.0	1000	""osoba2""
""osoba3""		69.9	69900	71.700005	71700	2.800003	2800	""osoba3""
""osoba4""		71.100006	71100	71.700005	71700	1.5999985	1599	""osoba4""
""osoba1""		72.0	72000	74.100006	74100	3.100006	3100	""osoba1""
""osoba3""		74.4	74400	87.9	87900	14.5	14500	""osoba3""
""osoba3""		75.9	75900	87.9	87900	13.0	13000	""osoba3""
""osoba3""		78.0	78000	87.9	87900	10.900002	10900	""osoba3""
""osoba3""		79.5	79500	87.9	87900	9.400002	9400	""osoba3""
""osoba3""		80.4	80400	87.9	87900	8.5	8500	""osoba3""
""osoba3""		81.0	81000	87.9	87900	7.9000015	7900	""osoba3""
""osoba3""		82.200005	82200	87.9	87900	6.699997	6699	""osoba3""
""osoba3""		83.4	83400	87.9	87900	5.5	5500	""osoba3""
""osoba3""		84.600006	84600	87.9	87900	4.2999954	4299	""osoba3""
""osoba3""		86.4	86400	87.9	87900	2.5	2500	""osoba3""
""osoba1""		87.9	87900	88.8	88800	1.9000015	1900	""osoba1""
""osoba3""		91.5	91500	93.3	93300	2.800003	2800	""osoba3""
""osoba1""		92.100006	92100	92.700005	92700	1.5999985	1599	""osoba1""
""osoba2""		93.600006	93600	95.700005	95700	3.0999985	3099	""osoba2""
""osoba3""		96.0	96000	108.00001	108000	13.000008	13000	""osoba3""
""osoba3""		97.8	97800	108.00001	108000	11.200005	11200	""osoba3""
""osoba3""		99.9	99900	108.00001	108000	9.100006	9100	""osoba3""
""osoba3""		101.700005	101700	108.00001	108000	7.300003	7300	""osoba3""
""osoba3""		103.50001	103500	108.00001	108000	5.5	5500	""osoba3""
""osoba4""		106.50001	106500	106.50001	106500	1.0	1000	""osoba4""
""osoba3""		107.100006	107100	108.00001	108000	1.9000015	1900	""osoba3""
""osoba1""		108.00001	108000	112.200005	112200	5.199997	5199	""osoba1""
""osoba4""		109.50001	109500	109.8	109800	1.2999954	1299	""osoba4""
""osoba2""		109.8	109800	110.100006	110100	1.300003	1300	""osoba2""
""osoba3""		119.700005	119700	144.90001	144900	26.200005	26200	""osoba3""
""osoba3""		121.200005	121200	144.90001	144900	24.700005	24700	""osoba3""
""osoba3""		122.4	122400	144.90001	144900	23.500008	23500	""osoba3""
""osoba3""		125.700005	125700	144.90001	144900	20.200005	20200	""osoba3""
""osoba4""		126.9	126900	127.200005	127200	1.300003	1300	""osoba4""
""osoba3""		127.8	127800	144.90001	144900	18.100006	18100	""osoba3""
""osoba3""		129.3	129300	144.90001	144900	16.600006	16600	""osoba3""
""osoba1""		130.20001	130200	131.70001	131700	2.5	2500	""osoba1""
""osoba3""		132.3	132300	144.90001	144900	13.600006	13600	""osoba3""
""osoba3""		133.8	133800	144.90001	144900	12.100006	12100	""osoba3""
""osoba3""		135.90001	135900	144.90001	144900	10.0	10000	""osoba3""
""osoba3""		138.0	138000	144.90001	144900	7.900009	7900	""osoba3""
""osoba3""		138.6	138600	144.90001	144900	7.300003	7300	""osoba3""
""osoba3""		139.5	139500	144.90001	144900	6.400009	6400	""osoba3""
""osoba3""		141.0	141000	144.90001	144900	4.900009	4900	""osoba3""
""osoba3""		142.20001	142200	144.90001	144900	3.699997	3699	""osoba3""
""osoba1""		144.90001	144900	150.6	150600	6.699997	6699	""osoba1""
""osoba2""		147.6	147600	166.5	166500	19.899994	19899	""osoba2""
""osoba3""		148.20001	148200	148.8	148800	1.5999908	1599	""osoba3""
""osoba2""		150.6	150600	166.5	166500	16.899994	16899	""osoba2""
""osoba2""		151.8	151800	166.5	166500	15.699997	15699	""osoba2""
""osoba2""		154.5	154500	166.5	166500	13.0	13000	""osoba2""
""osoba2""		155.1	155100	166.5	166500	12.399994	12399	""osoba2""
""osoba1""		159.90001	159900	160.20001	160200	1.300003	1300	""osoba1""
""osoba2""		161.40001	161400	166.5	166500	6.099991	6099	""osoba2""
""osoba2""		162.6	162600	166.5	166500	4.899994	4899	""osoba2""
""osoba1""		163.8	163800	167.1	167100	4.300003	4300	""osoba1""
""osoba2""		163.8	163800	166.5	166500	3.699997	3699	""osoba2""
""osoba4""		165.90001	165900	174.6	174600	9.699997	9699	""osoba4""
""osoba1""		166.5	166500	167.1	167100	1.6000061	1600	""osoba1""
""osoba4""		167.70001	167700	174.6	174600	7.899994	7899	""osoba4""
""osoba1""		169.20001	169200	175.8	175800	7.599991	7599	""osoba1""
""osoba4""		169.20001	169200	174.6	174600	6.399994	6399	""osoba4""
""osoba4""		169.8	169800	174.6	174600	5.800003	5800	""osoba4""
""osoba4""		170.40001	170400	174.6	174600	5.199997	5199	""osoba4""
""osoba1""		171.0	171000	175.8	175800	5.800003	5800	""osoba1""
""osoba1""		174.6	174600	175.8	175800	2.199997	2199	""osoba1""
""osoba4""		174.6	174600	174.6	174600	1.0	1000	""osoba4""
""osoba4""		178.20001	178200	186.3	186300	9.099991	9099	""osoba4""
""osoba4""		181.20001	181200	186.3	186300	6.099991	6099	""osoba4""
""osoba4""		182.1	182100	186.3	186300	5.199997	5199	""osoba4""
""osoba3""		182.40001	182400	182.40001	182400	1.0	1000	""osoba3""
""osoba4""		184.20001	184200	186.3	186300	3.0999908	3099	""osoba4""
""osoba1""		186.6	186600	188.1	188100	2.5	2500	""osoba1""
""osoba3""		187.20001	187200	187.8	187800	1.5999908	1599	""osoba3""
""osoba2""		195.6	195600	199.50002	199500	4.900009	4900	""osoba2""
""osoba2""		197.1	197100	199.50002	199500	3.4000092	3400	""osoba2""
""osoba1""		197.70001	197700	199.8	199800	3.0999908	3099	""osoba1""
""osoba3""		198.3	198300	198.3	198300	1.0	1000	""osoba3""
""osoba2""		202.50002	202500	207.00002	207000	5.5	5500	""osoba2""
""osoba2""		204.00002	204000	207.00002	207000	4.0	4000	""osoba2""
""osoba2""		204.6	204600	207.00002	207000	3.4000092	3400	""osoba2""
""osoba3""		206.70001	206700	209.1	209100	3.399994	3399	""osoba3""
""osoba1""		207.6	207600	209.70001	209700	3.100006	3100	""osoba1""
""osoba1""		209.40001	209400	209.70001	209700	1.300003	1300	""osoba1""
""osoba3""		211.20001	211200	212.1	212100	1.8999939	1899	""osoba3""
""osoba4""		211.20001	211200	218.1	218100	7.899994	7899	""osoba4""
""osoba4""		213.00002	213000	218.1	218100	6.099991	6099	""osoba4""
""osoba4""		213.6	213600	218.1	218100	5.5	5500	""osoba4""
""osoba4""		214.50002	214500	218.1	218100	4.599991	4599	""osoba4""
""osoba4""		215.40001	215400	218.1	218100	3.699997	3699	""osoba4""
""osoba4""		216.00002	216000	218.1	218100	3.0999908	3099	""osoba4""
""osoba4""		216.6	216600	218.1	218100	2.5	2500	""osoba4""
""osoba3""		217.20001	217200	224.40001	224400	8.199997	8199	""osoba3""
""osoba3""		219.6	219600	224.40001	224400	5.800003	5800	""osoba3""
""osoba3""		221.40001	221400	224.40001	224400	4.0	4000	""osoba3""
""osoba3""		222.3	222300	224.40001	224400	3.100006	3100	""osoba3""
""osoba1""		223.8	223800	225.6	225600	2.800003	2800	""osoba1""
""osoba3""		231.90001	231900	235.20001	235200	4.300003	4300	""osoba3""
""osoba3""		233.1	233100	235.20001	235200	3.100006	3100	""osoba3""
""osoba3""		233.70001	233700	235.20001	235200	2.5	2500	""osoba3""
""osoba4""		235.8	235800	278.40002	278400	43.60002	43600	""osoba4""
""osoba4""		237.90001	237900	278.40002	278400	41.500015	41500	""osoba4""
""osoba4""		238.8	238800	278.40002	278400	40.60002	40600	""osoba4""
""osoba4""		239.40001	239400	278.40002	278400	40.000015	40000	""osoba4""
""osoba4""		240.00002	240000	278.40002	278400	39.40001	39400	""osoba4""
""osoba3""		241.8	241800	241.8	241800	1.0	1000	""osoba3""
""osoba4""		243.3	243300	278.40002	278400	36.10002	36100	""osoba4""
""osoba4""		244.20001	244200	278.40002	278400	35.200012	35200	""osoba4""
""osoba4""		246.6	246600	278.40002	278400	32.80002	32800	""osoba4""
""osoba4""		247.8	247800	278.40002	278400	31.600021	31600	""osoba4""
""osoba4""		249.00002	249000	278.40002	278400	30.40001	30400	""osoba4""
""osoba4""		249.90001	249900	278.40002	278400	29.500015	29500	""osoba4""
""osoba4""		251.40001	251400	278.40002	278400	28.000015	28000	""osoba4""
""osoba4""		254.40001	254400	278.40002	278400	25.000015	25000	""osoba4""
""osoba4""		255.90001	255900	278.40002	278400	23.500015	23500	""osoba4""
""osoba2""		257.1	257100	257.40002	257400	1.3000183	1300	""osoba2""
""osoba4""		257.1	257100	278.40002	278400	22.300018	22300	""osoba4""
""osoba4""		259.5	259500	278.40002	278400	19.900024	19900	""osoba4""
""osoba4""		260.1	260100	278.40002	278400	19.300018	19300	""osoba4""
""osoba4""		261.30002	261300	278.40002	278400	18.100006	18100	""osoba4""
""osoba2""		261.90002	261900	262.5	262500	1.5999756	1599	""osoba2""
""osoba4""		263.40002	263400	278.40002	278400	16.0	16000	""osoba4""
""osoba4""		266.1	266100	278.40002	278400	13.300018	13300	""osoba4""
""osoba4""		269.1	269100	278.40002	278400	10.300018	10300	""osoba4""
""osoba4""		270.0	270000	278.40002	278400	9.400024	9400	""osoba4""
""osoba4""		270.6	270600	278.40002	278400	8.800018	8800	""osoba4""
""osoba4""		271.80002	271800	278.40002	278400	7.600006	7600	""osoba4""
""osoba4""		273.90002	273900	278.40002	278400	5.5	5500	""osoba4""
""osoba4""		276.30002	276300	278.40002	278400	3.100006	3100	""osoba4""
""osoba4""		276.90002	276900	278.40002	278400	2.5	2500	""osoba4""
""osoba2""		277.80002	277800	286.80002	286800	10.0	10000	""osoba2""
""osoba2""		282.6	282600	286.80002	286800	5.200012	5200	""osoba2""
""osoba2""		283.5	283500	286.80002	286800	4.3000183	4300	""osoba2""
""osoba4""		286.2	286200	294.0	294000	8.799988	8799	""osoba4""
""osoba4""		288.0	288000	294.0	294000	7.0	7000	""osoba4""
""osoba4""		289.5	289500	294.0	294000	5.5	5500	""osoba4""
""osoba4""		290.40002	290400	294.0	294000	4.5999756	4599	""osoba4""
""osoba4""		292.2	292200	294.0	294000	2.7999878	2799	""osoba4""
""osoba1""		293.7	293700	297.0	297000	4.299988	4299	""osoba1""
""osoba3""		294.0	294000	295.2	295200	2.2000122	2200	""osoba3""
""osoba2""		298.80002	298800	298.80002	298800	1.0	1000	""osoba2""
""osoba3""		304.2	304200	314.1	314100	10.899994	10899	""osoba3""
""osoba3""		305.7	305700	314.1	314100	9.399994	9399	""osoba3""
""osoba3""		307.5	307500	314.1	314100	7.600006	7600	""osoba3""
""osoba3""		309.0	309000	314.1	314100	6.100006	6100	""osoba3""
""osoba3""		312.0	312000	314.1	314100	3.100006	3100	""osoba3""
""osoba4""		313.80002	313800	324.6	324600	11.799988	11799	""osoba4""
""osoba3""		314.1	314100	314.1	314100	1.0	1000	""osoba3""
""osoba4""		314.7	314700	324.6	324600	10.899994	10899	""osoba4""
""osoba4""		318.30002	318300	324.6	324600	7.299988	7299	""osoba4""
""osoba1""		320.40002	320400	324.6	324600	5.1999817	5199	""osoba1""
""osoba4""		320.7	320700	324.6	324600	4.899994	4899	""osoba4""
""osoba1""		321.6	321600	324.6	324600	4.0	4000	""osoba1""
""osoba4""		321.6	321600	324.6	324600	4.0	4000	""osoba4""
""osoba4""		323.1	323100	324.6	324600	2.5	2500	""osoba4""
""osoba1""		323.7	323700	324.6	324600	1.8999939	1899	""osoba1""
""osoba4""		323.7	323700	324.6	324600	1.8999939	1899	""osoba4""
""osoba2""		324.30002	324300	344.1	344100	20.799988	20799	""osoba2""
""osoba2""		326.40002	326400	344.1	344100	18.699982	18699	""osoba2""
""osoba2""		328.5	328500	344.1	344100	16.600006	16600	""osoba2""
""osoba1""		330.30002	330300	332.40002	332400	3.100006	3100	""osoba1""
""osoba2""		330.30002	330300	344.1	344100	14.799988	14799	""osoba2""
""osoba2""		334.2	334200	344.1	344100	10.899994	10899	""osoba2""
""osoba2""		335.40002	335400	344.1	344100	9.699982	9699	""osoba2""
""osoba2""		336.90002	336900	344.1	344100	8.199982	8199	""osoba2""
""osoba2""		337.5	337500	344.1	344100	7.600006	7600	""osoba2""
""osoba2""		340.2	340200	344.1	344100	4.899994	4899	""osoba2""
""osoba2""		342.90002	342900	344.1	344100	2.1999817	2199	""osoba2""
""osoba4""		343.2	343200	359.1	359100	16.899994	16899	""osoba4""
""osoba4""		349.2	349200	359.1	359100	10.899994	10899	""osoba4""
""osoba1""		352.2	352200	354.30002	354300	3.100006	3100	""osoba1""
""osoba4""		353.40002	353400	359.1	359100	6.6999817	6699	""osoba4""
""osoba3""		354.90002	354900	355.5	355500	1.5999756	1599	""osoba3""
""osoba4""		356.40002	356400	359.1	359100	3.6999817	3699	""osoba4""
""osoba4""		357.30002	357300	359.1	359100	2.7999878	2799	""osoba4""
""osoba3""		358.2	358200	366.6	366600	9.399994	9399	""osoba3""
""osoba4""		358.2	358200	359.1	359100	1.8999939	1899	""osoba4""
""osoba4""		362.1	362100	362.1	362100	1.0	1000	""osoba4""
""osoba3""		362.40002	362400	366.6	366600	5.1999817	5199	""osoba3""
""osoba3""		363.6	363600	366.6	366600	4.0	4000	""osoba3""
""osoba3""		365.1	365100	366.6	366600	2.5	2500	""osoba3""
""osoba2""		365.40002	365400	368.1	368100	3.6999817	3699	""osoba2""
""osoba4""		368.1	368100	368.1	368100	1.0	1000	""osoba4""
""osoba3""		368.7	368700	369.90002	369900	2.2000122	2200	""osoba3""
""osoba3""		369.30002	369300	369.90002	369900	1.6000061	1600	""osoba3""
""osoba1""		369.6	369600	371.40002	371400	2.8000183	2800	""osoba1""
""osoba3""		376.80002	376800	383.40002	383400	7.600006	7600	""osoba3""
""osoba3""		378.6	378600	383.40002	383400	5.8000183	5800	""osoba3""
""osoba3""		380.1	380100	383.40002	383400	4.3000183	4300	""osoba3""
""osoba3""		380.7	380700	383.40002	383400	3.7000122	3700	""osoba3""
""osoba2""		381.6	381600	387.90002	387900	7.3000183	7300	""osoba2""
""osoba2""		384.30002	384300	387.90002	387900	4.600006	4600	""osoba2""
""osoba1""		385.50003	385500	390.00003	390000	5.5	5500	""osoba1""
""osoba4""		387.00003	387000	387.90002	387900	1.8999939	1899	""osoba4""
""osoba3""		397.50003	397500	430.80002	430800	34.299988	34299	""osoba3""
""osoba1""		406.2	406200	406.50003	406500	1.3000183	1300	""osoba1""
""osoba3""		406.50003	406500	430.80002	430800	25.299988	25299	""osoba3""
""osoba3""		408.90002	408900	430.80002	430800	22.899994	22899	""osoba3""
""osoba3""		411.90002	411900	430.80002	430800	19.899994	19899	""osoba3""
""osoba3""		412.80002	412800	430.80002	430800	19.0	19000	""osoba3""
""osoba3""		422.7	422700	430.80002	430800	9.100006	9100	""osoba3""
""osoba3""		423.90002	423900	430.80002	430800	7.899994	7899	""osoba3""
""osoba3""		425.7	425700	430.80002	430800	6.100006	6100	""osoba3""
""osoba3""		427.2	427200	430.80002	430800	4.600006	4600	""osoba3""
""osoba3""		427.80002	427800	430.80002	430800	4.0	4000	""osoba3""
""osoba2""		428.7	428700	445.50003	445500	17.800018	17800	""osoba2""
""osoba2""		430.80002	430800	445.50003	445500	15.700012	15700	""osoba2""
""osoba2""		432.00003	432000	445.50003	445500	14.5	14500	""osoba2""
""osoba3""		432.90002	432900	433.50003	433500	1.6000061	1600	""osoba3""
""osoba2""		438.6	438600	445.50003	445500	7.9000244	7900	""osoba2""
""osoba2""		440.40002	440400	445.50003	445500	6.100006	6100	""osoba2""
""osoba2""		441.30002	441300	445.50003	445500	5.200012	5200	""osoba2""
""osoba2""		441.90002	441900	445.50003	445500	4.600006	4600	""osoba2""
""osoba2""		442.50003	442500	445.50003	445500	4.0	4000	""osoba2""
""osoba1""		444.90002	444900	445.80002	445800	1.8999939	1899	""osoba1""
""osoba2""		450.90002	450900	473.1	473100	23.199982	23199	""osoba2""
""osoba2""		451.50003	451500	473.1	473100	22.599976	22599	""osoba2""
""osoba2""		452.1	452100	473.1	473100	22.0	22000	""osoba2""
""osoba3""		452.7	452700	453.30002	453300	1.6000061	1600	""osoba3""
""osoba1""		454.2	454200	454.50003	454500	1.3000183	1300	""osoba1""
""osoba2""		456.30002	456300	473.1	473100	17.799988	17799	""osoba2""
""osoba2""		456.90002	456900	473.1	473100	17.199982	17199	""osoba2""
""osoba2""		460.80002	460800	473.1	473100	13.299988	13299	""osoba2""
""osoba2""		462.6	462600	473.1	473100	11.5	11500	""osoba2""
""osoba2""		463.50003	463500	473.1	473100	10.599976	10599	""osoba2""
""osoba2""		464.40002	464400	473.1	473100	9.699982	9699	""osoba2""
""osoba2""		465.30002	465300	473.1	473100	8.799988	8799	""osoba2""
""osoba2""		468.90002	468900	473.1	473100	5.1999817	5199	""osoba2""
""osoba4""		472.50003	472500	475.80002	475800	4.299988	4299	""osoba4""
""osoba2""		472.80002	472800	473.1	473100	1.2999878	1299	""osoba2""
""osoba3""		474.00003	474000	475.2	475200	2.1999817	2199	""osoba3""
""osoba1""		474.6	474600	476.7	476700	3.100006	3100	""osoba1""
""osoba1""		476.1	476100	476.7	476700	1.6000061	1600	""osoba1""
""osoba2""		476.40002	476400	478.2	478200	2.7999878	2799	""osoba2""
""osoba4""		478.50003	478500	480.00003	480000	2.5	2500	""osoba4""
""osoba3""		479.1	479100	484.50003	484500	6.4000244	6400	""osoba3""
""osoba1""		484.50003	484500	484.80002	484800	1.2999878	1299	""osoba1""
""osoba3""		486.6	486600	489.90002	489900	4.3000183	4300	""osoba3""
""osoba1""		487.80002	487800	487.80002	487800	1.0	1000	""osoba1""
""osoba3""		488.7	488700	489.90002	489900	2.2000122	2200	""osoba3""
""osoba4""		489.6	489600	494.40002	494400	5.8000183	5800	""osoba4""
""osoba1""		494.7	494700	494.7	494700	1.0	1000	""osoba1""
""osoba3""		494.7	494700	522.9	522900	29.200012	29200	""osoba3""
""osoba3""		495.90002	495900	522.9	522900	28.0	28000	""osoba3""
""osoba4""		498.30002	498300	499.80002	499800	2.5	2500	""osoba4""
""osoba1""		501.90002	501900	503.1	503100	2.1999817	2199	""osoba1""
""osoba3""		503.40002	503400	522.9	522900	20.5	20500	""osoba3""
""osoba2""		504.00003	504000	504.6	504600	1.5999756	1599	""osoba2""
""osoba3""		504.00003	504000	522.9	522900	19.899994	19899	""osoba3""
""osoba3""		509.40002	509400	522.9	522900	14.5	14500	""osoba3""
""osoba3""		513.60004	513600	522.9	522900	10.299988	10299	""osoba3""
""osoba4""		514.2	514200	515.4	515400	2.2000122	2200	""osoba4""
""osoba3""		518.4	518400	522.9	522900	5.5	5500	""osoba3""
""osoba3""		519.30005	519300	522.9	522900	4.5999756	4599	""osoba3""
""osoba3""		520.80005	520800	522.9	522900	3.0999756	3099	""osoba3""
""osoba1""		521.4	521400	524.10004	524100	3.7000122	3700	""osoba1""
""osoba4""		528.0	528000	547.80005	547800	20.800049	20800	""osoba4""
""osoba4""		533.4	533400	547.80005	547800	15.400024	15400	""osoba4""
""osoba1""		535.80005	535800	539.7	539700	4.8999634	4899	""osoba1""
""osoba4""		536.10004	536100	547.80005	547800	12.700012	12700	""osoba4""
""osoba1""		539.10004	539100	539.7	539700	1.5999756	1599	""osoba1""
""osoba4""		539.10004	539100	547.80005	547800	9.700012	9700	""osoba4""
""osoba4""		540.9	540900	547.80005	547800	7.9000244	7900	""osoba4""
""osoba4""		541.80005	541800	547.80005	547800	7.0	7000	""osoba4""
""osoba4""		545.7	545700	547.80005	547800	3.1000366	3100	""osoba4""
""osoba4""		546.60004	546600	547.80005	547800	2.2000122	2200	""osoba4""
""osoba1""		547.80005	547800	548.7	548700	1.8999634	1899	""osoba1""
""osoba4""		551.7	551700	557.7	557700	7.0	7000	""osoba4""
""osoba4""		556.2	556200	557.7	557700	2.5	2500	""osoba4""
""osoba2""		556.80005	556800	564.60004	564600	8.799988	8799	""osoba2""
""osoba2""		558.9	558900	564.60004	564600	6.700012	6700	""osoba2""
""osoba2""		561.0	561000	564.60004	564600	4.6000366	4600	""osoba2""
""osoba1""		563.4	563400	569.4	569400	7.0	7000	""osoba1""
""osoba4""		566.7	566700	579.60004	579600	13.900024	13900	""osoba4""
""osoba3""		569.7	569700	569.7	569700	1.0	1000	""osoba3""
""osoba4""		570.30005	570300	579.60004	579600	10.299988	10299	""osoba4""
""osoba4""		572.4	572400	579.60004	579600	8.200012	8200	""osoba4""
""osoba4""		574.80005	574800	579.60004	579600	5.799988	5799	""osoba4""
""osoba4""		577.2	577200	579.60004	579600	3.4000244	3400	""osoba4""
""osoba3""		577.5	577500	580.2	580200	3.7000122	3700	""osoba3""
""osoba1""		578.4	578400	579.30005	579300	1.9000244	1900	""osoba1""
""osoba2""		579.9	579900	584.4	584400	5.5	5500	""osoba2""
""osoba3""		579.9	579900	580.2	580200	1.2999878	1299	""osoba3""
""osoba2""		582.0	582000	584.4	584400	3.4000244	3400	""osoba2""
""osoba2""		583.80005	583800	584.4	584400	1.5999756	1599	""osoba2""
""osoba3""		584.10004	584100	600.9	600900	17.799988	17799	""osoba3""
""osoba3""		585.9	585900	600.9	600900	16.0	16000	""osoba3""
""osoba3""		587.10004	587100	600.9	600900	14.799988	14799	""osoba3""
""osoba3""		588.60004	588600	600.9	600900	13.299988	13299	""osoba3""
""osoba3""		589.80005	589800	600.9	600900	12.099976	12099	""osoba3""
""osoba4""		590.10004	590100	592.5	592500	3.3999634	3399	""osoba4""
""osoba1""		595.5	595500	596.10004	596100	1.6000366	1600	""osoba1""
""osoba3""		596.4	596400	600.9	600900	5.5	5500	""osoba3""
""osoba3""		600.30005	600300	600.9	600900	1.5999756	1599	""osoba3""
""osoba1""		600.60004	600600	601.2	601200	1.5999756	1599	""osoba1""
""osoba3""		603.60004	603600	606.30005	606300	3.7000122	3700	""osoba3""
""osoba3""		604.5	604500	606.30005	606300	2.8000488	2800	""osoba3""
""osoba3""		606.0	606000	606.30005	606300	1.3000488	1300	""osoba3""
""osoba1""		606.9	606900	607.5	607500	1.5999756	1599	""osoba1""
""osoba3""		611.10004	611100	623.4	623400	13.299988	13299	""osoba3""
""osoba4""		616.80005	616800	616.80005	616800	1.0	1000	""osoba4""
""osoba3""		618.60004	618600	623.4	623400	5.799988	5799	""osoba3""
""osoba3""		619.80005	619800	623.4	623400	4.5999756	4599	""osoba3""
""osoba3""		620.7	620700	623.4	623400	3.7000122	3700	""osoba3""
""osoba3""		623.10004	623100	623.4	623400	1.2999878	1299	""osoba3""
""osoba4""		623.10004	623100	634.2	634200	12.099976	12099	""osoba4""
""osoba4""		624.60004	624600	634.2	634200	10.599976	10599	""osoba4""
""osoba4""		627.0	627000	634.2	634200	8.200012	8200	""osoba4""
""osoba4""		627.9	627900	634.2	634200	7.299988	7299	""osoba4""
""osoba4""		628.80005	628800	634.2	634200	6.3999634	6399	""osoba4""
""osoba2""		629.10004	629100	630.30005	630300	2.2000122	2200	""osoba2""
""osoba4""		632.4	632400	634.2	634200	2.7999878	2799	""osoba4""
""osoba1""		633.9	633900	635.4	635400	2.5	2500	""osoba1""
""osoba4""		634.2	634200	634.2	634200	1.0	1000	""osoba4""
""osoba3""		637.5	637500	638.10004	638100	1.6000366	1600	""osoba3""
""osoba2""		638.10004	638100	645.9	645900	8.799988	8799	""osoba2""
""osoba2""		639.60004	639600	645.9	645900	7.299988	7299	""osoba2""
""osoba2""		641.4	641400	645.9	645900	5.5	5500	""osoba2""
""osoba2""		643.5	643500	645.9	645900	3.4000244	3400	""osoba2""
""osoba2""		644.7	644700	645.9	645900	2.2000122	2200	""osoba2""
""osoba1""		645.0	645000	648.0	648000	4.0	4000	""osoba1""
""osoba4""		656.4	656400	671.4	671400	16.0	16000	""osoba4""
""osoba4""		657.60004	657600	671.4	671400	14.799988	14799	""osoba4""
""osoba4""		658.80005	658800	671.4	671400	13.599976	13599	""osoba4""
""osoba4""		660.9	660900	671.4	671400	11.5	11500	""osoba4""
""osoba4""		661.5	661500	671.4	671400	10.900024	10900	""osoba4""
""osoba4""		666.0	666000	671.4	671400	6.4000244	6400	""osoba4""
""osoba4""		667.2	667200	671.4	671400	5.200012	5200	""osoba4""
""osoba1""		667.80005	667800	672.0	672000	5.199951	5199	""osoba1""
""osoba4""		670.2	670200	671.4	671400	2.2000122	2200	""osoba4""
""osoba1""		670.5	670500	672.0	672000	2.5	2500	""osoba1""
""osoba2""		673.2	673200	681.60004	681600	9.400024	9400	""osoba2""
""osoba2""		674.7	674700	681.60004	681600	7.9000244	7900	""osoba2""
""osoba1""		675.9	675900	677.10004	677100	2.2000122	2200	""osoba1""
""osoba2""		678.9	678900	681.60004	681600	3.7000122	3700	""osoba2""
""osoba2""		679.5	679500	681.60004	681600	3.1000366	3100	""osoba2""
""osoba2""		680.10004	680100	681.60004	681600	2.5	2500	""osoba2""
""osoba3""		681.9	681900	684.0	684000	3.0999756	3099	""osoba3""
""osoba4""		682.5	682500	682.5	682500	1.0	1000	""osoba4""
""osoba1""		682.80005	682800	684.9	684900	3.0999756	3099	""osoba1""
""osoba3""		688.80005	688800	713.4	713400	25.599976	25599	""osoba3""
""osoba3""		689.4	689400	713.4	713400	25.0	25000	""osoba3""
""osoba3""		691.5	691500	713.4	713400	22.900024	22900	""osoba3""
""osoba3""		694.80005	694800	713.4	713400	19.599976	19599	""osoba3""
""osoba3""		695.4	695400	713.4	713400	19.0	19000	""osoba3""
""osoba3""		696.30005	696300	713.4	713400	18.099976	18099	""osoba3""
""osoba3""		697.2	697200	713.4	713400	17.200012	17200	""osoba3""
""osoba3""		698.7	698700	713.4	713400	15.700012	15700	""osoba3""
""osoba3""		699.30005	699300	713.4	713400	15.099976	15099	""osoba3""
""osoba3""		701.4	701400	713.4	713400	13.0	13000	""osoba3""
""osoba3""		707.10004	707100	713.4	713400	7.299988	7299	""osoba3""
""osoba3""		709.2	709200	713.4	713400	5.200012	5200	""osoba3""
""osoba3""		711.9	711900	713.4	713400	2.5	2500	""osoba3""
""osoba2""		714.0	714000	728.4	728400	15.400024	15400	""osoba2""
""osoba3""		715.5	715500	716.4	716400	1.9000244	1900	""osoba3""
""osoba2""		719.7	719700	728.4	728400	9.700012	9700	""osoba2""
""osoba2""		725.7	725700	728.4	728400	3.7000122	3700	""osoba2""
""osoba2""		726.30005	726300	728.4	728400	3.0999756	3099	""osoba2""
""osoba2""		726.9	726900	728.4	728400	2.5	2500	""osoba2""
""osoba1""		728.7	728700	729.0	729000	1.2999878	1299	""osoba1""
""osoba2""		731.4	731400	741.0	741000	10.599976	10599	""osoba2""
""osoba2""		732.0	732000	741.0	741000	10.0	10000	""osoba2""
""osoba3""		733.5	733500	733.5	733500	1.0	1000	""osoba3""
""osoba1""		736.5	736500	741.30005	741300	5.800049	5800	""osoba1""
""osoba2""		740.10004	740100	741.0	741000	1.8999634	1899	""osoba2""
""osoba3""		740.10004	740100	740.10004	740100	1.0	1000	""osoba3""
""osoba1""		740.7	740700	741.30005	741300	1.6000366	1600	""osoba1""
""osoba2""		744.9	744900	749.10004	749100	5.200012	5200	""osoba2""
""osoba2""		745.5	745500	749.10004	749100	4.6000366	4600	""osoba2""
""osoba3""		747.60004	747600	760.5	760500	13.899963	13899	""osoba3""
""osoba2""		747.9	747900	749.10004	749100	2.2000122	2200	""osoba2""
""osoba3""		750.0	750000	760.5	760500	11.5	11500	""osoba3""
""osoba3""		750.9	750900	760.5	760500	10.599976	10599	""osoba3""
""osoba3""		753.0	753000	760.5	760500	8.5	8500	""osoba3""
""osoba3""		753.60004	753600	760.5	760500	7.8999634	7899	""osoba3""
""osoba3""		754.2	754200	760.5	760500	7.299988	7299	""osoba3""
""osoba3""		757.2	757200	760.5	760500	4.299988	4299	""osoba3""
""osoba3""		757.80005	757800	760.5	760500	3.6999512	3699	""osoba3""
""osoba3""		758.4	758400	760.5	760500	3.0999756	3099	""osoba3""
""osoba3""		759.9	759900	760.5	760500	1.5999756	1599	""osoba3""
""osoba4""		760.5	760500	765.60004	765600	6.1000366	6100	""osoba4""
""osoba4""		764.4	764400	765.60004	765600	2.2000122	2200	""osoba4""
""osoba3""		765.30005	765300	771.00006	771000	6.700012	6700	""osoba3""
""osoba3""		766.5	766500	771.00006	771000	5.500061	5500	""osoba3""
""osoba3""		768.30005	768300	771.00006	771000	3.7000122	3700	""osoba3""
""osoba1""		770.4	770400	774.9	774900	5.5	5500	""osoba1""
""osoba2""		774.00006	774000	774.30005	774300	1.2999878	1299	""osoba2""
""osoba3""		781.2	781200	805.2	805200	25.0	25000	""osoba3""
""osoba3""		782.10004	782100	805.2	805200	24.099976	24099	""osoba3""
""osoba3""		783.30005	783300	805.2	805200	22.899963	22899	""osoba3""
""osoba3""		784.50006	784500	805.2	805200	21.699951	21699	""osoba3""
""osoba3""		785.7	785700	805.2	805200	20.5	20500	""osoba3""
""osoba3""		788.7	788700	805.2	805200	17.5	17500	""osoba3""
""osoba3""		790.50006	790500	805.2	805200	15.699951	15699	""osoba3""
""osoba3""		791.4	791400	805.2	805200	14.799988	14799	""osoba3""
""osoba3""		792.30005	792300	805.2	805200	13.899963	13899	""osoba3""
""osoba3""		793.2	793200	805.2	805200	13.0	13000	""osoba3""
""osoba3""		795.30005	795300	805.2	805200	10.899963	10899	""osoba3""
""osoba4""		797.10004	797100	797.7	797700	1.5999756	1599	""osoba4""
""osoba3""		797.4	797400	805.2	805200	8.799988	8799	""osoba3""
""osoba3""		798.60004	798600	805.2	805200	7.5999756	7599	""osoba3""
""osoba3""		799.2	799200	805.2	805200	7.0	7000	""osoba3""
""osoba4""		800.4	800400	801.60004	801600	2.2000122	2200	""osoba4""
""osoba1""		802.2	802200	805.2	805200	4.0	4000	""osoba1""
""osoba1""		804.9	804900	805.2	805200	1.2999878	1299	""osoba1""
""osoba2""		806.10004	806100	807.9	807900	2.7999878	2799	""osoba2""
""osoba2""		807.30005	807300	807.9	807900	1.5999756	1599	""osoba2""
""osoba4""		807.60004	807600	822.9	822900	16.299988	16299	""osoba4""
""osoba4""		809.10004	809100	822.9	822900	14.799988	14799	""osoba4""
""osoba4""		810.30005	810300	822.9	822900	13.599976	13599	""osoba4""
""osoba4""		812.10004	812100	822.9	822900	11.799988	11799	""osoba4""
""osoba4""		813.30005	813300	822.9	822900	10.599976	10599	""osoba4""
""osoba3""		816.60004	816600	816.9	816900	1.2999878	1299	""osoba3""
""osoba3""		819.00006	819000	820.50006	820500	2.5	2500	""osoba3""
""osoba4""		819.30005	819300	822.9	822900	4.5999756	4599	""osoba4""
""osoba3""		820.50006	820500	820.50006	820500	1.0	1000	""osoba3""
""osoba4""		821.10004	821100	822.9	822900	2.7999878	2799	""osoba4""
""osoba2""		822.9	822900	829.50006	829500	7.6000366	7600	""osoba2""
""osoba2""		824.10004	824100	829.50006	829500	6.4000244	6400	""osoba2""
""osoba2""		824.7	824700	829.50006	829500	5.800049	5800	""osoba2""
""osoba2""		826.2	826200	829.50006	829500	4.300049	4300	""osoba2""
""osoba4""		826.80005	826800	836.7	836700	10.899963	10899	""osoba4""
""osoba4""		827.7	827700	836.7	836700	10.0	10000	""osoba4""
""osoba2""		828.30005	828300	829.50006	829500	2.2000122	2200	""osoba2""
""osoba4""		831.30005	831300	836.7	836700	6.3999634	6399	""osoba4""
""osoba2""		834.00006	834000	834.60004	834600	1.5999756	1599	""osoba2""
""osoba4""		834.00006	834000	836.7	836700	3.6999512	3699	""osoba4""
""osoba3""		834.9	834900	836.7	836700	2.7999878	2799	""osoba3""
""osoba1""		835.50006	835500	839.4	839400	4.8999634	4899	""osoba1""
""osoba2""		846.00006	846000	851.4	851400	6.3999634	6399	""osoba2""
""osoba4""		849.60004	849600	858.60004	858600	10.0	10000	""osoba4""
""osoba4""		852.9	852900	858.60004	858600	6.700012	6700	""osoba4""
""osoba4""		854.4	854400	858.60004	858600	5.200012	5200	""osoba4""
""osoba1""		854.7	854700	855.00006	855000	1.3000488	1300	""osoba1""
""osoba4""		856.80005	856800	858.60004	858600	2.7999878	2799	""osoba4""
""osoba4""		858.00006	858000	858.60004	858600	1.5999756	1599	""osoba4""
""osoba3""		858.9	858900	895.80005	895800	37.900024	37900	""osoba3""
""osoba3""		862.50006	862500	895.80005	895800	34.299988	34299	""osoba3""
""osoba3""		866.10004	866100	895.80005	895800	30.700012	30700	""osoba3""
""osoba1""		868.50006	868500	873.00006	873000	5.5	5500	""osoba1""
""osoba3""		868.50006	868500	895.80005	895800	28.299988	28299	""osoba3""
""osoba4""		870.00006	870000	870.00006	870000	1.0	1000	""osoba4""
""osoba2""		870.30005	870300	870.9	870900	1.5999756	1599	""osoba2""
""osoba2""		873.00006	873000	873.00006	873000	1.0	1000	""osoba2""
""osoba3""		873.00006	873000	895.80005	895800	23.799988	23799	""osoba3""
""osoba3""		874.50006	874500	895.80005	895800	22.299988	22299	""osoba3""
""osoba3""		875.4	875400	895.80005	895800	21.400024	21400	""osoba3""
""osoba2""		876.30005	876300	876.60004	876600	1.2999878	1299	""osoba2""
""osoba3""		879.00006	879000	895.80005	895800	17.799988	17799	""osoba3""
""osoba4""		880.50006	880500	880.80005	880800	1.2999878	1299	""osoba4""
""osoba1""		880.80005	880800	882.00006	882000	2.2000122	2200	""osoba1""
""osoba3""		882.00006	882000	895.80005	895800	14.799988	14799	""osoba3""
""osoba4""		887.10004	887100	888.60004	888600	2.5	2500	""osoba4""
""osoba3""		889.50006	889500	895.80005	895800	7.299988	7299	""osoba3""
""osoba3""		890.10004	890100	895.80005	895800	6.700012	6700	""osoba3""
""osoba3""		890.7	890700	895.80005	895800	6.1000366	6100	""osoba3""
""osoba3""		891.30005	891300	895.80005	895800	5.5	5500	""osoba3""
""osoba3""		892.2	892200	895.80005	895800	4.6000366	4600	""osoba3""
""osoba1""		895.2	895200	897.00006	897000	2.8000488	2800	""osoba1""
""osoba4""		903.9	903900	918.30005	918300	15.400024	15400	""osoba4""
""osoba4""		904.80005	904800	918.30005	918300	14.5	14500	""osoba4""
""osoba4""		905.7	905700	918.30005	918300	13.600037	13600	""osoba4""
""osoba4""		906.60004	906600	918.30005	918300	12.700012	12700	""osoba4""
""osoba4""		907.2	907200	918.30005	918300	12.100037	12100	""osoba4""
""osoba4""		908.4	908400	918.30005	918300	10.900024	10900	""osoba4""
""osoba4""		909.60004	909600	918.30005	918300	9.700012	9700	""osoba4""
""osoba3""		910.50006	910500	912.60004	912600	3.0999756	3099	""osoba3""
""osoba4""		914.10004	914100	918.30005	918300	5.200012	5200	""osoba4""
""osoba4""		917.10004	917100	918.30005	918300	2.2000122	2200	""osoba4""
""osoba1""		918.00006	918000	918.30005	918300	1.2999878	1299	""osoba1""
""osoba4""		918.30005	918300	918.30005	918300	1.0	1000	""osoba4""
""osoba4""		921.00006	921000	932.7	932700	12.699951	12699	""osoba4""
""osoba4""		921.60004	921600	932.7	932700	12.099976	12099	""osoba4""
""osoba4""		926.7	926700	932.7	932700	7.0	7000	""osoba4""
""osoba4""		927.30005	927300	932.7	932700	6.3999634	6399	""osoba4""
""osoba4""		930.00006	930000	932.7	932700	3.6999512	3699	""osoba4""
""osoba1""		931.2	931200	931.80005	931800	1.6000366	1600	""osoba1""
""osoba3""		932.4	932400	942.00006	942000	10.600037	10600	""osoba3""
""osoba3""		934.2	934200	942.00006	942000	8.800049	8800	""osoba3""
""osoba3""		936.9	936900	942.00006	942000	6.1000366	6100	""osoba3""
""osoba2""		938.10004	938100	938.10004	938100	1.0	1000	""osoba2""
""osoba3""		938.7	938700	942.00006	942000	4.300049	4300	""osoba3""
""osoba3""		940.80005	940800	942.00006	942000	2.2000122	2200	""osoba3""
""osoba1""		941.7	941700	945.30005	945300	4.6000366	4600	""osoba1""
""osoba3""		941.7	941700	942.00006	942000	1.3000488	1300	""osoba3""
""osoba4""		941.7	941700	948.00006	948000	7.300049	7300	""osoba4""
""osoba1""		943.80005	943800	945.30005	945300	2.5	2500	""osoba1""
""osoba4""		943.80005	943800	948.00006	948000	5.200012	5200	""osoba4""
""osoba2""		947.10004	947100	951.9	951900	5.799988	5799	""osoba2""
""osoba4""		947.4	947400	948.00006	948000	1.6000366	1600	""osoba4""
""osoba3""		948.30005	948300	948.30005	948300	1.0	1000	""osoba3""
""osoba1""		949.50006	949500	952.2	952200	3.6999512	3699	""osoba1""
""osoba3""		952.50006	952500	957.60004	957600	6.0999756	6099	""osoba3""
""osoba3""		954.30005	954300	957.60004	957600	4.299988	4299	""osoba3""
""osoba3""		956.4	956400	957.60004	957600	2.2000122	2200	""osoba3""
""osoba3""		957.30005	957300	957.60004	957600	1.2999878	1299	""osoba3""
""osoba1""		957.60004	957600	959.10004	959100	2.5	2500	""osoba1""
""osoba3""		960.30005	960300	960.9	960900	1.5999756	1599	""osoba3""
""osoba4""		961.80005	961800	980.10004	980100	19.299988	19299	""osoba4""
""osoba3""		963.30005	963300	965.10004	965100	2.7999878	2799	""osoba3""
""osoba4""		966.00006	966000	980.10004	980100	15.099976	15099	""osoba4""
""osoba2""		966.9	966900	966.9	966900	1.0	1000	""osoba2""
""osoba4""		968.10004	968100	980.10004	980100	13.0	13000	""osoba4""
""osoba4""		972.9	972900	980.10004	980100	8.200012	8200	""osoba4""
""osoba4""		973.80005	973800	980.10004	980100	7.299988	7299	""osoba4""
""osoba4""		975.00006	975000	980.10004	980100	6.0999756	6099	""osoba4""
""osoba4""		978.9	978900	980.10004	980100	2.2000122	2200	""osoba4""
""osoba1""		979.50006	979500	982.50006	982500	4.0	4000	""osoba1""
""osoba3""		982.2	982200	983.7	983700	2.5	2500	""osoba3""
""osoba4""		983.7	983700	993.9	993900	11.200012	11200	""osoba4""
""osoba2""		985.2	985200	985.2	985200	1.0	1000	""osoba2""
""osoba4""		986.10004	986100	993.9	993900	8.799988	8799	""osoba4""
""osoba4""		987.60004	987600	993.9	993900	7.299988	7299	""osoba4""
""osoba3""		992.4	992400	994.80005	994800	3.4000244	3400	""osoba3""
""osoba1""		994.2	994200	995.10004	995100	1.9000244	1900	""osoba1""
""osoba3""		994.50006	994500	994.80005	994800	1.2999878	1299	""osoba3""
""osoba3""		1000.2	1000200	1003.80005	1003800	4.6000366	4600	""osoba3""
""osoba3""		1002.00006	1002000	1003.80005	1003800	2.7999878	2799	""osoba3""
""osoba3""		1003.2	1003200	1003.80005	1003800	1.6000366	1600	""osoba3""
""osoba2""		1003.50006	1003500	1029.3	1029300	26.799988	26799	""osoba2""
""osoba3""		1008.00006	1008000	1011.60004	1011600	4.5999756	4599	""osoba3""
""osoba3""		1009.80005	1009800	1011.60004	1011600	2.7999878	2799	""osoba3""
""osoba2""		1014.30005	1014300	1029.3	1029300	16.0	16000	""osoba2""
""osoba2""		1018.2	1018200	1029.3	1029300	12.100037	12100	""osoba2""
""osoba2""		1020.9	1020900	1029.3	1029300	9.400024	9400	""osoba2""
""osoba3""		1021.80005	1021800	1022.4	1022400	1.5999756	1599	""osoba3""
""osoba2""		1023.60004	1023600	1029.3	1029300	6.700012	6700	""osoba2""
""osoba2""		1025.7001	1025700	1029.3	1029300	4.5999756	4599	""osoba2""
""osoba2""		1026.3	1026300	1029.3	1029300	4.0	4000	""osoba2""
""osoba2""		1027.2001	1027200	1029.3	1029300	3.0999756	3099	""osoba2""
""osoba2""		1027.8	1027800	1029.3	1029300	2.5	2500	""osoba2""
""osoba1""		1029.0	1029000	1031.7001	1031700	3.7000732	3700	""osoba1""
""osoba4""		1038.6001	1038600	1052.7001	1052700	15.099976	15099	""osoba4""
""osoba4""		1041.6001	1041600	1052.7001	1052700	12.099976	12099	""osoba4""
""osoba4""		1042.8	1042800	1052.7001	1052700	10.900024	10900	""osoba4""
""osoba4""		1044.6001	1044600	1052.7001	1052700	9.099976	9099	""osoba4""
""osoba4""		1046.1001	1046100	1052.7001	1052700	7.5999756	7599	""osoba4""
""osoba4""		1048.5	1048500	1052.7001	1052700	5.2000732	5200	""osoba4""
""osoba4""		1049.1001	1049100	1052.7001	1052700	4.5999756	4599	""osoba4""
""osoba4""		1050.6001	1050600	1052.7001	1052700	3.0999756	3099	""osoba4""
""osoba4""		1051.5	1051500	1052.7001	1052700	2.2000732	2200	""osoba4""
""osoba1""		1052.4	1052400	1054.8	1054800	3.4000244	3400	""osoba1""
""osoba4""		1052.7001	1052700	1052.7001	1052700	1.0	1000	""osoba4""
""osoba4""		1055.4	1055400	1065.0	1065000	10.599976	10599	""osoba4""
""osoba4""		1059.3	1059300	1065.0	1065000	6.699951	6699	""osoba4""
""osoba4""		1062.3	1062300	1065.0	1065000	3.6999512	3699	""osoba4""
""osoba2""		1063.2001	1063200	1064.4	1064400	2.1999512	2199	""osoba2""
""osoba4""		1063.2001	1063200	1065.0	1065000	2.7999268	2799	""osoba4""
""osoba1""		1063.5	1063500	1071.0	1071000	8.5	8500	""osoba1""
""osoba3""		1069.2001	1069200	1084.8	1084800	16.599976	16599	""osoba3""
""osoba3""		1072.5	1072500	1084.8	1084800	13.300049	13300	""osoba3""
""osoba3""		1074.3	1074300	1084.8	1084800	11.5	11500	""osoba3""
""osoba4""		1074.3	1074300	1075.5	1075500	2.1999512	2199	""osoba4""
""osoba3""		1076.4	1076400	1084.8	1084800	9.400024	9400	""osoba3""
""osoba3""		1077.0	1077000	1084.8	1084800	8.800049	8800	""osoba3""
""osoba3""		1077.9	1077900	1084.8	1084800	7.9000244	7900	""osoba3""
""osoba3""		1078.5	1078500	1084.8	1084800	7.300049	7300	""osoba3""
""osoba4""		1078.8	1078800	1079.4	1079400	1.5999756	1599	""osoba4""
""osoba3""		1081.8	1081800	1084.8	1084800	4.0	4000	""osoba3""
""osoba3""		1082.4	1082400	1084.8	1084800	3.4000244	3400	""osoba3""
""osoba1""		1083.3	1083300	1086.0	1086000	3.6999512	3699	""osoba1""
""osoba2""		1083.3	1083300	1085.7001	1085700	3.4000244	3400	""osoba2""
""osoba2""		1092.0	1092000	1092.6001	1092600	1.6000977	1600	""osoba2""
""osoba3""		1092.3	1092300	1095.6001	1095600	4.300049	4300	""osoba3""
""osoba2""		1094.7001	1094700	1105.8	1105800	12.099976	12099	""osoba2""
""osoba1""		1095.0	1095000	1095.6001	1095600	1.6000977	1600	""osoba1""
""osoba4""		1096.2001	1096200	1097.1001	1097100	1.9000244	1900	""osoba4""
""osoba2""		1100.4	1100400	1105.8	1105800	6.4000244	6400	""osoba2""
""osoba3""		1105.5	1105500	1126.2001	1126200	21.700073	21700	""osoba3""
""osoba3""		1108.5	1108500	1126.2001	1126200	18.700073	18700	""osoba3""
""osoba2""		1110.3	1110300	1111.5	1111500	2.1999512	2199	""osoba2""
""osoba1""		1110.9	1110900	1111.5	1111500	1.5999756	1599	""osoba1""
""osoba2""		1113.9	1113900	1117.8	1117800	4.9000244	4900	""osoba2""
""osoba2""		1115.1001	1115100	1117.8	1117800	3.6999512	3699	""osoba2""
""osoba3""		1116.3	1116300	1126.2001	1126200	10.900024	10900	""osoba3""
""osoba1""		1118.4	1118400	1119.6001	1119600	2.2000732	2200	""osoba1""
""osoba3""		1118.4	1118400	1126.2001	1126200	8.800049	8800	""osoba3""
""osoba3""		1122.0	1122000	1126.2001	1126200	5.2000732	5200	""osoba3""
""osoba3""		1122.6001	1122600	1126.2001	1126200	4.5999756	4599	""osoba3""
""osoba3""		1125.0	1125000	1126.2001	1126200	2.2000732	2200	""osoba3""
""osoba3""		1125.9	1125900	1126.2001	1126200	1.3000488	1300	""osoba3""
""osoba1""		1126.5	1126500	1128.9	1128900	3.4000244	3400	""osoba1""
""osoba2""		1128.0	1128000	1128.3	1128300	1.3000488	1300	""osoba2""
""osoba3""		1129.8	1129800	1148.7001	1148700	19.900024	19900	""osoba3""
""osoba3""		1130.4	1130400	1148.7001	1148700	19.300049	19300	""osoba3""
""osoba3""		1133.7001	1133700	1148.7001	1148700	16.0	16000	""osoba3""
""osoba3""		1135.2001	1135200	1148.7001	1148700	14.5	14500	""osoba3""
""osoba3""		1137.6001	1137600	1148.7001	1148700	12.099976	12099	""osoba3""
""osoba3""		1139.7001	1139700	1148.7001	1148700	10.0	10000	""osoba3""
""osoba3""		1141.8	1141800	1148.7001	1148700	7.9000244	7900	""osoba3""
""osoba3""		1143.3	1143300	1148.7001	1148700	6.4000244	6400	""osoba3""
""osoba4""		1143.6001	1143600	1143.9	1143900	1.2999268	1299	""osoba4""
""osoba2""		1147.8	1147800	1149.9	1149900	3.0999756	3099	""osoba2""
""osoba3""		1148.1001	1148100	1148.7001	1148700	1.5999756	1599	""osoba3""
""osoba4""		1148.1001	1148100	1179.6001	1179600	32.5	32500	""osoba4""
""osoba1""		1149.6001	1149600	1151.7001	1151700	3.0999756	3099	""osoba1""
""osoba3""		1150.8	1150800	1150.8	1150800	1.0	1000	""osoba3""
""osoba1""		1154.7001	1154700	1155.6001	1155600	1.9000244	1900	""osoba1""
""osoba3""		1155.6001	1155600	1156.5	1156500	1.8999023	1899	""osoba3""
""osoba4""		1157.7001	1157700	1179.6001	1179600	22.900024	22900	""osoba4""
""osoba4""		1159.2001	1159200	1179.6001	1179600	21.400024	21400	""osoba4""
""osoba4""		1161.9	1161900	1179.6001	1179600	18.700073	18700	""osoba4""
""osoba4""		1163.7001	1163700	1179.6001	1179600	16.900024	16900	""osoba4""
""osoba4""		1164.3	1164300	1179.6001	1179600	16.300049	16300	""osoba4""
""osoba4""		1166.1001	1166100	1179.6001	1179600	14.5	14500	""osoba4""
""osoba4""		1167.0	1167000	1179.6001	1179600	13.600098	13600	""osoba4""
""osoba4""		1170.9	1170900	1179.6001	1179600	9.700073	9700	""osoba4""
""osoba4""		1174.5	1174500	1179.6001	1179600	6.1000977	6100	""osoba4""
""osoba1""		1175.4	1175400	1179.9	1179900	5.5	5500	""osoba1""
""osoba2""		1176.6001	1176600	1176.6001	1176600	1.0	1000	""osoba2""
""osoba3""		1182.9	1182900	1198.2001	1198200	16.300049	16300	""osoba3""
""osoba3""		1183.8	1183800	1198.2001	1198200	15.400024	15400	""osoba3""
""osoba3""		1184.4	1184400	1198.2001	1198200	14.800049	14800	""osoba3""
""osoba3""		1185.9	1185900	1198.2001	1198200	13.300049	13300	""osoba3""
""osoba3""		1190.7001	1190700	1198.2001	1198200	8.5	8500	""osoba3""
""osoba4""		1191.6001	1191600	1199.7001	1199700	9.099976	9099	""osoba4""
""osoba4""		1192.5	1192500	1199.7001	1199700	8.200073	8200	""osoba4""
""osoba3""		1193.4	1193400	1198.2001	1198200	5.800049	5800	""osoba3""
""osoba4""		1195.2001	1195200	1199.7001	1199700	5.5	5500	""osoba4""
""osoba1""		1195.5	1195500	1196.7001	1196700	2.2000732	2200	""osoba1""
""osoba3""		1195.8	1195800	1198.2001	1198200	3.4000244	3400	""osoba3""
""osoba4""		1195.8	1195800	1199.7001	1199700	4.9000244	4900	""osoba4""
""osoba4""		1197.9	1197900	1199.7001	1199700	2.8000488	2800	""osoba4""
""osoba4""		1199.4	1199400	1199.7001	1199700	1.3000488	1300	""osoba4""
""osoba1""		1200.6001	1200600	1203.6001	1203600	4.0	4000	""osoba1""
""osoba3""		1200.6001	1200600	1201.2001	1201200	1.5999756	1599	""osoba3""
""osoba2""		1208.4	1208400	1218.0	1218000	10.599976	10599	""osoba2""
""osoba1""		1209.6001	1209600	1211.1001	1211100	2.5	2500	""osoba1""
""osoba4""		1210.2001	1210200	1210.8	1210800	1.5999756	1599	""osoba4""
""osoba2""		1215.9	1215900	1218.0	1218000	3.0999756	3099	""osoba2""
""osoba2""		1216.5	1216500	1218.0	1218000	2.5	2500	""osoba2""
""osoba2""		1217.1001	1217100	1218.0	1218000	1.8999023	1899	""osoba2""
""osoba4""		1217.4	1217400	1232.7001	1232700	16.300049	16300	""osoba4""
""osoba4""		1220.4	1220400	1232.7001	1232700	13.300049	13300	""osoba4""
""osoba4""		1221.3	1221300	1232.7001	1232700	12.400024	12400	""osoba4""
""osoba4""		1223.7001	1223700	1232.7001	1232700	10.0	10000	""osoba4""
""osoba4""		1226.1001	1226100	1232.7001	1232700	7.5999756	7599	""osoba4""
""osoba4""		1227.0	1227000	1232.7001	1232700	6.7000732	6700	""osoba4""
""osoba4""		1228.2001	1228200	1232.7001	1232700	5.5	5500	""osoba4""
""osoba3""		1229.7001	1229700	1230.0	1230000	1.2999268	1299	""osoba3""
""osoba4""		1229.7001	1229700	1232.7001	1232700	4.0	4000	""osoba4""
""osoba1""		1231.5	1231500	1233.3	1233300	2.8000488	2800	""osoba1""
""osoba4""		1235.4	1235400	1244.4	1244400	10.0	10000	""osoba4""
""osoba1""		1236.0	1236000	1237.5	1237500	2.5	2500	""osoba1""
""osoba4""		1239.0	1239000	1244.4	1244400	6.4000244	6400	""osoba4""
""osoba4""		1239.9	1239900	1244.4	1244400	5.5	5500	""osoba4""
""osoba3""		1240.5	1240500	1242.3	1242300	2.8000488	2800	""osoba3""
""osoba4""		1241.4	1241400	1244.4	1244400	4.0	4000	""osoba4""
""osoba1""		1241.7001	1241700	1245.0	1245000	4.2999268	4299	""osoba1""
""osoba1""		1244.1001	1244100	1245.0	1245000	1.8999023	1899	""osoba1""
""osoba2""		1251.0	1251000	1251.6001	1251600	1.6000977	1600	""osoba2""
""osoba4""		1251.9	1251900	1264.2001	1264200	13.300049	13300	""osoba4""
""osoba4""		1255.5	1255500	1264.2001	1264200	9.700073	9700	""osoba4""
""osoba4""		1257.3	1257300	1264.2001	1264200	7.9000244	7900	""osoba4""
""osoba3""		1259.7001	1259700	1260.6001	1260600	1.9000244	1900	""osoba3""
""osoba4""		1261.8	1261800	1264.2001	1264200	3.4000244	3400	""osoba4""
""osoba4""		1263.0	1263000	1264.2001	1264200	2.2000732	2200	""osoba4""
""osoba3""		1264.2001	1264200	1296.6001	1296600	33.400024	33400	""osoba3""
""osoba3""		1266.9	1266900	1296.6001	1296600	30.700073	30700	""osoba3""
""osoba3""		1268.4	1268400	1296.6001	1296600	29.200073	29200	""osoba3""
""osoba3""		1270.2001	1270200	1296.6001	1296600	27.400024	27400	""osoba3""
""osoba3""		1271.1001	1271100	1296.6001	1296600	26.5	26500	""osoba3""
""osoba3""		1272.3	1272300	1296.6001	1296600	25.300049	25300	""osoba3""
""osoba3""		1273.2001	1273200	1296.6001	1296600	24.400024	24400	""osoba3""
""osoba3""		1275.0	1275000	1296.6001	1296600	22.600098	22600	""osoba3""
""osoba3""		1275.9	1275900	1296.6001	1296600	21.700073	21700	""osoba3""
""osoba3""		1277.1001	1277100	1296.6001	1296600	20.5	20500	""osoba3""
""osoba1""		1277.4	1277400	1277.7001	1277700	1.3000488	1300	""osoba1""
""osoba3""		1278.6001	1278600	1296.6001	1296600	19.0	19000	""osoba3""
""osoba3""		1281.0	1281000	1296.6001	1296600	16.600098	16600	""osoba3""
""osoba3""		1282.8	1282800	1296.6001	1296600	14.800049	14800	""osoba3""
""osoba3""		1283.4	1283400	1296.6001	1296600	14.200073	14200	""osoba3""
""osoba3""		1285.2001	1285200	1296.6001	1296600	12.400024	12400	""osoba3""
""osoba3""		1290.9	1290900	1296.6001	1296600	6.7000732	6700	""osoba3""
""osoba3""		1292.7001	1292700	1296.6001	1296600	4.9000244	4900	""osoba3""
""osoba4""		1296.0	1296000	1311.6001	1311600	16.600098	16600	""osoba4""
""osoba1""		1297.8	1297800	1298.1001	1298100	1.3000488	1300	""osoba1""
""osoba4""		1297.8	1297800	1311.6001	1311600	14.800049	14800	""osoba4""
""osoba4""		1300.2001	1300200	1311.6001	1311600	12.400024	12400	""osoba4""
""osoba3""		1304.7001	1304700	1304.7001	1304700	1.0	1000	""osoba3""
""osoba4""		1306.8	1306800	1311.6001	1311600	5.800049	5800	""osoba4""
""osoba4""		1310.1001	1310100	1311.6001	1311600	2.5	2500	""osoba4""
""osoba3""		1310.7001	1310700	1317.3	1317300	7.5999756	7599	""osoba3""
""osoba3""		1313.1001	1313100	1317.3	1317300	5.199951	5199	""osoba3""
""osoba3""		1313.7001	1313700	1317.3	1317300	4.5999756	4599	""osoba3""
""osoba3""		1315.2001	1315200	1317.3	1317300	3.0999756	3099	""osoba3""
""osoba2""		1317.0	1317000	1326.3	1326300	10.300049	10300	""osoba2""
""osoba1""		1317.9	1317900	1318.2001	1318200	1.3000488	1300	""osoba1""
""osoba2""		1320.3	1320300	1326.3	1326300	7.0	7000	""osoba2""
""osoba2""		1322.7001	1322700	1326.3	1326300	4.5999756	4599	""osoba2""
""osoba2""		1324.5	1324500	1326.3	1326300	2.8000488	2800	""osoba2""
""osoba2""		1325.1001	1325100	1326.3	1326300	2.1999512	2199	""osoba2""
""osoba3""		1325.1001	1325100	1333.2001	1333200	9.099976	9099	""osoba3""
""osoba3""		1328.1001	1328100	1333.2001	1333200	6.0999756	6099	""osoba3""
""osoba3""		1331.1001	1331100	1333.2001	1333200	3.0999756	3099	""osoba3""
""osoba1""		1333.2001	1333200	1333.8	1333800	1.5999756	1599	""osoba1""
""osoba3""		1333.2001	1333200	1333.2001	1333200	1.0	1000	""osoba3""
""osoba2""		1335.9	1335900	1346.4	1346400	11.5	11500	""osoba2""
""osoba3""		1336.2001	1336200	1336.5	1336500	1.2999268	1299	""osoba3""
""osoba2""		1337.7001	1337700	1346.4	1346400	9.699951	9699	""osoba2""
""osoba3""		1340.7001	1340700	1341.9	1341900	2.1999512	2199	""osoba3""
""osoba4""		1344.0	1344000	1344.0	1344000	1.0	1000	""osoba4""
""osoba2""		1344.3	1344300	1346.4	1346400	3.0999756	3099	""osoba2""
""osoba3""		1345.8	1345800	1349.1001	1349100	4.300049	4300	""osoba3""
""osoba3""		1347.3	1347300	1349.1001	1349100	2.8000488	2800	""osoba3""
""osoba1""		1348.8	1348800	1351.5	1351500	3.6999512	3699	""osoba1""
""osoba2""		1354.8	1354800	1356.3	1356300	2.5	2500	""osoba2""
""osoba1""		1355.1001	1355100	1357.8	1357800	3.6999512	3699	""osoba1""
""osoba3""		1365.0	1365000	1380.9	1380900	16.900024	16900	""osoba3""
""osoba3""		1365.6001	1365600	1380.9	1380900	16.299927	16299	""osoba3""
""osoba4""		1369.5	1369500	1370.1001	1370100	1.6000977	1600	""osoba4""
""osoba3""		1371.0	1371000	1380.9	1380900	10.900024	10900	""osoba3""
""osoba3""		1371.6001	1371600	1380.9	1380900	10.299927	10299	""osoba3""
""osoba3""		1372.5	1372500	1380.9	1380900	9.400024	9400	""osoba3""
""osoba3""		1373.7001	1373700	1380.9	1380900	8.199951	8199	""osoba3""
""osoba3""		1374.3	1374300	1380.9	1380900	7.5999756	7599	""osoba3""
""osoba3""		1377.3	1377300	1380.9	1380900	4.5999756	4599	""osoba3""
""osoba3""		1378.2001	1378200	1380.9	1380900	3.6999512	3699	""osoba3""
""osoba3""		1378.8	1378800	1380.9	1380900	3.0999756	3099	""osoba3""
""osoba3""		1380.9	1380900	1380.9	1380900	1.0	1000	""osoba3""
""osoba2""		1381.2001	1381200	1383.3	1383300	3.0999756	3099	""osoba2""
""osoba2""		1382.4	1382400	1383.3	1383300	1.9000244	1900	""osoba2""
""osoba3""		1383.3	1383300	1384.5	1384500	2.1999512	2199	""osoba3""
""osoba4""		1384.5	1384500	1400.1001	1400100	16.600098	16600	""osoba4""
""osoba2""		1385.4	1385400	1387.2001	1387200	2.8000488	2800	""osoba2""
""osoba4""		1388.4	1388400	1400.1001	1400100	12.700073	12700	""osoba4""
""osoba4""		1390.2001	1390200	1400.1001	1400100	10.900024	10900	""osoba4""
""osoba4""		1392.3	1392300	1400.1001	1400100	8.800049	8800	""osoba4""
""osoba4""		1395.6001	1395600	1400.1001	1400100	5.5	5500	""osoba4""
""osoba4""		1398.0	1398000	1400.1001	1400100	3.1000977	3100	""osoba4""
""osoba3""		1399.5	1399500	1422.3	1422300	23.800049	23800	""osoba3""
""osoba3""		1403.1001	1403100	1422.3	1422300	20.199951	20199	""osoba3""
""osoba3""		1407.3	1407300	1422.3	1422300	16.0	16000	""osoba3""
""osoba3""		1407.9	1407900	1422.3	1422300	15.400024	15400	""osoba3""
""osoba3""		1408.8	1408800	1422.3	1422300	14.5	14500	""osoba3""
""osoba3""		1409.4	1409400	1422.3	1422300	13.900024	13900	""osoba3""
""osoba3""		1410.0	1410000	1422.3	1422300	13.300049	13300	""osoba3""
""osoba3""		1410.6001	1410600	1422.3	1422300	12.699951	12699	""osoba3""
""osoba3""		1413.3	1413300	1422.3	1422300	10.0	10000	""osoba3""
""osoba3""		1415.4	1415400	1422.3	1422300	7.9000244	7900	""osoba3""
""osoba3""		1417.5	1417500	1422.3	1422300	5.800049	5800	""osoba3""
""osoba3""		1418.1001	1418100	1422.3	1422300	5.199951	5199	""osoba3""
""osoba3""		1419.3	1419300	1422.3	1422300	4.0	4000	""osoba3""
""osoba1""		1420.8	1420800	1424.1001	1424100	4.300049	4300	""osoba1""
""osoba3""		1431.3	1431300	1464.0	1464000	33.69995	33699	""osoba3""
""osoba3""		1431.9	1431900	1464.0	1464000	33.099976	33099	""osoba3""
""osoba3""		1433.4	1433400	1464.0	1464000	31.599976	31599	""osoba3""
""osoba3""		1434.0	1434000	1464.0	1464000	31.0	31000	""osoba3""
""osoba3""		1434.9	1434900	1464.0	1464000	30.099976	30099	""osoba3""
""osoba3""		1437.6001	1437600	1464.0	1464000	27.399902	27399	""osoba3""
""osoba1""		1438.2001	1438200	1440.0	1440000	2.7999268	2799	""osoba1""
""osoba3""		1438.5	1438500	1464.0	1464000	26.5	26500	""osoba3""
""osoba3""		1439.4	1439400	1464.0	1464000	25.599976	25599	""osoba3""
""osoba1""		1440.0	1440000	1440.0	1440000	1.0	1000	""osoba1""
""osoba3""		1440.6001	1440600	1464.0	1464000	24.399902	24399	""osoba3""
""osoba3""		1441.2001	1441200	1464.0	1464000	23.799927	23799	""osoba3""
""osoba3""		1442.1001	1442100	1464.0	1464000	22.899902	22899	""osoba3""
""osoba2""		1445.1001	1445100	1445.1001	1445100	1.0	1000	""osoba2""
""osoba3""		1447.5	1447500	1464.0	1464000	17.5	17500	""osoba3""
""osoba2""		1447.8	1447800	1449.0	1449000	2.1999512	2199	""osoba2""
""osoba3""		1450.5	1450500	1464.0	1464000	14.5	14500	""osoba3""
""osoba3""		1451.1001	1451100	1464.0	1464000	13.899902	13899	""osoba3""
""osoba3""		1452.6001	1452600	1464.0	1464000	12.399902	12399	""osoba3""
""osoba3""		1454.4	1454400	1464.0	1464000	10.599976	10599	""osoba3""
""osoba3""		1456.5	1456500	1464.0	1464000	8.5	8500	""osoba3""
""osoba3""		1457.1001	1457100	1464.0	1464000	7.8999023	7899	""osoba3""
""osoba3""		1461.3	1461300	1464.0	1464000	3.6999512	3699	""osoba3""
""osoba3""		1462.5	1462500	1464.0	1464000	2.5	2500	""osoba3""
""osoba2""		1463.1001	1463100	1488.6001	1488600	26.5	26500	""osoba2""
""osoba3""		1463.7001	1463700	1464.0	1464000	1.2999268	1299	""osoba3""
""osoba2""		1466.1001	1466100	1488.6001	1488600	23.5	23500	""osoba2""
""osoba2""		1467.9	1467900	1488.6001	1488600	21.700073	21700	""osoba2""
""osoba2""		1468.5	1468500	1488.6001	1488600	21.100098	21100	""osoba2""
""osoba2""		1470.0	1470000	1488.6001	1488600	19.600098	19600	""osoba2""
""osoba2""		1472.1001	1472100	1488.6001	1488600	17.5	17500	""osoba2""
""osoba1""		1475.7001	1475700	1476.0	1476000	1.2999268	1299	""osoba1""
""osoba2""		1475.7001	1475700	1488.6001	1488600	13.900024	13900	""osoba2""
""osoba2""		1477.5	1477500	1488.6001	1488600	12.100098	12100	""osoba2""
""osoba2""		1479.3	1479300	1488.6001	1488600	10.300049	10300	""osoba2""
""osoba2""		1482.6001	1482600	1488.6001	1488600	7.0	7000	""osoba2""
""osoba2""		1484.1001	1484100	1488.6001	1488600	5.5	5500	""osoba2""
""osoba3""		1488.0	1488000	1511.7001	1511700	24.700073	24700	""osoba3""
""osoba4""		1491.9	1491900	1492.2001	1492200	1.3000488	1300	""osoba4""
""osoba3""		1494.6001	1494600	1511.7001	1511700	18.099976	18099	""osoba3""
""osoba3""		1496.4	1496400	1511.7001	1511700	16.300049	16300	""osoba3""
""osoba3""		1500.9	1500900	1511.7001	1511700	11.800049	11800	""osoba3""
""osoba3""		1501.5	1501500	1511.7001	1511700	11.200073	11200	""osoba3""
""osoba1""		1502.4	1502400	1502.7001	1502700	1.3000488	1300	""osoba1""
""osoba3""		1504.8	1504800	1511.7001	1511700	7.9000244	7900	""osoba3""
""osoba3""		1506.3	1506300	1511.7001	1511700	6.4000244	6400	""osoba3""
""osoba3""		1508.1001	1508100	1511.7001	1511700	4.5999756	4599	""osoba3""
""osoba3""		1508.7001	1508700	1511.7001	1511700	4.0	4000	""osoba3""
""osoba3""		1511.4	1511400	1511.7001	1511700	1.3000488	1300	""osoba3""
""osoba1""		1511.7001	1511700	1512.0	1512000	1.2999268	1299	""osoba1""
""osoba3""		1513.8	1513800	1515.6001	1515600	2.8000488	2800	""osoba3""
""osoba3""		1515.0	1515000	1515.6001	1515600	1.6000977	1600	""osoba3""
""osoba1""		1515.9	1515900	1517.7001	1517700	2.8000488	2800	""osoba1""
""osoba3""		1522.5	1522500	1527.3	1527300	5.800049	5800	""osoba3""
""osoba1""		1523.7001	1523700	1524.9	1524900	2.1999512	2199	""osoba1""
""osoba4""		1524.0	1524000	1526.1001	1526100	3.1000977	3100	""osoba4""
""osoba3""		1525.5	1525500	1527.3	1527300	2.8000488	2800	""osoba3""
""osoba1""		1527.0	1527000	1529.1001	1529100	3.1000977	3100	""osoba1""
""osoba3""		1527.0	1527000	1527.3	1527300	1.3000488	1300	""osoba3""
""osoba2""		1531.2001	1531200	1555.2001	1555200	25.0	25000	""osoba2""
""osoba1""		1532.4	1532400	1532.4	1532400	1.0	1000	""osoba1""
""osoba2""		1533.6001	1533600	1555.2001	1555200	22.599976	22599	""osoba2""
""osoba2""		1534.5	1534500	1555.2001	1555200	21.700073	21700	""osoba2""
""osoba2""		1543.5001	1543500	1555.2001	1555200	12.699951	12699	""osoba2""
""osoba2""		1544.1001	1544100	1555.2001	1555200	12.099976	12099	""osoba2""
""osoba3""		1544.4	1544400	1544.4	1544400	1.0	1000	""osoba3""
""osoba2""		1545.0001	1545000	1555.2001	1555200	11.199951	11199	""osoba2""
""osoba1""		1548.0001	1548000	1548.9	1548900	1.8999023	1899	""osoba1""
""osoba2""		1549.2001	1549200	1555.2001	1555200	7.0	7000	""osoba2""
""osoba2""		1552.5001	1552500	1555.2001	1555200	3.6999512	3699	""osoba2""
""osoba2""		1553.7001	1553700	1555.2001	1555200	2.5	2500	""osoba2""
""osoba4""		1554.0001	1554000	1554.9	1554900	1.8999023	1899	""osoba4""
""osoba1""		1554.9	1554900	1556.1001	1556100	2.2000732	2200	""osoba1""
""osoba3""		1564.8	1564800	1572.9	1572900	9.099976	9099	""osoba3""
""osoba3""		1566.6001	1566600	1572.9	1572900	7.2999268	7299	""osoba3""
""osoba3""		1567.8	1567800	1572.9	1572900	6.0999756	6099	""osoba3""
""osoba2""		1568.4	1568400	1572.9	1572900	5.5	5500	""osoba2""
""osoba3""		1569.3	1569300	1572.9	1572900	4.5999756	4599	""osoba3""
""osoba2""		1570.2001	1570200	1572.9	1572900	3.6999512	3699	""osoba2""
""osoba4""		1571.1001	1571100	1594.8	1594800	24.699951	24699	""osoba4""
""osoba4""		1573.8	1573800	1594.8	1594800	22.0	22000	""osoba4""
""osoba4""		1576.2001	1576200	1594.8	1594800	19.599976	19599	""osoba4""
""osoba4""		1577.1001	1577100	1594.8	1594800	18.699951	18699	""osoba4""
""osoba4""		1577.7001	1577700	1594.8	1594800	18.099976	18099	""osoba4""
""osoba4""		1579.2001	1579200	1594.8	1594800	16.599976	16599	""osoba4""
""osoba4""		1580.4	1580400	1594.8	1594800	15.400024	15400	""osoba4""
""osoba4""		1581.0001	1581000	1594.8	1594800	14.799927	14799	""osoba4""
""osoba4""		1584.3	1584300	1594.8	1594800	11.5	11500	""osoba4""
""osoba4""		1585.2001	1585200	1594.8	1594800	10.599976	10599	""osoba4""
""osoba1""		1587.6001	1587600	1589.7001	1589700	3.0999756	3099	""osoba1""
""osoba3""		1590.0001	1590000	1590.3	1590300	1.2999268	1299	""osoba3""
""osoba4""		1593.6001	1593600	1594.8	1594800	2.1999512	2199	""osoba4""
""osoba3""		1594.2001	1594200	1596.6001	1596600	3.4000244	3400	""osoba3""
""osoba4""		1594.5001	1594500	1594.8	1594800	1.2999268	1299	""osoba4""
""osoba3""		1596.0001	1596000	1596.6001	1596600	1.5999756	1599	""osoba3""
""osoba4""		1596.9	1596900	1614.6001	1614600	18.700073	18700	""osoba4""
""osoba1""		1597.8	1597800	1598.4	1598400	1.5999756	1599	""osoba1""
""osoba4""		1599.6001	1599600	1614.6001	1614600	16.0	16000	""osoba4""
""osoba4""		1600.8	1600800	1614.6001	1614600	14.800049	14800	""osoba4""
""osoba4""		1601.4	1601400	1614.6001	1614600	14.200073	14200	""osoba4""
""osoba4""		1603.8	1603800	1614.6001	1614600	11.800049	11800	""osoba4""
""osoba1""		1605.0001	1605000	1606.8	1606800	2.7999268	2799	""osoba1""
""osoba4""		1605.0001	1605000	1614.6001	1614600	10.599976	10599	""osoba4""
""osoba4""		1610.1001	1610100	1614.6001	1614600	5.5	5500	""osoba4""
""osoba3""		1611.0001	1611000	1611.3	1611300	1.2999268	1299	""osoba3""
""osoba1""		1613.7001	1613700	1613.7001	1613700	1.0	1000	""osoba1""
""osoba2""		1615.5001	1615500	1617.0001	1617000	2.5	2500	""osoba2""
""osoba3""		1615.5001	1615500	1615.5001	1615500	1.0	1000	""osoba3""
""osoba1""		1616.1001	1616100	1620.3	1620300	5.199951	5199	""osoba1""
""osoba2""		1619.4	1619400	1620.3	1620300	1.9000244	1900	""osoba2""
