"default"		0.0	0	1.0	1000	1.0	1000	BEGIN
"default"		1620.3	1620300	1620.31	1621300	1.0	1000	END
""osoba2""		6.6000004	6600	28.500002	28500	22.900002	22900	""osoba2""
""osoba4""		11.1	11100	11.400001	11400	1.3000002	1300	""osoba4""
""osoba2""		13.500001	13500	28.500002	28500	16.0	16000	""osoba2""
""osoba2""		14.1	14100	28.500002	28500	15.400002	15400	""osoba2""
""osoba2""		15.900001	15900	28.500002	28500	13.600001	13600	""osoba2""
""osoba3""		17.400002	17400	17.400002	17400	1.0	1000	""osoba3""
""osoba2""		18.300001	18300	28.500002	28500	11.200001	11200	""osoba2""
""osoba2""		19.5	19500	28.500002	28500	10.000002	10000	""osoba2""
""osoba2""		20.1	20100	28.500002	28500	9.400002	9400	""osoba2""
""osoba2""		21.0	21000	28.500002	28500	8.500002	8500	""osoba2""
""osoba1""		22.5	22500	22.800001	22800	1.3000011	1300	""osoba1""
""osoba2""		22.800001	22800	28.500002	28500	6.700001	6700	""osoba2""
""osoba4""		24.900002	24900	33.9	33900	10.0	10000	""osoba4""
""osoba2""		26.7	26700	28.500002	28500	2.8000011	2800	""osoba2""
""osoba4""		31.500002	31500	33.9	33900	3.3999996	3399	""osoba4""
""osoba3""		33.600002	33600	38.100002	38100	5.5	5500	""osoba3""
""osoba3""		35.7	35700	38.100002	38100	3.4000015	3400	""osoba3""
""osoba3""		37.2	37200	38.100002	38100	1.9000015	1900	""osoba3""
""osoba2""		37.800003	37800	39.0	39000	2.199997	2199	""osoba2""
""osoba4""		38.100002	38100	42.600002	42600	5.5	5500	""osoba4""
""osoba2""		41.7	41700	62.7	62700	22.0	22000	""osoba2""
""osoba4""		41.7	41700	42.600002	42600	1.9000015	1900	""osoba4""
""osoba2""		43.800003	43800	62.7	62700	19.899998	19899	""osoba2""
""osoba2""		44.4	44400	62.7	62700	19.3	19300	""osoba2""
""osoba2""		45.9	45900	62.7	62700	17.8	17800	""osoba2""
""osoba3""		46.2	46200	46.5	46500	1.2999992	1299	""osoba3""
""osoba2""		47.7	47700	62.7	62700	16.0	16000	""osoba2""
""osoba2""		50.4	50400	62.7	62700	13.299999	13299	""osoba2""
""osoba2""		53.4	53400	62.7	62700	10.299999	10299	""osoba2""
""osoba1""		54.9	54900	55.800003	55800	1.9000015	1900	""osoba1""
""osoba3""		62.4	62400	67.200005	67200	5.800003	5800	""osoba3""
""osoba2""		62.7	62700	62.7	62700	1.0	1000	""osoba2""
""osoba1""		63.000004	63000	66.0	66000	3.9999962	3999	""osoba1""
""osoba4""		66.600006	66600	75.9	75900	10.299995	10299	""osoba4""
""osoba2""		66.9	66900	67.8	67800	1.9000015	1900	""osoba2""
""osoba4""		68.700005	68700	75.9	75900	8.199997	8199	""osoba4""
""osoba4""		69.3	69300	75.9	75900	7.5999985	7599	""osoba4""
""osoba4""		71.700005	71700	75.9	75900	5.199997	5199	""osoba4""
""osoba3""		72.600006	72600	74.100006	74100	2.5	2500	""osoba3""
""osoba3""		73.5	73500	74.100006	74100	1.6000061	1600	""osoba3""
""osoba4""		73.5	73500	75.9	75900	3.4000015	3400	""osoba4""
""osoba1""		74.4	74400	74.700005	74700	1.300003	1300	""osoba1""
""osoba2""		75.600006	75600	85.8	85800	11.199997	11199	""osoba2""
""osoba2""		78.600006	78600	85.8	85800	8.199997	8199	""osoba2""
""osoba3""		79.200005	79200	80.4	80400	2.199997	2199	""osoba3""
""osoba2""		79.5	79500	85.8	85800	7.300003	7300	""osoba2""
""osoba2""		80.700005	80700	85.8	85800	6.0999985	6099	""osoba2""
""osoba3""		84.3	84300	101.100006	101100	17.800003	17800	""osoba3""
""osoba3""		87.0	87000	101.100006	101100	15.100006	15100	""osoba3""
""osoba1""		87.600006	87600	87.9	87900	1.2999954	1299	""osoba1""
""osoba3""		89.700005	89700	101.100006	101100	12.400002	12400	""osoba3""
""osoba3""		92.4	92400	101.100006	101100	9.700005	9700	""osoba3""
""osoba3""		93.0	93000	101.100006	101100	9.100006	9100	""osoba3""
""osoba4""		94.5	94500	95.100006	95100	1.6000061	1600	""osoba4""
""osoba3""		96.0	96000	101.100006	101100	6.100006	6100	""osoba3""
""osoba2""		96.3	96300	100.8	100800	5.5	5500	""osoba2""
""osoba2""		97.8	97800	100.8	100800	4.0	4000	""osoba2""
""osoba3""		98.100006	98100	101.100006	101100	4.0	4000	""osoba3""
""osoba1""		99.3	99300	107.700005	107700	9.400002	9400	""osoba1""
""osoba3""		105.9	105900	139.20001	139200	34.30001	34300	""osoba3""
""osoba1""		112.50001	112500	112.50001	112500	1.0	1000	""osoba1""
""osoba3""		114.3	114300	139.20001	139200	25.90001	25900	""osoba3""
""osoba1""		119.4	119400	123.3	123300	4.9000015	4900	""osoba1""
""osoba3""		121.50001	121500	139.20001	139200	18.700005	18700	""osoba3""
""osoba1""		121.8	121800	123.3	123300	2.5	2500	""osoba1""
""osoba3""		123.9	123900	139.20001	139200	16.30001	16300	""osoba3""
""osoba3""		124.8	124800	139.20001	139200	15.400009	15400	""osoba3""
""osoba3""		125.4	125400	139.20001	139200	14.800011	14800	""osoba3""
""osoba2""		126.3	126300	126.3	126300	1.0	1000	""osoba2""
""osoba3""		127.200005	127200	139.20001	139200	13.000008	13000	""osoba3""
""osoba2""		128.40001	128400	132.3	132300	4.899994	4899	""osoba2""
""osoba2""		131.1	131100	132.3	132300	2.199997	2199	""osoba2""
""osoba1""		131.40001	131400	134.1	134100	3.699997	3699	""osoba1""
""osoba3""		131.70001	131700	139.20001	139200	8.5	8500	""osoba3""
""osoba1""		133.8	133800	134.1	134100	1.300003	1300	""osoba1""
""osoba3""		135.6	135600	139.20001	139200	4.600006	4600	""osoba3""
""osoba3""		136.8	136800	139.20001	139200	3.4000092	3400	""osoba3""
""osoba3""		137.70001	137700	139.20001	139200	2.5	2500	""osoba3""
""osoba2""		139.5	139500	144.6	144600	6.100006	6100	""osoba2""
""osoba2""		141.0	141000	144.6	144600	4.600006	4600	""osoba2""
""osoba4""		142.8	142800	143.1	143100	1.300003	1300	""osoba4""
""osoba2""		143.1	143100	144.6	144600	2.5	2500	""osoba2""
""osoba1""		144.0	144000	154.20001	154200	11.200012	11200	""osoba1""
""osoba1""		149.1	149100	154.20001	154200	6.100006	6100	""osoba1""
""osoba1""		150.6	150600	154.20001	154200	4.600006	4600	""osoba1""
""osoba1""		152.1	152100	154.20001	154200	3.100006	3100	""osoba1""
""osoba2""		154.20001	154200	179.1	179100	25.899994	25899	""osoba2""
""osoba4""		154.5	154500	155.1	155100	1.6000061	1600	""osoba4""
""osoba2""		156.6	156600	179.1	179100	23.5	23500	""osoba2""
""osoba2""		157.20001	157200	179.1	179100	22.899994	22899	""osoba2""
""osoba2""		157.8	157800	179.1	179100	22.300003	22300	""osoba2""
""osoba2""		169.8	169800	179.1	179100	10.300003	10300	""osoba2""
""osoba4""		170.1	170100	171.0	171000	1.8999939	1899	""osoba4""
""osoba2""		173.1	173100	179.1	179100	7.0	7000	""osoba2""
""osoba3""		176.1	176100	176.70001	176700	1.6000061	1600	""osoba3""
""osoba3""		176.70001	176700	176.70001	176700	1.0	1000	""osoba3""
""osoba4""		177.6	177600	191.70001	191700	15.100006	15100	""osoba4""
""osoba1""		178.5	178500	179.1	179100	1.6000061	1600	""osoba1""
""osoba4""		180.6	180600	191.70001	191700	12.100006	12100	""osoba4""
""osoba4""		182.70001	182700	191.70001	191700	10.0	10000	""osoba4""
""osoba1""		183.3	183300	185.1	185100	2.800003	2800	""osoba1""
""osoba3""		186.3	186300	188.1	188100	2.800003	2800	""osoba3""
""osoba4""		186.3	186300	191.70001	191700	6.400009	6400	""osoba4""
""osoba4""		189.3	189300	191.70001	191700	3.4000092	3400	""osoba4""
""osoba4""		190.5	190500	191.70001	191700	2.2000122	2200	""osoba4""
""osoba2""		191.1	191100	198.90001	198900	8.800003	8800	""osoba2""
""osoba4""		191.1	191100	191.70001	191700	1.6000061	1600	""osoba4""
""osoba2""		195.3	195300	198.90001	198900	4.600006	4600	""osoba2""
""osoba2""		196.8	196800	198.90001	198900	3.100006	3100	""osoba2""
""osoba2""		198.6	198600	198.90001	198900	1.300003	1300	""osoba2""
""osoba1""		199.8	199800	199.8	199800	1.0	1000	""osoba1""
""osoba3""		200.1	200100	229.20001	229200	30.100006	30100	""osoba3""
""osoba2""		201.00002	201000	201.00002	201000	1.0	1000	""osoba2""
""osoba3""		207.00002	207000	229.20001	229200	23.199997	23199	""osoba3""
""osoba3""		209.70001	209700	229.20001	229200	20.5	20500	""osoba3""
""osoba1""		210.00002	210000	210.3	210300	1.2999878	1299	""osoba1""
""osoba3""		213.3	213300	229.20001	229200	16.90001	16900	""osoba3""
""osoba3""		214.8	214800	229.20001	229200	15.400009	15400	""osoba3""
""osoba1""		215.70001	215700	216.90001	216900	2.199997	2199	""osoba1""
""osoba3""		216.00002	216000	229.20001	229200	14.199997	14199	""osoba3""
""osoba2""		218.70001	218700	218.70001	218700	1.0	1000	""osoba2""
""osoba3""		219.90001	219900	229.20001	229200	10.300003	10300	""osoba3""
""osoba3""		222.00002	222000	229.20001	229200	8.199997	8199	""osoba3""
""osoba3""		223.8	223800	229.20001	229200	6.400009	6400	""osoba3""
""osoba4""		228.3	228300	232.8	232800	5.5	5500	""osoba4""
""osoba4""		230.40001	230400	232.8	232800	3.399994	3399	""osoba4""
""osoba3""		231.6	231600	244.20001	244200	13.600006	13600	""osoba3""
""osoba4""		232.8	232800	232.8	232800	1.0	1000	""osoba4""
""osoba3""		233.40001	233400	244.20001	244200	11.800003	11800	""osoba3""
""osoba3""		234.00002	234000	244.20001	244200	11.199997	11199	""osoba3""
""osoba3""		234.90001	234900	244.20001	244200	10.300003	10300	""osoba3""
""osoba3""		237.00002	237000	244.20001	244200	8.199997	8199	""osoba3""
""osoba3""		237.90001	237900	244.20001	244200	7.300003	7300	""osoba3""
""osoba3""		239.1	239100	244.20001	244200	6.100006	6100	""osoba3""
""osoba1""		240.3	240300	241.50002	241500	2.2000122	2200	""osoba1""
""osoba2""		242.70001	242700	242.70001	242700	1.0	1000	""osoba2""
""osoba4""		243.90001	243900	263.1	263100	20.199997	20199	""osoba4""
""osoba1""		244.20001	244200	244.20001	244200	1.0	1000	""osoba1""
""osoba4""		245.40001	245400	263.1	263100	18.699997	18699	""osoba4""
""osoba4""		246.00002	246000	263.1	263100	18.09999	18099	""osoba4""
""osoba3""		246.6	246600	248.40001	248400	2.800003	2800	""osoba3""
""osoba1""		247.20001	247200	247.20001	247200	1.0	1000	""osoba1""
""osoba2""		249.00002	249000	249.3	249300	1.2999878	1299	""osoba2""
""osoba4""		250.20001	250200	263.1	263100	13.899994	13899	""osoba4""
""osoba4""		251.40001	251400	263.1	263100	12.699997	12699	""osoba4""
""osoba4""		252.00002	252000	263.1	263100	12.099991	12099	""osoba4""
""osoba4""		253.50002	253500	263.1	263100	10.599991	10599	""osoba4""
""osoba4""		254.40001	254400	263.1	263100	9.699997	9699	""osoba4""
""osoba2""		262.5	262500	270.0	270000	8.5	8500	""osoba2""
""osoba4""		262.80002	262800	263.1	263100	1.2999878	1299	""osoba4""
""osoba2""		264.30002	264300	270.0	270000	6.6999817	6699	""osoba2""
""osoba2""		266.1	266100	270.0	270000	4.899994	4899	""osoba2""
""osoba1""		269.7	269700	271.2	271200	2.5	2500	""osoba1""
""osoba3""		270.6	270600	275.1	275100	5.5	5500	""osoba3""
""osoba3""		273.30002	273300	275.1	275100	2.7999878	2799	""osoba3""
""osoba1""		275.40002	275400	285.90002	285900	11.5	11500	""osoba1""
""osoba1""		283.2	283200	285.90002	285900	3.7000122	3700	""osoba1""
""osoba1""		284.1	284100	285.90002	285900	2.8000183	2800	""osoba1""
""osoba3""		285.30002	285300	295.5	295500	11.199982	11199	""osoba3""
""osoba3""		288.0	288000	295.5	295500	8.5	8500	""osoba3""
""osoba3""		288.6	288600	295.5	295500	7.899994	7899	""osoba3""
""osoba3""		289.80002	289800	295.5	295500	6.6999817	6699	""osoba3""
""osoba2""		291.90002	291900	310.2	310200	19.299988	19299	""osoba2""
""osoba2""		294.0	294000	310.2	310200	17.200012	17200	""osoba2""
""osoba2""		298.5	298500	310.2	310200	12.700012	12700	""osoba2""
""osoba2""		300.6	300600	310.2	310200	10.600006	10600	""osoba2""
""osoba2""		303.90002	303900	310.2	310200	7.299988	7299	""osoba2""
""osoba1""		305.1	305100	305.7	305700	1.6000061	1600	""osoba1""
""osoba2""		307.80002	307800	310.2	310200	3.399994	3399	""osoba2""
""osoba4""		309.6	309600	327.0	327000	18.399994	18399	""osoba4""
""osoba4""		311.7	311700	327.0	327000	16.299988	16299	""osoba4""
""osoba1""		313.2	313200	313.5	313500	1.2999878	1299	""osoba1""
""osoba3""		313.80002	313800	314.40002	314400	1.6000061	1600	""osoba3""
""osoba4""		314.7	314700	327.0	327000	13.299988	13299	""osoba4""
""osoba4""		315.90002	315900	327.0	327000	12.099976	12099	""osoba4""
""osoba4""		317.40002	317400	327.0	327000	10.599976	10599	""osoba4""
""osoba4""		318.6	318600	327.0	327000	9.399994	9399	""osoba4""
""osoba4""		320.7	320700	327.0	327000	7.299988	7299	""osoba4""
""osoba2""		322.2	322200	322.80002	322800	1.6000061	1600	""osoba2""
""osoba4""		322.5	322500	327.0	327000	5.5	5500	""osoba4""
""osoba4""		323.40002	323400	327.0	327000	4.5999756	4599	""osoba4""
""osoba4""		324.90002	324900	327.0	327000	3.0999756	3099	""osoba4""
""osoba4""		326.40002	326400	327.0	327000	1.5999756	1599	""osoba4""
""osoba2""		326.7	326700	343.5	343500	17.799988	17799	""osoba2""
""osoba2""		330.6	330600	343.5	343500	13.899994	13899	""osoba2""
""osoba2""		331.2	331200	343.5	343500	13.299988	13299	""osoba2""
""osoba2""		333.90002	333900	343.5	343500	10.599976	10599	""osoba2""
""osoba2""		334.80002	334800	343.5	343500	9.699982	9699	""osoba2""
""osoba2""		336.0	336000	343.5	343500	8.5	8500	""osoba2""
""osoba4""		336.30002	336300	336.90002	336900	1.6000061	1600	""osoba4""
""osoba2""		338.1	338100	343.5	343500	6.399994	6399	""osoba2""
""osoba2""		339.6	339600	343.5	343500	4.899994	4899	""osoba2""
""osoba2""		341.40002	341400	343.5	343500	3.0999756	3099	""osoba2""
""osoba2""		342.90002	342900	343.5	343500	1.5999756	1599	""osoba2""
""osoba3""		342.90002	342900	345.30002	345300	3.399994	3399	""osoba3""
""osoba3""		344.40002	344400	345.30002	345300	1.8999939	1899	""osoba3""
""osoba1""		345.0	345000	371.1	371100	27.100006	27100	""osoba1""
""osoba4""		346.2	346200	350.40002	350400	5.200012	5200	""osoba4""
""osoba1""		348.30002	348300	371.1	371100	23.799988	23799	""osoba1""
""osoba3""		348.30002	348300	349.5	349500	2.1999817	2199	""osoba3""
""osoba1""		352.2	352200	371.1	371100	19.899994	19899	""osoba1""
""osoba1""		353.40002	353400	371.1	371100	18.699982	18699	""osoba1""
""osoba4""		357.90002	357900	361.2	361200	4.299988	4299	""osoba4""
""osoba1""		358.2	358200	371.1	371100	13.899994	13899	""osoba1""
""osoba1""		364.2	364200	371.1	371100	7.899994	7899	""osoba1""
""osoba2""		364.5	364500	365.1	365100	1.6000061	1600	""osoba2""
""osoba1""		366.0	366000	371.1	371100	6.100006	6100	""osoba1""
""osoba1""		369.30002	369300	371.1	371100	2.7999878	2799	""osoba1""
""osoba2""		370.80002	370800	377.7	377700	7.899994	7899	""osoba2""
""osoba2""		372.0	372000	377.7	377700	6.700012	6700	""osoba2""
""osoba2""		373.2	373200	377.7	377700	5.5	5500	""osoba2""
""osoba2""		373.80002	373800	377.7	377700	4.899994	4899	""osoba2""
""osoba2""		374.7	374700	377.7	377700	4.0	4000	""osoba2""
""osoba2""		376.2	376200	377.7	377700	2.5	2500	""osoba2""
""osoba4""		378.0	378000	380.40002	380400	3.4000244	3400	""osoba4""
""osoba3""		379.80002	379800	396.30002	396300	17.5	17500	""osoba3""
""osoba3""		381.90002	381900	396.30002	396300	15.399994	15399	""osoba3""
""osoba1""		383.7	383700	383.7	383700	1.0	1000	""osoba1""
""osoba4""		385.2	385200	388.50003	388500	4.3000183	4300	""osoba4""
""osoba4""		387.00003	387000	388.50003	388500	2.5	2500	""osoba4""
""osoba3""		387.6	387600	396.30002	396300	9.700012	9700	""osoba3""
""osoba2""		388.80002	388800	388.80002	388800	1.0	1000	""osoba2""
""osoba3""		389.7	389700	396.30002	396300	7.600006	7600	""osoba3""
""osoba3""		390.30002	390300	396.30002	396300	7.0	7000	""osoba3""
""osoba3""		391.50003	391500	396.30002	396300	5.799988	5799	""osoba3""
""osoba2""		396.30002	396300	399.00003	399000	3.7000122	3700	""osoba2""
""osoba3""		396.30002	396300	396.30002	396300	1.0	1000	""osoba3""
""osoba4""		399.6	399600	411.30002	411300	12.700012	12700	""osoba4""
""osoba4""		400.50003	400500	411.30002	411300	11.799988	11799	""osoba4""
""osoba4""		403.50003	403500	411.30002	411300	8.799988	8799	""osoba4""
""osoba4""		404.7	404700	411.30002	411300	7.600006	7600	""osoba4""
""osoba4""		406.50003	406500	411.30002	411300	5.799988	5799	""osoba4""
""osoba4""		408.30002	408300	411.30002	411300	4.0	4000	""osoba4""
""osoba3""		408.90002	408900	409.50003	409500	1.6000061	1600	""osoba3""
""osoba1""		410.40002	410400	420.6	420600	11.199982	11199	""osoba1""
""osoba4""		410.40002	410400	411.30002	411300	1.8999939	1899	""osoba4""
""osoba1""		412.50003	412500	420.6	420600	9.099976	9099	""osoba1""
""osoba3""		414.00003	414000	453.6	453600	40.599976	40599	""osoba3""
""osoba1""		416.40002	416400	420.6	420600	5.1999817	5199	""osoba1""
""osoba4""		416.40002	416400	417.90002	417900	2.5	2500	""osoba4""
""osoba3""		417.30002	417300	453.6	453600	37.299988	37299	""osoba3""
""osoba1""		418.2	418200	420.6	420600	3.399994	3399	""osoba1""
""osoba3""		422.40002	422400	453.6	453600	32.19998	32199	""osoba3""
""osoba3""		424.50003	424500	453.6	453600	30.099976	30099	""osoba3""
""osoba3""		425.40002	425400	453.6	453600	29.199982	29199	""osoba3""
""osoba3""		431.7	431700	453.6	453600	22.899994	22899	""osoba3""
""osoba3""		435.30002	435300	453.6	453600	19.299988	19299	""osoba3""
""osoba3""		437.1	437100	453.6	453600	17.5	17500	""osoba3""
""osoba3""		438.30002	438300	453.6	453600	16.299988	16299	""osoba3""
""osoba4""		438.90002	438900	438.90002	438900	1.0	1000	""osoba4""
""osoba3""		440.1	440100	453.6	453600	14.5	14500	""osoba3""
""osoba3""		442.80002	442800	453.6	453600	11.799988	11799	""osoba3""
""osoba3""		443.7	443700	453.6	453600	10.899994	10899	""osoba3""
""osoba4""		444.00003	444000	445.80002	445800	2.7999878	2799	""osoba4""
""osoba4""		445.50003	445500	445.80002	445800	1.2999878	1299	""osoba4""
""osoba3""		448.2	448200	453.6	453600	6.399994	6399	""osoba3""
""osoba3""		449.40002	449400	453.6	453600	5.1999817	5199	""osoba3""
""osoba2""		450.00003	450000	465.00003	465000	16.0	16000	""osoba2""
""osoba4""		452.1	452100	458.40002	458400	7.3000183	7300	""osoba4""
""osoba2""		456.30002	456300	465.00003	465000	9.700012	9700	""osoba2""
""osoba1""		457.2	457200	457.2	457200	1.0	1000	""osoba1""
""osoba2""		459.6	459600	465.00003	465000	6.4000244	6400	""osoba2""
""osoba2""		460.80002	460800	465.00003	465000	5.200012	5200	""osoba2""
""osoba2""		461.7	461700	465.00003	465000	4.3000183	4300	""osoba2""
""osoba2""		462.90002	462900	465.00003	465000	3.100006	3100	""osoba2""
""osoba4""		462.90002	462900	469.80002	469800	7.899994	7899	""osoba4""
""osoba1""		464.1	464100	464.7	464700	1.6000061	1600	""osoba1""
""osoba4""		466.80002	466800	469.80002	469800	4.0	4000	""osoba4""
""osoba2""		468.90002	468900	472.2	472200	4.299988	4299	""osoba2""
""osoba4""		468.90002	468900	469.80002	469800	1.8999939	1899	""osoba4""
""osoba2""		470.40002	470400	472.2	472200	2.7999878	2799	""osoba2""
""osoba1""		471.00003	471000	471.00003	471000	1.0	1000	""osoba1""
""osoba2""		471.6	471600	472.2	472200	1.6000061	1600	""osoba2""
""osoba4""		471.90002	471900	478.2	478200	7.299988	7299	""osoba4""
""osoba4""		474.30002	474300	478.2	478200	4.899994	4899	""osoba4""
""osoba1""		475.2	475200	480.30002	480300	6.100006	6100	""osoba1""
""osoba3""		476.1	476100	477.00003	477000	1.9000244	1900	""osoba3""
""osoba4""		477.30002	477300	478.2	478200	1.8999939	1899	""osoba4""
""osoba1""		477.6	477600	480.30002	480300	3.7000122	3700	""osoba1""
""osoba2""		479.1	479100	493.80002	493800	15.700012	15700	""osoba2""
""osoba1""		479.40002	479400	480.30002	480300	1.8999939	1899	""osoba1""
""osoba3""		480.6	480600	481.80002	481800	2.2000122	2200	""osoba3""
""osoba2""		483.30002	483300	493.80002	493800	11.5	11500	""osoba2""
""osoba3""		486.00003	486000	486.00003	486000	1.0	1000	""osoba3""
""osoba2""		487.2	487200	493.80002	493800	7.600006	7600	""osoba2""
""osoba2""		488.1	488100	493.80002	493800	6.700012	6700	""osoba2""
""osoba3""		488.7	488700	492.00003	492000	4.3000183	4300	""osoba3""
""osoba2""		492.6	492600	493.80002	493800	2.2000122	2200	""osoba2""
""osoba4""		493.2	493200	498.90002	498900	6.700012	6700	""osoba4""
""osoba4""		495.00003	495000	498.90002	498900	4.899994	4899	""osoba4""
""osoba2""		495.90002	495900	495.90002	495900	1.0	1000	""osoba2""
""osoba4""		496.50003	496500	498.90002	498900	3.399994	3399	""osoba4""
""osoba4""		497.7	497700	498.90002	498900	2.2000122	2200	""osoba4""
""osoba4""		498.6	498600	498.90002	498900	1.3000183	1300	""osoba4""
""osoba3""		499.2	499200	511.2	511200	13.0	13000	""osoba3""
""osoba4""		501.6	501600	503.40002	503400	2.8000183	2800	""osoba4""
""osoba3""		502.50003	502500	511.2	511200	9.699982	9699	""osoba3""
""osoba3""		504.6	504600	511.2	511200	7.600006	7600	""osoba3""
""osoba3""		506.40002	506400	511.2	511200	5.799988	5799	""osoba3""
""osoba3""		507.6	507600	511.2	511200	4.600006	4600	""osoba3""
""osoba3""		508.50003	508500	511.2	511200	3.6999817	3699	""osoba3""
""osoba4""		509.1	509100	514.2	514200	6.100006	6100	""osoba4""
""osoba1""		509.40002	509400	509.7	509700	1.2999878	1299	""osoba1""
""osoba1""		512.7	512700	513.0	513000	1.2999878	1299	""osoba1""
""osoba4""		513.60004	513600	514.2	514200	1.5999756	1599	""osoba4""
""osoba3""		513.9	513900	521.4	521400	8.5	8500	""osoba3""
""osoba3""		515.4	515400	521.4	521400	7.0	7000	""osoba3""
""osoba3""		516.60004	516600	521.4	521400	5.799988	5799	""osoba3""
""osoba1""		519.0	519000	532.80005	532800	14.800049	14800	""osoba1""
""osoba1""		520.80005	520800	532.80005	532800	13.0	13000	""osoba1""
""osoba1""		522.60004	522600	532.80005	532800	11.200012	11200	""osoba1""
""osoba1""		523.80005	523800	532.80005	532800	10.0	10000	""osoba1""
""osoba1""		527.10004	527100	532.80005	532800	6.700012	6700	""osoba1""
""osoba1""		529.2	529200	532.80005	532800	4.6000366	4600	""osoba1""
""osoba1""		529.80005	529800	532.80005	532800	4.0	4000	""osoba1""
""osoba1""		530.4	530400	532.80005	532800	3.4000244	3400	""osoba1""
""osoba1""		531.0	531000	532.80005	532800	2.8000488	2800	""osoba1""
""osoba4""		532.2	532200	539.7	539700	8.5	8500	""osoba4""
""osoba4""		534.60004	534600	539.7	539700	6.0999756	6099	""osoba4""
""osoba4""		537.60004	537600	539.7	539700	3.0999756	3099	""osoba4""
""osoba1""		537.9	537900	549.60004	549600	12.700012	12700	""osoba1""
""osoba1""		543.0	543000	549.60004	549600	7.6000366	7600	""osoba1""
""osoba1""		543.60004	543600	549.60004	549600	7.0	7000	""osoba1""
""osoba1""		544.2	544200	549.60004	549600	6.4000244	6400	""osoba1""
""osoba1""		545.10004	545100	549.60004	549600	5.5	5500	""osoba1""
""osoba1""		546.0	546000	549.60004	549600	4.6000366	4600	""osoba1""
""osoba4""		547.80005	547800	547.80005	547800	1.0	1000	""osoba4""
""osoba3""		548.10004	548100	561.30005	561300	14.200012	14200	""osoba3""
""osoba3""		549.0	549000	561.30005	561300	13.300049	13300	""osoba3""
""osoba1""		549.60004	549600	549.60004	549600	1.0	1000	""osoba1""
""osoba4""		552.0	552000	553.2	553200	2.2000122	2200	""osoba4""
""osoba4""		555.9	555900	556.80005	556800	1.9000244	1900	""osoba4""
""osoba3""		560.10004	560100	561.30005	561300	2.2000122	2200	""osoba3""
""osoba2""		561.0	561000	562.5	562500	2.5	2500	""osoba2""
""osoba1""		562.5	562500	568.2	568200	6.700012	6700	""osoba1""
""osoba4""		563.7	563700	567.60004	567600	4.9000244	4900	""osoba4""
""osoba1""		564.30005	564300	568.2	568200	4.8999634	4899	""osoba1""
""osoba2""		565.2	565200	571.2	571200	7.0	7000	""osoba2""
""osoba4""		565.5	565500	567.60004	567600	3.1000366	3100	""osoba4""
""osoba1""		567.60004	567600	568.2	568200	1.5999756	1599	""osoba1""
""osoba2""		567.60004	567600	571.2	571200	4.5999756	4599	""osoba2""
""osoba3""		567.9	567900	582.0	582000	15.099976	15099	""osoba3""
""osoba2""		568.80005	568800	571.2	571200	3.3999634	3399	""osoba2""
""osoba3""		576.30005	576300	582.0	582000	6.699951	6699	""osoba3""
""osoba3""		578.7	578700	582.0	582000	4.299988	4299	""osoba3""
""osoba3""		579.9	579900	582.0	582000	3.0999756	3099	""osoba3""
""osoba3""		580.80005	580800	582.0	582000	2.1999512	2199	""osoba3""
""osoba1""		581.7	581700	584.7	584700	4.0	4000	""osoba1""
""osoba2""		583.5	583500	591.60004	591600	9.100037	9100	""osoba2""
""osoba2""		585.9	585900	591.60004	591600	6.700012	6700	""osoba2""
""osoba2""		587.4	587400	591.60004	591600	5.200012	5200	""osoba2""
""osoba3""		587.7	587700	587.7	587700	1.0	1000	""osoba3""
""osoba2""		588.9	588900	591.60004	591600	3.7000122	3700	""osoba2""
""osoba4""		589.80005	589800	596.10004	596100	7.299988	7299	""osoba4""
""osoba4""		591.0	591000	596.10004	596100	6.1000366	6100	""osoba4""
""osoba3""		594.0	594000	595.5	595500	2.5	2500	""osoba3""
""osoba3""		594.9	594900	595.5	595500	1.5999756	1599	""osoba3""
""osoba4""		595.2	595200	596.10004	596100	1.9000244	1900	""osoba4""
""osoba2""		595.5	595500	601.2	601200	6.700012	6700	""osoba2""
""osoba1""		597.60004	597600	600.0	600000	3.3999634	3399	""osoba1""
""osoba2""		597.60004	597600	601.2	601200	4.5999756	4599	""osoba2""
""osoba1""		599.7	599700	600.0	600000	1.2999878	1299	""osoba1""
""osoba2""		599.7	599700	601.2	601200	2.5	2500	""osoba2""
""osoba2""		601.2	601200	601.2	601200	1.0	1000	""osoba2""
""osoba3""		601.2	601200	605.10004	605100	4.9000244	4900	""osoba3""
""osoba4""		601.5	601500	601.80005	601800	1.3000488	1300	""osoba4""
""osoba3""		604.2	604200	605.10004	605100	1.9000244	1900	""osoba3""
""osoba2""		605.10004	605100	606.60004	606600	2.5	2500	""osoba2""
""osoba4""		605.4	605400	611.7	611700	7.299988	7299	""osoba4""
""osoba4""		609.0	609000	611.7	611700	3.7000122	3700	""osoba4""
""osoba1""		610.80005	610800	610.80005	610800	1.0	1000	""osoba1""
""osoba2""		611.4	611400	618.0	618000	7.5999756	7599	""osoba2""
""osoba3""		611.7	611700	612.9	612900	2.2000122	2200	""osoba3""
""osoba2""		614.7	614700	618.0	618000	4.299988	4299	""osoba2""
""osoba2""		616.2	616200	618.0	618000	2.7999878	2799	""osoba2""
""osoba2""		617.10004	617100	618.0	618000	1.8999634	1899	""osoba2""
""osoba3""		617.4	617400	621.30005	621300	4.9000244	4900	""osoba3""
""osoba3""		618.9	618900	621.30005	621300	3.4000244	3400	""osoba3""
""osoba1""		621.60004	621600	629.7	629700	9.099976	9099	""osoba1""
""osoba4""		622.80005	622800	623.4	623400	1.5999756	1599	""osoba4""
""osoba1""		623.10004	623100	629.7	629700	7.5999756	7599	""osoba1""
""osoba1""		625.80005	625800	629.7	629700	4.8999634	4899	""osoba1""
""osoba1""		626.4	626400	629.7	629700	4.299988	4299	""osoba1""
""osoba1""		627.60004	627600	629.7	629700	3.0999756	3099	""osoba1""
""osoba1""		628.2	628200	629.7	629700	2.5	2500	""osoba1""
""osoba3""		629.7	629700	638.10004	638100	9.400024	9400	""osoba3""
""osoba3""		631.5	631500	638.10004	638100	7.6000366	7600	""osoba3""
""osoba3""		632.4	632400	638.10004	638100	6.700012	6700	""osoba3""
""osoba3""		635.10004	635100	638.10004	638100	4.0	4000	""osoba3""
""osoba2""		635.7	635700	639.0	639000	4.299988	4299	""osoba2""
""osoba3""		638.10004	638100	638.10004	638100	1.0	1000	""osoba3""
""osoba1""		638.4	638400	647.7	647700	10.299988	10299	""osoba1""
""osoba1""		639.60004	639600	647.7	647700	9.099976	9099	""osoba1""
""osoba1""		641.4	641400	647.7	647700	7.299988	7299	""osoba1""
""osoba3""		643.80005	643800	645.30005	645300	2.5	2500	""osoba3""
""osoba1""		644.7	644700	647.7	647700	4.0	4000	""osoba1""
""osoba4""		645.0	645000	679.80005	679800	35.80005	35800	""osoba4""
""osoba4""		646.5	646500	679.80005	679800	34.30005	34300	""osoba4""
""osoba1""		647.10004	647100	647.7	647700	1.5999756	1599	""osoba1""
""osoba4""		647.4	647400	679.80005	679800	33.400024	33400	""osoba4""
""osoba1""		651.0	651000	651.0	651000	1.0	1000	""osoba1""
""osoba4""		655.5	655500	679.80005	679800	25.300049	25300	""osoba4""
""osoba4""		660.9	660900	679.80005	679800	19.900024	19900	""osoba4""
""osoba4""		662.10004	662100	679.80005	679800	18.700012	18700	""osoba4""
""osoba4""		664.2	664200	679.80005	679800	16.600037	16600	""osoba4""
""osoba4""		665.7	665700	679.80005	679800	15.100037	15100	""osoba4""
""osoba4""		666.30005	666300	679.80005	679800	14.5	14500	""osoba4""
""osoba1""		666.60004	666600	667.5	667500	1.8999634	1899	""osoba1""
""osoba4""		669.30005	669300	679.80005	679800	11.5	11500	""osoba4""
""osoba4""		670.80005	670800	679.80005	679800	10.0	10000	""osoba4""
""osoba4""		672.9	672900	679.80005	679800	7.9000244	7900	""osoba4""
""osoba2""		673.80005	673800	674.10004	674100	1.2999878	1299	""osoba2""
""osoba3""		674.7	674700	675.9	675900	2.2000122	2200	""osoba3""
""osoba4""		677.10004	677100	679.80005	679800	3.7000122	3700	""osoba4""
""osoba4""		678.30005	678300	679.80005	679800	2.5	2500	""osoba4""
""osoba3""		679.80005	679800	681.30005	681300	2.5	2500	""osoba3""
""osoba1""		680.10004	680100	686.4	686400	7.299988	7299	""osoba1""
""osoba3""		681.30005	681300	681.30005	681300	1.0	1000	""osoba3""
""osoba1""		683.7	683700	686.4	686400	3.7000122	3700	""osoba1""
""osoba2""		685.80005	685800	693.9	693900	9.099976	9099	""osoba2""
""osoba4""		687.9	687900	688.80005	688800	1.9000244	1900	""osoba4""
""osoba2""		690.0	690000	693.9	693900	4.9000244	4900	""osoba2""
""osoba1""		690.30005	690300	690.30005	690300	1.0	1000	""osoba1""
""osoba4""		691.80005	691800	691.80005	691800	1.0	1000	""osoba4""
""osoba2""		692.10004	692100	693.9	693900	2.7999878	2799	""osoba2""
""osoba2""		693.0	693000	693.9	693900	1.9000244	1900	""osoba2""
""osoba4""		694.2	694200	698.10004	698100	4.9000244	4900	""osoba4""
""osoba2""		696.30005	696300	700.80005	700800	5.5	5500	""osoba2""
""osoba1""		698.4	698400	708.30005	708300	10.900024	10900	""osoba1""
""osoba3""		700.5	700500	701.4	701400	1.9000244	1900	""osoba3""
""osoba1""		702.30005	702300	708.30005	708300	7.0	7000	""osoba1""
""osoba1""		704.7	704700	708.30005	708300	4.6000366	4600	""osoba1""
""osoba2""		705.30005	705300	705.60004	705600	1.2999878	1299	""osoba2""
""osoba3""		705.30005	705300	713.4	713400	9.099976	9099	""osoba3""
""osoba3""		711.30005	711300	713.4	713400	3.0999756	3099	""osoba3""
""osoba1""		711.9	711900	712.2	712200	1.2999878	1299	""osoba1""
""osoba4""		712.80005	712800	724.80005	724800	13.0	13000	""osoba4""
""osoba4""		719.10004	719100	724.80005	724800	6.700012	6700	""osoba4""
""osoba4""		719.7	719700	724.80005	724800	6.1000366	6100	""osoba4""
""osoba1""		721.5	721500	721.80005	721800	1.3000488	1300	""osoba1""
""osoba4""		722.4	722400	724.80005	724800	3.4000244	3400	""osoba4""
""osoba4""		724.5	724500	724.80005	724800	1.3000488	1300	""osoba4""
""osoba3""		725.10004	725100	733.2	733200	9.099976	9099	""osoba3""
""osoba3""		728.4	728400	733.2	733200	5.799988	5799	""osoba3""
""osoba3""		729.0	729000	733.2	733200	5.200012	5200	""osoba3""
""osoba3""		729.60004	729600	733.2	733200	4.5999756	4599	""osoba3""
""osoba4""		729.9	729900	740.4	740400	11.5	11500	""osoba4""
""osoba4""		737.10004	737100	740.4	740400	4.299988	4299	""osoba4""
""osoba2""		740.4	740400	760.80005	760800	21.400024	21400	""osoba2""
""osoba2""		741.9	741900	760.80005	760800	19.900024	19900	""osoba2""
""osoba2""		744.30005	744300	760.80005	760800	17.5	17500	""osoba2""
""osoba4""		745.80005	745800	748.2	748200	3.3999634	3399	""osoba4""
""osoba2""		746.10004	746100	760.80005	760800	15.700012	15700	""osoba2""
""osoba2""		749.7	749700	760.80005	760800	12.100037	12100	""osoba2""
""osoba2""		751.80005	751800	760.80005	760800	10.0	10000	""osoba2""
""osoba3""		753.9	753900	754.80005	754800	1.9000244	1900	""osoba3""
""osoba2""		756.30005	756300	760.80005	760800	5.5	5500	""osoba2""
""osoba1""		756.60004	756600	758.4	758400	2.7999878	2799	""osoba1""
""osoba3""		757.2	757200	767.10004	767100	10.900024	10900	""osoba3""
""osoba2""		760.80005	760800	760.80005	760800	1.0	1000	""osoba2""
""osoba2""		763.5	763500	763.80005	763800	1.3000488	1300	""osoba2""
""osoba1""		764.4	764400	764.7	764700	1.2999878	1299	""osoba1""
""osoba3""		764.7	764700	767.10004	767100	3.4000244	3400	""osoba3""
""osoba3""		765.9	765900	767.10004	767100	2.2000122	2200	""osoba3""
""osoba2""		766.2	766200	766.80005	766800	1.6000366	1600	""osoba2""
""osoba1""		767.4	767400	777.30005	777300	10.900024	10900	""osoba1""
""osoba2""		768.9	768900	769.2	769200	1.2999878	1299	""osoba2""
""osoba1""		769.2	769200	777.30005	777300	9.100037	9100	""osoba1""
""osoba3""		770.7	770700	771.9	771900	2.2000122	2200	""osoba3""
""osoba4""		772.2	772200	772.2	772200	1.0	1000	""osoba4""
""osoba3""		774.30005	774300	774.30005	774300	1.0	1000	""osoba3""
""osoba1""		775.2	775200	777.30005	777300	3.1000366	3100	""osoba1""
""osoba2""		775.80005	775800	779.10004	779100	4.299988	4299	""osoba2""
""osoba1""		776.7	776700	777.30005	777300	1.6000366	1600	""osoba1""
""osoba3""		779.10004	779100	788.4	788400	10.299988	10299	""osoba3""
""osoba3""		780.00006	780000	788.4	788400	9.399963	9399	""osoba3""
""osoba3""		780.60004	780600	788.4	788400	8.799988	8799	""osoba3""
""osoba3""		782.4	782400	788.4	788400	7.0	7000	""osoba3""
""osoba3""		783.60004	783600	788.4	788400	5.799988	5799	""osoba3""
""osoba3""		784.2	784200	788.4	788400	5.200012	5200	""osoba3""
""osoba3""		785.4	785400	788.4	788400	4.0	4000	""osoba3""
""osoba3""		786.60004	786600	788.4	788400	2.7999878	2799	""osoba3""
""osoba3""		787.50006	787500	788.4	788400	1.8999634	1899	""osoba3""
""osoba1""		788.10004	788100	801.00006	801000	13.900024	13900	""osoba1""
""osoba1""		789.60004	789600	801.00006	801000	12.400024	12400	""osoba1""
""osoba1""		791.7	791700	801.00006	801000	10.300049	10300	""osoba1""
""osoba1""		792.9	792900	801.00006	801000	9.100037	9100	""osoba1""
""osoba1""		794.7	794700	801.00006	801000	7.300049	7300	""osoba1""
""osoba3""		795.00006	795000	795.30005	795300	1.2999878	1299	""osoba3""
""osoba2""		798.00006	798000	800.4	800400	3.3999634	3399	""osoba2""
""osoba1""		798.9	798900	801.00006	801000	3.1000366	3100	""osoba1""
""osoba2""		799.2	799200	800.4	800400	2.2000122	2200	""osoba2""
""osoba4""		800.10004	800100	801.9	801900	2.7999878	2799	""osoba4""
""osoba3""		800.7	800700	804.60004	804600	4.9000244	4900	""osoba3""
""osoba3""		802.80005	802800	804.60004	804600	2.7999878	2799	""osoba3""
""osoba3""		804.30005	804300	804.60004	804600	1.2999878	1299	""osoba3""
""osoba4""		804.60004	804600	814.80005	814800	11.200012	11200	""osoba4""
""osoba4""		807.60004	807600	814.80005	814800	8.200012	8200	""osoba4""
""osoba4""		809.4	809400	814.80005	814800	6.4000244	6400	""osoba4""
""osoba4""		814.2	814200	814.80005	814800	1.6000366	1600	""osoba4""
""osoba2""		815.10004	815100	818.10004	818100	4.0	4000	""osoba2""
""osoba1""		815.7	815700	815.7	815700	1.0	1000	""osoba1""
""osoba2""		816.30005	816300	818.10004	818100	2.7999878	2799	""osoba2""
""osoba2""		816.9	816900	818.10004	818100	2.2000122	2200	""osoba2""
""osoba2""		817.50006	817500	818.10004	818100	1.5999756	1599	""osoba2""
""osoba2""		818.10004	818100	818.10004	818100	1.0	1000	""osoba2""
""osoba1""		818.4	818400	825.00006	825000	7.6000366	7600	""osoba1""
""osoba4""		818.4	818400	819.30005	819300	1.9000244	1900	""osoba4""
""osoba1""		820.2	820200	825.00006	825000	5.800049	5800	""osoba1""
""osoba1""		821.4	821400	825.00006	825000	4.6000366	4600	""osoba1""
""osoba3""		824.10004	824100	843.9	843900	20.799988	20799	""osoba3""
""osoba4""		825.30005	825300	826.80005	826800	2.5	2500	""osoba4""
""osoba3""		826.50006	826500	843.9	843900	18.399963	18399	""osoba3""
""osoba3""		831.30005	831300	843.9	843900	13.599976	13599	""osoba3""
""osoba3""		831.9	831900	843.9	843900	13.0	13000	""osoba3""
""osoba3""		834.00006	834000	843.9	843900	10.899963	10899	""osoba3""
""osoba3""		834.60004	834600	843.9	843900	10.299988	10299	""osoba3""
""osoba3""		835.2	835200	843.9	843900	9.700012	9700	""osoba3""
""osoba3""		836.4	836400	843.9	843900	8.5	8500	""osoba3""
""osoba3""		838.2	838200	843.9	843900	6.700012	6700	""osoba3""
""osoba3""		838.80005	838800	843.9	843900	6.0999756	6099	""osoba3""
""osoba3""		840.30005	840300	843.9	843900	4.5999756	4599	""osoba3""
""osoba3""		841.2	841200	843.9	843900	3.7000122	3700	""osoba3""
""osoba3""		841.80005	841800	843.9	843900	3.0999756	3099	""osoba3""
""osoba3""		842.4	842400	843.9	843900	2.5	2500	""osoba3""
""osoba2""		843.60004	843600	850.80005	850800	8.200012	8200	""osoba2""
""osoba2""		845.4	845400	850.80005	850800	6.4000244	6400	""osoba2""
""osoba1""		846.9	846900	847.50006	847500	1.6000366	1600	""osoba1""
""osoba2""		847.50006	847500	850.80005	850800	4.299988	4299	""osoba2""
""osoba2""		849.00006	849000	850.80005	850800	2.7999878	2799	""osoba2""
""osoba2""		849.9	849900	850.80005	850800	1.9000244	1900	""osoba2""
""osoba4""		850.50006	850500	852.9	852900	3.3999634	3399	""osoba4""
""osoba2""		853.2	853200	858.9	858900	6.700012	6700	""osoba2""
""osoba1""		855.9	855900	866.4	866400	11.5	11500	""osoba1""
""osoba2""		858.9	858900	858.9	858900	1.0	1000	""osoba2""
""osoba1""		859.50006	859500	866.4	866400	7.8999634	7899	""osoba1""
""osoba1""		861.30005	861300	866.4	866400	6.0999756	6099	""osoba1""
""osoba3""		862.80005	862800	863.4	863400	1.5999756	1599	""osoba3""
""osoba1""		864.60004	864600	866.4	866400	2.7999878	2799	""osoba1""
""osoba4""		866.4	866400	868.80005	868800	3.4000244	3400	""osoba4""
""osoba3""		867.9	867900	871.2	871200	4.299988	4299	""osoba3""
""osoba3""		870.30005	870300	871.2	871200	1.8999634	1899	""osoba3""
""osoba2""		871.2	871200	874.80005	874800	4.6000366	4600	""osoba2""
""osoba1""		873.30005	873300	876.9	876900	4.5999756	4599	""osoba1""
""osoba1""		876.60004	876600	876.9	876900	1.2999878	1299	""osoba1""
""osoba3""		877.2	877200	894.60004	894600	18.400024	18400	""osoba3""
""osoba3""		878.7	878700	894.60004	894600	16.900024	16900	""osoba3""
""osoba3""		879.9	879900	894.60004	894600	15.700012	15700	""osoba3""
""osoba3""		880.50006	880500	894.60004	894600	15.099976	15099	""osoba3""
""osoba3""		881.4	881400	894.60004	894600	14.200012	14200	""osoba3""
""osoba3""		882.00006	882000	894.60004	894600	13.599976	13599	""osoba3""
""osoba3""		882.60004	882600	894.60004	894600	13.0	13000	""osoba3""
""osoba3""		884.10004	884100	894.60004	894600	11.5	11500	""osoba3""
""osoba3""		886.50006	886500	894.60004	894600	9.099976	9099	""osoba3""
""osoba3""		888.60004	888600	894.60004	894600	7.0	7000	""osoba3""
""osoba1""		890.10004	890100	902.4	902400	13.299988	13299	""osoba1""
""osoba3""		891.30005	891300	894.60004	894600	4.299988	4299	""osoba3""
""osoba1""		893.4	893400	902.4	902400	10.0	10000	""osoba1""
""osoba2""		897.9	897900	898.2	898200	1.2999878	1299	""osoba2""
""osoba1""		898.2	898200	902.4	902400	5.200012	5200	""osoba1""
""osoba1""		900.60004	900600	902.4	902400	2.7999878	2799	""osoba1""
""osoba1""		901.2	901200	902.4	902400	2.2000122	2200	""osoba1""
""osoba2""		902.7	902700	903.60004	903600	1.9000244	1900	""osoba2""
""osoba3""		903.9	903900	914.4	914400	11.5	11500	""osoba3""
""osoba4""		904.80005	904800	908.7	908700	4.8999634	4899	""osoba4""
""osoba4""		906.30005	906300	908.7	908700	3.3999634	3399	""osoba4""
""osoba3""		907.2	907200	914.4	914400	8.200012	8200	""osoba3""
""osoba4""		908.10004	908100	908.7	908700	1.5999756	1599	""osoba4""
""osoba3""		909.00006	909000	914.4	914400	6.3999634	6399	""osoba3""
""osoba2""		910.2	910200	910.2	910200	1.0	1000	""osoba2""
""osoba3""		912.9	912900	914.4	914400	2.5	2500	""osoba3""
""osoba3""		913.80005	913800	914.4	914400	1.5999756	1599	""osoba3""
""osoba1""		914.4	914400	921.60004	921600	8.200012	8200	""osoba1""
""osoba1""		915.9	915900	921.60004	921600	6.700012	6700	""osoba1""
""osoba1""		917.7	917700	921.60004	921600	4.9000244	4900	""osoba1""
""osoba1""		919.80005	919800	921.60004	921600	2.7999878	2799	""osoba1""
""osoba1""		920.4	920400	921.60004	921600	2.2000122	2200	""osoba1""
""osoba2""		920.4	920400	927.30005	927300	7.9000244	7900	""osoba2""
""osoba2""		923.10004	923100	927.30005	927300	5.200012	5200	""osoba2""
""osoba2""		925.2	925200	927.30005	927300	3.1000366	3100	""osoba2""
""osoba4""		925.80005	925800	939.00006	939000	14.200012	14200	""osoba4""
""osoba1""		928.80005	928800	928.80005	928800	1.0	1000	""osoba1""
""osoba4""		930.30005	930300	939.00006	939000	9.700012	9700	""osoba4""
""osoba4""		930.9	930900	939.00006	939000	9.100037	9100	""osoba4""
""osoba4""		931.80005	931800	939.00006	939000	8.200012	8200	""osoba4""
""osoba4""		933.9	933900	939.00006	939000	6.1000366	6100	""osoba4""
""osoba4""		936.60004	936600	939.00006	939000	3.4000244	3400	""osoba4""
""osoba4""		937.2	937200	939.00006	939000	2.8000488	2800	""osoba4""
""osoba4""		938.4	938400	939.00006	939000	1.6000366	1600	""osoba4""
""osoba3""		939.30005	939300	947.10004	947100	8.799988	8799	""osoba3""
""osoba2""		939.60004	939600	942.00006	942000	3.4000244	3400	""osoba2""
""osoba3""		941.10004	941100	947.10004	947100	7.0	7000	""osoba3""
""osoba4""		941.10004	941100	942.00006	942000	1.9000244	1900	""osoba4""
""osoba2""		941.4	941400	942.00006	942000	1.6000366	1600	""osoba2""
""osoba3""		943.50006	943500	947.10004	947100	4.5999756	4599	""osoba3""
""osoba1""		945.9	945900	949.80005	949800	4.9000244	4900	""osoba1""
""osoba4""		949.2	949200	956.10004	956100	7.9000244	7900	""osoba4""
""osoba4""		951.00006	951000	956.10004	956100	6.0999756	6099	""osoba4""
""osoba4""		952.80005	952800	956.10004	956100	4.299988	4299	""osoba4""
""osoba4""		954.30005	954300	956.10004	956100	2.7999878	2799	""osoba4""
""osoba3""		955.2	955200	957.9	957900	3.7000122	3700	""osoba3""
""osoba1""		955.50006	955500	957.60004	957600	3.0999756	3099	""osoba1""
""osoba2""		957.30005	957300	971.4	971400	15.099976	15099	""osoba2""
""osoba2""		959.4	959400	971.4	971400	13.0	13000	""osoba2""
""osoba4""		961.50006	961500	961.50006	961500	1.0	1000	""osoba4""
""osoba2""		962.4	962400	971.4	971400	10.0	10000	""osoba2""
""osoba2""		965.10004	965100	971.4	971400	7.299988	7299	""osoba2""
""osoba1""		966.60004	966600	969.30005	969300	3.7000122	3700	""osoba1""
""osoba2""		966.60004	966600	971.4	971400	5.799988	5799	""osoba2""
""osoba4""		966.9	966900	967.50006	967500	1.6000366	1600	""osoba4""
""osoba3""		967.50006	967500	982.50006	982500	16.0	16000	""osoba3""
""osoba3""		971.10004	971100	982.50006	982500	12.400024	12400	""osoba3""
""osoba2""		971.4	971400	971.4	971400	1.0	1000	""osoba2""
""osoba3""		972.60004	972600	982.50006	982500	10.900024	10900	""osoba3""
""osoba4""		972.9	972900	973.50006	973500	1.6000366	1600	""osoba4""
""osoba3""		975.30005	975300	982.50006	982500	8.200012	8200	""osoba3""
""osoba3""		975.9	975900	982.50006	982500	7.6000366	7600	""osoba3""
""osoba3""		976.50006	976500	982.50006	982500	7.0	7000	""osoba3""
""osoba2""		976.80005	976800	977.10004	977100	1.2999878	1299	""osoba2""
""osoba1""		979.80005	979800	980.7	980700	1.8999634	1899	""osoba1""
""osoba2""		981.00006	981000	981.60004	981600	1.5999756	1599	""osoba2""
""osoba4""		982.2	982200	989.4	989400	8.200012	8200	""osoba4""
""osoba4""		983.7	983700	989.4	989400	6.700012	6700	""osoba4""
""osoba1""		985.50006	985500	985.80005	985800	1.2999878	1299	""osoba1""
""osoba4""		985.80005	985800	989.4	989400	4.5999756	4599	""osoba4""
""osoba4""		987.9	987900	989.4	989400	2.5	2500	""osoba4""
""osoba4""		988.80005	988800	989.4	989400	1.5999756	1599	""osoba4""
""osoba2""		989.4	989400	996.60004	996600	8.200012	8200	""osoba2""
""osoba2""		990.60004	990600	996.60004	996600	7.0	7000	""osoba2""
""osoba3""		992.4	992400	992.7	992700	1.2999878	1299	""osoba3""
""osoba2""		992.7	992700	996.60004	996600	4.9000244	4900	""osoba2""
""osoba2""		994.80005	994800	996.60004	996600	2.7999878	2799	""osoba2""
""osoba2""		995.4	995400	996.60004	996600	2.2000122	2200	""osoba2""
""osoba3""		995.7	995700	999.00006	999000	4.300049	4300	""osoba3""
""osoba4""		998.7	998700	1017.9	1017900	20.200012	20200	""osoba4""
""osoba4""		1000.80005	1000800	1017.9	1017900	18.099976	18099	""osoba4""
""osoba4""		1002.00006	1002000	1017.9	1017900	16.899963	16899	""osoba4""
""osoba1""		1006.80005	1006800	1006.80005	1006800	1.0	1000	""osoba1""
""osoba4""		1007.10004	1007100	1017.9	1017900	11.799988	11799	""osoba4""
""osoba4""		1014.9	1014900	1017.9	1017900	4.0	4000	""osoba4""
""osoba2""		1015.2	1015200	1015.50006	1015500	1.3000488	1300	""osoba2""
""osoba4""		1017.00006	1017000	1017.9	1017900	1.8999634	1899	""osoba4""
""osoba3""		1017.9	1017900	1027.8	1027800	10.900024	10900	""osoba3""
""osoba2""		1020.00006	1020000	1022.7	1022700	3.6999512	3699	""osoba2""
""osoba3""		1020.00006	1020000	1027.8	1027800	8.799988	8799	""osoba3""
""osoba2""		1022.10004	1022100	1022.7	1022700	1.5999756	1599	""osoba2""
""osoba3""		1024.2001	1024200	1027.8	1027800	4.5999756	4599	""osoba3""
""osoba2""		1027.8	1027800	1031.7001	1031700	4.9000244	4900	""osoba2""
""osoba1""		1030.5	1030500	1035.3	1035300	5.800049	5800	""osoba1""
""osoba1""		1032.9	1032900	1035.3	1035300	3.4000244	3400	""osoba1""
""osoba3""		1035.9	1035900	1047.3	1047300	12.400024	12400	""osoba3""
""osoba4""		1038.9	1038900	1038.9	1038900	1.0	1000	""osoba4""
""osoba3""		1039.8	1039800	1047.3	1047300	8.5	8500	""osoba3""
""osoba1""		1041.0	1041000	1053.6001	1053600	13.600098	13600	""osoba1""
""osoba4""		1041.0	1041000	1041.6001	1041600	1.6000977	1600	""osoba4""
""osoba3""		1041.9	1041900	1047.3	1047300	6.4000244	6400	""osoba3""
""osoba1""		1044.9	1044900	1053.6001	1053600	9.700073	9700	""osoba1""
""osoba3""		1044.9	1044900	1047.3	1047300	3.4000244	3400	""osoba3""
""osoba1""		1048.8	1048800	1053.6001	1053600	5.800049	5800	""osoba1""
""osoba1""		1052.1001	1052100	1053.6001	1053600	2.5	2500	""osoba1""
""osoba1""		1053.6001	1053600	1053.6001	1053600	1.0	1000	""osoba1""
""osoba3""		1053.6001	1053600	1056.9	1056900	4.2999268	4299	""osoba3""
""osoba2""		1054.2001	1054200	1054.2001	1054200	1.0	1000	""osoba2""
""osoba3""		1055.4	1055400	1056.9	1056900	2.5	2500	""osoba3""
""osoba2""		1056.9	1056900	1058.4	1058400	2.5	2500	""osoba2""
""osoba3""		1059.0	1059000	1077.0	1077000	19.0	19000	""osoba3""
""osoba4""		1060.8	1060800	1061.1001	1061100	1.3000488	1300	""osoba4""
""osoba3""		1063.5	1063500	1077.0	1077000	14.5	14500	""osoba3""
""osoba3""		1065.0	1065000	1077.0	1077000	13.0	13000	""osoba3""
""osoba3""		1066.5	1066500	1077.0	1077000	11.5	11500	""osoba3""
""osoba1""		1067.1001	1067100	1068.0	1068000	1.8999023	1899	""osoba1""
""osoba3""		1067.1001	1067100	1077.0	1077000	10.899902	10899	""osoba3""
""osoba3""		1068.9	1068900	1077.0	1077000	9.099976	9099	""osoba3""
""osoba3""		1070.1001	1070100	1077.0	1077000	7.8999023	7899	""osoba3""
""osoba3""		1071.6001	1071600	1077.0	1077000	6.3999023	6399	""osoba3""
""osoba3""		1075.8	1075800	1077.0	1077000	2.1999512	2199	""osoba3""
""osoba2""		1077.9	1077900	1085.7001	1085700	8.800049	8800	""osoba2""
""osoba2""		1081.8	1081800	1085.7001	1085700	4.9000244	4900	""osoba2""
""osoba4""		1085.4	1085400	1094.7001	1094700	10.300049	10300	""osoba4""
""osoba1""		1086.9	1086900	1086.9	1086900	1.0	1000	""osoba1""
""osoba4""		1089.9	1089900	1094.7001	1094700	5.800049	5800	""osoba4""
""osoba4""		1092.0	1092000	1094.7001	1094700	3.7000732	3700	""osoba4""
""osoba2""		1094.1001	1094100	1113.3	1113300	20.199951	20199	""osoba2""
""osoba2""		1096.8	1096800	1113.3	1113300	17.5	17500	""osoba2""
""osoba2""		1097.7001	1097700	1113.3	1113300	16.599976	16599	""osoba2""
""osoba3""		1098.0	1098000	1098.9	1098900	1.9000244	1900	""osoba3""
""osoba2""		1099.8	1099800	1113.3	1113300	14.5	14500	""osoba2""
""osoba2""		1102.5	1102500	1113.3	1113300	11.800049	11800	""osoba2""
""osoba2""		1103.1001	1103100	1113.3	1113300	11.199951	11199	""osoba2""
""osoba3""		1103.1001	1103100	1104.3	1104300	2.1999512	2199	""osoba3""
""osoba4""		1104.0	1104000	1104.9	1104900	1.9000244	1900	""osoba4""
""osoba2""		1106.1001	1106100	1113.3	1113300	8.199951	8199	""osoba2""
""osoba2""		1107.3	1107300	1113.3	1113300	7.0	7000	""osoba2""
""osoba2""		1108.5	1108500	1113.3	1113300	5.800049	5800	""osoba2""
""osoba2""		1110.0	1110000	1113.3	1113300	4.300049	4300	""osoba2""
""osoba2""		1111.8	1111800	1113.3	1113300	2.5	2500	""osoba2""
""osoba4""		1113.0	1113000	1114.8	1114800	2.8000488	2800	""osoba4""
""osoba3""		1114.2001	1114200	1128.6001	1128600	15.400024	15400	""osoba3""
""osoba4""		1114.2001	1114200	1114.8	1114800	1.5999756	1599	""osoba4""
""osoba3""		1117.8	1117800	1128.6001	1128600	11.800049	11800	""osoba3""
""osoba3""		1118.7001	1118700	1128.6001	1128600	10.900024	10900	""osoba3""
""osoba3""		1120.5	1120500	1128.6001	1128600	9.100098	9100	""osoba3""
""osoba3""		1122.0	1122000	1128.6001	1128600	7.6000977	7600	""osoba3""
""osoba3""		1122.6001	1122600	1128.6001	1128600	7.0	7000	""osoba3""
""osoba3""		1123.5	1123500	1128.6001	1128600	6.1000977	6100	""osoba3""
""osoba1""		1124.7001	1124700	1125.3	1125300	1.5999756	1599	""osoba1""
""osoba3""		1124.7001	1124700	1128.6001	1128600	4.9000244	4900	""osoba3""
""osoba3""		1126.5	1126500	1128.6001	1128600	3.1000977	3100	""osoba3""
""osoba4""		1127.7001	1127700	1127.7001	1127700	1.0	1000	""osoba4""
""osoba2""		1128.3	1128300	1135.5	1135500	8.199951	8199	""osoba2""
""osoba3""		1128.3	1128300	1128.6001	1128600	1.3000488	1300	""osoba3""
""osoba2""		1130.7001	1130700	1135.5	1135500	5.7999268	5799	""osoba2""
""osoba2""		1131.6001	1131600	1135.5	1135500	4.8999023	4899	""osoba2""
""osoba3""		1132.2001	1132200	1139.4	1139400	8.199951	8199	""osoba3""
""osoba3""		1133.4	1133400	1139.4	1139400	7.0	7000	""osoba3""
""osoba2""		1133.7001	1133700	1135.5	1135500	2.7999268	2799	""osoba2""
""osoba3""		1134.6001	1134600	1139.4	1139400	5.7999268	5799	""osoba3""
""osoba3""		1136.7001	1136700	1139.4	1139400	3.6999512	3699	""osoba3""
""osoba3""		1138.5	1138500	1139.4	1139400	1.9000244	1900	""osoba3""
""osoba4""		1138.5	1138500	1157.7001	1157700	20.200073	20200	""osoba4""
""osoba4""		1140.3	1140300	1157.7001	1157700	18.400024	18400	""osoba4""
""osoba4""		1142.4	1142400	1157.7001	1157700	16.300049	16300	""osoba4""
""osoba1""		1144.2001	1144200	1144.8	1144800	1.5999756	1599	""osoba1""
""osoba2""		1144.8	1144800	1146.9	1146900	3.0999756	3099	""osoba2""
""osoba3""		1146.9	1146900	1150.8	1150800	4.9000244	4900	""osoba3""
""osoba3""		1148.7001	1148700	1150.8	1150800	3.0999756	3099	""osoba3""
""osoba4""		1148.7001	1148700	1157.7001	1157700	10.0	10000	""osoba4""
""osoba2""		1157.1001	1157100	1172.7001	1172700	16.599976	16599	""osoba2""
""osoba4""		1157.4	1157400	1157.7001	1157700	1.3000488	1300	""osoba4""
""osoba2""		1159.8	1159800	1172.7001	1172700	13.900024	13900	""osoba2""
""osoba2""		1161.9	1161900	1172.7001	1172700	11.800049	11800	""osoba2""
""osoba2""		1162.8	1162800	1172.7001	1172700	10.900024	10900	""osoba2""
""osoba2""		1166.4	1166400	1172.7001	1172700	7.300049	7300	""osoba2""
""osoba2""		1168.2001	1168200	1172.7001	1172700	5.5	5500	""osoba2""
""osoba3""		1169.7001	1169700	1170.3	1170300	1.5999756	1599	""osoba3""
""osoba3""		1172.4	1172400	1182.3	1182300	10.900024	10900	""osoba3""
""osoba3""		1173.9	1173900	1182.3	1182300	9.400024	9400	""osoba3""
""osoba3""		1176.0	1176000	1182.3	1182300	7.300049	7300	""osoba3""
""osoba3""		1176.9	1176900	1182.3	1182300	6.4000244	6400	""osoba3""
""osoba1""		1181.4	1181400	1195.5	1195500	15.099976	15099	""osoba1""
""osoba1""		1182.3	1182300	1195.5	1195500	14.199951	14199	""osoba1""
""osoba1""		1185.6001	1185600	1195.5	1195500	10.899902	10899	""osoba1""
""osoba4""		1185.9	1185900	1185.9	1185900	1.0	1000	""osoba4""
""osoba1""		1189.2001	1189200	1195.5	1195500	7.2999268	7299	""osoba1""
""osoba1""		1191.3	1191300	1195.5	1195500	5.199951	5199	""osoba1""
""osoba3""		1194.0	1194000	1214.7001	1214700	21.700073	21700	""osoba3""
""osoba3""		1196.7001	1196700	1214.7001	1214700	19.0	19000	""osoba3""
""osoba1""		1198.2001	1198200	1199.4	1199400	2.1999512	2199	""osoba1""
""osoba4""		1199.7001	1199700	1203.0	1203000	4.2999268	4299	""osoba4""
""osoba3""		1204.8	1204800	1214.7001	1214700	10.900024	10900	""osoba3""
""osoba1""		1206.3	1206300	1206.3	1206300	1.0	1000	""osoba1""
""osoba3""		1207.2001	1207200	1214.7001	1214700	8.5	8500	""osoba3""
""osoba3""		1207.8	1207800	1214.7001	1214700	7.9000244	7900	""osoba3""
""osoba3""		1209.0	1209000	1214.7001	1214700	6.7000732	6700	""osoba3""
""osoba3""		1211.1001	1211100	1214.7001	1214700	4.5999756	4599	""osoba3""
""osoba4""		1215.3	1215300	1216.2001	1216200	1.9000244	1900	""osoba4""
""osoba4""		1215.9	1215900	1216.2001	1216200	1.3000488	1300	""osoba4""
""osoba3""		1216.8	1216800	1217.1001	1217100	1.3000488	1300	""osoba3""
""osoba2""		1217.1001	1217100	1236.0	1236000	19.899902	19899	""osoba2""
""osoba2""		1219.8	1219800	1236.0	1236000	17.199951	17199	""osoba2""
""osoba2""		1221.0	1221000	1236.0	1236000	16.0	16000	""osoba2""
""osoba2""		1224.0	1224000	1236.0	1236000	13.0	13000	""osoba2""
""osoba2""		1226.4	1226400	1236.0	1236000	10.599976	10599	""osoba2""
""osoba2""		1227.3	1227300	1236.0	1236000	9.699951	9699	""osoba2""
""osoba4""		1229.1001	1229100	1229.1001	1229100	1.0	1000	""osoba4""
""osoba2""		1233.9	1233900	1236.0	1236000	3.0999756	3099	""osoba2""
""osoba4""		1235.7001	1235700	1262.4	1262400	27.699951	27699	""osoba4""
""osoba4""		1237.8	1237800	1262.4	1262400	25.599976	25599	""osoba4""
""osoba4""		1239.0	1239000	1262.4	1262400	24.400024	24400	""osoba4""
""osoba1""		1240.2001	1240200	1242.0	1242000	2.7999268	2799	""osoba1""
""osoba4""		1241.4	1241400	1262.4	1262400	22.0	22000	""osoba4""
""osoba4""		1244.7001	1244700	1262.4	1262400	18.699951	18699	""osoba4""
""osoba4""		1246.5	1246500	1262.4	1262400	16.900024	16900	""osoba4""
""osoba4""		1247.4	1247400	1262.4	1262400	16.0	16000	""osoba4""
""osoba3""		1248.9	1248900	1249.2001	1249200	1.3000488	1300	""osoba3""
""osoba4""		1252.5	1252500	1262.4	1262400	10.900024	10900	""osoba4""
""osoba1""		1255.5	1255500	1256.4	1256400	1.9000244	1900	""osoba1""
""osoba4""		1257.9	1257900	1262.4	1262400	5.5	5500	""osoba4""
""osoba4""		1259.1001	1259100	1262.4	1262400	4.2999268	4299	""osoba4""
""osoba4""		1260.0	1260000	1262.4	1262400	3.4000244	3400	""osoba4""
""osoba3""		1262.7001	1262700	1267.8	1267800	6.0999756	6099	""osoba3""
""osoba3""		1263.9	1263900	1267.8	1267800	4.9000244	4900	""osoba3""
""osoba3""		1266.3	1266300	1267.8	1267800	2.5	2500	""osoba3""
""osoba2""		1266.9	1266900	1274.1001	1274100	8.200073	8200	""osoba2""
""osoba4""		1271.1001	1271100	1272.6001	1272600	2.5	2500	""osoba4""
""osoba1""		1273.8	1273800	1279.2001	1279200	6.4000244	6400	""osoba1""
""osoba2""		1273.8	1273800	1274.1001	1274100	1.3000488	1300	""osoba2""
""osoba4""		1275.0	1275000	1275.0	1275000	1.0	1000	""osoba4""
""osoba1""		1275.3	1275300	1279.2001	1279200	4.9000244	4900	""osoba1""
""osoba2""		1276.8	1276800	1286.4	1286400	10.599976	10599	""osoba2""
""osoba1""		1278.9	1278900	1279.2001	1279200	1.3000488	1300	""osoba1""
""osoba2""		1279.2001	1279200	1286.4	1286400	8.199951	8199	""osoba2""
""osoba4""		1280.7001	1280700	1289.7001	1289700	10.0	10000	""osoba4""
""osoba4""		1282.2001	1282200	1289.7001	1289700	8.5	8500	""osoba4""
""osoba2""		1284.6001	1284600	1286.4	1286400	2.7999268	2799	""osoba2""
""osoba1""		1285.8	1285800	1285.8	1285800	1.0	1000	""osoba1""
""osoba2""		1289.7001	1289700	1307.1001	1307100	18.400024	18400	""osoba2""
""osoba2""		1294.5	1294500	1307.1001	1307100	13.600098	13600	""osoba2""
""osoba4""		1296.9	1296900	1299.6001	1299600	3.7000732	3700	""osoba4""
""osoba2""		1297.8	1297800	1307.1001	1307100	10.300049	10300	""osoba2""
""osoba2""		1299.0	1299000	1307.1001	1307100	9.100098	9100	""osoba2""
""osoba4""		1301.7001	1301700	1302.6001	1302600	1.9000244	1900	""osoba4""
""osoba3""		1305.6001	1305600	1318.5	1318500	13.899902	13899	""osoba3""
""osoba3""		1308.9	1308900	1318.5	1318500	10.599976	10599	""osoba3""
""osoba3""		1311.6001	1311600	1318.5	1318500	7.8999023	7899	""osoba3""
""osoba2""		1312.2001	1312200	1314.0	1314000	2.7999268	2799	""osoba2""
""osoba2""		1314.0	1314000	1314.0	1314000	1.0	1000	""osoba2""
""osoba1""		1314.9	1314900	1316.4	1316400	2.5	2500	""osoba1""
""osoba3""		1317.6001	1317600	1318.5	1318500	1.8999023	1899	""osoba3""
""osoba3""		1318.5	1318500	1318.5	1318500	1.0	1000	""osoba3""
""osoba2""		1319.1001	1319100	1325.1001	1325100	7.0	7000	""osoba2""
""osoba2""		1321.2001	1321200	1325.1001	1325100	4.9000244	4900	""osoba2""
""osoba3""		1321.8	1321800	1324.8	1324800	4.0	4000	""osoba3""
""osoba1""		1323.0	1323000	1326.3	1326300	4.300049	4300	""osoba1""
""osoba4""		1326.0	1326000	1332.9	1332900	7.9000244	7900	""osoba4""
""osoba1""		1326.3	1326300	1326.3	1326300	1.0	1000	""osoba1""
""osoba4""		1328.7001	1328700	1332.9	1332900	5.199951	5199	""osoba4""
""osoba4""		1330.8	1330800	1332.9	1332900	3.0999756	3099	""osoba4""
""osoba4""		1331.4	1331400	1332.9	1332900	2.5	2500	""osoba4""
""osoba2""		1332.3	1332300	1342.2001	1342200	10.900024	10900	""osoba2""
""osoba2""		1336.5	1336500	1342.2001	1342200	6.7000732	6700	""osoba2""
""osoba4""		1337.1001	1337100	1338.3	1338300	2.1999512	2199	""osoba4""
""osoba2""		1338.0	1338000	1342.2001	1342200	5.2000732	5200	""osoba2""
""osoba4""		1341.3	1341300	1352.1001	1352100	11.800049	11800	""osoba4""
""osoba1""		1342.2001	1342200	1343.4	1343400	2.1999512	2199	""osoba1""
""osoba4""		1345.5	1345500	1352.1001	1352100	7.6000977	7600	""osoba4""
""osoba4""		1347.0	1347000	1352.1001	1352100	6.1000977	6100	""osoba4""
""osoba4""		1349.7001	1349700	1352.1001	1352100	3.4000244	3400	""osoba4""
""osoba1""		1350.0	1350000	1353.0	1353000	4.0	4000	""osoba1""
""osoba1""		1351.2001	1351200	1353.0	1353000	2.7999268	2799	""osoba1""
""osoba4""		1351.2001	1351200	1352.1001	1352100	1.9000244	1900	""osoba4""
""osoba1""		1352.7001	1352700	1353.0	1353000	1.2999268	1299	""osoba1""
""osoba3""		1352.7001	1352700	1377.9	1377900	26.199951	26199	""osoba3""
""osoba3""		1354.2001	1354200	1377.9	1377900	24.699951	24699	""osoba3""
""osoba2""		1356.3	1356300	1356.3	1356300	1.0	1000	""osoba2""
""osoba1""		1357.2001	1357200	1357.2001	1357200	1.0	1000	""osoba1""
""osoba4""		1360.8	1360800	1362.0	1362000	2.1999512	2199	""osoba4""
""osoba3""		1362.9	1362900	1377.9	1377900	16.0	16000	""osoba3""
""osoba3""		1365.3	1365300	1377.9	1377900	13.599976	13599	""osoba3""
""osoba3""		1365.9	1365900	1377.9	1377900	13.0	13000	""osoba3""
""osoba3""		1366.8	1366800	1377.9	1377900	12.099976	12099	""osoba3""
""osoba3""		1368.0	1368000	1377.9	1377900	10.900024	10900	""osoba3""
""osoba3""		1373.4	1373400	1377.9	1377900	5.5	5500	""osoba3""
""osoba3""		1374.9	1374900	1377.9	1377900	4.0	4000	""osoba3""
""osoba3""		1375.8	1375800	1377.9	1377900	3.0999756	3099	""osoba3""
""osoba3""		1376.4	1376400	1377.9	1377900	2.5	2500	""osoba3""
""osoba3""		1377.0	1377000	1377.9	1377900	1.9000244	1900	""osoba3""
""osoba1""		1377.9	1377900	1395.6001	1395600	18.700073	18700	""osoba1""
""osoba2""		1381.2001	1381200	1382.1001	1382100	1.9000244	1900	""osoba2""
""osoba1""		1385.4	1385400	1395.6001	1395600	11.200073	11200	""osoba1""
""osoba1""		1387.5	1387500	1395.6001	1395600	9.100098	9100	""osoba1""
""osoba1""		1388.7001	1388700	1395.6001	1395600	7.9000244	7900	""osoba1""
""osoba1""		1390.2001	1390200	1395.6001	1395600	6.4000244	6400	""osoba1""
""osoba3""		1390.2001	1390200	1390.2001	1390200	1.0	1000	""osoba3""
""osoba1""		1390.8	1390800	1395.6001	1395600	5.800049	5800	""osoba1""
""osoba1""		1392.0	1392000	1395.6001	1395600	4.6000977	4600	""osoba1""
""osoba4""		1392.0	1392000	1404.9	1404900	13.900024	13900	""osoba4""
""osoba1""		1392.6001	1392600	1395.6001	1395600	4.0	4000	""osoba1""
""osoba4""		1397.4	1397400	1404.9	1404900	8.5	8500	""osoba4""
""osoba4""		1398.0	1398000	1404.9	1404900	7.9000244	7900	""osoba4""
""osoba4""		1400.7001	1400700	1404.9	1404900	5.199951	5199	""osoba4""
""osoba1""		1401.0	1401000	1401.9	1401900	1.9000244	1900	""osoba1""
""osoba4""		1402.8	1402800	1404.9	1404900	3.0999756	3099	""osoba4""
""osoba3""		1404.3	1404300	1410.3	1410300	7.0	7000	""osoba3""
""osoba3""		1409.1001	1409100	1410.3	1410300	2.1999512	2199	""osoba3""
""osoba4""		1410.6001	1410600	1414.5	1414500	4.8999023	4899	""osoba4""
""osoba4""		1411.2001	1411200	1414.5	1414500	4.2999268	4299	""osoba4""
""osoba4""		1414.2001	1414200	1414.5	1414500	1.2999268	1299	""osoba4""
""osoba3""		1414.5	1414500	1417.2001	1417200	3.7000732	3700	""osoba3""
""osoba2""		1416.3	1416300	1424.4	1424400	9.099976	9099	""osoba2""
""osoba3""		1416.3	1416300	1417.2001	1417200	1.9000244	1900	""osoba3""
""osoba2""		1417.2001	1417200	1424.4	1424400	8.199951	8199	""osoba2""
""osoba1""		1417.8	1417800	1419.9	1419900	3.0999756	3099	""osoba1""
""osoba2""		1417.8	1417800	1424.4	1424400	7.5999756	7599	""osoba2""
""osoba2""		1421.1001	1421100	1424.4	1424400	4.2999268	4299	""osoba2""
""osoba2""		1422.3	1422300	1424.4	1424400	3.0999756	3099	""osoba2""
""osoba2""		1422.9	1422900	1424.4	1424400	2.5	2500	""osoba2""
""osoba4""		1423.8	1423800	1460.7001	1460700	37.900024	37900	""osoba4""
""osoba1""		1425.9	1425900	1427.1001	1427100	2.2000732	2200	""osoba1""
""osoba4""		1429.5	1429500	1460.7001	1460700	32.200073	32200	""osoba4""
""osoba4""		1431.3	1431300	1460.7001	1460700	30.400024	30400	""osoba4""
""osoba4""		1431.9	1431900	1460.7001	1460700	29.800049	29800	""osoba4""
""osoba4""		1435.2001	1435200	1460.7001	1460700	26.5	26500	""osoba4""
""osoba4""		1438.5	1438500	1460.7001	1460700	23.200073	23200	""osoba4""
""osoba4""		1440.0	1440000	1460.7001	1460700	21.700073	21700	""osoba4""
""osoba3""		1440.6001	1440600	1443.3	1443300	3.6999512	3699	""osoba3""
""osoba2""		1440.9	1440900	1441.5	1441500	1.5999756	1599	""osoba2""
""osoba3""		1442.7001	1442700	1443.3	1443300	1.5999756	1599	""osoba3""
""osoba4""		1444.8	1444800	1460.7001	1460700	16.900024	16900	""osoba4""
""osoba3""		1445.7001	1445700	1448.7001	1448700	4.0	4000	""osoba3""
""osoba4""		1449.6001	1449600	1460.7001	1460700	12.099976	12099	""osoba4""
""osoba4""		1450.5	1450500	1460.7001	1460700	11.200073	11200	""osoba4""
""osoba3""		1451.4	1451400	1452.3	1452300	1.9000244	1900	""osoba3""
""osoba2""		1452.3	1452300	1453.2001	1453200	1.9000244	1900	""osoba2""
""osoba4""		1456.2001	1456200	1460.7001	1460700	5.5	5500	""osoba4""
""osoba4""		1459.2001	1459200	1460.7001	1460700	2.5	2500	""osoba4""
""osoba2""		1460.7001	1460700	1467.6001	1467600	7.9000244	7900	""osoba2""
""osoba3""		1462.2001	1462200	1462.2001	1462200	1.0	1000	""osoba3""
""osoba2""		1463.1001	1463100	1467.6001	1467600	5.5	5500	""osoba2""
""osoba2""		1465.8	1465800	1467.6001	1467600	2.8000488	2800	""osoba2""
""osoba1""		1467.6001	1467600	1482.0	1482000	15.399902	15399	""osoba1""
""osoba1""		1471.2001	1471200	1482.0	1482000	11.799927	11799	""osoba1""
""osoba3""		1472.7001	1472700	1472.7001	1472700	1.0	1000	""osoba3""
""osoba1""		1473.3	1473300	1482.0	1482000	9.699951	9699	""osoba1""
""osoba1""		1474.8	1474800	1482.0	1482000	8.199951	8199	""osoba1""
""osoba2""		1475.4	1475400	1477.2001	1477200	2.8000488	2800	""osoba2""
""osoba1""		1475.7001	1475700	1482.0	1482000	7.2999268	7299	""osoba1""
""osoba1""		1477.2001	1477200	1482.0	1482000	5.7999268	5799	""osoba1""
""osoba1""		1478.4	1478400	1482.0	1482000	4.5999756	4599	""osoba1""
""osoba1""		1480.5	1480500	1482.0	1482000	2.5	2500	""osoba1""
""osoba3""		1482.0	1482000	1484.1001	1484100	3.1000977	3100	""osoba3""
""osoba4""		1483.2001	1483200	1488.9	1488900	6.699951	6699	""osoba4""
""osoba4""		1485.3	1485300	1488.9	1488900	4.5999756	4599	""osoba4""
""osoba4""		1485.9	1485900	1488.9	1488900	4.0	4000	""osoba4""
""osoba4""		1486.5	1486500	1488.9	1488900	3.4000244	3400	""osoba4""
""osoba4""		1488.0	1488000	1488.9	1488900	1.9000244	1900	""osoba4""
""osoba4""		1488.9	1488900	1488.9	1488900	1.0	1000	""osoba4""
""osoba2""		1489.2001	1489200	1501.8	1501800	13.599976	13599	""osoba2""
""osoba2""		1490.4	1490400	1501.8	1501800	12.400024	12400	""osoba2""
""osoba2""		1491.9	1491900	1501.8	1501800	10.900024	10900	""osoba2""
""osoba2""		1493.4	1493400	1501.8	1501800	9.400024	9400	""osoba2""
""osoba2""		1495.2001	1495200	1501.8	1501800	7.5999756	7599	""osoba2""
""osoba3""		1497.6001	1497600	1501.8	1501800	5.199951	5199	""osoba3""
""osoba3""		1498.5	1498500	1501.8	1501800	4.300049	4300	""osoba3""
""osoba2""		1498.8	1498800	1501.8	1501800	4.0	4000	""osoba2""
""osoba2""		1501.5	1501500	1501.8	1501800	1.3000488	1300	""osoba2""
""osoba1""		1501.8	1501800	1515.6001	1515600	14.800049	14800	""osoba1""
""osoba1""		1503.0	1503000	1515.6001	1515600	13.600098	13600	""osoba1""
""osoba1""		1503.6001	1503600	1515.6001	1515600	13.0	13000	""osoba1""
""osoba1""		1506.0	1506000	1515.6001	1515600	10.600098	10600	""osoba1""
""osoba1""		1506.9	1506900	1515.6001	1515600	9.700073	9700	""osoba1""
""osoba1""		1509.0	1509000	1515.6001	1515600	7.6000977	7600	""osoba1""
""osoba3""		1509.3	1509300	1509.9	1509900	1.5999756	1599	""osoba3""
""osoba1""		1510.5	1510500	1515.6001	1515600	6.1000977	6100	""osoba1""
""osoba2""		1513.5	1513500	1515.0	1515000	2.5	2500	""osoba2""
""osoba4""		1514.7001	1514700	1524.6001	1524600	10.900024	10900	""osoba4""
""osoba4""		1516.8	1516800	1524.6001	1524600	8.800049	8800	""osoba4""
""osoba4""		1518.9	1518900	1524.6001	1524600	6.7000732	6700	""osoba4""
""osoba2""		1519.5	1519500	1519.5	1519500	1.0	1000	""osoba2""
""osoba4""		1519.5	1519500	1524.6001	1524600	6.1000977	6100	""osoba4""
""osoba4""		1521.0	1521000	1524.6001	1524600	4.6000977	4600	""osoba4""
""osoba3""		1521.9	1521900	1530.6001	1530600	9.700073	9700	""osoba3""
""osoba3""		1522.8	1522800	1530.6001	1530600	8.800049	8800	""osoba3""
""osoba4""		1523.1001	1523100	1524.6001	1524600	2.5	2500	""osoba4""
""osoba1""		1524.6001	1524600	1525.5	1525500	1.8999023	1899	""osoba1""
""osoba3""		1527.9	1527900	1530.6001	1530600	3.7000732	3700	""osoba3""
""osoba3""		1528.5	1528500	1530.6001	1530600	3.1000977	3100	""osoba3""
""osoba3""		1529.4	1529400	1530.6001	1530600	2.2000732	2200	""osoba3""
""osoba4""		1529.7001	1529700	1535.1001	1535100	6.4000244	6400	""osoba4""
""osoba4""		1531.5	1531500	1535.1001	1535100	4.6000977	4600	""osoba4""
""osoba4""		1532.1001	1532100	1535.1001	1535100	4.0	4000	""osoba4""
""osoba1""		1532.4	1532400	1547.7001	1547700	16.300049	16300	""osoba1""
""osoba4""		1534.2001	1534200	1535.1001	1535100	1.9000244	1900	""osoba4""
""osoba1""		1538.4	1538400	1547.7001	1547700	10.300049	10300	""osoba1""
""osoba1""		1540.8	1540800	1547.7001	1547700	7.9000244	7900	""osoba1""
""osoba2""		1541.7001	1541700	1545.3	1545300	4.5999756	4599	""osoba2""
""osoba2""		1543.5001	1543500	1545.3	1545300	2.7999268	2799	""osoba2""
""osoba4""		1545.3	1545300	1555.8	1555800	11.5	11500	""osoba4""
""osoba1""		1546.5001	1546500	1547.7001	1547700	2.1999512	2199	""osoba1""
""osoba4""		1546.5001	1546500	1555.8	1555800	10.299927	10299	""osoba4""
""osoba2""		1548.3	1548300	1550.7001	1550700	3.4000244	3400	""osoba2""
""osoba3""		1551.0001	1551000	1551.9	1551900	1.8999023	1899	""osoba3""
""osoba4""		1552.8	1552800	1555.8	1555800	4.0	4000	""osoba4""
""osoba3""		1554.0001	1554000	1554.0001	1554000	1.0	1000	""osoba3""
""osoba4""		1555.2001	1555200	1555.8	1555800	1.5999756	1599	""osoba4""
""osoba3""		1556.1001	1556100	1576.5001	1576500	21.400024	21400	""osoba3""
""osoba3""		1557.6001	1557600	1576.5001	1576500	19.900024	19900	""osoba3""
""osoba3""		1559.7001	1559700	1576.5001	1576500	17.800049	17800	""osoba3""
""osoba3""		1561.5001	1561500	1576.5001	1576500	16.0	16000	""osoba3""
""osoba3""		1565.1001	1565100	1576.5001	1576500	12.400024	12400	""osoba3""
""osoba3""		1566.9	1566900	1576.5001	1576500	10.600098	10600	""osoba3""
""osoba3""		1569.6001	1569600	1576.5001	1576500	7.9000244	7900	""osoba3""
""osoba4""		1570.2001	1570200	1572.0001	1572000	2.8000488	2800	""osoba4""
""osoba1""		1571.4	1571400	1572.0001	1572000	1.6000977	1600	""osoba1""
""osoba3""		1573.8	1573800	1576.5001	1576500	3.7000732	3700	""osoba3""
""osoba3""		1574.4	1574400	1576.5001	1576500	3.1000977	3100	""osoba3""
""osoba3""		1575.6001	1575600	1576.5001	1576500	1.9000244	1900	""osoba3""
""osoba4""		1575.9	1575900	1576.2001	1576200	1.3000488	1300	""osoba4""
""osoba1""		1576.5001	1576500	1584.0001	1584000	8.5	8500	""osoba1""
""osoba1""		1578.0001	1578000	1584.0001	1584000	7.0	7000	""osoba1""
""osoba1""		1579.5001	1579500	1584.0001	1584000	5.5	5500	""osoba1""
""osoba1""		1580.7001	1580700	1584.0001	1584000	4.300049	4300	""osoba1""
""osoba3""		1581.9	1581900	1584.0001	1584000	3.1000977	3100	""osoba3""
""osoba4""		1582.5001	1582500	1590.6001	1590600	9.099976	9099	""osoba4""
""osoba4""		1587.0001	1587000	1590.6001	1590600	4.5999756	4599	""osoba4""
""osoba4""		1588.8	1588800	1590.6001	1590600	2.8000488	2800	""osoba4""
""osoba1""		1589.4	1589400	1591.2001	1591200	2.8000488	2800	""osoba1""
""osoba2""		1590.9	1590900	1591.5001	1591500	1.6000977	1600	""osoba2""
""osoba2""		1593.9	1593900	1602.3	1602300	9.400024	9400	""osoba2""
""osoba1""		1594.8	1594800	1595.7001	1595700	1.9000244	1900	""osoba1""
""osoba2""		1597.2001	1597200	1602.3	1602300	6.0999756	6099	""osoba2""
""osoba2""		1599.6001	1599600	1602.3	1602300	3.6999512	3699	""osoba2""
""osoba2""		1601.4	1601400	1602.3	1602300	1.9000244	1900	""osoba2""
""osoba4""		1602.3	1602300	1608.3	1608300	7.0	7000	""osoba4""
""osoba4""		1604.4	1604400	1608.3	1608300	4.9000244	4900	""osoba4""
""osoba4""		1605.0001	1605000	1608.3	1608300	4.2999268	4299	""osoba4""
""osoba1""		1606.5001	1606500	1606.5001	1606500	1.0	1000	""osoba1""
""osoba4""		1607.1001	1607100	1608.3	1608300	2.1999512	2199	""osoba4""
""osoba3""		1608.3	1608300	1617.9	1617900	10.599976	10599	""osoba3""
""osoba4""		1611.9	1611900	1611.9	1611900	1.0	1000	""osoba4""
""osoba4""		1614.3	1614300	1620.3	1620300	7.0	7000	""osoba4""
""osoba2""		1614.6001	1614600	1617.0001	1617000	3.4000244	3400	""osoba2""
""osoba2""		1616.4	1616400	1617.0001	1617000	1.6000977	1600	""osoba2""
