"default"		0.0	0	1.0	1000	1.0	1000	BEGIN
"default"		1620.3	1620300	1620.31	1621300	1.0	1000	END
""osoba1""		6.9	6900	16.5	16500	10.6	10600	""osoba1""
""osoba1""		7.8	7800	16.5	16500	9.7	9700	""osoba1""
""osoba1""		8.700001	8700	16.5	16500	8.799999	8799	""osoba1""
""osoba3""		9.6	9600	12.900001	12900	4.3	4300	""osoba3""
""osoba3""		12.6	12600	12.900001	12900	1.3000002	1300	""osoba3""
""osoba1""		15.6	15600	16.5	16500	1.8999996	1899	""osoba1""
""osoba2""		15.900001	15900	22.5	22500	7.5999994	7599	""osoba2""
""osoba4""		17.1	17100	17.400002	17400	1.3000011	1300	""osoba4""
""osoba2""		18.900002	18900	22.5	22500	4.5999985	4599	""osoba2""
""osoba2""		20.7	20700	22.5	22500	2.7999992	2799	""osoba2""
""osoba1""		21.0	21000	29.7	29700	9.700001	9700	""osoba1""
""osoba1""		21.6	21600	29.7	29700	9.1	9100	""osoba1""
""osoba2""		21.900002	21900	22.5	22500	1.5999985	1599	""osoba2""
""osoba1""		23.7	23700	29.7	29700	7.0	7000	""osoba1""
""osoba3""		24.0	24000	24.0	24000	1.0	1000	""osoba3""
""osoba1""		27.900002	27900	29.7	29700	2.7999992	2799	""osoba1""
""osoba4""		28.500002	28500	33.9	33900	6.3999996	6399	""osoba4""
""osoba1""		29.400002	29400	29.7	29700	1.2999992	1299	""osoba1""
""osoba4""		29.400002	29400	33.9	33900	5.5	5500	""osoba4""
""osoba4""		30.900002	30900	33.9	33900	4.0	4000	""osoba4""
""osoba4""		31.500002	31500	33.9	33900	3.3999996	3399	""osoba4""
""osoba1""		34.2	34200	52.2	52200	19.0	19000	""osoba1""
""osoba1""		36.300003	36300	52.2	52200	16.899998	16899	""osoba1""
""osoba4""		36.600002	36600	40.2	40200	4.5999985	4599	""osoba4""
""osoba4""		38.4	38400	40.2	40200	2.7999992	2799	""osoba4""
""osoba1""		38.7	38700	52.2	52200	14.5	14500	""osoba1""
""osoba4""		39.0	39000	40.2	40200	2.2000008	2200	""osoba4""
""osoba1""		39.600002	39600	52.2	52200	13.599998	13599	""osoba1""
""osoba1""		40.800003	40800	52.2	52200	12.399998	12399	""osoba1""
""osoba1""		45.0	45000	52.2	52200	8.200001	8200	""osoba1""
""osoba4""		46.5	46500	46.800003	46800	1.300003	1300	""osoba4""
""osoba1""		49.500004	49500	52.2	52200	3.699997	3699	""osoba1""
""osoba4""		50.7	50700	56.4	56400	6.700001	6700	""osoba4""
""osoba4""		53.4	53400	56.4	56400	4.0	4000	""osoba4""
""osoba3""		56.4	56400	58.2	58200	2.7999992	2799	""osoba3""
""osoba4""		58.500004	58500	96.3	96300	38.8	38800	""osoba4""
""osoba4""		60.300003	60300	96.3	96300	37.0	37000	""osoba4""
""osoba4""		60.9	60900	96.3	96300	36.4	36400	""osoba4""
""osoba4""		62.7	62700	96.3	96300	34.600002	34600	""osoba4""
""osoba4""		63.600002	63600	96.3	96300	33.7	33700	""osoba4""
""osoba4""		67.8	67800	96.3	96300	29.5	29500	""osoba4""
""osoba4""		69.600006	69600	96.3	96300	27.699997	27699	""osoba4""
""osoba4""		72.3	72300	96.3	96300	25.0	25000	""osoba4""
""osoba4""		73.5	73500	96.3	96300	23.800003	23800	""osoba4""
""osoba4""		75.0	75000	96.3	96300	22.300003	22300	""osoba4""
""osoba4""		76.5	76500	96.3	96300	20.800003	20800	""osoba4""
""osoba4""		78.9	78900	96.3	96300	18.400002	18400	""osoba4""
""osoba4""		79.5	79500	96.3	96300	17.800003	17800	""osoba4""
""osoba1""		81.0	81000	83.100006	83100	3.100006	3100	""osoba1""
""osoba2""		81.0	81000	81.3	81300	1.300003	1300	""osoba2""
""osoba3""		87.0	87000	88.200005	88200	2.2000046	2200	""osoba3""
""osoba4""		87.0	87000	96.3	96300	10.300003	10300	""osoba4""
""osoba4""		89.4	89400	96.3	96300	7.9000015	7900	""osoba4""
""osoba3""		91.200005	91200	97.50001	97500	7.300003	7300	""osoba3""
""osoba4""		93.0	93000	96.3	96300	4.300003	4300	""osoba4""
""osoba3""		96.600006	96600	97.50001	97500	1.9000015	1900	""osoba3""
""osoba1""		98.100006	98100	102.3	102300	5.199997	5199	""osoba1""
""osoba3""		102.600006	102600	123.600006	123600	22.0	22000	""osoba3""
""osoba3""		104.700005	104700	123.600006	123600	19.900002	19900	""osoba3""
""osoba3""		105.3	105300	123.600006	123600	19.300003	19300	""osoba3""
""osoba3""		109.8	109800	123.600006	123600	14.800003	14800	""osoba3""
""osoba4""		110.700005	110700	111.00001	111000	1.300003	1300	""osoba4""
""osoba3""		112.200005	112200	123.600006	123600	12.400002	12400	""osoba3""
""osoba3""		113.4	113400	123.600006	123600	11.200005	11200	""osoba3""
""osoba2""		114.3	114300	114.9	114900	1.5999985	1599	""osoba2""
""osoba3""		114.3	114300	123.600006	123600	10.300003	10300	""osoba3""
""osoba3""		116.700005	116700	123.600006	123600	7.9000015	7900	""osoba3""
""osoba3""		117.600006	117600	123.600006	123600	7.0	7000	""osoba3""
""osoba3""		119.4	119400	123.600006	123600	5.2000046	5200	""osoba3""
""osoba3""		120.00001	120000	123.600006	123600	4.5999985	4599	""osoba3""
""osoba3""		122.100006	122100	123.600006	123600	2.5	2500	""osoba3""
""osoba2""		123.00001	123000	140.40001	140400	18.400002	18400	""osoba2""
""osoba2""		124.8	124800	140.40001	140400	16.600006	16600	""osoba2""
""osoba3""		125.700005	125700	126.600006	126600	1.9000015	1900	""osoba3""
""osoba2""		127.8	127800	140.40001	140400	13.600006	13600	""osoba2""
""osoba1""		128.40001	128400	131.1	131100	3.699997	3699	""osoba1""
""osoba4""		130.20001	130200	131.40001	131400	2.199997	2199	""osoba4""
""osoba3""		132.3	132300	132.3	132300	1.0	1000	""osoba3""
""osoba2""		132.90001	132900	140.40001	140400	8.5	8500	""osoba2""
""osoba2""		134.40001	134400	140.40001	140400	7.0	7000	""osoba2""
""osoba2""		135.6	135600	140.40001	140400	5.800003	5800	""osoba2""
""osoba2""		137.40001	137400	140.40001	140400	4.0	4000	""osoba2""
""osoba4""		138.90001	138900	140.70001	140700	2.800003	2800	""osoba4""
""osoba1""		140.1	140100	147.0	147000	7.899994	7899	""osoba1""
""osoba1""		141.90001	141900	147.0	147000	6.099991	6099	""osoba1""
""osoba1""		144.90001	144900	147.0	147000	3.0999908	3099	""osoba1""
""osoba4""		147.0	147000	155.1	155100	9.100006	9100	""osoba4""
""osoba4""		148.20001	148200	155.1	155100	7.899994	7899	""osoba4""
""osoba3""		152.1	152100	152.1	152100	1.0	1000	""osoba3""
""osoba4""		153.90001	153900	155.1	155100	2.199997	2199	""osoba4""
""osoba3""		155.1	155100	155.70001	155700	1.6000061	1600	""osoba3""
""osoba1""		155.40001	155400	160.8	160800	6.399994	6399	""osoba1""
""osoba1""		157.8	157800	160.8	160800	4.0	4000	""osoba1""
""osoba3""		159.3	159300	190.20001	190200	31.90001	31900	""osoba3""
""osoba1""		160.8	160800	160.8	160800	1.0	1000	""osoba1""
""osoba4""		163.20001	163200	164.40001	164400	2.199997	2199	""osoba4""
""osoba3""		166.8	166800	190.20001	190200	24.40001	24400	""osoba3""
""osoba3""		169.8	169800	190.20001	190200	21.40001	21400	""osoba3""
""osoba3""		171.90001	171900	190.20001	190200	19.300003	19300	""osoba3""
""osoba2""		172.20001	172200	172.20001	172200	1.0	1000	""osoba2""
""osoba3""		177.3	177300	190.20001	190200	13.900009	13900	""osoba3""
""osoba3""		180.0	180000	190.20001	190200	11.200012	11200	""osoba3""
""osoba2""		180.3	180300	180.6	180600	1.300003	1300	""osoba2""
""osoba3""		181.20001	181200	190.20001	190200	10.0	10000	""osoba3""
""osoba2""		183.3	183300	183.3	183300	1.0	1000	""osoba2""
""osoba3""		183.90001	183900	190.20001	190200	7.300003	7300	""osoba3""
""osoba3""		184.5	184500	190.20001	190200	6.700012	6700	""osoba3""
""osoba4""		190.20001	190200	191.1	191100	1.8999939	1899	""osoba4""
""osoba1""		190.8	190800	204.90001	204900	15.100006	15100	""osoba1""
""osoba1""		192.0	192000	204.90001	204900	13.900009	13900	""osoba1""
""osoba1""		192.90001	192900	204.90001	204900	13.0	13000	""osoba1""
""osoba1""		193.50002	193500	204.90001	204900	12.399994	12399	""osoba1""
""osoba2""		193.50002	193500	195.3	195300	2.7999878	2799	""osoba2""
""osoba2""		195.00002	195000	195.3	195300	1.2999878	1299	""osoba2""
""osoba1""		197.40001	197400	204.90001	204900	8.5	8500	""osoba1""
""osoba1""		200.1	200100	204.90001	204900	5.800003	5800	""osoba1""
""osoba4""		200.70001	200700	204.00002	204000	4.300003	4300	""osoba4""
""osoba1""		202.8	202800	204.90001	204900	3.100006	3100	""osoba1""
""osoba2""		203.1	203100	205.8	205800	3.699997	3699	""osoba2""
""osoba3""		204.6	204600	228.90001	228900	25.300003	25300	""osoba3""
""osoba3""		206.70001	206700	228.90001	228900	23.199997	23199	""osoba3""
""osoba3""		209.70001	209700	228.90001	228900	20.199997	20199	""osoba3""
""osoba3""		211.20001	211200	228.90001	228900	18.699997	18699	""osoba3""
""osoba3""		215.40001	215400	228.90001	228900	14.5	14500	""osoba3""
""osoba3""		217.20001	217200	228.90001	228900	12.699997	12699	""osoba3""
""osoba3""		219.00002	219000	228.90001	228900	10.899994	10899	""osoba3""
""osoba3""		219.6	219600	228.90001	228900	10.300003	10300	""osoba3""
""osoba3""		220.20001	220200	228.90001	228900	9.699997	9699	""osoba3""
""osoba3""		224.1	224100	228.90001	228900	5.800003	5800	""osoba3""
""osoba2""		224.40001	224400	224.40001	224400	1.0	1000	""osoba2""
""osoba4""		224.40001	224400	225.3	225300	1.8999939	1899	""osoba4""
""osoba3""		226.50002	226500	228.90001	228900	3.399994	3399	""osoba3""
""osoba3""		227.1	227100	228.90001	228900	2.800003	2800	""osoba3""
""osoba3""		228.3	228300	228.90001	228900	1.6000061	1600	""osoba3""
""osoba4""		229.20001	229200	233.70001	233700	5.5	5500	""osoba4""
""osoba4""		230.70001	230700	233.70001	233700	4.0	4000	""osoba4""
""osoba3""		231.6	231600	260.40002	260400	29.800018	29800	""osoba3""
""osoba3""		232.50002	232500	260.40002	260400	28.90001	28900	""osoba3""
""osoba4""		233.1	233100	233.70001	233700	1.6000061	1600	""osoba4""
""osoba3""		234.3	234300	260.40002	260400	27.100021	27100	""osoba3""
""osoba3""		237.00002	237000	260.40002	260400	24.40001	24400	""osoba3""
""osoba3""		238.20001	238200	260.40002	260400	23.200012	23200	""osoba3""
""osoba4""		240.00002	240000	240.3	240300	1.2999878	1299	""osoba4""
""osoba3""		241.8	241800	260.40002	260400	19.600021	19600	""osoba3""
""osoba3""		242.40001	242400	260.40002	260400	19.000015	19000	""osoba3""
""osoba3""		245.1	245100	260.40002	260400	16.300018	16300	""osoba3""
""osoba3""		245.70001	245700	260.40002	260400	15.700012	15700	""osoba3""
""osoba3""		246.3	246300	260.40002	260400	15.100021	15100	""osoba3""
""osoba3""		248.40001	248400	260.40002	260400	13.000015	13000	""osoba3""
""osoba3""		250.20001	250200	260.40002	260400	11.200012	11200	""osoba3""
""osoba2""		250.8	250800	251.1	251100	1.300003	1300	""osoba2""
""osoba3""		252.00002	252000	260.40002	260400	9.400009	9400	""osoba3""
""osoba3""		252.6	252600	260.40002	260400	8.800018	8800	""osoba3""
""osoba3""		255.6	255600	260.40002	260400	5.8000183	5800	""osoba3""
""osoba3""		259.5	259500	260.40002	260400	1.9000244	1900	""osoba3""
""osoba1""		260.1	260100	265.5	265500	6.399994	6399	""osoba1""
""osoba3""		260.40002	260400	260.40002	260400	1.0	1000	""osoba3""
""osoba2""		261.0	261000	261.0	261000	1.0	1000	""osoba2""
""osoba1""		261.6	261600	265.5	265500	4.899994	4899	""osoba1""
""osoba1""		263.1	263100	265.5	265500	3.399994	3399	""osoba1""
""osoba2""		263.1	263100	270.30002	270300	8.200012	8200	""osoba2""
""osoba3""		263.7	263700	264.30002	264300	1.6000061	1600	""osoba3""
""osoba4""		266.1	266100	266.1	266100	1.0	1000	""osoba4""
""osoba2""		267.0	267000	270.30002	270300	4.3000183	4300	""osoba2""
""osoba2""		267.6	267600	270.30002	270300	3.7000122	3700	""osoba2""
""osoba3""		267.90002	267900	316.5	316500	49.599976	49599	""osoba3""
""osoba1""		269.40002	269400	271.2	271200	2.7999878	2799	""osoba1""
""osoba4""		270.6	270600	270.6	270600	1.0	1000	""osoba4""
""osoba3""		272.1	272100	316.5	316500	45.399994	45399	""osoba3""
""osoba3""		273.90002	273900	316.5	316500	43.599976	43599	""osoba3""
""osoba3""		274.5	274500	316.5	316500	43.0	43000	""osoba3""
""osoba1""		275.40002	275400	276.0	276000	1.5999756	1599	""osoba1""
""osoba3""		275.7	275700	316.5	316500	41.799988	41799	""osoba3""
""osoba1""		276.0	276000	276.0	276000	1.0	1000	""osoba1""
""osoba3""		277.5	277500	316.5	316500	40.0	40000	""osoba3""
""osoba3""		278.7	278700	316.5	316500	38.799988	38799	""osoba3""
""osoba4""		280.80002	280800	281.1	281100	1.2999878	1299	""osoba4""
""osoba1""		281.1	281100	281.7	281700	1.6000061	1600	""osoba1""
""osoba3""		282.6	282600	316.5	316500	34.899994	34899	""osoba3""
""osoba3""		284.40002	284400	316.5	316500	33.099976	33099	""osoba3""
""osoba3""		285.30002	285300	316.5	316500	32.19998	32199	""osoba3""
""osoba3""		287.40002	287400	316.5	316500	30.099976	30099	""osoba3""
""osoba3""		291.0	291000	316.5	316500	26.5	26500	""osoba3""
""osoba3""		291.90002	291900	316.5	316500	25.599976	25599	""osoba3""
""osoba3""		293.1	293100	316.5	316500	24.399994	24399	""osoba3""
""osoba3""		294.90002	294900	316.5	316500	22.599976	22599	""osoba3""
""osoba1""		296.1	296100	296.7	296700	1.6000061	1600	""osoba1""
""osoba4""		296.7	296700	296.7	296700	1.0	1000	""osoba4""
""osoba3""		297.90002	297900	316.5	316500	19.599976	19599	""osoba3""
""osoba3""		299.1	299100	316.5	316500	18.399994	18399	""osoba3""
""osoba3""		301.2	301200	316.5	316500	16.299988	16299	""osoba3""
""osoba2""		302.7	302700	302.7	302700	1.0	1000	""osoba2""
""osoba3""		303.6	303600	316.5	316500	13.899994	13899	""osoba3""
""osoba1""		305.40002	305400	307.5	307500	3.0999756	3099	""osoba1""
""osoba3""		306.30002	306300	316.5	316500	11.199982	11199	""osoba3""
""osoba3""		306.90002	306900	316.5	316500	10.599976	10599	""osoba3""
""osoba2""		309.6	309600	309.90002	309900	1.3000183	1300	""osoba2""
""osoba3""		311.7	311700	316.5	316500	5.799988	5799	""osoba3""
""osoba3""		312.90002	312900	316.5	316500	4.5999756	4599	""osoba3""
""osoba3""		315.30002	315300	316.5	316500	2.1999817	2199	""osoba3""
""osoba4""		316.2	316200	316.2	316200	1.0	1000	""osoba4""
""osoba1""		316.80002	316800	325.2	325200	9.399994	9399	""osoba1""
""osoba1""		318.30002	318300	325.2	325200	7.899994	7899	""osoba1""
""osoba1""		321.0	321000	325.2	325200	5.200012	5200	""osoba1""
""osoba1""		322.5	322500	325.2	325200	3.7000122	3700	""osoba1""
""osoba4""		322.5	322500	355.80002	355800	34.30002	34300	""osoba4""
""osoba4""		324.30002	324300	355.80002	355800	32.5	32500	""osoba4""
""osoba4""		327.0	327000	355.80002	355800	29.800018	29800	""osoba4""
""osoba4""		328.5	328500	355.80002	355800	28.300018	28300	""osoba4""
""osoba4""		329.1	329100	355.80002	355800	27.700012	27700	""osoba4""
""osoba4""		335.40002	335400	355.80002	355800	21.399994	21399	""osoba4""
""osoba4""		336.6	336600	355.80002	355800	20.200012	20200	""osoba4""
""osoba4""		339.30002	339300	355.80002	355800	17.5	17500	""osoba4""
""osoba4""		340.80002	340800	355.80002	355800	16.0	16000	""osoba4""
""osoba4""		343.80002	343800	355.80002	355800	13.0	13000	""osoba4""
""osoba2""		344.40002	344400	345.0	345000	1.5999756	1599	""osoba2""
""osoba4""		350.1	350100	355.80002	355800	6.700012	6700	""osoba4""
""osoba4""		350.7	350700	355.80002	355800	6.100006	6100	""osoba4""
""osoba4""		352.80002	352800	355.80002	355800	4.0	4000	""osoba4""
""osoba4""		353.7	353700	355.80002	355800	3.100006	3100	""osoba4""
""osoba4""		354.30002	354300	355.80002	355800	2.5	2500	""osoba4""
""osoba3""		354.6	354600	360.90002	360900	7.3000183	7300	""osoba3""
""osoba3""		356.7	356700	360.90002	360900	5.200012	5200	""osoba3""
""osoba3""		357.30002	357300	360.90002	360900	4.600006	4600	""osoba3""
""osoba3""		357.90002	357900	360.90002	360900	4.0	4000	""osoba3""
""osoba3""		358.5	358500	360.90002	360900	3.4000244	3400	""osoba3""
""osoba2""		360.6	360600	371.7	371700	12.100006	12100	""osoba2""
""osoba3""		360.6	360600	360.90002	360900	1.3000183	1300	""osoba3""
""osoba2""		362.1	362100	371.7	371700	10.600006	10600	""osoba2""
""osoba2""		363.6	363600	371.7	371700	9.100006	9100	""osoba2""
""osoba2""		365.7	365700	371.7	371700	7.0	7000	""osoba2""
""osoba1""		367.2	367200	378.0	378000	11.799988	11799	""osoba1""
""osoba1""		369.0	369000	378.0	378000	10.0	10000	""osoba1""
""osoba2""		369.6	369600	371.7	371700	3.100006	3100	""osoba2""
""osoba1""		373.80002	373800	378.0	378000	5.1999817	5199	""osoba1""
""osoba1""		374.40002	374400	378.0	378000	4.5999756	4599	""osoba1""
""osoba1""		375.0	375000	378.0	378000	4.0	4000	""osoba1""
""osoba4""		378.30002	378300	379.80002	379800	2.5	2500	""osoba4""
""osoba1""		381.0	381000	386.7	386700	6.700012	6700	""osoba1""
""osoba4""		382.2	382200	386.7	386700	5.5	5500	""osoba4""
""osoba1""		382.5	382500	386.7	386700	5.200012	5200	""osoba1""
""osoba4""		382.80002	382800	386.7	386700	4.899994	4899	""osoba4""
""osoba2""		387.00003	387000	393.90002	393900	7.899994	7899	""osoba2""
""osoba2""		389.1	389100	393.90002	393900	5.8000183	5800	""osoba2""
""osoba2""		390.00003	390000	393.90002	393900	4.899994	4899	""osoba2""
""osoba2""		391.80002	391800	393.90002	393900	3.100006	3100	""osoba2""
""osoba3""		393.00003	393000	397.80002	397800	5.799988	5799	""osoba3""
""osoba2""		393.90002	393900	393.90002	393900	1.0	1000	""osoba2""
""osoba3""		395.40002	395400	397.80002	397800	3.399994	3399	""osoba3""
""osoba1""		398.40002	398400	420.90002	420900	23.5	23500	""osoba1""
""osoba2""		399.6	399600	400.50003	400500	1.9000244	1900	""osoba2""
""osoba1""		402.6	402600	420.90002	420900	19.300018	19300	""osoba1""
""osoba1""		408.30002	408300	420.90002	420900	13.600006	13600	""osoba1""
""osoba3""		409.2	409200	412.2	412200	4.0	4000	""osoba3""
""osoba4""		411.6	411600	411.90002	411900	1.3000183	1300	""osoba4""
""osoba1""		412.2	412200	420.90002	420900	9.700012	9700	""osoba1""
""osoba1""		413.1	413100	420.90002	420900	8.800018	8800	""osoba1""
""osoba1""		414.6	414600	420.90002	420900	7.3000183	7300	""osoba1""
""osoba3""		414.90002	414900	414.90002	414900	1.0	1000	""osoba3""
""osoba1""		417.00003	417000	420.90002	420900	4.899994	4899	""osoba1""
""osoba3""		417.6	417600	417.6	417600	1.0	1000	""osoba3""
""osoba1""		419.1	419100	420.90002	420900	2.8000183	2800	""osoba1""
""osoba4""		420.30002	420300	429.00003	429000	9.700012	9700	""osoba4""
""osoba4""		422.7	422700	429.00003	429000	7.3000183	7300	""osoba4""
""osoba4""		424.50003	424500	429.00003	429000	5.5	5500	""osoba4""
""osoba4""		426.30002	426300	429.00003	429000	3.7000122	3700	""osoba4""
""osoba4""		427.2	427200	429.00003	429000	2.8000183	2800	""osoba4""
""osoba2""		428.1	428100	428.1	428100	1.0	1000	""osoba2""
""osoba4""		428.7	428700	429.00003	429000	1.3000183	1300	""osoba4""
""osoba1""		429.30002	429300	447.00003	447000	18.700012	18700	""osoba1""
""osoba1""		430.50003	430500	447.00003	447000	17.5	17500	""osoba1""
""osoba1""		432.90002	432900	447.00003	447000	15.100006	15100	""osoba1""
""osoba1""		434.1	434100	447.00003	447000	13.900024	13900	""osoba1""
""osoba1""		438.90002	438900	447.00003	447000	9.100006	9100	""osoba1""
""osoba1""		440.40002	440400	447.00003	447000	7.600006	7600	""osoba1""
""osoba1""		442.50003	442500	447.00003	447000	5.5	5500	""osoba1""
""osoba1""		443.7	443700	447.00003	447000	4.3000183	4300	""osoba1""
""osoba1""		445.2	445200	447.00003	447000	2.8000183	2800	""osoba1""
""osoba1""		446.1	446100	447.00003	447000	1.9000244	1900	""osoba1""
""osoba3""		447.00003	447000	464.1	464100	18.099976	18099	""osoba3""
""osoba3""		448.50003	448500	464.1	464100	16.599976	16599	""osoba3""
""osoba1""		450.90002	450900	451.2	451200	1.2999878	1299	""osoba1""
""osoba3""		452.7	452700	464.1	464100	12.399994	12399	""osoba3""
""osoba3""		453.90002	453900	464.1	464100	11.199982	11199	""osoba3""
""osoba3""		454.50003	454500	464.1	464100	10.599976	10599	""osoba3""
""osoba3""		455.7	455700	464.1	464100	9.399994	9399	""osoba3""
""osoba3""		457.50003	457500	464.1	464100	7.5999756	7599	""osoba3""
""osoba2""		458.7	458700	459.00003	459000	1.3000183	1300	""osoba2""
""osoba3""		460.50003	460500	464.1	464100	4.5999756	4599	""osoba3""
""osoba2""		461.40002	461400	461.7	461700	1.2999878	1299	""osoba2""
""osoba3""		462.6	462600	464.1	464100	2.5	2500	""osoba3""
""osoba1""		463.50003	463500	480.30002	480300	17.799988	17799	""osoba1""
""osoba4""		463.50003	463500	464.40002	464400	1.8999939	1899	""osoba4""
""osoba4""		467.40002	467400	467.40002	467400	1.0	1000	""osoba4""
""osoba1""		469.50003	469500	480.30002	480300	11.799988	11799	""osoba1""
""osoba1""		470.40002	470400	480.30002	480300	10.899994	10899	""osoba1""
""osoba3""		470.7	470700	470.7	470700	1.0	1000	""osoba3""
""osoba1""		472.2	472200	480.30002	480300	9.100006	9100	""osoba1""
""osoba1""		473.1	473100	480.30002	480300	8.200012	8200	""osoba1""
""osoba3""		474.00003	474000	474.6	474600	1.5999756	1599	""osoba3""
""osoba1""		475.80002	475800	480.30002	480300	5.5	5500	""osoba1""
""osoba2""		476.40002	476400	483.30002	483300	7.899994	7899	""osoba2""
""osoba1""		476.7	476700	480.30002	480300	4.600006	4600	""osoba1""
""osoba1""		478.2	478200	480.30002	480300	3.100006	3100	""osoba1""
""osoba2""		479.1	479100	483.30002	483300	5.200012	5200	""osoba2""
""osoba3""		481.2	481200	498.00003	498000	17.800018	17800	""osoba3""
""osoba3""		482.7	482700	498.00003	498000	16.300018	16300	""osoba3""
""osoba2""		483.00003	483000	483.30002	483300	1.2999878	1299	""osoba2""
""osoba3""		485.1	485100	498.00003	498000	13.900024	13900	""osoba3""
""osoba2""		485.7	485700	487.2	487200	2.5	2500	""osoba2""
""osoba3""		488.1	488100	498.00003	498000	10.900024	10900	""osoba3""
""osoba2""		489.90002	489900	489.90002	489900	1.0	1000	""osoba2""
""osoba4""		490.80002	490800	491.40002	491400	1.6000061	1600	""osoba4""
""osoba3""		493.2	493200	498.00003	498000	5.8000183	5800	""osoba3""
""osoba3""		494.1	494100	498.00003	498000	4.9000244	4900	""osoba3""
""osoba3""		494.7	494700	498.00003	498000	4.3000183	4300	""osoba3""
""osoba3""		495.6	495600	498.00003	498000	3.4000244	3400	""osoba3""
""osoba3""		496.2	496200	498.00003	498000	2.8000183	2800	""osoba3""
""osoba2""		497.40002	497400	507.90002	507900	11.5	11500	""osoba2""
""osoba2""		500.1	500100	507.90002	507900	8.800018	8800	""osoba2""
""osoba2""		501.30002	501300	507.90002	507900	7.600006	7600	""osoba2""
""osoba4""		504.6	504600	504.6	504600	1.0	1000	""osoba4""
""osoba2""		506.1	506100	507.90002	507900	2.8000183	2800	""osoba2""
""osoba4""		506.7	506700	510.00003	510000	4.3000183	4300	""osoba4""
""osoba2""		507.00003	507000	507.90002	507900	1.8999939	1899	""osoba2""
""osoba4""		509.40002	509400	510.00003	510000	1.6000061	1600	""osoba4""
""osoba1""		509.7	509700	523.2	523200	14.5	14500	""osoba1""
""osoba3""		511.2	511200	511.2	511200	1.0	1000	""osoba3""
""osoba1""		511.80002	511800	523.2	523200	12.399994	12399	""osoba1""
""osoba1""		515.7	515700	523.2	523200	8.5	8500	""osoba1""
""osoba4""		515.7	515700	516.9	516900	2.2000122	2200	""osoba4""
""osoba3""		517.80005	517800	529.2	529200	12.399963	12399	""osoba3""
""osoba1""		519.0	519000	523.2	523200	5.200012	5200	""osoba1""
""osoba3""		521.7	521700	529.2	529200	8.5	8500	""osoba3""
""osoba4""		522.60004	522600	523.2	523200	1.5999756	1599	""osoba4""
""osoba3""		524.4	524400	529.2	529200	5.799988	5799	""osoba3""
""osoba3""		527.7	527700	529.2	529200	2.5	2500	""osoba3""
""osoba1""		528.9	528900	534.9	534900	7.0	7000	""osoba1""
""osoba1""		530.4	530400	534.9	534900	5.5	5500	""osoba1""
""osoba2""		532.5	532500	534.9	534900	3.4000244	3400	""osoba2""
""osoba3""		536.10004	536100	537.0	537000	1.8999634	1899	""osoba3""
""osoba4""		536.7	536700	540.30005	540300	4.6000366	4600	""osoba4""
""osoba2""		538.5	538500	539.10004	539100	1.6000366	1600	""osoba2""
""osoba3""		540.30005	540300	558.0	558000	18.699951	18699	""osoba3""
""osoba3""		542.4	542400	558.0	558000	16.599976	16599	""osoba3""
""osoba3""		543.30005	543300	558.0	558000	15.699951	15699	""osoba3""
""osoba3""		544.80005	544800	558.0	558000	14.199951	14199	""osoba3""
""osoba3""		545.7	545700	558.0	558000	13.299988	13299	""osoba3""
""osoba3""		548.4	548400	558.0	558000	10.599976	10599	""osoba3""
""osoba3""		549.0	549000	558.0	558000	10.0	10000	""osoba3""
""osoba3""		549.9	549900	558.0	558000	9.099976	9099	""osoba3""
""osoba4""		550.80005	550800	552.0	552000	2.1999512	2199	""osoba4""
""osoba1""		553.5	553500	554.10004	554100	1.6000366	1600	""osoba1""
""osoba3""		555.30005	555300	558.0	558000	3.6999512	3699	""osoba3""
""osoba4""		556.80005	556800	561.30005	561300	5.5	5500	""osoba4""
""osoba4""		558.9	558900	561.30005	561300	3.4000244	3400	""osoba4""
""osoba2""		561.0	561000	561.9	561900	1.9000244	1900	""osoba2""
""osoba2""		561.9	561900	561.9	561900	1.0	1000	""osoba2""
""osoba3""		561.9	561900	565.2	565200	4.299988	4299	""osoba3""
""osoba3""		563.4	563400	565.2	565200	2.7999878	2799	""osoba3""
""osoba3""		564.0	564000	565.2	565200	2.2000122	2200	""osoba3""
""osoba1""		564.9	564900	588.0	588000	24.099976	24099	""osoba1""
""osoba1""		565.80005	565800	588.0	588000	23.199951	23199	""osoba1""
""osoba4""		566.10004	566100	566.4	566400	1.2999878	1299	""osoba4""
""osoba1""		567.0	567000	588.0	588000	22.0	22000	""osoba1""
""osoba1""		567.60004	567600	588.0	588000	21.399963	21399	""osoba1""
""osoba1""		568.2	568200	588.0	588000	20.799988	20799	""osoba1""
""osoba1""		569.10004	569100	588.0	588000	19.899963	19899	""osoba1""
""osoba4""		569.10004	569100	570.0	570000	1.8999634	1899	""osoba4""
""osoba1""		570.60004	570600	588.0	588000	18.399963	18399	""osoba1""
""osoba1""		571.5	571500	588.0	588000	17.5	17500	""osoba1""
""osoba3""		571.5	571500	573.0	573000	2.5	2500	""osoba3""
""osoba4""		573.30005	573300	574.80005	574800	2.5	2500	""osoba4""
""osoba1""		576.9	576900	588.0	588000	12.099976	12099	""osoba1""
""osoba1""		578.4	578400	588.0	588000	10.599976	10599	""osoba1""
""osoba3""		578.7	578700	578.7	578700	1.0	1000	""osoba3""
""osoba3""		582.9	582900	582.9	582900	1.0	1000	""osoba3""
""osoba1""		583.5	583500	588.0	588000	5.5	5500	""osoba1""
""osoba4""		584.10004	584100	584.10004	584100	1.0	1000	""osoba4""
""osoba1""		586.2	586200	588.0	588000	2.7999878	2799	""osoba1""
""osoba4""		587.4	587400	593.10004	593100	6.700012	6700	""osoba4""
""osoba4""		590.4	590400	593.10004	593100	3.7000122	3700	""osoba4""
""osoba1""		591.30005	591300	593.7	593700	3.3999634	3399	""osoba1""
""osoba4""		592.5	592500	593.10004	593100	1.6000366	1600	""osoba4""
""osoba4""		593.10004	593100	593.10004	593100	1.0	1000	""osoba4""
""osoba1""		593.4	593400	593.7	593700	1.2999878	1299	""osoba1""
""osoba2""		593.4	593400	595.2	595200	2.7999878	2799	""osoba2""
""osoba4""		595.5	595500	603.60004	603600	9.100037	9100	""osoba4""
""osoba1""		604.5	604500	606.60004	606600	3.1000366	3100	""osoba1""
""osoba1""		606.0	606000	606.60004	606600	1.6000366	1600	""osoba1""
""osoba4""		606.0	606000	611.4	611400	6.4000244	6400	""osoba4""
""osoba4""		608.10004	608100	611.4	611400	4.299988	4299	""osoba4""
""osoba4""		608.7	608700	611.4	611400	3.7000122	3700	""osoba4""
""osoba4""		609.30005	609300	611.4	611400	3.0999756	3099	""osoba4""
""osoba3""		609.60004	609600	611.7	611700	3.0999756	3099	""osoba3""
""osoba2""		610.2	610200	615.9	615900	6.700012	6700	""osoba2""
""osoba2""		613.80005	613800	615.9	615900	3.0999756	3099	""osoba2""
""osoba3""		614.7	614700	637.2	637200	23.5	23500	""osoba3""
""osoba3""		624.60004	624600	637.2	637200	13.599976	13599	""osoba3""
""osoba3""		625.80005	625800	637.2	637200	12.399963	12399	""osoba3""
""osoba4""		626.7	626700	627.30005	627300	1.6000366	1600	""osoba4""
""osoba3""		627.60004	627600	637.2	637200	10.599976	10599	""osoba3""
""osoba3""		628.2	628200	637.2	637200	10.0	10000	""osoba3""
""osoba3""		630.9	630900	637.2	637200	7.299988	7299	""osoba3""
""osoba3""		633.0	633000	637.2	637200	5.200012	5200	""osoba3""
""osoba1""		637.2	637200	666.30005	666300	30.100037	30100	""osoba1""
""osoba4""		637.5	637500	639.60004	639600	3.1000366	3100	""osoba4""
""osoba1""		641.7	641700	666.30005	666300	25.600037	25600	""osoba1""
""osoba1""		643.2	643200	666.30005	666300	24.100037	24100	""osoba1""
""osoba1""		645.30005	645300	666.30005	666300	22.0	22000	""osoba1""
""osoba1""		647.4	647400	666.30005	666300	19.900024	19900	""osoba1""
""osoba1""		648.30005	648300	666.30005	666300	19.0	19000	""osoba1""
""osoba1""		649.80005	649800	666.30005	666300	17.5	17500	""osoba1""
""osoba1""		650.7	650700	666.30005	666300	16.600037	16600	""osoba1""
""osoba1""		653.7	653700	666.30005	666300	13.600037	13600	""osoba1""
""osoba1""		654.30005	654300	666.30005	666300	13.0	13000	""osoba1""
""osoba3""		655.5	655500	658.80005	658800	4.300049	4300	""osoba3""
""osoba4""		656.7	656700	658.80005	658800	3.1000366	3100	""osoba4""
""osoba1""		657.9	657900	666.30005	666300	9.400024	9400	""osoba1""
""osoba3""		662.10004	662100	665.10004	665100	4.0	4000	""osoba3""
""osoba1""		662.4	662400	666.30005	666300	4.9000244	4900	""osoba1""
""osoba3""		663.9	663900	665.10004	665100	2.2000122	2200	""osoba3""
""osoba2""		664.2	664200	664.2	664200	1.0	1000	""osoba2""
""osoba4""		665.7	665700	703.5	703500	38.799988	38799	""osoba4""
""osoba1""		666.0	666000	666.30005	666300	1.3000488	1300	""osoba1""
""osoba1""		669.30005	669300	669.9	669900	1.5999756	1599	""osoba1""
""osoba3""		669.30005	669300	669.60004	669600	1.2999878	1299	""osoba3""
""osoba4""		669.9	669900	703.5	703500	34.599976	34599	""osoba4""
""osoba4""		671.7	671700	703.5	703500	32.799988	32799	""osoba4""
""osoba1""		673.2	673200	673.2	673200	1.0	1000	""osoba1""
""osoba3""		676.2	676200	676.80005	676800	1.6000366	1600	""osoba3""
""osoba4""		676.2	676200	703.5	703500	28.299988	28299	""osoba4""
""osoba4""		677.4	677400	703.5	703500	27.099976	27099	""osoba4""
""osoba4""		678.30005	678300	703.5	703500	26.199951	26199	""osoba4""
""osoba4""		679.2	679200	703.5	703500	25.299988	25299	""osoba4""
""osoba4""		681.30005	681300	703.5	703500	23.199951	23199	""osoba4""
""osoba4""		682.2	682200	703.5	703500	22.299988	22299	""osoba4""
""osoba4""		686.10004	686100	703.5	703500	18.399963	18399	""osoba4""
""osoba2""		690.30005	690300	690.30005	690300	1.0	1000	""osoba2""
""osoba4""		690.9	690900	703.5	703500	13.599976	13599	""osoba4""
""osoba4""		692.10004	692100	703.5	703500	12.399963	12399	""osoba4""
""osoba4""		692.7	692700	703.5	703500	11.799988	11799	""osoba4""
""osoba4""		694.2	694200	703.5	703500	10.299988	10299	""osoba4""
""osoba4""		696.0	696000	703.5	703500	8.5	8500	""osoba4""
""osoba2""		698.4	698400	699.9	699900	2.5	2500	""osoba2""
""osoba4""		702.0	702000	703.5	703500	2.5	2500	""osoba4""
""osoba1""		703.2	703200	712.2	712200	10.0	10000	""osoba1""
""osoba1""		706.2	706200	712.2	712200	7.0	7000	""osoba1""
""osoba1""		707.4	707400	712.2	712200	5.799988	5799	""osoba1""
""osoba1""		708.30005	708300	712.2	712200	4.8999634	4899	""osoba1""
""osoba4""		708.30005	708300	719.4	719400	12.099976	12099	""osoba4""
""osoba1""		709.80005	709800	712.2	712200	3.3999634	3399	""osoba1""
""osoba1""		711.30005	711300	712.2	712200	1.8999634	1899	""osoba1""
""osoba4""		711.60004	711600	719.4	719400	8.799988	8799	""osoba4""
""osoba2""		712.5	712500	712.5	712500	1.0	1000	""osoba2""
""osoba4""		713.7	713700	719.4	719400	6.700012	6700	""osoba4""
""osoba3""		714.30005	714300	716.7	716700	3.3999634	3399	""osoba3""
""osoba4""		714.30005	714300	719.4	719400	6.0999756	6099	""osoba4""
""osoba3""		715.80005	715800	716.7	716700	1.8999634	1899	""osoba3""
""osoba4""		715.80005	715800	719.4	719400	4.5999756	4599	""osoba4""
""osoba3""		718.80005	718800	729.30005	729300	11.5	11500	""osoba3""
""osoba3""		721.2	721200	729.30005	729300	9.100037	9100	""osoba3""
""osoba3""		724.80005	724800	729.30005	729300	5.5	5500	""osoba3""
""osoba3""		726.0	726000	729.30005	729300	4.300049	4300	""osoba3""
""osoba3""		726.60004	726600	729.30005	729300	3.7000122	3700	""osoba3""
""osoba4""		727.80005	727800	728.10004	728100	1.2999878	1299	""osoba4""
""osoba1""		728.7	728700	738.60004	738600	10.900024	10900	""osoba1""
""osoba4""		730.5	730500	734.7	734700	5.200012	5200	""osoba4""
""osoba4""		732.30005	732300	734.7	734700	3.3999634	3399	""osoba4""
""osoba1""		734.4	734400	738.60004	738600	5.200012	5200	""osoba1""
""osoba4""		734.4	734400	734.7	734700	1.2999878	1299	""osoba4""
""osoba2""		735.0	735000	756.0	756000	22.0	22000	""osoba2""
""osoba1""		735.60004	735600	738.60004	738600	4.0	4000	""osoba1""
""osoba2""		736.80005	736800	756.0	756000	20.199951	20199	""osoba2""
""osoba1""		738.0	738000	738.60004	738600	1.6000366	1600	""osoba1""
""osoba2""		740.10004	740100	756.0	756000	16.899963	16899	""osoba2""
""osoba2""		741.0	741000	756.0	756000	16.0	16000	""osoba2""
""osoba2""		742.80005	742800	756.0	756000	14.199951	14199	""osoba2""
""osoba2""		744.0	744000	756.0	756000	13.0	13000	""osoba2""
""osoba2""		744.60004	744600	756.0	756000	12.399963	12399	""osoba2""
""osoba4""		744.60004	744600	744.60004	744600	1.0	1000	""osoba4""
""osoba2""		745.80005	745800	756.0	756000	11.199951	11199	""osoba2""
""osoba2""		747.9	747900	756.0	756000	9.099976	9099	""osoba2""
""osoba2""		752.10004	752100	756.0	756000	4.8999634	4899	""osoba2""
""osoba2""		753.60004	753600	756.0	756000	3.3999634	3399	""osoba2""
""osoba2""		754.80005	754800	756.0	756000	2.1999512	2199	""osoba2""
""osoba2""		755.4	755400	756.0	756000	1.5999756	1599	""osoba2""
""osoba3""		756.0	756000	759.0	759000	4.0	4000	""osoba3""
""osoba4""		759.0	759000	777.30005	777300	19.300049	19300	""osoba4""
""osoba4""		761.4	761400	777.30005	777300	16.900024	16900	""osoba4""
""osoba1""		762.60004	762600	764.7	764700	3.0999756	3099	""osoba1""
""osoba2""		765.60004	765600	765.60004	765600	1.0	1000	""osoba2""
""osoba4""		766.5	766500	777.30005	777300	11.800049	11800	""osoba4""
""osoba4""		768.0	768000	777.30005	777300	10.300049	10300	""osoba4""
""osoba1""		768.30005	768300	771.00006	771000	3.7000122	3700	""osoba1""
""osoba4""		771.9	771900	777.30005	777300	6.4000244	6400	""osoba4""
""osoba4""		772.50006	772500	777.30005	777300	5.799988	5799	""osoba4""
""osoba4""		774.30005	774300	777.30005	777300	4.0	4000	""osoba4""
""osoba4""		775.2	775200	777.30005	777300	3.1000366	3100	""osoba4""
""osoba4""		775.80005	775800	777.30005	777300	2.5	2500	""osoba4""
""osoba3""		776.4	776400	777.00006	777000	1.6000366	1600	""osoba3""
""osoba4""		776.4	776400	777.30005	777300	1.9000244	1900	""osoba4""
""osoba2""		777.00006	777000	793.80005	793800	17.799988	17799	""osoba2""
""osoba2""		779.7	779700	793.80005	793800	15.100037	15100	""osoba2""
""osoba2""		781.80005	781800	793.80005	793800	13.0	13000	""osoba2""
""osoba2""		782.7	782700	793.80005	793800	12.100037	12100	""osoba2""
""osoba2""		783.9	783900	793.80005	793800	10.900024	10900	""osoba2""
""osoba2""		788.10004	788100	793.80005	793800	6.700012	6700	""osoba2""
""osoba4""		789.00006	789000	789.30005	789300	1.2999878	1299	""osoba4""
""osoba2""		789.30005	789300	793.80005	793800	5.5	5500	""osoba2""
""osoba3""		789.60004	789600	789.9	789900	1.2999878	1299	""osoba3""
""osoba2""		791.4	791400	793.80005	793800	3.4000244	3400	""osoba2""
""osoba2""		792.00006	792000	793.80005	793800	2.7999878	2799	""osoba2""
""osoba4""		792.9	792900	820.80005	820800	28.900024	28900	""osoba4""
""osoba4""		795.60004	795600	820.80005	820800	26.200012	26200	""osoba4""
""osoba4""		797.7	797700	820.80005	820800	24.100037	24100	""osoba4""
""osoba4""		798.9	798900	820.80005	820800	22.900024	22900	""osoba4""
""osoba4""		799.50006	799500	820.80005	820800	22.299988	22299	""osoba4""
""osoba4""		800.4	800400	820.80005	820800	21.400024	21400	""osoba4""
""osoba4""		802.2	802200	820.80005	820800	19.600037	19600	""osoba4""
""osoba4""		804.00006	804000	820.80005	820800	17.799988	17799	""osoba4""
""osoba4""		805.50006	805500	820.80005	820800	16.299988	16299	""osoba4""
""osoba4""		806.7	806700	820.80005	820800	15.100037	15100	""osoba4""
""osoba3""		807.60004	807600	807.60004	807600	1.0	1000	""osoba3""
""osoba4""		808.50006	808500	820.80005	820800	13.299988	13299	""osoba4""
""osoba4""		809.10004	809100	820.80005	820800	12.700012	12700	""osoba4""
""osoba3""		811.50006	811500	811.80005	811800	1.2999878	1299	""osoba3""
""osoba4""		812.7	812700	820.80005	820800	9.100037	9100	""osoba4""
""osoba4""		814.2	814200	820.80005	820800	7.6000366	7600	""osoba4""
""osoba4""		816.9	816900	820.80005	820800	4.9000244	4900	""osoba4""
""osoba3""		819.30005	819300	843.30005	843300	25.0	25000	""osoba3""
""osoba4""		820.50006	820500	820.80005	820800	1.2999878	1299	""osoba4""
""osoba3""		822.60004	822600	843.30005	843300	21.700012	21700	""osoba3""
""osoba4""		822.9	822900	824.7	824700	2.7999878	2799	""osoba4""
""osoba3""		824.10004	824100	843.30005	843300	20.200012	20200	""osoba3""
""osoba3""		825.9	825900	843.30005	843300	18.400024	18400	""osoba3""
""osoba3""		827.10004	827100	843.30005	843300	17.200012	17200	""osoba3""
""osoba3""		827.7	827700	843.30005	843300	16.600037	16600	""osoba3""
""osoba3""		829.2	829200	843.30005	843300	15.100037	15100	""osoba3""
""osoba3""		830.10004	830100	843.30005	843300	14.200012	14200	""osoba3""
""osoba3""		831.60004	831600	843.30005	843300	12.700012	12700	""osoba3""
""osoba3""		832.2	832200	843.30005	843300	12.100037	12100	""osoba3""
""osoba3""		838.2	838200	843.30005	843300	6.1000366	6100	""osoba3""
""osoba3""		842.4	842400	843.30005	843300	1.9000244	1900	""osoba3""
""osoba4""		843.9	843900	848.7	848700	5.799988	5799	""osoba4""
""osoba4""		844.80005	844800	848.7	848700	4.8999634	4899	""osoba4""
""osoba4""		846.30005	846300	848.7	848700	3.3999634	3399	""osoba4""
""osoba4""		847.2	847200	848.7	848700	2.5	2500	""osoba4""
""osoba2""		847.80005	847800	850.2	850200	3.3999634	3399	""osoba2""
""osoba1""		850.2	850200	852.9	852900	3.7000122	3700	""osoba1""
""osoba1""		852.30005	852300	852.9	852900	1.5999756	1599	""osoba1""
""osoba3""		852.60004	852600	867.30005	867300	15.700012	15700	""osoba3""
""osoba3""		856.2	856200	867.30005	867300	12.100037	12100	""osoba3""
""osoba3""		857.10004	857100	867.30005	867300	11.200012	11200	""osoba3""
""osoba3""		858.00006	858000	867.30005	867300	10.299988	10299	""osoba3""
""osoba3""		859.2	859200	867.30005	867300	9.100037	9100	""osoba3""
""osoba1""		860.10004	860100	860.10004	860100	1.0	1000	""osoba1""
""osoba3""		861.9	861900	867.30005	867300	6.4000244	6400	""osoba3""
""osoba3""		862.50006	862500	867.30005	867300	5.799988	5799	""osoba3""
""osoba3""		864.60004	864600	867.30005	867300	3.7000122	3700	""osoba3""
""osoba3""		866.7	866700	867.30005	867300	1.6000366	1600	""osoba3""
""osoba2""		867.9	867900	886.50006	886500	19.600037	19600	""osoba2""
""osoba2""		870.60004	870600	886.50006	886500	16.900024	16900	""osoba2""
""osoba2""		871.80005	871800	886.50006	886500	15.700012	15700	""osoba2""
""osoba2""		872.7	872700	886.50006	886500	14.800049	14800	""osoba2""
""osoba2""		873.60004	873600	886.50006	886500	13.900024	13900	""osoba2""
""osoba2""		874.80005	874800	886.50006	886500	12.700012	12700	""osoba2""
""osoba2""		875.7	875700	886.50006	886500	11.800049	11800	""osoba2""
""osoba2""		876.30005	876300	886.50006	886500	11.200012	11200	""osoba2""
""osoba4""		878.4	878400	879.60004	879600	2.2000122	2200	""osoba4""
""osoba2""		880.80005	880800	886.50006	886500	6.700012	6700	""osoba2""
""osoba3""		885.00006	885000	888.00006	888000	4.0	4000	""osoba3""
""osoba4""		886.50006	886500	886.50006	886500	1.0	1000	""osoba4""
""osoba3""		887.4	887400	888.00006	888000	1.6000366	1600	""osoba3""
""osoba1""		888.30005	888300	892.50006	892500	5.200012	5200	""osoba1""
""osoba1""		889.2	889200	892.50006	892500	4.300049	4300	""osoba1""
""osoba1""		890.10004	890100	892.50006	892500	3.4000244	3400	""osoba1""
""osoba1""		891.30005	891300	892.50006	892500	2.2000122	2200	""osoba1""
""osoba3""		891.60004	891600	902.7	902700	12.099976	12099	""osoba3""
""osoba1""		892.2	892200	892.50006	892500	1.3000488	1300	""osoba1""
""osoba3""		893.4	893400	902.7	902700	10.299988	10299	""osoba3""
""osoba3""		894.00006	894000	902.7	902700	9.699951	9699	""osoba3""
""osoba3""		896.10004	896100	902.7	902700	7.5999756	7599	""osoba3""
""osoba3""		897.30005	897300	902.7	902700	6.3999634	6399	""osoba3""
""osoba3""		898.2	898200	902.7	902700	5.5	5500	""osoba3""
""osoba3""		899.10004	899100	902.7	902700	4.5999756	4599	""osoba3""
""osoba3""		899.7	899700	902.7	902700	4.0	4000	""osoba3""
""osoba4""		901.80005	901800	902.4	902400	1.5999756	1599	""osoba4""
""osoba1""		902.10004	902100	907.2	907200	6.0999756	6099	""osoba1""
""osoba1""		903.60004	903600	907.2	907200	4.5999756	4599	""osoba1""
""osoba3""		905.4	905400	906.30005	906300	1.9000244	1900	""osoba3""
""osoba1""		906.30005	906300	907.2	907200	1.8999634	1899	""osoba1""
""osoba4""		906.9	906900	918.30005	918300	12.400024	12400	""osoba4""
""osoba4""		907.80005	907800	918.30005	918300	11.5	11500	""osoba4""
""osoba2""		908.10004	908100	909.60004	909600	2.5	2500	""osoba2""
""osoba4""		908.4	908400	918.30005	918300	10.900024	10900	""osoba4""
""osoba2""		909.60004	909600	909.60004	909600	1.0	1000	""osoba2""
""osoba1""		913.80005	913800	914.10004	914100	1.2999878	1299	""osoba1""
""osoba4""		917.10004	917100	918.30005	918300	2.2000122	2200	""osoba4""
""osoba1""		917.4	917400	924.30005	924300	7.9000244	7900	""osoba1""
""osoba1""		920.4	920400	924.30005	924300	4.9000244	4900	""osoba1""
""osoba4""		920.7	920700	926.10004	926100	6.4000244	6400	""osoba4""
""osoba1""		922.50006	922500	924.30005	924300	2.7999878	2799	""osoba1""
""osoba2""		922.50006	922500	950.10004	950100	28.599976	28599	""osoba2""
""osoba4""		926.10004	926100	926.10004	926100	1.0	1000	""osoba4""
""osoba2""		928.2	928200	950.10004	950100	22.900024	22900	""osoba2""
""osoba2""		929.10004	929100	950.10004	950100	22.0	22000	""osoba2""
""osoba2""		930.00006	930000	950.10004	950100	21.099976	21099	""osoba2""
""osoba2""		933.60004	933600	950.10004	950100	17.5	17500	""osoba2""
""osoba2""		934.80005	934800	950.10004	950100	16.299988	16299	""osoba2""
""osoba2""		935.7	935700	950.10004	950100	15.400024	15400	""osoba2""
""osoba2""		936.9	936900	950.10004	950100	14.200012	14200	""osoba2""
""osoba2""		941.7	941700	950.10004	950100	9.400024	9400	""osoba2""
""osoba4""		941.7	941700	943.2	943200	2.5	2500	""osoba4""
""osoba2""		944.10004	944100	950.10004	950100	7.0	7000	""osoba2""
""osoba2""		944.7	944700	950.10004	950100	6.4000244	6400	""osoba2""
""osoba2""		945.9	945900	950.10004	950100	5.200012	5200	""osoba2""
""osoba2""		947.4	947400	950.10004	950100	3.7000122	3700	""osoba2""
""osoba2""		948.60004	948600	950.10004	950100	2.5	2500	""osoba2""
""osoba4""		949.50006	949500	984.30005	984300	35.799988	35799	""osoba4""
""osoba4""		953.10004	953100	984.30005	984300	32.200012	32200	""osoba4""
""osoba4""		954.00006	954000	984.30005	984300	31.299988	31299	""osoba4""
""osoba4""		957.9	957900	984.30005	984300	27.400024	27400	""osoba4""
""osoba4""		960.9	960900	984.30005	984300	24.400024	24400	""osoba4""
""osoba4""		962.10004	962100	984.30005	984300	23.200012	23200	""osoba4""
""osoba4""		965.10004	965100	984.30005	984300	20.200012	20200	""osoba4""
""osoba2""		965.7	965700	969.00006	969000	4.300049	4300	""osoba2""
""osoba1""		966.30005	966300	966.60004	966600	1.2999878	1299	""osoba1""
""osoba4""		972.9	972900	984.30005	984300	12.400024	12400	""osoba4""
""osoba4""		973.50006	973500	984.30005	984300	11.799988	11799	""osoba4""
""osoba4""		974.10004	974100	984.30005	984300	11.200012	11200	""osoba4""
""osoba4""		975.30005	975300	984.30005	984300	10.0	10000	""osoba4""
""osoba4""		978.9	978900	984.30005	984300	6.4000244	6400	""osoba4""
""osoba1""		981.30005	981300	981.30005	981300	1.0	1000	""osoba1""
""osoba2""		982.80005	982800	983.7	983700	1.8999634	1899	""osoba2""
""osoba1""		984.00006	984000	989.7	989700	6.699951	6699	""osoba1""
""osoba1""		985.2	985200	989.7	989700	5.5	5500	""osoba1""
""osoba1""		986.10004	986100	989.7	989700	4.5999756	4599	""osoba1""
""osoba1""		986.7	986700	989.7	989700	4.0	4000	""osoba1""
""osoba1""		987.30005	987300	989.7	989700	3.3999634	3399	""osoba1""
""osoba1""		987.9	987900	989.7	989700	2.7999878	2799	""osoba1""
""osoba1""		989.10004	989100	989.7	989700	1.5999756	1599	""osoba1""
""osoba4""		990.00006	990000	993.60004	993600	4.5999756	4599	""osoba4""
""osoba4""		993.00006	993000	993.60004	993600	1.5999756	1599	""osoba4""
""osoba2""		993.60004	993600	996.00006	996000	3.4000244	3400	""osoba2""
""osoba4""		993.60004	993600	993.60004	993600	1.0	1000	""osoba4""
""osoba2""		994.50006	994500	996.00006	996000	2.5	2500	""osoba2""
""osoba3""		996.00006	996000	997.2	997200	2.1999512	2199	""osoba3""
""osoba1""		997.80005	997800	1003.2	1003200	6.3999634	6399	""osoba1""
""osoba1""		998.4	998400	1003.2	1003200	5.799988	5799	""osoba1""
""osoba1""		999.60004	999600	1003.2	1003200	4.5999756	4599	""osoba1""
""osoba1""		1000.50006	1000500	1003.2	1003200	3.6999512	3699	""osoba1""
""osoba1""		1001.10004	1001100	1003.2	1003200	3.0999756	3099	""osoba1""
""osoba3""		1001.4	1001400	1008.60004	1008600	8.200012	8200	""osoba3""
""osoba4""		1003.80005	1003800	1006.50006	1006500	3.7000122	3700	""osoba4""
""osoba3""		1005.9	1005900	1008.60004	1008600	3.7000122	3700	""osoba3""
""osoba4""		1006.50006	1006500	1006.50006	1006500	1.0	1000	""osoba4""
""osoba1""		1008.60004	1008600	1013.4	1013400	5.799988	5799	""osoba1""
""osoba1""		1010.10004	1010100	1013.4	1013400	4.299988	4299	""osoba1""
""osoba1""		1010.7	1010700	1013.4	1013400	3.7000122	3700	""osoba1""
""osoba1""		1012.80005	1012800	1013.4	1013400	1.5999756	1599	""osoba1""
""osoba2""		1013.7	1013700	1042.2001	1042200	29.500061	29500	""osoba2""
""osoba2""		1014.60004	1014600	1042.2001	1042200	28.600037	28600	""osoba2""
""osoba4""		1018.80005	1018800	1018.80005	1018800	1.0	1000	""osoba4""
""osoba2""		1021.2	1021200	1042.2001	1042200	22.000061	22000	""osoba2""
""osoba4""		1021.2	1021200	1028.7001	1028700	8.500061	8500	""osoba4""
""osoba2""		1021.80005	1021800	1042.2001	1042200	21.400024	21400	""osoba2""
""osoba2""		1022.4	1022400	1042.2001	1042200	20.800049	20800	""osoba2""
""osoba4""		1022.4	1022400	1028.7001	1028700	7.300049	7300	""osoba4""
""osoba2""		1024.2001	1024200	1042.2001	1042200	19.0	19000	""osoba2""
""osoba4""		1024.2001	1024200	1028.7001	1028700	5.5	5500	""osoba4""
""osoba3""		1024.8	1024800	1024.8	1024800	1.0	1000	""osoba3""
""osoba4""		1026.0	1026000	1028.7001	1028700	3.7000732	3700	""osoba4""
""osoba2""		1027.8	1027800	1042.2001	1042200	15.400024	15400	""osoba2""
""osoba4""		1027.8	1027800	1028.7001	1028700	1.9000244	1900	""osoba4""
""osoba2""		1030.8	1030800	1042.2001	1042200	12.400024	12400	""osoba2""
""osoba2""		1032.3	1032300	1042.2001	1042200	10.900024	10900	""osoba2""
""osoba2""		1034.4	1034400	1042.2001	1042200	8.800049	8800	""osoba2""
""osoba2""		1037.4	1037400	1042.2001	1042200	5.800049	5800	""osoba2""
""osoba2""		1038.6001	1038600	1042.2001	1042200	4.5999756	4599	""osoba2""
""osoba4""		1038.6001	1038600	1042.8	1042800	5.199951	5199	""osoba4""
""osoba4""		1039.8	1039800	1042.8	1042800	4.0	4000	""osoba4""
""osoba1""		1042.8	1042800	1045.8	1045800	4.0	4000	""osoba1""
""osoba4""		1045.2001	1045200	1050.3	1050300	6.0999756	6099	""osoba4""
""osoba4""		1046.7001	1046700	1050.3	1050300	4.5999756	4599	""osoba4""
""osoba3""		1047.0	1047000	1047.3	1047300	1.3000488	1300	""osoba3""
""osoba4""		1048.2001	1048200	1050.3	1050300	3.0999756	3099	""osoba4""
""osoba2""		1050.6001	1050600	1050.9	1050900	1.2999268	1299	""osoba2""
""osoba1""		1050.9	1050900	1053.9	1053900	4.0	4000	""osoba1""
""osoba1""		1053.6001	1053600	1053.9	1053900	1.2999268	1299	""osoba1""
""osoba3""		1054.8	1054800	1065.0	1065000	11.199951	11199	""osoba3""
""osoba1""		1056.0	1056000	1057.2001	1057200	2.2000732	2200	""osoba1""
""osoba1""		1056.6001	1056600	1057.2001	1057200	1.5999756	1599	""osoba1""
""osoba4""		1057.2001	1057200	1057.5	1057500	1.2999268	1299	""osoba4""
""osoba3""		1058.1001	1058100	1065.0	1065000	7.8999023	7899	""osoba3""
""osoba3""		1062.0	1062000	1065.0	1065000	4.0	4000	""osoba3""
""osoba1""		1062.3	1062300	1067.7001	1067700	6.4000244	6400	""osoba1""
""osoba1""		1064.4	1064400	1067.7001	1067700	4.300049	4300	""osoba1""
""osoba3""		1064.7001	1064700	1065.0	1065000	1.2999268	1299	""osoba3""
""osoba1""		1066.8	1066800	1067.7001	1067700	1.9000244	1900	""osoba1""
""osoba4""		1067.1001	1067100	1099.8	1099800	33.69995	33699	""osoba4""
""osoba4""		1067.7001	1067700	1099.8	1099800	33.099976	33099	""osoba4""
""osoba4""		1068.9	1068900	1099.8	1099800	31.900024	31900	""osoba4""
""osoba4""		1070.7001	1070700	1099.8	1099800	30.099976	30099	""osoba4""
""osoba1""		1071.3	1071300	1072.8	1072800	2.5	2500	""osoba1""
""osoba4""		1075.2001	1075200	1099.8	1099800	25.599976	25599	""osoba4""
""osoba3""		1075.5	1075500	1075.5	1075500	1.0	1000	""osoba3""
""osoba4""		1076.4	1076400	1099.8	1099800	24.400024	24400	""osoba4""
""osoba4""		1078.2001	1078200	1099.8	1099800	22.599976	22599	""osoba4""
""osoba1""		1079.1001	1079100	1079.7001	1079700	1.5999756	1599	""osoba1""
""osoba4""		1084.5	1084500	1099.8	1099800	16.300049	16300	""osoba4""
""osoba4""		1088.1001	1088100	1099.8	1099800	12.699951	12699	""osoba4""
""osoba4""		1091.7001	1091700	1099.8	1099800	9.099976	9099	""osoba4""
""osoba4""		1093.2001	1093200	1099.8	1099800	7.5999756	7599	""osoba4""
""osoba4""		1095.0	1095000	1099.8	1099800	5.800049	5800	""osoba4""
""osoba4""		1096.2001	1096200	1099.8	1099800	4.5999756	4599	""osoba4""
""osoba3""		1097.7001	1097700	1103.4	1103400	6.699951	6699	""osoba3""
""osoba4""		1098.6001	1098600	1099.8	1099800	2.1999512	2199	""osoba4""
""osoba2""		1098.9	1098900	1100.1001	1100100	2.2000732	2200	""osoba2""
""osoba3""		1101.6001	1101600	1103.4	1103400	2.7999268	2799	""osoba3""
""osoba1""		1103.7001	1103700	1120.5	1120500	17.799927	17799	""osoba1""
""osoba1""		1104.9	1104900	1120.5	1120500	16.599976	16599	""osoba1""
""osoba1""		1107.3	1107300	1120.5	1120500	14.199951	14199	""osoba1""
""osoba1""		1108.5	1108500	1120.5	1120500	13.0	13000	""osoba1""
""osoba4""		1111.2001	1111200	1111.5	1111500	1.2999268	1299	""osoba4""
""osoba1""		1113.3	1113300	1120.5	1120500	8.199951	8199	""osoba1""
""osoba1""		1114.8	1114800	1120.5	1120500	6.699951	6699	""osoba1""
""osoba4""		1116.9	1116900	1117.8	1117800	1.9000244	1900	""osoba4""
""osoba3""		1119.9	1119900	1119.9	1119900	1.0	1000	""osoba3""
""osoba4""		1120.5	1120500	1122.6001	1122600	3.1000977	3100	""osoba4""
""osoba3""		1122.6001	1122600	1134.6001	1134600	13.0	13000	""osoba3""
""osoba3""		1123.2001	1123200	1134.6001	1134600	12.400024	12400	""osoba3""
""osoba3""		1125.6001	1125600	1134.6001	1134600	10.0	10000	""osoba3""
""osoba3""		1126.2001	1126200	1134.6001	1134600	9.400024	9400	""osoba3""
""osoba1""		1130.1001	1130100	1130.1001	1130100	1.0	1000	""osoba1""
""osoba4""		1130.4	1130400	1156.8	1156800	27.400024	27400	""osoba4""
""osoba3""		1131.9	1131900	1134.6001	1134600	3.7000732	3700	""osoba3""
""osoba4""		1136.4	1136400	1156.8	1156800	21.400024	21400	""osoba4""
""osoba4""		1137.6001	1137600	1156.8	1156800	20.199951	20199	""osoba4""
""osoba1""		1137.9	1137900	1139.7001	1139700	2.8000488	2800	""osoba1""
""osoba4""		1140.6001	1140600	1156.8	1156800	17.199951	17199	""osoba4""
""osoba4""		1143.6001	1143600	1156.8	1156800	14.199951	14199	""osoba4""
""osoba4""		1147.5	1147500	1156.8	1156800	10.300049	10300	""osoba4""
""osoba4""		1148.4	1148400	1156.8	1156800	9.400024	9400	""osoba4""
""osoba4""		1151.4	1151400	1156.8	1156800	6.4000244	6400	""osoba4""
""osoba4""		1152.3	1152300	1156.8	1156800	5.5	5500	""osoba4""
""osoba4""		1153.2001	1153200	1156.8	1156800	4.5999756	4599	""osoba4""
""osoba2""		1158.0	1158000	1160.4	1160400	3.4000244	3400	""osoba2""
""osoba4""		1159.2001	1159200	1191.3	1191300	33.099976	33099	""osoba4""
""osoba2""		1160.1001	1160100	1160.4	1160400	1.2999268	1299	""osoba2""
""osoba1""		1161.9	1161900	1164.9	1164900	4.0	4000	""osoba1""
""osoba4""		1161.9	1161900	1191.3	1191300	30.400024	30400	""osoba4""
""osoba4""		1164.0	1164000	1191.3	1191300	28.300049	28300	""osoba4""
""osoba3""		1164.9	1164900	1168.5	1168500	4.5999756	4599	""osoba3""
""osoba3""		1167.6001	1167600	1168.5	1168500	1.8999023	1899	""osoba3""
""osoba4""		1169.7001	1169700	1191.3	1191300	22.599976	22599	""osoba4""
""osoba4""		1171.5	1171500	1191.3	1191300	20.800049	20800	""osoba4""
""osoba4""		1172.7001	1172700	1191.3	1191300	19.599976	19599	""osoba4""
""osoba1""		1173.6001	1173600	1174.2001	1174200	1.5999756	1599	""osoba1""
""osoba4""		1175.1001	1175100	1191.3	1191300	17.199951	17199	""osoba4""
""osoba2""		1176.3	1176300	1192.8	1192800	17.5	17500	""osoba2""
""osoba4""		1176.3	1176300	1191.3	1191300	16.0	16000	""osoba4""
""osoba4""		1177.5	1177500	1191.3	1191300	14.800049	14800	""osoba4""
""osoba2""		1177.8	1177800	1192.8	1192800	16.0	16000	""osoba2""
""osoba2""		1182.3	1182300	1192.8	1192800	11.5	11500	""osoba2""
""osoba2""		1183.5	1183500	1192.8	1192800	10.300049	10300	""osoba2""
""osoba2""		1184.1001	1184100	1192.8	1192800	9.699951	9699	""osoba2""
""osoba4""		1186.2001	1186200	1191.3	1191300	6.0999756	6099	""osoba4""
""osoba4""		1188.6001	1188600	1191.3	1191300	3.6999512	3699	""osoba4""
""osoba4""		1191.3	1191300	1191.3	1191300	1.0	1000	""osoba4""
""osoba3""		1191.6001	1191600	1194.3	1194300	3.6999512	3699	""osoba3""
""osoba1""		1192.8	1192800	1193.1001	1193100	1.3000488	1300	""osoba1""
""osoba4""		1194.6001	1194600	1203.6001	1203600	10.0	10000	""osoba4""
""osoba4""		1196.1001	1196100	1203.6001	1203600	8.5	8500	""osoba4""
""osoba3""		1197.0	1197000	1197.9	1197900	1.9000244	1900	""osoba3""
""osoba4""		1198.8	1198800	1203.6001	1203600	5.800049	5800	""osoba4""
""osoba4""		1200.0	1200000	1203.6001	1203600	4.6000977	4600	""osoba4""
""osoba4""		1200.6001	1200600	1203.6001	1203600	4.0	4000	""osoba4""
""osoba4""		1201.5	1201500	1203.6001	1203600	3.1000977	3100	""osoba4""
""osoba4""		1202.1001	1202100	1203.6001	1203600	2.5	2500	""osoba4""
""osoba1""		1203.9	1203900	1213.2001	1213200	10.300049	10300	""osoba1""
""osoba1""		1204.8	1204800	1213.2001	1213200	9.400024	9400	""osoba1""
""osoba1""		1207.8	1207800	1213.2001	1213200	6.4000244	6400	""osoba1""
""osoba3""		1210.2001	1210200	1210.5	1210500	1.2999268	1299	""osoba3""
""osoba1""		1211.1001	1211100	1213.2001	1213200	3.0999756	3099	""osoba1""
""osoba3""		1212.9	1212900	1219.8	1219800	7.9000244	7900	""osoba3""
""osoba3""		1213.8	1213800	1219.8	1219800	7.0	7000	""osoba3""
""osoba4""		1214.1001	1214100	1215.9	1215900	2.7999268	2799	""osoba4""
""osoba3""		1215.6001	1215600	1219.8	1219800	5.199951	5199	""osoba3""
""osoba3""		1217.4	1217400	1219.8	1219800	3.4000244	3400	""osoba3""
""osoba3""		1218.0	1218000	1219.8	1219800	2.8000488	2800	""osoba3""
""osoba3""		1218.9	1218900	1219.8	1219800	1.9000244	1900	""osoba3""
""osoba4""		1220.1001	1220100	1221.9	1221900	2.7999268	2799	""osoba4""
""osoba1""		1221.9	1221900	1225.8	1225800	4.9000244	4900	""osoba1""
""osoba4""		1225.8	1225800	1249.8	1249800	25.0	25000	""osoba4""
""osoba4""		1227.0	1227000	1249.8	1249800	23.800049	23800	""osoba4""
""osoba4""		1230.3	1230300	1249.8	1249800	20.5	20500	""osoba4""
""osoba1""		1235.7001	1235700	1236.6001	1236600	1.9000244	1900	""osoba1""
""osoba4""		1237.5	1237500	1249.8	1249800	13.300049	13300	""osoba4""
""osoba3""		1239.3	1239300	1240.5	1240500	2.1999512	2199	""osoba3""
""osoba4""		1239.3	1239300	1249.8	1249800	11.5	11500	""osoba4""
""osoba2""		1241.7001	1241700	1243.2001	1243200	2.5	2500	""osoba2""
""osoba4""		1242.9	1242900	1249.8	1249800	7.9000244	7900	""osoba4""
""osoba4""		1243.8	1243800	1249.8	1249800	7.0	7000	""osoba4""
""osoba4""		1246.2001	1246200	1249.8	1249800	4.5999756	4599	""osoba4""
""osoba2""		1248.3	1248300	1263.6001	1263600	16.300049	16300	""osoba2""
""osoba2""		1249.2001	1249200	1263.6001	1263600	15.400024	15400	""osoba2""
""osoba2""		1250.7001	1250700	1263.6001	1263600	13.900024	13900	""osoba2""
""osoba2""		1251.9	1251900	1263.6001	1263600	12.700073	12700	""osoba2""
""osoba2""		1252.8	1252800	1263.6001	1263600	11.800049	11800	""osoba2""
""osoba4""		1253.1001	1253100	1254.0	1254000	1.8999023	1899	""osoba4""
""osoba2""		1255.2001	1255200	1263.6001	1263600	9.400024	9400	""osoba2""
""osoba2""		1257.6001	1257600	1263.6001	1263600	7.0	7000	""osoba2""
""osoba4""		1258.5	1258500	1258.5	1258500	1.0	1000	""osoba4""
""osoba3""		1258.8	1258800	1271.4	1271400	13.599976	13599	""osoba3""
""osoba2""		1260.3	1260300	1263.6001	1263600	4.300049	4300	""osoba2""
""osoba3""		1260.3	1260300	1271.4	1271400	12.099976	12099	""osoba3""
""osoba2""		1265.7001	1265700	1267.8	1267800	3.0999756	3099	""osoba2""
""osoba3""		1266.9	1266900	1271.4	1271400	5.5	5500	""osoba3""
""osoba2""		1267.8	1267800	1267.8	1267800	1.0	1000	""osoba2""
""osoba3""		1269.3	1269300	1271.4	1271400	3.0999756	3099	""osoba3""
""osoba3""		1271.1001	1271100	1271.4	1271400	1.2999268	1299	""osoba3""
""osoba1""		1271.7001	1271700	1280.1001	1280100	9.400024	9400	""osoba1""
""osoba1""		1273.2001	1273200	1280.1001	1280100	7.9000244	7900	""osoba1""
""osoba1""		1275.3	1275300	1280.1001	1280100	5.800049	5800	""osoba1""
""osoba1""		1275.9	1275900	1280.1001	1280100	5.2000732	5200	""osoba1""
""osoba1""		1276.8	1276800	1280.1001	1280100	4.300049	4300	""osoba1""
""osoba1""		1278.3	1278300	1280.1001	1280100	2.8000488	2800	""osoba1""
""osoba2""		1279.5	1279500	1285.5	1285500	7.0	7000	""osoba2""
""osoba1""		1280.1001	1280100	1280.1001	1280100	1.0	1000	""osoba1""
""osoba2""		1283.7001	1283700	1285.5	1285500	2.7999268	2799	""osoba2""
""osoba1""		1285.8	1285800	1326.6001	1326600	41.80005	41800	""osoba1""
""osoba3""		1286.7001	1286700	1287.3	1287300	1.5999756	1599	""osoba3""
""osoba1""		1289.4	1289400	1326.6001	1326600	38.200073	38200	""osoba1""
""osoba1""		1292.1001	1292100	1326.6001	1326600	35.5	35500	""osoba1""
""osoba1""		1296.6001	1296600	1326.6001	1326600	31.0	31000	""osoba1""
""osoba1""		1301.1001	1301100	1326.6001	1326600	26.5	26500	""osoba1""
""osoba1""		1303.2001	1303200	1326.6001	1326600	24.400024	24400	""osoba1""
""osoba1""		1303.8	1303800	1326.6001	1326600	23.800049	23800	""osoba1""
""osoba1""		1305.6001	1305600	1326.6001	1326600	22.0	22000	""osoba1""
""osoba1""		1309.2001	1309200	1326.6001	1326600	18.400024	18400	""osoba1""
""osoba2""		1312.5	1312500	1312.8	1312800	1.3000488	1300	""osoba2""
""osoba1""		1313.7001	1313700	1326.6001	1326600	13.900024	13900	""osoba1""
""osoba1""		1314.6001	1314600	1326.6001	1326600	13.0	13000	""osoba1""
""osoba3""		1317.0	1317000	1317.3	1317300	1.3000488	1300	""osoba3""
""osoba1""		1320.0	1320000	1326.6001	1326600	7.6000977	7600	""osoba1""
""osoba1""		1321.5	1321500	1326.6001	1326600	6.1000977	6100	""osoba1""
""osoba2""		1323.3	1323300	1335.0	1335000	12.699951	12699	""osoba2""
""osoba2""		1323.9	1323900	1335.0	1335000	12.099976	12099	""osoba2""
""osoba1""		1324.5	1324500	1326.6001	1326600	3.1000977	3100	""osoba1""
""osoba2""		1325.1001	1325100	1335.0	1335000	10.899902	10899	""osoba2""
""osoba1""		1326.0	1326000	1326.6001	1326600	1.6000977	1600	""osoba1""
""osoba2""		1330.8	1330800	1335.0	1335000	5.199951	5199	""osoba2""
""osoba2""		1333.2001	1333200	1335.0	1335000	2.7999268	2799	""osoba2""
""osoba1""		1334.4	1334400	1362.6001	1362600	29.200073	29200	""osoba1""
""osoba2""		1334.4	1334400	1335.0	1335000	1.5999756	1599	""osoba2""
""osoba3""		1338.0	1338000	1338.0	1338000	1.0	1000	""osoba3""
""osoba1""		1338.3	1338300	1362.6001	1362600	25.300049	25300	""osoba1""
""osoba1""		1339.2001	1339200	1362.6001	1362600	24.400024	24400	""osoba1""
""osoba1""		1344.9	1344900	1362.6001	1362600	18.700073	18700	""osoba1""
""osoba1""		1345.5	1345500	1362.6001	1362600	18.100098	18100	""osoba1""
""osoba1""		1347.0	1347000	1362.6001	1362600	16.600098	16600	""osoba1""
""osoba1""		1348.2001	1348200	1362.6001	1362600	15.400024	15400	""osoba1""
""osoba1""		1349.4	1349400	1362.6001	1362600	14.200073	14200	""osoba1""
""osoba1""		1350.0	1350000	1362.6001	1362600	13.600098	13600	""osoba1""
""osoba1""		1350.6001	1350600	1362.6001	1362600	13.0	13000	""osoba1""
""osoba1""		1353.3	1353300	1362.6001	1362600	10.300049	10300	""osoba1""
""osoba2""		1353.6001	1353600	1353.6001	1353600	1.0	1000	""osoba2""
""osoba1""		1353.9	1353900	1362.6001	1362600	9.700073	9700	""osoba1""
""osoba1""		1354.8	1354800	1362.6001	1362600	8.800049	8800	""osoba1""
""osoba1""		1356.3	1356300	1362.6001	1362600	7.300049	7300	""osoba1""
""osoba1""		1357.5	1357500	1362.6001	1362600	6.1000977	6100	""osoba1""
""osoba4""		1358.7001	1358700	1360.5	1360500	2.7999268	2799	""osoba4""
""osoba3""		1359.9	1359900	1366.5	1366500	7.5999756	7599	""osoba3""
""osoba1""		1362.0	1362000	1362.6001	1362600	1.6000977	1600	""osoba1""
""osoba3""		1364.7001	1364700	1366.5	1366500	2.7999268	2799	""osoba3""
""osoba3""		1365.6001	1365600	1366.5	1366500	1.8999023	1899	""osoba3""
""osoba1""		1365.9	1365900	1373.1001	1373100	8.200073	8200	""osoba1""
""osoba1""		1367.7001	1367700	1373.1001	1373100	6.4000244	6400	""osoba1""
""osoba1""		1368.3	1368300	1373.1001	1373100	5.800049	5800	""osoba1""
""osoba1""		1370.1001	1370100	1373.1001	1373100	4.0	4000	""osoba1""
""osoba1""		1371.0	1371000	1373.1001	1373100	3.1000977	3100	""osoba1""
""osoba4""		1372.2001	1372200	1376.7001	1376700	5.5	5500	""osoba4""
""osoba4""		1375.8	1375800	1376.7001	1376700	1.9000244	1900	""osoba4""
""osoba1""		1376.7001	1376700	1390.5	1390500	14.799927	14799	""osoba1""
""osoba1""		1379.4	1379400	1390.5	1390500	12.099976	12099	""osoba1""
""osoba1""		1381.5	1381500	1390.5	1390500	10.0	10000	""osoba1""
""osoba1""		1383.0	1383000	1390.5	1390500	8.5	8500	""osoba1""
""osoba1""		1384.5	1384500	1390.5	1390500	7.0	7000	""osoba1""
""osoba1""		1386.3	1386300	1390.5	1390500	5.199951	5199	""osoba1""
""osoba1""		1387.2001	1387200	1390.5	1390500	4.2999268	4299	""osoba1""
""osoba4""		1387.5	1387500	1387.5	1387500	1.0	1000	""osoba4""
""osoba1""		1388.1001	1388100	1390.5	1390500	3.3999023	3399	""osoba1""
""osoba2""		1390.5	1390500	1391.7001	1391700	2.2000732	2200	""osoba2""
""osoba4""		1390.5	1390500	1401.9	1401900	12.400024	12400	""osoba4""
""osoba4""		1392.6001	1392600	1401.9	1401900	10.299927	10299	""osoba4""
""osoba4""		1393.2001	1393200	1401.9	1401900	9.699951	9699	""osoba4""
""osoba1""		1393.5	1393500	1394.1001	1394100	1.6000977	1600	""osoba1""
""osoba4""		1395.3	1395300	1401.9	1401900	7.5999756	7599	""osoba4""
""osoba4""		1399.8	1399800	1401.9	1401900	3.0999756	3099	""osoba4""
""osoba2""		1400.7001	1400700	1401.3	1401300	1.5999756	1599	""osoba2""
""osoba4""		1400.7001	1400700	1401.9	1401900	2.1999512	2199	""osoba4""
""osoba1""		1401.9	1401900	1408.5	1408500	7.5999756	7599	""osoba1""
""osoba1""		1402.5	1402500	1408.5	1408500	7.0	7000	""osoba1""
""osoba3""		1405.2001	1405200	1433.1001	1433100	28.900024	28900	""osoba3""
""osoba1""		1405.5	1405500	1408.5	1408500	4.0	4000	""osoba1""
""osoba3""		1409.4	1409400	1433.1001	1433100	24.700073	24700	""osoba3""
""osoba3""		1412.1001	1412100	1433.1001	1433100	22.0	22000	""osoba3""
""osoba3""		1413.9	1413900	1433.1001	1433100	20.200073	20200	""osoba3""
""osoba3""		1415.4	1415400	1433.1001	1433100	18.700073	18700	""osoba3""
""osoba1""		1417.5	1417500	1418.1001	1418100	1.6000977	1600	""osoba1""
""osoba3""		1420.2001	1420200	1433.1001	1433100	13.900024	13900	""osoba3""
""osoba3""		1421.1001	1421100	1433.1001	1433100	13.0	13000	""osoba3""
""osoba4""		1423.5	1423500	1423.5	1423500	1.0	1000	""osoba4""
""osoba3""		1423.8	1423800	1433.1001	1433100	10.300049	10300	""osoba3""
""osoba3""		1425.3	1425300	1433.1001	1433100	8.800049	8800	""osoba3""
""osoba1""		1426.8	1426800	1427.4	1427400	1.5999756	1599	""osoba1""
""osoba3""		1428.6001	1428600	1433.1001	1433100	5.5	5500	""osoba3""
""osoba3""		1429.2001	1429200	1433.1001	1433100	4.9000244	4900	""osoba3""
""osoba3""		1430.1001	1430100	1433.1001	1433100	4.0	4000	""osoba3""
""osoba4""		1430.7001	1430700	1437.0	1437000	7.2999268	7299	""osoba4""
""osoba3""		1431.3	1431300	1433.1001	1433100	2.8000488	2800	""osoba3""
""osoba4""		1431.3	1431300	1437.0	1437000	6.699951	6699	""osoba4""
""osoba4""		1432.2001	1432200	1437.0	1437000	5.7999268	5799	""osoba4""
""osoba4""		1434.9	1434900	1437.0	1437000	3.0999756	3099	""osoba4""
""osoba4""		1435.5	1435500	1437.0	1437000	2.5	2500	""osoba4""
""osoba1""		1435.8	1435800	1449.3	1449300	14.5	14500	""osoba1""
""osoba1""		1443.6001	1443600	1449.3	1449300	6.699951	6699	""osoba1""
""osoba1""		1445.1001	1445100	1449.3	1449300	5.199951	5199	""osoba1""
""osoba1""		1446.0	1446000	1449.3	1449300	4.300049	4300	""osoba1""
""osoba1""		1447.2001	1447200	1449.3	1449300	3.0999756	3099	""osoba1""
""osoba1""		1447.8	1447800	1449.3	1449300	2.5	2500	""osoba1""
""osoba4""		1448.4	1448400	1461.9	1461900	14.5	14500	""osoba4""
""osoba1""		1449.3	1449300	1449.3	1449300	1.0	1000	""osoba1""
""osoba4""		1450.2001	1450200	1461.9	1461900	12.699951	12699	""osoba4""
""osoba3""		1454.4	1454400	1454.4	1454400	1.0	1000	""osoba3""
""osoba2""		1455.3	1455300	1458.3	1458300	4.0	4000	""osoba2""
""osoba4""		1456.5	1456500	1461.9	1461900	6.4000244	6400	""osoba4""
""osoba3""		1458.9	1458900	1470.9	1470900	13.0	13000	""osoba3""
""osoba3""		1463.4	1463400	1470.9	1470900	8.5	8500	""osoba3""
""osoba3""		1464.0	1464000	1470.9	1470900	7.9000244	7900	""osoba3""
""osoba3""		1464.9	1464900	1470.9	1470900	7.0	7000	""osoba3""
""osoba4""		1465.8	1465800	1465.8	1465800	1.0	1000	""osoba4""
""osoba3""		1466.4	1466400	1470.9	1470900	5.5	5500	""osoba3""
""osoba3""		1467.3	1467300	1470.9	1470900	4.5999756	4599	""osoba3""
""osoba3""		1469.4	1469400	1470.9	1470900	2.5	2500	""osoba3""
""osoba1""		1470.6001	1470600	1475.7001	1475700	6.0999756	6099	""osoba1""
""osoba1""		1473.3	1473300	1475.7001	1475700	3.4000244	3400	""osoba1""
""osoba1""		1474.8	1474800	1475.7001	1475700	1.9000244	1900	""osoba1""
""osoba4""		1474.8	1474800	1489.5	1489500	15.699951	15699	""osoba4""
""osoba3""		1476.3	1476300	1476.9	1476900	1.5999756	1599	""osoba3""
""osoba3""		1480.8	1480800	1480.8	1480800	1.0	1000	""osoba3""
""osoba4""		1485.6001	1485600	1489.5	1489500	4.8999023	4899	""osoba4""
""osoba4""		1488.3	1488300	1489.5	1489500	2.1999512	2199	""osoba4""
""osoba3""		1489.5	1489500	1508.4	1508400	19.900024	19900	""osoba3""
""osoba3""		1491.6001	1491600	1508.4	1508400	17.799927	17799	""osoba3""
""osoba2""		1491.9	1491900	1492.2001	1492200	1.3000488	1300	""osoba2""
""osoba3""		1494.0	1494000	1508.4	1508400	15.400024	15400	""osoba3""
""osoba4""		1494.0	1494000	1494.9	1494900	1.9000244	1900	""osoba4""
""osoba2""		1498.2001	1498200	1499.1001	1499100	1.9000244	1900	""osoba2""
""osoba3""		1498.2001	1498200	1508.4	1508400	11.199951	11199	""osoba3""
""osoba3""		1501.5	1501500	1508.4	1508400	7.9000244	7900	""osoba3""
""osoba3""		1502.4	1502400	1508.4	1508400	7.0	7000	""osoba3""
""osoba3""		1503.3	1503300	1508.4	1508400	6.0999756	6099	""osoba3""
""osoba3""		1504.2001	1504200	1508.4	1508400	5.199951	5199	""osoba3""
""osoba3""		1505.1001	1505100	1508.4	1508400	4.2999268	4299	""osoba3""
""osoba3""		1506.0	1506000	1508.4	1508400	3.4000244	3400	""osoba3""
""osoba3""		1507.5	1507500	1508.4	1508400	1.9000244	1900	""osoba3""
""osoba4""		1508.4	1508400	1545.0001	1545000	37.600098	37600	""osoba4""
""osoba2""		1509.9	1509900	1509.9	1509900	1.0	1000	""osoba2""
""osoba4""		1511.1001	1511100	1545.0001	1545000	34.900024	34900	""osoba4""
""osoba4""		1512.6001	1512600	1545.0001	1545000	33.400024	33400	""osoba4""
""osoba4""		1513.2001	1513200	1545.0001	1545000	32.80005	32800	""osoba4""
""osoba3""		1515.3	1515300	1515.3	1515300	1.0	1000	""osoba3""
""osoba4""		1516.2001	1516200	1545.0001	1545000	29.800049	29800	""osoba4""
""osoba1""		1524.0	1524000	1524.0	1524000	1.0	1000	""osoba1""
""osoba4""		1524.3	1524300	1545.0001	1545000	21.700073	21700	""osoba4""
""osoba4""		1525.8	1525800	1545.0001	1545000	20.200073	20200	""osoba4""
""osoba4""		1527.0	1527000	1545.0001	1545000	19.000122	19000	""osoba4""
""osoba4""		1529.4	1529400	1545.0001	1545000	16.600098	16600	""osoba4""
""osoba4""		1530.0	1530000	1545.0001	1545000	16.000122	16000	""osoba4""
""osoba1""		1533.3	1533300	1534.8	1534800	2.5	2500	""osoba1""
""osoba4""		1533.6001	1533600	1545.0001	1545000	12.400024	12400	""osoba4""
""osoba4""		1535.7001	1535700	1545.0001	1545000	10.300049	10300	""osoba4""
""osoba4""		1538.7001	1538700	1545.0001	1545000	7.300049	7300	""osoba4""
""osoba2""		1541.7001	1541700	1569.9	1569900	29.199951	29199	""osoba2""
""osoba4""		1543.5001	1543500	1545.0001	1545000	2.5	2500	""osoba4""
""osoba4""		1544.4	1544400	1545.0001	1545000	1.6000977	1600	""osoba4""
""osoba2""		1545.3	1545300	1569.9	1569900	25.599976	25599	""osoba2""
""osoba2""		1547.7001	1547700	1569.9	1569900	23.199951	23199	""osoba2""
""osoba2""		1549.5001	1549500	1569.9	1569900	21.399902	21399	""osoba2""
""osoba2""		1551.9	1551900	1569.9	1569900	19.0	19000	""osoba2""
""osoba2""		1554.0001	1554000	1569.9	1569900	16.899902	16899	""osoba2""
""osoba2""		1555.2001	1555200	1569.9	1569900	15.699951	15699	""osoba2""
""osoba4""		1555.8	1555800	1555.8	1555800	1.0	1000	""osoba4""
""osoba2""		1557.0001	1557000	1569.9	1569900	13.899902	13899	""osoba2""
""osoba2""		1559.1001	1559100	1569.9	1569900	11.799927	11799	""osoba2""
""osoba2""		1561.2001	1561200	1569.9	1569900	9.699951	9699	""osoba2""
""osoba1""		1562.1001	1562100	1562.1001	1562100	1.0	1000	""osoba1""
""osoba3""		1566.0001	1566000	1573.2001	1573200	8.199951	8199	""osoba3""
""osoba2""		1566.9	1566900	1569.9	1569900	4.0	4000	""osoba2""
""osoba2""		1567.5001	1567500	1569.9	1569900	3.3999023	3399	""osoba2""
""osoba3""		1568.1001	1568100	1573.2001	1573200	6.0999756	6099	""osoba3""
""osoba1""		1570.5001	1570500	1608.3	1608300	38.799927	38799	""osoba1""
""osoba1""		1572.0001	1572000	1608.3	1608300	37.299927	37299	""osoba1""
""osoba1""		1574.4	1574400	1608.3	1608300	34.900024	34900	""osoba1""
""osoba1""		1575.9	1575900	1608.3	1608300	33.400024	33400	""osoba1""
""osoba3""		1577.7001	1577700	1577.7001	1577700	1.0	1000	""osoba3""
""osoba1""		1578.3	1578300	1608.3	1608300	31.0	31000	""osoba1""
""osoba1""		1585.8	1585800	1608.3	1608300	23.5	23500	""osoba1""
""osoba4""		1586.1001	1586100	1587.0001	1587000	1.9000244	1900	""osoba4""
""osoba4""		1591.8	1591800	1592.4	1592400	1.5999756	1599	""osoba4""
""osoba1""		1594.5001	1594500	1608.3	1608300	14.799927	14799	""osoba1""
""osoba1""		1595.1001	1595100	1608.3	1608300	14.199951	14199	""osoba1""
""osoba1""		1596.3	1596300	1608.3	1608300	13.0	13000	""osoba1""
""osoba1""		1597.5001	1597500	1608.3	1608300	11.799927	11799	""osoba1""
""osoba4""		1597.5001	1597500	1597.5001	1597500	1.0	1000	""osoba4""
""osoba3""		1600.2001	1600200	1604.7001	1604700	5.5	5500	""osoba3""
""osoba3""		1601.7001	1601700	1604.7001	1604700	4.0	4000	""osoba3""
""osoba1""		1602.6001	1602600	1608.3	1608300	6.699951	6699	""osoba1""
""osoba1""		1607.1001	1607100	1608.3	1608300	2.1999512	2199	""osoba1""
""osoba1""		1607.7001	1607700	1608.3	1608300	1.5999756	1599	""osoba1""
""osoba3""		1608.6001	1608600	1608.9	1608900	1.2999268	1299	""osoba3""
""osoba2""		1608.9	1608900	1610.4	1610400	2.5	2500	""osoba2""
""osoba4""		1609.8	1609800	1617.3	1617300	8.5	8500	""osoba4""
""osoba4""		1611.6001	1611600	1617.3	1617300	6.699951	6699	""osoba4""
""osoba4""		1612.8	1612800	1617.3	1617300	5.5	5500	""osoba4""
""osoba4""		1615.8	1615800	1617.3	1617300	2.5	2500	""osoba4""
""osoba2""		1616.4	1616400	1617.6001	1617600	2.2000732	2200	""osoba2""
""osoba3""		1618.2001	1618200	1620.3	1620300	3.0999756	3099	""osoba3""
""osoba3""		1619.4	1619400	1620.3	1620300	1.9000244	1900	""osoba3""
