"default"		0.0	0	1.0	1000	1.0	1000	BEGIN
"default"		1620.3	1620300	1620.31	1621300	1.0	1000	END
""osoba3""		7.2000003	7200	9.0	9000	2.7999997	2799	""osoba3""
""osoba4""		7.2000003	7200	7.5000005	7500	1.3000002	1300	""osoba4""
""osoba3""		8.400001	8400	9.0	9000	1.5999994	1599	""osoba3""
""osoba1""		8.700001	8700	25.500002	25500	17.800001	17800	""osoba1""
""osoba1""		10.200001	10200	25.500002	25500	16.300001	16300	""osoba1""
""osoba1""		14.400001	14400	25.500002	25500	12.100001	12100	""osoba1""
""osoba1""		15.900001	15900	25.500002	25500	10.600001	10600	""osoba1""
""osoba1""		17.1	17100	25.500002	25500	9.400002	9400	""osoba1""
""osoba1""		18.300001	18300	25.500002	25500	8.200001	8200	""osoba1""
""osoba1""		21.900002	21900	25.500002	25500	4.6000004	4600	""osoba1""
""osoba3""		24.6	24600	28.500002	28500	4.9000015	4900	""osoba3""
""osoba3""		25.2	25200	28.500002	28500	4.300001	4300	""osoba3""
""osoba1""		25.500002	25500	25.500002	25500	1.0	1000	""osoba1""
""osoba3""		26.7	26700	28.500002	28500	2.8000011	2800	""osoba3""
""osoba1""		28.2	28200	43.5	43500	16.3	16299	""osoba1""
""osoba1""		32.100002	32100	43.5	43500	12.399998	12399	""osoba1""
""osoba1""		32.7	32700	43.5	43500	11.799999	11799	""osoba1""
""osoba2""		37.800003	37800	42.0	42000	5.199997	5199	""osoba2""
""osoba4""		39.300003	39300	40.2	40200	1.8999977	1899	""osoba4""
""osoba1""		41.7	41700	43.5	43500	2.7999992	2799	""osoba1""
""osoba2""		42.0	42000	42.0	42000	1.0	1000	""osoba2""
""osoba1""		43.5	43500	43.5	43500	1.0	1000	""osoba1""
""osoba3""		43.5	43500	45.9	45900	3.4000015	3400	""osoba3""
""osoba4""		45.300003	45300	49.500004	49500	5.200001	5200	""osoba4""
""osoba4""		48.9	48900	49.500004	49500	1.6000023	1600	""osoba4""
""osoba2""		49.2	49200	67.5	67500	19.3	19300	""osoba2""
""osoba3""		49.2	49200	49.2	49200	1.0	1000	""osoba3""
""osoba3""		51.600002	51600	52.800003	52800	2.2000008	2200	""osoba3""
""osoba2""		54.600002	54600	67.5	67500	13.899998	13899	""osoba2""
""osoba2""		55.800003	55800	67.5	67500	12.699997	12699	""osoba2""
""osoba2""		58.2	58200	67.5	67500	10.299999	10299	""osoba2""
""osoba2""		60.000004	60000	67.5	67500	8.499996	8499	""osoba2""
""osoba2""		61.500004	61500	67.5	67500	6.999996	6999	""osoba2""
""osoba2""		62.7	62700	67.5	67500	5.799999	5799	""osoba2""
""osoba2""		66.3	66300	67.5	67500	2.199997	2199	""osoba2""
""osoba3""		66.3	66300	82.5	82500	17.199997	17199	""osoba3""
""osoba1""		69.9	69900	71.100006	71100	2.2000046	2200	""osoba1""
""osoba3""		72.600006	72600	82.5	82500	10.899994	10899	""osoba3""
""osoba3""		75.9	75900	82.5	82500	7.5999985	7599	""osoba3""
""osoba3""		77.100006	77100	82.5	82500	6.399994	6399	""osoba3""
""osoba4""		77.700005	77700	78.0	78000	1.2999954	1299	""osoba4""
""osoba3""		78.9	78900	82.5	82500	4.5999985	4599	""osoba3""
""osoba2""		80.4	80400	96.600006	96600	17.200005	17200	""osoba2""
""osoba3""		81.600006	81600	82.5	82500	1.8999939	1899	""osoba3""
""osoba2""		82.200005	82200	96.600006	96600	15.400002	15400	""osoba2""
""osoba2""		83.100006	83100	96.600006	96600	14.5	14500	""osoba2""
""osoba2""		85.5	85500	96.600006	96600	12.100006	12100	""osoba2""
""osoba1""		85.8	85800	87.3	87300	2.5	2500	""osoba1""
""osoba2""		88.5	88500	96.600006	96600	9.100006	9100	""osoba2""
""osoba2""		89.100006	89100	96.600006	96600	8.5	8500	""osoba2""
""osoba2""		90.3	90300	96.600006	96600	7.300003	7300	""osoba2""
""osoba4""		91.5	91500	91.5	91500	1.0	1000	""osoba4""
""osoba2""		92.100006	92100	96.600006	96600	5.5	5500	""osoba2""
""osoba2""		93.3	93300	96.600006	96600	4.300003	4300	""osoba2""
""osoba2""		95.100006	95100	96.600006	96600	2.5	2500	""osoba2""
""osoba4""		95.700005	95700	104.700005	104700	10.0	10000	""osoba4""
""osoba4""		97.8	97800	104.700005	104700	7.9000015	7900	""osoba4""
""osoba3""		102.3	102300	106.200005	106200	4.9000015	4900	""osoba3""
""osoba4""		102.3	102300	104.700005	104700	3.4000015	3400	""osoba4""
""osoba4""		104.4	104400	104.700005	104700	1.300003	1300	""osoba4""
""osoba1""		106.8	106800	163.20001	163200	57.40001	57400	""osoba1""
""osoba1""		110.4	110400	163.20001	163200	53.80001	53800	""osoba1""
""osoba1""		111.3	111300	163.20001	163200	52.90001	52900	""osoba1""
""osoba1""		113.700005	113700	163.20001	163200	50.500008	50500	""osoba1""
""osoba1""		116.700005	116700	163.20001	163200	47.500008	47500	""osoba1""
""osoba1""		118.50001	118500	163.20001	163200	45.700005	45700	""osoba1""
""osoba1""		119.100006	119100	163.20001	163200	45.100006	45100	""osoba1""
""osoba1""		121.50001	121500	163.20001	163200	42.700005	42700	""osoba1""
""osoba4""		123.3	123300	123.600006	123600	1.300003	1300	""osoba4""
""osoba2""		123.600006	123600	123.9	123900	1.2999954	1299	""osoba2""
""osoba1""		127.50001	127500	163.20001	163200	36.700005	36700	""osoba1""
""osoba1""		128.70001	128700	163.20001	163200	35.5	35500	""osoba1""
""osoba1""		130.5	130500	163.20001	163200	33.700012	33700	""osoba1""
""osoba3""		130.8	130800	131.1	131100	1.300003	1300	""osoba3""
""osoba1""		132.0	132000	163.20001	163200	32.200012	32200	""osoba1""
""osoba1""		134.70001	134700	163.20001	163200	29.5	29500	""osoba1""
""osoba1""		139.5	139500	163.20001	163200	24.700012	24700	""osoba1""
""osoba3""		143.70001	143700	143.70001	143700	1.0	1000	""osoba3""
""osoba1""		145.20001	145200	163.20001	163200	19.0	19000	""osoba1""
""osoba1""		145.8	145800	163.20001	163200	18.40001	18400	""osoba1""
""osoba1""		147.6	147600	163.20001	163200	16.600006	16600	""osoba1""
""osoba1""		149.1	149100	163.20001	163200	15.100006	15100	""osoba1""
""osoba4""		150.0	150000	151.8	151800	2.800003	2800	""osoba4""
""osoba1""		151.20001	151200	163.20001	163200	13.0	13000	""osoba1""
""osoba1""		153.3	153300	163.20001	163200	10.900009	10900	""osoba1""
""osoba1""		154.5	154500	163.20001	163200	9.700012	9700	""osoba1""
""osoba1""		155.40001	155400	163.20001	163200	8.800003	8800	""osoba1""
""osoba1""		159.3	159300	163.20001	163200	4.900009	4900	""osoba1""
""osoba1""		160.20001	160200	163.20001	163200	4.0	4000	""osoba1""
""osoba2""		162.6	162600	167.1	167100	5.5	5500	""osoba2""
""osoba2""		164.70001	164700	167.1	167100	3.399994	3399	""osoba2""
""osoba1""		166.20001	166200	177.0	177000	11.799988	11799	""osoba1""
""osoba3""		170.1	170100	173.40001	173400	4.300003	4300	""osoba3""
""osoba1""		172.5	172500	177.0	177000	5.5	5500	""osoba1""
""osoba3""		173.1	173100	173.40001	173400	1.300003	1300	""osoba3""
""osoba4""		174.6	174600	183.3	183300	9.699997	9699	""osoba4""
""osoba1""		175.8	175800	177.0	177000	2.199997	2199	""osoba1""
""osoba4""		175.8	175800	183.3	183300	8.5	8500	""osoba4""
""osoba4""		178.5	178500	183.3	183300	5.800003	5800	""osoba4""
""osoba1""		179.40001	179400	180.6	180600	2.199997	2199	""osoba1""
""osoba3""		182.40001	182400	183.0	183000	1.5999908	1599	""osoba3""
""osoba2""		182.70001	182700	186.3	186300	4.599991	4599	""osoba2""
""osoba4""		183.0	183000	183.3	183300	1.300003	1300	""osoba4""
""osoba3""		186.0	186000	192.90001	192900	7.900009	7900	""osoba3""
""osoba2""		186.3	186300	186.3	186300	1.0	1000	""osoba2""
""osoba3""		188.1	188100	192.90001	192900	5.800003	5800	""osoba3""
""osoba1""		189.3	189300	190.8	190800	2.5	2500	""osoba1""
""osoba2""		189.90001	189900	198.3	198300	9.399994	9399	""osoba2""
""osoba2""		191.70001	191700	198.3	198300	7.599991	7599	""osoba2""
""osoba2""		195.00002	195000	198.3	198300	4.299988	4299	""osoba2""
""osoba2""		195.6	195600	198.3	198300	3.699997	3699	""osoba2""
""osoba2""		197.1	197100	198.3	198300	2.199997	2199	""osoba2""
""osoba3""		197.1	197100	198.00002	198000	1.9000092	1900	""osoba3""
""osoba3""		198.00002	198000	198.00002	198000	1.0	1000	""osoba3""
""osoba4""		198.00002	198000	200.40001	200400	3.399994	3399	""osoba4""
""osoba4""		199.20001	199200	200.40001	200400	2.199997	2199	""osoba4""
""osoba4""		199.8	199800	200.40001	200400	1.6000061	1600	""osoba4""
""osoba2""		200.40001	200400	209.70001	209700	10.300003	10300	""osoba2""
""osoba2""		201.3	201300	209.70001	209700	9.400009	9400	""osoba2""
""osoba2""		204.00002	204000	209.70001	209700	6.699997	6699	""osoba2""
""osoba2""		205.50002	205500	209.70001	209700	5.199997	5199	""osoba2""
""osoba1""		208.20001	208200	210.90001	210900	3.699997	3699	""osoba1""
""osoba1""		209.1	209100	210.90001	210900	2.800003	2800	""osoba1""
""osoba2""		209.70001	209700	209.70001	209700	1.0	1000	""osoba2""
""osoba3""		209.70001	209700	222.6	222600	13.899994	13899	""osoba3""
""osoba3""		212.40001	212400	222.6	222600	11.199997	11199	""osoba3""
""osoba3""		214.8	214800	222.6	222600	8.800003	8800	""osoba3""
""osoba3""		216.6	216600	222.6	222600	7.0	7000	""osoba3""
""osoba3""		217.20001	217200	222.6	222600	6.399994	6399	""osoba3""
""osoba3""		218.1	218100	222.6	222600	5.5	5500	""osoba3""
""osoba2""		219.00002	219000	219.3	219300	1.2999878	1299	""osoba2""
""osoba3""		220.50002	220500	222.6	222600	3.0999908	3099	""osoba3""
""osoba1""		221.1	221100	244.8	244800	24.699997	24699	""osoba1""
""osoba1""		225.3	225300	244.8	244800	20.5	20500	""osoba1""
""osoba1""		226.50002	226500	244.8	244800	19.299988	19299	""osoba1""
""osoba1""		228.90001	228900	244.8	244800	16.899994	16899	""osoba1""
""osoba1""		229.50002	229500	244.8	244800	16.299988	16299	""osoba1""
""osoba1""		230.1	230100	244.8	244800	15.699997	15699	""osoba1""
""osoba1""		231.3	231300	244.8	244800	14.5	14500	""osoba1""
""osoba1""		231.90001	231900	244.8	244800	13.899994	13899	""osoba1""
""osoba1""		234.3	234300	244.8	244800	11.5	11500	""osoba1""
""osoba1""		236.40001	236400	244.8	244800	9.399994	9399	""osoba1""
""osoba1""		237.00002	237000	244.8	244800	8.799988	8799	""osoba1""
""osoba1""		238.20001	238200	244.8	244800	7.599991	7599	""osoba1""
""osoba1""		238.8	238800	244.8	244800	7.0	7000	""osoba1""
""osoba1""		240.00002	240000	244.8	244800	5.799988	5799	""osoba1""
""osoba1""		240.6	240600	244.8	244800	5.199997	5199	""osoba1""
""osoba1""		242.70001	242700	244.8	244800	3.0999908	3099	""osoba1""
""osoba1""		243.6	243600	244.8	244800	2.199997	2199	""osoba1""
""osoba3""		244.20001	244200	302.1	302100	58.899994	58899	""osoba3""
""osoba2""		244.8	244800	245.40001	245400	1.6000061	1600	""osoba2""
""osoba3""		247.8	247800	302.1	302100	55.300003	55300	""osoba3""
""osoba3""		248.70001	248700	302.1	302100	54.399994	54399	""osoba3""
""osoba3""		251.1	251100	302.1	302100	52.0	52000	""osoba3""
""osoba3""		251.70001	251700	302.1	302100	51.399994	51399	""osoba3""
""osoba3""		252.6	252600	302.1	302100	50.5	50500	""osoba3""
""osoba3""		254.40001	254400	302.1	302100	48.699997	48699	""osoba3""
""osoba3""		256.2	256200	302.1	302100	46.899994	46899	""osoba3""
""osoba3""		257.40002	257400	302.1	302100	45.69998	45699	""osoba3""
""osoba3""		263.1	263100	302.1	302100	40.0	40000	""osoba3""
""osoba3""		267.30002	267300	302.1	302100	35.799988	35799	""osoba3""
""osoba3""		272.1	272100	302.1	302100	31.0	31000	""osoba3""
""osoba3""		273.30002	273300	302.1	302100	29.799988	29799	""osoba3""
""osoba3""		274.2	274200	302.1	302100	28.899994	28899	""osoba3""
""osoba3""		275.40002	275400	302.1	302100	27.699982	27699	""osoba3""
""osoba2""		275.7	275700	279.30002	279300	4.600006	4600	""osoba2""
""osoba4""		275.7	275700	275.7	275700	1.0	1000	""osoba4""
""osoba2""		277.2	277200	279.30002	279300	3.100006	3100	""osoba2""
""osoba2""		278.1	278100	279.30002	279300	2.2000122	2200	""osoba2""
""osoba3""		279.90002	279900	302.1	302100	23.199982	23199	""osoba3""
""osoba4""		279.90002	279900	280.80002	280800	1.8999939	1899	""osoba4""
""osoba3""		282.0	282000	302.1	302100	21.100006	21100	""osoba3""
""osoba4""		282.90002	282900	283.2	283200	1.2999878	1299	""osoba4""
""osoba1""		285.0	285000	285.30002	285300	1.3000183	1300	""osoba1""
""osoba3""		287.1	287100	302.1	302100	16.0	16000	""osoba3""
""osoba3""		289.2	289200	302.1	302100	13.899994	13899	""osoba3""
""osoba3""		289.80002	289800	302.1	302100	13.299988	13299	""osoba3""
""osoba3""		292.5	292500	302.1	302100	10.600006	10600	""osoba3""
""osoba3""		293.7	293700	302.1	302100	9.399994	9399	""osoba3""
""osoba3""		294.30002	294300	302.1	302100	8.799988	8799	""osoba3""
""osoba3""		295.5	295500	302.1	302100	7.600006	7600	""osoba3""
""osoba2""		296.1	296100	297.30002	297300	2.2000122	2200	""osoba2""
""osoba3""		296.1	296100	302.1	302100	7.0	7000	""osoba3""
""osoba2""		297.0	297000	297.30002	297300	1.3000183	1300	""osoba2""
""osoba3""		299.40002	299400	302.1	302100	3.6999817	3699	""osoba3""
""osoba3""		300.30002	300300	302.1	302100	2.7999878	2799	""osoba3""
""osoba3""		300.90002	300900	302.1	302100	2.1999817	2199	""osoba3""
""osoba4""		301.2	301200	304.5	304500	4.299988	4299	""osoba4""
""osoba3""		302.1	302100	302.1	302100	1.0	1000	""osoba3""
""osoba4""		303.30002	303300	304.5	304500	2.1999817	2199	""osoba4""
""osoba2""		304.5	304500	320.7	320700	17.200012	17200	""osoba2""
""osoba2""		306.30002	306300	320.7	320700	15.399994	15399	""osoba2""
""osoba2""		307.2	307200	320.7	320700	14.5	14500	""osoba2""
""osoba2""		308.7	308700	320.7	320700	13.0	13000	""osoba2""
""osoba4""		309.0	309000	309.30002	309300	1.3000183	1300	""osoba4""
""osoba3""		309.6	309600	311.1	311100	2.5	2500	""osoba3""
""osoba2""		311.7	311700	320.7	320700	10.0	10000	""osoba2""
""osoba2""		314.1	314100	320.7	320700	7.600006	7600	""osoba2""
""osoba2""		315.6	315600	320.7	320700	6.100006	6100	""osoba2""
""osoba2""		317.7	317700	320.7	320700	4.0	4000	""osoba2""
""osoba2""		318.30002	318300	320.7	320700	3.399994	3399	""osoba2""
""osoba1""		320.7	320700	323.1	323100	3.399994	3399	""osoba1""
""osoba3""		322.5	322500	328.2	328200	6.700012	6700	""osoba3""
""osoba3""		325.80002	325800	328.2	328200	3.399994	3399	""osoba3""
""osoba3""		327.0	327000	328.2	328200	2.2000122	2200	""osoba3""
""osoba1""		327.30002	327300	341.40002	341400	15.100006	15100	""osoba1""
""osoba4""		329.40002	329400	329.40002	329400	1.0	1000	""osoba4""
""osoba1""		330.30002	330300	341.40002	341400	12.100006	12100	""osoba1""
""osoba1""		331.5	331500	341.40002	341400	10.900024	10900	""osoba1""
""osoba1""		332.1	332100	341.40002	341400	10.300018	10300	""osoba1""
""osoba4""		335.7	335700	337.80002	337800	3.100006	3100	""osoba4""
""osoba1""		336.90002	336900	341.40002	341400	5.5	5500	""osoba1""
""osoba4""		337.80002	337800	337.80002	337800	1.0	1000	""osoba4""
""osoba1""		339.0	339000	341.40002	341400	3.4000244	3400	""osoba1""
""osoba3""		340.80002	340800	346.5	346500	6.6999817	6699	""osoba3""
""osoba1""		341.40002	341400	341.40002	341400	1.0	1000	""osoba1""
""osoba3""		342.30002	342300	346.5	346500	5.1999817	5199	""osoba3""
""osoba3""		344.7	344700	346.5	346500	2.7999878	2799	""osoba3""
""osoba3""		345.6	345600	346.5	346500	1.8999939	1899	""osoba3""
""osoba4""		346.80002	346800	369.90002	369900	24.100006	24100	""osoba4""
""osoba4""		348.30002	348300	369.90002	369900	22.600006	22600	""osoba4""
""osoba4""		352.2	352200	369.90002	369900	18.700012	18700	""osoba4""
""osoba4""		354.6	354600	369.90002	369900	16.300018	16300	""osoba4""
""osoba4""		355.80002	355800	369.90002	369900	15.100006	15100	""osoba4""
""osoba1""		357.0	357000	357.0	357000	1.0	1000	""osoba1""
""osoba4""		357.90002	357900	369.90002	369900	13.0	13000	""osoba4""
""osoba3""		359.40002	359400	360.0	360000	1.5999756	1599	""osoba3""
""osoba1""		360.6	360600	365.40002	365400	5.8000183	5800	""osoba1""
""osoba1""		362.1	362100	365.40002	365400	4.3000183	4300	""osoba1""
""osoba4""		362.7	362700	369.90002	369900	8.200012	8200	""osoba4""
""osoba1""		364.2	364200	365.40002	365400	2.2000122	2200	""osoba1""
""osoba4""		367.2	367200	369.90002	369900	3.7000122	3700	""osoba4""
""osoba1""		369.0	369000	374.7	374700	6.700012	6700	""osoba1""
""osoba4""		369.0	369000	369.90002	369900	1.9000244	1900	""osoba4""
""osoba1""		374.40002	374400	374.7	374700	1.2999878	1299	""osoba1""
""osoba4""		374.7	374700	381.0	381000	7.299988	7299	""osoba4""
""osoba4""		378.0	378000	381.0	381000	4.0	4000	""osoba4""
""osoba1""		379.5	379500	399.6	399600	21.100006	21100	""osoba1""
""osoba1""		381.90002	381900	399.6	399600	18.699982	18699	""osoba1""
""osoba1""		382.5	382500	399.6	399600	18.100006	18100	""osoba1""
""osoba1""		385.80002	385800	399.6	399600	14.799988	14799	""osoba1""
""osoba1""		389.40002	389400	399.6	399600	11.199982	11199	""osoba1""
""osoba1""		391.2	391200	399.6	399600	9.399994	9399	""osoba1""
""osoba1""		393.6	393600	399.6	399600	7.0	7000	""osoba1""
""osoba1""		394.80002	394800	399.6	399600	5.799988	5799	""osoba1""
""osoba2""		395.7	395700	400.50003	400500	5.8000183	5800	""osoba2""
""osoba4""		399.00003	399000	409.80002	409800	11.799988	11799	""osoba4""
""osoba3""		400.50003	400500	400.50003	400500	1.0	1000	""osoba3""
""osoba4""		401.7	401700	409.80002	409800	9.100006	9100	""osoba4""
""osoba3""		403.2	403200	403.50003	403500	1.3000183	1300	""osoba3""
""osoba1""		407.7	407700	416.40002	416400	9.700012	9700	""osoba1""
""osoba1""		409.80002	409800	416.40002	416400	7.600006	7600	""osoba1""
""osoba4""		409.80002	409800	409.80002	409800	1.0	1000	""osoba4""
""osoba1""		411.6	411600	416.40002	416400	5.8000183	5800	""osoba1""
""osoba3""		411.90002	411900	414.30002	414300	3.399994	3399	""osoba3""
""osoba3""		413.40002	413400	414.30002	414300	1.8999939	1899	""osoba3""
""osoba4""		415.2	415200	424.50003	424500	10.300018	10300	""osoba4""
""osoba1""		416.40002	416400	416.40002	416400	1.0	1000	""osoba1""
""osoba4""		417.30002	417300	424.50003	424500	8.200012	8200	""osoba4""
""osoba4""		419.1	419100	424.50003	424500	6.4000244	6400	""osoba4""
""osoba4""		420.30002	420300	424.50003	424500	5.200012	5200	""osoba4""
""osoba4""		421.2	421200	424.50003	424500	4.3000183	4300	""osoba4""
""osoba3""		424.2	424200	427.50003	427500	4.3000183	4300	""osoba3""
""osoba3""		425.7	425700	427.50003	427500	2.8000183	2800	""osoba3""
""osoba3""		427.2	427200	427.50003	427500	1.3000183	1300	""osoba3""
""osoba4""		427.2	427200	451.2	451200	25.0	25000	""osoba4""
""osoba1""		428.1	428100	429.90002	429900	2.8000183	2800	""osoba1""
""osoba3""		429.6	429600	430.2	430200	1.6000061	1600	""osoba3""
""osoba4""		432.30002	432300	451.2	451200	19.899994	19899	""osoba4""
""osoba4""		434.40002	434400	451.2	451200	17.799988	17799	""osoba4""
""osoba4""		436.50003	436500	451.2	451200	15.699982	15699	""osoba4""
""osoba4""		439.80002	439800	451.2	451200	12.399994	12399	""osoba4""
""osoba4""		440.40002	440400	451.2	451200	11.799988	11799	""osoba4""
""osoba4""		441.30002	441300	451.2	451200	10.899994	10899	""osoba4""
""osoba4""		442.50003	442500	451.2	451200	9.699982	9699	""osoba4""
""osoba2""		443.1	443100	443.1	443100	1.0	1000	""osoba2""
""osoba4""		448.50003	448500	451.2	451200	3.6999817	3699	""osoba4""
""osoba4""		449.1	449100	451.2	451200	3.100006	3100	""osoba4""
""osoba4""		450.00003	450000	451.2	451200	2.1999817	2199	""osoba4""
""osoba4""		450.90002	450900	451.2	451200	1.2999878	1299	""osoba4""
""osoba2""		451.50003	451500	470.7	470700	20.199982	20199	""osoba2""
""osoba2""		453.30002	453300	470.7	470700	18.399994	18399	""osoba2""
""osoba2""		456.90002	456900	470.7	470700	14.799988	14799	""osoba2""
""osoba2""		460.80002	460800	470.7	470700	10.899994	10899	""osoba2""
""osoba2""		463.2	463200	470.7	470700	8.5	8500	""osoba2""
""osoba4""		465.6	465600	465.90002	465900	1.3000183	1300	""osoba4""
""osoba2""		468.00003	468000	470.7	470700	3.6999817	3699	""osoba2""
""osoba2""		469.2	469200	470.7	470700	2.5	2500	""osoba2""
""osoba3""		469.80002	469800	495.6	495600	26.799988	26799	""osoba3""
""osoba3""		472.50003	472500	495.6	495600	24.099976	24099	""osoba3""
""osoba1""		476.1	476100	476.40002	476400	1.3000183	1300	""osoba1""
""osoba3""		477.90002	477900	495.6	495600	18.699982	18699	""osoba3""
""osoba3""		479.1	479100	495.6	495600	17.5	17500	""osoba3""
""osoba2""		484.2	484200	484.50003	484500	1.3000183	1300	""osoba2""
""osoba3""		487.80002	487800	495.6	495600	8.799988	8799	""osoba3""
""osoba3""		488.7	488700	495.6	495600	7.899994	7899	""osoba3""
""osoba2""		489.00003	489000	493.80002	493800	5.799988	5799	""osoba2""
""osoba3""		492.6	492600	495.6	495600	4.0	4000	""osoba3""
""osoba2""		492.90002	492900	493.80002	493800	1.8999939	1899	""osoba2""
""osoba3""		495.00003	495000	495.6	495600	1.5999756	1599	""osoba3""
""osoba4""		495.30002	495300	498.6	498600	4.299988	4299	""osoba4""
""osoba4""		498.00003	498000	498.6	498600	1.5999756	1599	""osoba4""
""osoba1""		499.2	499200	507.30002	507300	9.100006	9100	""osoba1""
""osoba1""		501.00003	501000	507.30002	507300	7.299988	7299	""osoba1""
""osoba1""		503.1	503100	507.30002	507300	5.200012	5200	""osoba1""
""osoba1""		504.00003	504000	507.30002	507300	4.299988	4299	""osoba1""
""osoba4""		504.00003	504000	504.90002	504900	1.8999939	1899	""osoba4""
""osoba1""		505.2	505200	507.30002	507300	3.100006	3100	""osoba1""
""osoba1""		507.00003	507000	507.30002	507300	1.2999878	1299	""osoba1""
""osoba2""		507.00003	507000	517.2	517200	11.199982	11199	""osoba2""
""osoba2""		509.40002	509400	517.2	517200	8.799988	8799	""osoba2""
""osoba3""		509.7	509700	510.30002	510300	1.6000061	1600	""osoba3""
""osoba2""		511.80002	511800	517.2	517200	6.399994	6399	""osoba2""
""osoba2""		512.7	512700	517.2	517200	5.5	5500	""osoba2""
""osoba2""		514.2	514200	517.2	517200	4.0	4000	""osoba2""
""osoba3""		514.80005	514800	516.9	516900	3.0999756	3099	""osoba3""
""osoba3""		516.0	516000	516.9	516900	1.9000244	1900	""osoba3""
""osoba2""		516.60004	516600	517.2	517200	1.5999756	1599	""osoba2""
""osoba1""		517.2	517200	522.0	522000	5.799988	5799	""osoba1""
""osoba1""		518.10004	518100	522.0	522000	4.8999634	4899	""osoba1""
""osoba1""		519.9	519900	522.0	522000	3.0999756	3099	""osoba1""
""osoba3""		521.7	521700	533.4	533400	12.700012	12700	""osoba3""
""osoba3""		523.2	523200	533.4	533400	11.200012	11200	""osoba3""
""osoba3""		524.10004	524100	533.4	533400	10.299988	10299	""osoba3""
""osoba3""		525.9	525900	533.4	533400	8.5	8500	""osoba3""
""osoba4""		526.2	526200	526.5	526500	1.2999878	1299	""osoba4""
""osoba3""		526.5	526500	533.4	533400	7.9000244	7900	""osoba3""
""osoba1""		527.10004	527100	528.0	528000	1.8999634	1899	""osoba1""
""osoba3""		528.9	528900	533.4	533400	5.5	5500	""osoba3""
""osoba3""		530.7	530700	533.4	533400	3.7000122	3700	""osoba3""
""osoba3""		531.9	531900	533.4	533400	2.5	2500	""osoba3""
""osoba1""		532.80005	532800	579.9	579900	48.099976	48099	""osoba1""
""osoba3""		533.10004	533100	533.4	533400	1.2999878	1299	""osoba3""
""osoba4""		533.4	533400	534.0	534000	1.5999756	1599	""osoba4""
""osoba1""		535.2	535200	579.9	579900	45.700012	45700	""osoba1""
""osoba1""		539.7	539700	579.9	579900	41.200012	41200	""osoba1""
""osoba1""		540.60004	540600	579.9	579900	40.299988	40299	""osoba1""
""osoba2""		541.5	541500	542.7	542700	2.2000122	2200	""osoba2""
""osoba4""		544.5	544500	544.5	544500	1.0	1000	""osoba4""
""osoba1""		545.4	545400	579.9	579900	35.5	35500	""osoba1""
""osoba1""		546.60004	546600	579.9	579900	34.299988	34299	""osoba1""
""osoba1""		549.60004	549600	579.9	579900	31.299988	31299	""osoba1""
""osoba1""		550.5	550500	579.9	579900	30.400024	30400	""osoba1""
""osoba1""		551.10004	551100	579.9	579900	29.799988	29799	""osoba1""
""osoba1""		552.60004	552600	579.9	579900	28.299988	28299	""osoba1""
""osoba1""		553.2	553200	579.9	579900	27.700012	27700	""osoba1""
""osoba1""		554.7	554700	579.9	579900	26.200012	26200	""osoba1""
""osoba1""		555.60004	555600	579.9	579900	25.299988	25299	""osoba1""
""osoba4""		557.4	557400	558.60004	558600	2.2000122	2200	""osoba4""
""osoba1""		557.7	557700	579.9	579900	23.200012	23200	""osoba1""
""osoba1""		559.80005	559800	579.9	579900	21.099976	21099	""osoba1""
""osoba1""		561.0	561000	579.9	579900	19.900024	19900	""osoba1""
""osoba1""		563.7	563700	579.9	579900	17.200012	17200	""osoba1""
""osoba1""		564.60004	564600	579.9	579900	16.299988	16299	""osoba1""
""osoba1""		570.0	570000	579.9	579900	10.900024	10900	""osoba1""
""osoba1""		576.0	576000	579.9	579900	4.9000244	4900	""osoba1""
""osoba1""		578.10004	578100	579.9	579900	2.7999878	2799	""osoba1""
""osoba1""		579.30005	579300	579.9	579900	1.5999756	1599	""osoba1""
""osoba2""		579.30005	579300	582.0	582000	3.6999512	3699	""osoba2""
""osoba3""		579.9	579900	582.9	582900	4.0	4000	""osoba3""
""osoba1""		582.60004	582600	595.2	595200	13.599976	13599	""osoba1""
""osoba1""		584.10004	584100	595.2	595200	12.099976	12099	""osoba1""
""osoba1""		588.0	588000	595.2	595200	8.200012	8200	""osoba1""
""osoba1""		591.0	591000	595.2	595200	5.200012	5200	""osoba1""
""osoba1""		591.60004	591600	595.2	595200	4.5999756	4599	""osoba1""
""osoba1""		592.5	592500	595.2	595200	3.7000122	3700	""osoba1""
""osoba4""		593.10004	593100	605.4	605400	13.299988	13299	""osoba4""
""osoba3""		594.0	594000	594.9	594900	1.9000244	1900	""osoba3""
""osoba1""		594.30005	594300	595.2	595200	1.8999634	1899	""osoba1""
""osoba4""		598.5	598500	605.4	605400	7.9000244	7900	""osoba4""
""osoba4""		602.10004	602100	605.4	605400	4.299988	4299	""osoba4""
""osoba1""		604.5	604500	632.7	632700	29.200012	29200	""osoba1""
""osoba4""		604.5	604500	605.4	605400	1.9000244	1900	""osoba4""
""osoba1""		609.60004	609600	632.7	632700	24.099976	24099	""osoba1""
""osoba1""		611.4	611400	632.7	632700	22.299988	22299	""osoba1""
""osoba3""		612.9	612900	612.9	612900	1.0	1000	""osoba3""
""osoba1""		614.10004	614100	632.7	632700	19.599976	19599	""osoba1""
""osoba4""		614.4	614400	614.4	614400	1.0	1000	""osoba4""
""osoba3""		615.0	615000	615.0	615000	1.0	1000	""osoba3""
""osoba1""		615.60004	615600	632.7	632700	18.099976	18099	""osoba1""
""osoba1""		618.60004	618600	632.7	632700	15.099976	15099	""osoba1""
""osoba1""		619.5	619500	632.7	632700	14.200012	14200	""osoba1""
""osoba1""		620.4	620400	632.7	632700	13.299988	13299	""osoba1""
""osoba1""		621.60004	621600	632.7	632700	12.099976	12099	""osoba1""
""osoba1""		622.2	622200	632.7	632700	11.5	11500	""osoba1""
""osoba1""		623.7	623700	632.7	632700	10.0	10000	""osoba1""
""osoba1""		624.60004	624600	632.7	632700	9.099976	9099	""osoba1""
""osoba1""		628.5	628500	632.7	632700	5.200012	5200	""osoba1""
""osoba1""		630.0	630000	632.7	632700	3.7000122	3700	""osoba1""
""osoba1""		631.5	631500	632.7	632700	2.2000122	2200	""osoba1""
""osoba1""		632.10004	632100	632.7	632700	1.5999756	1599	""osoba1""
""osoba3""		632.4	632400	638.10004	638100	6.700012	6700	""osoba3""
""osoba3""		636.30005	636300	638.10004	638100	2.7999878	2799	""osoba3""
""osoba4""		636.9	636900	641.7	641700	5.799988	5799	""osoba4""
""osoba1""		640.2	640200	642.60004	642600	3.4000244	3400	""osoba1""
""osoba2""		641.10004	641100	647.7	647700	7.5999756	7599	""osoba2""
""osoba3""		642.0	642000	643.5	643500	2.5	2500	""osoba3""
""osoba2""		643.5	643500	647.7	647700	5.200012	5200	""osoba2""
""osoba1""		645.9	645900	664.5	664500	19.599976	19599	""osoba1""
""osoba2""		646.2	646200	647.7	647700	2.5	2500	""osoba2""
""osoba1""		654.9	654900	664.5	664500	10.599976	10599	""osoba1""
""osoba1""		655.5	655500	664.5	664500	10.0	10000	""osoba1""
""osoba1""		657.30005	657300	664.5	664500	8.199951	8199	""osoba1""
""osoba1""		658.2	658200	664.5	664500	7.299988	7299	""osoba1""
""osoba3""		659.7	659700	662.10004	662100	3.4000244	3400	""osoba3""
""osoba3""		660.9	660900	662.10004	662100	2.2000122	2200	""osoba3""
""osoba1""		661.2	661200	664.5	664500	4.299988	4299	""osoba1""
""osoba2""		662.4	662400	668.7	668700	7.299988	7299	""osoba2""
""osoba2""		663.60004	663600	668.7	668700	6.0999756	6099	""osoba2""
""osoba2""		664.5	664500	668.7	668700	5.200012	5200	""osoba2""
""osoba2""		666.30005	666300	668.7	668700	3.3999634	3399	""osoba2""
""osoba2""		667.80005	667800	668.7	668700	1.8999634	1899	""osoba2""
""osoba3""		668.4	668400	697.2	697200	29.799988	29799	""osoba3""
""osoba3""		671.10004	671100	697.2	697200	27.099976	27099	""osoba3""
""osoba3""		672.9	672900	697.2	697200	25.299988	25299	""osoba3""
""osoba3""		673.80005	673800	697.2	697200	24.399963	24399	""osoba3""
""osoba4""		674.10004	674100	674.7	674700	1.5999756	1599	""osoba4""
""osoba3""		676.80005	676800	697.2	697200	21.399963	21399	""osoba3""
""osoba3""		677.4	677400	697.2	697200	20.799988	20799	""osoba3""
""osoba3""		678.30005	678300	697.2	697200	19.899963	19899	""osoba3""
""osoba3""		684.60004	684600	697.2	697200	13.599976	13599	""osoba3""
""osoba3""		685.2	685200	697.2	697200	13.0	13000	""osoba3""
""osoba3""		686.10004	686100	697.2	697200	12.099976	12099	""osoba3""
""osoba3""		688.80005	688800	697.2	697200	9.399963	9399	""osoba3""
""osoba2""		689.10004	689100	689.7	689700	1.5999756	1599	""osoba2""
""osoba3""		690.60004	690600	697.2	697200	7.5999756	7599	""osoba3""
""osoba3""		691.80005	691800	697.2	697200	6.3999634	6399	""osoba3""
""osoba2""		695.10004	695100	695.7	695700	1.5999756	1599	""osoba2""
""osoba3""		695.4	695400	697.2	697200	2.7999878	2799	""osoba3""
""osoba1""		697.2	697200	698.4	698400	2.2000122	2200	""osoba1""
""osoba2""		697.80005	697800	708.30005	708300	11.5	11500	""osoba2""
""osoba2""		699.0	699000	708.30005	708300	10.300049	10300	""osoba2""
""osoba2""		699.9	699900	708.30005	708300	9.400024	9400	""osoba2""
""osoba2""		702.30005	702300	708.30005	708300	7.0	7000	""osoba2""
""osoba4""		703.5	703500	704.7	704700	2.2000122	2200	""osoba4""
""osoba2""		704.7	704700	708.30005	708300	4.6000366	4600	""osoba2""
""osoba4""		704.7	704700	704.7	704700	1.0	1000	""osoba4""
""osoba2""		706.2	706200	708.30005	708300	3.1000366	3100	""osoba2""
""osoba2""		707.7	707700	708.30005	708300	1.6000366	1600	""osoba2""
""osoba1""		708.60004	708600	719.7	719700	12.099976	12099	""osoba1""
""osoba1""		711.60004	711600	719.7	719700	9.099976	9099	""osoba1""
""osoba3""		711.9	711900	712.5	712500	1.5999756	1599	""osoba3""
""osoba1""		714.30005	714300	719.7	719700	6.3999634	6399	""osoba1""
""osoba1""		716.7	716700	719.7	719700	4.0	4000	""osoba1""
""osoba1""		717.30005	717300	719.7	719700	3.3999634	3399	""osoba1""
""osoba1""		718.2	718200	719.7	719700	2.5	2500	""osoba1""
""osoba1""		719.4	719400	719.7	719700	1.2999878	1299	""osoba1""
""osoba3""		719.7	719700	724.2	724200	5.5	5500	""osoba3""
""osoba3""		722.4	722400	724.2	724200	2.7999878	2799	""osoba3""
""osoba2""		723.9	723900	731.7	731700	8.799988	8799	""osoba2""
""osoba2""		726.60004	726600	731.7	731700	6.0999756	6099	""osoba2""
""osoba4""		727.80005	727800	728.10004	728100	1.2999878	1299	""osoba4""
""osoba2""		730.2	730200	731.7	731700	2.5	2500	""osoba2""
""osoba2""		731.10004	731100	731.7	731700	1.5999756	1599	""osoba2""
""osoba3""		732.9	732900	735.0	735000	3.0999756	3099	""osoba3""
""osoba3""		734.10004	734100	735.0	735000	1.8999634	1899	""osoba3""
""osoba2""		734.4	734400	738.30005	738300	4.9000244	4900	""osoba2""
""osoba2""		735.30005	735300	738.30005	738300	4.0	4000	""osoba2""
""osoba1""		738.60004	738600	751.80005	751800	14.200012	14200	""osoba1""
""osoba4""		739.2	739200	741.9	741900	3.7000122	3700	""osoba4""
""osoba1""		743.4	743400	751.80005	751800	9.400024	9400	""osoba1""
""osoba1""		744.9	744900	751.80005	751800	7.9000244	7900	""osoba1""
""osoba1""		745.5	745500	751.80005	751800	7.300049	7300	""osoba1""
""osoba2""		751.5	751500	760.80005	760800	10.300049	10300	""osoba2""
""osoba2""		752.4	752400	760.80005	760800	9.400024	9400	""osoba2""
""osoba2""		753.30005	753300	760.80005	760800	8.5	8500	""osoba2""
""osoba2""		758.4	758400	760.80005	760800	3.4000244	3400	""osoba2""
""osoba4""		760.80005	760800	763.2	763200	3.3999634	3399	""osoba4""
""osoba4""		762.9	762900	763.2	763200	1.2999878	1299	""osoba4""
""osoba2""		763.2	763200	775.2	775200	13.0	13000	""osoba2""
""osoba2""		769.2	769200	775.2	775200	7.0	7000	""osoba2""
""osoba3""		770.10004	770100	772.80005	772800	3.7000122	3700	""osoba3""
""osoba1""		770.7	770700	770.7	770700	1.0	1000	""osoba1""
""osoba1""		772.80005	772800	777.9	777900	6.0999756	6099	""osoba1""
""osoba3""		775.2	775200	783.60004	783600	9.400024	9400	""osoba3""
""osoba1""		776.4	776400	777.9	777900	2.5	2500	""osoba1""
""osoba2""		777.9	777900	792.9	792900	16.0	16000	""osoba2""
""osoba2""		779.7	779700	792.9	792900	14.200012	14200	""osoba2""
""osoba3""		780.00006	780000	783.60004	783600	4.5999756	4599	""osoba3""
""osoba3""		782.10004	782100	783.60004	783600	2.5	2500	""osoba3""
""osoba2""		785.10004	785100	792.9	792900	8.799988	8799	""osoba2""
""osoba4""		786.00006	786000	788.7	788700	3.6999512	3699	""osoba4""
""osoba2""		788.4	788400	792.9	792900	5.5	5500	""osoba2""
""osoba2""		789.00006	789000	792.9	792900	4.8999634	4899	""osoba2""
""osoba2""		790.2	790200	792.9	792900	3.7000122	3700	""osoba2""
""osoba2""		790.80005	790800	792.9	792900	3.0999756	3099	""osoba2""
""osoba3""		792.30005	792300	805.2	805200	13.899963	13899	""osoba3""
""osoba1""		792.9	792900	794.10004	794100	2.2000122	2200	""osoba1""
""osoba4""		794.10004	794100	794.7	794700	1.5999756	1599	""osoba4""
""osoba3""		795.60004	795600	805.2	805200	10.599976	10599	""osoba3""
""osoba3""		798.00006	798000	805.2	805200	8.199951	8199	""osoba3""
""osoba2""		798.30005	798300	798.30005	798300	1.0	1000	""osoba2""
""osoba3""		800.7	800700	805.2	805200	5.5	5500	""osoba3""
""osoba3""		803.10004	803100	805.2	805200	3.0999756	3099	""osoba3""
""osoba3""		803.7	803700	805.2	805200	2.5	2500	""osoba3""
""osoba3""		805.2	805200	805.2	805200	1.0	1000	""osoba3""
""osoba1""		805.80005	805800	812.4	812400	7.5999756	7599	""osoba1""
""osoba1""		807.9	807900	812.4	812400	5.5	5500	""osoba1""
""osoba1""		809.10004	809100	812.4	812400	4.299988	4299	""osoba1""
""osoba1""		809.7	809700	812.4	812400	3.7000122	3700	""osoba1""
""osoba1""		811.2	811200	812.4	812400	2.2000122	2200	""osoba1""
""osoba3""		812.10004	812100	817.2	817200	6.0999756	6099	""osoba3""
""osoba3""		813.9	813900	817.2	817200	4.299988	4299	""osoba3""
""osoba3""		814.50006	814500	817.2	817200	3.6999512	3699	""osoba3""
""osoba3""		815.7	815700	817.2	817200	2.5	2500	""osoba3""
""osoba1""		816.30005	816300	823.2	823200	7.8999634	7899	""osoba1""
""osoba3""		816.60004	816600	817.2	817200	1.5999756	1599	""osoba3""
""osoba4""		822.30005	822300	838.2	838200	16.899963	16899	""osoba4""
""osoba1""		822.60004	822600	823.2	823200	1.5999756	1599	""osoba1""
""osoba2""		823.2	823200	824.7	824700	2.5	2500	""osoba2""
""osoba3""		823.80005	823800	823.80005	823800	1.0	1000	""osoba3""
""osoba1""		825.30005	825300	825.30005	825300	1.0	1000	""osoba1""
""osoba4""		833.7	833700	838.2	838200	5.5	5500	""osoba4""
""osoba3""		836.7	836700	837.9	837900	2.2000122	2200	""osoba3""
""osoba1""		837.00006	837000	842.7	842700	6.699951	6699	""osoba1""
""osoba2""		837.9	837900	838.2	838200	1.2999878	1299	""osoba2""
""osoba1""		839.7	839700	842.7	842700	4.0	4000	""osoba1""
""osoba4""		840.30005	840300	843.9	843900	4.5999756	4599	""osoba4""
""osoba3""		843.00006	843000	846.9	846900	4.8999634	4899	""osoba3""
""osoba3""		844.80005	844800	846.9	846900	3.0999756	3099	""osoba3""
""osoba4""		846.00006	846000	847.80005	847800	2.7999878	2799	""osoba4""
""osoba3""		846.30005	846300	846.9	846900	1.5999756	1599	""osoba3""
""osoba4""		847.2	847200	847.80005	847800	1.6000366	1600	""osoba4""
""osoba1""		848.10004	848100	866.7	866700	19.599976	19599	""osoba1""
""osoba1""		848.7	848700	866.7	866700	19.0	19000	""osoba1""
""osoba1""		850.2	850200	866.7	866700	17.5	17500	""osoba1""
""osoba3""		850.2	850200	850.80005	850800	1.6000366	1600	""osoba3""
""osoba4""		852.30005	852300	852.60004	852600	1.2999878	1299	""osoba4""
""osoba1""		853.50006	853500	866.7	866700	14.199951	14199	""osoba1""
""osoba2""		854.7	854700	855.00006	855000	1.3000488	1300	""osoba2""
""osoba1""		856.2	856200	866.7	866700	11.5	11500	""osoba1""
""osoba1""		857.4	857400	866.7	866700	10.299988	10299	""osoba1""
""osoba1""		858.00006	858000	866.7	866700	9.699951	9699	""osoba1""
""osoba1""		863.7	863700	866.7	866700	4.0	4000	""osoba1""
""osoba1""		865.50006	865500	866.7	866700	2.1999512	2199	""osoba1""
""osoba4""		866.10004	866100	873.00006	873000	7.9000244	7900	""osoba4""
""osoba2""		867.00006	867000	867.30005	867300	1.2999878	1299	""osoba2""
""osoba4""		870.30005	870300	873.00006	873000	3.7000122	3700	""osoba4""
""osoba4""		872.10004	872100	873.00006	873000	1.9000244	1900	""osoba4""
""osoba1""		873.00006	873000	891.60004	891600	19.599976	19599	""osoba1""
""osoba1""		875.10004	875100	891.60004	891600	17.5	17500	""osoba1""
""osoba1""		876.30005	876300	891.60004	891600	16.299988	16299	""osoba1""
""osoba1""		877.80005	877800	891.60004	891600	14.799988	14799	""osoba1""
""osoba1""		879.9	879900	891.60004	891600	12.700012	12700	""osoba1""
""osoba1""		880.80005	880800	891.60004	891600	11.799988	11799	""osoba1""
""osoba1""		881.4	881400	891.60004	891600	11.200012	11200	""osoba1""
""osoba1""		884.4	884400	891.60004	891600	8.200012	8200	""osoba1""
""osoba1""		885.30005	885300	891.60004	891600	7.299988	7299	""osoba1""
""osoba1""		886.80005	886800	891.60004	891600	5.799988	5799	""osoba1""
""osoba2""		889.2	889200	889.2	889200	1.0	1000	""osoba2""
""osoba1""		889.80005	889800	891.60004	891600	2.7999878	2799	""osoba1""
""osoba2""		891.60004	891600	900.00006	900000	9.400024	9400	""osoba2""
""osoba4""		891.9	891900	895.80005	895800	4.9000244	4900	""osoba4""
""osoba3""		893.4	893400	896.7	896700	4.299988	4299	""osoba3""
""osoba1""		894.9	894900	895.2	895200	1.2999878	1299	""osoba1""
""osoba3""		896.7	896700	896.7	896700	1.0	1000	""osoba3""
""osoba2""		898.50006	898500	900.00006	900000	2.5	2500	""osoba2""
""osoba1""		898.80005	898800	903.9	903900	6.0999756	6099	""osoba1""
""osoba2""		900.00006	900000	900.00006	900000	1.0	1000	""osoba2""
""osoba4""		902.10004	902100	904.50006	904500	3.4000244	3400	""osoba4""
""osoba4""		903.00006	903000	904.50006	904500	2.5	2500	""osoba4""
""osoba1""		903.60004	903600	903.9	903900	1.2999878	1299	""osoba1""
""osoba2""		903.60004	903600	907.50006	907500	4.9000244	4900	""osoba2""
""osoba4""		903.60004	903600	904.50006	904500	1.9000244	1900	""osoba4""
""osoba3""		905.10004	905100	905.10004	905100	1.0	1000	""osoba3""
""osoba2""		905.7	905700	907.50006	907500	2.8000488	2800	""osoba2""
""osoba1""		906.60004	906600	909.00006	909000	3.4000244	3400	""osoba1""
""osoba2""		906.60004	906600	907.50006	907500	1.9000244	1900	""osoba2""
""osoba3""		908.10004	908100	918.9	918900	11.799988	11799	""osoba3""
""osoba3""		908.7	908700	918.9	918900	11.200012	11200	""osoba3""
""osoba1""		909.00006	909000	909.00006	909000	1.0	1000	""osoba1""
""osoba3""		912.00006	912000	918.9	918900	7.8999634	7899	""osoba3""
""osoba3""		912.60004	912600	918.9	918900	7.299988	7299	""osoba3""
""osoba3""		915.00006	915000	918.9	918900	4.8999634	4899	""osoba3""
""osoba1""		916.50006	916500	918.60004	918600	3.0999756	3099	""osoba1""
""osoba3""		917.4	917400	918.9	918900	2.5	2500	""osoba3""
""osoba2""		918.30005	918300	933.00006	933000	15.700012	15700	""osoba2""
""osoba2""		921.00006	921000	933.00006	933000	13.0	13000	""osoba2""
""osoba2""		922.50006	922500	933.00006	933000	11.5	11500	""osoba2""
""osoba2""		923.7	923700	933.00006	933000	10.300049	10300	""osoba2""
""osoba2""		927.00006	927000	933.00006	933000	7.0	7000	""osoba2""
""osoba2""		929.10004	929100	933.00006	933000	4.9000244	4900	""osoba2""
""osoba2""		931.2	931200	933.00006	933000	2.8000488	2800	""osoba2""
""osoba4""		931.2	931200	939.9	939900	9.700012	9700	""osoba4""
""osoba1""		933.00006	933000	933.30005	933300	1.2999878	1299	""osoba1""
""osoba1""		936.00006	936000	936.00006	936000	1.0	1000	""osoba1""
""osoba3""		937.80005	937800	948.9	948900	12.099976	12099	""osoba3""
""osoba3""		941.10004	941100	948.9	948900	8.799988	8799	""osoba3""
""osoba3""		942.9	942900	948.9	948900	7.0	7000	""osoba3""
""osoba3""		946.50006	946500	948.9	948900	3.3999634	3399	""osoba3""
""osoba4""		947.4	947400	953.10004	953100	6.700012	6700	""osoba4""
""osoba2""		950.4	950400	951.30005	951300	1.9000244	1900	""osoba2""
""osoba4""		952.2	952200	953.10004	953100	1.9000244	1900	""osoba4""
""osoba4""		953.10004	953100	953.10004	953100	1.0	1000	""osoba4""
""osoba2""		953.4	953400	956.7	956700	4.299988	4299	""osoba2""
""osoba2""		954.30005	954300	956.7	956700	3.3999634	3399	""osoba2""
""osoba4""		955.80005	955800	958.2	958200	3.3999634	3399	""osoba4""
""osoba2""		956.4	956400	956.7	956700	1.2999878	1299	""osoba2""
""osoba4""		957.00006	957000	958.2	958200	2.1999512	2199	""osoba4""
""osoba1""		957.9	957900	967.80005	967800	10.900024	10900	""osoba1""
""osoba4""		961.2	961200	963.00006	963000	2.8000488	2800	""osoba4""
""osoba1""		963.00006	963000	967.80005	967800	5.799988	5799	""osoba1""
""osoba4""		963.00006	963000	963.00006	963000	1.0	1000	""osoba4""
""osoba3""		964.80005	964800	976.2	976200	12.399963	12399	""osoba3""
""osoba1""		967.2	967200	967.80005	967800	1.6000366	1600	""osoba1""
""osoba3""		967.50006	967500	976.2	976200	9.699951	9699	""osoba3""
""osoba3""		969.30005	969300	976.2	976200	7.8999634	7899	""osoba3""
""osoba3""		972.30005	972300	976.2	976200	4.8999634	4899	""osoba3""
""osoba3""		973.2	973200	976.2	976200	4.0	4000	""osoba3""
""osoba3""		975.9	975900	976.2	976200	1.2999878	1299	""osoba3""
""osoba2""		976.2	976200	1001.4	1001400	26.200012	26200	""osoba2""
""osoba2""		977.7	977700	1001.4	1001400	24.700012	24700	""osoba2""
""osoba2""		978.60004	978600	1001.4	1001400	23.799988	23799	""osoba2""
""osoba2""		980.4	980400	1001.4	1001400	22.0	22000	""osoba2""
""osoba2""		982.50006	982500	1001.4	1001400	19.899963	19899	""osoba2""
""osoba2""		984.60004	984600	1001.4	1001400	17.799988	17799	""osoba2""
""osoba3""		984.9	984900	984.9	984900	1.0	1000	""osoba3""
""osoba2""		985.2	985200	1001.4	1001400	17.200012	17200	""osoba2""
""osoba1""		985.50006	985500	987.9	987900	3.3999634	3399	""osoba1""
""osoba1""		987.9	987900	987.9	987900	1.0	1000	""osoba1""
""osoba2""		988.2	988200	1001.4	1001400	14.200012	14200	""osoba2""
""osoba2""		988.80005	988800	1001.4	1001400	13.599976	13599	""osoba2""
""osoba2""		990.00006	990000	1001.4	1001400	12.399963	12399	""osoba2""
""osoba2""		991.2	991200	1001.4	1001400	11.200012	11200	""osoba2""
""osoba2""		992.7	992700	1001.4	1001400	9.700012	9700	""osoba2""
""osoba1""		994.2	994200	994.2	994200	1.0	1000	""osoba1""
""osoba2""		994.2	994200	1001.4	1001400	8.200012	8200	""osoba2""
""osoba2""		997.50006	997500	1001.4	1001400	4.8999634	4899	""osoba2""
""osoba1""		999.30005	999300	1005.00006	1005000	6.700012	6700	""osoba1""
""osoba1""		1003.2	1003200	1005.00006	1005000	2.8000488	2800	""osoba1""
""osoba3""		1004.7	1004700	1013.7	1013700	10.0	10000	""osoba3""
""osoba3""		1007.4	1007400	1013.7	1013700	7.299988	7299	""osoba3""
""osoba3""		1008.60004	1008600	1013.7	1013700	6.0999756	6099	""osoba3""
""osoba3""		1009.2	1009200	1013.7	1013700	5.5	5500	""osoba3""
""osoba3""		1009.80005	1009800	1013.7	1013700	4.8999634	4899	""osoba3""
""osoba1""		1014.30005	1014300	1019.7	1019700	6.3999634	6399	""osoba1""
""osoba1""		1015.2	1015200	1019.7	1019700	5.5	5500	""osoba1""
""osoba2""		1015.50006	1015500	1016.7	1016700	2.1999512	2199	""osoba2""
""osoba1""		1015.80005	1015800	1019.7	1019700	4.8999634	4899	""osoba1""
""osoba1""		1017.30005	1017300	1019.7	1019700	3.3999634	3399	""osoba1""
""osoba1""		1019.10004	1019100	1019.7	1019700	1.5999756	1599	""osoba1""
""osoba3""		1019.7	1019700	1021.80005	1021800	3.1000366	3100	""osoba3""
""osoba2""		1021.50006	1021500	1113.9	1113900	93.39996	93399	""osoba2""
""osoba2""		1024.8	1024800	1113.9	1113900	90.099976	90099	""osoba2""
""osoba3""		1025.4	1025400	1026.3	1026300	1.9000244	1900	""osoba3""
""osoba2""		1030.2001	1030200	1113.9	1113900	84.69995	84699	""osoba2""
""osoba2""		1033.8	1033800	1113.9	1113900	81.099976	81099	""osoba2""
""osoba2""		1040.4	1040400	1113.9	1113900	74.5	74500	""osoba2""
""osoba2""		1041.6001	1041600	1113.9	1113900	73.29993	73299	""osoba2""
""osoba3""		1042.2001	1042200	1043.7001	1043700	2.5	2500	""osoba3""
""osoba2""		1043.4	1043400	1113.9	1113900	71.5	71500	""osoba2""
""osoba2""		1046.7001	1046700	1113.9	1113900	68.19995	68199	""osoba2""
""osoba2""		1047.6001	1047600	1113.9	1113900	67.29993	67299	""osoba2""
""osoba3""		1049.7001	1049700	1050.0	1050000	1.2999268	1299	""osoba3""
""osoba2""		1052.7001	1052700	1113.9	1113900	62.19995	62199	""osoba2""
""osoba4""		1053.0	1053000	1054.8	1054800	2.8000488	2800	""osoba4""
""osoba2""		1059.0	1059000	1113.9	1113900	55.900024	55900	""osoba2""
""osoba2""		1063.2001	1063200	1113.9	1113900	51.69995	51699	""osoba2""
""osoba2""		1065.0	1065000	1113.9	1113900	49.900024	49900	""osoba2""
""osoba2""		1065.6001	1065600	1113.9	1113900	49.299927	49299	""osoba2""
""osoba1""		1066.2001	1066200	1066.8	1066800	1.5999756	1599	""osoba1""
""osoba2""		1066.2001	1066200	1113.9	1113900	48.69995	48699	""osoba2""
""osoba2""		1071.0	1071000	1113.9	1113900	43.900024	43900	""osoba2""
""osoba2""		1072.8	1072800	1113.9	1113900	42.099976	42099	""osoba2""
""osoba2""		1073.7001	1073700	1113.9	1113900	41.19995	41199	""osoba2""
""osoba4""		1074.6001	1074600	1075.8	1075800	2.1999512	2199	""osoba4""
""osoba2""		1074.9	1074900	1113.9	1113900	40.0	40000	""osoba2""
""osoba2""		1077.6001	1077600	1113.9	1113900	37.299927	37299	""osoba2""
""osoba2""		1079.4	1079400	1113.9	1113900	35.5	35500	""osoba2""
""osoba2""		1082.4	1082400	1113.9	1113900	32.5	32500	""osoba2""
""osoba2""		1083.3	1083300	1113.9	1113900	31.599976	31599	""osoba2""
""osoba1""		1083.9	1083900	1083.9	1083900	1.0	1000	""osoba1""
""osoba1""		1088.4	1088400	1088.7001	1088700	1.3000488	1300	""osoba1""
""osoba2""		1095.3	1095300	1113.9	1113900	19.599976	19599	""osoba2""
""osoba2""		1098.3	1098300	1113.9	1113900	16.599976	16599	""osoba2""
""osoba2""		1099.8	1099800	1113.9	1113900	15.099976	15099	""osoba2""
""osoba2""		1102.8	1102800	1113.9	1113900	12.099976	12099	""osoba2""
""osoba4""		1103.1001	1103100	1104.6001	1104600	2.5	2500	""osoba4""
""osoba2""		1106.1001	1106100	1113.9	1113900	8.799927	8799	""osoba2""
""osoba1""		1106.7001	1106700	1107.0	1107000	1.2999268	1299	""osoba1""
""osoba2""		1108.2001	1108200	1113.9	1113900	6.699951	6699	""osoba2""
""osoba2""		1111.2001	1111200	1113.9	1113900	3.6999512	3699	""osoba2""
""osoba1""		1113.0	1113000	1115.4	1115400	3.4000244	3400	""osoba1""
""osoba3""		1113.6001	1113600	1114.2001	1114200	1.5999756	1599	""osoba3""
""osoba4""		1114.8	1114800	1125.6001	1125600	11.800049	11800	""osoba4""
""osoba4""		1118.1001	1118100	1125.6001	1125600	8.5	8500	""osoba4""
""osoba4""		1118.7001	1118700	1125.6001	1125600	7.9000244	7900	""osoba4""
""osoba4""		1120.2001	1120200	1125.6001	1125600	6.4000244	6400	""osoba4""
""osoba4""		1120.8	1120800	1125.6001	1125600	5.800049	5800	""osoba4""
""osoba4""		1121.4	1121400	1125.6001	1125600	5.2000732	5200	""osoba4""
""osoba1""		1121.7001	1121700	1132.5	1132500	11.799927	11799	""osoba1""
""osoba1""		1127.1001	1127100	1132.5	1132500	6.3999023	6399	""osoba1""
""osoba3""		1127.4	1127400	1128.3	1128300	1.9000244	1900	""osoba3""
""osoba2""		1128.6001	1128600	1128.9	1128900	1.2999268	1299	""osoba2""
""osoba4""		1131.3	1131300	1152.0	1152000	21.699951	21699	""osoba4""
""osoba1""		1131.6001	1131600	1132.5	1132500	1.8999023	1899	""osoba1""
""osoba4""		1133.4	1133400	1152.0	1152000	19.599976	19599	""osoba4""
""osoba2""		1133.7001	1133700	1133.7001	1133700	1.0	1000	""osoba2""
""osoba4""		1135.5	1135500	1152.0	1152000	17.5	17500	""osoba4""
""osoba4""		1137.0	1137000	1152.0	1152000	16.0	16000	""osoba4""
""osoba4""		1137.6001	1137600	1152.0	1152000	15.399902	15399	""osoba4""
""osoba4""		1138.2001	1138200	1152.0	1152000	14.799927	14799	""osoba4""
""osoba1""		1144.2001	1144200	1146.3	1146300	3.0999756	3099	""osoba1""
""osoba3""		1146.0	1146000	1147.8	1147800	2.8000488	2800	""osoba3""
""osoba4""		1147.5	1147500	1152.0	1152000	5.5	5500	""osoba4""
""osoba3""		1147.8	1147800	1147.8	1147800	1.0	1000	""osoba3""
""osoba4""		1149.6001	1149600	1152.0	1152000	3.3999023	3399	""osoba4""
""osoba4""		1151.1001	1151100	1152.0	1152000	1.8999023	1899	""osoba4""
""osoba2""		1151.7001	1151700	1161.0	1161000	10.299927	10299	""osoba2""
""osoba2""		1153.5	1153500	1161.0	1161000	8.5	8500	""osoba2""
""osoba2""		1155.3	1155300	1161.0	1161000	6.699951	6699	""osoba2""
""osoba4""		1156.5	1156500	1157.1001	1157100	1.6000977	1600	""osoba4""
""osoba2""		1159.5	1159500	1161.0	1161000	2.5	2500	""osoba2""
""osoba2""		1161.0	1161000	1161.0	1161000	1.0	1000	""osoba2""
""osoba3""		1161.6001	1161600	1168.5	1168500	7.8999023	7899	""osoba3""
""osoba3""		1165.2001	1165200	1168.5	1168500	4.2999268	4299	""osoba3""
""osoba4""		1167.3	1167300	1167.9	1167900	1.5999756	1599	""osoba4""
""osoba1""		1167.6001	1167600	1170.6001	1170600	4.0	4000	""osoba1""
""osoba3""		1168.5	1168500	1168.5	1168500	1.0	1000	""osoba3""
""osoba1""		1169.1001	1169100	1170.6001	1170600	2.5	2500	""osoba1""
""osoba3""		1170.6001	1170600	1189.5	1189500	19.899902	19899	""osoba3""
""osoba3""		1172.4	1172400	1189.5	1189500	18.099976	18099	""osoba3""
""osoba1""		1173.3	1173300	1174.5	1174500	2.1999512	2199	""osoba1""
""osoba3""		1176.6001	1176600	1189.5	1189500	13.899902	13899	""osoba3""
""osoba2""		1178.1001	1178100	1179.6001	1179600	2.5	2500	""osoba2""
""osoba3""		1178.1001	1178100	1189.5	1189500	12.399902	12399	""osoba3""
""osoba3""		1180.5	1180500	1189.5	1189500	10.0	10000	""osoba3""
""osoba3""		1182.0	1182000	1189.5	1189500	8.5	8500	""osoba3""
""osoba3""		1183.8	1183800	1189.5	1189500	6.699951	6699	""osoba3""
""osoba4""		1184.1001	1184100	1184.4	1184400	1.2999268	1299	""osoba4""
""osoba3""		1185.3	1185300	1189.5	1189500	5.199951	5199	""osoba3""
""osoba3""		1186.5	1186500	1189.5	1189500	4.0	4000	""osoba3""
""osoba3""		1188.3	1188300	1189.5	1189500	2.1999512	2199	""osoba3""
""osoba2""		1188.6001	1188600	1194.0	1194000	6.3999023	6399	""osoba2""
""osoba2""		1191.3	1191300	1194.0	1194000	3.6999512	3699	""osoba2""
""osoba1""		1193.4	1193400	1195.8	1195800	3.4000244	3400	""osoba1""
""osoba1""		1195.2001	1195200	1195.8	1195800	1.5999756	1599	""osoba1""
""osoba4""		1195.8	1195800	1205.1001	1205100	10.300049	10300	""osoba4""
""osoba4""		1197.9	1197900	1205.1001	1205100	8.200073	8200	""osoba4""
""osoba4""		1198.8	1198800	1205.1001	1205100	7.300049	7300	""osoba4""
""osoba4""		1200.3	1200300	1205.1001	1205100	5.800049	5800	""osoba4""
""osoba4""		1201.5	1201500	1205.1001	1205100	4.6000977	4600	""osoba4""
""osoba4""		1203.3	1203300	1205.1001	1205100	2.8000488	2800	""osoba4""
""osoba3""		1203.6001	1203600	1229.7001	1229700	27.099976	27099	""osoba3""
""osoba3""		1206.0	1206000	1229.7001	1229700	24.700073	24700	""osoba3""
""osoba1""		1206.6001	1206600	1206.9	1206900	1.2999268	1299	""osoba1""
""osoba3""		1208.7001	1208700	1229.7001	1229700	22.0	22000	""osoba3""
""osoba3""		1211.7001	1211700	1229.7001	1229700	19.0	19000	""osoba3""
""osoba3""		1212.9	1212900	1229.7001	1229700	17.800049	17800	""osoba3""
""osoba3""		1213.8	1213800	1229.7001	1229700	16.900024	16900	""osoba3""
""osoba3""		1215.9	1215900	1229.7001	1229700	14.800049	14800	""osoba3""
""osoba3""		1216.8	1216800	1229.7001	1229700	13.900024	13900	""osoba3""
""osoba3""		1218.9	1218900	1229.7001	1229700	11.800049	11800	""osoba3""
""osoba3""		1220.1001	1220100	1229.7001	1229700	10.599976	10599	""osoba3""
""osoba3""		1221.9	1221900	1229.7001	1229700	8.800049	8800	""osoba3""
""osoba3""		1224.6001	1224600	1229.7001	1229700	6.0999756	6099	""osoba3""
""osoba3""		1225.8	1225800	1229.7001	1229700	4.9000244	4900	""osoba3""
""osoba3""		1227.9	1227900	1229.7001	1229700	2.8000488	2800	""osoba3""
""osoba1""		1228.5	1228500	1299.0	1299000	71.5	71500	""osoba1""
""osoba1""		1230.9	1230900	1299.0	1299000	69.099976	69099	""osoba1""
""osoba1""		1235.7001	1235700	1299.0	1299000	64.29993	64299	""osoba1""
""osoba3""		1236.3	1236300	1236.3	1236300	1.0	1000	""osoba3""
""osoba1""		1238.1001	1238100	1299.0	1299000	61.899902	61899	""osoba1""
""osoba1""		1239.3	1239300	1299.0	1299000	60.69995	60699	""osoba1""
""osoba1""		1242.6001	1242600	1299.0	1299000	57.399902	57399	""osoba1""
""osoba1""		1246.5	1246500	1299.0	1299000	53.5	53500	""osoba1""
""osoba1""		1250.4	1250400	1299.0	1299000	49.599976	49599	""osoba1""
""osoba1""		1253.1001	1253100	1299.0	1299000	46.899902	46899	""osoba1""
""osoba1""		1254.3	1254300	1299.0	1299000	45.69995	45699	""osoba1""
""osoba2""		1255.2001	1255200	1255.5	1255500	1.2999268	1299	""osoba2""
""osoba1""		1256.4	1256400	1299.0	1299000	43.599976	43599	""osoba1""
""osoba1""		1257.0	1257000	1299.0	1299000	43.0	43000	""osoba1""
""osoba2""		1258.2001	1258200	1258.2001	1258200	1.0	1000	""osoba2""
""osoba1""		1258.5	1258500	1299.0	1299000	41.5	41500	""osoba1""
""osoba1""		1259.4	1259400	1299.0	1299000	40.599976	40599	""osoba1""
""osoba1""		1260.9	1260900	1299.0	1299000	39.099976	39099	""osoba1""
""osoba1""		1261.5	1261500	1299.0	1299000	38.5	38500	""osoba1""
""osoba1""		1262.1001	1262100	1299.0	1299000	37.899902	37899	""osoba1""
""osoba1""		1262.7001	1262700	1299.0	1299000	37.299927	37299	""osoba1""
""osoba1""		1263.3	1263300	1299.0	1299000	36.69995	36699	""osoba1""
""osoba1""		1264.2001	1264200	1299.0	1299000	35.799927	35799	""osoba1""
""osoba1""		1267.8	1267800	1299.0	1299000	32.19995	32199	""osoba1""
""osoba1""		1269.6001	1269600	1299.0	1299000	30.399902	30399	""osoba1""
""osoba1""		1270.2001	1270200	1299.0	1299000	29.799927	29799	""osoba1""
""osoba4""		1272.0	1272000	1272.9	1272900	1.9000244	1900	""osoba4""
""osoba1""		1273.2001	1273200	1299.0	1299000	26.799927	26799	""osoba1""
""osoba2""		1273.2001	1273200	1275.3	1275300	3.0999756	3099	""osoba2""
""osoba1""		1276.5	1276500	1299.0	1299000	23.5	23500	""osoba1""
""osoba4""		1277.7001	1277700	1277.7001	1277700	1.0	1000	""osoba4""
""osoba1""		1279.5	1279500	1299.0	1299000	20.5	20500	""osoba1""
""osoba2""		1279.8	1279800	1279.8	1279800	1.0	1000	""osoba2""
""osoba1""		1280.1001	1280100	1299.0	1299000	19.899902	19899	""osoba1""
""osoba1""		1283.1001	1283100	1299.0	1299000	16.899902	16899	""osoba1""
""osoba1""		1285.5	1285500	1299.0	1299000	14.5	14500	""osoba1""
""osoba1""		1286.1001	1286100	1299.0	1299000	13.899902	13899	""osoba1""
""osoba1""		1288.2001	1288200	1299.0	1299000	11.799927	11799	""osoba1""
""osoba3""		1288.2001	1288200	1289.4	1289400	2.1999512	2199	""osoba3""
""osoba4""		1290.6001	1290600	1290.9	1290900	1.2999268	1299	""osoba4""
""osoba1""		1292.7001	1292700	1299.0	1299000	7.2999268	7299	""osoba1""
""osoba3""		1292.7001	1292700	1293.0	1293000	1.2999268	1299	""osoba3""
""osoba1""		1294.2001	1294200	1299.0	1299000	5.7999268	5799	""osoba1""
""osoba1""		1294.8	1294800	1299.0	1299000	5.199951	5199	""osoba1""
""osoba4""		1298.4	1298400	1311.0	1311000	13.599976	13599	""osoba4""
""osoba4""		1300.2001	1300200	1311.0	1311000	11.799927	11799	""osoba4""
""osoba4""		1301.1001	1301100	1311.0	1311000	10.899902	10899	""osoba4""
""osoba3""		1304.4	1304400	1305.6001	1305600	2.2000732	2200	""osoba3""
""osoba4""		1305.3	1305300	1311.0	1311000	6.699951	6699	""osoba4""
""osoba4""		1306.8	1306800	1311.0	1311000	5.199951	5199	""osoba4""
""osoba3""		1308.0	1308000	1313.7001	1313700	6.7000732	6700	""osoba3""
""osoba2""		1309.8	1309800	1310.7001	1310700	1.9000244	1900	""osoba2""
""osoba3""		1311.9	1311900	1313.7001	1313700	2.8000488	2800	""osoba3""
""osoba1""		1313.1001	1313100	1330.8	1330800	18.699951	18699	""osoba1""
""osoba1""		1315.8	1315800	1330.8	1330800	16.0	16000	""osoba1""
""osoba1""		1317.0	1317000	1330.8	1330800	14.800049	14800	""osoba1""
""osoba1""		1318.8	1318800	1330.8	1330800	13.0	13000	""osoba1""
""osoba1""		1320.0	1320000	1330.8	1330800	11.800049	11800	""osoba1""
""osoba1""		1322.1001	1322100	1330.8	1330800	9.699951	9699	""osoba1""
""osoba1""		1323.0	1323000	1330.8	1330800	8.800049	8800	""osoba1""
""osoba1""		1326.0	1326000	1330.8	1330800	5.800049	5800	""osoba1""
""osoba1""		1327.2001	1327200	1330.8	1330800	4.5999756	4599	""osoba1""
""osoba1""		1327.8	1327800	1330.8	1330800	4.0	4000	""osoba1""
""osoba4""		1330.2001	1330200	1346.7001	1346700	17.5	17500	""osoba4""
""osoba4""		1332.9	1332900	1346.7001	1346700	14.800049	14800	""osoba4""
""osoba4""		1335.9	1335900	1346.7001	1346700	11.800049	11800	""osoba4""
""osoba4""		1337.4	1337400	1346.7001	1346700	10.300049	10300	""osoba4""
""osoba2""		1339.2001	1339200	1339.2001	1339200	1.0	1000	""osoba2""
""osoba4""		1341.3	1341300	1346.7001	1346700	6.4000244	6400	""osoba4""
""osoba4""		1343.1001	1343100	1346.7001	1346700	4.5999756	4599	""osoba4""
""osoba4""		1344.0	1344000	1346.7001	1346700	3.7000732	3700	""osoba4""
""osoba1""		1344.9	1344900	1346.1001	1346100	2.2000732	2200	""osoba1""
""osoba4""		1344.9	1344900	1346.7001	1346700	2.8000488	2800	""osoba4""
""osoba4""		1346.4	1346400	1346.7001	1346700	1.3000488	1300	""osoba4""
""osoba2""		1347.0	1347000	1356.6001	1356600	10.600098	10600	""osoba2""
""osoba2""		1348.8	1348800	1356.6001	1356600	8.800049	8800	""osoba2""
""osoba2""		1350.0	1350000	1356.6001	1356600	7.6000977	7600	""osoba2""
""osoba2""		1351.2001	1351200	1356.6001	1356600	6.4000244	6400	""osoba2""
""osoba2""		1354.5	1354500	1356.6001	1356600	3.1000977	3100	""osoba2""
""osoba4""		1355.1001	1355100	1363.8	1363800	9.699951	9699	""osoba4""
""osoba2""		1355.7001	1355700	1356.6001	1356600	1.9000244	1900	""osoba2""
""osoba3""		1356.0	1356000	1356.6001	1356600	1.6000977	1600	""osoba3""
""osoba4""		1358.4	1358400	1363.8	1363800	6.4000244	6400	""osoba4""
""osoba4""		1359.0	1359000	1363.8	1363800	5.800049	5800	""osoba4""
""osoba4""		1360.8	1360800	1363.8	1363800	4.0	4000	""osoba4""
""osoba4""		1361.7001	1361700	1363.8	1363800	3.0999756	3099	""osoba4""
""osoba1""		1363.5	1363500	1397.7001	1397700	35.200073	35200	""osoba1""
""osoba1""		1365.0	1365000	1397.7001	1397700	33.700073	33700	""osoba1""
""osoba1""		1365.9	1365900	1397.7001	1397700	32.80005	32800	""osoba1""
""osoba1""		1368.0	1368000	1397.7001	1397700	30.700073	30700	""osoba1""
""osoba1""		1371.3	1371300	1397.7001	1397700	27.400024	27400	""osoba1""
""osoba1""		1372.2001	1372200	1397.7001	1397700	26.5	26500	""osoba1""
""osoba4""		1372.5	1372500	1372.8	1372800	1.3000488	1300	""osoba4""
""osoba1""		1375.5	1375500	1397.7001	1397700	23.200073	23200	""osoba1""
""osoba1""		1376.1001	1376100	1397.7001	1397700	22.599976	22599	""osoba1""
""osoba3""		1376.4	1376400	1376.4	1376400	1.0	1000	""osoba3""
""osoba1""		1378.5	1378500	1397.7001	1397700	20.200073	20200	""osoba1""
""osoba2""		1378.5	1378500	1378.5	1378500	1.0	1000	""osoba2""
""osoba1""		1380.9	1380900	1397.7001	1397700	17.800049	17800	""osoba1""
""osoba1""		1381.5	1381500	1397.7001	1397700	17.200073	17200	""osoba1""
""osoba1""		1382.1001	1382100	1397.7001	1397700	16.599976	16599	""osoba1""
""osoba1""		1382.7001	1382700	1397.7001	1397700	16.0	16000	""osoba1""
""osoba1""		1385.1001	1385100	1397.7001	1397700	13.599976	13599	""osoba1""
""osoba1""		1386.3	1386300	1397.7001	1397700	12.400024	12400	""osoba1""
""osoba1""		1387.5	1387500	1397.7001	1397700	11.200073	11200	""osoba1""
""osoba1""		1388.1001	1388100	1397.7001	1397700	10.599976	10599	""osoba1""
""osoba1""		1389.9	1389900	1397.7001	1397700	8.800049	8800	""osoba1""
""osoba4""		1391.4	1391400	1391.4	1391400	1.0	1000	""osoba4""
""osoba1""		1392.0	1392000	1397.7001	1397700	6.7000732	6700	""osoba1""
""osoba1""		1392.6001	1392600	1397.7001	1397700	6.0999756	6099	""osoba1""
""osoba1""		1396.2001	1396200	1397.7001	1397700	2.5	2500	""osoba1""
""osoba1""		1397.1001	1397100	1397.7001	1397700	1.5999756	1599	""osoba1""
""osoba2""		1397.4	1397400	1408.5	1408500	12.099976	12099	""osoba2""
""osoba3""		1399.5	1399500	1400.1001	1400100	1.6000977	1600	""osoba3""
""osoba2""		1403.7001	1403700	1408.5	1408500	5.7999268	5799	""osoba2""
""osoba2""		1404.3	1404300	1408.5	1408500	5.199951	5199	""osoba2""
""osoba2""		1405.2001	1405200	1408.5	1408500	4.2999268	4299	""osoba2""
""osoba4""		1407.6001	1407600	1408.8	1408800	2.1999512	2199	""osoba4""
""osoba3""		1409.7001	1409700	1420.2001	1420200	11.5	11500	""osoba3""
""osoba3""		1410.9	1410900	1420.2001	1420200	10.300049	10300	""osoba3""
""osoba4""		1413.0	1413000	1414.5	1414500	2.5	2500	""osoba4""
""osoba2""		1416.0	1416000	1416.6001	1416600	1.6000977	1600	""osoba2""
""osoba1""		1417.8	1417800	1420.2001	1420200	3.4000244	3400	""osoba1""
""osoba1""		1419.6001	1419600	1420.2001	1420200	1.5999756	1599	""osoba1""
""osoba4""		1419.9	1419900	1434.9	1434900	16.0	16000	""osoba4""
""osoba4""		1424.1001	1424100	1434.9	1434900	11.799927	11799	""osoba4""
""osoba4""		1424.7001	1424700	1434.9	1434900	11.199951	11199	""osoba4""
""osoba4""		1425.9	1425900	1434.9	1434900	10.0	10000	""osoba4""
""osoba4""		1427.1001	1427100	1434.9	1434900	8.799927	8799	""osoba4""
""osoba3""		1428.3	1428300	1428.9	1428900	1.5999756	1599	""osoba3""
""osoba4""		1428.3	1428300	1434.9	1434900	7.5999756	7599	""osoba4""
""osoba4""		1430.1001	1430100	1434.9	1434900	5.7999268	5799	""osoba4""
""osoba4""		1431.9	1431900	1434.9	1434900	4.0	4000	""osoba4""
""osoba3""		1433.4	1433400	1438.2001	1438200	5.800049	5800	""osoba3""
""osoba4""		1434.6001	1434600	1434.9	1434900	1.2999268	1299	""osoba4""
""osoba4""		1437.9	1437900	1440.6001	1440600	3.7000732	3700	""osoba4""
""osoba4""		1439.4	1439400	1440.6001	1440600	2.2000732	2200	""osoba4""
""osoba2""		1440.3	1440300	1455.0	1455000	15.699951	15699	""osoba2""
""osoba2""		1441.8	1441800	1455.0	1455000	14.199951	14199	""osoba2""
""osoba1""		1442.7001	1442700	1445.1001	1445100	3.4000244	3400	""osoba1""
""osoba2""		1442.7001	1442700	1455.0	1455000	13.299927	13299	""osoba2""
""osoba1""		1444.2001	1444200	1445.1001	1445100	1.9000244	1900	""osoba1""
""osoba3""		1444.2001	1444200	1444.5	1444500	1.2999268	1299	""osoba3""
""osoba2""		1444.5	1444500	1455.0	1455000	11.5	11500	""osoba2""
""osoba2""		1447.2001	1447200	1455.0	1455000	8.799927	8799	""osoba2""
""osoba2""		1449.0	1449000	1455.0	1455000	7.0	7000	""osoba2""
""osoba3""		1449.0	1449000	1451.4	1451400	3.4000244	3400	""osoba3""
""osoba2""		1450.5	1450500	1455.0	1455000	5.5	5500	""osoba2""
""osoba3""		1451.4	1451400	1451.4	1451400	1.0	1000	""osoba3""
""osoba4""		1453.8	1453800	1454.4	1454400	1.5999756	1599	""osoba4""
""osoba3""		1455.0	1455000	1464.0	1464000	10.0	10000	""osoba3""
""osoba3""		1457.1001	1457100	1464.0	1464000	7.8999023	7899	""osoba3""
""osoba3""		1458.0	1458000	1464.0	1464000	7.0	7000	""osoba3""
""osoba2""		1458.6001	1458600	1459.2001	1459200	1.5999756	1599	""osoba2""
""osoba3""		1459.8	1459800	1464.0	1464000	5.199951	5199	""osoba3""
""osoba3""		1461.9	1461900	1464.0	1464000	3.0999756	3099	""osoba3""
""osoba3""		1462.5	1462500	1464.0	1464000	2.5	2500	""osoba3""
""osoba3""		1463.1001	1463100	1464.0	1464000	1.8999023	1899	""osoba3""
""osoba1""		1463.4	1463400	1481.1001	1481100	18.700073	18700	""osoba1""
""osoba2""		1463.7001	1463700	1463.7001	1463700	1.0	1000	""osoba2""
""osoba1""		1465.5	1465500	1481.1001	1481100	16.600098	16600	""osoba1""
""osoba3""		1467.0	1467000	1468.2001	1468200	2.2000732	2200	""osoba3""
""osoba1""		1469.7001	1469700	1481.1001	1481100	12.400024	12400	""osoba1""
""osoba4""		1470.6001	1470600	1473.3	1473300	3.6999512	3699	""osoba4""
""osoba3""		1472.1001	1472100	1472.1001	1472100	1.0	1000	""osoba3""
""osoba1""		1476.0	1476000	1481.1001	1481100	6.1000977	6100	""osoba1""
""osoba1""		1477.8	1477800	1481.1001	1481100	4.300049	4300	""osoba1""
""osoba1""		1480.8	1480800	1481.1001	1481100	1.3000488	1300	""osoba1""
""osoba3""		1481.4	1481400	1496.7001	1496700	16.300049	16300	""osoba3""
""osoba1""		1483.8	1483800	1483.8	1483800	1.0	1000	""osoba1""
""osoba2""		1485.0	1485000	1485.0	1485000	1.0	1000	""osoba2""
""osoba3""		1486.8	1486800	1496.7001	1496700	10.900024	10900	""osoba3""
""osoba3""		1490.1001	1490100	1496.7001	1496700	7.5999756	7599	""osoba3""
""osoba1""		1492.8	1492800	1495.2001	1495200	3.4000244	3400	""osoba1""
""osoba3""		1494.3	1494300	1496.7001	1496700	3.4000244	3400	""osoba3""
""osoba3""		1496.4	1496400	1496.7001	1496700	1.3000488	1300	""osoba3""
""osoba4""		1496.7001	1496700	1500.6001	1500600	4.9000244	4900	""osoba4""
""osoba1""		1500.3	1500300	1531.5	1531500	32.19995	32199	""osoba1""
""osoba1""		1502.7001	1502700	1531.5	1531500	29.799927	29799	""osoba1""
""osoba1""		1504.2001	1504200	1531.5	1531500	28.299927	28299	""osoba1""
""osoba1""		1505.7001	1505700	1531.5	1531500	26.799927	26799	""osoba1""
""osoba1""		1506.6001	1506600	1531.5	1531500	25.899902	25899	""osoba1""
""osoba1""		1508.4	1508400	1531.5	1531500	24.099976	24099	""osoba1""
""osoba1""		1510.5	1510500	1531.5	1531500	22.0	22000	""osoba1""
""osoba1""		1512.0	1512000	1531.5	1531500	20.5	20500	""osoba1""
""osoba1""		1515.0	1515000	1531.5	1531500	17.5	17500	""osoba1""
""osoba1""		1516.2001	1516200	1531.5	1531500	16.299927	16299	""osoba1""
""osoba1""		1517.7001	1517700	1531.5	1531500	14.799927	14799	""osoba1""
""osoba1""		1519.8	1519800	1531.5	1531500	12.699951	12699	""osoba1""
""osoba1""		1521.3	1521300	1531.5	1531500	11.199951	11199	""osoba1""
""osoba1""		1524.6001	1524600	1531.5	1531500	7.8999023	7899	""osoba1""
""osoba1""		1526.4	1526400	1531.5	1531500	6.0999756	6099	""osoba1""
""osoba1""		1528.2001	1528200	1531.5	1531500	4.2999268	4299	""osoba1""
""osoba1""		1530.0	1530000	1531.5	1531500	2.5	2500	""osoba1""
""osoba2""		1530.6001	1530600	1536.3	1536300	6.699951	6699	""osoba2""
""osoba2""		1532.4	1532400	1536.3	1536300	4.9000244	4900	""osoba2""
""osoba2""		1533.9	1533900	1536.3	1536300	3.4000244	3400	""osoba2""
""osoba2""		1534.8	1534800	1536.3	1536300	2.5	2500	""osoba2""
""osoba1""		1535.7001	1535700	1573.8	1573800	39.099976	39099	""osoba1""
""osoba1""		1537.5001	1537500	1573.8	1573800	37.299927	37299	""osoba1""
""osoba1""		1539.0001	1539000	1573.8	1573800	35.799927	35799	""osoba1""
""osoba1""		1540.5001	1540500	1573.8	1573800	34.299927	34299	""osoba1""
""osoba1""		1541.7001	1541700	1573.8	1573800	33.099976	33099	""osoba1""
""osoba1""		1542.6001	1542600	1573.8	1573800	32.19995	32199	""osoba1""
""osoba1""		1543.8	1543800	1573.8	1573800	31.0	31000	""osoba1""
""osoba1""		1545.0001	1545000	1573.8	1573800	29.799927	29799	""osoba1""
""osoba1""		1545.6001	1545600	1573.8	1573800	29.199951	29199	""osoba1""
""osoba1""		1546.5001	1546500	1573.8	1573800	28.299927	28299	""osoba1""
""osoba3""		1546.5001	1546500	1546.5001	1546500	1.0	1000	""osoba3""
""osoba1""		1548.3	1548300	1573.8	1573800	26.5	26500	""osoba1""
""osoba2""		1548.6001	1548600	1548.6001	1548600	1.0	1000	""osoba2""
""osoba1""		1549.5001	1549500	1573.8	1573800	25.299927	25299	""osoba1""
""osoba1""		1553.1001	1553100	1573.8	1573800	21.699951	21699	""osoba1""
""osoba1""		1554.3	1554300	1573.8	1573800	20.5	20500	""osoba1""
""osoba1""		1555.8	1555800	1573.8	1573800	19.0	19000	""osoba1""
""osoba1""		1557.3	1557300	1573.8	1573800	17.5	17500	""osoba1""
""osoba3""		1557.9	1557900	1559.7001	1559700	2.8000488	2800	""osoba3""
""osoba3""		1559.4	1559400	1559.7001	1559700	1.3000488	1300	""osoba3""
""osoba1""		1560.9	1560900	1573.8	1573800	13.900024	13900	""osoba1""
""osoba1""		1561.8	1561800	1573.8	1573800	13.0	13000	""osoba1""
""osoba1""		1563.6001	1563600	1573.8	1573800	11.199951	11199	""osoba1""
""osoba1""		1564.2001	1564200	1573.8	1573800	10.599976	10599	""osoba1""
""osoba1""		1564.8	1564800	1573.8	1573800	10.0	10000	""osoba1""
""osoba1""		1565.7001	1565700	1573.8	1573800	9.099976	9099	""osoba1""
""osoba1""		1566.9	1566900	1573.8	1573800	7.9000244	7900	""osoba1""
""osoba1""		1567.5001	1567500	1573.8	1573800	7.2999268	7299	""osoba1""
""osoba1""		1569.6001	1569600	1573.8	1573800	5.199951	5199	""osoba1""
""osoba3""		1572.9	1572900	1578.6001	1578600	6.7000732	6700	""osoba3""
""osoba3""		1576.2001	1576200	1578.6001	1578600	3.4000244	3400	""osoba3""
""osoba2""		1577.1001	1577100	1587.0001	1587000	10.900024	10900	""osoba2""
""osoba3""		1577.1001	1577100	1578.6001	1578600	2.5	2500	""osoba3""
""osoba1""		1583.1001	1583100	1583.4	1583400	1.2999268	1299	""osoba1""
""osoba4""		1583.1001	1583100	1583.4	1583400	1.2999268	1299	""osoba4""
""osoba2""		1584.6001	1584600	1587.0001	1587000	3.4000244	3400	""osoba2""
""osoba2""		1585.2001	1585200	1587.0001	1587000	2.8000488	2800	""osoba2""
""osoba1""		1586.4	1586400	1593.3	1593300	7.9000244	7900	""osoba1""
""osoba1""		1590.0001	1590000	1593.3	1593300	4.2999268	4299	""osoba1""
""osoba1""		1590.9	1590900	1593.3	1593300	3.4000244	3400	""osoba1""
""osoba4""		1591.8	1591800	1620.3	1620300	29.5	29500	""osoba4""
""osoba3""		1592.1001	1592100	1593.9	1593900	2.7999268	2799	""osoba3""
""osoba4""		1595.1001	1595100	1620.3	1620300	26.199951	26199	""osoba4""
""osoba4""		1596.6001	1596600	1620.3	1620300	24.699951	24699	""osoba4""
""osoba3""		1597.8	1597800	1599.3	1599300	2.5	2500	""osoba3""
""osoba4""		1602.3	1602300	1620.3	1620300	19.0	19000	""osoba4""
""osoba4""		1604.7001	1604700	1620.3	1620300	16.599976	16599	""osoba4""
""osoba1""		1605.0001	1605000	1606.2001	1606200	2.1999512	2199	""osoba1""
""osoba4""		1608.0001	1608000	1620.3	1620300	13.299927	13299	""osoba4""
""osoba2""		1608.9	1608900	1610.4	1610400	2.5	2500	""osoba2""
""osoba4""		1611.9	1611900	1620.3	1620300	9.400024	9400	""osoba4""
""osoba1""		1615.2001	1615200	1615.8	1615800	1.5999756	1599	""osoba1""
""osoba4""		1619.4	1619400	1620.3	1620300	1.9000244	1900	""osoba4""
