"default"		0.0	0	1.0	1000	1.0	1000	BEGIN
"default"		1620.3	1620300	1620.31	1621300	1.0	1000	END
""osoba2""		7.8	7800	15.3	15300	8.5	8500	""osoba2""
""osoba2""		8.400001	8400	15.3	15300	7.8999996	7899	""osoba2""
""osoba2""		9.0	9000	15.3	15300	7.3	7300	""osoba2""
""osoba2""		9.900001	9900	15.3	15300	6.3999996	6399	""osoba2""
""osoba2""		11.1	11100	15.3	15300	5.2	5200	""osoba2""
""osoba2""		12.900001	12900	15.3	15300	3.3999996	3399	""osoba2""
""osoba1""		13.8	13800	13.8	13800	1.0	1000	""osoba1""
""osoba3""		15.6	15600	18.900002	18900	4.300001	4300	""osoba3""
""osoba3""		17.1	17100	18.900002	18900	2.8000011	2800	""osoba3""
""osoba3""		18.0	18000	18.900002	18900	1.9000015	1900	""osoba3""
""osoba2""		18.300001	18300	31.2	31200	13.9	13900	""osoba2""
""osoba2""		18.900002	18900	31.2	31200	13.299999	13299	""osoba2""
""osoba3""		18.900002	18900	18.900002	18900	1.0	1000	""osoba3""
""osoba2""		20.400002	20400	31.2	31200	11.799999	11799	""osoba2""
""osoba2""		21.6	21600	31.2	31200	10.6	10600	""osoba2""
""osoba2""		23.400002	23400	31.2	31200	8.799999	8799	""osoba2""
""osoba2""		24.900002	24900	31.2	31200	7.299999	7299	""osoba2""
""osoba3""		25.2	25200	26.1	26100	1.8999996	1899	""osoba3""
""osoba3""		26.1	26100	26.1	26100	1.0	1000	""osoba3""
""osoba1""		26.400002	26400	30.6	30600	5.199999	5199	""osoba1""
""osoba2""		26.400002	26400	31.2	31200	5.799999	5799	""osoba2""
""osoba3""		30.300001	30300	37.5	37500	8.199999	8199	""osoba3""
""osoba4""		32.7	32700	32.7	32700	1.0	1000	""osoba4""
""osoba3""		34.800003	34800	37.5	37500	3.699997	3699	""osoba3""
""osoba1""		36.9	36900	41.4	41400	5.5	5500	""osoba1""
""osoba1""		37.5	37500	41.4	41400	4.9000015	4900	""osoba1""
""osoba1""		40.2	40200	41.4	41400	2.2000008	2200	""osoba1""
""osoba3""		41.100002	41100	48.0	48000	7.8999977	7899	""osoba3""
""osoba2""		45.600002	45600	54.300003	54300	9.700001	9700	""osoba2""
""osoba2""		47.7	47700	54.300003	54300	7.6000023	7600	""osoba2""
""osoba2""		50.100002	50100	54.300003	54300	5.200001	5200	""osoba2""
""osoba2""		52.500004	52500	54.300003	54300	2.7999992	2799	""osoba2""
""osoba3""		54.000004	54000	61.500004	61500	8.5	8500	""osoba3""
""osoba2""		54.300003	54300	54.300003	54300	1.0	1000	""osoba2""
""osoba4""		55.800003	55800	56.7	56700	1.8999977	1899	""osoba4""
""osoba3""		57.9	57900	61.500004	61500	4.6000023	4600	""osoba3""
""osoba3""		58.800003	58800	61.500004	61500	3.7000008	3700	""osoba3""
""osoba4""		59.100002	59100	59.100002	59100	1.0	1000	""osoba4""
""osoba2""		60.600002	60600	61.2	61200	1.5999985	1599	""osoba2""
""osoba4""		61.500004	61500	77.4	77400	16.899998	16899	""osoba4""
""osoba4""		63.600002	63600	77.4	77400	14.799999	14799	""osoba4""
""osoba4""		64.5	64500	77.4	77400	13.900002	13900	""osoba4""
""osoba4""		65.100006	65100	77.4	77400	13.299995	13299	""osoba4""
""osoba4""		70.200005	70200	77.4	77400	8.199997	8199	""osoba4""
""osoba4""		72.3	72300	77.4	77400	6.0999985	6099	""osoba4""
""osoba4""		73.200005	73200	77.4	77400	5.199997	5199	""osoba4""
""osoba4""		73.8	73800	77.4	77400	4.5999985	4599	""osoba4""
""osoba4""		75.600006	75600	77.4	77400	2.7999954	2799	""osoba4""
""osoba1""		75.9	75900	82.5	82500	7.5999985	7599	""osoba1""
""osoba4""		76.8	76800	77.4	77400	1.5999985	1599	""osoba4""
""osoba1""		78.0	78000	82.5	82500	5.5	5500	""osoba1""
""osoba1""		79.8	79800	82.5	82500	3.699997	3699	""osoba1""
""osoba1""		80.4	80400	82.5	82500	3.0999985	3099	""osoba1""
""osoba1""		81.600006	81600	82.5	82500	1.8999939	1899	""osoba1""
""osoba4""		81.600006	81600	82.200005	82200	1.5999985	1599	""osoba4""
""osoba2""		81.9	81900	91.8	91800	10.900002	10900	""osoba2""
""osoba2""		83.4	83400	91.8	91800	9.400002	9400	""osoba2""
""osoba2""		84.9	84900	91.8	91800	7.9000015	7900	""osoba2""
""osoba2""		85.8	85800	91.8	91800	7.0	7000	""osoba2""
""osoba2""		86.4	86400	91.8	91800	6.4000015	6400	""osoba2""
""osoba2""		89.100006	89100	91.8	91800	3.699997	3699	""osoba2""
""osoba3""		89.700005	89700	91.5	91500	2.7999954	2799	""osoba3""
""osoba1""		91.200005	91200	97.8	97800	7.5999985	7599	""osoba1""
""osoba1""		93.0	93000	97.8	97800	5.800003	5800	""osoba1""
""osoba3""		94.200005	94200	94.200005	94200	1.0	1000	""osoba3""
""osoba1""		96.9	96900	97.8	97800	1.9000015	1900	""osoba1""
""osoba3""		97.50001	97500	102.9	102900	6.399994	6399	""osoba3""
""osoba4""		98.100006	98100	98.4	98400	1.2999954	1299	""osoba4""
""osoba3""		99.600006	99600	102.9	102900	4.2999954	4299	""osoba3""
""osoba4""		100.8	100800	100.8	100800	1.0	1000	""osoba4""
""osoba3""		102.600006	102600	102.9	102900	1.2999954	1299	""osoba3""
""osoba2""		102.9	102900	105.9	105900	4.0	4000	""osoba2""
""osoba2""		104.4	104400	105.9	105900	2.5	2500	""osoba2""
""osoba1""		104.700005	104700	106.200005	106200	2.5	2500	""osoba1""
""osoba3""		105.3	105300	108.00001	108000	3.7000046	3700	""osoba3""
""osoba3""		107.4	107400	108.00001	108000	1.6000061	1600	""osoba3""
""osoba2""		108.00001	108000	116.700005	116700	9.699997	9699	""osoba2""
""osoba1""		110.100006	110100	110.100006	110100	1.0	1000	""osoba1""
""osoba2""		112.50001	112500	116.700005	116700	5.199997	5199	""osoba2""
""osoba3""		116.700005	116700	119.100006	119100	3.4000015	3400	""osoba3""
""osoba2""		119.100006	119100	123.600006	123600	5.5	5500	""osoba2""
""osoba3""		119.100006	119100	119.100006	119100	1.0	1000	""osoba3""
""osoba2""		120.00001	120000	123.600006	123600	4.5999985	4599	""osoba2""
""osoba2""		121.200005	121200	123.600006	123600	3.4000015	3400	""osoba2""
""osoba3""		123.00001	123000	144.3	144300	22.299995	22299	""osoba3""
""osoba4""		123.600006	123600	124.50001	124500	1.9000015	1900	""osoba4""
""osoba3""		126.3	126300	144.3	144300	19.0	19000	""osoba3""
""osoba2""		127.50001	127500	127.8	127800	1.2999954	1299	""osoba2""
""osoba3""		127.50001	127500	144.3	144300	17.799995	17799	""osoba3""
""osoba3""		129.3	129300	144.3	144300	16.0	16000	""osoba3""
""osoba3""		130.20001	130200	144.3	144300	15.099991	15099	""osoba3""
""osoba3""		131.1	131100	144.3	144300	14.199997	14199	""osoba3""
""osoba3""		131.70001	131700	144.3	144300	13.599991	13599	""osoba3""
""osoba3""		132.3	132300	144.3	144300	13.0	13000	""osoba3""
""osoba1""		132.90001	132900	134.1	134100	2.199997	2199	""osoba1""
""osoba4""		134.70001	134700	137.70001	137700	4.0	4000	""osoba4""
""osoba4""		137.40001	137400	137.70001	137700	1.300003	1300	""osoba4""
""osoba3""		137.70001	137700	144.3	144300	7.599991	7599	""osoba3""
""osoba3""		138.90001	138900	144.3	144300	6.399994	6399	""osoba3""
""osoba3""		142.5	142500	144.3	144300	2.800003	2800	""osoba3""
""osoba4""		142.8	142800	186.6	186600	44.800003	44800	""osoba4""
""osoba4""		146.40001	146400	186.6	186600	41.199997	41199	""osoba4""
""osoba3""		150.0	150000	151.20001	151200	2.2000122	2200	""osoba3""
""osoba4""		150.3	150300	186.6	186600	37.300003	37300	""osoba4""
""osoba4""		153.3	153300	186.6	186600	34.300003	34300	""osoba4""
""osoba4""		154.20001	154200	186.6	186600	33.399994	33399	""osoba4""
""osoba4""		157.8	157800	186.6	186600	29.800003	29800	""osoba4""
""osoba4""		158.40001	158400	186.6	186600	29.199997	29199	""osoba4""
""osoba4""		159.0	159000	186.6	186600	28.600006	28600	""osoba4""
""osoba4""		160.20001	160200	186.6	186600	27.399994	27399	""osoba4""
""osoba4""		163.5	163500	186.6	186600	24.100006	24100	""osoba4""
""osoba4""		165.0	165000	186.6	186600	22.600006	22600	""osoba4""
""osoba4""		165.6	165600	186.6	186600	22.0	22000	""osoba4""
""osoba4""		168.3	168300	186.6	186600	19.300003	19300	""osoba4""
""osoba2""		170.70001	170700	174.6	174600	4.899994	4899	""osoba2""
""osoba4""		171.90001	171900	186.6	186600	15.699997	15699	""osoba4""
""osoba2""		172.8	172800	174.6	174600	2.800003	2800	""osoba2""
""osoba2""		173.40001	173400	174.6	174600	2.199997	2199	""osoba2""
""osoba4""		173.70001	173700	186.6	186600	13.899994	13899	""osoba4""
""osoba4""		175.8	175800	186.6	186600	11.800003	11800	""osoba4""
""osoba3""		178.5	178500	180.6	180600	3.100006	3100	""osoba3""
""osoba4""		178.8	178800	186.6	186600	8.800003	8800	""osoba4""
""osoba2""		179.40001	179400	180.90001	180900	2.5	2500	""osoba2""
""osoba4""		183.3	183300	186.6	186600	4.300003	4300	""osoba4""
""osoba4""		184.20001	184200	186.6	186600	3.399994	3399	""osoba4""
""osoba3""		184.5	184500	228.90001	228900	45.40001	45400	""osoba3""
""osoba3""		188.40001	188400	228.90001	228900	41.5	41500	""osoba3""
""osoba3""		192.0	192000	228.90001	228900	37.90001	37900	""osoba3""
""osoba3""		192.6	192600	228.90001	228900	37.300003	37300	""osoba3""
""osoba3""		194.1	194100	228.90001	228900	35.800003	35800	""osoba3""
""osoba3""		198.90001	198900	228.90001	228900	31.0	31000	""osoba3""
""osoba3""		199.8	199800	228.90001	228900	30.100006	30100	""osoba3""
""osoba3""		205.8	205800	228.90001	228900	24.100006	24100	""osoba3""
""osoba3""		206.70001	206700	228.90001	228900	23.199997	23199	""osoba3""
""osoba4""		206.70001	206700	206.70001	206700	1.0	1000	""osoba4""
""osoba3""		207.6	207600	228.90001	228900	22.300003	22300	""osoba3""
""osoba3""		208.50002	208500	228.90001	228900	21.399994	21399	""osoba3""
""osoba3""		210.00002	210000	228.90001	228900	19.899994	19899	""osoba3""
""osoba3""		213.3	213300	228.90001	228900	16.600006	16600	""osoba3""
""osoba3""		214.50002	214500	228.90001	228900	15.399994	15399	""osoba3""
""osoba3""		215.40001	215400	228.90001	228900	14.5	14500	""osoba3""
""osoba4""		215.40001	215400	217.50002	217500	3.100006	3100	""osoba4""
""osoba3""		219.3	219300	228.90001	228900	10.600006	10600	""osoba3""
""osoba3""		221.70001	221700	228.90001	228900	8.199997	8199	""osoba3""
""osoba3""		222.6	222600	228.90001	228900	7.300003	7300	""osoba3""
""osoba3""		224.1	224100	228.90001	228900	5.800003	5800	""osoba3""
""osoba3""		225.6	225600	228.90001	228900	4.300003	4300	""osoba3""
""osoba2""		228.90001	228900	230.1	230100	2.199997	2199	""osoba2""
""osoba4""		230.1	230100	232.20001	232200	3.100006	3100	""osoba4""
""osoba4""		231.6	231600	232.20001	232200	1.6000061	1600	""osoba4""
""osoba3""		232.50002	232500	257.40002	257400	25.90001	25900	""osoba3""
""osoba3""		234.6	234600	257.40002	257400	23.800018	23800	""osoba3""
""osoba3""		235.20001	235200	257.40002	257400	23.200012	23200	""osoba3""
""osoba3""		235.8	235800	257.40002	257400	22.600021	22600	""osoba3""
""osoba3""		236.70001	236700	257.40002	257400	21.700012	21700	""osoba3""
""osoba3""		237.3	237300	257.40002	257400	21.100021	21100	""osoba3""
""osoba3""		238.8	238800	257.40002	257400	19.600021	19600	""osoba3""
""osoba3""		239.40001	239400	257.40002	257400	19.000015	19000	""osoba3""
""osoba3""		241.50002	241500	257.40002	257400	16.90001	16900	""osoba3""
""osoba3""		243.6	243600	257.40002	257400	14.800018	14800	""osoba3""
""osoba3""		245.1	245100	257.40002	257400	13.300018	13300	""osoba3""
""osoba3""		246.90001	246900	257.40002	257400	11.500015	11500	""osoba3""
""osoba3""		247.50002	247500	257.40002	257400	10.900009	10900	""osoba3""
""osoba3""		248.1	248100	257.40002	257400	10.300018	10300	""osoba3""
""osoba3""		249.3	249300	257.40002	257400	9.100021	9100	""osoba3""
""osoba3""		252.00002	252000	257.40002	257400	6.400009	6400	""osoba3""
""osoba2""		252.90001	252900	252.90001	252900	1.0	1000	""osoba2""
""osoba3""		255.00002	255000	257.40002	257400	3.4000092	3400	""osoba3""
""osoba3""		255.90001	255900	257.40002	257400	2.5000153	2500	""osoba3""
""osoba2""		256.80002	256800	271.2	271200	15.399994	15399	""osoba2""
""osoba2""		258.30002	258300	271.2	271200	13.899994	13899	""osoba2""
""osoba2""		260.1	260100	271.2	271200	12.100006	12100	""osoba2""
""osoba2""		261.90002	261900	271.2	271200	10.299988	10299	""osoba2""
""osoba2""		263.7	263700	271.2	271200	8.5	8500	""osoba2""
""osoba3""		264.6	264600	265.80002	265800	2.2000122	2200	""osoba3""
""osoba1""		266.7	266700	267.0	267000	1.2999878	1299	""osoba1""
""osoba2""		270.90002	270900	271.2	271200	1.2999878	1299	""osoba2""
""osoba3""		271.5	271500	273.90002	273900	3.4000244	3400	""osoba3""
""osoba2""		273.90002	273900	273.90002	273900	1.0	1000	""osoba2""
""osoba4""		273.90002	273900	280.80002	280800	7.899994	7899	""osoba4""
""osoba3""		276.30002	276300	285.90002	285900	10.600006	10600	""osoba3""
""osoba2""		278.40002	278400	278.7	278700	1.2999878	1299	""osoba2""
""osoba3""		280.5	280500	285.90002	285900	6.4000244	6400	""osoba3""
""osoba4""		280.5	280500	280.80002	280800	1.3000183	1300	""osoba4""
""osoba2""		283.80002	283800	296.7	296700	13.899994	13899	""osoba2""
""osoba3""		284.1	284100	285.90002	285900	2.8000183	2800	""osoba3""
""osoba3""		285.0	285000	285.90002	285900	1.9000244	1900	""osoba3""
""osoba2""		287.40002	287400	296.7	296700	10.299988	10299	""osoba2""
""osoba2""		290.40002	290400	296.7	296700	7.299988	7299	""osoba2""
""osoba2""		293.7	293700	296.7	296700	4.0	4000	""osoba2""
""osoba2""		294.6	294600	296.7	296700	3.100006	3100	""osoba2""
""osoba2""		295.2	295200	296.7	296700	2.5	2500	""osoba2""
""osoba4""		296.7	296700	306.30002	306300	10.600006	10600	""osoba4""
""osoba4""		297.6	297600	306.30002	306300	9.700012	9700	""osoba4""
""osoba2""		300.6	300600	303.90002	303900	4.3000183	4300	""osoba2""
""osoba3""		303.30002	303300	309.90002	309900	7.600006	7600	""osoba3""
""osoba4""		305.40002	305400	306.30002	306300	1.8999939	1899	""osoba4""
""osoba4""		309.6	309600	349.2	349200	40.600006	40600	""osoba4""
""osoba4""		311.1	311100	349.2	349200	39.100006	39100	""osoba4""
""osoba4""		313.5	313500	349.2	349200	36.700012	36700	""osoba4""
""osoba1""		313.80002	313800	313.80002	313800	1.0	1000	""osoba1""
""osoba2""		314.7	314700	316.80002	316800	3.100006	3100	""osoba2""
""osoba2""		315.6	315600	316.80002	316800	2.2000122	2200	""osoba2""
""osoba4""		315.90002	315900	349.2	349200	34.299988	34299	""osoba4""
""osoba4""		318.0	318000	349.2	349200	32.200012	32200	""osoba4""
""osoba3""		318.30002	318300	318.90002	318900	1.6000061	1600	""osoba3""
""osoba4""		321.30002	321300	349.2	349200	28.899994	28899	""osoba4""
""osoba4""		322.2	322200	349.2	349200	28.0	28000	""osoba4""
""osoba4""		324.0	324000	349.2	349200	26.200012	26200	""osoba4""
""osoba4""		326.1	326100	349.2	349200	24.100006	24100	""osoba4""
""osoba4""		329.1	329100	349.2	349200	21.100006	21100	""osoba4""
""osoba4""		329.7	329700	349.2	349200	20.5	20500	""osoba4""
""osoba4""		330.30002	330300	349.2	349200	19.899994	19899	""osoba4""
""osoba4""		331.5	331500	349.2	349200	18.700012	18700	""osoba4""
""osoba4""		332.7	332700	349.2	349200	17.5	17500	""osoba4""
""osoba3""		333.6	333600	333.6	333600	1.0	1000	""osoba3""
""osoba4""		333.90002	333900	349.2	349200	16.299988	16299	""osoba4""
""osoba4""		334.80002	334800	349.2	349200	15.399994	15399	""osoba4""
""osoba4""		336.6	336600	349.2	349200	13.600006	13600	""osoba4""
""osoba4""		337.5	337500	349.2	349200	12.700012	12700	""osoba4""
""osoba4""		338.40002	338400	349.2	349200	11.799988	11799	""osoba4""
""osoba3""		339.6	339600	339.90002	339900	1.3000183	1300	""osoba3""
""osoba2""		341.7	341700	342.6	342600	1.8999939	1899	""osoba2""
""osoba4""		342.0	342000	349.2	349200	8.200012	8200	""osoba4""
""osoba4""		345.90002	345900	349.2	349200	4.299988	4299	""osoba4""
""osoba4""		346.80002	346800	349.2	349200	3.399994	3399	""osoba4""
""osoba3""		347.40002	347400	348.90002	348900	2.5	2500	""osoba3""
""osoba4""		348.6	348600	349.2	349200	1.6000061	1600	""osoba4""
""osoba1""		349.2	349200	351.0	351000	2.7999878	2799	""osoba1""
""osoba3""		351.30002	351300	351.90002	351900	1.6000061	1600	""osoba3""
""osoba2""		351.6	351600	353.40002	353400	2.8000183	2800	""osoba2""
""osoba2""		353.1	353100	353.40002	353400	1.3000183	1300	""osoba2""
""osoba1""		353.40002	353400	354.30002	354300	1.8999939	1899	""osoba1""
""osoba4""		354.90002	354900	356.7	356700	2.7999878	2799	""osoba4""
""osoba2""		356.1	356100	372.90002	372900	17.800018	17800	""osoba2""
""osoba2""		359.1	359100	372.90002	372900	14.800018	14800	""osoba2""
""osoba1""		359.40002	359400	362.1	362100	3.6999817	3699	""osoba1""
""osoba1""		361.80002	361800	362.1	362100	1.2999878	1299	""osoba1""
""osoba2""		363.30002	363300	372.90002	372900	10.600006	10600	""osoba2""
""osoba2""		364.5	364500	372.90002	372900	9.400024	9400	""osoba2""
""osoba2""		366.30002	366300	372.90002	372900	7.600006	7600	""osoba2""
""osoba4""		367.80002	367800	368.1	368100	1.2999878	1299	""osoba4""
""osoba2""		369.90002	369900	372.90002	372900	4.0	4000	""osoba2""
""osoba2""		370.5	370500	372.90002	372900	3.4000244	3400	""osoba2""
""osoba2""		371.40002	371400	372.90002	372900	2.5	2500	""osoba2""
""osoba1""		372.0	372000	394.50003	394500	23.50003	23500	""osoba1""
""osoba2""		372.30002	372300	372.90002	372900	1.6000061	1600	""osoba2""
""osoba1""		374.1	374100	394.50003	394500	21.400024	21400	""osoba1""
""osoba1""		375.0	375000	394.50003	394500	20.50003	20500	""osoba1""
""osoba1""		378.30002	378300	394.50003	394500	17.200012	17200	""osoba1""
""osoba1""		379.2	379200	394.50003	394500	16.300018	16300	""osoba1""
""osoba1""		380.40002	380400	394.50003	394500	15.100006	15100	""osoba1""
""osoba1""		384.0	384000	394.50003	394500	11.5000305	11500	""osoba1""
""osoba1""		385.2	385200	394.50003	394500	10.300018	10300	""osoba1""
""osoba1""		386.40002	386400	394.50003	394500	9.100006	9100	""osoba1""
""osoba1""		388.2	388200	394.50003	394500	7.3000183	7300	""osoba1""
""osoba2""		388.50003	388500	389.1	389100	1.5999756	1599	""osoba2""
""osoba1""		388.80002	388800	394.50003	394500	6.700012	6700	""osoba1""
""osoba4""		390.6	390600	390.90002	390900	1.3000183	1300	""osoba4""
""osoba1""		390.90002	390900	394.50003	394500	4.600006	4600	""osoba1""
""osoba1""		393.00003	393000	394.50003	394500	2.5	2500	""osoba1""
""osoba2""		393.00003	393000	403.80002	403800	11.799988	11799	""osoba2""
""osoba2""		394.80002	394800	403.80002	403800	10.0	10000	""osoba2""
""osoba2""		395.7	395700	403.80002	403800	9.100006	9100	""osoba2""
""osoba3""		398.1	398100	399.00003	399000	1.9000244	1900	""osoba3""
""osoba2""		400.2	400200	403.80002	403800	4.600006	4600	""osoba2""
""osoba2""		402.00003	402000	403.80002	403800	2.7999878	2799	""osoba2""
""osoba4""		403.2	403200	406.2	406200	4.0	4000	""osoba4""
""osoba3""		405.6	405600	446.40002	446400	41.80002	41800	""osoba3""
""osoba4""		405.90002	405900	406.2	406200	1.2999878	1299	""osoba4""
""osoba2""		407.40002	407400	407.7	407700	1.2999878	1299	""osoba2""
""osoba2""		411.30002	411300	412.80002	412800	2.5	2500	""osoba2""
""osoba2""		412.80002	412800	412.80002	412800	1.0	1000	""osoba2""
""osoba3""		414.00003	414000	446.40002	446400	33.399994	33399	""osoba3""
""osoba2""		415.50003	415500	417.30002	417300	2.7999878	2799	""osoba2""
""osoba3""		417.30002	417300	446.40002	446400	30.100006	30100	""osoba3""
""osoba3""		419.1	419100	446.40002	446400	28.300018	28300	""osoba3""
""osoba1""		419.7	419700	422.1	422100	3.399994	3399	""osoba1""
""osoba1""		420.30002	420300	422.1	422100	2.7999878	2799	""osoba1""
""osoba3""		420.6	420600	446.40002	446400	26.800018	26800	""osoba3""
""osoba4""		426.30002	426300	426.30002	426300	1.0	1000	""osoba4""
""osoba3""		426.90002	426900	446.40002	446400	20.5	20500	""osoba3""
""osoba3""		429.30002	429300	446.40002	446400	18.100006	18100	""osoba3""
""osoba3""		430.2	430200	446.40002	446400	17.200012	17200	""osoba3""
""osoba3""		431.1	431100	446.40002	446400	16.300018	16300	""osoba3""
""osoba3""		434.40002	434400	446.40002	446400	13.0	13000	""osoba3""
""osoba3""		435.30002	435300	446.40002	446400	12.100006	12100	""osoba3""
""osoba2""		435.6	435600	438.30002	438300	3.7000122	3700	""osoba2""
""osoba3""		442.2	442200	446.40002	446400	5.200012	5200	""osoba3""
""osoba3""		442.80002	442800	446.40002	446400	4.600006	4600	""osoba3""
""osoba4""		444.90002	444900	453.6	453600	9.699982	9699	""osoba4""
""osoba4""		446.40002	446400	453.6	453600	8.199982	8199	""osoba4""
""osoba1""		446.7	446700	447.6	447600	1.8999939	1899	""osoba1""
""osoba3""		449.40002	449400	449.40002	449400	1.0	1000	""osoba3""
""osoba4""		450.90002	450900	453.6	453600	3.6999817	3699	""osoba4""
""osoba4""		452.1	452100	453.6	453600	2.5	2500	""osoba4""
""osoba3""		452.7	452700	452.7	452700	1.0	1000	""osoba3""
""osoba4""		452.7	452700	453.6	453600	1.8999939	1899	""osoba4""
""osoba1""		453.30002	453300	469.50003	469500	17.200012	17200	""osoba1""
""osoba2""		456.30002	456300	456.90002	456900	1.6000061	1600	""osoba2""
""osoba1""		459.6	459600	469.50003	469500	10.900024	10900	""osoba1""
""osoba1""		460.2	460200	469.50003	469500	10.300018	10300	""osoba1""
""osoba1""		462.00003	462000	469.50003	469500	8.5	8500	""osoba1""
""osoba1""		463.80002	463800	469.50003	469500	6.700012	6700	""osoba1""
""osoba1""		465.00003	465000	469.50003	469500	5.5	5500	""osoba1""
""osoba1""		466.80002	466800	469.50003	469500	3.7000122	3700	""osoba1""
""osoba1""		467.40002	467400	469.50003	469500	3.100006	3100	""osoba1""
""osoba3""		468.90002	468900	488.40002	488400	20.5	20500	""osoba3""
""osoba3""		471.90002	471900	488.40002	488400	17.5	17500	""osoba3""
""osoba3""		474.30002	474300	488.40002	488400	15.100006	15100	""osoba3""
""osoba1""		474.90002	474900	475.80002	475800	1.8999939	1899	""osoba1""
""osoba3""		474.90002	474900	488.40002	488400	14.5	14500	""osoba3""
""osoba3""		477.90002	477900	488.40002	488400	11.5	11500	""osoba3""
""osoba3""		479.7	479700	488.40002	488400	9.700012	9700	""osoba3""
""osoba3""		480.90002	480900	488.40002	488400	8.5	8500	""osoba3""
""osoba3""		481.50003	481500	488.40002	488400	7.899994	7899	""osoba3""
""osoba3""		482.7	482700	488.40002	488400	6.700012	6700	""osoba3""
""osoba3""		484.80002	484800	488.40002	488400	4.600006	4600	""osoba3""
""osoba3""		486.00003	486000	488.40002	488400	3.399994	3399	""osoba3""
""osoba1""		488.40002	488400	495.90002	495900	8.5	8500	""osoba1""
""osoba3""		488.40002	488400	488.40002	488400	1.0	1000	""osoba3""
""osoba1""		489.90002	489900	495.90002	495900	7.0	7000	""osoba1""
""osoba1""		491.40002	491400	495.90002	495900	5.5	5500	""osoba1""
""osoba2""		491.40002	491400	491.7	491700	1.2999878	1299	""osoba2""
""osoba4""		491.40002	491400	492.30002	492300	1.8999939	1899	""osoba4""
""osoba1""		493.50003	493500	495.90002	495900	3.399994	3399	""osoba1""
""osoba2""		496.80002	496800	506.7	506700	10.899994	10899	""osoba2""
""osoba2""		497.40002	497400	506.7	506700	10.299988	10299	""osoba2""
""osoba1""		498.90002	498900	499.2	499200	1.2999878	1299	""osoba1""
""osoba2""		498.90002	498900	506.7	506700	8.799988	8799	""osoba2""
""osoba2""		500.7	500700	506.7	506700	7.0	7000	""osoba2""
""osoba2""		501.90002	501900	506.7	506700	5.799988	5799	""osoba2""
""osoba2""		503.40002	503400	506.7	506700	4.299988	4299	""osoba2""
""osoba1""		506.40002	506400	510.00003	510000	4.600006	4600	""osoba1""
""osoba2""		506.40002	506400	506.7	506700	1.2999878	1299	""osoba2""
""osoba1""		507.6	507600	510.00003	510000	3.4000244	3400	""osoba1""
""osoba2""		509.40002	509400	544.2	544200	35.799988	35799	""osoba2""
""osoba2""		511.50003	511500	544.2	544200	33.69998	33699	""osoba2""
""osoba2""		514.5	514500	544.2	544200	30.700012	30700	""osoba2""
""osoba2""		515.10004	515100	544.2	544200	30.099976	30099	""osoba2""
""osoba2""		516.0	516000	544.2	544200	29.200012	29200	""osoba2""
""osoba2""		518.10004	518100	544.2	544200	27.099976	27099	""osoba2""
""osoba2""		524.7	524700	544.2	544200	20.5	20500	""osoba2""
""osoba4""		526.80005	526800	528.0	528000	2.1999512	2199	""osoba4""
""osoba2""		527.7	527700	544.2	544200	17.5	17500	""osoba2""
""osoba2""		529.2	529200	544.2	544200	16.0	16000	""osoba2""
""osoba3""		529.80005	529800	530.4	530400	1.5999756	1599	""osoba3""
""osoba2""		530.10004	530100	544.2	544200	15.099976	15099	""osoba2""
""osoba2""		534.9	534900	544.2	544200	10.299988	10299	""osoba2""
""osoba2""		536.10004	536100	544.2	544200	9.099976	9099	""osoba2""
""osoba2""		537.9	537900	544.2	544200	7.299988	7299	""osoba2""
""osoba2""		538.80005	538800	544.2	544200	6.3999634	6399	""osoba2""
""osoba2""		540.60004	540600	544.2	544200	4.5999756	4599	""osoba2""
""osoba2""		542.4	542400	544.2	544200	2.7999878	2799	""osoba2""
""osoba3""		543.9	543900	565.5	565500	22.599976	22599	""osoba3""
""osoba3""		546.30005	546300	565.5	565500	20.199951	20199	""osoba3""
""osoba3""		547.80005	547800	565.5	565500	18.699951	18699	""osoba3""
""osoba2""		549.9	549900	552.60004	552600	3.7000122	3700	""osoba2""
""osoba3""		549.9	549900	565.5	565500	16.599976	16599	""osoba3""
""osoba2""		552.0	552000	552.60004	552600	1.6000366	1600	""osoba2""
""osoba3""		552.30005	552300	565.5	565500	14.199951	14199	""osoba3""
""osoba3""		553.80005	553800	565.5	565500	12.699951	12699	""osoba3""
""osoba3""		555.9	555900	565.5	565500	10.599976	10599	""osoba3""
""osoba3""		556.5	556500	565.5	565500	10.0	10000	""osoba3""
""osoba3""		557.4	557400	565.5	565500	9.099976	9099	""osoba3""
""osoba3""		558.9	558900	565.5	565500	7.5999756	7599	""osoba3""
""osoba3""		560.7	560700	565.5	565500	5.799988	5799	""osoba3""
""osoba3""		561.30005	561300	565.5	565500	5.199951	5199	""osoba3""
""osoba4""		564.9	564900	567.60004	567600	3.7000122	3700	""osoba4""
""osoba4""		566.7	566700	567.60004	567600	1.9000244	1900	""osoba4""
""osoba2""		567.30005	567300	577.5	577500	11.199951	11199	""osoba2""
""osoba3""		568.5	568500	568.5	568500	1.0	1000	""osoba3""
""osoba2""		570.0	570000	577.5	577500	8.5	8500	""osoba2""
""osoba2""		570.9	570900	577.5	577500	7.5999756	7599	""osoba2""
""osoba1""		571.5	571500	573.9	573900	3.4000244	3400	""osoba1""
""osoba3""		571.80005	571800	587.4	587400	16.599976	16599	""osoba3""
""osoba4""		575.4	575400	577.2	577200	2.7999878	2799	""osoba4""
""osoba2""		576.30005	576300	577.5	577500	2.1999512	2199	""osoba2""
""osoba1""		579.30005	579300	579.9	579900	1.5999756	1599	""osoba1""
""osoba3""		579.30005	579300	587.4	587400	9.099976	9099	""osoba3""
""osoba4""		581.10004	581100	582.30005	582300	2.2000122	2200	""osoba4""
""osoba3""		582.0	582000	587.4	587400	6.4000244	6400	""osoba3""
""osoba3""		583.80005	583800	587.4	587400	4.5999756	4599	""osoba3""
""osoba3""		585.0	585000	587.4	587400	3.4000244	3400	""osoba3""
""osoba3""		585.9	585900	587.4	587400	2.5	2500	""osoba3""
""osoba4""		586.80005	586800	596.7	596700	10.899963	10899	""osoba4""
""osoba4""		588.60004	588600	596.7	596700	9.099976	9099	""osoba4""
""osoba3""		590.10004	590100	592.5	592500	3.3999634	3399	""osoba3""
""osoba4""		591.0	591000	596.7	596700	6.700012	6700	""osoba4""
""osoba3""		592.5	592500	592.5	592500	1.0	1000	""osoba3""
""osoba4""		592.5	592500	596.7	596700	5.200012	5200	""osoba4""
""osoba4""		593.4	593400	596.7	596700	4.299988	4299	""osoba4""
""osoba2""		593.7	593700	593.7	593700	1.0	1000	""osoba2""
""osoba4""		594.30005	594300	596.7	596700	3.3999634	3399	""osoba4""
""osoba1""		594.9	594900	609.0	609000	15.099976	15099	""osoba1""
""osoba1""		597.30005	597300	609.0	609000	12.699951	12699	""osoba1""
""osoba1""		598.2	598200	609.0	609000	11.799988	11799	""osoba1""
""osoba1""		599.10004	599100	609.0	609000	10.899963	10899	""osoba1""
""osoba1""		602.4	602400	609.0	609000	7.5999756	7599	""osoba1""
""osoba4""		604.80005	604800	609.0	609000	5.199951	5199	""osoba4""
""osoba1""		606.0	606000	609.0	609000	4.0	4000	""osoba1""
""osoba4""		608.4	608400	609.0	609000	1.5999756	1599	""osoba4""
""osoba2""		609.0	609000	636.60004	636600	28.600037	28600	""osoba2""
""osoba2""		613.2	613200	636.60004	636600	24.400024	24400	""osoba2""
""osoba2""		613.80005	613800	636.60004	636600	23.799988	23799	""osoba2""
""osoba2""		615.9	615900	636.60004	636600	21.700012	21700	""osoba2""
""osoba2""		619.2	619200	636.60004	636600	18.400024	18400	""osoba2""
""osoba2""		619.80005	619800	636.60004	636600	17.799988	17799	""osoba2""
""osoba2""		621.9	621900	636.60004	636600	15.700012	15700	""osoba2""
""osoba2""		622.5	622500	636.60004	636600	15.100037	15100	""osoba2""
""osoba1""		624.30005	624300	626.10004	626100	2.7999878	2799	""osoba1""
""osoba1""		626.10004	626100	626.10004	626100	1.0	1000	""osoba1""
""osoba2""		626.7	626700	636.60004	636600	10.900024	10900	""osoba2""
""osoba2""		629.4	629400	636.60004	636600	8.200012	8200	""osoba2""
""osoba2""		631.80005	631800	636.60004	636600	5.799988	5799	""osoba2""
""osoba2""		634.2	634200	636.60004	636600	3.4000244	3400	""osoba2""
""osoba2""		636.0	636000	636.60004	636600	1.6000366	1600	""osoba2""
""osoba3""		636.0	636000	642.0	642000	7.0	7000	""osoba3""
""osoba3""		638.4	638400	642.0	642000	4.5999756	4599	""osoba3""
""osoba3""		639.0	639000	642.0	642000	4.0	4000	""osoba3""
""osoba2""		639.30005	639300	644.7	644700	6.3999634	6399	""osoba2""
""osoba4""		643.5	643500	646.80005	646800	4.300049	4300	""osoba4""
""osoba3""		647.10004	647100	649.5	649500	3.3999634	3399	""osoba3""
""osoba3""		648.0	648000	649.5	649500	2.5	2500	""osoba3""
""osoba2""		648.30005	648300	652.2	652200	4.8999634	4899	""osoba2""
""osoba2""		651.0	651000	652.2	652200	2.2000122	2200	""osoba2""
""osoba4""		651.0	651000	659.10004	659100	9.100037	9100	""osoba4""
""osoba4""		653.4	653400	659.10004	659100	6.700012	6700	""osoba4""
""osoba4""		657.60004	657600	659.10004	659100	2.5	2500	""osoba4""
""osoba2""		659.4	659400	661.80005	661800	3.4000244	3400	""osoba2""
""osoba3""		662.10004	662100	678.0	678000	16.899963	16899	""osoba3""
""osoba3""		665.7	665700	678.0	678000	13.299988	13299	""osoba3""
""osoba3""		668.10004	668100	678.0	678000	10.899963	10899	""osoba3""
""osoba3""		670.2	670200	678.0	678000	8.799988	8799	""osoba3""
""osoba3""		671.10004	671100	678.0	678000	7.8999634	7899	""osoba3""
""osoba3""		674.10004	674100	678.0	678000	4.8999634	4899	""osoba3""
""osoba2""		675.0	675000	683.7	683700	9.700012	9700	""osoba2""
""osoba3""		675.9	675900	678.0	678000	3.0999756	3099	""osoba3""
""osoba2""		677.4	677400	683.7	683700	7.299988	7299	""osoba2""
""osoba2""		678.9	678900	683.7	683700	5.799988	5799	""osoba2""
""osoba2""		680.4	680400	683.7	683700	4.299988	4299	""osoba2""
""osoba2""		682.2	682200	683.7	683700	2.5	2500	""osoba2""
""osoba1""		683.7	683700	689.7	689700	7.0	7000	""osoba1""
""osoba2""		683.7	683700	683.7	683700	1.0	1000	""osoba2""
""osoba3""		688.5	688500	700.5	700500	13.0	13000	""osoba3""
""osoba4""		688.5	688500	690.9	690900	3.4000244	3400	""osoba4""
""osoba2""		688.80005	688800	690.9	690900	3.0999756	3099	""osoba2""
""osoba1""		689.7	689700	689.7	689700	1.0	1000	""osoba1""
""osoba1""		692.7	692700	696.9	696900	5.200012	5200	""osoba1""
""osoba3""		693.0	693000	700.5	700500	8.5	8500	""osoba3""
""osoba1""		696.9	696900	696.9	696900	1.0	1000	""osoba1""
""osoba3""		697.2	697200	700.5	700500	4.299988	4299	""osoba3""
""osoba4""		699.60004	699600	707.7	707700	9.099976	9099	""osoba4""
""osoba2""		701.10004	701100	701.10004	701100	1.0	1000	""osoba2""
""osoba1""		702.60004	702600	702.60004	702600	1.0	1000	""osoba1""
""osoba4""		702.9	702900	707.7	707700	5.799988	5799	""osoba4""
""osoba4""		703.5	703500	707.7	707700	5.200012	5200	""osoba4""
""osoba4""		705.60004	705600	707.7	707700	3.0999756	3099	""osoba4""
""osoba3""		707.10004	707100	710.7	710700	4.5999756	4599	""osoba3""
""osoba3""		709.5	709500	710.7	710700	2.2000122	2200	""osoba3""
""osoba3""		710.7	710700	710.7	710700	1.0	1000	""osoba3""
""osoba1""		711.0	711000	717.30005	717300	7.300049	7300	""osoba1""
""osoba2""		711.60004	711600	712.2	712200	1.5999756	1599	""osoba2""
""osoba1""		714.30005	714300	717.30005	717300	4.0	4000	""osoba1""
""osoba1""		714.9	714900	717.30005	717300	3.4000244	3400	""osoba1""
""osoba1""		715.80005	715800	717.30005	717300	2.5	2500	""osoba1""
""osoba1""		716.4	716400	717.30005	717300	1.9000244	1900	""osoba1""
""osoba3""		716.4	716400	717.60004	717600	2.2000122	2200	""osoba3""
""osoba4""		716.7	716700	743.10004	743100	27.400024	27400	""osoba4""
""osoba4""		723.0	723000	743.10004	743100	21.100037	21100	""osoba4""
""osoba2""		724.2	724200	724.5	724500	1.2999878	1299	""osoba2""
""osoba4""		725.4	725400	743.10004	743100	18.700012	18700	""osoba4""
""osoba3""		726.60004	726600	727.80005	727800	2.2000122	2200	""osoba3""
""osoba4""		728.7	728700	743.10004	743100	15.400024	15400	""osoba4""
""osoba1""		729.60004	729600	729.60004	729600	1.0	1000	""osoba1""
""osoba4""		732.0	732000	743.10004	743100	12.100037	12100	""osoba4""
""osoba4""		732.9	732900	743.10004	743100	11.200012	11200	""osoba4""
""osoba4""		733.80005	733800	743.10004	743100	10.299988	10299	""osoba4""
""osoba4""		734.4	734400	743.10004	743100	9.700012	9700	""osoba4""
""osoba4""		741.30005	741300	743.10004	743100	2.7999878	2799	""osoba4""
""osoba3""		743.10004	743100	747.0	747000	4.8999634	4899	""osoba3""
""osoba3""		745.5	745500	747.0	747000	2.5	2500	""osoba3""
""osoba3""		746.10004	746100	747.0	747000	1.8999634	1899	""osoba3""
""osoba2""		747.30005	747300	756.9	756900	10.599976	10599	""osoba2""
""osoba2""		748.5	748500	756.9	756900	9.400024	9400	""osoba2""
""osoba3""		749.10004	749100	749.10004	749100	1.0	1000	""osoba3""
""osoba2""		754.2	754200	756.9	756900	3.7000122	3700	""osoba2""
""osoba2""		755.7	755700	756.9	756900	2.2000122	2200	""osoba2""
""osoba2""		756.30005	756300	756.9	756900	1.5999756	1599	""osoba2""
""osoba2""		756.9	756900	756.9	756900	1.0	1000	""osoba2""
""osoba3""		757.2	757200	763.5	763500	7.299988	7299	""osoba3""
""osoba3""		757.80005	757800	763.5	763500	6.699951	6699	""osoba3""
""osoba1""		758.4	758400	759.0	759000	1.5999756	1599	""osoba1""
""osoba3""		759.0	759000	763.5	763500	5.5	5500	""osoba3""
""osoba1""		761.7	761700	766.80005	766800	6.1000366	6100	""osoba1""
""osoba3""		761.7	761700	763.5	763500	2.7999878	2799	""osoba3""
""osoba1""		765.30005	765300	766.80005	766800	2.5	2500	""osoba1""
""osoba1""		766.5	766500	766.80005	766800	1.3000488	1300	""osoba1""
""osoba4""		767.10004	767100	775.80005	775800	9.700012	9700	""osoba4""
""osoba4""		772.50006	772500	775.80005	775800	4.299988	4299	""osoba4""
""osoba1""		775.2	775200	777.30005	777300	3.1000366	3100	""osoba1""
""osoba3""		776.4	776400	781.50006	781500	6.1000366	6100	""osoba3""
""osoba2""		778.80005	778800	786.00006	786000	8.200012	8200	""osoba2""
""osoba3""		778.80005	778800	781.50006	781500	3.7000122	3700	""osoba3""
""osoba2""		780.30005	780300	786.00006	786000	6.700012	6700	""osoba2""
""osoba3""		780.30005	780300	781.50006	781500	2.2000122	2200	""osoba3""
""osoba2""		783.60004	783600	786.00006	786000	3.4000244	3400	""osoba2""
""osoba2""		785.10004	785100	786.00006	786000	1.9000244	1900	""osoba2""
""osoba3""		786.30005	786300	831.60004	831600	46.299988	46299	""osoba3""
""osoba3""		788.4	788400	831.60004	831600	44.200012	44200	""osoba3""
""osoba3""		790.2	790200	831.60004	831600	42.400024	42400	""osoba3""
""osoba2""		791.4	791400	791.7	791700	1.2999878	1299	""osoba2""
""osoba3""		791.7	791700	831.60004	831600	40.900024	40900	""osoba3""
""osoba3""		792.9	792900	831.60004	831600	39.700012	39700	""osoba3""
""osoba3""		793.80005	793800	831.60004	831600	38.799988	38799	""osoba3""
""osoba2""		794.7	794700	795.30005	795300	1.6000366	1600	""osoba2""
""osoba3""		794.7	794700	831.60004	831600	37.900024	37900	""osoba3""
""osoba3""		796.2	796200	831.60004	831600	36.400024	36400	""osoba3""
""osoba3""		799.50006	799500	831.60004	831600	33.099976	33099	""osoba3""
""osoba3""		801.30005	801300	831.60004	831600	31.299988	31299	""osoba3""
""osoba3""		801.9	801900	831.60004	831600	30.700012	30700	""osoba3""
""osoba3""		802.50006	802500	831.60004	831600	30.099976	30099	""osoba3""
""osoba4""		803.7	803700	804.00006	804000	1.3000488	1300	""osoba4""
""osoba3""		805.2	805200	831.60004	831600	27.400024	27400	""osoba3""
""osoba3""		806.10004	806100	831.60004	831600	26.5	26500	""osoba3""
""osoba3""		807.30005	807300	831.60004	831600	25.299988	25299	""osoba3""
""osoba2""		807.60004	807600	808.2	808200	1.5999756	1599	""osoba2""
""osoba3""		809.7	809700	831.60004	831600	22.900024	22900	""osoba3""
""osoba3""		810.9	810900	831.60004	831600	21.700012	21700	""osoba3""
""osoba4""		810.9	810900	810.9	810900	1.0	1000	""osoba4""
""osoba3""		812.10004	812100	831.60004	831600	20.5	20500	""osoba3""
""osoba3""		812.7	812700	831.60004	831600	19.900024	19900	""osoba3""
""osoba3""		814.2	814200	831.60004	831600	18.400024	18400	""osoba3""
""osoba3""		815.7	815700	831.60004	831600	16.900024	16900	""osoba3""
""osoba1""		816.30005	816300	817.80005	817800	2.5	2500	""osoba1""
""osoba3""		819.30005	819300	831.60004	831600	13.299988	13299	""osoba3""
""osoba3""		821.4	821400	831.60004	831600	11.200012	11200	""osoba3""
""osoba2""		821.7	821700	822.30005	822300	1.6000366	1600	""osoba2""
""osoba2""		822.30005	822300	822.30005	822300	1.0	1000	""osoba2""
""osoba3""		825.30005	825300	831.60004	831600	7.299988	7299	""osoba3""
""osoba3""		828.00006	828000	831.60004	831600	4.5999756	4599	""osoba3""
""osoba3""		829.80005	829800	831.60004	831600	2.7999878	2799	""osoba3""
""osoba2""		831.60004	831600	834.60004	834600	4.0	4000	""osoba2""
""osoba2""		832.80005	832800	834.60004	834600	2.7999878	2799	""osoba2""
""osoba2""		834.30005	834300	834.60004	834600	1.2999878	1299	""osoba2""
""osoba3""		834.9	834900	877.80005	877800	43.900024	43900	""osoba3""
""osoba1""		835.2	835200	835.2	835200	1.0	1000	""osoba1""
""osoba3""		837.00006	837000	877.80005	877800	41.799988	41799	""osoba3""
""osoba3""		838.50006	838500	877.80005	877800	40.299988	40299	""osoba3""
""osoba3""		840.00006	840000	877.80005	877800	38.799988	38799	""osoba3""
""osoba3""		842.10004	842100	877.80005	877800	36.700012	36700	""osoba3""
""osoba3""		843.30005	843300	877.80005	877800	35.5	35500	""osoba3""
""osoba1""		844.50006	844500	845.4	845400	1.8999634	1899	""osoba1""
""osoba4""		848.4	848400	849.00006	849000	1.6000366	1600	""osoba4""
""osoba3""		849.30005	849300	877.80005	877800	29.5	29500	""osoba3""
""osoba1""		851.4	851400	853.80005	853800	3.4000244	3400	""osoba1""
""osoba3""		854.10004	854100	877.80005	877800	24.700012	24700	""osoba3""
""osoba3""		855.30005	855300	877.80005	877800	23.5	23500	""osoba3""
""osoba3""		858.60004	858600	877.80005	877800	20.200012	20200	""osoba3""
""osoba2""		858.9	858900	859.80005	859800	1.9000244	1900	""osoba2""
""osoba3""		864.00006	864000	877.80005	877800	14.799988	14799	""osoba3""
""osoba3""		864.60004	864600	877.80005	877800	14.200012	14200	""osoba3""
""osoba3""		866.10004	866100	877.80005	877800	12.700012	12700	""osoba3""
""osoba4""		867.00006	867000	868.2	868200	2.1999512	2199	""osoba4""
""osoba3""		870.30005	870300	877.80005	877800	8.5	8500	""osoba3""
""osoba4""		871.50006	871500	872.4	872400	1.8999634	1899	""osoba4""
""osoba3""		871.80005	871800	877.80005	877800	7.0	7000	""osoba3""
""osoba2""		872.4	872400	872.7	872700	1.2999878	1299	""osoba2""
""osoba3""		872.4	872400	877.80005	877800	6.4000244	6400	""osoba3""
""osoba2""		875.7	875700	875.7	875700	1.0	1000	""osoba2""
""osoba3""		876.00006	876000	877.80005	877800	2.7999878	2799	""osoba3""
""osoba1""		877.2	877200	885.9	885900	9.700012	9700	""osoba1""
""osoba3""		877.50006	877500	877.80005	877800	1.2999878	1299	""osoba3""
""osoba1""		880.80005	880800	885.9	885900	6.0999756	6099	""osoba1""
""osoba1""		882.60004	882600	885.9	885900	4.299988	4299	""osoba1""
""osoba1""		883.2	883200	885.9	885900	3.7000122	3700	""osoba1""
""osoba1""		885.00006	885000	885.9	885900	1.8999634	1899	""osoba1""
""osoba3""		885.00006	885000	895.2	895200	11.199951	11199	""osoba3""
""osoba3""		887.10004	887100	895.2	895200	9.099976	9099	""osoba3""
""osoba3""		888.60004	888600	895.2	895200	7.5999756	7599	""osoba3""
""osoba4""		890.4	890400	891.9	891900	2.5	2500	""osoba4""
""osoba4""		891.30005	891300	891.9	891900	1.5999756	1599	""osoba4""
""osoba3""		893.4	893400	895.2	895200	2.7999878	2799	""osoba3""
""osoba2""		893.7	893700	897.60004	897600	4.9000244	4900	""osoba2""
""osoba3""		894.60004	894600	895.2	895200	1.5999756	1599	""osoba3""
""osoba2""		895.2	895200	897.60004	897600	3.4000244	3400	""osoba2""
""osoba1""		897.30005	897300	898.80005	898800	2.5	2500	""osoba1""
""osoba2""		897.30005	897300	897.60004	897600	1.2999878	1299	""osoba2""
""osoba3""		897.60004	897600	905.7	905700	9.099976	9099	""osoba3""
""osoba3""		902.10004	902100	905.7	905700	4.5999756	4599	""osoba3""
""osoba3""		903.30005	903300	905.7	905700	3.3999634	3399	""osoba3""
""osoba4""		903.60004	903600	910.50006	910500	7.9000244	7900	""osoba4""
""osoba3""		905.4	905400	905.7	905700	1.2999878	1299	""osoba3""
""osoba4""		905.4	905400	910.50006	910500	6.1000366	6100	""osoba4""
""osoba4""		907.80005	907800	910.50006	910500	3.7000122	3700	""osoba4""
""osoba4""		910.50006	910500	910.50006	910500	1.0	1000	""osoba4""
""osoba1""		911.7	911700	914.4	914400	3.7000122	3700	""osoba1""
""osoba2""		912.00006	912000	912.00006	912000	1.0	1000	""osoba2""
""osoba4""		912.60004	912600	913.80005	913800	2.2000122	2200	""osoba4""
""osoba1""		913.50006	913500	914.4	914400	1.8999634	1899	""osoba1""
""osoba2""		915.00006	915000	930.00006	930000	16.0	16000	""osoba2""
""osoba2""		915.9	915900	930.00006	930000	15.100037	15100	""osoba2""
""osoba1""		916.50006	916500	916.50006	916500	1.0	1000	""osoba1""
""osoba2""		917.7	917700	930.00006	930000	13.300049	13300	""osoba2""
""osoba3""		917.7	917700	919.50006	919500	2.8000488	2800	""osoba3""
""osoba3""		919.2	919200	919.50006	919500	1.3000488	1300	""osoba3""
""osoba2""		921.9	921900	930.00006	930000	9.100037	9100	""osoba2""
""osoba2""		923.7	923700	930.00006	930000	7.300049	7300	""osoba2""
""osoba2""		924.60004	924600	930.00006	930000	6.4000244	6400	""osoba2""
""osoba3""		926.7	926700	926.7	926700	1.0	1000	""osoba3""
""osoba4""		928.50006	928500	936.30005	936300	8.799988	8799	""osoba4""
""osoba2""		929.4	929400	930.00006	930000	1.6000366	1600	""osoba2""
""osoba4""		931.2	931200	936.30005	936300	6.1000366	6100	""osoba4""
""osoba2""		933.00006	933000	936.9	936900	4.8999634	4899	""osoba2""
""osoba4""		933.00006	933000	936.30005	936300	4.299988	4299	""osoba4""
""osoba2""		934.2	934200	936.9	936900	3.7000122	3700	""osoba2""
""osoba1""		934.50006	934500	940.80005	940800	7.299988	7299	""osoba1""
""osoba2""		936.60004	936600	936.9	936900	1.2999878	1299	""osoba2""
""osoba4""		941.10004	941100	944.4	944400	4.299988	4299	""osoba4""
""osoba3""		941.4	941400	941.7	941700	1.2999878	1299	""osoba3""
""osoba4""		943.2	943200	944.4	944400	2.2000122	2200	""osoba4""
""osoba2""		944.4	944400	956.7	956700	13.299988	13299	""osoba2""
""osoba3""		946.80005	946800	949.50006	949500	3.7000122	3700	""osoba3""
""osoba4""		947.10004	947100	947.10004	947100	1.0	1000	""osoba4""
""osoba2""		948.30005	948300	956.7	956700	9.399963	9399	""osoba2""
""osoba1""		949.50006	949500	949.50006	949500	1.0	1000	""osoba1""
""osoba2""		953.10004	953100	956.7	956700	4.5999756	4599	""osoba2""
""osoba4""		953.10004	953100	953.4	953400	1.2999878	1299	""osoba4""
""osoba3""		954.9	954900	1043.4	1043400	89.5	89500	""osoba3""
""osoba2""		955.2	955200	956.7	956700	2.5	2500	""osoba2""
""osoba3""		957.9	957900	1043.4	1043400	86.5	86500	""osoba3""
""osoba4""		960.60004	960600	960.9	960900	1.2999878	1299	""osoba4""
""osoba3""		963.9	963900	1043.4	1043400	80.5	80500	""osoba3""
""osoba3""		964.80005	964800	1043.4	1043400	79.599976	79599	""osoba3""
""osoba3""		965.4	965400	1043.4	1043400	79.0	79000	""osoba3""
""osoba3""		966.30005	966300	1043.4	1043400	78.099976	78099	""osoba3""
""osoba2""		968.4	968400	968.4	968400	1.0	1000	""osoba2""
""osoba3""		969.60004	969600	1043.4	1043400	74.79999	74799	""osoba3""
""osoba3""		971.10004	971100	1043.4	1043400	73.29999	73299	""osoba3""
""osoba3""		973.80005	973800	1043.4	1043400	70.599976	70599	""osoba3""
""osoba1""		976.50006	976500	978.30005	978300	2.7999878	2799	""osoba1""
""osoba2""		978.60004	978600	978.60004	978600	1.0	1000	""osoba2""
""osoba3""		980.4	980400	1043.4	1043400	64.0	64000	""osoba3""
""osoba3""		981.60004	981600	1043.4	1043400	62.799988	62799	""osoba3""
""osoba3""		984.60004	984600	1043.4	1043400	59.799988	59799	""osoba3""
""osoba3""		990.00006	990000	1043.4	1043400	54.399963	54399	""osoba3""
""osoba3""		990.9	990900	1043.4	1043400	53.5	53500	""osoba3""
""osoba3""		991.50006	991500	1043.4	1043400	52.899963	52899	""osoba3""
""osoba3""		995.4	995400	1043.4	1043400	49.0	49000	""osoba3""
""osoba2""		996.30005	996300	998.10004	998100	2.7999878	2799	""osoba2""
""osoba2""		997.2	997200	998.10004	998100	1.9000244	1900	""osoba2""
""osoba3""		999.60004	999600	1043.4	1043400	44.799988	44799	""osoba3""
""osoba3""		1000.2	1000200	1043.4	1043400	44.200012	44200	""osoba3""
""osoba4""		1000.80005	1000800	1002.30005	1002300	2.5	2500	""osoba4""
""osoba3""		1004.4	1004400	1043.4	1043400	40.0	40000	""osoba3""
""osoba3""		1005.00006	1005000	1043.4	1043400	39.399963	39399	""osoba3""
""osoba2""		1005.30005	1005300	1005.9	1005900	1.5999756	1599	""osoba2""
""osoba3""		1006.50006	1006500	1043.4	1043400	37.899963	37899	""osoba3""
""osoba3""		1008.60004	1008600	1043.4	1043400	35.799988	35799	""osoba3""
""osoba3""		1009.2	1009200	1043.4	1043400	35.200012	35200	""osoba3""
""osoba3""		1012.2	1012200	1043.4	1043400	32.200012	32200	""osoba3""
""osoba3""		1018.80005	1018800	1043.4	1043400	25.599976	25599	""osoba3""
""osoba3""		1019.7	1019700	1043.4	1043400	24.700012	24700	""osoba3""
""osoba3""		1020.60004	1020600	1043.4	1043400	23.799988	23799	""osoba3""
""osoba3""		1021.2	1021200	1043.4	1043400	23.200012	23200	""osoba3""
""osoba4""		1022.4	1022400	1023.9	1023900	2.5	2500	""osoba4""
""osoba3""		1023.9	1023900	1043.4	1043400	20.5	20500	""osoba3""
""osoba3""		1028.4	1028400	1043.4	1043400	16.0	16000	""osoba3""
""osoba3""		1029.0	1029000	1043.4	1043400	15.400024	15400	""osoba3""
""osoba3""		1029.9	1029900	1043.4	1043400	14.5	14500	""osoba3""
""osoba3""		1030.8	1030800	1043.4	1043400	13.599976	13599	""osoba3""
""osoba4""		1035.3	1035300	1038.3	1038300	4.0	4000	""osoba4""
""osoba4""		1036.2001	1036200	1038.3	1038300	3.0999756	3099	""osoba4""
""osoba3""		1036.8	1036800	1043.4	1043400	7.5999756	7599	""osoba3""
""osoba3""		1039.8	1039800	1043.4	1043400	4.5999756	4599	""osoba3""
""osoba2""		1041.6001	1041600	1046.1001	1046100	5.5	5500	""osoba2""
""osoba3""		1041.6001	1041600	1043.4	1043400	2.7999268	2799	""osoba3""
""osoba1""		1045.5	1045500	1064.1001	1064100	19.600098	19600	""osoba1""
""osoba1""		1048.2001	1048200	1064.1001	1064100	16.900024	16900	""osoba1""
""osoba1""		1048.8	1048800	1064.1001	1064100	16.300049	16300	""osoba1""
""osoba3""		1049.7001	1049700	1050.0	1050000	1.2999268	1299	""osoba3""
""osoba1""		1051.2001	1051200	1064.1001	1064100	13.900024	13900	""osoba1""
""osoba1""		1052.4	1052400	1064.1001	1064100	12.700073	12700	""osoba1""
""osoba4""		1054.8	1054800	1057.2001	1057200	3.4000244	3400	""osoba4""
""osoba1""		1056.0	1056000	1064.1001	1064100	9.100098	9100	""osoba1""
""osoba1""		1056.9	1056900	1064.1001	1064100	8.200073	8200	""osoba1""
""osoba4""		1057.2001	1057200	1057.2001	1057200	1.0	1000	""osoba4""
""osoba3""		1062.6001	1062600	1064.4	1064400	2.7999268	2799	""osoba3""
""osoba4""		1064.7001	1064700	1067.7001	1067700	4.0	4000	""osoba4""
""osoba2""		1065.0	1065000	1088.7001	1088700	24.700073	24700	""osoba2""
""osoba4""		1065.9	1065900	1067.7001	1067700	2.8000488	2800	""osoba4""
""osoba2""		1068.9	1068900	1088.7001	1088700	20.800049	20800	""osoba2""
""osoba2""		1070.1001	1070100	1088.7001	1088700	19.599976	19599	""osoba2""
""osoba2""		1071.3	1071300	1088.7001	1088700	18.400024	18400	""osoba2""
""osoba2""		1076.1001	1076100	1088.7001	1088700	13.599976	13599	""osoba2""
""osoba2""		1076.7001	1076700	1088.7001	1088700	13.0	13000	""osoba2""
""osoba4""		1078.2001	1078200	1078.5	1078500	1.2999268	1299	""osoba4""
""osoba2""		1080.0	1080000	1088.7001	1088700	9.700073	9700	""osoba2""
""osoba2""		1081.2001	1081200	1088.7001	1088700	8.5	8500	""osoba2""
""osoba3""		1081.8	1081800	1084.5	1084500	3.6999512	3699	""osoba3""
""osoba3""		1086.9	1086900	1122.3	1122300	36.400024	36400	""osoba3""
""osoba3""		1089.9	1089900	1122.3	1122300	33.400024	33400	""osoba3""
""osoba3""		1091.1001	1091100	1122.3	1122300	32.19995	32199	""osoba3""
""osoba3""		1094.1001	1094100	1122.3	1122300	29.199951	29199	""osoba3""
""osoba2""		1095.0	1095000	1095.0	1095000	1.0	1000	""osoba2""
""osoba3""		1095.9	1095900	1122.3	1122300	27.400024	27400	""osoba3""
""osoba1""		1098.0	1098000	1104.0	1104000	7.0	7000	""osoba1""
""osoba2""		1098.3	1098300	1098.9	1098900	1.5999756	1599	""osoba2""
""osoba3""		1098.9	1098900	1122.3	1122300	24.400024	24400	""osoba3""
""osoba3""		1101.0	1101000	1122.3	1122300	22.300049	22300	""osoba3""
""osoba2""		1104.3	1104300	1104.6001	1104600	1.3000488	1300	""osoba2""
""osoba3""		1104.6001	1104600	1122.3	1122300	18.699951	18699	""osoba3""
""osoba3""		1105.8	1105800	1122.3	1122300	17.5	17500	""osoba3""
""osoba3""		1106.4	1106400	1122.3	1122300	16.900024	16900	""osoba3""
""osoba3""		1110.6001	1110600	1122.3	1122300	12.699951	12699	""osoba3""
""osoba3""		1111.8	1111800	1122.3	1122300	11.5	11500	""osoba3""
""osoba3""		1112.4	1112400	1122.3	1122300	10.900024	10900	""osoba3""
""osoba4""		1114.2001	1114200	1115.4	1115400	2.1999512	2199	""osoba4""
""osoba3""		1115.4	1115400	1122.3	1122300	7.9000244	7900	""osoba3""
""osoba3""		1117.2001	1117200	1122.3	1122300	6.0999756	6099	""osoba3""
""osoba3""		1117.8	1117800	1122.3	1122300	5.5	5500	""osoba3""
""osoba3""		1119.3	1119300	1122.3	1122300	4.0	4000	""osoba3""
""osoba3""		1120.8	1120800	1122.3	1122300	2.5	2500	""osoba3""
""osoba2""		1121.1001	1121100	1126.5	1126500	6.3999023	6399	""osoba2""
""osoba3""		1121.4	1121400	1122.3	1122300	1.9000244	1900	""osoba3""
""osoba2""		1124.4	1124400	1126.5	1126500	3.0999756	3099	""osoba2""
""osoba3""		1125.0	1125000	1131.3	1131300	7.300049	7300	""osoba3""
""osoba2""		1125.6001	1125600	1126.5	1126500	1.8999023	1899	""osoba2""
""osoba3""		1127.7001	1127700	1131.3	1131300	4.5999756	4599	""osoba3""
""osoba3""		1129.8	1129800	1131.3	1131300	2.5	2500	""osoba3""
""osoba2""		1131.6001	1131600	1137.6001	1137600	7.0	7000	""osoba2""
""osoba2""		1132.8	1132800	1137.6001	1137600	5.800049	5800	""osoba2""
""osoba2""		1134.9	1134900	1137.6001	1137600	3.7000732	3700	""osoba2""
""osoba3""		1135.8	1135800	1153.5	1153500	18.699951	18699	""osoba3""
""osoba1""		1136.4	1136400	1137.6001	1137600	2.2000732	2200	""osoba1""
""osoba3""		1139.4	1139400	1153.5	1153500	15.099976	15099	""osoba3""
""osoba3""		1140.9	1140900	1153.5	1153500	13.599976	13599	""osoba3""
""osoba3""		1142.1001	1142100	1153.5	1153500	12.399902	12399	""osoba3""
""osoba3""		1143.6001	1143600	1153.5	1153500	10.899902	10899	""osoba3""
""osoba3""		1146.0	1146000	1153.5	1153500	8.5	8500	""osoba3""
""osoba3""		1147.8	1147800	1153.5	1153500	6.699951	6699	""osoba3""
""osoba3""		1148.7001	1148700	1153.5	1153500	5.7999268	5799	""osoba3""
""osoba3""		1150.2001	1150200	1153.5	1153500	4.2999268	4299	""osoba3""
""osoba3""		1151.1001	1151100	1153.5	1153500	3.3999023	3399	""osoba3""
""osoba2""		1152.6001	1152600	1163.4	1163400	11.799927	11799	""osoba2""
""osoba2""		1153.5	1153500	1163.4	1163400	10.900024	10900	""osoba2""
""osoba2""		1155.0	1155000	1163.4	1163400	9.400024	9400	""osoba2""
""osoba2""		1156.2001	1156200	1163.4	1163400	8.199951	8199	""osoba2""
""osoba2""		1160.1001	1160100	1163.4	1163400	4.2999268	4299	""osoba2""
""osoba2""		1162.2001	1162200	1163.4	1163400	2.1999512	2199	""osoba2""
""osoba2""		1163.1001	1163100	1163.4	1163400	1.2999268	1299	""osoba2""
""osoba3""		1163.4	1163400	1167.6001	1167600	5.2000732	5200	""osoba3""
""osoba3""		1164.9	1164900	1167.6001	1167600	3.7000732	3700	""osoba3""
""osoba2""		1166.4	1166400	1191.6001	1191600	26.200073	26200	""osoba2""
""osoba2""		1170.3	1170300	1191.6001	1191600	22.300049	22300	""osoba2""
""osoba2""		1174.2001	1174200	1191.6001	1191600	18.400024	18400	""osoba2""
""osoba2""		1175.4	1175400	1191.6001	1191600	17.200073	17200	""osoba2""
""osoba2""		1176.3	1176300	1191.6001	1191600	16.300049	16300	""osoba2""
""osoba2""		1176.9	1176900	1191.6001	1191600	15.700073	15700	""osoba2""
""osoba2""		1181.4	1181400	1191.6001	1191600	11.200073	11200	""osoba2""
""osoba2""		1182.3	1182300	1191.6001	1191600	10.300049	10300	""osoba2""
""osoba1""		1184.1001	1184100	1184.4	1184400	1.2999268	1299	""osoba1""
""osoba2""		1186.8	1186800	1191.6001	1191600	5.800049	5800	""osoba2""
""osoba2""		1188.6001	1188600	1191.6001	1191600	4.0	4000	""osoba2""
""osoba1""		1189.2001	1189200	1193.7001	1193700	5.5	5500	""osoba1""
""osoba3""		1189.2001	1189200	1189.8	1189800	1.5999756	1599	""osoba3""
""osoba1""		1193.1001	1193100	1193.7001	1193700	1.5999756	1599	""osoba1""
""osoba4""		1193.4	1193400	1195.8	1195800	3.4000244	3400	""osoba4""
""osoba4""		1194.6001	1194600	1195.8	1195800	2.1999512	2199	""osoba4""
""osoba3""		1195.8	1195800	1198.2001	1198200	3.4000244	3400	""osoba3""
""osoba3""		1197.6001	1197600	1198.2001	1198200	1.5999756	1599	""osoba3""
""osoba2""		1198.5	1198500	1232.1001	1232100	34.600098	34600	""osoba2""
""osoba4""		1199.7001	1199700	1201.8	1201800	3.0999756	3099	""osoba4""
""osoba3""		1203.3	1203300	1203.9	1203900	1.5999756	1599	""osoba3""
""osoba2""		1203.6001	1203600	1232.1001	1232100	29.5	29500	""osoba2""
""osoba4""		1204.8	1204800	1205.1001	1205100	1.3000488	1300	""osoba4""
""osoba1""		1205.7001	1205700	1206.3	1206300	1.5999756	1599	""osoba1""
""osoba2""		1208.7001	1208700	1232.1001	1232100	24.400024	24400	""osoba2""
""osoba2""		1209.6001	1209600	1232.1001	1232100	23.5	23500	""osoba2""
""osoba2""		1211.4	1211400	1232.1001	1232100	21.700073	21700	""osoba2""
""osoba2""		1213.8	1213800	1232.1001	1232100	19.300049	19300	""osoba2""
""osoba4""		1214.4	1214400	1216.5	1216500	3.0999756	3099	""osoba4""
""osoba2""		1215.0	1215000	1232.1001	1232100	18.100098	18100	""osoba2""
""osoba3""		1215.3	1215300	1218.9	1218900	4.5999756	4599	""osoba3""
""osoba3""		1217.4	1217400	1218.9	1218900	2.5	2500	""osoba3""
""osoba2""		1218.3	1218300	1232.1001	1232100	14.800049	14800	""osoba2""
""osoba2""		1219.2001	1219200	1232.1001	1232100	13.900024	13900	""osoba2""
""osoba2""		1221.0	1221000	1232.1001	1232100	12.100098	12100	""osoba2""
""osoba2""		1222.5	1222500	1232.1001	1232100	10.600098	10600	""osoba2""
""osoba2""		1223.1001	1223100	1232.1001	1232100	10.0	10000	""osoba2""
""osoba2""		1224.6001	1224600	1232.1001	1232100	8.5	8500	""osoba2""
""osoba2""		1227.3	1227300	1232.1001	1232100	5.800049	5800	""osoba2""
""osoba1""		1227.6001	1227600	1228.2001	1228200	1.5999756	1599	""osoba1""
""osoba2""		1230.6001	1230600	1232.1001	1232100	2.5	2500	""osoba2""
""osoba4""		1232.4	1232400	1236.6001	1236600	5.2000732	5200	""osoba4""
""osoba4""		1234.2001	1234200	1236.6001	1236600	3.4000244	3400	""osoba4""
""osoba4""		1234.8	1234800	1236.6001	1236600	2.8000488	2800	""osoba4""
""osoba3""		1235.4	1235400	1242.0	1242000	7.5999756	7599	""osoba3""
""osoba2""		1236.3	1236300	1236.9	1236900	1.5999756	1599	""osoba2""
""osoba4""		1240.5	1240500	1242.3	1242300	2.8000488	2800	""osoba4""
""osoba2""		1241.7001	1241700	1258.2001	1258200	17.5	17500	""osoba2""
""osoba3""		1241.7001	1241700	1242.0	1242000	1.2999268	1299	""osoba3""
""osoba4""		1242.3	1242300	1242.3	1242300	1.0	1000	""osoba4""
""osoba1""		1243.8	1243800	1246.2001	1246200	3.4000244	3400	""osoba1""
""osoba2""		1249.5	1249500	1258.2001	1258200	9.700073	9700	""osoba2""
""osoba1""		1250.4	1250400	1252.2001	1252200	2.8000488	2800	""osoba1""
""osoba2""		1250.4	1250400	1258.2001	1258200	8.800049	8800	""osoba2""
""osoba2""		1253.7001	1253700	1258.2001	1258200	5.5	5500	""osoba2""
""osoba2""		1255.5	1255500	1258.2001	1258200	3.7000732	3700	""osoba2""
""osoba2""		1256.4	1256400	1258.2001	1258200	2.8000488	2800	""osoba2""
""osoba2""		1257.9	1257900	1258.2001	1258200	1.3000488	1300	""osoba2""
""osoba3""		1258.2001	1258200	1259.4	1259400	2.1999512	2199	""osoba3""
""osoba4""		1259.7001	1259700	1285.2001	1285200	26.5	26500	""osoba4""
""osoba4""		1263.0	1263000	1285.2001	1285200	23.200073	23200	""osoba4""
""osoba4""		1263.6001	1263600	1285.2001	1285200	22.599976	22599	""osoba4""
""osoba3""		1264.2001	1264200	1264.5	1264500	1.2999268	1299	""osoba3""
""osoba4""		1268.1001	1268100	1285.2001	1285200	18.099976	18099	""osoba4""
""osoba4""		1268.7001	1268700	1285.2001	1285200	17.5	17500	""osoba4""
""osoba4""		1269.3	1269300	1285.2001	1285200	16.900024	16900	""osoba4""
""osoba4""		1272.0	1272000	1285.2001	1285200	14.200073	14200	""osoba4""
""osoba4""		1272.9	1272900	1285.2001	1285200	13.300049	13300	""osoba4""
""osoba4""		1273.5	1273500	1285.2001	1285200	12.700073	12700	""osoba4""
""osoba4""		1274.1001	1274100	1285.2001	1285200	12.099976	12099	""osoba4""
""osoba4""		1274.7001	1274700	1285.2001	1285200	11.5	11500	""osoba4""
""osoba4""		1276.8	1276800	1285.2001	1285200	9.400024	9400	""osoba4""
""osoba4""		1278.3	1278300	1285.2001	1285200	7.9000244	7900	""osoba4""
""osoba3""		1280.1001	1280100	1280.4	1280400	1.2999268	1299	""osoba3""
""osoba4""		1281.9	1281900	1285.2001	1285200	4.300049	4300	""osoba4""
""osoba4""		1283.4	1283400	1285.2001	1285200	2.8000488	2800	""osoba4""
""osoba3""		1284.3	1284300	1285.2001	1285200	1.9000244	1900	""osoba3""
""osoba1""		1285.2001	1285200	1291.2001	1291200	7.0	7000	""osoba1""
""osoba2""		1285.5	1285500	1296.0	1296000	11.5	11500	""osoba2""
""osoba4""		1288.2001	1288200	1288.2001	1288200	1.0	1000	""osoba4""
""osoba3""		1288.5	1288500	1288.8	1288800	1.3000488	1300	""osoba3""
""osoba2""		1290.0	1290000	1296.0	1296000	7.0	7000	""osoba2""
""osoba2""		1293.6001	1293600	1296.0	1296000	3.3999023	3399	""osoba2""
""osoba2""		1295.4	1295400	1296.0	1296000	1.5999756	1599	""osoba2""
""osoba4""		1295.4	1295400	1308.6001	1308600	14.200073	14200	""osoba4""
""osoba1""		1295.7001	1295700	1295.7001	1295700	1.0	1000	""osoba1""
""osoba3""		1296.0	1296000	1296.0	1296000	1.0	1000	""osoba3""
""osoba4""		1297.2001	1297200	1308.6001	1308600	12.400024	12400	""osoba4""
""osoba4""		1298.7001	1298700	1308.6001	1308600	10.900024	10900	""osoba4""
""osoba4""		1300.5	1300500	1308.6001	1308600	9.100098	9100	""osoba4""
""osoba3""		1301.4	1301400	1302.0	1302000	1.5999756	1599	""osoba3""
""osoba4""		1303.8	1303800	1308.6001	1308600	5.800049	5800	""osoba4""
""osoba4""		1306.8	1306800	1308.6001	1308600	2.8000488	2800	""osoba4""
""osoba4""		1307.4	1307400	1308.6001	1308600	2.2000732	2200	""osoba4""
""osoba3""		1308.3	1308300	1325.7001	1325700	18.400024	18400	""osoba3""
""osoba2""		1308.9	1308900	1310.1001	1310100	2.2000732	2200	""osoba2""
""osoba3""		1311.3	1311300	1325.7001	1325700	15.400024	15400	""osoba3""
""osoba3""		1312.2001	1312200	1325.7001	1325700	14.5	14500	""osoba3""
""osoba3""		1313.7001	1313700	1325.7001	1325700	13.0	13000	""osoba3""
""osoba4""		1314.9	1314900	1317.0	1317000	3.0999756	3099	""osoba4""
""osoba3""		1315.2001	1315200	1325.7001	1325700	11.5	11500	""osoba3""
""osoba3""		1315.8	1315800	1325.7001	1325700	10.900024	10900	""osoba3""
""osoba3""		1316.4	1316400	1325.7001	1325700	10.300049	10300	""osoba3""
""osoba3""		1319.1001	1319100	1325.7001	1325700	7.5999756	7599	""osoba3""
""osoba3""		1320.6001	1320600	1325.7001	1325700	6.0999756	6099	""osoba3""
""osoba3""		1321.2001	1321200	1325.7001	1325700	5.5	5500	""osoba3""
""osoba3""		1322.7001	1322700	1325.7001	1325700	4.0	4000	""osoba3""
""osoba4""		1323.6001	1323600	1337.4	1337400	14.799927	14799	""osoba4""
""osoba3""		1324.8	1324800	1325.7001	1325700	1.9000244	1900	""osoba3""
""osoba2""		1325.7001	1325700	1328.7001	1328700	4.0	4000	""osoba2""
""osoba4""		1326.6001	1326600	1337.4	1337400	11.799927	11799	""osoba4""
""osoba4""		1327.2001	1327200	1337.4	1337400	11.199951	11199	""osoba4""
""osoba2""		1327.8	1327800	1328.7001	1328700	1.9000244	1900	""osoba2""
""osoba4""		1329.0	1329000	1337.4	1337400	9.400024	9400	""osoba4""
""osoba1""		1331.1001	1331100	1331.4	1331400	1.2999268	1299	""osoba1""
""osoba4""		1334.4	1334400	1337.4	1337400	4.0	4000	""osoba4""
""osoba4""		1335.3	1335300	1337.4	1337400	3.0999756	3099	""osoba4""
""osoba2""		1335.6001	1335600	1335.6001	1335600	1.0	1000	""osoba2""
""osoba4""		1336.2001	1336200	1337.4	1337400	2.1999512	2199	""osoba4""
""osoba3""		1336.5	1336500	1344.0	1344000	8.5	8500	""osoba3""
""osoba2""		1343.4	1343400	1344.3	1344300	1.9000244	1900	""osoba2""
""osoba4""		1344.9	1344900	1360.8	1360800	16.900024	16900	""osoba4""
""osoba4""		1345.5	1345500	1360.8	1360800	16.300049	16300	""osoba4""
""osoba4""		1346.1001	1346100	1360.8	1360800	15.699951	15699	""osoba4""
""osoba4""		1347.6001	1347600	1360.8	1360800	14.199951	14199	""osoba4""
""osoba4""		1348.5	1348500	1360.8	1360800	13.300049	13300	""osoba4""
""osoba1""		1349.1001	1349100	1350.0	1350000	1.8999023	1899	""osoba1""
""osoba4""		1349.4	1349400	1360.8	1360800	12.400024	12400	""osoba4""
""osoba4""		1353.9	1353900	1360.8	1360800	7.9000244	7900	""osoba4""
""osoba4""		1354.5	1354500	1360.8	1360800	7.300049	7300	""osoba4""
""osoba2""		1355.4	1355400	1355.7001	1355700	1.3000488	1300	""osoba2""
""osoba4""		1355.4	1355400	1360.8	1360800	6.4000244	6400	""osoba4""
""osoba3""		1360.2001	1360200	1370.4	1370400	11.199951	11199	""osoba3""
""osoba3""		1364.4	1364400	1370.4	1370400	7.0	7000	""osoba3""
""osoba3""		1365.6001	1365600	1370.4	1370400	5.7999268	5799	""osoba3""
""osoba3""		1366.8	1366800	1370.4	1370400	4.5999756	4599	""osoba3""
""osoba3""		1368.3	1368300	1370.4	1370400	3.0999756	3099	""osoba3""
""osoba3""		1368.9	1368900	1370.4	1370400	2.5	2500	""osoba3""
""osoba2""		1369.5	1369500	1375.2001	1375200	6.7000732	6700	""osoba2""
""osoba2""		1374.3	1374300	1375.2001	1375200	1.9000244	1900	""osoba2""
""osoba1""		1374.9	1374900	1381.2001	1381200	7.300049	7300	""osoba1""
""osoba1""		1378.8	1378800	1381.2001	1381200	3.4000244	3400	""osoba1""
""osoba1""		1380.0	1380000	1381.2001	1381200	2.2000732	2200	""osoba1""
""osoba1""		1380.6001	1380600	1381.2001	1381200	1.5999756	1599	""osoba1""
""osoba3""		1381.2001	1381200	1386.3	1386300	6.0999756	6099	""osoba3""
""osoba3""		1383.3	1383300	1386.3	1386300	4.0	4000	""osoba3""
""osoba3""		1384.8	1384800	1386.3	1386300	2.5	2500	""osoba3""
""osoba2""		1386.3	1386300	1414.2001	1414200	28.900024	28900	""osoba2""
""osoba2""		1388.4	1388400	1414.2001	1414200	26.800049	26800	""osoba2""
""osoba3""		1391.7001	1391700	1392.3	1392300	1.5999756	1599	""osoba3""
""osoba2""		1393.8	1393800	1414.2001	1414200	21.400024	21400	""osoba2""
""osoba2""		1396.2001	1396200	1414.2001	1414200	19.0	19000	""osoba2""
""osoba2""		1396.8	1396800	1414.2001	1414200	18.400024	18400	""osoba2""
""osoba3""		1397.7001	1397700	1398.3	1398300	1.5999756	1599	""osoba3""
""osoba1""		1400.1001	1400100	1400.1001	1400100	1.0	1000	""osoba1""
""osoba2""		1401.9	1401900	1414.2001	1414200	13.300049	13300	""osoba2""
""osoba3""		1403.4	1403400	1403.4	1403400	1.0	1000	""osoba3""
""osoba2""		1405.5	1405500	1414.2001	1414200	9.700073	9700	""osoba2""
""osoba2""		1406.4	1406400	1414.2001	1414200	8.800049	8800	""osoba2""
""osoba2""		1412.4	1412400	1414.2001	1414200	2.8000488	2800	""osoba2""
""osoba3""		1413.9	1413900	1415.4	1415400	2.5	2500	""osoba3""
""osoba4""		1415.7001	1415700	1427.4	1427400	12.699951	12699	""osoba4""
""osoba3""		1418.1001	1418100	1418.7001	1418700	1.5999756	1599	""osoba3""
""osoba1""		1418.7001	1418700	1420.2001	1420200	2.5	2500	""osoba1""
""osoba2""		1423.5	1423500	1425.0	1425000	2.5	2500	""osoba2""
""osoba4""		1426.8	1426800	1427.4	1427400	1.5999756	1599	""osoba4""
""osoba3""		1428.0	1428000	1456.8	1456800	29.800049	29800	""osoba3""
""osoba4""		1429.8	1429800	1429.8	1429800	1.0	1000	""osoba4""
""osoba3""		1433.1001	1433100	1456.8	1456800	24.699951	24699	""osoba3""
""osoba2""		1433.4	1433400	1433.7001	1433700	1.3000488	1300	""osoba2""
""osoba3""		1435.8	1435800	1456.8	1456800	22.0	22000	""osoba3""
""osoba3""		1437.9	1437900	1456.8	1456800	19.900024	19900	""osoba3""
""osoba4""		1438.2001	1438200	1438.2001	1438200	1.0	1000	""osoba4""
""osoba3""		1440.3	1440300	1456.8	1456800	17.5	17500	""osoba3""
""osoba3""		1442.7001	1442700	1456.8	1456800	15.099976	15099	""osoba3""
""osoba1""		1443.9	1443900	1444.2001	1444200	1.3000488	1300	""osoba1""
""osoba3""		1445.4	1445400	1456.8	1456800	12.400024	12400	""osoba3""
""osoba2""		1446.0	1446000	1447.5	1447500	2.5	2500	""osoba2""
""osoba3""		1447.2001	1447200	1456.8	1456800	10.599976	10599	""osoba3""
""osoba4""		1448.7001	1448700	1449.0	1449000	1.2999268	1299	""osoba4""
""osoba3""		1450.5	1450500	1456.8	1456800	7.300049	7300	""osoba3""
""osoba4""		1452.0	1452000	1452.0	1452000	1.0	1000	""osoba4""
""osoba3""		1452.3	1452300	1456.8	1456800	5.5	5500	""osoba3""
""osoba4""		1455.3	1455300	1470.3	1470300	16.0	16000	""osoba4""
""osoba3""		1456.5	1456500	1456.8	1456800	1.3000488	1300	""osoba3""
""osoba4""		1456.5	1456500	1470.3	1470300	14.800049	14800	""osoba4""
""osoba4""		1458.0	1458000	1470.3	1470300	13.300049	13300	""osoba4""
""osoba4""		1459.2001	1459200	1470.3	1470300	12.099976	12099	""osoba4""
""osoba4""		1459.8	1459800	1470.3	1470300	11.5	11500	""osoba4""
""osoba3""		1461.3	1461300	1461.9	1461900	1.5999756	1599	""osoba3""
""osoba2""		1464.3	1464300	1464.3	1464300	1.0	1000	""osoba2""
""osoba4""		1466.1001	1466100	1470.3	1470300	5.199951	5199	""osoba4""
""osoba4""		1466.7001	1466700	1470.3	1470300	4.5999756	4599	""osoba4""
""osoba4""		1467.3	1467300	1470.3	1470300	4.0	4000	""osoba4""
""osoba3""		1469.7001	1469700	1470.3	1470300	1.5999756	1599	""osoba3""
""osoba4""		1472.4	1472400	1479.6001	1479600	8.200073	8200	""osoba4""
""osoba2""		1473.3	1473300	1473.6001	1473600	1.3000488	1300	""osoba2""
""osoba4""		1475.7001	1475700	1479.6001	1479600	4.9000244	4900	""osoba4""
""osoba3""		1479.6001	1479600	1485.3	1485300	6.699951	6699	""osoba3""
""osoba3""		1481.4	1481400	1485.3	1485300	4.9000244	4900	""osoba3""
""osoba3""		1482.0	1482000	1485.3	1485300	4.300049	4300	""osoba3""
""osoba3""		1482.6001	1482600	1485.3	1485300	3.6999512	3699	""osoba3""
""osoba4""		1484.7001	1484700	1491.0	1491000	7.2999268	7299	""osoba4""
""osoba4""		1486.2001	1486200	1491.0	1491000	5.7999268	5799	""osoba4""
""osoba2""		1486.5	1486500	1489.2001	1489200	3.7000732	3700	""osoba2""
""osoba2""		1487.7001	1487700	1489.2001	1489200	2.5	2500	""osoba2""
""osoba2""		1488.3	1488300	1489.2001	1489200	1.9000244	1900	""osoba2""
""osoba4""		1488.6001	1488600	1491.0	1491000	3.3999023	3399	""osoba4""
""osoba4""		1490.4	1490400	1491.0	1491000	1.5999756	1599	""osoba4""
""osoba3""		1491.0	1491000	1491.6001	1491600	1.6000977	1600	""osoba3""
""osoba2""		1491.9	1491900	1499.7001	1499700	8.800049	8800	""osoba2""
""osoba2""		1493.7001	1493700	1499.7001	1499700	7.0	7000	""osoba2""
""osoba2""		1494.9	1494900	1499.7001	1499700	5.800049	5800	""osoba2""
""osoba2""		1495.8	1495800	1499.7001	1499700	4.9000244	4900	""osoba2""
""osoba2""		1497.9	1497900	1499.7001	1499700	2.8000488	2800	""osoba2""
""osoba1""		1500.0	1500000	1500.9	1500900	1.9000244	1900	""osoba1""
""osoba3""		1501.2001	1501200	1507.2001	1507200	7.0	7000	""osoba3""
""osoba3""		1502.1001	1502100	1507.2001	1507200	6.0999756	6099	""osoba3""
""osoba2""		1503.3	1503300	1504.8	1504800	2.5	2500	""osoba2""
""osoba4""		1504.5	1504500	1518.9	1518900	15.400024	15400	""osoba4""
""osoba1""		1505.7001	1505700	1506.9	1506900	2.1999512	2199	""osoba1""
""osoba4""		1508.4	1508400	1518.9	1518900	11.5	11500	""osoba4""
""osoba2""		1510.5	1510500	1511.1001	1511100	1.6000977	1600	""osoba2""
""osoba4""		1512.3	1512300	1518.9	1518900	7.5999756	7599	""osoba4""
""osoba4""		1513.5	1513500	1518.9	1518900	6.4000244	6400	""osoba4""
""osoba4""		1514.1001	1514100	1518.9	1518900	5.7999268	5799	""osoba4""
""osoba4""		1515.0	1515000	1518.9	1518900	4.9000244	4900	""osoba4""
""osoba3""		1516.5	1516500	1516.8	1516800	1.3000488	1300	""osoba3""
""osoba4""		1517.7001	1517700	1518.9	1518900	2.1999512	2199	""osoba4""
""osoba2""		1518.6001	1518600	1525.8	1525800	8.199951	8199	""osoba2""
""osoba2""		1520.4	1520400	1525.8	1525800	6.4000244	6400	""osoba2""
""osoba2""		1522.2001	1522200	1525.8	1525800	4.5999756	4599	""osoba2""
""osoba1""		1524.3	1524300	1554.9	1554900	31.599976	31599	""osoba1""
""osoba1""		1527.0	1527000	1554.9	1554900	28.900024	28900	""osoba1""
""osoba1""		1531.5	1531500	1554.9	1554900	24.400024	24400	""osoba1""
""osoba1""		1532.7001	1532700	1554.9	1554900	23.199951	23199	""osoba1""
""osoba1""		1533.9	1533900	1554.9	1554900	22.0	22000	""osoba1""
""osoba1""		1538.4	1538400	1554.9	1554900	17.5	17500	""osoba1""
""osoba1""		1540.8	1540800	1554.9	1554900	15.099976	15099	""osoba1""
""osoba1""		1541.4	1541400	1554.9	1554900	14.5	14500	""osoba1""
""osoba3""		1542.0001	1542000	1543.2001	1543200	2.1999512	2199	""osoba3""
""osoba1""		1545.0001	1545000	1554.9	1554900	10.899902	10899	""osoba1""
""osoba4""		1545.6001	1545600	1545.9	1545900	1.2999268	1299	""osoba4""
""osoba1""		1548.0001	1548000	1554.9	1554900	7.8999023	7899	""osoba1""
""osoba1""		1551.6001	1551600	1554.9	1554900	4.2999268	4299	""osoba1""
""osoba1""		1552.8	1552800	1554.9	1554900	3.0999756	3099	""osoba1""
""osoba2""		1554.3	1554300	1571.7001	1571700	18.400024	18400	""osoba2""
""osoba2""		1556.7001	1556700	1571.7001	1571700	16.0	16000	""osoba2""
""osoba2""		1560.0001	1560000	1571.7001	1571700	12.699951	12699	""osoba2""
""osoba2""		1560.6001	1560600	1571.7001	1571700	12.099976	12099	""osoba2""
""osoba2""		1563.9	1563900	1571.7001	1571700	8.800049	8800	""osoba2""
""osoba3""		1565.1001	1565100	1566.6001	1566600	2.5	2500	""osoba3""
""osoba3""		1570.5001	1570500	1596.9	1596900	27.399902	27399	""osoba3""
""osoba2""		1570.8	1570800	1571.7001	1571700	1.9000244	1900	""osoba2""
""osoba3""		1573.5001	1573500	1596.9	1596900	24.399902	24399	""osoba3""
""osoba3""		1574.1001	1574100	1596.9	1596900	23.799927	23799	""osoba3""
""osoba3""		1575.3	1575300	1596.9	1596900	22.599976	22599	""osoba3""
""osoba3""		1576.5001	1576500	1596.9	1596900	21.399902	21399	""osoba3""
""osoba3""		1577.7001	1577700	1596.9	1596900	20.199951	20199	""osoba3""
""osoba3""		1578.9	1578900	1596.9	1596900	19.0	19000	""osoba3""
""osoba3""		1579.8	1579800	1596.9	1596900	18.099976	18099	""osoba3""
""osoba4""		1581.0001	1581000	1581.3	1581300	1.2999268	1299	""osoba4""
""osoba3""		1582.2001	1582200	1596.9	1596900	15.699951	15699	""osoba3""
""osoba3""		1584.6001	1584600	1596.9	1596900	13.299927	13299	""osoba3""
""osoba3""		1587.0001	1587000	1596.9	1596900	10.899902	10899	""osoba3""
""osoba3""		1587.6001	1587600	1596.9	1596900	10.299927	10299	""osoba3""
""osoba3""		1588.8	1588800	1596.9	1596900	9.099976	9099	""osoba3""
""osoba3""		1592.1001	1592100	1596.9	1596900	5.7999268	5799	""osoba3""
""osoba3""		1593.0001	1593000	1596.9	1596900	4.8999023	4899	""osoba3""
""osoba3""		1593.9	1593900	1596.9	1596900	4.0	4000	""osoba3""
""osoba3""		1595.1001	1595100	1596.9	1596900	2.7999268	2799	""osoba3""
""osoba1""		1596.3	1596300	1599.0001	1599000	3.7000732	3700	""osoba1""
""osoba3""		1596.6001	1596600	1596.9	1596900	1.2999268	1299	""osoba3""
""osoba1""		1597.2001	1597200	1599.0001	1599000	2.8000488	2800	""osoba1""
""osoba3""		1599.0001	1599000	1607.4	1607400	9.399902	9399	""osoba3""
""osoba3""		1600.5001	1600500	1607.4	1607400	7.8999023	7899	""osoba3""
""osoba3""		1605.9	1605900	1607.4	1607400	2.5	2500	""osoba3""
""osoba1""		1608.3	1608300	1613.1001	1613100	5.800049	5800	""osoba1""
""osoba1""		1609.2001	1609200	1613.1001	1613100	4.9000244	4900	""osoba1""
""osoba1""		1610.1001	1610100	1613.1001	1613100	4.0	4000	""osoba1""
""osoba3""		1610.1001	1610100	1611.3	1611300	2.1999512	2199	""osoba3""
""osoba2""		1611.0001	1611000	1613.7001	1613700	3.6999512	3699	""osoba2""
""osoba3""		1613.4	1613400	1620.3	1620300	7.9000244	7900	""osoba3""
""osoba3""		1614.9	1614900	1620.3	1620300	6.4000244	6400	""osoba3""
""osoba3""		1617.9	1617900	1620.3	1620300	3.4000244	3400	""osoba3""
""osoba3""		1619.4	1619400	1620.3	1620300	1.9000244	1900	""osoba3""
""osoba4""		1620.0001	1620000	1620.3	1620300	1.2999268	1299	""osoba4""
