"default"		0.0	0	1.0	1000	1.0	1000	BEGIN
"default"		1620.3	1620300	1620.31	1621300	1.0	1000	END
""osoba3""		7.8	7800	10.8	10800	4.0	4000	""osoba3""
""osoba2""		10.8	10800	18.300001	18300	8.500001	8500	""osoba2""
""osoba2""		12.900001	12900	18.300001	18300	6.4000006	6400	""osoba2""
""osoba2""		13.8	13800	18.300001	18300	5.500001	5500	""osoba2""
""osoba2""		15.900001	15900	18.300001	18300	3.4000006	3400	""osoba2""
""osoba2""		16.800001	16800	18.300001	18300	2.5	2500	""osoba2""
""osoba1""		17.1	17100	21.300001	21300	5.200001	5200	""osoba1""
""osoba2""		18.300001	18300	18.300001	18300	1.0	1000	""osoba2""
""osoba1""		18.900002	18900	21.300001	21300	3.3999996	3399	""osoba1""
""osoba4""		18.900002	18900	27.900002	27900	10.0	10000	""osoba4""
""osoba4""		23.1	23100	27.900002	27900	5.800001	5800	""osoba4""
""osoba4""		24.300001	24300	27.900002	27900	4.6000004	4600	""osoba4""
""osoba4""		26.400002	26400	27.900002	27900	2.5	2500	""osoba4""
""osoba4""		27.300001	27300	27.900002	27900	1.6000004	1600	""osoba4""
""osoba2""		27.6	27600	37.800003	37800	11.200003	11200	""osoba2""
""osoba2""		29.400002	29400	37.800003	37800	9.400002	9400	""osoba2""
""osoba2""		31.500002	31500	37.800003	37800	7.300001	7300	""osoba2""
""osoba3""		31.500002	31500	32.7	32700	2.1999989	2199	""osoba3""
""osoba2""		34.5	34500	37.800003	37800	4.300003	4300	""osoba2""
""osoba1""		36.600002	36600	49.500004	49500	13.900002	13900	""osoba1""
""osoba1""		39.300003	39300	49.500004	49500	11.200001	11200	""osoba1""
""osoba1""		40.5	40500	49.500004	49500	10.000004	10000	""osoba1""
""osoba1""		41.7	41700	49.500004	49500	8.800003	8800	""osoba1""
""osoba1""		43.2	43200	49.500004	49500	7.300003	7300	""osoba1""
""osoba1""		44.7	44700	49.500004	49500	5.800003	5800	""osoba1""
""osoba1""		46.2	46200	49.500004	49500	4.300003	4300	""osoba1""
""osoba2""		47.4	47400	67.8	67800	21.400002	21400	""osoba2""
""osoba1""		48.600002	48600	49.500004	49500	1.9000015	1900	""osoba1""
""osoba4""		52.500004	52500	53.100002	53100	1.5999985	1599	""osoba4""
""osoba2""		54.300003	54300	67.8	67800	14.5	14500	""osoba2""
""osoba2""		56.7	56700	67.8	67800	12.100002	12100	""osoba2""
""osoba2""		57.300003	57300	67.8	67800	11.5	11500	""osoba2""
""osoba3""		57.600002	57600	60.300003	60300	3.7000008	3700	""osoba3""
""osoba2""		59.100002	59100	67.8	67800	9.700001	9700	""osoba2""
""osoba3""		59.100002	59100	60.300003	60300	2.2000008	2200	""osoba3""
""osoba2""		61.500004	61500	67.8	67800	7.299999	7299	""osoba2""
""osoba1""		61.800003	61800	61.800003	61800	1.0	1000	""osoba1""
""osoba2""		62.4	62400	67.8	67800	6.4000015	6400	""osoba2""
""osoba3""		68.700005	68700	70.200005	70200	2.5	2500	""osoba3""
""osoba2""		70.200005	70200	84.9	84900	15.699997	15699	""osoba2""
""osoba3""		70.200005	70200	70.200005	70200	1.0	1000	""osoba3""
""osoba2""		71.100006	71100	84.9	84900	14.799995	14799	""osoba2""
""osoba2""		72.0	72000	84.9	84900	13.900002	13900	""osoba2""
""osoba3""		73.8	73800	76.200005	76200	3.4000015	3400	""osoba3""
""osoba3""		74.4	74400	76.200005	76200	2.800003	2800	""osoba3""
""osoba2""		75.0	75000	84.9	84900	10.900002	10900	""osoba2""
""osoba1""		78.600006	78600	78.9	78900	1.2999954	1299	""osoba1""
""osoba1""		81.0	81000	82.5	82500	2.5	2500	""osoba1""
""osoba2""		83.4	83400	84.9	84900	2.5	2500	""osoba2""
""osoba3""		84.3	84300	94.200005	94200	10.900002	10900	""osoba3""
""osoba3""		89.700005	89700	94.200005	94200	5.5	5500	""osoba3""
""osoba3""		91.200005	91200	94.200005	94200	4.0	4000	""osoba3""
""osoba3""		92.4	92400	94.200005	94200	2.800003	2800	""osoba3""
""osoba1""		92.700005	92700	93.9	93900	2.199997	2199	""osoba1""
""osoba2""		92.700005	92700	96.3	96300	4.5999985	4599	""osoba2""
""osoba4""		95.100006	95100	105.00001	105000	10.900002	10900	""osoba4""
""osoba4""		97.200005	97200	105.00001	105000	8.800003	8800	""osoba4""
""osoba4""		98.4	98400	105.00001	105000	7.600006	7600	""osoba4""
""osoba4""		99.9	99900	105.00001	105000	6.100006	6100	""osoba4""
""osoba3""		103.8	103800	109.200005	109200	6.4000015	6400	""osoba3""
""osoba3""		106.200005	106200	109.200005	109200	4.0	4000	""osoba3""
""osoba2""		106.50001	106500	107.100006	107100	1.5999985	1599	""osoba2""
""osoba2""		107.100006	107100	107.100006	107100	1.0	1000	""osoba2""
""osoba3""		107.4	107400	109.200005	109200	2.800003	2800	""osoba3""
""osoba4""		108.00001	108000	118.200005	118200	11.199997	11199	""osoba4""
""osoba3""		108.3	108300	109.200005	109200	1.9000015	1900	""osoba3""
""osoba4""		114.00001	114000	118.200005	118200	5.199997	5199	""osoba4""
""osoba4""		114.9	114900	118.200005	118200	4.300003	4300	""osoba4""
""osoba4""		115.8	115800	118.200005	118200	3.4000015	3400	""osoba4""
""osoba4""		116.4	116400	118.200005	118200	2.800003	2800	""osoba4""
""osoba4""		117.00001	117000	118.200005	118200	2.199997	2199	""osoba4""
""osoba4""		118.200005	118200	118.200005	118200	1.0	1000	""osoba4""
""osoba3""		118.50001	118500	119.4	119400	1.8999939	1899	""osoba3""
""osoba1""		119.4	119400	147.90001	147900	29.500008	29500	""osoba1""
""osoba1""		120.600006	120600	147.90001	147900	28.300003	28300	""osoba1""
""osoba1""		123.00001	123000	147.90001	147900	25.900002	25900	""osoba1""
""osoba1""		124.50001	124500	147.90001	147900	24.400002	24400	""osoba1""
""osoba1""		125.700005	125700	147.90001	147900	23.200005	23200	""osoba1""
""osoba1""		129.90001	129900	147.90001	147900	19.0	19000	""osoba1""
""osoba1""		133.20001	133200	147.90001	147900	15.699997	15699	""osoba1""
""osoba1""		133.8	133800	147.90001	147900	15.100006	15100	""osoba1""
""osoba1""		134.40001	134400	147.90001	147900	14.5	14500	""osoba1""
""osoba1""		135.0	135000	147.90001	147900	13.900009	13900	""osoba1""
""osoba1""		136.20001	136200	147.90001	147900	12.699997	12699	""osoba1""
""osoba1""		137.40001	137400	147.90001	147900	11.5	11500	""osoba1""
""osoba1""		138.90001	138900	147.90001	147900	10.0	10000	""osoba1""
""osoba1""		139.5	139500	147.90001	147900	9.400009	9400	""osoba1""
""osoba1""		140.1	140100	147.90001	147900	8.800003	8800	""osoba1""
""osoba1""		140.70001	140700	147.90001	147900	8.199997	8199	""osoba1""
""osoba1""		143.40001	143400	147.90001	147900	5.5	5500	""osoba1""
""osoba1""		144.90001	144900	147.90001	147900	4.0	4000	""osoba1""
""osoba4""		146.70001	146700	161.70001	161700	16.0	16000	""osoba4""
""osoba2""		147.0	147000	147.3	147300	1.300003	1300	""osoba2""
""osoba3""		150.3	150300	150.90001	150900	1.6000061	1600	""osoba3""
""osoba4""		151.8	151800	161.70001	161700	10.900009	10900	""osoba4""
""osoba4""		152.70001	152700	161.70001	161700	10.0	10000	""osoba4""
""osoba1""		154.8	154800	155.40001	155400	1.6000061	1600	""osoba1""
""osoba4""		156.0	156000	161.70001	161700	6.700012	6700	""osoba4""
""osoba4""		157.5	157500	161.70001	161700	5.200012	5200	""osoba4""
""osoba4""		159.90001	159900	161.70001	161700	2.800003	2800	""osoba4""
""osoba2""		160.20001	160200	166.8	166800	7.599991	7599	""osoba2""
""osoba2""		163.20001	163200	166.8	166800	4.599991	4599	""osoba2""
""osoba2""		165.6	165600	166.8	166800	2.199997	2199	""osoba2""
""osoba2""		166.20001	166200	166.8	166800	1.5999908	1599	""osoba2""
""osoba4""		166.5	166500	174.6	174600	9.100006	9100	""osoba4""
""osoba4""		168.0	168000	174.6	174600	7.600006	7600	""osoba4""
""osoba2""		169.20001	169200	172.8	172800	4.599991	4599	""osoba2""
""osoba3""		172.8	172800	179.40001	179400	7.600006	7600	""osoba3""
""osoba3""		177.0	177000	179.40001	179400	3.4000092	3400	""osoba3""
""osoba3""		177.90001	177900	179.40001	179400	2.5	2500	""osoba3""
""osoba1""		178.5	178500	189.0	189000	11.5	11500	""osoba1""
""osoba3""		178.5	178500	179.40001	179400	1.9000092	1900	""osoba3""
""osoba1""		183.3	183300	189.0	189000	6.699997	6699	""osoba1""
""osoba1""		185.70001	185700	189.0	189000	4.299988	4299	""osoba1""
""osoba3""		187.20001	187200	194.1	194100	7.899994	7899	""osoba3""
""osoba1""		188.70001	188700	189.0	189000	1.2999878	1299	""osoba1""
""osoba3""		193.50002	193500	194.1	194100	1.5999908	1599	""osoba3""
""osoba4""		194.1	194100	210.3	210300	17.199997	17199	""osoba4""
""osoba4""		195.6	195600	210.3	210300	15.699997	15699	""osoba4""
""osoba3""		196.20001	196200	196.20001	196200	1.0	1000	""osoba3""
""osoba4""		196.20001	196200	210.3	210300	15.099991	15099	""osoba4""
""osoba4""		198.90001	198900	210.3	210300	12.399994	12399	""osoba4""
""osoba4""		200.1	200100	210.3	210300	11.199997	11199	""osoba4""
""osoba2""		201.6	201600	201.90001	201900	1.300003	1300	""osoba2""
""osoba4""		205.8	205800	210.3	210300	5.5	5500	""osoba4""
""osoba4""		207.00002	207000	210.3	210300	4.299988	4299	""osoba4""
""osoba4""		208.50002	208500	210.3	210300	2.7999878	2799	""osoba4""
""osoba4""		209.40001	209400	210.3	210300	1.8999939	1899	""osoba4""
""osoba1""		209.70001	209700	210.3	210300	1.5999908	1599	""osoba1""
""osoba3""		210.3	210300	214.50002	214500	5.200012	5200	""osoba3""
""osoba1""		213.6	213600	240.90001	240900	28.300003	28300	""osoba1""
""osoba1""		216.90001	216900	240.90001	240900	25.0	25000	""osoba1""
""osoba1""		217.8	217800	240.90001	240900	24.100006	24100	""osoba1""
""osoba3""		217.8	217800	219.00002	219000	2.2000122	2200	""osoba3""
""osoba1""		219.90001	219900	240.90001	240900	22.0	22000	""osoba1""
""osoba1""		220.8	220800	240.90001	240900	21.100006	21100	""osoba1""
""osoba1""		222.6	222600	240.90001	240900	19.300003	19300	""osoba1""
""osoba1""		229.8	229800	240.90001	240900	12.100006	12100	""osoba1""
""osoba1""		231.6	231600	240.90001	240900	10.300003	10300	""osoba1""
""osoba1""		234.00002	234000	240.90001	240900	7.899994	7899	""osoba1""
""osoba1""		236.40001	236400	240.90001	240900	5.5	5500	""osoba1""
""osoba1""		239.1	239100	240.90001	240900	2.800003	2800	""osoba1""
""osoba2""		239.40001	239400	239.70001	239700	1.300003	1300	""osoba2""
""osoba3""		241.50002	241500	242.40001	242400	1.8999939	1899	""osoba3""
""osoba4""		241.50002	241500	279.0	279000	38.499985	38499	""osoba4""
""osoba4""		243.6	243600	279.0	279000	36.399994	36399	""osoba4""
""osoba4""		246.3	246300	279.0	279000	33.699997	33699	""osoba4""
""osoba4""		248.70001	248700	279.0	279000	31.299988	31299	""osoba4""
""osoba3""		249.90001	249900	251.40001	251400	2.5	2500	""osoba3""
""osoba3""		251.1	251100	251.40001	251400	1.300003	1300	""osoba3""
""osoba4""		251.40001	251400	279.0	279000	28.59999	28599	""osoba4""
""osoba4""		253.20001	253200	279.0	279000	26.799988	26799	""osoba4""
""osoba4""		255.90001	255900	279.0	279000	24.09999	24099	""osoba4""
""osoba4""		257.7	257700	279.0	279000	22.299988	22299	""osoba4""
""osoba1""		258.30002	258300	259.80002	259800	2.5	2500	""osoba1""
""osoba3""		260.1	260100	260.40002	260400	1.3000183	1300	""osoba3""
""osoba4""		261.6	261600	279.0	279000	18.399994	18399	""osoba4""
""osoba2""		262.5	262500	264.30002	264300	2.8000183	2800	""osoba2""
""osoba4""		264.0	264000	279.0	279000	16.0	16000	""osoba4""
""osoba3""		265.2	265200	267.0	267000	2.7999878	2799	""osoba3""
""osoba4""		265.2	265200	279.0	279000	14.799988	14799	""osoba4""
""osoba2""		267.30002	267300	270.90002	270900	4.600006	4600	""osoba2""
""osoba2""		273.0	273000	273.30002	273300	1.3000183	1300	""osoba2""
""osoba4""		276.30002	276300	279.0	279000	3.6999817	3699	""osoba4""
""osoba4""		278.40002	278400	279.0	279000	1.5999756	1599	""osoba4""
""osoba2""		279.0	279000	285.6	285600	7.600006	7600	""osoba2""
""osoba2""		281.40002	281400	285.6	285600	5.1999817	5199	""osoba2""
""osoba2""		282.30002	282300	285.6	285600	4.299988	4299	""osoba2""
""osoba1""		286.2	286200	292.80002	292800	7.600006	7600	""osoba1""
""osoba1""		287.40002	287400	292.80002	292800	6.399994	6399	""osoba1""
""osoba2""		289.80002	289800	300.30002	300300	11.5	11500	""osoba2""
""osoba4""		291.90002	291900	294.90002	294900	4.0	4000	""osoba4""
""osoba2""		292.80002	292800	300.30002	300300	8.5	8500	""osoba2""
""osoba2""		294.0	294000	300.30002	300300	7.3000183	7300	""osoba2""
""osoba4""		294.30002	294300	294.90002	294900	1.6000061	1600	""osoba4""
""osoba2""		296.1	296100	300.30002	300300	5.200012	5200	""osoba2""
""osoba2""		297.90002	297900	300.30002	300300	3.399994	3399	""osoba2""
""osoba2""		298.80002	298800	300.30002	300300	2.5	2500	""osoba2""
""osoba4""		300.6	300600	350.7	350700	51.100006	51100	""osoba4""
""osoba1""		301.5	301500	304.2	304200	3.7000122	3700	""osoba1""
""osoba1""		302.40002	302400	304.2	304200	2.7999878	2799	""osoba1""
""osoba4""		302.40002	302400	350.7	350700	49.299988	49299	""osoba4""
""osoba4""		303.0	303000	350.7	350700	48.700012	48700	""osoba4""
""osoba1""		303.6	303600	304.2	304200	1.6000061	1600	""osoba1""
""osoba2""		303.6	303600	303.90002	303900	1.3000183	1300	""osoba2""
""osoba4""		305.1	305100	350.7	350700	46.600006	46600	""osoba4""
""osoba4""		306.90002	306900	350.7	350700	44.799988	44799	""osoba4""
""osoba4""		308.7	308700	350.7	350700	43.0	43000	""osoba4""
""osoba4""		309.30002	309300	350.7	350700	42.399994	42399	""osoba4""
""osoba4""		310.2	310200	350.7	350700	41.5	41500	""osoba4""
""osoba1""		310.5	310500	310.80002	310800	1.3000183	1300	""osoba1""
""osoba4""		311.40002	311400	350.7	350700	40.299988	40299	""osoba4""
""osoba4""		312.90002	312900	350.7	350700	38.799988	38799	""osoba4""
""osoba4""		314.7	314700	350.7	350700	37.0	37000	""osoba4""
""osoba4""		315.6	315600	350.7	350700	36.100006	36100	""osoba4""
""osoba4""		316.5	316500	350.7	350700	35.200012	35200	""osoba4""
""osoba4""		318.0	318000	350.7	350700	33.700012	33700	""osoba4""
""osoba4""		318.6	318600	350.7	350700	33.100006	33100	""osoba4""
""osoba4""		323.1	323100	350.7	350700	28.600006	28600	""osoba4""
""osoba4""		326.40002	326400	350.7	350700	25.299988	25299	""osoba4""
""osoba4""		327.0	327000	350.7	350700	24.700012	24700	""osoba4""
""osoba4""		329.1	329100	350.7	350700	22.600006	22600	""osoba4""
""osoba4""		330.6	330600	350.7	350700	21.100006	21100	""osoba4""
""osoba4""		332.1	332100	350.7	350700	19.600006	19600	""osoba4""
""osoba4""		333.30002	333300	350.7	350700	18.399994	18399	""osoba4""
""osoba4""		334.2	334200	350.7	350700	17.5	17500	""osoba4""
""osoba4""		335.7	335700	350.7	350700	16.0	16000	""osoba4""
""osoba4""		337.5	337500	350.7	350700	14.200012	14200	""osoba4""
""osoba4""		338.1	338100	350.7	350700	13.600006	13600	""osoba4""
""osoba4""		340.5	340500	350.7	350700	11.200012	11200	""osoba4""
""osoba4""		341.7	341700	350.7	350700	10.0	10000	""osoba4""
""osoba4""		343.2	343200	350.7	350700	8.5	8500	""osoba4""
""osoba4""		343.80002	343800	350.7	350700	7.899994	7899	""osoba4""
""osoba4""		345.30002	345300	350.7	350700	6.399994	6399	""osoba4""
""osoba4""		346.2	346200	350.7	350700	5.5	5500	""osoba4""
""osoba2""		347.40002	347400	348.6	348600	2.1999817	2199	""osoba2""
""osoba2""		350.7	350700	354.30002	354300	4.600006	4600	""osoba2""
""osoba4""		350.7	350700	350.7	350700	1.0	1000	""osoba4""
""osoba2""		351.6	351600	354.30002	354300	3.7000122	3700	""osoba2""
""osoba2""		353.7	353700	354.30002	354300	1.6000061	1600	""osoba2""
""osoba1""		354.30002	354300	385.2	385200	31.899994	31899	""osoba1""
""osoba3""		354.90002	354900	356.1	356100	2.1999817	2199	""osoba3""
""osoba2""		356.40002	356400	357.30002	357300	1.8999939	1899	""osoba2""
""osoba4""		356.40002	356400	357.6	357600	2.1999817	2199	""osoba4""
""osoba1""		358.5	358500	385.2	385200	27.700012	27700	""osoba1""
""osoba1""		361.5	361500	385.2	385200	24.700012	24700	""osoba1""
""osoba1""		363.90002	363900	385.2	385200	22.299988	22299	""osoba1""
""osoba1""		365.7	365700	385.2	385200	20.5	20500	""osoba1""
""osoba3""		365.7	365700	365.7	365700	1.0	1000	""osoba3""
""osoba1""		367.2	367200	385.2	385200	19.0	19000	""osoba1""
""osoba1""		371.40002	371400	385.2	385200	14.799988	14799	""osoba1""
""osoba1""		372.6	372600	385.2	385200	13.600006	13600	""osoba1""
""osoba1""		373.80002	373800	385.2	385200	12.399994	12399	""osoba1""
""osoba1""		375.30002	375300	385.2	385200	10.899994	10899	""osoba1""
""osoba1""		375.90002	375900	385.2	385200	10.299988	10299	""osoba1""
""osoba4""		377.1	377100	377.1	377100	1.0	1000	""osoba4""
""osoba1""		377.40002	377400	385.2	385200	8.799988	8799	""osoba1""
""osoba1""		378.6	378600	385.2	385200	7.600006	7600	""osoba1""
""osoba1""		381.6	381600	385.2	385200	4.600006	4600	""osoba1""
""osoba1""		382.2	382200	385.2	385200	4.0	4000	""osoba1""
""osoba1""		382.80002	382800	385.2	385200	3.399994	3399	""osoba1""
""osoba3""		383.40002	383400	401.40002	401400	19.0	19000	""osoba3""
""osoba1""		383.7	383700	385.2	385200	2.5	2500	""osoba1""
""osoba3""		386.7	386700	401.40002	401400	15.700012	15700	""osoba3""
""osoba3""		387.30002	387300	401.40002	401400	15.100006	15100	""osoba3""
""osoba3""		388.2	388200	401.40002	401400	14.200012	14200	""osoba3""
""osoba3""		389.1	389100	401.40002	401400	13.300018	13300	""osoba3""
""osoba3""		389.7	389700	401.40002	401400	12.700012	12700	""osoba3""
""osoba4""		391.80002	391800	391.80002	391800	1.0	1000	""osoba4""
""osoba3""		392.7	392700	401.40002	401400	9.700012	9700	""osoba3""
""osoba1""		395.1	395100	402.00003	402000	7.9000244	7900	""osoba1""
""osoba3""		396.6	396600	401.40002	401400	5.8000183	5800	""osoba3""
""osoba1""		400.50003	400500	402.00003	402000	2.5	2500	""osoba1""
""osoba3""		400.50003	400500	401.40002	401400	1.8999939	1899	""osoba3""
""osoba3""		401.40002	401400	401.40002	401400	1.0	1000	""osoba3""
""osoba1""		402.00003	402000	402.00003	402000	1.0	1000	""osoba1""
""osoba4""		402.00003	402000	412.80002	412800	11.799988	11799	""osoba4""
""osoba4""		403.50003	403500	412.80002	412800	10.299988	10299	""osoba4""
""osoba4""		404.7	404700	412.80002	412800	9.100006	9100	""osoba4""
""osoba4""		405.30002	405300	412.80002	412800	8.5	8500	""osoba4""
""osoba4""		407.1	407100	412.80002	412800	6.700012	6700	""osoba4""
""osoba4""		409.50003	409500	412.80002	412800	4.299988	4299	""osoba4""
""osoba4""		411.30002	411300	412.80002	412800	2.5	2500	""osoba4""
""osoba1""		411.6	411600	417.30002	417300	6.700012	6700	""osoba1""
""osoba1""		413.40002	413400	417.30002	417300	4.899994	4899	""osoba1""
""osoba1""		415.80002	415800	417.30002	417300	2.5	2500	""osoba1""
""osoba4""		416.1	416100	420.00003	420000	4.9000244	4900	""osoba4""
""osoba4""		418.2	418200	420.00003	420000	2.8000183	2800	""osoba4""
""osoba2""		418.50003	418500	422.7	422700	5.1999817	5199	""osoba2""
""osoba4""		420.00003	420000	420.00003	420000	1.0	1000	""osoba4""
""osoba2""		422.1	422100	422.7	422700	1.6000061	1600	""osoba2""
""osoba3""		423.00003	423000	431.7	431700	9.699982	9699	""osoba3""
""osoba3""		425.40002	425400	431.7	431700	7.299988	7299	""osoba3""
""osoba2""		426.6	426600	426.6	426600	1.0	1000	""osoba2""
""osoba3""		426.90002	426900	431.7	431700	5.799988	5799	""osoba3""
""osoba4""		429.30002	429300	435.90002	435900	7.600006	7600	""osoba4""
""osoba3""		429.6	429600	431.7	431700	3.100006	3100	""osoba3""
""osoba4""		431.1	431100	435.90002	435900	5.8000183	5800	""osoba4""
""osoba4""		433.80002	433800	435.90002	435900	3.100006	3100	""osoba4""
""osoba1""		434.1	434100	441.30002	441300	8.200012	8200	""osoba1""
""osoba2""		435.90002	435900	436.2	436200	1.2999878	1299	""osoba2""
""osoba1""		437.7	437700	441.30002	441300	4.600006	4600	""osoba1""
""osoba3""		438.00003	438000	438.90002	438900	1.8999939	1899	""osoba3""
""osoba4""		441.00003	441000	445.2	445200	5.1999817	5199	""osoba4""
""osoba4""		442.2	442200	445.2	445200	4.0	4000	""osoba4""
""osoba4""		443.1	443100	445.2	445200	3.100006	3100	""osoba4""
""osoba4""		444.90002	444900	445.2	445200	1.2999878	1299	""osoba4""
""osoba3""		445.80002	445800	480.90002	480900	36.100006	36100	""osoba3""
""osoba3""		454.2	454200	480.90002	480900	27.700012	27700	""osoba3""
""osoba3""		455.40002	455400	480.90002	480900	26.5	26500	""osoba3""
""osoba3""		456.90002	456900	480.90002	480900	25.0	25000	""osoba3""
""osoba3""		458.1	458100	480.90002	480900	23.800018	23800	""osoba3""
""osoba3""		461.40002	461400	480.90002	480900	20.5	20500	""osoba3""
""osoba3""		463.50003	463500	480.90002	480900	18.399994	18399	""osoba3""
""osoba3""		464.40002	464400	480.90002	480900	17.5	17500	""osoba3""
""osoba3""		465.6	465600	480.90002	480900	16.300018	16300	""osoba3""
""osoba2""		466.2	466200	466.50003	466500	1.3000183	1300	""osoba2""
""osoba3""		467.7	467700	480.90002	480900	14.200012	14200	""osoba3""
""osoba3""		468.6	468600	480.90002	480900	13.300018	13300	""osoba3""
""osoba1""		469.80002	469800	470.40002	470400	1.6000061	1600	""osoba1""
""osoba3""		469.80002	469800	480.90002	480900	12.100006	12100	""osoba3""
""osoba3""		472.2	472200	480.90002	480900	9.700012	9700	""osoba3""
""osoba3""		473.7	473700	480.90002	480900	8.200012	8200	""osoba3""
""osoba3""		477.00003	477000	480.90002	480900	4.899994	4899	""osoba3""
""osoba3""		478.2	478200	480.90002	480900	3.7000122	3700	""osoba3""
""osoba2""		480.6	480600	483.6	483600	4.0	4000	""osoba2""
""osoba3""		480.6	480600	480.90002	480900	1.3000183	1300	""osoba3""
""osoba1""		483.90002	483900	487.80002	487800	4.899994	4899	""osoba1""
""osoba1""		485.1	485100	487.80002	487800	3.7000122	3700	""osoba1""
""osoba1""		485.7	485700	487.80002	487800	3.100006	3100	""osoba1""
""osoba2""		486.30002	486300	504.00003	504000	18.700012	18700	""osoba2""
""osoba1""		486.90002	486900	487.80002	487800	1.8999939	1899	""osoba1""
""osoba2""		491.1	491100	504.00003	504000	13.900024	13900	""osoba2""
""osoba2""		492.6	492600	504.00003	504000	12.400024	12400	""osoba2""
""osoba2""		495.30002	495300	504.00003	504000	9.700012	9700	""osoba2""
""osoba2""		497.40002	497400	504.00003	504000	7.600006	7600	""osoba2""
""osoba1""		499.2	499200	500.7	500700	2.5	2500	""osoba1""
""osoba3""		501.00003	501000	506.7	506700	6.6999817	6699	""osoba3""
""osoba2""		503.40002	503400	504.00003	504000	1.6000061	1600	""osoba2""
""osoba3""		504.90002	504900	506.7	506700	2.7999878	2799	""osoba3""
""osoba3""		505.80002	505800	506.7	506700	1.8999939	1899	""osoba3""
""osoba4""		506.1	506100	512.7	512700	7.600006	7600	""osoba4""
""osoba2""		509.40002	509400	509.7	509700	1.2999878	1299	""osoba2""
""osoba2""		511.80002	511800	517.2	517200	6.399994	6399	""osoba2""
""osoba2""		516.30005	516300	517.2	517200	1.8999634	1899	""osoba2""
""osoba1""		517.5	517500	527.4	527400	10.900024	10900	""osoba1""
""osoba1""		523.80005	523800	527.4	527400	4.5999756	4599	""osoba1""
""osoba1""		524.7	524700	527.4	527400	3.7000122	3700	""osoba1""
""osoba1""		525.30005	525300	527.4	527400	3.0999756	3099	""osoba1""
""osoba4""		526.2	526200	532.80005	532800	7.6000366	7600	""osoba4""
""osoba4""		531.0	531000	532.80005	532800	2.8000488	2800	""osoba4""
""osoba3""		531.60004	531600	533.4	533400	2.7999878	2799	""osoba3""
""osoba4""		531.60004	531600	532.80005	532800	2.2000122	2200	""osoba4""
""osoba2""		533.10004	533100	559.80005	559800	27.700012	27700	""osoba2""
""osoba2""		535.5	535500	559.80005	559800	25.300049	25300	""osoba2""
""osoba2""		536.7	536700	559.80005	559800	24.100037	24100	""osoba2""
""osoba1""		537.0	537000	538.80005	538800	2.8000488	2800	""osoba1""
""osoba2""		543.9	543900	559.80005	559800	16.900024	16900	""osoba2""
""osoba2""		544.5	544500	559.80005	559800	16.300049	16300	""osoba2""
""osoba2""		546.30005	546300	559.80005	559800	14.5	14500	""osoba2""
""osoba2""		549.60004	549600	559.80005	559800	11.200012	11200	""osoba2""
""osoba2""		553.2	553200	559.80005	559800	7.6000366	7600	""osoba2""
""osoba3""		554.10004	554100	564.60004	564600	11.5	11500	""osoba3""
""osoba2""		555.9	555900	559.80005	559800	4.9000244	4900	""osoba2""
""osoba3""		559.5	559500	564.60004	564600	6.1000366	6100	""osoba3""
""osoba3""		563.4	563400	564.60004	564600	2.2000122	2200	""osoba3""
""osoba4""		563.7	563700	567.0	567000	4.299988	4299	""osoba4""
""osoba4""		566.7	566700	567.0	567000	1.2999878	1299	""osoba4""
""osoba1""		567.30005	567300	570.30005	570300	4.0	4000	""osoba1""
""osoba1""		568.2	568200	570.30005	570300	3.1000366	3100	""osoba1""
""osoba3""		568.80005	568800	572.4	572400	4.5999756	4599	""osoba3""
""osoba4""		570.9	570900	578.7	578700	8.799988	8799	""osoba4""
""osoba4""		574.5	574500	578.7	578700	5.200012	5200	""osoba4""
""osoba4""		577.2	577200	578.7	578700	2.5	2500	""osoba4""
""osoba1""		579.60004	579600	585.0	585000	6.3999634	6399	""osoba1""
""osoba1""		580.2	580200	585.0	585000	5.799988	5799	""osoba1""
""osoba2""		581.10004	581100	581.10004	581100	1.0	1000	""osoba2""
""osoba1""		581.4	581400	585.0	585000	4.5999756	4599	""osoba1""
""osoba1""		585.0	585000	585.0	585000	1.0	1000	""osoba1""
""osoba4""		585.60004	585600	590.10004	590100	5.5	5500	""osoba4""
""osoba4""		586.5	586500	590.10004	590100	4.6000366	4600	""osoba4""
""osoba4""		587.7	587700	590.10004	590100	3.4000244	3400	""osoba4""
""osoba4""		589.2	589200	590.10004	590100	1.9000244	1900	""osoba4""
""osoba4""		590.10004	590100	590.10004	590100	1.0	1000	""osoba4""
""osoba1""		590.4	590400	616.5	616500	27.099976	27099	""osoba1""
""osoba1""		593.7	593700	616.5	616500	23.799988	23799	""osoba1""
""osoba1""		594.30005	594300	616.5	616500	23.199951	23199	""osoba1""
""osoba1""		596.10004	596100	616.5	616500	21.399963	21399	""osoba1""
""osoba1""		597.30005	597300	616.5	616500	20.199951	20199	""osoba1""
""osoba4""		597.30005	597300	597.30005	597300	1.0	1000	""osoba4""
""osoba2""		598.80005	598800	598.80005	598800	1.0	1000	""osoba2""
""osoba1""		599.4	599400	616.5	616500	18.099976	18099	""osoba1""
""osoba4""		600.9	600900	601.80005	601800	1.9000244	1900	""osoba4""
""osoba1""		602.4	602400	616.5	616500	15.099976	15099	""osoba1""
""osoba1""		606.60004	606600	616.5	616500	10.899963	10899	""osoba1""
""osoba1""		609.60004	609600	616.5	616500	7.8999634	7899	""osoba1""
""osoba3""		609.9	609900	610.5	610500	1.5999756	1599	""osoba3""
""osoba1""		610.2	610200	616.5	616500	7.299988	7299	""osoba1""
""osoba3""		610.5	610500	610.5	610500	1.0	1000	""osoba3""
""osoba1""		612.9	612900	616.5	616500	4.5999756	4599	""osoba1""
""osoba1""		614.10004	614100	616.5	616500	3.3999634	3399	""osoba1""
""osoba1""		615.0	615000	616.5	616500	2.5	2500	""osoba1""
""osoba1""		616.5	616500	616.5	616500	1.0	1000	""osoba1""
""osoba2""		617.10004	617100	619.2	619200	3.0999756	3099	""osoba2""
""osoba3""		619.5	619500	633.0	633000	14.5	14500	""osoba3""
""osoba3""		623.10004	623100	633.0	633000	10.899963	10899	""osoba3""
""osoba3""		624.9	624900	633.0	633000	9.099976	9099	""osoba3""
""osoba1""		625.2	625200	626.10004	626100	1.9000244	1900	""osoba1""
""osoba3""		627.0	627000	633.0	633000	7.0	7000	""osoba3""
""osoba3""		628.5	628500	633.0	633000	5.5	5500	""osoba3""
""osoba3""		629.10004	629100	633.0	633000	4.8999634	4899	""osoba3""
""osoba3""		630.0	630000	633.0	633000	4.0	4000	""osoba3""
""osoba3""		631.80005	631800	633.0	633000	2.1999512	2199	""osoba3""
""osoba4""		633.0	633000	634.5	634500	2.5	2500	""osoba4""
""osoba1""		634.5	634500	646.5	646500	13.0	13000	""osoba1""
""osoba1""		635.7	635700	646.5	646500	11.799988	11799	""osoba1""
""osoba3""		636.30005	636300	637.5	637500	2.1999512	2199	""osoba3""
""osoba2""		636.60004	636600	637.2	637200	1.5999756	1599	""osoba2""
""osoba1""		638.4	638400	646.5	646500	9.099976	9099	""osoba1""
""osoba1""		639.30005	639300	646.5	646500	8.199951	8199	""osoba1""
""osoba1""		642.0	642000	646.5	646500	5.5	5500	""osoba1""
""osoba4""		646.5	646500	651.30005	651300	5.800049	5800	""osoba4""
""osoba4""		647.7	647700	651.30005	651300	4.6000366	4600	""osoba4""
""osoba4""		649.5	649500	651.30005	651300	2.8000488	2800	""osoba4""
""osoba4""		650.4	650400	651.30005	651300	1.9000244	1900	""osoba4""
""osoba4""		651.0	651000	651.30005	651300	1.3000488	1300	""osoba4""
""osoba2""		651.30005	651300	663.60004	663600	13.299988	13299	""osoba2""
""osoba2""		653.10004	653100	663.60004	663600	11.5	11500	""osoba2""
""osoba2""		654.9	654900	663.60004	663600	9.700012	9700	""osoba2""
""osoba2""		657.0	657000	663.60004	663600	7.6000366	7600	""osoba2""
""osoba2""		657.60004	657600	663.60004	663600	7.0	7000	""osoba2""
""osoba2""		659.4	659400	663.60004	663600	5.200012	5200	""osoba2""
""osoba2""		660.60004	660600	663.60004	663600	4.0	4000	""osoba2""
""osoba2""		661.5	661500	663.60004	663600	3.1000366	3100	""osoba2""
""osoba1""		662.10004	662100	669.60004	669600	8.5	8500	""osoba1""
""osoba2""		663.0	663000	663.60004	663600	1.6000366	1600	""osoba2""
""osoba1""		664.80005	664800	669.60004	669600	5.799988	5799	""osoba1""
""osoba1""		665.7	665700	669.60004	669600	4.9000244	4900	""osoba1""
""osoba2""		666.0	666000	676.80005	676800	11.800049	11800	""osoba2""
""osoba2""		667.80005	667800	676.80005	676800	10.0	10000	""osoba2""
""osoba1""		668.4	668400	669.60004	669600	2.2000122	2200	""osoba1""
""osoba2""		671.4	671400	676.80005	676800	6.4000244	6400	""osoba2""
""osoba2""		673.5	673500	676.80005	676800	4.300049	4300	""osoba2""
""osoba3""		674.10004	674100	680.7	680700	7.5999756	7599	""osoba3""
""osoba1""		675.60004	675600	675.60004	675600	1.0	1000	""osoba1""
""osoba3""		675.60004	675600	680.7	680700	6.0999756	6099	""osoba3""
""osoba3""		678.0	678000	680.7	680700	3.7000122	3700	""osoba3""
""osoba3""		678.60004	678600	680.7	680700	3.0999756	3099	""osoba3""
""osoba3""		679.80005	679800	680.7	680700	1.8999634	1899	""osoba3""
""osoba1""		681.0	681000	691.2	691200	11.200012	11200	""osoba1""
""osoba1""		682.80005	682800	691.2	691200	9.399963	9399	""osoba1""
""osoba1""		683.7	683700	691.2	691200	8.5	8500	""osoba1""
""osoba1""		684.30005	684300	691.2	691200	7.8999634	7899	""osoba1""
""osoba1""		684.9	684900	691.2	691200	7.299988	7299	""osoba1""
""osoba4""		685.80005	685800	687.60004	687600	2.7999878	2799	""osoba4""
""osoba4""		686.4	686400	687.60004	687600	2.2000122	2200	""osoba4""
""osoba1""		686.7	686700	691.2	691200	5.5	5500	""osoba1""
""osoba1""		689.4	689400	691.2	691200	2.7999878	2799	""osoba1""
""osoba2""		690.9	690900	701.4	701400	11.5	11500	""osoba2""
""osoba2""		692.4	692400	701.4	701400	10.0	10000	""osoba2""
""osoba1""		695.10004	695100	695.10004	695100	1.0	1000	""osoba1""
""osoba4""		697.5	697500	697.80005	697800	1.3000488	1300	""osoba4""
""osoba2""		699.60004	699600	701.4	701400	2.7999878	2799	""osoba2""
""osoba3""		700.5	700500	718.2	718200	18.700012	18700	""osoba3""
""osoba2""		704.10004	704100	704.4	704400	1.2999878	1299	""osoba2""
""osoba3""		705.60004	705600	718.2	718200	13.599976	13599	""osoba3""
""osoba3""		708.30005	708300	718.2	718200	10.899963	10899	""osoba3""
""osoba4""		710.4	710400	711.9	711900	2.5	2500	""osoba4""
""osoba2""		711.0	711000	715.80005	715800	5.800049	5800	""osoba2""
""osoba1""		712.5	712500	712.80005	712800	1.3000488	1300	""osoba1""
""osoba2""		715.5	715500	715.80005	715800	1.3000488	1300	""osoba2""
""osoba1""		716.7	716700	718.2	718200	2.5	2500	""osoba1""
""osoba2""		718.5	718500	723.60004	723600	6.1000366	6100	""osoba2""
""osoba2""		721.2	721200	723.60004	723600	3.4000244	3400	""osoba2""
""osoba2""		723.0	723000	723.60004	723600	1.6000366	1600	""osoba2""
""osoba4""		723.30005	723300	727.80005	727800	5.5	5500	""osoba4""
""osoba4""		725.4	725400	727.80005	727800	3.4000244	3400	""osoba4""
""osoba2""		726.0	726000	726.0	726000	1.0	1000	""osoba2""
""osoba4""		726.9	726900	727.80005	727800	1.9000244	1900	""osoba4""
""osoba2""		728.10004	728100	734.10004	734100	7.0	7000	""osoba2""
""osoba2""		729.60004	729600	734.10004	734100	5.5	5500	""osoba2""
""osoba2""		731.4	731400	734.10004	734100	3.7000122	3700	""osoba2""
""osoba2""		732.0	732000	734.10004	734100	3.1000366	3100	""osoba2""
""osoba2""		732.9	732900	734.10004	734100	2.2000122	2200	""osoba2""
""osoba1""		733.5	733500	743.7	743700	11.200012	11200	""osoba1""
""osoba4""		733.5	733500	733.80005	733800	1.3000488	1300	""osoba4""
""osoba1""		738.60004	738600	743.7	743700	6.0999756	6099	""osoba1""
""osoba1""		740.7	740700	743.7	743700	4.0	4000	""osoba1""
""osoba1""		741.60004	741600	743.7	743700	3.0999756	3099	""osoba1""
""osoba2""		741.9	741900	780.00006	780000	39.100037	39100	""osoba2""
""osoba2""		743.4	743400	780.00006	780000	37.600037	37600	""osoba2""
""osoba2""		744.9	744900	780.00006	780000	36.100037	36100	""osoba2""
""osoba2""		746.10004	746100	780.00006	780000	34.900024	34900	""osoba2""
""osoba1""		748.80005	748800	750.30005	750300	2.5	2500	""osoba1""
""osoba2""		751.5	751500	780.00006	780000	29.500061	29500	""osoba2""
""osoba2""		753.0	753000	780.00006	780000	28.000061	28000	""osoba2""
""osoba1""		753.30005	753300	753.9	753900	1.5999756	1599	""osoba1""
""osoba2""		756.0	756000	780.00006	780000	25.000061	25000	""osoba2""
""osoba3""		756.60004	756600	759.60004	759600	4.0	4000	""osoba3""
""osoba2""		757.2	757200	780.00006	780000	23.800049	23800	""osoba2""
""osoba2""		759.30005	759300	780.00006	780000	21.700012	21700	""osoba2""
""osoba2""		761.7	761700	780.00006	780000	19.300049	19300	""osoba2""
""osoba1""		762.0	762000	765.30005	765300	4.300049	4300	""osoba1""
""osoba2""		762.30005	762300	780.00006	780000	18.700012	18700	""osoba2""
""osoba2""		767.7	767700	780.00006	780000	13.300049	13300	""osoba2""
""osoba2""		768.30005	768300	780.00006	780000	12.700012	12700	""osoba2""
""osoba2""		769.50006	769500	780.00006	780000	11.5	11500	""osoba2""
""osoba2""		770.7	770700	780.00006	780000	10.300049	10300	""osoba2""
""osoba2""		772.2	772200	780.00006	780000	8.800049	8800	""osoba2""
""osoba2""		776.7	776700	780.00006	780000	4.300049	4300	""osoba2""
""osoba2""		780.00006	780000	780.00006	780000	1.0	1000	""osoba2""
""osoba3""		780.00006	780000	784.2	784200	5.199951	5199	""osoba3""
""osoba3""		781.50006	781500	784.2	784200	3.6999512	3699	""osoba3""
""osoba4""		782.7	782700	785.7	785700	4.0	4000	""osoba4""
""osoba3""		783.00006	783000	784.2	784200	2.1999512	2199	""osoba3""
""osoba2""		783.30005	783300	804.00006	804000	21.700012	21700	""osoba2""
""osoba3""		784.2	784200	784.2	784200	1.0	1000	""osoba3""
""osoba2""		787.2	787200	804.00006	804000	17.800049	17800	""osoba2""
""osoba2""		787.80005	787800	804.00006	804000	17.200012	17200	""osoba2""
""osoba2""		788.4	788400	804.00006	804000	16.600037	16600	""osoba2""
""osoba2""		789.30005	789300	804.00006	804000	15.700012	15700	""osoba2""
""osoba2""		790.50006	790500	804.00006	804000	14.5	14500	""osoba2""
""osoba2""		791.10004	791100	804.00006	804000	13.900024	13900	""osoba2""
""osoba3""		792.60004	792600	793.80005	793800	2.2000122	2200	""osoba3""
""osoba2""		794.10004	794100	804.00006	804000	10.900024	10900	""osoba2""
""osoba2""		795.9	795900	804.00006	804000	9.100037	9100	""osoba2""
""osoba2""		796.80005	796800	804.00006	804000	8.200012	8200	""osoba2""
""osoba2""		798.00006	798000	804.00006	804000	7.0	7000	""osoba2""
""osoba4""		798.00006	798000	802.80005	802800	5.799988	5799	""osoba4""
""osoba2""		799.50006	799500	804.00006	804000	5.5	5500	""osoba2""
""osoba1""		801.30005	801300	811.80005	811800	11.5	11500	""osoba1""
""osoba1""		806.10004	806100	811.80005	811800	6.700012	6700	""osoba1""
""osoba1""		808.50006	808500	811.80005	811800	4.299988	4299	""osoba1""
""osoba2""		808.50006	808500	813.60004	813600	6.0999756	6099	""osoba2""
""osoba1""		809.10004	809100	811.80005	811800	3.7000122	3700	""osoba1""
""osoba3""		813.9	813900	815.4	815400	2.5	2500	""osoba3""
""osoba3""		814.80005	814800	815.4	815400	1.5999756	1599	""osoba3""
""osoba3""		815.4	815400	815.4	815400	1.0	1000	""osoba3""
""osoba4""		815.4	815400	819.00006	819000	4.6000366	4600	""osoba4""
""osoba4""		816.60004	816600	819.00006	819000	3.4000244	3400	""osoba4""
""osoba4""		817.2	817200	819.00006	819000	2.8000488	2800	""osoba4""
""osoba1""		818.4	818400	829.50006	829500	12.100037	12100	""osoba1""
""osoba4""		818.4	818400	819.00006	819000	1.6000366	1600	""osoba4""
""osoba1""		820.50006	820500	829.50006	829500	10.0	10000	""osoba1""
""osoba1""		824.7	824700	829.50006	829500	5.800049	5800	""osoba1""
""osoba4""		825.9	825900	827.10004	827100	2.2000122	2200	""osoba4""
""osoba4""		826.80005	826800	827.10004	827100	1.2999878	1299	""osoba4""
""osoba1""		827.4	827400	829.50006	829500	3.1000366	3100	""osoba1""
""osoba3""		829.2	829200	838.50006	838500	10.300049	10300	""osoba3""
""osoba3""		831.00006	831000	838.50006	838500	8.5	8500	""osoba3""
""osoba3""		832.2	832200	838.50006	838500	7.300049	7300	""osoba3""
""osoba3""		833.7	833700	838.50006	838500	5.800049	5800	""osoba3""
""osoba3""		835.80005	835800	838.50006	838500	3.7000122	3700	""osoba3""
""osoba1""		837.60004	837600	838.2	838200	1.5999756	1599	""osoba1""
""osoba2""		838.80005	838800	846.00006	846000	8.200012	8200	""osoba2""
""osoba2""		841.50006	841500	846.00006	846000	5.5	5500	""osoba2""
""osoba1""		845.7	845700	878.10004	878100	33.400024	33400	""osoba1""
""osoba1""		846.60004	846600	878.10004	878100	32.5	32500	""osoba1""
""osoba1""		847.2	847200	878.10004	878100	31.900024	31900	""osoba1""
""osoba4""		852.00006	852000	853.2	853200	2.1999512	2199	""osoba4""
""osoba1""		853.2	853200	878.10004	878100	25.900024	25900	""osoba1""
""osoba1""		854.7	854700	878.10004	878100	24.400024	24400	""osoba1""
""osoba3""		855.00006	855000	855.00006	855000	1.0	1000	""osoba3""
""osoba1""		855.60004	855600	878.10004	878100	23.5	23500	""osoba1""
""osoba1""		858.60004	858600	878.10004	878100	20.5	20500	""osoba1""
""osoba4""		858.60004	858600	859.50006	859500	1.9000244	1900	""osoba4""
""osoba1""		863.10004	863100	878.10004	878100	16.0	16000	""osoba1""
""osoba1""		867.60004	867600	878.10004	878100	11.5	11500	""osoba1""
""osoba1""		869.10004	869100	878.10004	878100	10.0	10000	""osoba1""
""osoba2""		870.9	870900	871.2	871200	1.2999878	1299	""osoba2""
""osoba1""		872.4	872400	878.10004	878100	6.700012	6700	""osoba1""
""osoba1""		873.9	873900	878.10004	878100	5.200012	5200	""osoba1""
""osoba1""		874.80005	874800	878.10004	878100	4.299988	4299	""osoba1""
""osoba1""		875.7	875700	878.10004	878100	3.4000244	3400	""osoba1""
""osoba2""		876.00006	876000	894.30005	894300	19.299988	19299	""osoba2""
""osoba2""		877.2	877200	894.30005	894300	18.100037	18100	""osoba2""
""osoba1""		877.80005	877800	878.10004	878100	1.2999878	1299	""osoba1""
""osoba2""		880.80005	880800	894.30005	894300	14.5	14500	""osoba2""
""osoba2""		881.4	881400	894.30005	894300	13.900024	13900	""osoba2""
""osoba4""		881.4	881400	882.9	882900	2.5	2500	""osoba4""
""osoba3""		882.30005	882300	882.30005	882300	1.0	1000	""osoba3""
""osoba1""		883.2	883200	883.2	883200	1.0	1000	""osoba1""
""osoba2""		884.4	884400	894.30005	894300	10.900024	10900	""osoba2""
""osoba2""		885.60004	885600	894.30005	894300	9.700012	9700	""osoba2""
""osoba2""		887.10004	887100	894.30005	894300	8.200012	8200	""osoba2""
""osoba1""		888.9	888900	908.7	908700	20.799988	20799	""osoba1""
""osoba2""		892.80005	892800	894.30005	894300	2.5	2500	""osoba2""
""osoba1""		893.4	893400	908.7	908700	16.299988	16299	""osoba1""
""osoba4""		893.7	893700	894.00006	894000	1.3000488	1300	""osoba4""
""osoba1""		897.00006	897000	908.7	908700	12.699951	12699	""osoba1""
""osoba1""		898.2	898200	908.7	908700	11.5	11500	""osoba1""
""osoba1""		899.4	899400	908.7	908700	10.299988	10299	""osoba1""
""osoba2""		899.7	899700	899.7	899700	1.0	1000	""osoba2""
""osoba2""		903.00006	903000	903.30005	903300	1.2999878	1299	""osoba2""
""osoba1""		904.50006	904500	908.7	908700	5.199951	5199	""osoba1""
""osoba2""		906.30005	906300	908.4	908400	3.0999756	3099	""osoba2""
""osoba3""		906.60004	906600	912.00006	912000	6.4000244	6400	""osoba3""
""osoba4""		907.80005	907800	908.4	908400	1.5999756	1599	""osoba4""
""osoba3""		909.00006	909000	912.00006	912000	4.0	4000	""osoba3""
""osoba3""		911.7	911700	912.00006	912000	1.3000488	1300	""osoba3""
""osoba1""		912.30005	912300	916.2	916200	4.8999634	4899	""osoba1""
""osoba1""		913.80005	913800	916.2	916200	3.3999634	3399	""osoba1""
""osoba2""		914.7	914700	917.4	917400	3.7000122	3700	""osoba2""
""osoba2""		917.4	917400	917.4	917400	1.0	1000	""osoba2""
""osoba4""		917.4	917400	924.30005	924300	7.9000244	7900	""osoba4""
""osoba4""		920.7	920700	924.30005	924300	4.6000366	4600	""osoba4""
""osoba3""		921.60004	921600	931.2	931200	10.599976	10599	""osoba3""
""osoba4""		922.80005	922800	924.30005	924300	2.5	2500	""osoba4""
""osoba2""		926.10004	926100	926.10004	926100	1.0	1000	""osoba2""
""osoba3""		926.7	926700	931.2	931200	5.5	5500	""osoba3""
""osoba3""		929.10004	929100	931.2	931200	3.0999756	3099	""osoba3""
""osoba3""		930.00006	930000	931.2	931200	2.1999512	2199	""osoba3""
""osoba3""		931.2	931200	931.2	931200	1.0	1000	""osoba3""
""osoba2""		931.80005	931800	933.00006	933000	2.2000122	2200	""osoba2""
""osoba3""		933.60004	933600	937.2	937200	4.5999756	4599	""osoba3""
""osoba3""		934.80005	934800	937.2	937200	3.3999634	3399	""osoba3""
""osoba2""		935.10004	935100	936.30005	936300	2.2000122	2200	""osoba2""
""osoba1""		936.30005	936300	943.80005	943800	8.5	8500	""osoba1""
""osoba3""		936.9	936900	937.2	937200	1.2999878	1299	""osoba3""
""osoba1""		937.80005	937800	943.80005	943800	7.0	7000	""osoba1""
""osoba4""		939.00006	939000	939.00006	939000	1.0	1000	""osoba4""
""osoba1""		940.50006	940500	943.80005	943800	4.299988	4299	""osoba1""
""osoba3""		940.50006	940500	940.50006	940500	1.0	1000	""osoba3""
""osoba3""		943.2	943200	951.30005	951300	9.100037	9100	""osoba3""
""osoba3""		944.4	944400	951.30005	951300	7.9000244	7900	""osoba3""
""osoba3""		945.00006	945000	951.30005	951300	7.299988	7299	""osoba3""
""osoba3""		947.7	947700	951.30005	951300	4.6000366	4600	""osoba3""
""osoba3""		948.30005	948300	951.30005	951300	4.0	4000	""osoba3""
""osoba3""		950.4	950400	951.30005	951300	1.9000244	1900	""osoba3""
""osoba3""		951.00006	951000	951.30005	951300	1.2999878	1299	""osoba3""
""osoba1""		951.30005	951300	956.10004	956100	5.799988	5799	""osoba1""
""osoba1""		953.7	953700	956.10004	956100	3.4000244	3400	""osoba1""
""osoba2""		954.30005	954300	957.9	957900	4.5999756	4599	""osoba2""
""osoba4""		957.9	957900	969.9	969900	13.0	13000	""osoba4""
""osoba4""		960.60004	960600	969.9	969900	10.299988	10299	""osoba4""
""osoba4""		962.10004	962100	969.9	969900	8.799988	8799	""osoba4""
""osoba3""		962.4	962400	962.7	962700	1.2999878	1299	""osoba3""
""osoba4""		964.50006	964500	969.9	969900	6.3999634	6399	""osoba4""
""osoba1""		966.00006	966000	966.60004	966600	1.5999756	1599	""osoba1""
""osoba2""		966.9	966900	967.50006	967500	1.6000366	1600	""osoba2""
""osoba4""		968.10004	968100	969.9	969900	2.7999878	2799	""osoba4""
""osoba4""		969.00006	969000	969.9	969900	1.8999634	1899	""osoba4""
""osoba3""		969.9	969900	987.00006	987000	18.100037	18100	""osoba3""
""osoba3""		972.00006	972000	987.00006	987000	16.0	16000	""osoba3""
""osoba1""		972.60004	972600	972.60004	972600	1.0	1000	""osoba1""
""osoba3""		973.2	973200	987.00006	987000	14.800049	14800	""osoba3""
""osoba3""		975.00006	975000	987.00006	987000	13.0	13000	""osoba3""
""osoba3""		982.50006	982500	987.00006	987000	5.5	5500	""osoba3""
""osoba1""		983.10004	983100	1004.7	1004700	22.599976	22599	""osoba1""
""osoba1""		984.30005	984300	1004.7	1004700	21.399963	21399	""osoba1""
""osoba3""		984.60004	984600	987.00006	987000	3.4000244	3400	""osoba3""
""osoba2""		984.9	984900	986.7	986700	2.7999878	2799	""osoba2""
""osoba4""		986.10004	986100	987.00006	987000	1.9000244	1900	""osoba4""
""osoba1""		988.2	988200	1004.7	1004700	17.5	17500	""osoba1""
""osoba1""		990.00006	990000	1004.7	1004700	15.699951	15699	""osoba1""
""osoba1""		996.00006	996000	1004.7	1004700	9.699951	9699	""osoba1""
""osoba1""		998.4	998400	1004.7	1004700	7.299988	7299	""osoba1""
""osoba1""		1000.50006	1000500	1004.7	1004700	5.199951	5199	""osoba1""
""osoba1""		1001.10004	1001100	1004.7	1004700	4.5999756	4599	""osoba1""
""osoba1""		1001.7	1001700	1004.7	1004700	4.0	4000	""osoba1""
""osoba1""		1002.9	1002900	1004.7	1004700	2.7999878	2799	""osoba1""
""osoba1""		1004.4	1004400	1004.7	1004700	1.2999878	1299	""osoba1""
""osoba4""		1004.4	1004400	1008.9	1008900	5.5	5500	""osoba4""
""osoba4""		1005.9	1005900	1008.9	1008900	4.0	4000	""osoba4""
""osoba2""		1006.50006	1006500	1006.50006	1006500	1.0	1000	""osoba2""
""osoba3""		1007.7	1007700	1008.00006	1008000	1.3000488	1300	""osoba3""
""osoba2""		1008.9	1008900	1034.4	1034400	26.5	26500	""osoba2""
""osoba2""		1010.4	1010400	1034.4	1034400	25.0	25000	""osoba2""
""osoba2""		1013.10004	1013100	1034.4	1034400	22.299988	22299	""osoba2""
""osoba2""		1014.00006	1014000	1034.4	1034400	21.399963	21399	""osoba2""
""osoba2""		1014.9	1014900	1034.4	1034400	20.5	20500	""osoba2""
""osoba2""		1015.50006	1015500	1034.4	1034400	19.899963	19899	""osoba2""
""osoba2""		1016.10004	1016100	1034.4	1034400	19.299988	19299	""osoba2""
""osoba1""		1017.60004	1017600	1018.2	1018200	1.5999756	1599	""osoba1""
""osoba2""		1019.7	1019700	1034.4	1034400	15.700012	15700	""osoba2""
""osoba2""		1021.50006	1021500	1034.4	1034400	13.899963	13899	""osoba2""
""osoba4""		1022.4	1022400	1025.4	1025400	4.0	4000	""osoba4""
""osoba2""		1023.9	1023900	1034.4	1034400	11.5	11500	""osoba2""
""osoba1""		1025.1001	1025100	1025.1001	1025100	1.0	1000	""osoba1""
""osoba2""		1026.9	1026900	1034.4	1034400	8.5	8500	""osoba2""
""osoba2""		1028.7001	1028700	1034.4	1034400	6.699951	6699	""osoba2""
""osoba2""		1029.9	1029900	1034.4	1034400	5.5	5500	""osoba2""
""osoba1""		1031.1001	1031100	1031.1001	1031100	1.0	1000	""osoba1""
""osoba2""		1031.1001	1031100	1034.4	1034400	4.2999268	4299	""osoba2""
""osoba2""		1032.6001	1032600	1034.4	1034400	2.7999268	2799	""osoba2""
""osoba3""		1034.7001	1034700	1041.3	1041300	7.5999756	7599	""osoba3""
""osoba3""		1035.9	1035900	1041.3	1041300	6.4000244	6400	""osoba3""
""osoba3""		1037.4	1037400	1041.3	1041300	4.9000244	4900	""osoba3""
""osoba3""		1038.6001	1038600	1041.3	1041300	3.6999512	3699	""osoba3""
""osoba4""		1038.6001	1038600	1038.9	1038900	1.2999268	1299	""osoba4""
""osoba4""		1041.0	1041000	1050.6001	1050600	10.600098	10600	""osoba4""
""osoba1""		1041.3	1041300	1042.8	1042800	2.5	2500	""osoba1""
""osoba2""		1043.7001	1043700	1044.3	1044300	1.5999756	1599	""osoba2""
""osoba4""		1046.4	1046400	1050.6001	1050600	5.2000732	5200	""osoba4""
""osoba4""		1047.0	1047000	1050.6001	1050600	4.6000977	4600	""osoba4""
""osoba4""		1049.4	1049400	1050.6001	1050600	2.2000732	2200	""osoba4""
""osoba2""		1049.7001	1049700	1055.7001	1055700	7.0	7000	""osoba2""
""osoba2""		1052.1001	1052100	1055.7001	1055700	4.5999756	4599	""osoba2""
""osoba2""		1053.0	1053000	1055.7001	1055700	3.7000732	3700	""osoba2""
""osoba4""		1053.3	1053300	1072.8	1072800	20.5	20500	""osoba4""
""osoba3""		1054.5	1054500	1055.1001	1055100	1.6000977	1600	""osoba3""
""osoba4""		1056.0	1056000	1072.8	1072800	17.800049	17800	""osoba4""
""osoba4""		1057.2001	1057200	1072.8	1072800	16.599976	16599	""osoba4""
""osoba4""		1058.1001	1058100	1072.8	1072800	15.699951	15699	""osoba4""
""osoba4""		1058.7001	1058700	1072.8	1072800	15.099976	15099	""osoba4""
""osoba4""		1059.3	1059300	1072.8	1072800	14.5	14500	""osoba4""
""osoba4""		1060.5	1060500	1072.8	1072800	13.300049	13300	""osoba4""
""osoba4""		1061.4	1061400	1072.8	1072800	12.400024	12400	""osoba4""
""osoba2""		1065.6001	1065600	1065.9	1065900	1.2999268	1299	""osoba2""
""osoba4""		1067.7001	1067700	1072.8	1072800	6.0999756	6099	""osoba4""
""osoba4""		1069.2001	1069200	1072.8	1072800	4.5999756	4599	""osoba4""
""osoba2""		1071.9	1071900	1073.4	1073400	2.5	2500	""osoba2""
""osoba1""		1073.1001	1073100	1082.1001	1082100	10.0	10000	""osoba1""
""osoba1""		1074.3	1074300	1082.1001	1082100	8.800049	8800	""osoba1""
""osoba1""		1077.0	1077000	1082.1001	1082100	6.1000977	6100	""osoba1""
""osoba1""		1077.6001	1077600	1082.1001	1082100	5.5	5500	""osoba1""
""osoba4""		1078.8	1078800	1078.8	1078800	1.0	1000	""osoba4""
""osoba1""		1080.0	1080000	1082.1001	1082100	3.1000977	3100	""osoba1""
""osoba4""		1081.5	1081500	1109.1001	1109100	28.600098	28600	""osoba4""
""osoba4""		1082.7001	1082700	1109.1001	1109100	27.400024	27400	""osoba4""
""osoba4""		1085.1001	1085100	1109.1001	1109100	25.0	25000	""osoba4""
""osoba4""		1086.9	1086900	1109.1001	1109100	23.200073	23200	""osoba4""
""osoba4""		1089.0	1089000	1109.1001	1109100	21.100098	21100	""osoba4""
""osoba2""		1089.3	1089300	1089.6001	1089600	1.3000488	1300	""osoba2""
""osoba4""		1090.2001	1090200	1109.1001	1109100	19.900024	19900	""osoba4""
""osoba4""		1092.0	1092000	1109.1001	1109100	18.100098	18100	""osoba4""
""osoba2""		1093.2001	1093200	1094.1001	1094100	1.9000244	1900	""osoba2""
""osoba4""		1096.2001	1096200	1109.1001	1109100	13.900024	13900	""osoba4""
""osoba4""		1097.1001	1097100	1109.1001	1109100	13.0	13000	""osoba4""
""osoba4""		1098.0	1098000	1109.1001	1109100	12.100098	12100	""osoba4""
""osoba4""		1098.9	1098900	1109.1001	1109100	11.200073	11200	""osoba4""
""osoba4""		1099.5	1099500	1109.1001	1109100	10.600098	10600	""osoba4""
""osoba4""		1100.1001	1100100	1109.1001	1109100	10.0	10000	""osoba4""
""osoba4""		1105.2001	1105200	1109.1001	1109100	4.9000244	4900	""osoba4""
""osoba4""		1108.2001	1108200	1109.1001	1109100	1.9000244	1900	""osoba4""
""osoba4""		1108.8	1108800	1109.1001	1109100	1.3000488	1300	""osoba4""
""osoba2""		1109.1001	1109100	1114.5	1114500	6.3999023	6399	""osoba2""
""osoba2""		1110.6001	1110600	1114.5	1114500	4.8999023	4899	""osoba2""
""osoba1""		1112.7001	1112700	1113.0	1113000	1.2999268	1299	""osoba1""
""osoba4""		1112.7001	1112700	1127.1001	1127100	15.400024	15400	""osoba4""
""osoba4""		1116.6001	1116600	1127.1001	1127100	11.5	11500	""osoba4""
""osoba4""		1117.5	1117500	1127.1001	1127100	10.600098	10600	""osoba4""
""osoba4""		1118.7001	1118700	1127.1001	1127100	9.400024	9400	""osoba4""
""osoba4""		1122.6001	1122600	1127.1001	1127100	5.5	5500	""osoba4""
""osoba4""		1123.5	1123500	1127.1001	1127100	4.6000977	4600	""osoba4""
""osoba4""		1125.3	1125300	1127.1001	1127100	2.8000488	2800	""osoba4""
""osoba2""		1126.2001	1126200	1130.1001	1130100	4.9000244	4900	""osoba2""
""osoba4""		1126.2001	1126200	1127.1001	1127100	1.9000244	1900	""osoba4""
""osoba4""		1130.1001	1130100	1137.9	1137900	8.799927	8799	""osoba4""
""osoba1""		1131.6001	1131600	1132.2001	1132200	1.5999756	1599	""osoba1""
""osoba4""		1131.9	1131900	1137.9	1137900	7.0	7000	""osoba4""
""osoba4""		1134.3	1134300	1137.9	1137900	4.5999756	4599	""osoba4""
""osoba4""		1136.4	1136400	1137.9	1137900	2.5	2500	""osoba4""
""osoba1""		1137.0	1137000	1146.3	1146300	10.300049	10300	""osoba1""
""osoba4""		1137.0	1137000	1137.9	1137900	1.9000244	1900	""osoba4""
""osoba2""		1137.6001	1137600	1139.7001	1139700	3.0999756	3099	""osoba2""
""osoba1""		1139.7001	1139700	1146.3	1146300	7.5999756	7599	""osoba1""
""osoba3""		1140.0	1140000	1140.3	1140300	1.3000488	1300	""osoba3""
""osoba1""		1143.3	1143300	1146.3	1146300	4.0	4000	""osoba1""
""osoba2""		1144.2001	1144200	1179.6001	1179600	36.400024	36400	""osoba2""
""osoba2""		1146.6001	1146600	1179.6001	1179600	34.0	34000	""osoba2""
""osoba2""		1147.8	1147800	1179.6001	1179600	32.80005	32800	""osoba2""
""osoba2""		1152.3	1152300	1179.6001	1179600	28.300049	28300	""osoba2""
""osoba3""		1153.8	1153800	1153.8	1153800	1.0	1000	""osoba3""
""osoba2""		1154.7001	1154700	1179.6001	1179600	25.900024	25900	""osoba2""
""osoba2""		1158.9	1158900	1179.6001	1179600	21.700073	21700	""osoba2""
""osoba2""		1159.8	1159800	1179.6001	1179600	20.800049	20800	""osoba2""
""osoba2""		1160.4	1160400	1179.6001	1179600	20.200073	20200	""osoba2""
""osoba4""		1161.6001	1161600	1161.9	1161900	1.2999268	1299	""osoba4""
""osoba2""		1162.2001	1162200	1179.6001	1179600	18.400024	18400	""osoba2""
""osoba2""		1165.2001	1165200	1179.6001	1179600	15.400024	15400	""osoba2""
""osoba4""		1165.2001	1165200	1166.4	1166400	2.1999512	2199	""osoba4""
""osoba2""		1166.7001	1166700	1179.6001	1179600	13.900024	13900	""osoba2""
""osoba2""		1167.9	1167900	1179.6001	1179600	12.700073	12700	""osoba2""
""osoba2""		1170.3	1170300	1179.6001	1179600	10.300049	10300	""osoba2""
""osoba3""		1170.3	1170300	1170.3	1170300	1.0	1000	""osoba3""
""osoba2""		1171.2001	1171200	1179.6001	1179600	9.400024	9400	""osoba2""
""osoba2""		1173.6001	1173600	1179.6001	1179600	7.0	7000	""osoba2""
""osoba2""		1175.1001	1175100	1179.6001	1179600	5.5	5500	""osoba2""
""osoba2""		1176.0	1176000	1179.6001	1179600	4.6000977	4600	""osoba2""
""osoba4""		1176.9	1176900	1177.2001	1177200	1.3000488	1300	""osoba4""
""osoba1""		1177.2001	1177200	1178.1001	1178100	1.9000244	1900	""osoba1""
""osoba3""		1177.8	1177800	1179.0	1179000	2.1999512	2199	""osoba3""
""osoba4""		1179.9	1179900	1182.3	1182300	3.4000244	3400	""osoba4""
""osoba4""		1181.7001	1181700	1182.3	1182300	1.5999756	1599	""osoba4""
""osoba1""		1182.3	1182300	1186.2001	1186200	4.9000244	4900	""osoba1""
""osoba1""		1183.2001	1183200	1186.2001	1186200	4.0	4000	""osoba1""
""osoba1""		1185.3	1185300	1186.2001	1186200	1.9000244	1900	""osoba1""
""osoba3""		1185.9	1185900	1191.0	1191000	6.0999756	6099	""osoba3""
""osoba3""		1188.3	1188300	1191.0	1191000	3.6999512	3699	""osoba3""
""osoba4""		1190.4	1190400	1202.7001	1202700	13.300049	13300	""osoba4""
""osoba4""		1191.9	1191900	1202.7001	1202700	11.800049	11800	""osoba4""
""osoba4""		1192.8	1192800	1202.7001	1202700	10.900024	10900	""osoba4""
""osoba4""		1194.9	1194900	1202.7001	1202700	8.800049	8800	""osoba4""
""osoba4""		1196.7001	1196700	1202.7001	1202700	7.0	7000	""osoba4""
""osoba4""		1198.5	1198500	1202.7001	1202700	5.2000732	5200	""osoba4""
""osoba4""		1199.4	1199400	1202.7001	1202700	4.300049	4300	""osoba4""
""osoba1""		1202.1001	1202100	1212.3	1212300	11.199951	11199	""osoba1""
""osoba1""		1206.9	1206900	1212.3	1212300	6.4000244	6400	""osoba1""
""osoba3""		1209.0	1209000	1209.6001	1209600	1.6000977	1600	""osoba3""
""osoba2""		1210.2001	1210200	1210.5	1210500	1.2999268	1299	""osoba2""
""osoba1""		1211.4	1211400	1212.3	1212300	1.9000244	1900	""osoba1""
""osoba2""		1212.9	1212900	1227.9	1227900	16.0	16000	""osoba2""
""osoba2""		1213.8	1213800	1227.9	1227900	15.099976	15099	""osoba2""
""osoba1""		1216.8	1216800	1218.0	1218000	2.1999512	2199	""osoba1""
""osoba2""		1216.8	1216800	1227.9	1227900	12.099976	12099	""osoba2""
""osoba2""		1217.4	1217400	1227.9	1227900	11.5	11500	""osoba2""
""osoba4""		1217.4	1217400	1219.8	1219800	3.4000244	3400	""osoba4""
""osoba2""		1224.3	1224300	1227.9	1227900	4.5999756	4599	""osoba2""
""osoba4""		1224.3	1224300	1225.2001	1225200	1.9000244	1900	""osoba4""
""osoba3""		1225.2001	1225200	1226.1001	1226100	1.9000244	1900	""osoba3""
""osoba1""		1226.7001	1226700	1240.8	1240800	15.099976	15099	""osoba1""
""osoba1""		1229.1001	1229100	1240.8	1240800	12.699951	12699	""osoba1""
""osoba1""		1229.7001	1229700	1240.8	1240800	12.099976	12099	""osoba1""
""osoba1""		1230.9	1230900	1240.8	1240800	10.900024	10900	""osoba1""
""osoba1""		1231.5	1231500	1240.8	1240800	10.300049	10300	""osoba1""
""osoba1""		1232.1001	1232100	1240.8	1240800	9.699951	9699	""osoba1""
""osoba1""		1233.9	1233900	1240.8	1240800	7.9000244	7900	""osoba1""
""osoba1""		1235.7001	1235700	1240.8	1240800	6.0999756	6099	""osoba1""
""osoba1""		1237.8	1237800	1240.8	1240800	4.0	4000	""osoba1""
""osoba2""		1239.3	1239300	1249.2001	1249200	10.900024	10900	""osoba2""
""osoba2""		1242.3	1242300	1249.2001	1249200	7.9000244	7900	""osoba2""
""osoba2""		1243.5	1243500	1249.2001	1249200	6.7000732	6700	""osoba2""
""osoba2""		1244.1001	1244100	1249.2001	1249200	6.0999756	6099	""osoba2""
""osoba4""		1247.1001	1247100	1247.4	1247400	1.2999268	1299	""osoba4""
""osoba2""		1247.4	1247400	1249.2001	1249200	2.8000488	2800	""osoba2""
""osoba3""		1248.9	1248900	1281.6001	1281600	33.700073	33700	""osoba3""
""osoba3""		1250.1001	1250100	1281.6001	1281600	32.5	32500	""osoba3""
""osoba3""		1251.6001	1251600	1281.6001	1281600	31.0	31000	""osoba3""
""osoba3""		1259.1001	1259100	1281.6001	1281600	23.5	23500	""osoba3""
""osoba3""		1261.2001	1261200	1281.6001	1281600	21.400024	21400	""osoba3""
""osoba3""		1262.4	1262400	1281.6001	1281600	20.200073	20200	""osoba3""
""osoba3""		1265.1001	1265100	1281.6001	1281600	17.5	17500	""osoba3""
""osoba3""		1267.5	1267500	1281.6001	1281600	15.100098	15100	""osoba3""
""osoba2""		1276.5	1276500	1276.8	1276800	1.3000488	1300	""osoba2""
""osoba3""		1278.3	1278300	1281.6001	1281600	4.300049	4300	""osoba3""
""osoba3""		1278.9	1278900	1281.6001	1281600	3.7000732	3700	""osoba3""
""osoba1""		1280.7001	1280700	1287.9	1287900	8.199951	8199	""osoba1""
""osoba1""		1282.8	1282800	1287.9	1287900	6.0999756	6099	""osoba1""
""osoba1""		1284.9	1284900	1287.9	1287900	4.0	4000	""osoba1""
""osoba1""		1286.7001	1286700	1287.9	1287900	2.1999512	2199	""osoba1""
""osoba2""		1287.0	1287000	1293.0	1293000	7.0	7000	""osoba2""
""osoba3""		1289.1001	1289100	1289.1001	1289100	1.0	1000	""osoba3""
""osoba2""		1289.4	1289400	1293.0	1293000	4.5999756	4599	""osoba2""
""osoba2""		1291.5	1291500	1293.0	1293000	2.5	2500	""osoba2""
""osoba2""		1292.4	1292400	1293.0	1293000	1.5999756	1599	""osoba2""
""osoba3""		1293.0	1293000	1296.6001	1296600	4.6000977	4600	""osoba3""
""osoba3""		1294.5	1294500	1296.6001	1296600	3.1000977	3100	""osoba3""
""osoba1""		1295.1001	1295100	1296.3	1296300	2.1999512	2199	""osoba1""
""osoba4""		1296.6001	1296600	1317.9	1317900	22.299927	22299	""osoba4""
""osoba2""		1299.6001	1299600	1302.0	1302000	3.3999023	3399	""osoba2""
""osoba1""		1299.9	1299900	1300.2001	1300200	1.3000488	1300	""osoba1""
""osoba4""		1300.8	1300800	1317.9	1317900	18.099976	18099	""osoba4""
""osoba4""		1304.7001	1304700	1317.9	1317900	14.199951	14199	""osoba4""
""osoba4""		1310.1001	1310100	1317.9	1317900	8.799927	8799	""osoba4""
""osoba4""		1310.7001	1310700	1317.9	1317900	8.199951	8199	""osoba4""
""osoba2""		1311.9	1311900	1312.8	1312800	1.9000244	1900	""osoba2""
""osoba4""		1315.5	1315500	1317.9	1317900	3.4000244	3400	""osoba4""
""osoba4""		1316.4	1316400	1317.9	1317900	2.5	2500	""osoba4""
""osoba2""		1317.0	1317000	1327.5	1327500	11.5	11500	""osoba2""
""osoba3""		1320.6001	1320600	1320.9	1320900	1.2999268	1299	""osoba3""
""osoba2""		1322.1001	1322100	1327.5	1327500	6.3999023	6399	""osoba2""
""osoba2""		1324.5	1324500	1327.5	1327500	4.0	4000	""osoba2""
""osoba2""		1325.1001	1325100	1327.5	1327500	3.3999023	3399	""osoba2""
""osoba3""		1328.1001	1328100	1332.9	1332900	5.7999268	5799	""osoba3""
""osoba3""		1330.2001	1330200	1332.9	1332900	3.6999512	3699	""osoba3""
""osoba3""		1331.1001	1331100	1332.9	1332900	2.7999268	2799	""osoba3""
""osoba3""		1331.7001	1331700	1332.9	1332900	2.1999512	2199	""osoba3""
""osoba2""		1332.6001	1332600	1351.5	1351500	19.899902	19899	""osoba2""
""osoba3""		1332.6001	1332600	1332.9	1332900	1.2999268	1299	""osoba3""
""osoba2""		1333.8	1333800	1351.5	1351500	18.699951	18699	""osoba2""
""osoba2""		1334.4	1334400	1351.5	1351500	18.099976	18099	""osoba2""
""osoba2""		1339.2001	1339200	1351.5	1351500	13.299927	13299	""osoba2""
""osoba4""		1340.7001	1340700	1341.3	1341300	1.5999756	1599	""osoba4""
""osoba2""		1343.1001	1343100	1351.5	1351500	9.399902	9399	""osoba2""
""osoba2""		1343.7001	1343700	1351.5	1351500	8.799927	8799	""osoba2""
""osoba2""		1348.2001	1348200	1351.5	1351500	4.2999268	4299	""osoba2""
""osoba2""		1349.4	1349400	1351.5	1351500	3.0999756	3099	""osoba2""
""osoba2""		1351.2001	1351200	1351.5	1351500	1.2999268	1299	""osoba2""
""osoba3""		1351.8	1351800	1365.9	1365900	15.099976	15099	""osoba3""
""osoba1""		1352.1001	1352100	1353.0	1353000	1.8999023	1899	""osoba1""
""osoba3""		1355.4	1355400	1365.9	1365900	11.5	11500	""osoba3""
""osoba2""		1356.9	1356900	1357.8	1357800	1.9000244	1900	""osoba2""
""osoba3""		1357.8	1357800	1365.9	1365900	9.099976	9099	""osoba3""
""osoba3""		1360.5	1360500	1365.9	1365900	6.4000244	6400	""osoba3""
""osoba3""		1362.0	1362000	1365.9	1365900	4.9000244	4900	""osoba3""
""osoba4""		1362.0	1362000	1368.6001	1368600	7.6000977	7600	""osoba4""
""osoba3""		1363.5	1363500	1365.9	1365900	3.4000244	3400	""osoba3""
""osoba4""		1365.6001	1365600	1368.6001	1368600	4.0	4000	""osoba4""
""osoba4""		1366.8	1366800	1368.6001	1368600	2.8000488	2800	""osoba4""
""osoba2""		1368.0	1368000	1370.7001	1370700	3.7000732	3700	""osoba2""
""osoba3""		1369.8	1369800	1373.4	1373400	4.5999756	4599	""osoba3""
""osoba1""		1372.8	1372800	1381.5	1381500	9.699951	9699	""osoba1""
""osoba1""		1374.9	1374900	1381.5	1381500	7.5999756	7599	""osoba1""
""osoba1""		1375.8	1375800	1381.5	1381500	6.699951	6699	""osoba1""
""osoba1""		1377.9	1377900	1381.5	1381500	4.5999756	4599	""osoba1""
""osoba1""		1378.5	1378500	1381.5	1381500	4.0	4000	""osoba1""
""osoba1""		1379.4	1379400	1381.5	1381500	3.0999756	3099	""osoba1""
""osoba3""		1379.7001	1379700	1386.0	1386000	7.2999268	7299	""osoba3""
""osoba1""		1386.0	1386000	1388.1001	1388100	3.1000977	3100	""osoba1""
""osoba3""		1386.0	1386000	1386.0	1386000	1.0	1000	""osoba3""
""osoba2""		1387.8	1387800	1420.8	1420800	34.0	34000	""osoba2""
""osoba2""		1389.6001	1389600	1420.8	1420800	32.19995	32199	""osoba2""
""osoba1""		1391.1001	1391100	1393.2001	1393200	3.0999756	3099	""osoba1""
""osoba2""		1391.1001	1391100	1420.8	1420800	30.699951	30699	""osoba2""
""osoba1""		1392.3	1392300	1393.2001	1393200	1.9000244	1900	""osoba1""
""osoba2""		1392.9	1392900	1420.8	1420800	28.900024	28900	""osoba2""
""osoba2""		1397.1001	1397100	1420.8	1420800	24.699951	24699	""osoba2""
""osoba1""		1397.4	1397400	1399.2001	1399200	2.8000488	2800	""osoba1""
""osoba2""		1397.7001	1397700	1420.8	1420800	24.099976	24099	""osoba2""
""osoba2""		1400.4	1400400	1420.8	1420800	21.400024	21400	""osoba2""
""osoba2""		1401.0	1401000	1420.8	1420800	20.800049	20800	""osoba2""
""osoba2""		1404.3	1404300	1420.8	1420800	17.5	17500	""osoba2""
""osoba2""		1406.4	1406400	1420.8	1420800	15.400024	15400	""osoba2""
""osoba2""		1408.8	1408800	1420.8	1420800	13.0	13000	""osoba2""
""osoba2""		1413.9	1413900	1420.8	1420800	7.9000244	7900	""osoba2""
""osoba3""		1413.9	1413900	1413.9	1413900	1.0	1000	""osoba3""
""osoba2""		1414.5	1414500	1420.8	1420800	7.300049	7300	""osoba2""
""osoba2""		1419.9	1419900	1420.8	1420800	1.9000244	1900	""osoba2""
""osoba3""		1421.4	1421400	1428.0	1428000	7.5999756	7599	""osoba3""
""osoba4""		1422.0	1422000	1422.3	1422300	1.3000488	1300	""osoba4""
""osoba3""		1426.8	1426800	1428.0	1428000	2.1999512	2199	""osoba3""
""osoba2""		1427.4	1427400	1432.5	1432500	6.0999756	6099	""osoba2""
""osoba2""		1430.1001	1430100	1432.5	1432500	3.3999023	3399	""osoba2""
""osoba2""		1431.9	1431900	1432.5	1432500	1.5999756	1599	""osoba2""
""osoba3""		1432.2001	1432200	1432.8	1432800	1.5999756	1599	""osoba3""
""osoba1""		1433.4	1433400	1436.7001	1436700	4.300049	4300	""osoba1""
""osoba1""		1434.6001	1434600	1436.7001	1436700	3.0999756	3099	""osoba1""
""osoba3""		1434.9	1434900	1435.5	1435500	1.5999756	1599	""osoba3""
""osoba2""		1436.4	1436400	1455.0	1455000	19.599976	19599	""osoba2""
""osoba2""		1437.6001	1437600	1455.0	1455000	18.399902	18399	""osoba2""
""osoba2""		1439.1001	1439100	1455.0	1455000	16.899902	16899	""osoba2""
""osoba2""		1439.7001	1439700	1455.0	1455000	16.299927	16299	""osoba2""
""osoba2""		1440.9	1440900	1455.0	1455000	15.099976	15099	""osoba2""
""osoba1""		1441.8	1441800	1442.1001	1442100	1.3000488	1300	""osoba1""
""osoba2""		1443.0	1443000	1455.0	1455000	13.0	13000	""osoba2""
""osoba2""		1443.6001	1443600	1455.0	1455000	12.399902	12399	""osoba2""
""osoba2""		1444.8	1444800	1455.0	1455000	11.199951	11199	""osoba2""
""osoba2""		1448.1001	1448100	1455.0	1455000	7.8999023	7899	""osoba2""
""osoba3""		1448.1001	1448100	1448.1001	1448100	1.0	1000	""osoba3""
""osoba4""		1448.4	1448400	1448.4	1448400	1.0	1000	""osoba4""
""osoba2""		1449.0	1449000	1455.0	1455000	7.0	7000	""osoba2""
""osoba2""		1452.9	1452900	1455.0	1455000	3.0999756	3099	""osoba2""
""osoba1""		1453.8	1453800	1466.1001	1466100	13.300049	13300	""osoba1""
""osoba1""		1455.9	1455900	1466.1001	1466100	11.200073	11200	""osoba1""
""osoba1""		1457.4	1457400	1466.1001	1466100	9.700073	9700	""osoba1""
""osoba1""		1458.6001	1458600	1466.1001	1466100	8.5	8500	""osoba1""
""osoba1""		1459.5	1459500	1466.1001	1466100	7.6000977	7600	""osoba1""
""osoba4""		1461.3	1461300	1461.9	1461900	1.5999756	1599	""osoba4""
""osoba3""		1461.9	1461900	1462.2001	1462200	1.3000488	1300	""osoba3""
""osoba1""		1464.0	1464000	1466.1001	1466100	3.1000977	3100	""osoba1""
""osoba1""		1464.9	1464900	1466.1001	1466100	2.2000732	2200	""osoba1""
""osoba3""		1466.1001	1466100	1478.1001	1478100	13.0	13000	""osoba3""
""osoba3""		1468.2001	1468200	1478.1001	1478100	10.900024	10900	""osoba3""
""osoba3""		1470.6001	1470600	1478.1001	1478100	8.5	8500	""osoba3""
""osoba3""		1471.8	1471800	1478.1001	1478100	7.300049	7300	""osoba3""
""osoba3""		1472.7001	1472700	1478.1001	1478100	6.4000244	6400	""osoba3""
""osoba3""		1473.3	1473300	1478.1001	1478100	5.800049	5800	""osoba3""
""osoba2""		1476.9	1476900	1484.7001	1484700	8.800049	8800	""osoba2""
""osoba3""		1477.8	1477800	1478.1001	1478100	1.3000488	1300	""osoba3""
""osoba4""		1482.9	1482900	1488.6001	1488600	6.7000732	6700	""osoba4""
""osoba4""		1485.9	1485900	1488.6001	1488600	3.7000732	3700	""osoba4""
""osoba4""		1487.4	1487400	1488.6001	1488600	2.2000732	2200	""osoba4""
""osoba1""		1488.6001	1488600	1490.7001	1490700	3.0999756	3099	""osoba1""
""osoba2""		1490.1001	1490100	1497.3	1497300	8.199951	8199	""osoba2""
""osoba2""		1493.1001	1493100	1497.3	1497300	5.199951	5199	""osoba2""
""osoba2""		1494.3	1494300	1497.3	1497300	4.0	4000	""osoba2""
""osoba2""		1496.1001	1496100	1497.3	1497300	2.1999512	2199	""osoba2""
""osoba4""		1496.7001	1496700	1498.5	1498500	2.7999268	2799	""osoba4""
""osoba1""		1497.9	1497900	1511.1001	1511100	14.200073	14200	""osoba1""
""osoba1""		1500.3	1500300	1511.1001	1511100	11.800049	11800	""osoba1""
""osoba1""		1500.9	1500900	1511.1001	1511100	11.200073	11200	""osoba1""
""osoba1""		1502.1001	1502100	1511.1001	1511100	10.0	10000	""osoba1""
""osoba1""		1503.0	1503000	1511.1001	1511100	9.100098	9100	""osoba1""
""osoba2""		1503.3	1503300	1504.2001	1504200	1.9000244	1900	""osoba2""
""osoba1""		1506.6001	1506600	1511.1001	1511100	5.5	5500	""osoba1""
""osoba1""		1508.1001	1508100	1511.1001	1511100	4.0	4000	""osoba1""
""osoba1""		1510.5	1510500	1511.1001	1511100	1.6000977	1600	""osoba1""
""osoba2""		1510.5	1510500	1510.8	1510800	1.3000488	1300	""osoba2""
""osoba4""		1511.1001	1511100	1514.4	1514400	4.2999268	4299	""osoba4""
""osoba1""		1514.4	1514400	1531.2001	1531200	17.800049	17800	""osoba1""
""osoba2""		1518.0	1518000	1521.0	1521000	4.0	4000	""osoba2""
""osoba2""		1520.4	1520400	1521.0	1521000	1.5999756	1599	""osoba2""
""osoba1""		1522.8	1522800	1531.2001	1531200	9.400024	9400	""osoba1""
""osoba1""		1526.7001	1526700	1531.2001	1531200	5.5	5500	""osoba1""
""osoba1""		1528.5	1528500	1531.2001	1531200	3.7000732	3700	""osoba1""
""osoba1""		1529.4	1529400	1531.2001	1531200	2.8000488	2800	""osoba1""
""osoba1""		1530.9	1530900	1531.2001	1531200	1.3000488	1300	""osoba1""
""osoba4""		1530.9	1530900	1545.3	1545300	15.400024	15400	""osoba4""
""osoba4""		1532.1001	1532100	1545.3	1545300	14.199951	14199	""osoba4""
""osoba4""		1533.3	1533300	1545.3	1545300	13.0	13000	""osoba4""
""osoba2""		1533.6001	1533600	1536.6001	1536600	4.0	4000	""osoba2""
""osoba4""		1538.1001	1538100	1545.3	1545300	8.199951	8199	""osoba4""
""osoba4""		1539.0001	1539000	1545.3	1545300	7.2999268	7299	""osoba4""
""osoba4""		1539.9	1539900	1545.3	1545300	6.4000244	6400	""osoba4""
""osoba4""		1540.5001	1540500	1545.3	1545300	5.7999268	5799	""osoba4""
""osoba4""		1542.3	1542300	1545.3	1545300	4.0	4000	""osoba4""
""osoba4""		1542.9	1542900	1545.3	1545300	3.4000244	3400	""osoba4""
""osoba3""		1545.9	1545900	1573.5001	1573500	28.600098	28600	""osoba3""
""osoba3""		1547.4	1547400	1573.5001	1573500	27.100098	27100	""osoba3""
""osoba3""		1548.0001	1548000	1573.5001	1573500	26.5	26500	""osoba3""
""osoba3""		1550.1001	1550100	1573.5001	1573500	24.400024	24400	""osoba3""
""osoba3""		1551.3	1551300	1573.5001	1573500	23.200073	23200	""osoba3""
""osoba1""		1552.8	1552800	1553.1001	1553100	1.3000488	1300	""osoba1""
""osoba2""		1554.6001	1554600	1555.8	1555800	2.1999512	2199	""osoba2""
""osoba3""		1556.7001	1556700	1573.5001	1573500	17.800049	17800	""osoba3""
""osoba3""		1557.9	1557900	1573.5001	1573500	16.600098	16600	""osoba3""
""osoba3""		1559.1001	1559100	1573.5001	1573500	15.400024	15400	""osoba3""
""osoba3""		1560.6001	1560600	1573.5001	1573500	13.900024	13900	""osoba3""
""osoba3""		1563.0001	1563000	1573.5001	1573500	11.5	11500	""osoba3""
""osoba2""		1566.3	1566300	1566.6001	1566600	1.3000488	1300	""osoba2""
""osoba3""		1567.2001	1567200	1573.5001	1573500	7.300049	7300	""osoba3""
""osoba3""		1568.1001	1568100	1573.5001	1573500	6.4000244	6400	""osoba3""
""osoba1""		1568.4	1568400	1568.4	1568400	1.0	1000	""osoba1""
""osoba2""		1571.4	1571400	1600.5001	1600500	30.100098	30100	""osoba2""
""osoba3""		1571.4	1571400	1573.5001	1573500	3.1000977	3100	""osoba3""
""osoba4""		1573.8	1573800	1574.1001	1574100	1.3000488	1300	""osoba4""
""osoba2""		1575.6001	1575600	1600.5001	1600500	25.900024	25900	""osoba2""
""osoba2""		1576.8	1576800	1600.5001	1600500	24.700073	24700	""osoba2""
""osoba2""		1578.6001	1578600	1600.5001	1600500	22.900024	22900	""osoba2""
""osoba2""		1581.6001	1581600	1600.5001	1600500	19.900024	19900	""osoba2""
""osoba2""		1582.8	1582800	1600.5001	1600500	18.700073	18700	""osoba2""
""osoba2""		1585.2001	1585200	1600.5001	1600500	16.300049	16300	""osoba2""
""osoba2""		1585.8	1585800	1600.5001	1600500	15.700073	15700	""osoba2""
""osoba2""		1587.0001	1587000	1600.5001	1600500	14.5	14500	""osoba2""
""osoba2""		1587.9	1587900	1600.5001	1600500	13.600098	13600	""osoba2""
""osoba2""		1589.1001	1589100	1600.5001	1600500	12.400024	12400	""osoba2""
""osoba2""		1590.0001	1590000	1600.5001	1600500	11.5	11500	""osoba2""
""osoba4""		1590.6001	1590600	1590.6001	1590600	1.0	1000	""osoba4""
""osoba2""		1590.9	1590900	1600.5001	1600500	10.600098	10600	""osoba2""
""osoba2""		1593.9	1593900	1600.5001	1600500	7.6000977	7600	""osoba2""
""osoba4""		1596.3	1596300	1611.0001	1611000	15.700073	15700	""osoba4""
""osoba2""		1599.3	1599300	1600.5001	1600500	2.2000732	2200	""osoba2""
""osoba4""		1601.4	1601400	1611.0001	1611000	10.600098	10600	""osoba4""
""osoba4""		1602.0001	1602000	1611.0001	1611000	10.0	10000	""osoba4""
""osoba2""		1603.5001	1603500	1603.5001	1603500	1.0	1000	""osoba2""
""osoba4""		1606.2001	1606200	1611.0001	1611000	5.800049	5800	""osoba4""
""osoba4""		1606.8	1606800	1611.0001	1611000	5.2000732	5200	""osoba4""
""osoba4""		1607.7001	1607700	1611.0001	1611000	4.300049	4300	""osoba4""
""osoba4""		1608.6001	1608600	1611.0001	1611000	3.4000244	3400	""osoba4""
""osoba1""		1609.2001	1609200	1620.3	1620300	12.099976	12099	""osoba1""
""osoba2""		1609.5001	1609500	1613.1001	1613100	4.5999756	4599	""osoba2""
""osoba4""		1610.1001	1610100	1611.0001	1611000	1.9000244	1900	""osoba4""
""osoba2""		1612.8	1612800	1613.1001	1613100	1.3000488	1300	""osoba2""
""osoba1""		1614.0001	1614000	1620.3	1620300	7.2999268	7299	""osoba1""
""osoba1""		1616.4	1616400	1620.3	1620300	4.9000244	4900	""osoba1""
""osoba3""		1618.8	1618800	1620.3	1620300	2.5	2500	""osoba3""
