"default"		0.0	0	1.0	1000	1.0	1000	BEGIN
"default"		1620.3	1620300	1620.31	1621300	1.0	1000	END
""osoba3""		7.5000005	7500	20.400002	20400	13.900002	13900	""osoba3""
""osoba3""		8.1	8100	20.400002	20400	13.300001	13300	""osoba3""
""osoba3""		8.700001	8700	20.400002	20400	12.700001	12700	""osoba3""
""osoba1""		11.400001	11400	13.200001	13200	2.8000002	2800	""osoba1""
""osoba3""		12.0	12000	20.400002	20400	9.400002	9400	""osoba3""
""osoba3""		13.200001	13200	20.400002	20400	8.200001	8200	""osoba3""
""osoba4""		15.6	15600	15.6	15600	1.0	1000	""osoba4""
""osoba3""		16.2	16200	20.400002	20400	5.200001	5200	""osoba3""
""osoba3""		16.800001	16800	20.400002	20400	4.6000004	4600	""osoba3""
""osoba2""		19.5	19500	25.500002	25500	7.000002	7000	""osoba2""
""osoba3""		20.1	20100	20.400002	20400	1.3000011	1300	""osoba3""
""osoba2""		21.900002	21900	25.500002	25500	4.6000004	4600	""osoba2""
""osoba4""		22.5	22500	22.800001	22800	1.3000011	1300	""osoba4""
""osoba1""		25.2	25200	27.000002	27000	2.8000011	2800	""osoba1""
""osoba3""		25.500002	25500	36.600002	36600	12.1	12100	""osoba3""
""osoba2""		27.900002	27900	29.400002	29400	2.5	2500	""osoba2""
""osoba1""		33.300003	33300	33.300003	33300	1.0	1000	""osoba1""
""osoba3""		33.600002	33600	36.600002	36600	4.0	4000	""osoba3""
""osoba3""		34.800003	34800	36.600002	36600	2.7999992	2799	""osoba3""
""osoba3""		36.300003	36300	36.600002	36600	1.2999992	1299	""osoba3""
""osoba1""		37.2	37200	40.800003	40800	4.6000023	4600	""osoba1""
""osoba1""		38.7	38700	40.800003	40800	3.1000023	3100	""osoba1""
""osoba4""		39.0	39000	39.300003	39300	1.300003	1300	""osoba4""
""osoba3""		40.2	40200	43.2	43200	4.0	4000	""osoba3""
""osoba3""		42.0	42000	43.2	43200	2.2000008	2200	""osoba3""
""osoba1""		43.2	43200	56.100002	56100	13.900002	13900	""osoba1""
""osoba3""		43.2	43200	43.2	43200	1.0	1000	""osoba3""
""osoba2""		44.4	44400	45.300003	45300	1.9000015	1900	""osoba2""
""osoba1""		45.9	45900	56.100002	56100	11.200001	11200	""osoba1""
""osoba1""		46.800003	46800	56.100002	56100	10.299999	10299	""osoba1""
""osoba2""		47.4	47400	47.7	47700	1.2999992	1299	""osoba2""
""osoba3""		47.7	47700	48.0	48000	1.2999992	1299	""osoba3""
""osoba1""		51.600002	51600	56.100002	56100	5.5	5500	""osoba1""
""osoba1""		54.600002	54600	56.100002	56100	2.5	2500	""osoba1""
""osoba2""		54.9	54900	55.800003	55800	1.9000015	1900	""osoba2""
""osoba3""		56.4	56400	61.800003	61800	6.4000015	6400	""osoba3""
""osoba3""		57.600002	57600	61.800003	61800	5.200001	5200	""osoba3""
""osoba4""		58.2	58200	58.2	58200	1.0	1000	""osoba4""
""osoba3""		58.800003	58800	61.800003	61800	4.0	4000	""osoba3""
""osoba1""		59.7	59700	64.200005	64200	5.500004	5500	""osoba1""
""osoba3""		60.9	60900	61.800003	61800	1.9000015	1900	""osoba3""
""osoba1""		62.7	62700	64.200005	64200	2.5000038	2500	""osoba1""
""osoba1""		63.9	63900	64.200005	64200	1.300003	1300	""osoba1""
""osoba2""		64.5	64500	77.4	77400	13.900002	13900	""osoba2""
""osoba2""		66.0	66000	77.4	77400	12.400002	12400	""osoba2""
""osoba2""		66.9	66900	77.4	77400	11.5	11500	""osoba2""
""osoba2""		67.8	67800	77.4	77400	10.599998	10599	""osoba2""
""osoba2""		68.700005	68700	77.4	77400	9.699997	9699	""osoba2""
""osoba2""		71.700005	71700	77.4	77400	6.699997	6699	""osoba2""
""osoba3""		75.9	75900	76.200005	76200	1.300003	1300	""osoba3""
""osoba4""		77.700005	77700	82.8	82800	6.0999985	6099	""osoba4""
""osoba4""		78.9	78900	82.8	82800	4.9000015	4900	""osoba4""
""osoba4""		81.3	81300	82.8	82800	2.5	2500	""osoba4""
""osoba1""		82.5	82500	137.40001	137400	55.90001	55900	""osoba1""
""osoba1""		84.3	84300	137.40001	137400	54.100006	54100	""osoba1""
""osoba2""		84.9	84900	86.100006	86100	2.2000046	2200	""osoba2""
""osoba1""		87.9	87900	137.40001	137400	50.500008	50500	""osoba1""
""osoba1""		90.0	90000	137.40001	137400	48.40001	48400	""osoba1""
""osoba1""		91.8	91800	137.40001	137400	46.600006	46600	""osoba1""
""osoba3""		92.4	92400	92.4	92400	1.0	1000	""osoba3""
""osoba1""		93.0	93000	137.40001	137400	45.40001	45400	""osoba1""
""osoba1""		94.5	94500	137.40001	137400	43.90001	43900	""osoba1""
""osoba1""		95.100006	95100	137.40001	137400	43.300003	43300	""osoba1""
""osoba2""		99.3	99300	100.50001	100500	2.2000046	2200	""osoba2""
""osoba3""		99.600006	99600	101.4	101400	2.7999954	2799	""osoba3""
""osoba3""		105.00001	105000	105.9	105900	1.8999939	1899	""osoba3""
""osoba1""		107.4	107400	137.40001	137400	31.000008	31000	""osoba1""
""osoba1""		108.600006	108600	137.40001	137400	29.800003	29800	""osoba1""
""osoba1""		110.4	110400	137.40001	137400	28.000008	28000	""osoba1""
""osoba1""		111.600006	111600	137.40001	137400	26.800003	26800	""osoba1""
""osoba1""		113.4	113400	137.40001	137400	25.000008	25000	""osoba1""
""osoba3""		115.50001	115500	115.8	115800	1.2999954	1299	""osoba3""
""osoba3""		119.4	119400	122.100006	122100	3.7000046	3700	""osoba3""
""osoba3""		120.600006	120600	122.100006	122100	2.5	2500	""osoba3""
""osoba1""		120.9	120900	137.40001	137400	17.500008	17500	""osoba1""
""osoba1""		123.3	123300	137.40001	137400	15.100006	15100	""osoba1""
""osoba1""		124.8	124800	137.40001	137400	13.600006	13600	""osoba1""
""osoba1""		125.700005	125700	137.40001	137400	12.700005	12700	""osoba1""
""osoba1""		129.3	129300	137.40001	137400	9.100006	9100	""osoba1""
""osoba2""		130.5	130500	133.8	133800	4.300003	4300	""osoba2""
""osoba1""		132.0	132000	137.40001	137400	6.400009	6400	""osoba1""
""osoba1""		132.6	132600	137.40001	137400	5.800003	5800	""osoba1""
""osoba1""		135.3	135300	137.40001	137400	3.100006	3100	""osoba1""
""osoba2""		137.1	137100	138.90001	138900	2.800003	2800	""osoba2""
""osoba3""		138.6	138600	145.5	145500	7.899994	7899	""osoba3""
""osoba2""		138.90001	138900	138.90001	138900	1.0	1000	""osoba2""
""osoba3""		140.40001	140400	145.5	145500	6.099991	6099	""osoba3""
""osoba3""		141.6	141600	145.5	145500	4.899994	4899	""osoba3""
""osoba3""		142.8	142800	145.5	145500	3.699997	3699	""osoba3""
""osoba3""		143.40001	143400	145.5	145500	3.0999908	3099	""osoba3""
""osoba3""		144.0	144000	145.5	145500	2.5	2500	""osoba3""
""osoba1""		145.5	145500	165.0	165000	20.5	20500	""osoba1""
""osoba1""		147.3	147300	165.0	165000	18.699997	18699	""osoba1""
""osoba3""		147.6	147600	147.6	147600	1.0	1000	""osoba3""
""osoba1""		150.3	150300	165.0	165000	15.699997	15699	""osoba1""
""osoba1""		151.20001	151200	165.0	165000	14.799988	14799	""osoba1""
""osoba3""		151.20001	151200	152.1	152100	1.8999939	1899	""osoba3""
""osoba1""		152.70001	152700	165.0	165000	13.299988	13299	""osoba1""
""osoba1""		154.8	154800	165.0	165000	11.199997	11199	""osoba1""
""osoba4""		157.5	157500	159.3	159300	2.800003	2800	""osoba4""
""osoba1""		159.90001	159900	165.0	165000	6.099991	6099	""osoba1""
""osoba4""		162.3	162300	164.1	164100	2.800003	2800	""osoba4""
""osoba2""		163.20001	163200	167.40001	167400	5.199997	5199	""osoba2""
""osoba2""		165.90001	165900	167.40001	167400	2.5	2500	""osoba2""
""osoba2""		166.8	166800	167.40001	167400	1.6000061	1600	""osoba2""
""osoba1""		167.70001	167700	176.40001	176400	9.699997	9699	""osoba1""
""osoba3""		167.70001	167700	168.6	168600	1.8999939	1899	""osoba3""
""osoba1""		169.8	169800	176.40001	176400	7.600006	7600	""osoba1""
""osoba1""		170.70001	170700	176.40001	176400	6.699997	6699	""osoba1""
""osoba1""		171.90001	171900	176.40001	176400	5.5	5500	""osoba1""
""osoba4""		171.90001	171900	171.90001	171900	1.0	1000	""osoba4""
""osoba1""		173.40001	173400	176.40001	176400	4.0	4000	""osoba1""
""osoba1""		174.0	174000	176.40001	176400	3.4000092	3400	""osoba1""
""osoba1""		174.6	174600	176.40001	176400	2.800003	2800	""osoba1""
""osoba2""		176.40001	176400	187.5	187500	12.099991	12099	""osoba2""
""osoba2""		180.0	180000	187.5	187500	8.5	8500	""osoba2""
""osoba2""		180.90001	180900	187.5	187500	7.599991	7599	""osoba2""
""osoba2""		181.5	181500	187.5	187500	7.0	7000	""osoba2""
""osoba2""		182.40001	182400	187.5	187500	6.099991	6099	""osoba2""
""osoba4""		183.90001	183900	184.8	184800	1.8999939	1899	""osoba4""
""osoba2""		185.1	185100	187.5	187500	3.399994	3399	""osoba2""
""osoba1""		186.0	186000	196.8	196800	11.800003	11800	""osoba1""
""osoba2""		187.5	187500	187.5	187500	1.0	1000	""osoba2""
""osoba1""		192.3	192300	196.8	196800	5.5	5500	""osoba1""
""osoba3""		192.90001	192900	194.1	194100	2.199997	2199	""osoba3""
""osoba1""		193.20001	193200	196.8	196800	4.599991	4599	""osoba1""
""osoba1""		196.50002	196500	196.8	196800	1.2999878	1299	""osoba1""
""osoba2""		197.1	197100	231.6	231600	35.5	35500	""osoba2""
""osoba2""		202.8	202800	231.6	231600	29.800003	29800	""osoba2""
""osoba2""		206.40001	206400	231.6	231600	26.199997	26199	""osoba2""
""osoba2""		207.6	207600	231.6	231600	25.0	25000	""osoba2""
""osoba2""		208.8	208800	231.6	231600	23.800003	23800	""osoba2""
""osoba2""		209.40001	209400	231.6	231600	23.199997	23199	""osoba2""
""osoba2""		210.6	210600	231.6	231600	22.0	22000	""osoba2""
""osoba2""		211.8	211800	231.6	231600	20.800003	20800	""osoba2""
""osoba2""		212.40001	212400	231.6	231600	20.199997	20199	""osoba2""
""osoba2""		214.20001	214200	231.6	231600	18.399994	18399	""osoba2""
""osoba2""		215.40001	215400	231.6	231600	17.199997	17199	""osoba2""
""osoba3""		215.40001	215400	216.3	216300	1.8999939	1899	""osoba3""
""osoba1""		218.40001	218400	218.40001	218400	1.0	1000	""osoba1""
""osoba2""		221.1	221100	231.6	231600	11.5	11500	""osoba2""
""osoba2""		227.70001	227700	231.6	231600	4.899994	4899	""osoba2""
""osoba3""		231.6	231600	235.20001	235200	4.600006	4600	""osoba3""
""osoba3""		232.50002	232500	235.20001	235200	3.699997	3699	""osoba3""
""osoba4""		235.8	235800	236.70001	236700	1.9000092	1900	""osoba4""
""osoba2""		237.00002	237000	241.50002	241500	5.5	5500	""osoba2""
""osoba4""		240.90001	240900	241.8	241800	1.8999939	1899	""osoba4""
""osoba2""		241.20001	241200	241.50002	241500	1.300003	1300	""osoba2""
""osoba3""		242.1	242100	245.40001	245400	4.300003	4300	""osoba3""
""osoba3""		243.3	243300	245.40001	245400	3.100006	3100	""osoba3""
""osoba1""		243.90001	243900	255.3	255300	12.399994	12399	""osoba1""
""osoba3""		244.20001	244200	245.40001	245400	2.199997	2199	""osoba3""
""osoba1""		245.40001	245400	255.3	255300	10.899994	10899	""osoba1""
""osoba1""		247.50002	247500	255.3	255300	8.799988	8799	""osoba1""
""osoba1""		249.90001	249900	255.3	255300	6.399994	6399	""osoba1""
""osoba1""		251.1	251100	255.3	255300	5.199997	5199	""osoba1""
""osoba2""		255.6	255600	279.6	279600	25.0	25000	""osoba2""
""osoba2""		256.5	256500	279.6	279600	24.100006	24100	""osoba2""
""osoba1""		257.7	257700	259.2	259200	2.5	2500	""osoba1""
""osoba2""		257.7	257700	279.6	279600	22.899994	22899	""osoba2""
""osoba1""		258.90002	258900	259.2	259200	1.2999878	1299	""osoba1""
""osoba2""		258.90002	258900	279.6	279600	21.699982	21699	""osoba2""
""osoba2""		261.0	261000	279.6	279600	19.600006	19600	""osoba2""
""osoba1""		262.2	262200	266.40002	266400	5.200012	5200	""osoba1""
""osoba1""		264.0	264000	266.40002	266400	3.4000244	3400	""osoba1""
""osoba2""		267.30002	267300	279.6	279600	13.299988	13299	""osoba2""
""osoba2""		268.2	268200	279.6	279600	12.399994	12399	""osoba2""
""osoba3""		269.7	269700	269.7	269700	1.0	1000	""osoba3""
""osoba2""		270.30002	270300	279.6	279600	10.299988	10299	""osoba2""
""osoba2""		271.2	271200	279.6	279600	9.399994	9399	""osoba2""
""osoba3""		271.80002	271800	272.7	272700	1.8999939	1899	""osoba3""
""osoba1""		274.5	274500	321.30002	321300	47.80002	47800	""osoba1""
""osoba2""		274.5	274500	279.6	279600	6.100006	6100	""osoba2""
""osoba2""		277.2	277200	279.6	279600	3.399994	3399	""osoba2""
""osoba1""		285.90002	285900	321.30002	321300	36.399994	36399	""osoba1""
""osoba1""		286.5	286500	321.30002	321300	35.80002	35800	""osoba1""
""osoba1""		293.1	293100	321.30002	321300	29.200012	29200	""osoba1""
""osoba1""		295.5	295500	321.30002	321300	26.800018	26800	""osoba1""
""osoba1""		297.30002	297300	321.30002	321300	25.0	25000	""osoba1""
""osoba1""		299.1	299100	321.30002	321300	23.200012	23200	""osoba1""
""osoba1""		300.6	300600	321.30002	321300	21.700012	21700	""osoba1""
""osoba1""		301.80002	301800	321.30002	321300	20.5	20500	""osoba1""
""osoba4""		302.1	302100	302.1	302100	1.0	1000	""osoba4""
""osoba1""		308.7	308700	321.30002	321300	13.600006	13600	""osoba1""
""osoba1""		311.1	311100	321.30002	321300	11.200012	11200	""osoba1""
""osoba1""		313.2	313200	321.30002	321300	9.100006	9100	""osoba1""
""osoba1""		314.7	314700	321.30002	321300	7.600006	7600	""osoba1""
""osoba1""		315.90002	315900	321.30002	321300	6.399994	6399	""osoba1""
""osoba1""		318.90002	318900	321.30002	321300	3.399994	3399	""osoba1""
""osoba3""		319.80002	319800	320.40002	320400	1.6000061	1600	""osoba3""
""osoba1""		320.40002	320400	321.30002	321300	1.8999939	1899	""osoba1""
""osoba3""		320.40002	320400	320.40002	320400	1.0	1000	""osoba3""
""osoba2""		321.30002	321300	346.80002	346800	26.5	26500	""osoba2""
""osoba2""		322.80002	322800	346.80002	346800	25.0	25000	""osoba2""
""osoba2""		323.7	323700	346.80002	346800	24.100006	24100	""osoba2""
""osoba2""		325.5	325500	346.80002	346800	22.300018	22300	""osoba2""
""osoba2""		327.90002	327900	346.80002	346800	19.899994	19899	""osoba2""
""osoba2""		329.40002	329400	346.80002	346800	18.399994	18399	""osoba2""
""osoba2""		330.0	330000	346.80002	346800	17.800018	17800	""osoba2""
""osoba1""		330.30002	330300	330.30002	330300	1.0	1000	""osoba1""
""osoba3""		334.5	334500	334.80002	334800	1.3000183	1300	""osoba3""
""osoba2""		335.7	335700	346.80002	346800	12.100006	12100	""osoba2""
""osoba4""		336.6	336600	336.6	336600	1.0	1000	""osoba4""
""osoba2""		337.5	337500	346.80002	346800	10.300018	10300	""osoba2""
""osoba2""		339.90002	339900	346.80002	346800	7.899994	7899	""osoba2""
""osoba4""		340.2	340200	340.2	340200	1.0	1000	""osoba4""
""osoba2""		344.40002	344400	346.80002	346800	3.399994	3399	""osoba2""
""osoba3""		346.5	346500	363.0	363000	17.5	17500	""osoba3""
""osoba1""		351.30002	351300	354.0	354000	3.6999817	3699	""osoba1""
""osoba3""		357.6	357600	363.0	363000	6.399994	6399	""osoba3""
""osoba3""		360.30002	360300	363.0	363000	3.6999817	3699	""osoba3""
""osoba3""		360.90002	360900	363.0	363000	3.0999756	3099	""osoba3""
""osoba2""		362.40002	362400	375.6	375600	14.199982	14199	""osoba2""
""osoba4""		365.40002	365400	368.40002	368400	4.0	4000	""osoba4""
""osoba2""		366.0	366000	375.6	375600	10.600006	10600	""osoba2""
""osoba3""		366.6	366600	371.40002	371400	5.8000183	5800	""osoba3""
""osoba3""		370.80002	370800	371.40002	371400	1.6000061	1600	""osoba3""
""osoba2""		371.1	371100	375.6	375600	5.5	5500	""osoba2""
""osoba1""		372.30002	372300	372.90002	372900	1.6000061	1600	""osoba1""
""osoba2""		373.80002	373800	375.6	375600	2.7999878	2799	""osoba2""
""osoba2""		375.6	375600	375.6	375600	1.0	1000	""osoba2""
""osoba3""		375.90002	375900	377.1	377100	2.1999817	2199	""osoba3""
""osoba3""		376.5	376500	377.1	377100	1.6000061	1600	""osoba3""
""osoba3""		377.1	377100	377.1	377100	1.0	1000	""osoba3""
""osoba2""		377.7	377700	383.7	383700	7.0	7000	""osoba2""
""osoba2""		378.6	378600	383.7	383700	6.100006	6100	""osoba2""
""osoba2""		379.80002	379800	383.7	383700	4.899994	4899	""osoba2""
""osoba2""		380.7	380700	383.7	383700	4.0	4000	""osoba2""
""osoba2""		382.2	382200	383.7	383700	2.5	2500	""osoba2""
""osoba3""		382.2	382200	387.30002	387300	6.100006	6100	""osoba3""
""osoba3""		386.1	386100	387.30002	387300	2.2000122	2200	""osoba3""
""osoba3""		386.7	386700	387.30002	387300	1.6000061	1600	""osoba3""
""osoba2""		387.6	387600	389.7	389700	3.100006	3100	""osoba2""
""osoba4""		387.90002	387900	406.80002	406800	19.899994	19899	""osoba4""
""osoba1""		390.00003	390000	391.2	391200	2.1999817	2199	""osoba1""
""osoba1""		394.2	394200	394.2	394200	1.0	1000	""osoba1""
""osoba4""		394.50003	394500	406.80002	406800	13.299988	13299	""osoba4""
""osoba4""		396.30002	396300	406.80002	406800	11.5	11500	""osoba4""
""osoba4""		397.50003	397500	406.80002	406800	10.299988	10299	""osoba4""
""osoba4""		398.40002	398400	406.80002	406800	9.399994	9399	""osoba4""
""osoba4""		399.30002	399300	406.80002	406800	8.5	8500	""osoba4""
""osoba2""		401.7	401700	402.6	402600	1.8999939	1899	""osoba2""
""osoba4""		402.00003	402000	406.80002	406800	5.799988	5799	""osoba4""
""osoba3""		403.2	403200	421.50003	421500	19.300018	19300	""osoba3""
""osoba4""		405.30002	405300	406.80002	406800	2.5	2500	""osoba4""
""osoba3""		405.90002	405900	421.50003	421500	16.600006	16600	""osoba3""
""osoba1""		407.1	407100	408.00003	408000	1.9000244	1900	""osoba1""
""osoba4""		410.40002	410400	410.7	410700	1.2999878	1299	""osoba4""
""osoba3""		411.6	411600	421.50003	421500	10.900024	10900	""osoba3""
""osoba3""		415.2	415200	421.50003	421500	7.3000183	7300	""osoba3""
""osoba2""		418.2	418200	423.30002	423300	6.100006	6100	""osoba2""
""osoba3""		419.1	419100	421.50003	421500	3.4000244	3400	""osoba3""
""osoba1""		419.7	419700	420.90002	420900	2.2000122	2200	""osoba1""
""osoba2""		420.30002	420300	423.30002	423300	4.0	4000	""osoba2""
""osoba3""		420.6	420600	421.50003	421500	1.9000244	1900	""osoba3""
""osoba4""		422.7	422700	425.40002	425400	3.7000122	3700	""osoba4""
""osoba4""		423.6	423600	425.40002	425400	2.8000183	2800	""osoba4""
""osoba1""		423.90002	423900	431.1	431100	8.199982	8199	""osoba1""
""osoba1""		428.40002	428400	431.1	431100	3.6999817	3699	""osoba1""
""osoba1""		429.30002	429300	431.1	431100	2.7999878	2799	""osoba1""
""osoba1""		430.50003	430500	431.1	431100	1.5999756	1599	""osoba1""
""osoba1""		431.1	431100	431.1	431100	1.0	1000	""osoba1""
""osoba2""		431.40002	431400	444.6	444600	14.199982	14199	""osoba2""
""osoba2""		433.50003	433500	444.6	444600	12.099976	12099	""osoba2""
""osoba1""		434.1	434100	435.00003	435000	1.9000244	1900	""osoba1""
""osoba2""		435.90002	435900	444.6	444600	9.699982	9699	""osoba2""
""osoba3""		436.80002	436800	437.7	437700	1.8999939	1899	""osoba3""
""osoba2""		437.7	437700	444.6	444600	7.899994	7899	""osoba2""
""osoba3""		439.80002	439800	440.40002	440400	1.6000061	1600	""osoba3""
""osoba3""		440.40002	440400	440.40002	440400	1.0	1000	""osoba3""
""osoba1""		441.00003	441000	441.6	441600	1.5999756	1599	""osoba1""
""osoba2""		442.80002	442800	444.6	444600	2.7999878	2799	""osoba2""
""osoba1""		444.00003	444000	446.40002	446400	3.399994	3399	""osoba1""
""osoba3""		444.6	444600	448.50003	448500	4.9000244	4900	""osoba3""
""osoba1""		445.80002	445800	446.40002	446400	1.6000061	1600	""osoba1""
""osoba3""		446.1	446100	448.50003	448500	3.4000244	3400	""osoba3""
""osoba3""		447.00003	447000	448.50003	448500	2.5	2500	""osoba3""
""osoba1""		448.50003	448500	448.80002	448800	1.2999878	1299	""osoba1""
""osoba2""		448.80002	448800	451.2	451200	3.399994	3399	""osoba2""
""osoba2""		450.6	450600	451.2	451200	1.6000061	1600	""osoba2""
""osoba2""		451.2	451200	451.2	451200	1.0	1000	""osoba2""
""osoba1""		451.50003	451500	459.6	459600	9.099976	9099	""osoba1""
""osoba1""		452.40002	452400	459.6	459600	8.199982	8199	""osoba1""
""osoba1""		454.80002	454800	459.6	459600	5.799988	5799	""osoba1""
""osoba1""		457.80002	457800	459.6	459600	2.7999878	2799	""osoba1""
""osoba4""		458.7	458700	473.40002	473400	15.700012	15700	""osoba4""
""osoba4""		460.50003	460500	473.40002	473400	13.899994	13899	""osoba4""
""osoba4""		464.40002	464400	473.40002	473400	10.0	10000	""osoba4""
""osoba4""		465.30002	465300	473.40002	473400	9.100006	9100	""osoba4""
""osoba4""		465.90002	465900	473.40002	473400	8.5	8500	""osoba4""
""osoba4""		466.50003	466500	473.40002	473400	7.899994	7899	""osoba4""
""osoba4""		467.1	467100	473.40002	473400	7.3000183	7300	""osoba4""
""osoba4""		467.7	467700	473.40002	473400	6.700012	6700	""osoba4""
""osoba1""		468.6	468600	468.90002	468900	1.3000183	1300	""osoba1""
""osoba4""		470.1	470100	473.40002	473400	4.3000183	4300	""osoba4""
""osoba2""		472.2	472200	473.7	473700	2.5	2500	""osoba2""
""osoba3""		474.00003	474000	494.40002	494400	21.399994	21399	""osoba3""
""osoba3""		476.1	476100	494.40002	494400	19.300018	19300	""osoba3""
""osoba3""		479.1	479100	494.40002	494400	16.300018	16300	""osoba3""
""osoba3""		479.7	479700	494.40002	494400	15.700012	15700	""osoba3""
""osoba3""		480.30002	480300	494.40002	494400	15.100006	15100	""osoba3""
""osoba4""		480.6	480600	482.7	482700	3.100006	3100	""osoba4""
""osoba3""		485.1	485100	494.40002	494400	10.300018	10300	""osoba3""
""osoba1""		486.90002	486900	493.80002	493800	7.899994	7899	""osoba1""
""osoba3""		486.90002	486900	494.40002	494400	8.5	8500	""osoba3""
""osoba2""		489.6	489600	490.2	490200	1.6000061	1600	""osoba2""
""osoba3""		492.30002	492300	494.40002	494400	3.100006	3100	""osoba3""
""osoba2""		495.00003	495000	501.00003	501000	7.0	7000	""osoba2""
""osoba3""		496.50003	496500	496.80002	496800	1.2999878	1299	""osoba3""
""osoba2""		497.7	497700	501.00003	501000	4.3000183	4300	""osoba2""
""osoba2""		498.90002	498900	501.00003	501000	3.100006	3100	""osoba2""
""osoba1""		500.40002	500400	510.00003	510000	10.600006	10600	""osoba1""
""osoba3""		500.40002	500400	500.7	500700	1.2999878	1299	""osoba3""
""osoba1""		501.90002	501900	510.00003	510000	9.100006	9100	""osoba1""
""osoba4""		509.1	509100	516.9	516900	8.800018	8800	""osoba4""
""osoba4""		512.10004	512100	516.9	516900	5.799988	5799	""osoba4""
""osoba4""		513.60004	513600	516.9	516900	4.299988	4299	""osoba4""
""osoba2""		515.10004	515100	516.30005	516300	2.2000122	2200	""osoba2""
""osoba4""		515.10004	515100	516.9	516900	2.7999878	2799	""osoba4""
""osoba3""		517.2	517200	525.9	525900	9.700012	9700	""osoba3""
""osoba2""		518.4	518400	519.30005	519300	1.9000244	1900	""osoba2""
""osoba3""		522.0	522000	525.9	525900	4.9000244	4900	""osoba3""
""osoba4""		524.4	524400	527.10004	527100	3.7000122	3700	""osoba4""
""osoba3""		525.30005	525300	525.9	525900	1.5999756	1599	""osoba3""
""osoba2""		526.80005	526800	536.10004	536100	10.299988	10299	""osoba2""
""osoba2""		528.9	528900	536.10004	536100	8.200012	8200	""osoba2""
""osoba1""		529.2	529200	529.2	529200	1.0	1000	""osoba1""
""osoba2""		530.4	530400	536.10004	536100	6.700012	6700	""osoba2""
""osoba2""		532.5	532500	536.10004	536100	4.6000366	4600	""osoba2""
""osoba3""		533.7	533700	547.2	547200	14.5	14500	""osoba3""
""osoba2""		534.0	534000	536.10004	536100	3.1000366	3100	""osoba2""
""osoba2""		535.80005	535800	536.10004	536100	1.2999878	1299	""osoba2""
""osoba3""		541.5	541500	547.2	547200	6.700012	6700	""osoba3""
""osoba3""		542.4	542400	547.2	547200	5.799988	5799	""osoba3""
""osoba3""		543.0	543000	547.2	547200	5.200012	5200	""osoba3""
""osoba3""		543.60004	543600	547.2	547200	4.5999756	4599	""osoba3""
""osoba2""		547.2	547200	560.10004	560100	13.900024	13900	""osoba2""
""osoba3""		547.2	547200	547.2	547200	1.0	1000	""osoba3""
""osoba2""		549.30005	549300	560.10004	560100	11.799988	11799	""osoba2""
""osoba3""		552.60004	552600	552.60004	552600	1.0	1000	""osoba3""
""osoba2""		555.0	555000	560.10004	560100	6.1000366	6100	""osoba2""
""osoba1""		555.30005	555300	555.30005	555300	1.0	1000	""osoba1""
""osoba2""		556.5	556500	560.10004	560100	4.6000366	4600	""osoba2""
""osoba2""		557.4	557400	560.10004	560100	3.7000122	3700	""osoba2""
""osoba2""		558.60004	558600	560.10004	560100	2.5	2500	""osoba2""
""osoba3""		558.60004	558600	563.10004	563100	5.5	5500	""osoba3""
""osoba4""		561.30005	561300	570.0	570000	9.699951	9699	""osoba4""
""osoba4""		564.30005	564300	570.0	570000	6.699951	6699	""osoba4""
""osoba4""		568.2	568200	570.0	570000	2.7999878	2799	""osoba4""
""osoba1""		569.4	569400	602.4	602400	34.0	34000	""osoba1""
""osoba4""		569.4	569400	570.0	570000	1.5999756	1599	""osoba4""
""osoba1""		571.5	571500	602.4	602400	31.900024	31900	""osoba1""
""osoba1""		572.10004	572100	602.4	602400	31.299988	31299	""osoba1""
""osoba1""		572.7	572700	602.4	602400	30.700012	30700	""osoba1""
""osoba1""		573.60004	573600	602.4	602400	29.799988	29799	""osoba1""
""osoba3""		575.10004	575100	577.2	577200	3.0999756	3099	""osoba3""
""osoba2""		577.80005	577800	578.4	578400	1.5999756	1599	""osoba2""
""osoba1""		580.2	580200	602.4	602400	23.200012	23200	""osoba1""
""osoba3""		581.4	581400	581.4	581400	1.0	1000	""osoba3""
""osoba1""		582.9	582900	602.4	602400	20.5	20500	""osoba1""
""osoba1""		584.7	584700	602.4	602400	18.700012	18700	""osoba1""
""osoba3""		585.0	585000	586.2	586200	2.2000122	2200	""osoba3""
""osoba1""		586.2	586200	602.4	602400	17.200012	17200	""osoba1""
""osoba1""		587.4	587400	602.4	602400	16.0	16000	""osoba1""
""osoba2""		589.5	589500	590.4	590400	1.9000244	1900	""osoba2""
""osoba1""		591.60004	591600	602.4	602400	11.799988	11799	""osoba1""
""osoba1""		594.0	594000	602.4	602400	9.400024	9400	""osoba1""
""osoba1""		594.60004	594600	602.4	602400	8.799988	8799	""osoba1""
""osoba1""		596.7	596700	602.4	602400	6.700012	6700	""osoba1""
""osoba1""		597.30005	597300	602.4	602400	6.0999756	6099	""osoba1""
""osoba4""		597.9	597900	611.4	611400	14.5	14500	""osoba4""
""osoba2""		603.0	603000	603.30005	603300	1.3000488	1300	""osoba2""
""osoba3""		603.0	603000	603.9	603900	1.9000244	1900	""osoba3""
""osoba4""		603.0	603000	611.4	611400	9.400024	9400	""osoba4""
""osoba4""		604.80005	604800	611.4	611400	7.5999756	7599	""osoba4""
""osoba4""		607.5	607500	611.4	611400	4.9000244	4900	""osoba4""
""osoba1""		607.80005	607800	614.10004	614100	7.299988	7299	""osoba1""
""osoba4""		609.30005	609300	611.4	611400	3.0999756	3099	""osoba4""
""osoba4""		611.10004	611100	611.4	611400	1.2999878	1299	""osoba4""
""osoba1""		612.60004	612600	614.10004	614100	2.5	2500	""osoba1""
""osoba3""		612.9	612900	648.30005	648300	36.400024	36400	""osoba3""
""osoba3""		614.10004	614100	648.30005	648300	35.200012	35200	""osoba3""
""osoba3""		616.5	616500	648.30005	648300	32.80005	32800	""osoba3""
""osoba3""		617.10004	617100	648.30005	648300	32.200012	32200	""osoba3""
""osoba2""		620.10004	620100	621.9	621900	2.7999878	2799	""osoba2""
""osoba3""		621.30005	621300	648.30005	648300	28.0	28000	""osoba3""
""osoba1""		621.60004	621600	622.80005	622800	2.2000122	2200	""osoba1""
""osoba2""		621.9	621900	621.9	621900	1.0	1000	""osoba2""
""osoba4""		624.60004	624600	626.7	626700	3.0999756	3099	""osoba4""
""osoba3""		627.9	627900	648.30005	648300	21.400024	21400	""osoba3""
""osoba3""		628.5	628500	648.30005	648300	20.800049	20800	""osoba3""
""osoba1""		630.30005	630300	631.2	631200	1.8999634	1899	""osoba1""
""osoba3""		632.4	632400	648.30005	648300	16.900024	16900	""osoba3""
""osoba3""		635.4	635400	648.30005	648300	13.900024	13900	""osoba3""
""osoba3""		637.5	637500	648.30005	648300	11.800049	11800	""osoba3""
""osoba3""		638.4	638400	648.30005	648300	10.900024	10900	""osoba3""
""osoba3""		639.60004	639600	648.30005	648300	9.700012	9700	""osoba3""
""osoba3""		640.80005	640800	648.30005	648300	8.5	8500	""osoba3""
""osoba3""		641.7	641700	648.30005	648300	7.6000366	7600	""osoba3""
""osoba3""		644.10004	644100	648.30005	648300	5.200012	5200	""osoba3""
""osoba3""		645.0	645000	648.30005	648300	4.300049	4300	""osoba3""
""osoba3""		646.80005	646800	648.30005	648300	2.5	2500	""osoba3""
""osoba1""		648.60004	648600	649.5	649500	1.8999634	1899	""osoba1""
""osoba2""		649.5	649500	655.5	655500	7.0	7000	""osoba2""
""osoba2""		651.30005	651300	655.5	655500	5.199951	5199	""osoba2""
""osoba2""		652.2	652200	655.5	655500	4.299988	4299	""osoba2""
""osoba2""		653.4	653400	655.5	655500	3.0999756	3099	""osoba2""
""osoba3""		655.2	655200	659.7	659700	5.5	5500	""osoba3""
""osoba3""		657.30005	657300	659.7	659700	3.3999634	3399	""osoba3""
""osoba3""		658.5	658500	659.7	659700	2.2000122	2200	""osoba3""
""osoba2""		658.80005	658800	681.9	681900	24.099976	24099	""osoba2""
""osoba3""		659.7	659700	659.7	659700	1.0	1000	""osoba3""
""osoba2""		662.4	662400	681.9	681900	20.5	20500	""osoba2""
""osoba2""		663.0	663000	681.9	681900	19.900024	19900	""osoba2""
""osoba1""		663.9	663900	665.7	665700	2.7999878	2799	""osoba1""
""osoba2""		666.60004	666600	681.9	681900	16.299988	16299	""osoba2""
""osoba2""		668.10004	668100	681.9	681900	14.799988	14799	""osoba2""
""osoba2""		669.30005	669300	681.9	681900	13.599976	13599	""osoba2""
""osoba2""		669.9	669900	681.9	681900	13.0	13000	""osoba2""
""osoba2""		672.9	672900	681.9	681900	10.0	10000	""osoba2""
""osoba2""		674.4	674400	681.9	681900	8.5	8500	""osoba2""
""osoba2""		675.60004	675600	681.9	681900	7.299988	7299	""osoba2""
""osoba2""		676.80005	676800	681.9	681900	6.0999756	6099	""osoba2""
""osoba2""		681.30005	681300	681.9	681900	1.5999756	1599	""osoba2""
""osoba1""		682.5	682500	684.9	684900	3.4000244	3400	""osoba1""
""osoba4""		682.80005	682800	692.7	692700	10.899963	10899	""osoba4""
""osoba3""		683.7	683700	684.0	684000	1.2999878	1299	""osoba3""
""osoba4""		685.80005	685800	692.7	692700	7.8999634	7899	""osoba4""
""osoba2""		686.10004	686100	686.10004	686100	1.0	1000	""osoba2""
""osoba4""		686.4	686400	692.7	692700	7.299988	7299	""osoba4""
""osoba4""		688.2	688200	692.7	692700	5.5	5500	""osoba4""
""osoba4""		689.10004	689100	692.7	692700	4.5999756	4599	""osoba4""
""osoba4""		690.0	690000	692.7	692700	3.7000122	3700	""osoba4""
""osoba4""		691.80005	691800	692.7	692700	1.8999634	1899	""osoba4""
""osoba2""		693.0	693000	705.0	705000	13.0	13000	""osoba2""
""osoba2""		696.9	696900	705.0	705000	9.099976	9099	""osoba2""
""osoba4""		700.5	700500	711.0	711000	11.5	11500	""osoba4""
""osoba3""		701.10004	701100	701.10004	701100	1.0	1000	""osoba3""
""osoba2""		702.30005	702300	705.0	705000	3.6999512	3699	""osoba2""
""osoba4""		703.5	703500	711.0	711000	8.5	8500	""osoba4""
""osoba1""		704.7	704700	705.0	705000	1.2999878	1299	""osoba1""
""osoba2""		704.7	704700	705.0	705000	1.2999878	1299	""osoba2""
""osoba4""		707.4	707400	711.0	711000	4.5999756	4599	""osoba4""
""osoba3""		707.7	707700	708.0	708000	1.2999878	1299	""osoba3""
""osoba4""		710.4	710400	711.0	711000	1.5999756	1599	""osoba4""
""osoba3""		711.30005	711300	716.7	716700	6.3999634	6399	""osoba3""
""osoba1""		711.60004	711600	711.60004	711600	1.0	1000	""osoba1""
""osoba3""		712.5	712500	716.7	716700	5.200012	5200	""osoba3""
""osoba4""		716.10004	716100	724.5	724500	9.399963	9399	""osoba4""
""osoba3""		716.4	716400	716.7	716700	1.2999878	1299	""osoba3""
""osoba1""		717.60004	717600	717.60004	717600	1.0	1000	""osoba1""
""osoba4""		718.5	718500	724.5	724500	7.0	7000	""osoba4""
""osoba2""		719.10004	719100	720.0	720000	1.8999634	1899	""osoba2""
""osoba4""		720.60004	720600	724.5	724500	4.8999634	4899	""osoba4""
""osoba2""		722.10004	722100	727.5	727500	6.3999634	6399	""osoba2""
""osoba4""		723.9	723900	724.5	724500	1.5999756	1599	""osoba4""
""osoba2""		724.2	724200	727.5	727500	4.299988	4299	""osoba2""
""osoba3""		724.80005	724800	727.5	727500	3.6999512	3699	""osoba3""
""osoba2""		726.30005	726300	727.5	727500	2.1999512	2199	""osoba2""
""osoba1""		728.10004	728100	733.2	733200	6.0999756	6099	""osoba1""
""osoba1""		729.60004	729600	733.2	733200	4.5999756	4599	""osoba1""
""osoba1""		730.5	730500	733.2	733200	3.7000122	3700	""osoba1""
""osoba4""		732.9	732900	735.0	735000	3.0999756	3099	""osoba4""
""osoba2""		733.2	733200	739.5	739500	7.299988	7299	""osoba2""
""osoba2""		736.2	736200	739.5	739500	4.299988	4299	""osoba2""
""osoba1""		737.7	737700	740.10004	740100	3.4000244	3400	""osoba1""
""osoba3""		739.5	739500	763.2	763200	24.700012	24700	""osoba3""
""osoba3""		742.5	742500	763.2	763200	21.700012	21700	""osoba3""
""osoba3""		745.2	745200	763.2	763200	19.0	19000	""osoba3""
""osoba3""		746.7	746700	763.2	763200	17.5	17500	""osoba3""
""osoba3""		748.2	748200	763.2	763200	16.0	16000	""osoba3""
""osoba3""		749.10004	749100	763.2	763200	15.099976	15099	""osoba3""
""osoba2""		749.7	749700	750.0	750000	1.2999878	1299	""osoba2""
""osoba3""		750.9	750900	763.2	763200	13.299988	13299	""osoba3""
""osoba3""		752.10004	752100	763.2	763200	12.099976	12099	""osoba3""
""osoba2""		752.4	752400	752.4	752400	1.0	1000	""osoba2""
""osoba3""		752.7	752700	763.2	763200	11.5	11500	""osoba3""
""osoba3""		753.30005	753300	763.2	763200	10.899963	10899	""osoba3""
""osoba3""		753.9	753900	763.2	763200	10.299988	10299	""osoba3""
""osoba3""		754.80005	754800	763.2	763200	9.399963	9399	""osoba3""
""osoba3""		755.7	755700	763.2	763200	8.5	8500	""osoba3""
""osoba1""		756.0	756000	756.9	756900	1.9000244	1900	""osoba1""
""osoba3""		757.80005	757800	763.2	763200	6.3999634	6399	""osoba3""
""osoba3""		758.7	758700	763.2	763200	5.5	5500	""osoba3""
""osoba3""		759.9	759900	763.2	763200	4.299988	4299	""osoba3""
""osoba1""		761.10004	761100	763.5	763500	3.3999634	3399	""osoba1""
""osoba2""		764.4	764400	769.80005	769800	6.4000244	6400	""osoba2""
""osoba2""		767.10004	767100	769.80005	769800	3.7000122	3700	""osoba2""
""osoba4""		767.10004	767100	767.10004	767100	1.0	1000	""osoba4""
""osoba1""		769.2	769200	773.7	773700	5.5	5500	""osoba1""
""osoba1""		771.60004	771600	773.7	773700	3.0999756	3099	""osoba1""
""osoba2""		772.2	772200	778.50006	778500	7.300049	7300	""osoba2""
""osoba1""		773.10004	773100	773.7	773700	1.5999756	1599	""osoba1""
""osoba3""		774.30005	774300	774.60004	774600	1.2999878	1299	""osoba3""
""osoba4""		774.60004	774600	777.30005	777300	3.7000122	3700	""osoba4""
""osoba2""		775.80005	775800	778.50006	778500	3.7000122	3700	""osoba2""
""osoba3""		778.50006	778500	785.4	785400	7.8999634	7899	""osoba3""
""osoba3""		780.00006	780000	785.4	785400	6.3999634	6399	""osoba3""
""osoba3""		780.60004	780600	785.4	785400	5.799988	5799	""osoba3""
""osoba3""		782.10004	782100	785.4	785400	4.299988	4299	""osoba3""
""osoba3""		783.00006	783000	785.4	785400	3.3999634	3399	""osoba3""
""osoba3""		784.2	784200	785.4	785400	2.2000122	2200	""osoba3""
""osoba2""		784.80005	784800	788.10004	788100	4.299988	4299	""osoba2""
""osoba2""		786.9	786900	788.10004	788100	2.2000122	2200	""osoba2""
""osoba1""		788.4	788400	800.4	800400	13.0	13000	""osoba1""
""osoba1""		791.7	791700	800.4	800400	9.700012	9700	""osoba1""
""osoba1""		794.4	794400	800.4	800400	7.0	7000	""osoba1""
""osoba3""		795.00006	795000	795.60004	795600	1.5999756	1599	""osoba3""
""osoba4""		800.4	800400	804.60004	804600	5.200012	5200	""osoba4""
""osoba4""		802.2	802200	804.60004	804600	3.4000244	3400	""osoba4""
""osoba3""		804.60004	804600	809.10004	809100	5.5	5500	""osoba3""
""osoba1""		805.2	805200	805.2	805200	1.0	1000	""osoba1""
""osoba2""		806.7	806700	809.10004	809100	3.4000244	3400	""osoba2""
""osoba2""		808.2	808200	809.10004	809100	1.9000244	1900	""osoba2""
""osoba3""		808.50006	808500	809.10004	809100	1.5999756	1599	""osoba3""
""osoba4""		809.4	809400	812.10004	812100	3.7000122	3700	""osoba4""
""osoba4""		810.60004	810600	812.10004	812100	2.5	2500	""osoba4""
""osoba4""		811.2	811200	812.10004	812100	1.9000244	1900	""osoba4""
""osoba1""		812.4	812400	822.60004	822600	11.200012	11200	""osoba1""
""osoba1""		814.50006	814500	822.60004	822600	9.099976	9099	""osoba1""
""osoba1""		817.2	817200	822.60004	822600	6.4000244	6400	""osoba1""
""osoba1""		818.10004	818100	822.60004	822600	5.5	5500	""osoba1""
""osoba1""		820.50006	820500	822.60004	822600	3.0999756	3099	""osoba1""
""osoba2""		820.50006	820500	820.50006	820500	1.0	1000	""osoba2""
""osoba1""		821.10004	821100	822.60004	822600	2.5	2500	""osoba1""
""osoba1""		822.30005	822300	822.60004	822600	1.2999878	1299	""osoba1""
""osoba4""		822.60004	822600	831.30005	831300	9.700012	9700	""osoba4""
""osoba4""		824.4	824400	831.30005	831300	7.9000244	7900	""osoba4""
""osoba4""		825.00006	825000	831.30005	831300	7.299988	7299	""osoba4""
""osoba4""		828.9	828900	831.30005	831300	3.4000244	3400	""osoba4""
""osoba4""		830.10004	830100	831.30005	831300	2.2000122	2200	""osoba4""
""osoba2""		830.7	830700	842.4	842400	12.700012	12700	""osoba2""
""osoba3""		831.9	831900	833.7	833700	2.7999878	2799	""osoba3""
""osoba2""		832.50006	832500	842.4	842400	10.899963	10899	""osoba2""
""osoba4""		835.80005	835800	837.9	837900	3.0999756	3099	""osoba4""
""osoba4""		836.7	836700	837.9	837900	2.2000122	2200	""osoba4""
""osoba2""		837.30005	837300	842.4	842400	6.0999756	6099	""osoba2""
""osoba2""		839.4	839400	842.4	842400	4.0	4000	""osoba2""
""osoba3""		840.9	840900	851.10004	851100	11.200012	11200	""osoba3""
""osoba3""		844.50006	844500	851.10004	851100	7.5999756	7599	""osoba3""
""osoba1""		845.4	845400	847.80005	847800	3.4000244	3400	""osoba1""
""osoba4""		845.4	845400	846.00006	846000	1.6000366	1600	""osoba4""
""osoba1""		847.2	847200	847.80005	847800	1.6000366	1600	""osoba1""
""osoba3""		847.2	847200	851.10004	851100	4.9000244	4900	""osoba3""
""osoba1""		847.80005	847800	847.80005	847800	1.0	1000	""osoba1""
""osoba3""		849.00006	849000	851.10004	851100	3.0999756	3099	""osoba3""
""osoba1""		851.10004	851100	852.9	852900	2.7999878	2799	""osoba1""
""osoba4""		851.4	851400	866.4	866400	16.0	16000	""osoba4""
""osoba1""		852.9	852900	852.9	852900	1.0	1000	""osoba1""
""osoba4""		853.2	853200	866.4	866400	14.200012	14200	""osoba4""
""osoba4""		853.80005	853800	866.4	866400	13.599976	13599	""osoba4""
""osoba4""		854.4	854400	866.4	866400	13.0	13000	""osoba4""
""osoba4""		857.7	857700	866.4	866400	9.700012	9700	""osoba4""
""osoba4""		860.7	860700	866.4	866400	6.700012	6700	""osoba4""
""osoba1""		862.80005	862800	864.30005	864300	2.5	2500	""osoba1""
""osoba4""		865.2	865200	866.4	866400	2.2000122	2200	""osoba4""
""osoba3""		865.80005	865800	889.50006	889500	24.700012	24700	""osoba3""
""osoba1""		866.4	866400	867.30005	867300	1.9000244	1900	""osoba1""
""osoba3""		869.4	869400	889.50006	889500	21.100037	21100	""osoba3""
""osoba3""		871.2	871200	889.50006	889500	19.300049	19300	""osoba3""
""osoba3""		872.10004	872100	889.50006	889500	18.400024	18400	""osoba3""
""osoba3""		874.50006	874500	889.50006	889500	16.0	16000	""osoba3""
""osoba1""		875.4	875400	875.4	875400	1.0	1000	""osoba1""
""osoba3""		875.4	875400	889.50006	889500	15.100037	15100	""osoba3""
""osoba3""		876.60004	876600	889.50006	889500	13.900024	13900	""osoba3""
""osoba4""		877.2	877200	881.7	881700	5.5	5500	""osoba4""
""osoba2""		877.80005	877800	878.10004	878100	1.2999878	1299	""osoba2""
""osoba4""		878.10004	878100	881.7	881700	4.5999756	4599	""osoba4""
""osoba3""		878.4	878400	889.50006	889500	12.100037	12100	""osoba3""
""osoba4""		879.30005	879300	881.7	881700	3.3999634	3399	""osoba4""
""osoba4""		880.2	880200	881.7	881700	2.5	2500	""osoba4""
""osoba3""		883.2	883200	889.50006	889500	7.300049	7300	""osoba3""
""osoba3""		885.30005	885300	889.50006	889500	5.200012	5200	""osoba3""
""osoba3""		886.2	886200	889.50006	889500	4.300049	4300	""osoba3""
""osoba3""		886.80005	886800	889.50006	889500	3.7000122	3700	""osoba3""
""osoba1""		887.10004	887100	897.60004	897600	11.5	11500	""osoba1""
""osoba4""		889.50006	889500	891.30005	891300	2.7999878	2799	""osoba4""
""osoba1""		891.9	891900	897.60004	897600	6.700012	6700	""osoba1""
""osoba1""		893.10004	893100	897.60004	897600	5.5	5500	""osoba1""
""osoba3""		893.7	893700	893.7	893700	1.0	1000	""osoba3""
""osoba1""		894.60004	894600	897.60004	897600	4.0	4000	""osoba1""
""osoba1""		895.50006	895500	897.60004	897600	3.0999756	3099	""osoba1""
""osoba1""		896.7	896700	897.60004	897600	1.9000244	1900	""osoba1""
""osoba1""		897.30005	897300	897.60004	897600	1.2999878	1299	""osoba1""
""osoba2""		898.2	898200	902.7	902700	5.5	5500	""osoba2""
""osoba2""		898.80005	898800	902.7	902700	4.8999634	4899	""osoba2""
""osoba2""		900.00006	900000	902.7	902700	3.6999512	3699	""osoba2""
""osoba3""		900.9	900900	902.4	902400	2.5	2500	""osoba3""
""osoba1""		901.80005	901800	906.60004	906600	5.799988	5799	""osoba1""
""osoba1""		904.50006	904500	906.60004	906600	3.0999756	3099	""osoba1""
""osoba1""		905.4	905400	906.60004	906600	2.2000122	2200	""osoba1""
""osoba1""		906.30005	906300	906.60004	906600	1.2999878	1299	""osoba1""
""osoba3""		906.60004	906600	913.2	913200	7.5999756	7599	""osoba3""
""osoba1""		911.10004	911100	921.00006	921000	10.900024	10900	""osoba1""
""osoba1""		912.60004	912600	921.00006	921000	9.400024	9400	""osoba1""
""osoba3""		912.60004	912600	913.2	913200	1.5999756	1599	""osoba3""
""osoba1""		913.80005	913800	921.00006	921000	8.200012	8200	""osoba1""
""osoba1""		915.9	915900	921.00006	921000	6.1000366	6100	""osoba1""
""osoba3""		916.50006	916500	928.80005	928800	13.299988	13299	""osoba3""
""osoba2""		918.30005	918300	918.60004	918600	1.2999878	1299	""osoba2""
""osoba3""		922.50006	922500	928.80005	928800	7.299988	7299	""osoba3""
""osoba2""		926.10004	926100	926.4	926400	1.2999878	1299	""osoba2""
""osoba1""		928.50006	928500	946.80005	946800	19.299988	19299	""osoba1""
""osoba1""		931.50006	931500	946.80005	946800	16.299988	16299	""osoba1""
""osoba3""		931.50006	931500	932.7	932700	2.1999512	2199	""osoba3""
""osoba1""		934.2	934200	946.80005	946800	13.600037	13600	""osoba1""
""osoba1""		934.80005	934800	946.80005	946800	13.0	13000	""osoba1""
""osoba1""		936.60004	936600	946.80005	946800	11.200012	11200	""osoba1""
""osoba1""		942.30005	942300	946.80005	946800	5.5	5500	""osoba1""
""osoba1""		942.9	942900	946.80005	946800	4.9000244	4900	""osoba1""
""osoba1""		945.00006	945000	946.80005	946800	2.7999878	2799	""osoba1""
""osoba2""		946.50006	946500	950.10004	950100	4.5999756	4599	""osoba2""
""osoba2""		948.60004	948600	950.10004	950100	2.5	2500	""osoba2""
""osoba4""		949.50006	949500	955.80005	955800	7.299988	7299	""osoba4""
""osoba4""		951.30005	951300	955.80005	955800	5.5	5500	""osoba4""
""osoba4""		952.50006	952500	955.80005	955800	4.299988	4299	""osoba4""
""osoba4""		955.50006	955500	955.80005	955800	1.2999878	1299	""osoba4""
""osoba3""		955.80005	955800	958.80005	958800	4.0	4000	""osoba3""
""osoba3""		956.7	956700	958.80005	958800	3.1000366	3100	""osoba3""
""osoba2""		957.60004	957600	958.50006	958500	1.9000244	1900	""osoba2""
""osoba3""		960.9	960900	975.9	975900	16.0	16000	""osoba3""
""osoba3""		964.2	964200	975.9	975900	12.700012	12700	""osoba3""
""osoba3""		965.4	965400	975.9	975900	11.5	11500	""osoba3""
""osoba3""		966.60004	966600	975.9	975900	10.299988	10299	""osoba3""
""osoba3""		967.2	967200	975.9	975900	9.700012	9700	""osoba3""
""osoba3""		970.2	970200	975.9	975900	6.700012	6700	""osoba3""
""osoba4""		972.30005	972300	973.50006	973500	2.2000122	2200	""osoba4""
""osoba3""		973.50006	973500	975.9	975900	3.3999634	3399	""osoba3""
""osoba4""		973.50006	973500	973.50006	973500	1.0	1000	""osoba4""
""osoba1""		974.7	974700	982.80005	982800	9.100037	9100	""osoba1""
""osoba3""		974.7	974700	975.9	975900	2.2000122	2200	""osoba3""
""osoba2""		975.00006	975000	975.60004	975600	1.5999756	1599	""osoba2""
""osoba1""		976.80005	976800	982.80005	982800	7.0	7000	""osoba1""
""osoba4""		978.9	978900	978.9	978900	1.0	1000	""osoba4""
""osoba3""		981.30005	981300	984.9	984900	4.5999756	4599	""osoba3""
""osoba4""		981.9	981900	982.50006	982500	1.6000366	1600	""osoba4""
""osoba1""		982.80005	982800	982.80005	982800	1.0	1000	""osoba1""
""osoba3""		983.7	983700	984.9	984900	2.2000122	2200	""osoba3""
""osoba3""		984.60004	984600	984.9	984900	1.2999878	1299	""osoba3""
""osoba4""		984.9	984900	994.80005	994800	10.900024	10900	""osoba4""
""osoba4""		986.10004	986100	994.80005	994800	9.700012	9700	""osoba4""
""osoba4""		987.9	987900	994.80005	994800	7.9000244	7900	""osoba4""
""osoba2""		989.10004	989100	990.00006	990000	1.9000244	1900	""osoba2""
""osoba3""		989.10004	989100	989.10004	989100	1.0	1000	""osoba3""
""osoba4""		991.50006	991500	994.80005	994800	4.299988	4299	""osoba4""
""osoba1""		994.80005	994800	1001.10004	1001100	7.299988	7299	""osoba1""
""osoba4""		994.80005	994800	994.80005	994800	1.0	1000	""osoba4""
""osoba3""		996.60004	996600	996.60004	996600	1.0	1000	""osoba3""
""osoba1""		997.2	997200	1001.10004	1001100	4.9000244	4900	""osoba1""
""osoba1""		999.30005	999300	1001.10004	1001100	2.7999878	2799	""osoba1""
""osoba4""		1000.2	1000200	1000.2	1000200	1.0	1000	""osoba4""
""osoba1""		1000.80005	1000800	1001.10004	1001100	1.2999878	1299	""osoba1""
""osoba2""		1001.10004	1001100	1025.7001	1025700	25.600037	25600	""osoba2""
""osoba2""		1002.30005	1002300	1025.7001	1025700	24.400024	24400	""osoba2""
""osoba3""		1002.30005	1002300	1003.50006	1003500	2.2000122	2200	""osoba3""
""osoba2""		1005.00006	1005000	1025.7001	1025700	21.700012	21700	""osoba2""
""osoba2""		1007.4	1007400	1025.7001	1025700	19.300049	19300	""osoba2""
""osoba2""		1008.30005	1008300	1025.7001	1025700	18.400024	18400	""osoba2""
""osoba2""		1011.9	1011900	1025.7001	1025700	14.800049	14800	""osoba2""
""osoba2""		1015.2	1015200	1025.7001	1025700	11.500061	11500	""osoba2""
""osoba2""		1017.9	1017900	1025.7001	1025700	8.800049	8800	""osoba2""
""osoba2""		1020.30005	1020300	1025.7001	1025700	6.4000244	6400	""osoba2""
""osoba2""		1023.00006	1023000	1025.7001	1025700	3.7000122	3700	""osoba2""
""osoba2""		1024.5	1024500	1025.7001	1025700	2.2000732	2200	""osoba2""
""osoba1""		1024.8	1024800	1028.1001	1028100	4.300049	4300	""osoba1""
""osoba1""		1027.8	1027800	1028.1001	1028100	1.3000488	1300	""osoba1""
""osoba2""		1028.7001	1028700	1030.5	1030500	2.7999268	2799	""osoba2""
""osoba2""		1030.2001	1030200	1030.5	1030500	1.2999268	1299	""osoba2""
""osoba1""		1030.5	1030500	1035.0	1035000	5.5	5500	""osoba1""
""osoba1""		1032.6001	1032600	1035.0	1035000	3.3999023	3399	""osoba1""
""osoba1""		1033.5	1033500	1035.0	1035000	2.5	2500	""osoba1""
""osoba2""		1034.7001	1034700	1040.1001	1040100	6.4000244	6400	""osoba2""
""osoba2""		1036.5	1036500	1040.1001	1040100	4.6000977	4600	""osoba2""
""osoba3""		1036.8	1036800	1044.9	1044900	9.099976	9099	""osoba3""
""osoba1""		1037.4	1037400	1037.4	1037400	1.0	1000	""osoba1""
""osoba2""		1037.4	1037400	1040.1001	1040100	3.7000732	3700	""osoba2""
""osoba4""		1038.6001	1038600	1040.7001	1040700	3.0999756	3099	""osoba4""
""osoba3""		1040.7001	1040700	1044.9	1044900	5.199951	5199	""osoba3""
""osoba3""		1041.9	1041900	1044.9	1044900	4.0	4000	""osoba3""
""osoba4""		1043.4	1043400	1044.9	1044900	2.5	2500	""osoba4""
""osoba3""		1043.7001	1043700	1044.9	1044900	2.1999512	2199	""osoba3""
""osoba2""		1044.3	1044300	1047.0	1047000	3.6999512	3699	""osoba2""
""osoba3""		1044.3	1044300	1044.9	1044900	1.5999756	1599	""osoba3""
""osoba2""		1046.7001	1046700	1047.0	1047000	1.2999268	1299	""osoba2""
""osoba1""		1047.0	1047000	1047.6001	1047600	1.6000977	1600	""osoba1""
""osoba4""		1047.3	1047300	1056.3	1056300	10.0	10000	""osoba4""
""osoba4""		1048.5	1048500	1056.3	1056300	8.800049	8800	""osoba4""
""osoba3""		1051.5	1051500	1051.5	1051500	1.0	1000	""osoba3""
""osoba4""		1054.2001	1054200	1056.3	1056300	3.0999756	3099	""osoba4""
""osoba4""		1054.8	1054800	1056.3	1056300	2.5	2500	""osoba4""
""osoba4""		1055.7001	1055700	1056.3	1056300	1.5999756	1599	""osoba4""
""osoba3""		1056.3	1056300	1088.4	1088400	33.099976	33099	""osoba3""
""osoba4""		1056.3	1056300	1056.3	1056300	1.0	1000	""osoba4""
""osoba3""		1057.5	1057500	1088.4	1088400	31.900024	31900	""osoba3""
""osoba3""		1059.6001	1059600	1088.4	1088400	29.799927	29799	""osoba3""
""osoba3""		1060.2001	1060200	1088.4	1088400	29.199951	29199	""osoba3""
""osoba3""		1063.5	1063500	1088.4	1088400	25.900024	25900	""osoba3""
""osoba3""		1065.0	1065000	1088.4	1088400	24.400024	24400	""osoba3""
""osoba3""		1065.9	1065900	1088.4	1088400	23.5	23500	""osoba3""
""osoba2""		1066.2001	1066200	1066.2001	1066200	1.0	1000	""osoba2""
""osoba3""		1068.6001	1068600	1088.4	1088400	20.799927	20799	""osoba3""
""osoba3""		1069.5	1069500	1088.4	1088400	19.900024	19900	""osoba3""
""osoba3""		1070.7001	1070700	1088.4	1088400	18.699951	18699	""osoba3""
""osoba3""		1071.3	1071300	1088.4	1088400	18.099976	18099	""osoba3""
""osoba2""		1071.6001	1071600	1072.8	1072800	2.1999512	2199	""osoba2""
""osoba3""		1072.2001	1072200	1088.4	1088400	17.199951	17199	""osoba3""
""osoba1""		1072.5	1072500	1074.3	1074300	2.8000488	2800	""osoba1""
""osoba3""		1075.5	1075500	1088.4	1088400	13.900024	13900	""osoba3""
""osoba3""		1078.2001	1078200	1088.4	1088400	11.199951	11199	""osoba3""
""osoba3""		1080.0	1080000	1088.4	1088400	9.400024	9400	""osoba3""
""osoba3""		1080.6001	1080600	1088.4	1088400	8.799927	8799	""osoba3""
""osoba3""		1081.8	1081800	1088.4	1088400	7.5999756	7599	""osoba3""
""osoba3""		1085.7001	1085700	1088.4	1088400	3.6999512	3699	""osoba3""
""osoba3""		1086.9	1086900	1088.4	1088400	2.5	2500	""osoba3""
""osoba4""		1088.1001	1088100	1089.9	1089900	2.7999268	2799	""osoba4""
""osoba4""		1089.0	1089000	1089.9	1089900	1.9000244	1900	""osoba4""
""osoba2""		1089.6001	1089600	1092.6001	1092600	4.0	4000	""osoba2""
""osoba1""		1092.6001	1092600	1098.6001	1098600	7.0	7000	""osoba1""
""osoba1""		1094.7001	1094700	1098.6001	1098600	4.9000244	4900	""osoba1""
""osoba1""		1095.3	1095300	1098.6001	1098600	4.300049	4300	""osoba1""
""osoba1""		1097.7001	1097700	1098.6001	1098600	1.9000244	1900	""osoba1""
""osoba3""		1098.6001	1098600	1122.9	1122900	25.299927	25299	""osoba3""
""osoba4""		1098.6001	1098600	1100.7001	1100700	3.0999756	3099	""osoba4""
""osoba3""		1099.2001	1099200	1122.9	1122900	24.699951	24699	""osoba3""
""osoba3""		1101.9	1101900	1122.9	1122900	22.0	22000	""osoba3""
""osoba4""		1103.1001	1103100	1104.9	1104900	2.7999268	2799	""osoba4""
""osoba4""		1104.9	1104900	1104.9	1104900	1.0	1000	""osoba4""
""osoba1""		1106.1001	1106100	1106.1001	1106100	1.0	1000	""osoba1""
""osoba3""		1109.1001	1109100	1122.9	1122900	14.799927	14799	""osoba3""
""osoba3""		1110.0	1110000	1122.9	1122900	13.900024	13900	""osoba3""
""osoba3""		1111.2001	1111200	1122.9	1122900	12.699951	12699	""osoba3""
""osoba3""		1112.7001	1112700	1122.9	1122900	11.199951	11199	""osoba3""
""osoba2""		1113.6001	1113600	1113.6001	1113600	1.0	1000	""osoba2""
""osoba3""		1114.2001	1114200	1122.9	1122900	9.699951	9699	""osoba3""
""osoba3""		1115.4	1115400	1122.9	1122900	8.5	8500	""osoba3""
""osoba3""		1119.9	1119900	1122.9	1122900	4.0	4000	""osoba3""
""osoba3""		1121.4	1121400	1122.9	1122900	2.5	2500	""osoba3""
""osoba1""		1122.3	1122300	1125.3	1125300	4.0	4000	""osoba1""
""osoba3""		1122.3	1122300	1122.9	1122900	1.5999756	1599	""osoba3""
""osoba4""		1122.9	1122900	1128.0	1128000	6.0999756	6099	""osoba4""
""osoba4""		1124.7001	1124700	1128.0	1128000	4.2999268	4299	""osoba4""
""osoba2""		1127.4	1127400	1134.9	1134900	8.5	8500	""osoba2""
""osoba2""		1129.8	1129800	1134.9	1134900	6.0999756	6099	""osoba2""
""osoba2""		1133.1001	1133100	1134.9	1134900	2.7999268	2799	""osoba2""
""osoba2""		1134.9	1134900	1134.9	1134900	1.0	1000	""osoba2""
""osoba1""		1135.2001	1135200	1157.7001	1157700	23.5	23500	""osoba1""
""osoba1""		1137.0	1137000	1157.7001	1157700	21.700073	21700	""osoba1""
""osoba1""		1138.2001	1138200	1157.7001	1157700	20.5	20500	""osoba1""
""osoba3""		1139.4	1139400	1140.6001	1140600	2.2000732	2200	""osoba3""
""osoba1""		1141.8	1141800	1157.7001	1157700	16.900024	16900	""osoba1""
""osoba1""		1142.4	1142400	1157.7001	1157700	16.300049	16300	""osoba1""
""osoba4""		1143.3	1143300	1145.4	1145400	3.0999756	3099	""osoba4""
""osoba1""		1145.1001	1145100	1157.7001	1157700	13.599976	13599	""osoba1""
""osoba4""		1145.1001	1145100	1145.4	1145400	1.2999268	1299	""osoba4""
""osoba3""		1145.7001	1145700	1146.0	1146000	1.2999268	1299	""osoba3""
""osoba1""		1147.2001	1147200	1157.7001	1157700	11.5	11500	""osoba1""
""osoba1""		1148.1001	1148100	1157.7001	1157700	10.599976	10599	""osoba1""
""osoba3""		1151.7001	1151700	1172.1001	1172100	21.400024	21400	""osoba3""
""osoba1""		1153.2001	1153200	1157.7001	1157700	5.5	5500	""osoba1""
""osoba2""		1153.2001	1153200	1154.7001	1154700	2.5	2500	""osoba2""
""osoba3""		1153.5	1153500	1172.1001	1172100	19.600098	19600	""osoba3""
""osoba3""		1159.8	1159800	1172.1001	1172100	13.300049	13300	""osoba3""
""osoba1""		1161.0	1161000	1161.0	1161000	1.0	1000	""osoba1""
""osoba3""		1162.5	1162500	1172.1001	1172100	10.600098	10600	""osoba3""
""osoba4""		1164.6001	1164600	1165.2001	1165200	1.5999756	1599	""osoba4""
""osoba3""		1165.2001	1165200	1172.1001	1172100	7.9000244	7900	""osoba3""
""osoba3""		1170.0	1170000	1172.1001	1172100	3.1000977	3100	""osoba3""
""osoba3""		1170.6001	1170600	1172.1001	1172100	2.5	2500	""osoba3""
""osoba1""		1171.8	1171800	1177.2001	1177200	6.4000244	6400	""osoba1""
""osoba1""		1176.3	1176300	1177.2001	1177200	1.9000244	1900	""osoba1""
""osoba3""		1176.3	1176300	1185.9	1185900	10.599976	10599	""osoba3""
""osoba3""		1178.4	1178400	1185.9	1185900	8.5	8500	""osoba3""
""osoba3""		1180.5	1180500	1185.9	1185900	6.4000244	6400	""osoba3""
""osoba3""		1181.4	1181400	1185.9	1185900	5.5	5500	""osoba3""
""osoba3""		1183.8	1183800	1185.9	1185900	3.0999756	3099	""osoba3""
""osoba3""		1184.7001	1184700	1185.9	1185900	2.1999512	2199	""osoba3""
""osoba1""		1185.3	1185300	1198.8	1198800	14.5	14500	""osoba1""
""osoba1""		1189.2001	1189200	1198.8	1198800	10.599976	10599	""osoba1""
""osoba1""		1189.8	1189800	1198.8	1198800	10.0	10000	""osoba1""
""osoba1""		1193.7001	1193700	1198.8	1198800	6.0999756	6099	""osoba1""
""osoba3""		1193.7001	1193700	1194.6001	1194600	1.9000244	1900	""osoba3""
""osoba1""		1195.5	1195500	1198.8	1198800	4.300049	4300	""osoba1""
""osoba3""		1197.6001	1197600	1203.6001	1203600	7.0	7000	""osoba3""
""osoba3""		1202.4	1202400	1203.6001	1203600	2.2000732	2200	""osoba3""
""osoba1""		1203.0	1203000	1218.3	1218300	16.300049	16300	""osoba1""
""osoba3""		1203.0	1203000	1203.6001	1203600	1.6000977	1600	""osoba3""
""osoba2""		1204.8	1204800	1205.1001	1205100	1.3000488	1300	""osoba2""
""osoba4""		1206.9	1206900	1209.0	1209000	3.0999756	3099	""osoba4""
""osoba1""		1208.7001	1208700	1218.3	1218300	10.599976	10599	""osoba1""
""osoba4""		1208.7001	1208700	1209.0	1209000	1.2999268	1299	""osoba4""
""osoba3""		1212.3	1212300	1214.1001	1214100	2.8000488	2800	""osoba3""
""osoba3""		1213.8	1213800	1214.1001	1214100	1.3000488	1300	""osoba3""
""osoba1""		1214.7001	1214700	1218.3	1218300	4.5999756	4599	""osoba1""
""osoba1""		1218.0	1218000	1218.3	1218300	1.3000488	1300	""osoba1""
""osoba2""		1218.3	1218300	1249.2001	1249200	31.900024	31900	""osoba2""
""osoba3""		1218.3	1218300	1218.9	1218900	1.5999756	1599	""osoba3""
""osoba2""		1221.0	1221000	1249.2001	1249200	29.200073	29200	""osoba2""
""osoba2""		1221.9	1221900	1249.2001	1249200	28.300049	28300	""osoba2""
""osoba2""		1222.8	1222800	1249.2001	1249200	27.400024	27400	""osoba2""
""osoba3""		1223.7001	1223700	1233.6001	1233600	10.900024	10900	""osoba3""
""osoba3""		1226.7001	1226700	1233.6001	1233600	7.9000244	7900	""osoba3""
""osoba3""		1228.5	1228500	1233.6001	1233600	6.1000977	6100	""osoba3""
""osoba3""		1229.4	1229400	1233.6001	1233600	5.2000732	5200	""osoba3""
""osoba2""		1230.0	1230000	1249.2001	1249200	20.200073	20200	""osoba2""
""osoba3""		1230.6001	1230600	1233.6001	1233600	4.0	4000	""osoba3""
""osoba3""		1231.8	1231800	1233.6001	1233600	2.8000488	2800	""osoba3""
""osoba2""		1232.1001	1232100	1249.2001	1249200	18.099976	18099	""osoba2""
""osoba2""		1233.0	1233000	1249.2001	1249200	17.200073	17200	""osoba2""
""osoba3""		1233.3	1233300	1233.6001	1233600	1.3000488	1300	""osoba3""
""osoba1""		1233.6001	1233600	1233.6001	1233600	1.0	1000	""osoba1""
""osoba2""		1239.3	1239300	1249.2001	1249200	10.900024	10900	""osoba2""
""osoba2""		1241.1001	1241100	1249.2001	1249200	9.099976	9099	""osoba2""
""osoba4""		1241.4	1241400	1241.4	1241400	1.0	1000	""osoba4""
""osoba2""		1242.0	1242000	1249.2001	1249200	8.200073	8200	""osoba2""
""osoba2""		1244.1001	1244100	1249.2001	1249200	6.0999756	6099	""osoba2""
""osoba2""		1245.0	1245000	1249.2001	1249200	5.2000732	5200	""osoba2""
""osoba1""		1246.5	1246500	1246.8	1246800	1.3000488	1300	""osoba1""
""osoba2""		1248.0	1248000	1249.2001	1249200	2.2000732	2200	""osoba2""
""osoba3""		1248.0	1248000	1277.1001	1277100	30.100098	30100	""osoba3""
""osoba3""		1250.4	1250400	1277.1001	1277100	27.700073	27700	""osoba3""
""osoba3""		1251.6001	1251600	1277.1001	1277100	26.5	26500	""osoba3""
""osoba3""		1252.2001	1252200	1277.1001	1277100	25.900024	25900	""osoba3""
""osoba3""		1253.7001	1253700	1277.1001	1277100	24.400024	24400	""osoba3""
""osoba3""		1254.9	1254900	1277.1001	1277100	23.200073	23200	""osoba3""
""osoba4""		1256.4	1256400	1257.0	1257000	1.5999756	1599	""osoba4""
""osoba3""		1258.2001	1258200	1277.1001	1277100	19.900024	19900	""osoba3""
""osoba3""		1260.0	1260000	1277.1001	1277100	18.100098	18100	""osoba3""
""osoba3""		1263.9	1263900	1277.1001	1277100	14.200073	14200	""osoba3""
""osoba3""		1264.8	1264800	1277.1001	1277100	13.300049	13300	""osoba3""
""osoba3""		1265.7001	1265700	1277.1001	1277100	12.400024	12400	""osoba3""
""osoba4""		1265.7001	1265700	1266.0	1266000	1.2999268	1299	""osoba4""
""osoba3""		1266.3	1266300	1277.1001	1277100	11.800049	11800	""osoba3""
""osoba3""		1267.8	1267800	1277.1001	1277100	10.300049	10300	""osoba3""
""osoba3""		1269.3	1269300	1277.1001	1277100	8.800049	8800	""osoba3""
""osoba3""		1271.1001	1271100	1277.1001	1277100	7.0	7000	""osoba3""
""osoba3""		1272.3	1272300	1277.1001	1277100	5.800049	5800	""osoba3""
""osoba3""		1273.2001	1273200	1277.1001	1277100	4.9000244	4900	""osoba3""
""osoba3""		1274.7001	1274700	1277.1001	1277100	3.4000244	3400	""osoba3""
""osoba3""		1276.5	1276500	1277.1001	1277100	1.6000977	1600	""osoba3""
""osoba4""		1277.1001	1277100	1278.9	1278900	2.7999268	2799	""osoba4""
""osoba4""		1278.3	1278300	1278.9	1278900	1.5999756	1599	""osoba4""
""osoba3""		1279.5	1279500	1288.2001	1288200	9.700073	9700	""osoba3""
""osoba3""		1280.1001	1280100	1288.2001	1288200	9.099976	9099	""osoba3""
""osoba3""		1281.0	1281000	1288.2001	1288200	8.200073	8200	""osoba3""
""osoba1""		1282.2001	1282200	1283.7001	1283700	2.5	2500	""osoba1""
""osoba3""		1283.4	1283400	1288.2001	1288200	5.800049	5800	""osoba3""
""osoba4""		1286.1001	1286100	1291.5	1291500	6.3999023	6399	""osoba4""
""osoba4""		1290.3	1290300	1291.5	1291500	2.1999512	2199	""osoba4""
""osoba2""		1292.1001	1292100	1293.6001	1293600	2.5	2500	""osoba2""
""osoba2""		1292.7001	1292700	1293.6001	1293600	1.9000244	1900	""osoba2""
""osoba3""		1293.0	1293000	1300.8	1300800	8.800049	8800	""osoba3""
""osoba4""		1295.1001	1295100	1298.4	1298400	4.2999268	4299	""osoba4""
""osoba3""		1296.9	1296900	1300.8	1300800	4.9000244	4900	""osoba3""
""osoba4""		1296.9	1296900	1298.4	1298400	2.5	2500	""osoba4""
""osoba2""		1297.5	1297500	1297.5	1297500	1.0	1000	""osoba2""
""osoba3""		1299.9	1299900	1300.8	1300800	1.9000244	1900	""osoba3""
""osoba1""		1300.8	1300800	1307.7001	1307700	7.9000244	7900	""osoba1""
""osoba1""		1303.5	1303500	1307.7001	1307700	5.2000732	5200	""osoba1""
""osoba2""		1306.2001	1306200	1363.8	1363800	58.599976	58599	""osoba2""
""osoba1""		1307.4	1307400	1307.7001	1307700	1.3000488	1300	""osoba1""
""osoba2""		1308.9	1308900	1363.8	1363800	55.900024	55900	""osoba2""
""osoba2""		1310.1001	1310100	1363.8	1363800	54.69995	54699	""osoba2""
""osoba2""		1311.9	1311900	1363.8	1363800	52.900024	52900	""osoba2""
""osoba3""		1311.9	1311900	1314.0	1314000	3.0999756	3099	""osoba3""
""osoba1""		1314.0	1314000	1316.4	1316400	3.4000244	3400	""osoba1""
""osoba1""		1319.7001	1319700	1319.7001	1319700	1.0	1000	""osoba1""
""osoba2""		1320.3	1320300	1363.8	1363800	44.5	44500	""osoba2""
""osoba1""		1324.2001	1324200	1324.5	1324500	1.2999268	1299	""osoba1""
""osoba2""		1324.5	1324500	1363.8	1363800	40.30005	40300	""osoba2""
""osoba4""		1326.9	1326900	1327.5	1327500	1.5999756	1599	""osoba4""
""osoba1""		1329.6001	1329600	1329.9	1329900	1.2999268	1299	""osoba1""
""osoba2""		1329.9	1329900	1363.8	1363800	34.900024	34900	""osoba2""
""osoba2""		1330.8	1330800	1363.8	1363800	34.0	34000	""osoba2""
""osoba2""		1332.3	1332300	1363.8	1363800	32.5	32500	""osoba2""
""osoba2""		1334.7001	1334700	1363.8	1363800	30.099976	30099	""osoba2""
""osoba2""		1335.3	1335300	1363.8	1363800	29.5	29500	""osoba2""
""osoba1""		1336.8	1336800	1340.7001	1340700	4.9000244	4900	""osoba1""
""osoba4""		1338.9	1338900	1338.9	1338900	1.0	1000	""osoba4""
""osoba3""		1339.5	1339500	1339.8	1339800	1.3000488	1300	""osoba3""
""osoba2""		1341.0	1341000	1363.8	1363800	23.800049	23800	""osoba2""
""osoba2""		1342.2001	1342200	1363.8	1363800	22.599976	22599	""osoba2""
""osoba2""		1347.3	1347300	1363.8	1363800	17.5	17500	""osoba2""
""osoba1""		1347.6001	1347600	1351.5	1351500	4.8999023	4899	""osoba1""
""osoba1""		1349.1001	1349100	1351.5	1351500	3.3999023	3399	""osoba1""
""osoba2""		1351.2001	1351200	1363.8	1363800	13.599976	13599	""osoba2""
""osoba2""		1352.1001	1352100	1363.8	1363800	12.699951	12699	""osoba2""
""osoba2""		1354.5	1354500	1363.8	1363800	10.300049	10300	""osoba2""
""osoba1""		1355.1001	1355100	1355.4	1355400	1.2999268	1299	""osoba1""
""osoba3""		1355.7001	1355700	1357.2001	1357200	2.5	2500	""osoba3""
""osoba2""		1359.6001	1359600	1363.8	1363800	5.199951	5199	""osoba2""
""osoba2""		1361.4	1361400	1363.8	1363800	3.4000244	3400	""osoba2""
""osoba2""		1362.0	1362000	1363.8	1363800	2.8000488	2800	""osoba2""
""osoba3""		1362.9	1362900	1369.2001	1369200	7.300049	7300	""osoba3""
""osoba4""		1363.2001	1363200	1364.7001	1364700	2.5	2500	""osoba4""
""osoba2""		1365.9	1365900	1366.2001	1366200	1.3000488	1300	""osoba2""
""osoba3""		1366.8	1366800	1369.2001	1369200	3.4000244	3400	""osoba3""
""osoba3""		1367.4	1367400	1369.2001	1369200	2.8000488	2800	""osoba3""
""osoba2""		1369.5	1369500	1372.2001	1372200	3.7000732	3700	""osoba2""
""osoba4""		1369.5	1369500	1375.5	1375500	7.0	7000	""osoba4""
""osoba4""		1373.4	1373400	1375.5	1375500	3.0999756	3099	""osoba4""
""osoba1""		1374.0	1374000	1400.1001	1400100	27.100098	27100	""osoba1""
""osoba1""		1379.1001	1379100	1400.1001	1400100	22.0	22000	""osoba1""
""osoba1""		1380.3	1380300	1400.1001	1400100	20.800049	20800	""osoba1""
""osoba1""		1385.4	1385400	1400.1001	1400100	15.700073	15700	""osoba1""
""osoba1""		1386.0	1386000	1400.1001	1400100	15.100098	15100	""osoba1""
""osoba1""		1387.8	1387800	1400.1001	1400100	13.300049	13300	""osoba1""
""osoba1""		1389.9	1389900	1400.1001	1400100	11.200073	11200	""osoba1""
""osoba1""		1391.1001	1391100	1400.1001	1400100	10.0	10000	""osoba1""
""osoba1""		1392.6001	1392600	1400.1001	1400100	8.5	8500	""osoba1""
""osoba2""		1393.5	1393500	1393.8	1393800	1.3000488	1300	""osoba2""
""osoba1""		1395.0	1395000	1400.1001	1400100	6.1000977	6100	""osoba1""
""osoba1""		1395.9	1395900	1400.1001	1400100	5.2000732	5200	""osoba1""
""osoba1""		1397.1001	1397100	1400.1001	1400100	4.0	4000	""osoba1""
""osoba1""		1398.0	1398000	1400.1001	1400100	3.1000977	3100	""osoba1""
""osoba1""		1398.6001	1398600	1400.1001	1400100	2.5	2500	""osoba1""
""osoba3""		1398.9	1398900	1424.1001	1424100	26.200073	26200	""osoba3""
""osoba3""		1401.3	1401300	1424.1001	1424100	23.800049	23800	""osoba3""
""osoba3""		1403.7001	1403700	1424.1001	1424100	21.400024	21400	""osoba3""
""osoba3""		1404.3	1404300	1424.1001	1424100	20.800049	20800	""osoba3""
""osoba3""		1405.5	1405500	1424.1001	1424100	19.600098	19600	""osoba3""
""osoba1""		1406.4	1406400	1406.4	1406400	1.0	1000	""osoba1""
""osoba3""		1407.0	1407000	1424.1001	1424100	18.100098	18100	""osoba3""
""osoba4""		1408.5	1408500	1409.1001	1409100	1.6000977	1600	""osoba4""
""osoba1""		1409.1001	1409100	1410.3	1410300	2.1999512	2199	""osoba1""
""osoba3""		1411.5	1411500	1424.1001	1424100	13.600098	13600	""osoba3""
""osoba3""		1413.0	1413000	1424.1001	1424100	12.100098	12100	""osoba3""
""osoba2""		1413.6001	1413600	1413.6001	1413600	1.0	1000	""osoba2""
""osoba3""		1415.7001	1415700	1424.1001	1424100	9.400024	9400	""osoba3""
""osoba3""		1416.3	1416300	1424.1001	1424100	8.800049	8800	""osoba3""
""osoba2""		1417.2001	1417200	1418.4	1418400	2.1999512	2199	""osoba2""
""osoba3""		1419.9	1419900	1424.1001	1424100	5.2000732	5200	""osoba3""
""osoba3""		1420.5	1420500	1424.1001	1424100	4.6000977	4600	""osoba3""
""osoba3""		1421.4	1421400	1424.1001	1424100	3.7000732	3700	""osoba3""
""osoba3""		1422.6001	1422600	1424.1001	1424100	2.5	2500	""osoba3""
""osoba3""		1423.2001	1423200	1424.1001	1424100	1.9000244	1900	""osoba3""
""osoba1""		1423.5	1423500	1424.4	1424400	1.9000244	1900	""osoba1""
""osoba4""		1423.8	1423800	1429.2001	1429200	6.4000244	6400	""osoba4""
""osoba2""		1425.9	1425900	1425.9	1425900	1.0	1000	""osoba2""
""osoba3""		1426.8	1426800	1428.9	1428900	3.0999756	3099	""osoba3""
""osoba3""		1428.0	1428000	1428.9	1428900	1.9000244	1900	""osoba3""
""osoba2""		1429.8	1429800	1431.9	1431900	3.0999756	3099	""osoba2""
""osoba2""		1431.0	1431000	1431.9	1431900	1.9000244	1900	""osoba2""
""osoba3""		1431.6001	1431600	1449.9	1449900	19.299927	19299	""osoba3""
""osoba3""		1437.9	1437900	1449.9	1449900	13.0	13000	""osoba3""
""osoba1""		1440.3	1440300	1440.6001	1440600	1.3000488	1300	""osoba1""
""osoba3""		1443.3	1443300	1449.9	1449900	7.5999756	7599	""osoba3""
""osoba1""		1445.7001	1445700	1478.4	1478400	33.69995	33699	""osoba1""
""osoba1""		1452.9	1452900	1478.4	1478400	26.5	26500	""osoba1""
""osoba1""		1454.7001	1454700	1478.4	1478400	24.699951	24699	""osoba1""
""osoba3""		1456.2001	1456200	1456.8	1456800	1.5999756	1599	""osoba3""
""osoba1""		1459.2001	1459200	1478.4	1478400	20.199951	20199	""osoba1""
""osoba1""		1460.7001	1460700	1478.4	1478400	18.699951	18699	""osoba1""
""osoba3""		1463.1001	1463100	1463.7001	1463700	1.5999756	1599	""osoba3""
""osoba1""		1463.4	1463400	1478.4	1478400	16.0	16000	""osoba1""
""osoba1""		1465.8	1465800	1478.4	1478400	13.599976	13599	""osoba1""
""osoba1""		1469.1001	1469100	1478.4	1478400	10.299927	10299	""osoba1""
""osoba1""		1470.0	1470000	1478.4	1478400	9.400024	9400	""osoba1""
""osoba1""		1470.6001	1470600	1478.4	1478400	8.799927	8799	""osoba1""
""osoba1""		1471.2001	1471200	1478.4	1478400	8.199951	8199	""osoba1""
""osoba1""		1474.5	1474500	1478.4	1478400	4.9000244	4900	""osoba1""
""osoba1""		1476.3	1476300	1478.4	1478400	3.0999756	3099	""osoba1""
""osoba3""		1477.5	1477500	1477.5	1477500	1.0	1000	""osoba3""
""osoba4""		1477.5	1477500	1489.2001	1489200	12.700073	12700	""osoba4""
""osoba4""		1479.6001	1479600	1489.2001	1489200	10.599976	10599	""osoba4""
""osoba3""		1480.5	1480500	1481.4	1481400	1.9000244	1900	""osoba3""
""osoba4""		1484.4	1484400	1489.2001	1489200	5.800049	5800	""osoba4""
""osoba4""		1486.8	1486800	1489.2001	1489200	3.4000244	3400	""osoba4""
""osoba4""		1487.4	1487400	1489.2001	1489200	2.8000488	2800	""osoba4""
""osoba1""		1487.7001	1487700	1508.1001	1508100	21.400024	21400	""osoba1""
""osoba4""		1488.6001	1488600	1489.2001	1489200	1.5999756	1599	""osoba4""
""osoba1""		1491.3	1491300	1508.1001	1508100	17.800049	17800	""osoba1""
""osoba1""		1492.2001	1492200	1508.1001	1508100	16.900024	16900	""osoba1""
""osoba1""		1493.4	1493400	1508.1001	1508100	15.700073	15700	""osoba1""
""osoba1""		1498.8	1498800	1508.1001	1508100	10.300049	10300	""osoba1""
""osoba2""		1505.4	1505400	1514.7001	1514700	10.300049	10300	""osoba2""
""osoba2""		1508.7001	1508700	1514.7001	1514700	7.0	7000	""osoba2""
""osoba2""		1510.2001	1510200	1514.7001	1514700	5.5	5500	""osoba2""
""osoba4""		1510.5	1510500	1512.6001	1512600	3.1000977	3100	""osoba4""
""osoba4""		1511.7001	1511700	1512.6001	1512600	1.9000244	1900	""osoba4""
""osoba2""		1512.0	1512000	1514.7001	1514700	3.7000732	3700	""osoba2""
""osoba2""		1513.8	1513800	1514.7001	1514700	1.9000244	1900	""osoba2""
""osoba1""		1514.7001	1514700	1535.7001	1535700	22.0	22000	""osoba1""
""osoba4""		1515.0	1515000	1515.0	1515000	1.0	1000	""osoba4""
""osoba1""		1517.7001	1517700	1535.7001	1535700	19.0	19000	""osoba1""
""osoba3""		1518.6001	1518600	1518.6001	1518600	1.0	1000	""osoba3""
""osoba1""		1520.7001	1520700	1535.7001	1535700	16.0	16000	""osoba1""
""osoba1""		1521.6001	1521600	1535.7001	1535700	15.099976	15099	""osoba1""
""osoba1""		1522.8	1522800	1535.7001	1535700	13.900024	13900	""osoba1""
""osoba1""		1523.4	1523400	1535.7001	1535700	13.300049	13300	""osoba1""
""osoba4""		1523.7001	1523700	1523.7001	1523700	1.0	1000	""osoba4""
""osoba1""		1525.5	1525500	1535.7001	1535700	11.200073	11200	""osoba1""
""osoba1""		1527.0	1527000	1535.7001	1535700	9.700073	9700	""osoba1""
""osoba3""		1527.0	1527000	1527.3	1527300	1.3000488	1300	""osoba3""
""osoba1""		1528.5	1528500	1535.7001	1535700	8.200073	8200	""osoba1""
""osoba1""		1531.2001	1531200	1535.7001	1535700	5.5	5500	""osoba1""
""osoba1""		1535.1001	1535100	1535.7001	1535700	1.5999756	1599	""osoba1""
""osoba4""		1535.1001	1535100	1543.5001	1543500	9.400024	9400	""osoba4""
""osoba3""		1536.0	1536000	1536.0	1536000	1.0	1000	""osoba3""
""osoba4""		1537.5001	1537500	1543.5001	1543500	7.0	7000	""osoba4""
""osoba2""		1541.1001	1541100	1541.4	1541400	1.2999268	1299	""osoba2""
""osoba4""		1542.6001	1542600	1543.5001	1543500	1.9000244	1900	""osoba4""
""osoba2""		1543.5001	1543500	1554.3	1554300	11.799927	11799	""osoba2""
""osoba2""		1544.1001	1544100	1554.3	1554300	11.199951	11199	""osoba2""
""osoba1""		1549.5001	1549500	1551.6001	1551600	3.0999756	3099	""osoba1""
""osoba2""		1554.0001	1554000	1554.3	1554300	1.2999268	1299	""osoba2""
""osoba1""		1554.3	1554300	1555.2001	1555200	1.9000244	1900	""osoba1""
""osoba3""		1554.3	1554300	1555.2001	1555200	1.9000244	1900	""osoba3""
""osoba4""		1555.5001	1555500	1556.7001	1556700	2.1999512	2199	""osoba4""
""osoba2""		1557.0001	1557000	1560.0001	1560000	4.0	4000	""osoba2""
""osoba2""		1558.8	1558800	1560.0001	1560000	2.2000732	2200	""osoba2""
""osoba4""		1559.1001	1559100	1566.6001	1566600	8.5	8500	""osoba4""
""osoba2""		1559.7001	1559700	1560.0001	1560000	1.3000488	1300	""osoba2""
""osoba4""		1564.2001	1564200	1566.6001	1566600	3.4000244	3400	""osoba4""
""osoba4""		1565.7001	1565700	1566.6001	1566600	1.9000244	1900	""osoba4""
""osoba1""		1566.0001	1566000	1591.5001	1591500	26.5	26500	""osoba1""
""osoba2""		1567.2001	1567200	1567.2001	1567200	1.0	1000	""osoba2""
""osoba1""		1568.1001	1568100	1591.5001	1591500	24.400024	24400	""osoba1""
""osoba1""		1569.0001	1569000	1591.5001	1591500	23.5	23500	""osoba1""
""osoba3""		1569.3	1569300	1569.3	1569300	1.0	1000	""osoba3""
""osoba1""		1570.5001	1570500	1591.5001	1591500	22.0	22000	""osoba1""
""osoba1""		1573.5001	1573500	1591.5001	1591500	19.0	19000	""osoba1""
""osoba2""		1573.8	1573800	1574.4	1574400	1.5999756	1599	""osoba2""
""osoba1""		1574.1001	1574100	1591.5001	1591500	18.400024	18400	""osoba1""
""osoba1""		1575.6001	1575600	1591.5001	1591500	16.900024	16900	""osoba1""
""osoba3""		1577.7001	1577700	1579.5001	1579500	2.8000488	2800	""osoba3""
""osoba1""		1581.3	1581300	1591.5001	1591500	11.200073	11200	""osoba1""
""osoba1""		1582.8	1582800	1591.5001	1591500	9.700073	9700	""osoba1""
""osoba1""		1585.2001	1585200	1591.5001	1591500	7.300049	7300	""osoba1""
""osoba1""		1588.2001	1588200	1591.5001	1591500	4.300049	4300	""osoba1""
""osoba1""		1589.7001	1589700	1591.5001	1591500	2.8000488	2800	""osoba1""
""osoba2""		1591.8	1591800	1614.9	1614900	24.099976	24099	""osoba2""
""osoba2""		1592.7001	1592700	1614.9	1614900	23.199951	23199	""osoba2""
""osoba2""		1595.1001	1595100	1614.9	1614900	20.799927	20799	""osoba2""
""osoba2""		1599.6001	1599600	1614.9	1614900	16.299927	16299	""osoba2""
""osoba2""		1602.3	1602300	1614.9	1614900	13.599976	13599	""osoba2""
""osoba2""		1603.5001	1603500	1614.9	1614900	12.399902	12399	""osoba2""
""osoba2""		1605.3	1605300	1614.9	1614900	10.599976	10599	""osoba2""
""osoba2""		1606.5001	1606500	1614.9	1614900	9.399902	9399	""osoba2""
""osoba3""		1607.1001	1607100	1608.0001	1608000	1.9000244	1900	""osoba3""
""osoba2""		1612.2001	1612200	1614.9	1614900	3.6999512	3699	""osoba2""
""osoba3""		1612.8	1612800	1620.3	1620300	8.5	8500	""osoba3""
""osoba1""		1614.0001	1614000	1615.2001	1615200	2.1999512	2199	""osoba1""
""osoba3""		1616.7001	1616700	1620.3	1620300	4.5999756	4599	""osoba3""
""osoba3""		1618.5001	1618500	1620.3	1620300	2.7999268	2799	""osoba3""
