"default"		0.0	0	1.0	1000	1.0	1000	BEGIN
"default"		1620.3	1620300	1620.31	1621300	1.0	1000	END
""osoba2""		6.6000004	6600	15.6	15600	10.0	10000	""osoba2""
""osoba2""		10.8	10800	15.6	15600	5.8	5800	""osoba2""
""osoba2""		11.400001	11400	15.6	15600	5.2	5200	""osoba2""
""osoba3""		12.3	12300	12.900001	12900	1.6000004	1600	""osoba3""
""osoba2""		13.500001	13500	15.6	15600	3.0999994	3099	""osoba2""
""osoba2""		15.3	15300	15.6	15600	1.3000002	1300	""osoba2""
""osoba1""		15.6	15600	40.2	40200	25.6	25600	""osoba1""
""osoba1""		18.6	18600	40.2	40200	22.6	22600	""osoba1""
""osoba4""		18.6	18600	21.6	21600	4.0	4000	""osoba4""
""osoba2""		20.1	20100	21.300001	21300	2.2000008	2200	""osoba2""
""osoba2""		21.300001	21300	21.300001	21300	1.0	1000	""osoba2""
""osoba3""		21.900002	21900	22.2	22200	1.2999992	1299	""osoba3""
""osoba1""		26.7	26700	40.2	40200	14.5	14500	""osoba1""
""osoba1""		27.300001	27300	40.2	40200	13.9	13900	""osoba1""
""osoba1""		28.2	28200	40.2	40200	13.0	13000	""osoba1""
""osoba3""		28.800001	28800	29.1	29100	1.2999992	1299	""osoba3""
""osoba4""		30.300001	30300	32.4	32400	3.1000004	3100	""osoba4""
""osoba1""		31.500002	31500	40.2	40200	9.699999	9699	""osoba1""
""osoba4""		32.4	32400	32.4	32400	1.0	1000	""osoba4""
""osoba1""		34.800003	34800	40.2	40200	6.3999977	6399	""osoba1""
""osoba1""		35.4	35400	40.2	40200	5.799999	5799	""osoba1""
""osoba1""		37.2	37200	40.2	40200	4.0	4000	""osoba1""
""osoba1""		37.800003	37800	40.2	40200	3.3999977	3399	""osoba1""
""osoba2""		38.7	38700	41.100002	41100	3.4000015	3400	""osoba2""
""osoba3""		40.800003	40800	46.800003	46800	7.0	7000	""osoba3""
""osoba3""		44.4	44400	46.800003	46800	3.4000015	3400	""osoba3""
""osoba1""		45.0	45000	45.9	45900	1.9000015	1900	""osoba1""
""osoba4""		47.100002	47100	51.000004	51000	4.9000015	4900	""osoba4""
""osoba4""		48.300003	48300	51.000004	51000	3.7000008	3700	""osoba4""
""osoba1""		51.000004	51000	51.9	51900	1.8999977	1899	""osoba1""
""osoba3""		52.2	52200	58.2	58200	7.0	7000	""osoba3""
""osoba3""		52.800003	52800	58.2	58200	6.3999977	6399	""osoba3""
""osoba2""		54.000004	54000	62.7	62700	9.699997	9699	""osoba2""
""osoba3""		54.300003	54300	58.2	58200	4.8999977	4899	""osoba3""
""osoba2""		56.100002	56100	62.7	62700	7.5999985	7599	""osoba2""
""osoba2""		57.300003	57300	62.7	62700	6.3999977	6399	""osoba2""
""osoba1""		57.600002	57600	57.9	57900	1.2999992	1299	""osoba1""
""osoba1""		61.500004	61500	82.8	82800	22.3	22300	""osoba1""
""osoba1""		63.600002	63600	82.8	82800	20.2	20200	""osoba1""
""osoba4""		65.4	65400	66.9	66900	2.5	2500	""osoba4""
""osoba1""		65.700005	65700	82.8	82800	18.099998	18099	""osoba1""
""osoba1""		67.8	67800	82.8	82800	16.0	16000	""osoba1""
""osoba1""		68.4	68400	82.8	82800	15.400002	15400	""osoba1""
""osoba1""		69.0	69000	82.8	82800	14.800003	14800	""osoba1""
""osoba1""		72.3	72300	82.8	82800	11.5	11500	""osoba1""
""osoba1""		73.8	73800	82.8	82800	10.0	10000	""osoba1""
""osoba1""		75.3	75300	82.8	82800	8.5	8500	""osoba1""
""osoba1""		77.700005	77700	82.8	82800	6.0999985	6099	""osoba1""
""osoba1""		78.3	78300	82.8	82800	5.5	5500	""osoba1""
""osoba1""		79.200005	79200	82.8	82800	4.5999985	4599	""osoba1""
""osoba1""		79.8	79800	82.8	82800	4.0	4000	""osoba1""
""osoba3""		82.5	82500	85.200005	85200	3.7000046	3700	""osoba3""
""osoba3""		84.0	84000	85.200005	85200	2.2000046	2200	""osoba3""
""osoba4""		85.200005	85200	86.100006	86100	1.9000015	1900	""osoba4""
""osoba1""		85.5	85500	89.4	89400	4.9000015	4900	""osoba1""
""osoba1""		87.9	87900	89.4	89400	2.5	2500	""osoba1""
""osoba3""		87.9	87900	87.9	87900	1.0	1000	""osoba3""
""osoba2""		88.8	88800	93.0	93000	5.199997	5199	""osoba2""
""osoba4""		90.0	90000	104.4	104400	15.400002	15400	""osoba4""
""osoba4""		90.600006	90600	104.4	104400	14.799995	14799	""osoba4""
""osoba2""		91.200005	91200	93.0	93000	2.7999954	2799	""osoba2""
""osoba2""		91.8	91800	93.0	93000	2.199997	2199	""osoba2""
""osoba4""		97.200005	97200	104.4	104400	8.199997	8199	""osoba4""
""osoba4""		98.4	98400	104.4	104400	7.0	7000	""osoba4""
""osoba2""		99.3	99300	99.9	99900	1.5999985	1599	""osoba2""
""osoba3""		102.3	102300	105.9	105900	4.5999985	4599	""osoba3""
""osoba4""		102.3	102300	104.4	104400	3.0999985	3099	""osoba4""
""osoba2""		103.8	103800	113.100006	113100	10.300003	10300	""osoba2""
""osoba3""		105.3	105300	105.9	105900	1.5999985	1599	""osoba3""
""osoba2""		106.8	106800	113.100006	113100	7.300003	7300	""osoba2""
""osoba2""		110.100006	110100	113.100006	113100	4.0	4000	""osoba2""
""osoba3""		110.700005	110700	116.700005	116700	7.0	7000	""osoba3""
""osoba2""		112.200005	112200	113.100006	113100	1.9000015	1900	""osoba2""
""osoba3""		114.3	114300	116.700005	116700	3.4000015	3400	""osoba3""
""osoba3""		114.9	114900	116.700005	116700	2.800003	2800	""osoba3""
""osoba2""		116.100006	116100	126.3	126300	11.199997	11199	""osoba2""
""osoba2""		118.50001	118500	126.3	126300	8.799995	8799	""osoba2""
""osoba1""		120.600006	120600	126.00001	126000	6.4000015	6400	""osoba1""
""osoba3""		120.9	120900	121.8	121800	1.9000015	1900	""osoba3""
""osoba3""		121.8	121800	121.8	121800	1.0	1000	""osoba3""
""osoba1""		124.200005	124200	126.00001	126000	2.800003	2800	""osoba1""
""osoba3""		125.4	125400	138.6	138600	14.200005	14200	""osoba3""
""osoba3""		127.8	127800	138.6	138600	11.800003	11800	""osoba3""
""osoba1""		129.3	129300	132.3	132300	4.0	4000	""osoba1""
""osoba3""		130.20001	130200	138.6	138600	9.399994	9399	""osoba3""
""osoba3""		132.6	132600	138.6	138600	7.0	7000	""osoba3""
""osoba1""		136.8	136800	143.1	143100	7.300003	7300	""osoba1""
""osoba3""		137.70001	137700	138.6	138600	1.8999939	1899	""osoba3""
""osoba1""		138.6	138600	143.1	143100	5.5	5500	""osoba1""
""osoba1""		140.40001	140400	143.1	143100	3.699997	3699	""osoba1""
""osoba1""		141.3	141300	143.1	143100	2.800003	2800	""osoba1""
""osoba3""		141.3	141300	142.8	142800	2.5	2500	""osoba3""
""osoba1""		141.90001	141900	143.1	143100	2.199997	2199	""osoba1""
""osoba2""		141.90001	141900	154.5	154500	13.599991	13599	""osoba2""
""osoba2""		146.1	146100	154.5	154500	9.399994	9399	""osoba2""
""osoba2""		147.6	147600	154.5	154500	7.899994	7899	""osoba2""
""osoba2""		149.40001	149400	154.5	154500	6.099991	6099	""osoba2""
""osoba2""		150.6	150600	154.5	154500	4.899994	4899	""osoba2""
""osoba1""		151.8	151800	158.70001	158700	7.900009	7900	""osoba1""
""osoba1""		153.90001	153900	158.70001	158700	5.800003	5800	""osoba1""
""osoba1""		156.0	156000	158.70001	158700	3.7000122	3700	""osoba1""
""osoba1""		156.90001	156900	158.70001	158700	2.800003	2800	""osoba1""
""osoba3""		157.5	157500	159.0	159000	2.5	2500	""osoba3""
""osoba2""		157.8	157800	173.40001	173400	16.600006	16600	""osoba2""
""osoba2""		160.20001	160200	173.40001	173400	14.199997	14199	""osoba2""
""osoba2""		163.5	163500	173.40001	173400	10.900009	10900	""osoba2""
""osoba2""		164.1	164100	173.40001	173400	10.300003	10300	""osoba2""
""osoba4""		165.3	165300	165.90001	165900	1.6000061	1600	""osoba4""
""osoba2""		167.1	167100	173.40001	173400	7.300003	7300	""osoba2""
""osoba2""		168.6	168600	173.40001	173400	5.800003	5800	""osoba2""
""osoba2""		170.1	170100	173.40001	173400	4.300003	4300	""osoba2""
""osoba2""		171.6	171600	173.40001	173400	2.800003	2800	""osoba2""
""osoba3""		172.5	172500	179.40001	179400	7.900009	7900	""osoba3""
""osoba3""		174.3	174300	179.40001	179400	6.100006	6100	""osoba3""
""osoba3""		177.0	177000	179.40001	179400	3.4000092	3400	""osoba3""
""osoba1""		178.5	178500	204.00002	204000	26.500015	26500	""osoba1""
""osoba1""		182.40001	182400	204.00002	204000	22.600006	22600	""osoba1""
""osoba1""		185.1	185100	204.00002	204000	19.90001	19900	""osoba1""
""osoba1""		186.3	186300	204.00002	204000	18.700012	18700	""osoba1""
""osoba3""		186.3	186300	186.3	186300	1.0	1000	""osoba3""
""osoba1""		187.20001	187200	204.00002	204000	17.800003	17800	""osoba1""
""osoba1""		187.8	187800	204.00002	204000	17.200012	17200	""osoba1""
""osoba3""		188.70001	188700	189.6	189600	1.8999939	1899	""osoba3""
""osoba4""		189.3	189300	189.3	189300	1.0	1000	""osoba4""
""osoba1""		191.40001	191400	204.00002	204000	13.600006	13600	""osoba1""
""osoba1""		192.90001	192900	204.00002	204000	12.100006	12100	""osoba1""
""osoba1""		193.50002	193500	204.00002	204000	11.5	11500	""osoba1""
""osoba3""		195.3	195300	195.6	195600	1.300003	1300	""osoba3""
""osoba1""		197.70001	197700	204.00002	204000	7.300003	7300	""osoba1""
""osoba1""		198.3	198300	204.00002	204000	6.700012	6700	""osoba1""
""osoba1""		199.50002	199500	204.00002	204000	5.5	5500	""osoba1""
""osoba1""		202.20001	202200	204.00002	204000	2.800003	2800	""osoba1""
""osoba3""		202.8	202800	216.00002	216000	14.200012	14200	""osoba3""
""osoba3""		205.8	205800	216.00002	216000	11.200012	11200	""osoba3""
""osoba1""		207.3	207300	250.50002	250500	44.200012	44200	""osoba1""
""osoba4""		209.70001	209700	210.00002	210000	1.300003	1300	""osoba4""
""osoba1""		211.8	211800	250.50002	250500	39.700012	39700	""osoba1""
""osoba4""		212.1	212100	213.90001	213900	2.800003	2800	""osoba4""
""osoba1""		214.8	214800	250.50002	250500	36.700012	36700	""osoba1""
""osoba1""		217.50002	217500	250.50002	250500	34.0	34000	""osoba1""
""osoba1""		220.20001	220200	250.50002	250500	31.300003	31300	""osoba1""
""osoba4""		220.8	220800	220.8	220800	1.0	1000	""osoba4""
""osoba1""		221.1	221100	250.50002	250500	30.40001	30400	""osoba1""
""osoba1""		225.90001	225900	250.50002	250500	25.600006	25600	""osoba1""
""osoba1""		227.40001	227400	250.50002	250500	24.100006	24100	""osoba1""
""osoba1""		228.00002	228000	250.50002	250500	23.5	23500	""osoba1""
""osoba1""		229.20001	229200	250.50002	250500	22.300003	22300	""osoba1""
""osoba1""		229.8	229800	250.50002	250500	21.700012	21700	""osoba1""
""osoba1""		232.20001	232200	250.50002	250500	19.300003	19300	""osoba1""
""osoba1""		236.40001	236400	250.50002	250500	15.100006	15100	""osoba1""
""osoba1""		238.8	238800	250.50002	250500	12.700012	12700	""osoba1""
""osoba1""		244.50002	244500	250.50002	250500	7.0	7000	""osoba1""
""osoba1""		245.40001	245400	250.50002	250500	6.100006	6100	""osoba1""
""osoba1""		246.3	246300	250.50002	250500	5.200012	5200	""osoba1""
""osoba1""		248.70001	248700	250.50002	250500	2.800003	2800	""osoba1""
""osoba1""		249.6	249600	250.50002	250500	1.9000092	1900	""osoba1""
""osoba2""		250.50002	250500	254.40001	254400	4.899994	4899	""osoba2""
""osoba2""		251.40001	251400	254.40001	254400	4.0	4000	""osoba2""
""osoba2""		252.3	252300	254.40001	254400	3.100006	3100	""osoba2""
""osoba2""		254.1	254100	254.40001	254400	1.300003	1300	""osoba2""
""osoba4""		254.70001	254700	264.6	264600	10.899994	10899	""osoba4""
""osoba4""		258.6	258600	264.6	264600	7.0	7000	""osoba4""
""osoba4""		260.7	260700	264.6	264600	4.899994	4899	""osoba4""
""osoba4""		262.2	262200	264.6	264600	3.399994	3399	""osoba4""
""osoba3""		264.0	264000	267.0	267000	4.0	4000	""osoba3""
""osoba2""		265.2	265200	272.7	272700	8.5	8500	""osoba2""
""osoba3""		267.0	267000	267.0	267000	1.0	1000	""osoba3""
""osoba2""		267.30002	267300	272.7	272700	6.399994	6399	""osoba2""
""osoba4""		268.5	268500	269.40002	269400	1.9000244	1900	""osoba4""
""osoba2""		270.0	270000	272.7	272700	3.7000122	3700	""osoba2""
""osoba3""		270.30002	270300	273.0	273000	3.6999817	3699	""osoba3""
""osoba1""		273.0	273000	273.0	273000	1.0	1000	""osoba1""
""osoba4""		273.30002	273300	287.40002	287400	15.100006	15100	""osoba4""
""osoba4""		274.5	274500	287.40002	287400	13.900024	13900	""osoba4""
""osoba4""		276.30002	276300	287.40002	287400	12.100006	12100	""osoba4""
""osoba4""		278.7	278700	287.40002	287400	9.700012	9700	""osoba4""
""osoba4""		280.80002	280800	287.40002	287400	7.600006	7600	""osoba4""
""osoba4""		282.0	282000	287.40002	287400	6.4000244	6400	""osoba4""
""osoba4""		283.80002	283800	287.40002	287400	4.600006	4600	""osoba4""
""osoba4""		284.7	284700	287.40002	287400	3.7000122	3700	""osoba4""
""osoba3""		285.90002	285900	290.7	290700	5.799988	5799	""osoba3""
""osoba4""		285.90002	285900	287.40002	287400	2.5	2500	""osoba4""
""osoba2""		288.30002	288300	289.2	289200	1.8999939	1899	""osoba2""
""osoba1""		289.5	289500	297.90002	297900	9.400024	9400	""osoba1""
""osoba1""		292.2	292200	297.90002	297900	6.700012	6700	""osoba1""
""osoba1""		292.80002	292800	297.90002	297900	6.100006	6100	""osoba1""
""osoba1""		293.40002	293400	297.90002	297900	5.5	5500	""osoba1""
""osoba1""		295.80002	295800	297.90002	297900	3.100006	3100	""osoba1""
""osoba3""		297.6	297600	303.6	303600	7.0	7000	""osoba3""
""osoba3""		300.30002	300300	303.6	303600	4.299988	4299	""osoba3""
""osoba2""		301.2	301200	301.2	301200	1.0	1000	""osoba2""
""osoba3""		301.80002	301800	303.6	303600	2.7999878	2799	""osoba3""
""osoba3""		303.6	303600	303.6	303600	1.0	1000	""osoba3""
""osoba1""		303.90002	303900	304.2	304200	1.2999878	1299	""osoba1""
""osoba3""		305.7	305700	345.0	345000	40.299988	40299	""osoba3""
""osoba4""		309.0	309000	310.2	310200	2.2000122	2200	""osoba4""
""osoba1""		311.40002	311400	314.1	314100	3.6999817	3699	""osoba1""
""osoba3""		311.40002	311400	345.0	345000	34.599976	34599	""osoba3""
""osoba4""		317.7	317700	318.0	318000	1.2999878	1299	""osoba4""
""osoba3""		319.5	319500	345.0	345000	26.5	26500	""osoba3""
""osoba2""		320.1	320100	321.6	321600	2.5	2500	""osoba2""
""osoba3""		326.7	326700	345.0	345000	19.299988	19299	""osoba3""
""osoba3""		327.90002	327900	345.0	345000	18.099976	18099	""osoba3""
""osoba3""		328.80002	328800	345.0	345000	17.199982	17199	""osoba3""
""osoba1""		329.7	329700	330.0	330000	1.2999878	1299	""osoba1""
""osoba3""		331.2	331200	345.0	345000	14.799988	14799	""osoba3""
""osoba3""		333.90002	333900	345.0	345000	12.099976	12099	""osoba3""
""osoba3""		335.1	335100	345.0	345000	10.899994	10899	""osoba3""
""osoba3""		335.7	335700	345.0	345000	10.299988	10299	""osoba3""
""osoba1""		336.0	336000	336.30002	336300	1.3000183	1300	""osoba1""
""osoba4""		336.30002	336300	340.80002	340800	5.5	5500	""osoba4""
""osoba4""		338.7	338700	340.80002	340800	3.100006	3100	""osoba4""
""osoba3""		343.2	343200	345.0	345000	2.7999878	2799	""osoba3""
""osoba1""		345.0	345000	391.50003	391500	47.50003	47500	""osoba1""
""osoba1""		347.1	347100	391.50003	391500	45.400024	45400	""osoba1""
""osoba3""		348.90002	348900	348.90002	348900	1.0	1000	""osoba3""
""osoba1""		349.80002	349800	391.50003	391500	42.700012	42700	""osoba1""
""osoba2""		355.2	355200	359.7	359700	5.5	5500	""osoba2""
""osoba1""		356.40002	356400	391.50003	391500	36.100006	36100	""osoba1""
""osoba2""		356.7	356700	359.7	359700	4.0	4000	""osoba2""
""osoba3""		357.0	357000	359.1	359100	3.100006	3100	""osoba3""
""osoba2""		358.5	358500	359.7	359700	2.2000122	2200	""osoba2""
""osoba1""		361.5	361500	391.50003	391500	31.00003	31000	""osoba1""
""osoba1""		362.1	362100	391.50003	391500	30.400024	30400	""osoba1""
""osoba1""		363.6	363600	391.50003	391500	28.900024	28900	""osoba1""
""osoba2""		364.5	364500	364.5	364500	1.0	1000	""osoba2""
""osoba3""		366.30002	366300	366.30002	366300	1.0	1000	""osoba3""
""osoba3""		368.7	368700	369.30002	369300	1.6000061	1600	""osoba3""
""osoba1""		371.1	371100	391.50003	391500	21.400024	21400	""osoba1""
""osoba1""		373.80002	373800	391.50003	391500	18.700012	18700	""osoba1""
""osoba1""		376.2	376200	391.50003	391500	16.300018	16300	""osoba1""
""osoba1""		378.30002	378300	391.50003	391500	14.200012	14200	""osoba1""
""osoba1""		379.80002	379800	391.50003	391500	12.700012	12700	""osoba1""
""osoba1""		382.5	382500	391.50003	391500	10.0000305	10000	""osoba1""
""osoba3""		383.1	383100	383.40002	383400	1.3000183	1300	""osoba3""
""osoba1""		386.40002	386400	391.50003	391500	6.100006	6100	""osoba1""
""osoba3""		388.50003	388500	405.30002	405300	17.799988	17799	""osoba3""
""osoba1""		391.50003	391500	391.50003	391500	1.0	1000	""osoba1""
""osoba3""		391.50003	391500	405.30002	405300	14.799988	14799	""osoba3""
""osoba3""		393.00003	393000	405.30002	405300	13.299988	13299	""osoba3""
""osoba1""		396.6	396600	397.50003	397500	1.9000244	1900	""osoba1""
""osoba3""		396.6	396600	405.30002	405300	9.700012	9700	""osoba3""
""osoba3""		398.7	398700	405.30002	405300	7.600006	7600	""osoba3""
""osoba2""		400.2	400200	404.1	404100	4.899994	4899	""osoba2""
""osoba3""		400.2	400200	405.30002	405300	6.100006	6100	""osoba3""
""osoba1""		404.40002	404400	427.50003	427500	24.100006	24100	""osoba1""
""osoba1""		407.1	407100	427.50003	427500	21.400024	21400	""osoba1""
""osoba4""		407.7	407700	407.7	407700	1.0	1000	""osoba4""
""osoba1""		410.1	410100	427.50003	427500	18.400024	18400	""osoba1""
""osoba3""		413.7	413700	417.30002	417300	4.600006	4600	""osoba3""
""osoba1""		414.30002	414300	427.50003	427500	14.200012	14200	""osoba1""
""osoba1""		419.7	419700	427.50003	427500	8.800018	8800	""osoba1""
""osoba1""		421.2	421200	427.50003	427500	7.3000183	7300	""osoba1""
""osoba1""		422.1	422100	427.50003	427500	6.4000244	6400	""osoba1""
""osoba2""		422.7	422700	425.1	425100	3.399994	3399	""osoba2""
""osoba1""		423.6	423600	427.50003	427500	4.9000244	4900	""osoba1""
""osoba4""		425.40002	425400	426.6	426600	2.1999817	2199	""osoba4""
""osoba4""		426.6	426600	426.6	426600	1.0	1000	""osoba4""
""osoba1""		426.90002	426900	427.50003	427500	1.6000061	1600	""osoba1""
""osoba2""		427.2	427200	431.40002	431400	5.200012	5200	""osoba2""
""osoba2""		428.7	428700	431.40002	431400	3.7000122	3700	""osoba2""
""osoba2""		429.6	429600	431.40002	431400	2.8000183	2800	""osoba2""
""osoba1""		430.2	430200	437.1	437100	7.899994	7899	""osoba1""
""osoba1""		434.40002	434400	437.1	437100	3.6999817	3699	""osoba1""
""osoba4""		436.50003	436500	444.6	444600	9.099976	9099	""osoba4""
""osoba4""		438.00003	438000	444.6	444600	7.5999756	7599	""osoba4""
""osoba4""		438.6	438600	444.6	444600	7.0	7000	""osoba4""
""osoba1""		439.50003	439500	463.2	463200	24.699982	24699	""osoba1""
""osoba3""		439.50003	439500	440.7	440700	2.1999817	2199	""osoba3""
""osoba1""		441.6	441600	463.2	463200	22.600006	22600	""osoba1""
""osoba1""		442.80002	442800	463.2	463200	21.399994	21399	""osoba1""
""osoba4""		442.80002	442800	444.6	444600	2.7999878	2799	""osoba4""
""osoba1""		444.00003	444000	463.2	463200	20.199982	20199	""osoba1""
""osoba4""		444.00003	444000	444.6	444600	1.5999756	1599	""osoba4""
""osoba2""		444.30002	444300	445.80002	445800	2.5	2500	""osoba2""
""osoba2""		445.80002	445800	445.80002	445800	1.0	1000	""osoba2""
""osoba1""		446.1	446100	463.2	463200	18.100006	18100	""osoba1""
""osoba1""		448.2	448200	463.2	463200	16.0	16000	""osoba1""
""osoba1""		449.1	449100	463.2	463200	15.100006	15100	""osoba1""
""osoba2""		449.40002	449400	451.2	451200	2.7999878	2799	""osoba2""
""osoba1""		450.6	450600	463.2	463200	13.600006	13600	""osoba1""
""osoba1""		453.00003	453000	463.2	463200	11.199982	11199	""osoba1""
""osoba1""		453.90002	453900	463.2	463200	10.299988	10299	""osoba1""
""osoba1""		456.90002	456900	463.2	463200	7.299988	7299	""osoba1""
""osoba1""		461.7	461700	463.2	463200	2.5	2500	""osoba1""
""osoba3""		462.00003	462000	468.6	468600	7.5999756	7599	""osoba3""
""osoba3""		462.90002	462900	468.6	468600	6.6999817	6699	""osoba3""
""osoba4""		463.80002	463800	474.00003	474000	11.200012	11200	""osoba4""
""osoba3""		464.40002	464400	468.6	468600	5.1999817	5199	""osoba3""
""osoba3""		465.00003	465000	468.6	468600	4.5999756	4599	""osoba3""
""osoba3""		465.90002	465900	468.6	468600	3.6999817	3699	""osoba3""
""osoba4""		466.2	466200	474.00003	474000	8.800018	8800	""osoba4""
""osoba3""		466.80002	466800	468.6	468600	2.7999878	2799	""osoba3""
""osoba3""		468.6	468600	468.6	468600	1.0	1000	""osoba3""
""osoba4""		469.50003	469500	474.00003	474000	5.5	5500	""osoba4""
""osoba4""		471.00003	471000	474.00003	474000	4.0	4000	""osoba4""
""osoba3""		473.7	473700	488.7	488700	16.0	16000	""osoba3""
""osoba4""		477.90002	477900	477.90002	477900	1.0	1000	""osoba4""
""osoba3""		478.80002	478800	488.7	488700	10.899994	10899	""osoba3""
""osoba3""		481.50003	481500	488.7	488700	8.199982	8199	""osoba3""
""osoba3""		482.40002	482400	488.7	488700	7.299988	7299	""osoba3""
""osoba3""		485.1	485100	488.7	488700	4.600006	4600	""osoba3""
""osoba3""		486.00003	486000	488.7	488700	3.6999817	3699	""osoba3""
""osoba3""		486.90002	486900	488.7	488700	2.7999878	2799	""osoba3""
""osoba3""		487.80002	487800	488.7	488700	1.8999939	1899	""osoba3""
""osoba1""		489.00003	489000	497.40002	497400	9.399994	9399	""osoba1""
""osoba1""		495.00003	495000	497.40002	497400	3.399994	3399	""osoba1""
""osoba2""		496.80002	496800	517.2	517200	21.399994	21399	""osoba2""
""osoba2""		498.90002	498900	517.2	517200	19.299988	19299	""osoba2""
""osoba2""		500.40002	500400	517.2	517200	17.799988	17799	""osoba2""
""osoba2""		501.00003	501000	517.2	517200	17.199982	17199	""osoba2""
""osoba2""		504.00003	504000	517.2	517200	14.199982	14199	""osoba2""
""osoba2""		505.2	505200	517.2	517200	13.0	13000	""osoba2""
""osoba4""		505.80002	505800	505.80002	505800	1.0	1000	""osoba4""
""osoba2""		507.90002	507900	517.2	517200	10.299988	10299	""osoba2""
""osoba2""		508.80002	508800	517.2	517200	9.399994	9399	""osoba2""
""osoba2""		509.7	509700	517.2	517200	8.5	8500	""osoba2""
""osoba2""		511.2	511200	517.2	517200	7.0	7000	""osoba2""
""osoba2""		511.80002	511800	517.2	517200	6.399994	6399	""osoba2""
""osoba3""		512.10004	512100	512.4	512400	1.2999878	1299	""osoba3""
""osoba4""		512.7	512700	527.4	527400	15.700012	15700	""osoba4""
""osoba2""		514.5	514500	517.2	517200	3.7000122	3700	""osoba2""
""osoba2""		516.30005	516300	517.2	517200	1.8999634	1899	""osoba2""
""osoba2""		517.2	517200	517.2	517200	1.0	1000	""osoba2""
""osoba4""		517.2	517200	527.4	527400	11.200012	11200	""osoba4""
""osoba1""		520.80005	520800	521.7	521700	1.8999634	1899	""osoba1""
""osoba4""		522.9	522900	527.4	527400	5.5	5500	""osoba4""
""osoba4""		525.60004	525600	527.4	527400	2.7999878	2799	""osoba4""
""osoba3""		526.80005	526800	537.30005	537300	11.5	11500	""osoba3""
""osoba3""		530.10004	530100	537.30005	537300	8.200012	8200	""osoba3""
""osoba2""		531.0	531000	535.80005	535800	5.800049	5800	""osoba2""
""osoba2""		532.5	532500	535.80005	535800	4.300049	4300	""osoba2""
""osoba3""		532.80005	532800	537.30005	537300	5.5	5500	""osoba3""
""osoba3""		533.7	533700	537.30005	537300	4.6000366	4600	""osoba3""
""osoba3""		535.80005	535800	537.30005	537300	2.5	2500	""osoba3""
""osoba4""		536.10004	536100	552.0	552000	16.899963	16899	""osoba4""
""osoba4""		538.80005	538800	552.0	552000	14.199951	14199	""osoba4""
""osoba4""		541.2	541200	552.0	552000	11.799988	11799	""osoba4""
""osoba4""		543.60004	543600	552.0	552000	9.399963	9399	""osoba4""
""osoba4""		544.2	544200	552.0	552000	8.799988	8799	""osoba4""
""osoba3""		546.60004	546600	547.5	547500	1.8999634	1899	""osoba3""
""osoba4""		546.60004	546600	552.0	552000	6.3999634	6399	""osoba4""
""osoba1""		547.80005	547800	549.0	549000	2.1999512	2199	""osoba1""
""osoba4""		549.9	549900	552.0	552000	3.0999756	3099	""osoba4""
""osoba4""		550.5	550500	552.0	552000	2.5	2500	""osoba4""
""osoba2""		550.80005	550800	550.80005	550800	1.0	1000	""osoba2""
""osoba4""		551.4	551400	552.0	552000	1.5999756	1599	""osoba4""
""osoba1""		551.7	551700	558.9	558900	8.200012	8200	""osoba1""
""osoba3""		551.7	551700	551.7	551700	1.0	1000	""osoba3""
""osoba1""		553.80005	553800	558.9	558900	6.0999756	6099	""osoba1""
""osoba1""		555.60004	555600	558.9	558900	4.299988	4299	""osoba1""
""osoba1""		557.4	557400	558.9	558900	2.5	2500	""osoba1""
""osoba1""		558.0	558000	558.9	558900	1.9000244	1900	""osoba1""
""osoba4""		558.60004	558600	568.2	568200	10.599976	10599	""osoba4""
""osoba2""		562.5	562500	570.60004	570600	9.100037	9100	""osoba2""
""osoba4""		564.0	564000	568.2	568200	5.200012	5200	""osoba4""
""osoba4""		564.60004	564600	568.2	568200	4.5999756	4599	""osoba4""
""osoba2""		565.2	565200	570.60004	570600	6.4000244	6400	""osoba2""
""osoba1""		565.80005	565800	566.10004	566100	1.2999878	1299	""osoba1""
""osoba3""		569.4	569400	571.2	571200	2.7999878	2799	""osoba3""
""osoba1""		571.5	571500	581.7	581700	11.200012	11200	""osoba1""
""osoba1""		573.0	573000	581.7	581700	9.700012	9700	""osoba1""
""osoba1""		575.4	575400	581.7	581700	7.299988	7299	""osoba1""
""osoba1""		576.0	576000	581.7	581700	6.700012	6700	""osoba1""
""osoba1""		581.10004	581100	581.7	581700	1.5999756	1599	""osoba1""
""osoba4""		582.0	582000	586.2	586200	5.200012	5200	""osoba4""
""osoba3""		582.60004	582600	583.2	583200	1.5999756	1599	""osoba3""
""osoba4""		584.4	584400	586.2	586200	2.7999878	2799	""osoba4""
""osoba1""		584.7	584700	588.30005	588300	4.6000366	4600	""osoba1""
""osoba1""		587.7	587700	588.30005	588300	1.6000366	1600	""osoba1""
""osoba2""		589.2	589200	597.30005	597300	9.100037	9100	""osoba2""
""osoba2""		592.2	592200	597.30005	597300	6.1000366	6100	""osoba2""
""osoba1""		592.80005	592800	594.0	594000	2.1999512	2199	""osoba1""
""osoba2""		594.9	594900	597.30005	597300	3.4000244	3400	""osoba2""
""osoba2""		596.4	596400	597.30005	597300	1.9000244	1900	""osoba2""
""osoba1""		597.60004	597600	603.60004	603600	7.0	7000	""osoba1""
""osoba1""		600.9	600900	603.60004	603600	3.7000122	3700	""osoba1""
""osoba2""		602.10004	602100	608.4	608400	7.299988	7299	""osoba2""
""osoba1""		602.7	602700	603.60004	603600	1.9000244	1900	""osoba1""
""osoba2""		603.9	603900	608.4	608400	5.5	5500	""osoba2""
""osoba3""		605.7	605700	605.7	605700	1.0	1000	""osoba3""
""osoba1""		608.4	608400	614.4	614400	7.0	7000	""osoba1""
""osoba1""		612.0	612000	614.4	614400	3.4000244	3400	""osoba1""
""osoba1""		613.80005	613800	614.4	614400	1.5999756	1599	""osoba1""
""osoba3""		613.80005	613800	615.60004	615600	2.7999878	2799	""osoba3""
""osoba2""		614.10004	614100	626.7	626700	13.599976	13599	""osoba2""
""osoba2""		616.5	616500	626.7	626700	11.200012	11200	""osoba2""
""osoba2""		618.60004	618600	626.7	626700	9.099976	9099	""osoba2""
""osoba1""		619.2	619200	620.7	620700	2.5	2500	""osoba1""
""osoba2""		622.2	622200	626.7	626700	5.5	5500	""osoba2""
""osoba2""		622.80005	622800	626.7	626700	4.8999634	4899	""osoba2""
""osoba2""		623.4	623400	626.7	626700	4.299988	4299	""osoba2""
""osoba4""		623.7	623700	624.0	624000	1.2999878	1299	""osoba4""
""osoba2""		624.0	624000	626.7	626700	3.7000122	3700	""osoba2""
""osoba1""		625.80005	625800	646.5	646500	21.699951	21699	""osoba1""
""osoba2""		626.7	626700	626.7	626700	1.0	1000	""osoba2""
""osoba1""		627.60004	627600	646.5	646500	19.899963	19899	""osoba1""
""osoba1""		631.2	631200	646.5	646500	16.299988	16299	""osoba1""
""osoba3""		631.5	631500	632.10004	632100	1.6000366	1600	""osoba3""
""osoba1""		634.5	634500	646.5	646500	13.0	13000	""osoba1""
""osoba1""		635.7	635700	646.5	646500	11.799988	11799	""osoba1""
""osoba1""		636.30005	636300	646.5	646500	11.199951	11199	""osoba1""
""osoba1""		636.9	636900	646.5	646500	10.599976	10599	""osoba1""
""osoba4""		637.2	637200	641.10004	641100	4.9000244	4900	""osoba4""
""osoba3""		637.80005	637800	638.10004	638100	1.2999878	1299	""osoba3""
""osoba3""		642.9	642900	679.5	679500	37.599976	37599	""osoba3""
""osoba3""		644.7	644700	679.5	679500	35.799988	35799	""osoba3""
""osoba3""		652.5	652500	679.5	679500	28.0	28000	""osoba3""
""osoba3""		658.5	658500	679.5	679500	22.0	22000	""osoba3""
""osoba3""		661.80005	661800	679.5	679500	18.699951	18699	""osoba3""
""osoba2""		663.0	663000	663.9	663900	1.9000244	1900	""osoba2""
""osoba3""		666.60004	666600	679.5	679500	13.899963	13899	""osoba3""
""osoba4""		667.80005	667800	668.10004	668100	1.2999878	1299	""osoba4""
""osoba3""		669.30005	669300	679.5	679500	11.199951	11199	""osoba3""
""osoba3""		671.4	671400	679.5	679500	9.099976	9099	""osoba3""
""osoba3""		672.60004	672600	679.5	679500	7.8999634	7899	""osoba3""
""osoba2""		674.7	674700	677.4	677400	3.7000122	3700	""osoba2""
""osoba3""		674.7	674700	679.5	679500	5.799988	5799	""osoba3""
""osoba4""		679.5	679500	691.2	691200	12.700012	12700	""osoba4""
""osoba4""		682.2	682200	691.2	691200	10.0	10000	""osoba4""
""osoba4""		683.7	683700	691.2	691200	8.5	8500	""osoba4""
""osoba4""		684.60004	684600	691.2	691200	7.5999756	7599	""osoba4""
""osoba4""		685.5	685500	691.2	691200	6.700012	6700	""osoba4""
""osoba4""		687.0	687000	691.2	691200	5.200012	5200	""osoba4""
""osoba3""		690.0	690000	698.7	698700	9.700012	9700	""osoba3""
""osoba3""		692.7	692700	698.7	698700	7.0	7000	""osoba3""
""osoba3""		696.9	696900	698.7	698700	2.7999878	2799	""osoba3""
""osoba1""		698.10004	698100	708.0	708000	10.899963	10899	""osoba1""
""osoba3""		698.10004	698100	698.7	698700	1.5999756	1599	""osoba3""
""osoba3""		700.80005	700800	702.60004	702600	2.7999878	2799	""osoba3""
""osoba1""		702.0	702000	708.0	708000	7.0	7000	""osoba1""
""osoba1""		704.4	704400	708.0	708000	4.5999756	4599	""osoba1""
""osoba1""		705.0	705000	708.0	708000	4.0	4000	""osoba1""
""osoba1""		705.60004	705600	708.0	708000	3.3999634	3399	""osoba1""
""osoba1""		706.2	706200	708.0	708000	2.7999878	2799	""osoba1""
""osoba3""		707.10004	707100	733.80005	733800	27.700012	27700	""osoba3""
""osoba3""		709.2	709200	733.80005	733800	25.600037	25600	""osoba3""
""osoba4""		709.5	709500	711.0	711000	2.5	2500	""osoba4""
""osoba4""		710.4	710400	711.0	711000	1.5999756	1599	""osoba4""
""osoba3""		710.7	710700	733.80005	733800	24.100037	24100	""osoba3""
""osoba4""		711.0	711000	711.0	711000	1.0	1000	""osoba4""
""osoba3""		711.9	711900	733.80005	733800	22.900024	22900	""osoba3""
""osoba3""		712.80005	712800	733.80005	733800	22.0	22000	""osoba3""
""osoba4""		713.10004	713100	713.4	713400	1.2999878	1299	""osoba4""
""osoba1""		715.2	715200	717.9	717900	3.7000122	3700	""osoba1""
""osoba3""		715.2	715200	733.80005	733800	19.600037	19600	""osoba3""
""osoba3""		716.7	716700	733.80005	733800	18.100037	18100	""osoba3""
""osoba1""		717.0	717000	717.9	717900	1.9000244	1900	""osoba1""
""osoba3""		719.10004	719100	733.80005	733800	15.700012	15700	""osoba3""
""osoba3""		719.7	719700	733.80005	733800	15.100037	15100	""osoba3""
""osoba3""		720.9	720900	733.80005	733800	13.900024	13900	""osoba3""
""osoba3""		721.5	721500	733.80005	733800	13.300049	13300	""osoba3""
""osoba3""		725.10004	725100	733.80005	733800	9.700012	9700	""osoba3""
""osoba3""		725.7	725700	733.80005	733800	9.100037	9100	""osoba3""
""osoba3""		727.2	727200	733.80005	733800	7.6000366	7600	""osoba3""
""osoba3""		728.10004	728100	733.80005	733800	6.700012	6700	""osoba3""
""osoba3""		728.7	728700	733.80005	733800	6.1000366	6100	""osoba3""
""osoba3""		729.30005	729300	733.80005	733800	5.5	5500	""osoba3""
""osoba4""		729.30005	729300	738.30005	738300	10.0	10000	""osoba4""
""osoba3""		730.5	730500	733.80005	733800	4.300049	4300	""osoba3""
""osoba4""		730.5	730500	738.30005	738300	8.800049	8800	""osoba4""
""osoba3""		732.9	732900	733.80005	733800	1.9000244	1900	""osoba3""
""osoba4""		736.80005	736800	738.30005	738300	2.5	2500	""osoba4""
""osoba4""		737.4	737400	738.30005	738300	1.9000244	1900	""osoba4""
""osoba3""		738.30005	738300	741.0	741000	3.6999512	3699	""osoba3""
""osoba2""		739.80005	739800	744.0	744000	5.199951	5199	""osoba2""
""osoba1""		741.9	741900	742.2	742200	1.2999878	1299	""osoba1""
""osoba2""		741.9	741900	744.0	744000	3.0999756	3099	""osoba2""
""osoba2""		743.7	743700	744.0	744000	1.2999878	1299	""osoba2""
""osoba1""		744.9	744900	745.2	745200	1.2999878	1299	""osoba1""
""osoba3""		744.9	744900	764.4	764400	20.5	20500	""osoba3""
""osoba3""		746.4	746400	764.4	764400	19.0	19000	""osoba3""
""osoba3""		748.80005	748800	764.4	764400	16.599976	16599	""osoba3""
""osoba3""		753.30005	753300	764.4	764400	12.099976	12099	""osoba3""
""osoba3""		754.2	754200	764.4	764400	11.200012	11200	""osoba3""
""osoba1""		754.80005	754800	754.80005	754800	1.0	1000	""osoba1""
""osoba3""		754.80005	754800	764.4	764400	10.599976	10599	""osoba3""
""osoba3""		759.9	759900	764.4	764400	5.5	5500	""osoba3""
""osoba1""		760.2	760200	760.80005	760800	1.6000366	1600	""osoba1""
""osoba2""		762.0	762000	762.30005	762300	1.3000488	1300	""osoba2""
""osoba4""		762.9	762900	771.00006	771000	9.100037	9100	""osoba4""
""osoba4""		764.10004	764100	771.00006	771000	7.9000244	7900	""osoba4""
""osoba3""		764.4	764400	764.4	764400	1.0	1000	""osoba3""
""osoba4""		765.60004	765600	771.00006	771000	6.4000244	6400	""osoba4""
""osoba3""		766.5	766500	767.10004	767100	1.6000366	1600	""osoba3""
""osoba4""		766.5	766500	771.00006	771000	5.500061	5500	""osoba4""
""osoba4""		768.0	768000	771.00006	771000	4.000061	4000	""osoba4""
""osoba3""		770.10004	770100	786.00006	786000	16.900024	16900	""osoba3""
""osoba3""		774.60004	774600	786.00006	786000	12.400024	12400	""osoba3""
""osoba3""		777.00006	777000	786.00006	786000	10.0	10000	""osoba3""
""osoba3""		777.60004	777600	786.00006	786000	9.400024	9400	""osoba3""
""osoba4""		778.80005	778800	780.00006	780000	2.2000122	2200	""osoba4""
""osoba1""		780.9	780900	780.9	780900	1.0	1000	""osoba1""
""osoba3""		783.00006	783000	786.00006	786000	4.0	4000	""osoba3""
""osoba3""		784.2	784200	786.00006	786000	2.8000488	2800	""osoba3""
""osoba3""		784.80005	784800	786.00006	786000	2.2000122	2200	""osoba3""
""osoba4""		785.7	785700	788.7	788700	4.0	4000	""osoba4""
""osoba1""		788.4	788400	795.30005	795300	7.9000244	7900	""osoba1""
""osoba4""		788.4	788400	788.7	788700	1.2999878	1299	""osoba4""
""osoba1""		790.50006	790500	795.30005	795300	5.799988	5799	""osoba1""
""osoba1""		792.30005	792300	795.30005	795300	4.0	4000	""osoba1""
""osoba1""		793.2	793200	795.30005	795300	3.1000366	3100	""osoba1""
""osoba4""		793.80005	793800	816.30005	816300	23.5	23500	""osoba4""
""osoba1""		794.7	794700	795.30005	795300	1.6000366	1600	""osoba1""
""osoba4""		795.9	795900	816.30005	816300	21.400024	21400	""osoba4""
""osoba4""		796.50006	796500	816.30005	816300	20.799988	20799	""osoba4""
""osoba4""		797.4	797400	816.30005	816300	19.900024	19900	""osoba4""
""osoba4""		798.30005	798300	816.30005	816300	19.0	19000	""osoba4""
""osoba4""		798.9	798900	816.30005	816300	18.400024	18400	""osoba4""
""osoba4""		801.30005	801300	816.30005	816300	16.0	16000	""osoba4""
""osoba1""		801.60004	801600	801.9	801900	1.2999878	1299	""osoba1""
""osoba4""		802.2	802200	816.30005	816300	15.100037	15100	""osoba4""
""osoba4""		803.10004	803100	816.30005	816300	14.200012	14200	""osoba4""
""osoba4""		803.7	803700	816.30005	816300	13.600037	13600	""osoba4""
""osoba4""		807.30005	807300	816.30005	816300	10.0	10000	""osoba4""
""osoba4""		809.7	809700	816.30005	816300	7.6000366	7600	""osoba4""
""osoba4""		810.60004	810600	816.30005	816300	6.700012	6700	""osoba4""
""osoba4""		811.50006	811500	816.30005	816300	5.799988	5799	""osoba4""
""osoba4""		812.10004	812100	816.30005	816300	5.200012	5200	""osoba4""
""osoba4""		813.00006	813000	816.30005	816300	4.299988	4299	""osoba4""
""osoba4""		814.80005	814800	816.30005	816300	2.5	2500	""osoba4""
""osoba3""		816.60004	816600	832.2	832200	16.599976	16599	""osoba3""
""osoba3""		817.80005	817800	832.2	832200	15.399963	15399	""osoba3""
""osoba3""		818.4	818400	832.2	832200	14.799988	14799	""osoba3""
""osoba2""		821.7	821700	822.30005	822300	1.6000366	1600	""osoba2""
""osoba1""		824.4	824400	825.00006	825000	1.6000366	1600	""osoba1""
""osoba4""		827.10004	827100	827.10004	827100	1.0	1000	""osoba4""
""osoba3""		828.30005	828300	832.2	832200	4.8999634	4899	""osoba3""
""osoba3""		828.9	828900	832.2	832200	4.299988	4299	""osoba3""
""osoba1""		830.4	830400	830.4	830400	1.0	1000	""osoba1""
""osoba3""		831.30005	831300	832.2	832200	1.8999634	1899	""osoba3""
""osoba1""		832.50006	832500	843.30005	843300	11.799988	11799	""osoba1""
""osoba1""		835.50006	835500	843.30005	843300	8.799988	8799	""osoba1""
""osoba1""		836.4	836400	843.30005	843300	7.9000244	7900	""osoba1""
""osoba3""		837.60004	837600	837.60004	837600	1.0	1000	""osoba3""
""osoba1""		839.7	839700	843.30005	843300	4.6000366	4600	""osoba1""
""osoba1""		842.10004	842100	843.30005	843300	2.2000122	2200	""osoba1""
""osoba2""		842.7	842700	854.4	854400	12.700012	12700	""osoba2""
""osoba2""		844.50006	844500	854.4	854400	10.899963	10899	""osoba2""
""osoba2""		845.7	845700	854.4	854400	9.700012	9700	""osoba2""
""osoba1""		847.2	847200	850.80005	850800	4.6000366	4600	""osoba1""
""osoba2""		848.7	848700	854.4	854400	6.700012	6700	""osoba2""
""osoba1""		849.60004	849600	850.80005	850800	2.2000122	2200	""osoba1""
""osoba2""		850.2	850200	854.4	854400	5.200012	5200	""osoba2""
""osoba3""		850.2	850200	850.2	850200	1.0	1000	""osoba3""
""osoba1""		850.80005	850800	850.80005	850800	1.0	1000	""osoba1""
""osoba3""		854.10004	854100	915.30005	915300	62.200012	62200	""osoba3""
""osoba3""		856.2	856200	915.30005	915300	60.100037	60100	""osoba3""
""osoba3""		857.10004	857100	915.30005	915300	59.200012	59200	""osoba3""
""osoba3""		859.50006	859500	915.30005	915300	56.799988	56799	""osoba3""
""osoba1""		861.9	861900	868.80005	868800	7.9000244	7900	""osoba1""
""osoba1""		864.60004	864600	868.80005	868800	5.200012	5200	""osoba1""
""osoba3""		864.9	864900	915.30005	915300	51.400024	51400	""osoba3""
""osoba1""		866.4	866400	868.80005	868800	3.4000244	3400	""osoba1""
""osoba3""		866.7	866700	915.30005	915300	49.600037	49600	""osoba3""
""osoba3""		870.00006	870000	915.30005	915300	46.299988	46299	""osoba3""
""osoba1""		870.9	870900	871.2	871200	1.2999878	1299	""osoba1""
""osoba3""		872.4	872400	915.30005	915300	43.900024	43900	""osoba3""
""osoba3""		873.00006	873000	915.30005	915300	43.299988	43299	""osoba3""
""osoba3""		873.9	873900	915.30005	915300	42.400024	42400	""osoba3""
""osoba3""		874.80005	874800	915.30005	915300	41.5	41500	""osoba3""
""osoba3""		879.00006	879000	915.30005	915300	37.299988	37299	""osoba3""
""osoba3""		880.2	880200	915.30005	915300	36.100037	36100	""osoba3""
""osoba3""		882.60004	882600	915.30005	915300	33.700012	33700	""osoba3""
""osoba4""		884.10004	884100	884.7	884700	1.5999756	1599	""osoba4""
""osoba3""		885.9	885900	915.30005	915300	30.400024	30400	""osoba3""
""osoba3""		887.10004	887100	915.30005	915300	29.200012	29200	""osoba3""
""osoba4""		888.30005	888300	888.30005	888300	1.0	1000	""osoba4""
""osoba3""		889.2	889200	915.30005	915300	27.100037	27100	""osoba3""
""osoba4""		890.4	890400	890.7	890700	1.2999878	1299	""osoba4""
""osoba3""		891.60004	891600	915.30005	915300	24.700012	24700	""osoba3""
""osoba3""		892.80005	892800	915.30005	915300	23.5	23500	""osoba3""
""osoba3""		895.80005	895800	915.30005	915300	20.5	20500	""osoba3""
""osoba3""		896.7	896700	915.30005	915300	19.600037	19600	""osoba3""
""osoba3""		898.2	898200	915.30005	915300	18.100037	18100	""osoba3""
""osoba3""		898.80005	898800	915.30005	915300	17.5	17500	""osoba3""
""osoba3""		899.4	899400	915.30005	915300	16.900024	16900	""osoba3""
""osoba4""		900.30005	900300	900.30005	900300	1.0	1000	""osoba4""
""osoba3""		901.50006	901500	915.30005	915300	14.799988	14799	""osoba3""
""osoba3""		904.2	904200	915.30005	915300	12.100037	12100	""osoba3""
""osoba3""		906.00006	906000	915.30005	915300	10.299988	10299	""osoba3""
""osoba3""		906.60004	906600	915.30005	915300	9.700012	9700	""osoba3""
""osoba2""		908.7	908700	909.30005	909300	1.6000366	1600	""osoba2""
""osoba3""		909.00006	909000	915.30005	915300	7.299988	7299	""osoba3""
""osoba1""		914.7	914700	929.7	929700	16.0	16000	""osoba1""
""osoba3""		918.60004	918600	918.9	918900	1.2999878	1299	""osoba3""
""osoba1""		919.80005	919800	929.7	929700	10.899963	10899	""osoba1""
""osoba1""		920.7	920700	929.7	929700	10.0	10000	""osoba1""
""osoba1""		921.30005	921300	929.7	929700	9.399963	9399	""osoba1""
""osoba3""		921.9	921900	923.4	923400	2.5	2500	""osoba3""
""osoba1""		922.2	922200	929.7	929700	8.5	8500	""osoba1""
""osoba4""		923.10004	923100	925.80005	925800	3.7000122	3700	""osoba4""
""osoba1""		925.50006	925500	929.7	929700	5.199951	5199	""osoba1""
""osoba3""		926.7	926700	941.4	941400	15.700012	15700	""osoba3""
""osoba3""		929.10004	929100	941.4	941400	13.299988	13299	""osoba3""
""osoba3""		931.2	931200	941.4	941400	11.200012	11200	""osoba3""
""osoba3""		934.80005	934800	941.4	941400	7.5999756	7599	""osoba3""
""osoba4""		934.80005	934800	936.30005	936300	2.5	2500	""osoba4""
""osoba3""		935.4	935400	941.4	941400	7.0	7000	""osoba3""
""osoba3""		937.50006	937500	941.4	941400	4.8999634	4899	""osoba3""
""osoba1""		939.30005	939300	939.60004	939600	1.2999878	1299	""osoba1""
""osoba3""		941.4	941400	941.4	941400	1.0	1000	""osoba3""
""osoba1""		941.7	941700	945.9	945900	5.200012	5200	""osoba1""
""osoba1""		944.4	944400	945.9	945900	2.5	2500	""osoba1""
""osoba1""		945.60004	945600	945.9	945900	1.2999878	1299	""osoba1""
""osoba4""		945.9	945900	955.2	955200	10.299988	10299	""osoba4""
""osoba4""		950.7	950700	955.2	955200	5.5	5500	""osoba4""
""osoba4""		951.30005	951300	955.2	955200	4.8999634	4899	""osoba4""
""osoba2""		953.7	953700	966.9	966900	14.200012	14200	""osoba2""
""osoba4""		954.60004	954600	955.2	955200	1.5999756	1599	""osoba4""
""osoba2""		955.2	955200	966.9	966900	12.700012	12700	""osoba2""
""osoba2""		957.00006	957000	966.9	966900	10.899963	10899	""osoba2""
""osoba2""		957.9	957900	966.9	966900	10.0	10000	""osoba2""
""osoba2""		959.10004	959100	966.9	966900	8.799988	8799	""osoba2""
""osoba3""		960.60004	960600	960.9	960900	1.2999878	1299	""osoba3""
""osoba1""		961.2	961200	962.7	962700	2.5	2500	""osoba1""
""osoba2""		962.4	962400	966.9	966900	5.5	5500	""osoba2""
""osoba2""		963.60004	963600	966.9	966900	4.299988	4299	""osoba2""
""osoba2""		965.4	965400	966.9	966900	2.5	2500	""osoba2""
""osoba2""		966.30005	966300	966.9	966900	1.5999756	1599	""osoba2""
""osoba2""		966.9	966900	966.9	966900	1.0	1000	""osoba2""
""osoba4""		967.50006	967500	968.4	968400	1.8999634	1899	""osoba4""
""osoba3""		967.80005	967800	1071.3	1071300	104.5	104500	""osoba3""
""osoba3""		969.9	969900	1071.3	1071300	102.400024	102400	""osoba3""
""osoba3""		970.50006	970500	1071.3	1071300	101.79999	101799	""osoba3""
""osoba3""		971.7	971700	1071.3	1071300	100.60004	100600	""osoba3""
""osoba3""		972.9	972900	1071.3	1071300	99.400024	99400	""osoba3""
""osoba3""		976.2	976200	1071.3	1071300	96.10004	96100	""osoba3""
""osoba2""		977.7	977700	978.00006	978000	1.3000488	1300	""osoba2""
""osoba3""		978.9	978900	1071.3	1071300	93.400024	93400	""osoba3""
""osoba3""		981.9	981900	1071.3	1071300	90.400024	90400	""osoba3""
""osoba3""		983.4	983400	1071.3	1071300	88.900024	88900	""osoba3""
""osoba3""		984.60004	984600	1071.3	1071300	87.70001	87700	""osoba3""
""osoba3""		986.7	986700	1071.3	1071300	85.60004	85600	""osoba3""
""osoba1""		987.00006	987000	987.30005	987300	1.2999878	1299	""osoba1""
""osoba3""		988.2	988200	1071.3	1071300	84.10004	84100	""osoba3""
""osoba3""		989.4	989400	1071.3	1071300	82.900024	82900	""osoba3""
""osoba3""		990.60004	990600	1071.3	1071300	81.70001	81700	""osoba3""
""osoba3""		992.4	992400	1071.3	1071300	79.900024	79900	""osoba3""
""osoba3""		993.00006	993000	1071.3	1071300	79.29999	79299	""osoba3""
""osoba3""		994.50006	994500	1071.3	1071300	77.79999	77799	""osoba3""
""osoba3""		995.7	995700	1071.3	1071300	76.60004	76600	""osoba3""
""osoba3""		996.60004	996600	1071.3	1071300	75.70001	75700	""osoba3""
""osoba3""		998.7	998700	1071.3	1071300	73.60004	73600	""osoba3""
""osoba3""		999.60004	999600	1071.3	1071300	72.70001	72700	""osoba3""
""osoba3""		1000.2	1000200	1071.3	1071300	72.10004	72100	""osoba3""
""osoba3""		1001.10004	1001100	1071.3	1071300	71.20001	71200	""osoba3""
""osoba3""		1002.60004	1002600	1071.3	1071300	69.70001	69700	""osoba3""
""osoba3""		1003.80005	1003800	1071.3	1071300	68.5	68500	""osoba3""
""osoba3""		1004.7	1004700	1071.3	1071300	67.60004	67600	""osoba3""
""osoba1""		1006.80005	1006800	1009.2	1009200	3.3999634	3399	""osoba1""
""osoba3""		1006.80005	1006800	1071.3	1071300	65.5	65500	""osoba3""
""osoba2""		1007.10004	1007100	1008.30005	1008300	2.2000122	2200	""osoba2""
""osoba3""		1011.00006	1011000	1071.3	1071300	61.299988	61299	""osoba3""
""osoba3""		1011.9	1011900	1071.3	1071300	60.400024	60400	""osoba3""
""osoba1""		1015.2	1015200	1017.00006	1017000	2.8000488	2800	""osoba1""
""osoba1""		1016.10004	1016100	1017.00006	1017000	1.9000244	1900	""osoba1""
""osoba3""		1016.7	1016700	1071.3	1071300	55.600037	55600	""osoba3""
""osoba3""		1018.2	1018200	1071.3	1071300	54.100037	54100	""osoba3""
""osoba3""		1020.30005	1020300	1071.3	1071300	52.0	52000	""osoba3""
""osoba3""		1021.80005	1021800	1071.3	1071300	50.5	50500	""osoba3""
""osoba3""		1023.00006	1023000	1071.3	1071300	49.299988	49299	""osoba3""
""osoba3""		1024.8	1024800	1071.3	1071300	47.5	47500	""osoba3""
""osoba1""		1026.0	1026000	1026.3	1026300	1.3000488	1300	""osoba1""
""osoba3""		1026.9	1026900	1071.3	1071300	45.400024	45400	""osoba3""
""osoba3""		1029.9	1029900	1071.3	1071300	42.400024	42400	""osoba3""
""osoba3""		1030.5	1030500	1071.3	1071300	41.80005	41800	""osoba3""
""osoba3""		1031.7001	1031700	1071.3	1071300	40.599976	40599	""osoba3""
""osoba3""		1034.7001	1034700	1071.3	1071300	37.599976	37599	""osoba3""
""osoba3""		1036.5	1036500	1071.3	1071300	35.80005	35800	""osoba3""
""osoba3""		1037.1001	1037100	1071.3	1071300	35.19995	35199	""osoba3""
""osoba3""		1038.0	1038000	1071.3	1071300	34.30005	34300	""osoba3""
""osoba2""		1039.8	1039800	1041.3	1041300	2.5	2500	""osoba2""
""osoba3""		1039.8	1039800	1071.3	1071300	32.5	32500	""osoba3""
""osoba3""		1042.8	1042800	1071.3	1071300	29.5	29500	""osoba3""
""osoba3""		1043.4	1043400	1071.3	1071300	28.900024	28900	""osoba3""
""osoba3""		1047.0	1047000	1071.3	1071300	25.300049	25300	""osoba3""
""osoba3""		1049.1001	1049100	1071.3	1071300	23.199951	23199	""osoba3""
""osoba3""		1049.7001	1049700	1071.3	1071300	22.599976	22599	""osoba3""
""osoba3""		1050.3	1050300	1071.3	1071300	22.0	22000	""osoba3""
""osoba3""		1052.7001	1052700	1071.3	1071300	19.599976	19599	""osoba3""
""osoba3""		1053.3	1053300	1071.3	1071300	19.0	19000	""osoba3""
""osoba2""		1053.6001	1053600	1053.9	1053900	1.2999268	1299	""osoba2""
""osoba1""		1057.5	1057500	1058.1001	1058100	1.6000977	1600	""osoba1""
""osoba3""		1059.3	1059300	1071.3	1071300	13.0	13000	""osoba3""
""osoba3""		1060.5	1060500	1071.3	1071300	11.800049	11800	""osoba3""
""osoba3""		1061.4	1061400	1071.3	1071300	10.900024	10900	""osoba3""
""osoba3""		1062.3	1062300	1071.3	1071300	10.0	10000	""osoba3""
""osoba3""		1065.0	1065000	1071.3	1071300	7.300049	7300	""osoba3""
""osoba1""		1066.5	1066500	1067.1001	1067100	1.6000977	1600	""osoba1""
""osoba2""		1068.9	1068900	1071.3	1071300	3.4000244	3400	""osoba2""
""osoba3""		1068.9	1068900	1071.3	1071300	3.4000244	3400	""osoba3""
""osoba2""		1071.0	1071000	1071.3	1071300	1.3000488	1300	""osoba2""
""osoba1""		1071.6001	1071600	1083.3	1083300	12.699951	12699	""osoba1""
""osoba1""		1074.3	1074300	1083.3	1083300	10.0	10000	""osoba1""
""osoba1""		1076.4	1076400	1083.3	1083300	7.9000244	7900	""osoba1""
""osoba3""		1076.7001	1076700	1077.9	1077900	2.1999512	2199	""osoba3""
""osoba1""		1079.4	1079400	1083.3	1083300	4.9000244	4900	""osoba1""
""osoba1""		1080.0	1080000	1083.3	1083300	4.300049	4300	""osoba1""
""osoba1""		1080.6001	1080600	1083.3	1083300	3.6999512	3699	""osoba1""
""osoba1""		1081.8	1081800	1083.3	1083300	2.5	2500	""osoba1""
""osoba1""		1083.0	1083000	1083.3	1083300	1.3000488	1300	""osoba1""
""osoba3""		1083.0	1083000	1089.9	1089900	7.9000244	7900	""osoba3""
""osoba3""		1084.8	1084800	1089.9	1089900	6.0999756	6099	""osoba3""
""osoba1""		1085.4	1085400	1087.8	1087800	3.4000244	3400	""osoba1""
""osoba3""		1085.7001	1085700	1089.9	1089900	5.199951	5199	""osoba3""
""osoba1""		1087.2001	1087200	1087.8	1087800	1.5999756	1599	""osoba1""
""osoba1""		1089.9	1089900	1095.0	1095000	6.0999756	6099	""osoba1""
""osoba2""		1092.3	1092300	1106.4	1106400	15.099976	15099	""osoba2""
""osoba3""		1093.8	1093800	1095.0	1095000	2.1999512	2199	""osoba3""
""osoba2""		1096.2001	1096200	1106.4	1106400	11.199951	11199	""osoba2""
""osoba2""		1098.6001	1098600	1106.4	1106400	8.799927	8799	""osoba2""
""osoba2""		1100.7001	1100700	1106.4	1106400	6.699951	6699	""osoba2""
""osoba2""		1102.5	1102500	1106.4	1106400	4.9000244	4900	""osoba2""
""osoba1""		1106.4	1106400	1122.0	1122000	16.599976	16599	""osoba1""
""osoba3""		1107.3	1107300	1108.5	1108500	2.1999512	2199	""osoba3""
""osoba1""		1108.8	1108800	1122.0	1122000	14.199951	14199	""osoba1""
""osoba1""		1111.2001	1111200	1122.0	1122000	11.799927	11799	""osoba1""
""osoba3""		1112.1001	1112100	1112.4	1112400	1.2999268	1299	""osoba3""
""osoba1""		1115.1001	1115100	1122.0	1122000	7.8999023	7899	""osoba1""
""osoba2""		1117.2001	1117200	1117.2001	1117200	1.0	1000	""osoba2""
""osoba1""		1117.5	1117500	1122.0	1122000	5.5	5500	""osoba1""
""osoba1""		1118.1001	1118100	1122.0	1122000	4.8999023	4899	""osoba1""
""osoba1""		1118.7001	1118700	1122.0	1122000	4.2999268	4299	""osoba1""
""osoba1""		1120.8	1120800	1122.0	1122000	2.1999512	2199	""osoba1""
""osoba3""		1120.8	1120800	1130.1001	1130100	10.300049	10300	""osoba3""
""osoba1""		1122.0	1122000	1122.0	1122000	1.0	1000	""osoba1""
""osoba3""		1122.3	1122300	1130.1001	1130100	8.800049	8800	""osoba3""
""osoba3""		1123.5	1123500	1130.1001	1130100	7.6000977	7600	""osoba3""
""osoba3""		1126.2001	1126200	1130.1001	1130100	4.9000244	4900	""osoba3""
""osoba3""		1128.6001	1128600	1130.1001	1130100	2.5	2500	""osoba3""
""osoba1""		1129.2001	1129200	1129.8	1129800	1.5999756	1599	""osoba1""
""osoba2""		1129.5	1129500	1139.4	1139400	10.900024	10900	""osoba2""
""osoba3""		1129.5	1129500	1130.1001	1130100	1.6000977	1600	""osoba3""
""osoba2""		1132.5	1132500	1139.4	1139400	7.9000244	7900	""osoba2""
""osoba1""		1134.3	1134300	1137.0	1137000	3.6999512	3699	""osoba1""
""osoba2""		1134.3	1134300	1139.4	1139400	6.0999756	6099	""osoba2""
""osoba3""		1134.3	1134300	1134.3	1134300	1.0	1000	""osoba3""
""osoba2""		1138.8	1138800	1139.4	1139400	1.5999756	1599	""osoba2""
""osoba1""		1139.4	1139400	1142.7001	1142700	4.300049	4300	""osoba1""
""osoba3""		1141.2001	1141200	1161.9	1161900	21.699951	21699	""osoba3""
""osoba3""		1147.2001	1147200	1161.9	1161900	15.699951	15699	""osoba3""
""osoba3""		1154.7001	1154700	1161.9	1161900	8.199951	8199	""osoba3""
""osoba3""		1155.9	1155900	1161.9	1161900	7.0	7000	""osoba3""
""osoba2""		1157.7001	1157700	1166.1001	1166100	9.400024	9400	""osoba2""
""osoba3""		1158.6001	1158600	1161.9	1161900	4.2999268	4299	""osoba3""
""osoba4""		1159.8	1159800	1160.4	1160400	1.5999756	1599	""osoba4""
""osoba2""		1161.9	1161900	1166.1001	1166100	5.2000732	5200	""osoba2""
""osoba2""		1163.1001	1163100	1166.1001	1166100	4.0	4000	""osoba2""
""osoba2""		1163.7001	1163700	1166.1001	1166100	3.4000244	3400	""osoba2""
""osoba3""		1164.9	1164900	1173.0	1173000	9.099976	9099	""osoba3""
""osoba2""		1166.1001	1166100	1166.1001	1166100	1.0	1000	""osoba2""
""osoba4""		1169.4	1169400	1169.4	1169400	1.0	1000	""osoba4""
""osoba3""		1170.9	1170900	1173.0	1173000	3.0999756	3099	""osoba3""
""osoba3""		1171.8	1171800	1173.0	1173000	2.1999512	2199	""osoba3""
""osoba1""		1172.7001	1172700	1180.2001	1180200	8.5	8500	""osoba1""
""osoba2""		1175.1001	1175100	1175.7001	1175700	1.5999756	1599	""osoba2""
""osoba4""		1179.9	1179900	1187.1001	1187100	8.200073	8200	""osoba4""
""osoba4""		1181.1001	1181100	1187.1001	1187100	7.0	7000	""osoba4""
""osoba4""		1182.9	1182900	1187.1001	1187100	5.2000732	5200	""osoba4""
""osoba1""		1186.8	1186800	1192.5	1192500	6.699951	6699	""osoba1""
""osoba4""		1186.8	1186800	1187.1001	1187100	1.3000488	1300	""osoba4""
""osoba3""		1190.4	1190400	1190.7001	1190700	1.3000488	1300	""osoba3""
""osoba2""		1190.7001	1190700	1211.1001	1211100	21.400024	21400	""osoba2""
""osoba2""		1194.3	1194300	1211.1001	1211100	17.800049	17800	""osoba2""
""osoba2""		1194.9	1194900	1211.1001	1211100	17.200073	17200	""osoba2""
""osoba3""		1195.5	1195500	1203.0	1203000	8.5	8500	""osoba3""
""osoba2""		1196.4	1196400	1211.1001	1211100	15.700073	15700	""osoba2""
""osoba3""		1198.8	1198800	1203.0	1203000	5.199951	5199	""osoba3""
""osoba3""		1203.0	1203000	1203.0	1203000	1.0	1000	""osoba3""
""osoba2""		1203.3	1203300	1211.1001	1211100	8.800049	8800	""osoba2""
""osoba2""		1204.2001	1204200	1211.1001	1211100	7.9000244	7900	""osoba2""
""osoba2""		1205.4	1205400	1211.1001	1211100	6.7000732	6700	""osoba2""
""osoba2""		1206.0	1206000	1211.1001	1211100	6.1000977	6100	""osoba2""
""osoba1""		1208.7001	1208700	1209.0	1209000	1.2999268	1299	""osoba1""
""osoba3""		1208.7001	1208700	1212.3	1212300	4.5999756	4599	""osoba3""
""osoba1""		1211.4	1211400	1216.8	1216800	6.4000244	6400	""osoba1""
""osoba1""		1212.9	1212900	1216.8	1216800	4.9000244	4900	""osoba1""
""osoba1""		1214.1001	1214100	1216.8	1216800	3.6999512	3699	""osoba1""
""osoba1""		1215.0	1215000	1216.8	1216800	2.8000488	2800	""osoba1""
""osoba1""		1215.6001	1215600	1216.8	1216800	2.1999512	2199	""osoba1""
""osoba1""		1216.2001	1216200	1216.8	1216800	1.5999756	1599	""osoba1""
""osoba4""		1217.4	1217400	1220.1001	1220100	3.7000732	3700	""osoba4""
""osoba1""		1219.2001	1219200	1243.5	1243500	25.299927	25299	""osoba1""
""osoba4""		1219.8	1219800	1220.1001	1220100	1.3000488	1300	""osoba4""
""osoba1""		1221.0	1221000	1243.5	1243500	23.5	23500	""osoba1""
""osoba1""		1223.4	1223400	1243.5	1243500	21.099976	21099	""osoba1""
""osoba1""		1225.2001	1225200	1243.5	1243500	19.299927	19299	""osoba1""
""osoba1""		1226.1001	1226100	1243.5	1243500	18.399902	18399	""osoba1""
""osoba1""		1227.6001	1227600	1243.5	1243500	16.899902	16899	""osoba1""
""osoba1""		1228.2001	1228200	1243.5	1243500	16.299927	16299	""osoba1""
""osoba1""		1229.7001	1229700	1243.5	1243500	14.799927	14799	""osoba1""
""osoba3""		1231.2001	1231200	1231.2001	1231200	1.0	1000	""osoba3""
""osoba1""		1233.3	1233300	1243.5	1243500	11.199951	11199	""osoba1""
""osoba1""		1234.2001	1234200	1243.5	1243500	10.299927	10299	""osoba1""
""osoba1""		1238.7001	1238700	1243.5	1243500	5.7999268	5799	""osoba1""
""osoba1""		1239.9	1239900	1243.5	1243500	4.5999756	4599	""osoba1""
""osoba1""		1241.1001	1241100	1243.5	1243500	3.3999023	3399	""osoba1""
""osoba2""		1241.1001	1241100	1265.1001	1265100	25.0	25000	""osoba2""
""osoba1""		1242.6001	1242600	1243.5	1243500	1.8999023	1899	""osoba1""
""osoba2""		1243.2001	1243200	1265.1001	1265100	22.900024	22900	""osoba2""
""osoba2""		1252.2001	1252200	1265.1001	1265100	13.900024	13900	""osoba2""
""osoba1""		1253.1001	1253100	1253.4	1253400	1.2999268	1299	""osoba1""
""osoba2""		1254.3	1254300	1265.1001	1265100	11.800049	11800	""osoba2""
""osoba2""		1255.5	1255500	1265.1001	1265100	10.600098	10600	""osoba2""
""osoba1""		1255.8	1255800	1255.8	1255800	1.0	1000	""osoba1""
""osoba2""		1256.7001	1256700	1265.1001	1265100	9.400024	9400	""osoba2""
""osoba4""		1257.9	1257900	1257.9	1257900	1.0	1000	""osoba4""
""osoba2""		1258.8	1258800	1265.1001	1265100	7.300049	7300	""osoba2""
""osoba3""		1262.1001	1262100	1268.4	1268400	7.2999268	7299	""osoba3""
""osoba1""		1262.7001	1262700	1262.7001	1262700	1.0	1000	""osoba1""
""osoba3""		1263.9	1263900	1268.4	1268400	5.5	5500	""osoba3""
""osoba4""		1266.0	1266000	1270.5	1270500	5.5	5500	""osoba4""
""osoba4""		1268.7001	1268700	1270.5	1270500	2.7999268	2799	""osoba4""
""osoba1""		1269.3	1269300	1284.9	1284900	16.599976	16599	""osoba1""
""osoba4""		1269.9	1269900	1270.5	1270500	1.5999756	1599	""osoba4""
""osoba2""		1271.1001	1271100	1274.4	1274400	4.2999268	4299	""osoba2""
""osoba1""		1276.8	1276800	1284.9	1284900	9.099976	9099	""osoba1""
""osoba1""		1278.3	1278300	1284.9	1284900	7.5999756	7599	""osoba1""
""osoba2""		1281.0	1281000	1281.6001	1281600	1.6000977	1600	""osoba2""
""osoba3""		1281.0	1281000	1281.0	1281000	1.0	1000	""osoba3""
""osoba3""		1283.4	1283400	1306.8	1306800	24.400024	24400	""osoba3""
""osoba1""		1283.7001	1283700	1284.9	1284900	2.1999512	2199	""osoba1""
""osoba1""		1284.9	1284900	1284.9	1284900	1.0	1000	""osoba1""
""osoba3""		1286.7001	1286700	1306.8	1306800	21.099976	21099	""osoba3""
""osoba1""		1287.3	1287300	1287.6001	1287600	1.3000488	1300	""osoba1""
""osoba1""		1290.9	1290900	1291.2001	1291200	1.3000488	1300	""osoba1""
""osoba3""		1291.2001	1291200	1306.8	1306800	16.599976	16599	""osoba3""
""osoba3""		1293.0	1293000	1306.8	1306800	14.800049	14800	""osoba3""
""osoba1""		1293.3	1293300	1293.3	1293300	1.0	1000	""osoba1""
""osoba4""		1294.8	1294800	1296.9	1296900	3.0999756	3099	""osoba4""
""osoba3""		1296.6001	1296600	1306.8	1306800	11.199951	11199	""osoba3""
""osoba3""		1298.4	1298400	1306.8	1306800	9.400024	9400	""osoba3""
""osoba3""		1299.0	1299000	1306.8	1306800	8.800049	8800	""osoba3""
""osoba3""		1301.4	1301400	1306.8	1306800	6.4000244	6400	""osoba3""
""osoba4""		1302.6001	1302600	1303.8	1303800	2.1999512	2199	""osoba4""
""osoba2""		1304.1001	1304100	1312.5	1312500	9.399902	9399	""osoba2""
""osoba1""		1308.3	1308300	1308.6001	1308600	1.3000488	1300	""osoba1""
""osoba2""		1308.3	1308300	1312.5	1312500	5.199951	5199	""osoba2""
""osoba2""		1309.8	1309800	1312.5	1312500	3.6999512	3699	""osoba2""
""osoba2""		1310.4	1310400	1312.5	1312500	3.0999756	3099	""osoba2""
""osoba3""		1311.3	1311300	1311.3	1311300	1.0	1000	""osoba3""
""osoba2""		1312.5	1312500	1312.5	1312500	1.0	1000	""osoba2""
""osoba1""		1313.1001	1313100	1317.6001	1317600	5.5	5500	""osoba1""
""osoba1""		1315.8	1315800	1317.6001	1317600	2.8000488	2800	""osoba1""
""osoba3""		1317.3	1317300	1325.1001	1325100	8.800049	8800	""osoba3""
""osoba3""		1319.7001	1319700	1325.1001	1325100	6.4000244	6400	""osoba3""
""osoba3""		1320.6001	1320600	1325.1001	1325100	5.5	5500	""osoba3""
""osoba4""		1321.2001	1321200	1330.5	1330500	10.299927	10299	""osoba4""
""osoba3""		1322.4	1322400	1325.1001	1325100	3.7000732	3700	""osoba3""
""osoba4""		1323.6001	1323600	1330.5	1330500	7.8999023	7899	""osoba4""
""osoba3""		1324.5	1324500	1325.1001	1325100	1.6000977	1600	""osoba3""
""osoba4""		1324.8	1324800	1330.5	1330500	6.699951	6699	""osoba4""
""osoba3""		1325.1001	1325100	1325.1001	1325100	1.0	1000	""osoba3""
""osoba4""		1326.9	1326900	1330.5	1330500	4.5999756	4599	""osoba4""
""osoba2""		1329.0	1329000	1337.4	1337400	9.400024	9400	""osoba2""
""osoba3""		1329.0	1329000	1329.6001	1329600	1.6000977	1600	""osoba3""
""osoba2""		1332.0	1332000	1337.4	1337400	6.4000244	6400	""osoba2""
""osoba2""		1333.5	1333500	1337.4	1337400	4.9000244	4900	""osoba2""
""osoba2""		1336.2001	1336200	1337.4	1337400	2.1999512	2199	""osoba2""
""osoba2""		1336.8	1336800	1337.4	1337400	1.5999756	1599	""osoba2""
""osoba4""		1337.1001	1337100	1363.2001	1363200	27.099976	27099	""osoba4""
""osoba2""		1340.1001	1340100	1341.0	1341000	1.8999023	1899	""osoba2""
""osoba4""		1343.1001	1343100	1363.2001	1363200	21.099976	21099	""osoba4""
""osoba3""		1344.0	1344000	1344.3	1344300	1.3000488	1300	""osoba3""
""osoba4""		1344.0	1344000	1363.2001	1363200	20.200073	20200	""osoba4""
""osoba4""		1345.8	1345800	1363.2001	1363200	18.400024	18400	""osoba4""
""osoba4""		1347.0	1347000	1363.2001	1363200	17.200073	17200	""osoba4""
""osoba4""		1348.8	1348800	1363.2001	1363200	15.400024	15400	""osoba4""
""osoba3""		1350.6001	1350600	1350.6001	1350600	1.0	1000	""osoba3""
""osoba4""		1350.9	1350900	1363.2001	1363200	13.300049	13300	""osoba4""
""osoba4""		1352.7001	1352700	1363.2001	1363200	11.5	11500	""osoba4""
""osoba4""		1359.0	1359000	1363.2001	1363200	5.2000732	5200	""osoba4""
""osoba4""		1360.8	1360800	1363.2001	1363200	3.4000244	3400	""osoba4""
""osoba1""		1361.4	1361400	1364.7001	1364700	4.300049	4300	""osoba1""
""osoba2""		1364.1001	1364100	1365.9	1365900	2.7999268	2799	""osoba2""
""osoba3""		1365.9	1365900	1371.6001	1371600	6.7000732	6700	""osoba3""
""osoba3""		1368.3	1368300	1371.6001	1371600	4.300049	4300	""osoba3""
""osoba4""		1370.1001	1370100	1398.9	1398900	29.799927	29799	""osoba4""
""osoba4""		1373.1001	1373100	1398.9	1398900	26.799927	26799	""osoba4""
""osoba3""		1373.7001	1373700	1374.6001	1374600	1.9000244	1900	""osoba3""
""osoba4""		1375.5	1375500	1398.9	1398900	24.400024	24400	""osoba4""
""osoba4""		1376.4	1376400	1398.9	1398900	23.5	23500	""osoba4""
""osoba2""		1376.7001	1376700	1376.7001	1376700	1.0	1000	""osoba2""
""osoba4""		1377.0	1377000	1398.9	1398900	22.900024	22900	""osoba4""
""osoba4""		1377.9	1377900	1398.9	1398900	22.0	22000	""osoba4""
""osoba4""		1378.8	1378800	1398.9	1398900	21.099976	21099	""osoba4""
""osoba4""		1379.7001	1379700	1398.9	1398900	20.199951	20199	""osoba4""
""osoba4""		1380.6001	1380600	1398.9	1398900	19.299927	19299	""osoba4""
""osoba3""		1381.8	1381800	1382.7001	1382700	1.9000244	1900	""osoba3""
""osoba4""		1385.4	1385400	1398.9	1398900	14.5	14500	""osoba4""
""osoba1""		1387.2001	1387200	1387.2001	1387200	1.0	1000	""osoba1""
""osoba4""		1387.2001	1387200	1398.9	1398900	12.699951	12699	""osoba4""
""osoba3""		1387.8	1387800	1387.8	1387800	1.0	1000	""osoba3""
""osoba4""		1388.7001	1388700	1398.9	1398900	11.199951	11199	""osoba4""
""osoba4""		1391.4	1391400	1398.9	1398900	8.5	8500	""osoba4""
""osoba4""		1392.6001	1392600	1398.9	1398900	7.2999268	7299	""osoba4""
""osoba4""		1394.1001	1394100	1398.9	1398900	5.7999268	5799	""osoba4""
""osoba4""		1395.0	1395000	1398.9	1398900	4.9000244	4900	""osoba4""
""osoba1""		1397.1001	1397100	1398.0	1398000	1.8999023	1899	""osoba1""
""osoba4""		1398.3	1398300	1398.9	1398900	1.5999756	1599	""osoba4""
""osoba3""		1398.6001	1398600	1405.2001	1405200	7.5999756	7599	""osoba3""
""osoba1""		1401.0	1401000	1401.6001	1401600	1.6000977	1600	""osoba1""
""osoba3""		1403.4	1403400	1405.2001	1405200	2.8000488	2800	""osoba3""
""osoba2""		1405.5	1405500	1406.7001	1406700	2.2000732	2200	""osoba2""
""osoba1""		1406.1001	1406100	1412.4	1412400	7.2999268	7299	""osoba1""
""osoba4""		1412.1001	1412100	1433.1001	1433100	22.0	22000	""osoba4""
""osoba4""		1413.9	1413900	1433.1001	1433100	20.200073	20200	""osoba4""
""osoba4""		1416.6001	1416600	1433.1001	1433100	17.5	17500	""osoba4""
""osoba4""		1417.5	1417500	1433.1001	1433100	16.600098	16600	""osoba4""
""osoba4""		1419.3	1419300	1433.1001	1433100	14.800049	14800	""osoba4""
""osoba4""		1419.9	1419900	1433.1001	1433100	14.200073	14200	""osoba4""
""osoba4""		1422.6001	1422600	1433.1001	1433100	11.5	11500	""osoba4""
""osoba4""		1423.5	1423500	1433.1001	1433100	10.600098	10600	""osoba4""
""osoba4""		1425.6001	1425600	1433.1001	1433100	8.5	8500	""osoba4""
""osoba4""		1426.8	1426800	1433.1001	1433100	7.300049	7300	""osoba4""
""osoba4""		1428.0	1428000	1433.1001	1433100	6.1000977	6100	""osoba4""
""osoba4""		1428.9	1428900	1433.1001	1433100	5.2000732	5200	""osoba4""
""osoba3""		1430.1001	1430100	1430.1001	1430100	1.0	1000	""osoba3""
""osoba4""		1430.1001	1430100	1433.1001	1433100	4.0	4000	""osoba4""
""osoba2""		1431.9	1431900	1436.7001	1436700	5.800049	5800	""osoba2""
""osoba3""		1433.7001	1433700	1434.3	1434300	1.5999756	1599	""osoba3""
""osoba2""		1435.8	1435800	1436.7001	1436700	1.9000244	1900	""osoba2""
""osoba4""		1437.3	1437300	1448.7001	1448700	12.400024	12400	""osoba4""
""osoba4""		1437.9	1437900	1448.7001	1448700	11.800049	11800	""osoba4""
""osoba1""		1438.2001	1438200	1439.4	1439400	2.1999512	2199	""osoba1""
""osoba4""		1445.7001	1445700	1448.7001	1448700	4.0	4000	""osoba4""
""osoba2""		1446.3	1446300	1446.3	1446300	1.0	1000	""osoba2""
""osoba4""		1448.4	1448400	1448.7001	1448700	1.3000488	1300	""osoba4""
""osoba3""		1449.0	1449000	1449.3	1449300	1.3000488	1300	""osoba3""
""osoba4""		1450.8	1450800	1471.8	1471800	22.0	22000	""osoba4""
""osoba1""		1452.3	1452300	1453.5	1453500	2.1999512	2199	""osoba1""
""osoba3""		1452.6001	1452600	1452.9	1452900	1.2999268	1299	""osoba3""
""osoba4""		1455.0	1455000	1471.8	1471800	17.800049	17800	""osoba4""
""osoba4""		1456.2001	1456200	1471.8	1471800	16.599976	16599	""osoba4""
""osoba4""		1458.3	1458300	1471.8	1471800	14.5	14500	""osoba4""
""osoba4""		1459.8	1459800	1471.8	1471800	13.0	13000	""osoba4""
""osoba4""		1460.7001	1460700	1471.8	1471800	12.099976	12099	""osoba4""
""osoba4""		1461.3	1461300	1471.8	1471800	11.5	11500	""osoba4""
""osoba1""		1464.3	1464300	1466.7001	1466700	3.4000244	3400	""osoba1""
""osoba4""		1465.2001	1465200	1471.8	1471800	7.5999756	7599	""osoba4""
""osoba4""		1468.5	1468500	1471.8	1471800	4.300049	4300	""osoba4""
""osoba1""		1469.1001	1469100	1479.0	1479000	10.899902	10899	""osoba1""
""osoba1""		1471.2001	1471200	1479.0	1479000	8.799927	8799	""osoba1""
""osoba1""		1475.7001	1475700	1479.0	1479000	4.2999268	4299	""osoba1""
""osoba3""		1476.9	1476900	1476.9	1476900	1.0	1000	""osoba3""
""osoba4""		1478.4	1478400	1497.9	1497900	20.5	20500	""osoba4""
""osoba3""		1479.6001	1479600	1479.6001	1479600	1.0	1000	""osoba3""
""osoba4""		1481.1001	1481100	1497.9	1497900	17.799927	17799	""osoba4""
""osoba4""		1482.0	1482000	1497.9	1497900	16.900024	16900	""osoba4""
""osoba4""		1482.6001	1482600	1497.9	1497900	16.299927	16299	""osoba4""
""osoba4""		1484.4	1484400	1497.9	1497900	14.5	14500	""osoba4""
""osoba3""		1484.7001	1484700	1485.6001	1485600	1.9000244	1900	""osoba3""
""osoba4""		1486.8	1486800	1497.9	1497900	12.099976	12099	""osoba4""
""osoba4""		1488.6001	1488600	1497.9	1497900	10.299927	10299	""osoba4""
""osoba4""		1489.5	1489500	1497.9	1497900	9.400024	9400	""osoba4""
""osoba3""		1491.0	1491000	1492.8	1492800	2.8000488	2800	""osoba3""
""osoba4""		1492.2001	1492200	1497.9	1497900	6.699951	6699	""osoba4""
""osoba3""		1492.5	1492500	1492.8	1492800	1.3000488	1300	""osoba3""
""osoba4""		1494.3	1494300	1497.9	1497900	4.5999756	4599	""osoba4""
""osoba4""		1495.2001	1495200	1497.9	1497900	3.6999512	3699	""osoba4""
""osoba3""		1496.4	1496400	1509.0	1509000	13.599976	13599	""osoba3""
""osoba4""		1496.7001	1496700	1497.9	1497900	2.1999512	2199	""osoba4""
""osoba3""		1498.2001	1498200	1509.0	1509000	11.799927	11799	""osoba3""
""osoba1""		1498.5	1498500	1498.8	1498800	1.3000488	1300	""osoba1""
""osoba4""		1501.5	1501500	1503.0	1503000	2.5	2500	""osoba4""
""osoba4""		1503.0	1503000	1503.0	1503000	1.0	1000	""osoba4""
""osoba2""		1504.2001	1504200	1505.4	1505400	2.1999512	2199	""osoba2""
""osoba4""		1505.7001	1505700	1505.7001	1505700	1.0	1000	""osoba4""
""osoba3""		1506.9	1506900	1509.0	1509000	3.0999756	3099	""osoba3""
""osoba3""		1507.5	1507500	1509.0	1509000	2.5	2500	""osoba3""
""osoba1""		1509.3	1509300	1518.3	1518300	10.0	10000	""osoba1""
""osoba1""		1510.8	1510800	1518.3	1518300	8.5	8500	""osoba1""
""osoba1""		1511.7001	1511700	1518.3	1518300	7.5999756	7599	""osoba1""
""osoba1""		1513.5	1513500	1518.3	1518300	5.800049	5800	""osoba1""
""osoba4""		1514.4	1514400	1515.0	1515000	1.5999756	1599	""osoba4""
""osoba1""		1516.2001	1516200	1518.3	1518300	3.0999756	3099	""osoba1""
""osoba2""		1516.2001	1516200	1562.1001	1562100	46.900024	46900	""osoba2""
""osoba3""		1517.1001	1517100	1519.8	1519800	3.6999512	3699	""osoba3""
""osoba4""		1517.4	1517400	1517.4	1517400	1.0	1000	""osoba4""
""osoba2""		1521.3	1521300	1562.1001	1562100	41.80005	41800	""osoba2""
""osoba1""		1523.1001	1523100	1523.4	1523400	1.2999268	1299	""osoba1""
""osoba4""		1523.4	1523400	1526.1001	1526100	3.7000732	3700	""osoba4""
""osoba2""		1528.8	1528800	1562.1001	1562100	34.30005	34300	""osoba2""
""osoba2""		1530.0	1530000	1562.1001	1562100	33.100098	33100	""osoba2""
""osoba1""		1531.8	1531800	1533.6001	1533600	2.8000488	2800	""osoba1""
""osoba2""		1536.0	1536000	1562.1001	1562100	27.100098	27100	""osoba2""
""osoba2""		1538.4	1538400	1562.1001	1562100	24.700073	24700	""osoba2""
""osoba2""		1539.6001	1539600	1562.1001	1562100	23.5	23500	""osoba2""
""osoba2""		1540.8	1540800	1562.1001	1562100	22.300049	22300	""osoba2""
""osoba2""		1542.3	1542300	1562.1001	1562100	20.800049	20800	""osoba2""
""osoba2""		1544.1001	1544100	1562.1001	1562100	19.0	19000	""osoba2""
""osoba3""		1545.0001	1545000	1546.8	1546800	2.7999268	2799	""osoba3""
""osoba4""		1545.3	1545300	1547.1001	1547100	2.8000488	2800	""osoba4""
""osoba2""		1546.2001	1546200	1562.1001	1562100	16.900024	16900	""osoba2""
""osoba1""		1546.5001	1546500	1547.1001	1547100	1.5999756	1599	""osoba1""
""osoba2""		1548.3	1548300	1562.1001	1562100	14.800049	14800	""osoba2""
""osoba2""		1548.9	1548900	1562.1001	1562100	14.200073	14200	""osoba2""
""osoba2""		1549.5001	1549500	1562.1001	1562100	13.599976	13599	""osoba2""
""osoba1""		1550.7001	1550700	1551.0001	1551000	1.3000488	1300	""osoba1""
""osoba2""		1551.9	1551900	1562.1001	1562100	11.200073	11200	""osoba2""
""osoba4""		1552.2001	1552200	1559.7001	1559700	8.5	8500	""osoba4""
""osoba2""		1553.4	1553400	1562.1001	1562100	9.700073	9700	""osoba2""
""osoba2""		1554.3	1554300	1562.1001	1562100	8.800049	8800	""osoba2""
""osoba4""		1554.3	1554300	1559.7001	1559700	6.4000244	6400	""osoba4""
""osoba2""		1555.2001	1555200	1562.1001	1562100	7.9000244	7900	""osoba2""
""osoba2""		1560.6001	1560600	1562.1001	1562100	2.5	2500	""osoba2""
""osoba3""		1562.7001	1562700	1582.2001	1582200	20.5	20500	""osoba3""
""osoba3""		1565.4	1565400	1582.2001	1582200	17.800049	17800	""osoba3""
""osoba1""		1566.6001	1566600	1567.2001	1567200	1.5999756	1599	""osoba1""
""osoba4""		1567.2001	1567200	1570.5001	1570500	4.300049	4300	""osoba4""
""osoba3""		1569.9	1569900	1582.2001	1582200	13.300049	13300	""osoba3""
""osoba4""		1570.2001	1570200	1570.5001	1570500	1.3000488	1300	""osoba4""
""osoba3""		1571.7001	1571700	1582.2001	1582200	11.5	11500	""osoba3""
""osoba3""		1573.2001	1573200	1582.2001	1582200	10.0	10000	""osoba3""
""osoba4""		1573.5001	1573500	1573.5001	1573500	1.0	1000	""osoba4""
""osoba3""		1574.7001	1574700	1582.2001	1582200	8.5	8500	""osoba3""
""osoba3""		1576.2001	1576200	1582.2001	1582200	7.0	7000	""osoba3""
""osoba3""		1577.4	1577400	1582.2001	1582200	5.800049	5800	""osoba3""
""osoba4""		1580.1001	1580100	1602.9	1602900	23.799927	23799	""osoba4""
""osoba3""		1581.3	1581300	1582.2001	1582200	1.9000244	1900	""osoba3""
""osoba4""		1581.3	1581300	1602.9	1602900	22.599976	22599	""osoba4""
""osoba4""		1583.7001	1583700	1602.9	1602900	20.199951	20199	""osoba4""
""osoba1""		1584.9	1584900	1584.9	1584900	1.0	1000	""osoba1""
""osoba4""		1587.0001	1587000	1602.9	1602900	16.899902	16899	""osoba4""
""osoba4""		1588.2001	1588200	1602.9	1602900	15.699951	15699	""osoba4""
""osoba4""		1590.9	1590900	1602.9	1602900	13.0	13000	""osoba4""
""osoba4""		1594.2001	1594200	1602.9	1602900	9.699951	9699	""osoba4""
""osoba4""		1597.2001	1597200	1602.9	1602900	6.699951	6699	""osoba4""
""osoba4""		1598.1001	1598100	1602.9	1602900	5.7999268	5799	""osoba4""
""osoba4""		1599.9	1599900	1602.9	1602900	4.0	4000	""osoba4""
""osoba4""		1601.7001	1601700	1602.9	1602900	2.1999512	2199	""osoba4""
""osoba3""		1602.0001	1602000	1620.3	1620300	19.299927	19299	""osoba3""
""osoba2""		1603.5001	1603500	1605.6001	1605600	3.0999756	3099	""osoba2""
""osoba3""		1603.8	1603800	1620.3	1620300	17.5	17500	""osoba3""
""osoba3""		1606.2001	1606200	1620.3	1620300	15.099976	15099	""osoba3""
""osoba4""		1608.0001	1608000	1613.1001	1613100	6.0999756	6099	""osoba4""
""osoba4""		1611.3	1611300	1613.1001	1613100	2.8000488	2800	""osoba4""
""osoba3""		1612.5001	1612500	1620.3	1620300	8.799927	8799	""osoba3""
""osoba3""		1614.3	1614300	1620.3	1620300	7.0	7000	""osoba3""
""osoba3""		1616.4	1616400	1620.3	1620300	4.9000244	4900	""osoba3""
""osoba3""		1617.3	1617300	1620.3	1620300	4.0	4000	""osoba3""
""osoba4""		1617.6001	1617600	1617.9	1617900	1.2999268	1299	""osoba4""
""osoba3""		1619.1001	1619100	1620.3	1620300	2.1999512	2199	""osoba3""
