"default"		0.0	0	1.0	1000	1.0	1000	BEGIN
"default"		1620.3	1620300	1620.31	1621300	1.0	1000	END
""osoba2""		5.7000003	5700	25.500002	25500	20.800001	20800	""osoba2""
""osoba2""		6.3	6300	25.500002	25500	20.2	20200	""osoba2""
""osoba2""		7.8	7800	25.500002	25500	18.7	18700	""osoba2""
""osoba2""		9.0	9000	25.500002	25500	17.500002	17500	""osoba2""
""osoba4""		10.8	10800	13.8	13800	4.0	4000	""osoba4""
""osoba3""		16.2	16200	17.400002	17400	2.2000008	2200	""osoba3""
""osoba3""		17.400002	17400	17.400002	17400	1.0	1000	""osoba3""
""osoba2""		17.7	17700	25.500002	25500	8.800001	8800	""osoba2""
""osoba2""		18.900002	18900	25.500002	25500	7.6000004	7600	""osoba2""
""osoba2""		19.800001	19800	25.500002	25500	6.700001	6700	""osoba2""
""osoba2""		20.7	20700	25.500002	25500	5.800001	5800	""osoba2""
""osoba1""		21.900002	21900	24.900002	24900	4.0	4000	""osoba1""
""osoba1""		23.7	23700	24.900002	24900	2.2000008	2200	""osoba1""
""osoba4""		24.0	24000	24.300001	24300	1.3000011	1300	""osoba4""
""osoba3""		25.500002	25500	38.100002	38100	13.6	13600	""osoba3""
""osoba3""		27.000002	27000	38.100002	38100	12.1	12100	""osoba3""
""osoba2""		27.900002	27900	29.7	29700	2.7999992	2799	""osoba2""
""osoba3""		27.900002	27900	38.100002	38100	11.200001	11200	""osoba3""
""osoba3""		32.100002	32100	38.100002	38100	7.0	7000	""osoba3""
""osoba3""		32.7	32700	38.100002	38100	6.4000015	6400	""osoba3""
""osoba3""		34.5	34500	38.100002	38100	4.6000023	4600	""osoba3""
""osoba1""		37.800003	37800	38.4	38400	1.5999985	1599	""osoba1""
""osoba4""		39.0	39000	46.800003	46800	8.800003	8800	""osoba4""
""osoba4""		42.300003	42300	46.800003	46800	5.5	5500	""osoba4""
""osoba1""		42.9	42900	43.5	43500	1.5999985	1599	""osoba1""
""osoba4""		44.7	44700	46.800003	46800	3.1000023	3100	""osoba4""
""osoba4""		45.600002	45600	46.800003	46800	2.2000008	2200	""osoba4""
""osoba3""		46.800003	46800	49.2	49200	3.3999977	3399	""osoba3""
""osoba3""		47.7	47700	49.2	49200	2.5	2500	""osoba3""
""osoba3""		48.300003	48300	49.2	49200	1.8999977	1899	""osoba3""
""osoba4""		48.9	48900	50.7	50700	2.7999992	2799	""osoba4""
""osoba1""		50.4	50400	50.7	50700	1.2999992	1299	""osoba1""
""osoba3""		51.300003	51300	53.100002	53100	2.7999992	2799	""osoba3""
""osoba3""		52.2	52200	53.100002	53100	1.9000015	1900	""osoba3""
""osoba2""		52.500004	52500	56.100002	56100	4.5999985	4599	""osoba2""
""osoba2""		54.600002	54600	56.100002	56100	2.5	2500	""osoba2""
""osoba2""		55.2	55200	56.100002	56100	1.9000015	1900	""osoba2""
""osoba2""		55.800003	55800	56.100002	56100	1.2999992	1299	""osoba2""
""osoba1""		56.4	56400	57.300003	57300	1.9000015	1900	""osoba1""
""osoba4""		57.300003	57300	65.4	65400	9.099998	9099	""osoba4""
""osoba4""		59.7	59700	65.4	65400	6.700001	6700	""osoba4""
""osoba4""		60.300003	60300	65.4	65400	6.0999985	6099	""osoba4""
""osoba2""		60.600002	60600	74.100006	74100	14.500004	14500	""osoba2""
""osoba2""		61.2	61200	74.100006	74100	13.900005	13900	""osoba2""
""osoba1""		62.4	62400	67.8	67800	6.4000015	6400	""osoba1""
""osoba1""		64.200005	64200	67.8	67800	4.5999985	4599	""osoba1""
""osoba2""		65.100006	65100	74.100006	74100	10.0	10000	""osoba2""
""osoba1""		73.200005	73200	74.4	74400	2.199997	2199	""osoba1""
""osoba2""		76.200005	76200	84.600006	84600	9.400002	9400	""osoba2""
""osoba2""		79.5	79500	84.600006	84600	6.100006	6100	""osoba2""
""osoba2""		81.9	81900	84.600006	84600	3.7000046	3700	""osoba2""
""osoba2""		82.8	82800	84.600006	84600	2.800003	2800	""osoba2""
""osoba3""		83.4	83400	125.4	125400	43.0	43000	""osoba3""
""osoba3""		85.200005	85200	125.4	125400	41.199997	41199	""osoba3""
""osoba3""		86.700005	86700	125.4	125400	39.699997	39699	""osoba3""
""osoba3""		88.200005	88200	125.4	125400	38.199997	38199	""osoba3""
""osoba3""		91.8	91800	125.4	125400	34.6	34600	""osoba3""
""osoba3""		93.0	93000	125.4	125400	33.4	33400	""osoba3""
""osoba3""		95.100006	95100	125.4	125400	31.299995	31299	""osoba3""
""osoba2""		95.4	95400	95.4	95400	1.0	1000	""osoba2""
""osoba4""		95.700005	95700	95.700005	95700	1.0	1000	""osoba4""
""osoba3""		97.200005	97200	125.4	125400	29.199997	29199	""osoba3""
""osoba3""		98.700005	98700	125.4	125400	27.699997	27699	""osoba3""
""osoba3""		100.50001	100500	125.4	125400	25.899994	25899	""osoba3""
""osoba2""		101.4	101400	102.3	102300	1.9000015	1900	""osoba2""
""osoba3""		103.200005	103200	125.4	125400	23.199997	23199	""osoba3""
""osoba3""		105.9	105900	125.4	125400	20.5	20500	""osoba3""
""osoba3""		106.50001	106500	125.4	125400	19.899994	19899	""osoba3""
""osoba3""		109.200005	109200	125.4	125400	17.199997	17199	""osoba3""
""osoba3""		110.4	110400	125.4	125400	16.0	16000	""osoba3""
""osoba3""		112.50001	112500	125.4	125400	13.899994	13899	""osoba3""
""osoba3""		113.100006	113100	125.4	125400	13.299995	13299	""osoba3""
""osoba3""		114.9	114900	125.4	125400	11.5	11500	""osoba3""
""osoba1""		117.3	117300	120.9	120900	4.5999985	4599	""osoba1""
""osoba3""		119.4	119400	125.4	125400	7.0	7000	""osoba3""
""osoba3""		122.100006	122100	125.4	125400	4.2999954	4299	""osoba3""
""osoba3""		123.00001	123000	125.4	125400	3.399994	3399	""osoba3""
""osoba3""		123.600006	123600	125.4	125400	2.7999954	2799	""osoba3""
""osoba3""		124.50001	124500	125.4	125400	1.8999939	1899	""osoba3""
""osoba1""		125.4	125400	126.00001	126000	1.6000061	1600	""osoba1""
""osoba2""		126.00001	126000	126.00001	126000	1.0	1000	""osoba2""
""osoba3""		129.3	129300	162.6	162600	34.300003	34300	""osoba3""
""osoba2""		129.6	129600	130.20001	130200	1.6000061	1600	""osoba2""
""osoba3""		130.8	130800	162.6	162600	32.800003	32800	""osoba3""
""osoba3""		132.0	132000	162.6	162600	31.600006	31600	""osoba3""
""osoba3""		134.40001	134400	162.6	162600	29.199997	29199	""osoba3""
""osoba3""		135.90001	135900	162.6	162600	27.699997	27699	""osoba3""
""osoba2""		138.3	138300	139.8	139800	2.5	2500	""osoba2""
""osoba3""		138.6	138600	162.6	162600	25.0	25000	""osoba3""
""osoba1""		140.1	140100	140.40001	140400	1.300003	1300	""osoba1""
""osoba3""		143.40001	143400	162.6	162600	20.199997	20199	""osoba3""
""osoba3""		144.0	144000	162.6	162600	19.600006	19600	""osoba3""
""osoba3""		144.6	144600	162.6	162600	19.0	19000	""osoba3""
""osoba3""		150.0	150000	162.6	162600	13.600006	13600	""osoba3""
""osoba2""		152.70001	152700	158.70001	158700	7.0	7000	""osoba2""
""osoba3""		153.90001	153900	162.6	162600	9.699997	9699	""osoba3""
""osoba3""		156.3	156300	162.6	162600	7.300003	7300	""osoba3""
""osoba4""		156.3	156300	156.3	156300	1.0	1000	""osoba4""
""osoba2""		157.5	157500	158.70001	158700	2.2000122	2200	""osoba2""
""osoba1""		158.40001	158400	164.1	164100	6.699997	6699	""osoba1""
""osoba3""		158.70001	158700	162.6	162600	4.899994	4899	""osoba3""
""osoba3""		167.1	167100	173.40001	173400	7.300003	7300	""osoba3""
""osoba3""		168.3	168300	173.40001	173400	6.100006	6100	""osoba3""
""osoba3""		169.5	169500	173.40001	173400	4.900009	4900	""osoba3""
""osoba3""		172.20001	172200	173.40001	173400	2.199997	2199	""osoba3""
""osoba2""		173.1	173100	179.40001	179400	7.300003	7300	""osoba2""
""osoba3""		173.1	173100	173.40001	173400	1.300003	1300	""osoba3""
""osoba2""		174.6	174600	179.40001	179400	5.800003	5800	""osoba2""
""osoba2""		175.8	175800	179.40001	179400	4.600006	4600	""osoba2""
""osoba2""		177.0	177000	179.40001	179400	3.4000092	3400	""osoba2""
""osoba4""		178.8	178800	193.50002	193500	15.700012	15700	""osoba4""
""osoba4""		181.20001	181200	193.50002	193500	13.300003	13300	""osoba4""
""osoba4""		182.1	182100	193.50002	193500	12.400009	12400	""osoba4""
""osoba4""		184.20001	184200	193.50002	193500	10.300003	10300	""osoba4""
""osoba1""		184.8	184800	184.8	184800	1.0	1000	""osoba1""
""osoba4""		185.40001	185400	193.50002	193500	9.100006	9100	""osoba4""
""osoba2""		185.70001	185700	185.70001	185700	1.0	1000	""osoba2""
""osoba4""		186.0	186000	193.50002	193500	8.500015	8500	""osoba4""
""osoba4""		187.20001	187200	193.50002	193500	7.300003	7300	""osoba4""
""osoba4""		187.8	187800	193.50002	193500	6.700012	6700	""osoba4""
""osoba4""		189.0	189000	193.50002	193500	5.5000153	5500	""osoba4""
""osoba4""		190.5	190500	193.50002	193500	4.0000153	4000	""osoba4""
""osoba4""		191.40001	191400	193.50002	193500	3.100006	3100	""osoba4""
""osoba1""		193.8	193800	205.20001	205200	12.400009	12400	""osoba1""
""osoba4""		197.1	197100	201.00002	201000	4.900009	4900	""osoba4""
""osoba4""		200.40001	200400	201.00002	201000	1.6000061	1600	""osoba4""
""osoba2""		201.6	201600	203.40001	203400	2.800003	2800	""osoba2""
""osoba3""		201.6	201600	202.50002	202500	1.9000092	1900	""osoba3""
""osoba2""		210.90001	210900	222.90001	222900	13.0	13000	""osoba2""
""osoba3""		211.50002	211500	211.50002	211500	1.0	1000	""osoba3""
""osoba2""		212.70001	212700	222.90001	222900	11.199997	11199	""osoba2""
""osoba2""		213.90001	213900	222.90001	222900	10.0	10000	""osoba2""
""osoba2""		217.8	217800	222.90001	222900	6.100006	6100	""osoba2""
""osoba2""		219.00002	219000	222.90001	222900	4.899994	4899	""osoba2""
""osoba2""		219.90001	219900	222.90001	222900	4.0	4000	""osoba2""
""osoba3""		220.8	220800	222.90001	222900	3.100006	3100	""osoba3""
""osoba4""		220.8	220800	229.50002	229500	9.700012	9700	""osoba4""
""osoba2""		222.3	222300	222.90001	222900	1.6000061	1600	""osoba2""
""osoba4""		224.1	224100	229.50002	229500	6.400009	6400	""osoba4""
""osoba1""		224.40001	224400	225.6	225600	2.199997	2199	""osoba1""
""osoba4""		226.50002	226500	229.50002	229500	4.0	4000	""osoba4""
""osoba4""		227.1	227100	229.50002	229500	3.4000092	3400	""osoba4""
""osoba1""		228.3	228300	231.00002	231000	3.7000122	3700	""osoba1""
""osoba4""		228.6	228600	229.50002	229500	1.9000092	1900	""osoba4""
""osoba3""		229.50002	229500	248.1	248100	19.59999	19599	""osoba3""
""osoba2""		231.90001	231900	232.8	232800	1.8999939	1899	""osoba2""
""osoba3""		233.1	233100	248.1	248100	16.0	16000	""osoba3""
""osoba3""		234.00002	234000	248.1	248100	15.099991	15099	""osoba3""
""osoba3""		237.00002	237000	248.1	248100	12.099991	12099	""osoba3""
""osoba3""		239.40001	239400	248.1	248100	9.699997	9699	""osoba3""
""osoba3""		240.3	240300	248.1	248100	8.800003	8800	""osoba3""
""osoba3""		242.1	242100	248.1	248100	7.0	7000	""osoba3""
""osoba3""		242.70001	242700	248.1	248100	6.399994	6399	""osoba3""
""osoba1""		243.00002	243000	243.6	243600	1.5999908	1599	""osoba1""
""osoba3""		243.90001	243900	248.1	248100	5.199997	5199	""osoba3""
""osoba3""		246.6	246600	248.1	248100	2.5	2500	""osoba3""
""osoba2""		248.1	248100	288.6	288600	41.5	41500	""osoba2""
""osoba2""		250.8	250800	288.6	288600	38.800003	38800	""osoba2""
""osoba3""		251.1	251100	254.40001	254400	4.300003	4300	""osoba3""
""osoba3""		251.70001	251700	254.40001	254400	3.699997	3699	""osoba3""
""osoba2""		254.1	254100	288.6	288600	35.5	35500	""osoba2""
""osoba3""		254.1	254100	254.40001	254400	1.300003	1300	""osoba3""
""osoba2""		255.90001	255900	288.6	288600	33.699997	33699	""osoba2""
""osoba2""		256.5	256500	288.6	288600	33.100006	33100	""osoba2""
""osoba2""		257.7	257700	288.6	288600	31.899994	31899	""osoba2""
""osoba2""		259.2	259200	288.6	288600	30.399994	30399	""osoba2""
""osoba2""		260.40002	260400	288.6	288600	29.199982	29199	""osoba2""
""osoba2""		264.0	264000	288.6	288600	25.600006	25600	""osoba2""
""osoba2""		267.30002	267300	288.6	288600	22.299988	22299	""osoba2""
""osoba3""		268.80002	268800	270.30002	270300	2.5	2500	""osoba3""
""osoba2""		270.0	270000	288.6	288600	19.600006	19600	""osoba2""
""osoba1""		270.6	270600	270.90002	270900	1.3000183	1300	""osoba1""
""osoba2""		271.80002	271800	288.6	288600	17.799988	17799	""osoba2""
""osoba2""		272.7	272700	288.6	288600	16.899994	16899	""osoba2""
""osoba1""		273.30002	273300	273.6	273600	1.2999878	1299	""osoba1""
""osoba2""		275.40002	275400	288.6	288600	14.199982	14199	""osoba2""
""osoba2""		276.6	276600	288.6	288600	13.0	13000	""osoba2""
""osoba1""		278.1	278100	279.0	279000	1.8999939	1899	""osoba1""
""osoba2""		278.1	278100	288.6	288600	11.5	11500	""osoba2""
""osoba2""		281.7	281700	288.6	288600	7.899994	7899	""osoba2""
""osoba2""		282.6	282600	288.6	288600	7.0	7000	""osoba2""
""osoba2""		283.80002	283800	288.6	288600	5.799988	5799	""osoba2""
""osoba2""		285.30002	285300	288.6	288600	4.299988	4299	""osoba2""
""osoba2""		286.2	286200	288.6	288600	3.399994	3399	""osoba2""
""osoba4""		286.2	286200	301.2	301200	16.0	16000	""osoba4""
""osoba2""		287.7	287700	288.6	288600	1.8999939	1899	""osoba2""
""osoba4""		287.7	287700	301.2	301200	14.5	14500	""osoba4""
""osoba4""		289.5	289500	301.2	301200	12.700012	12700	""osoba4""
""osoba1""		289.80002	289800	289.80002	289800	1.0	1000	""osoba1""
""osoba4""		291.0	291000	301.2	301200	11.200012	11200	""osoba4""
""osoba2""		292.2	292200	292.80002	292800	1.6000061	1600	""osoba2""
""osoba4""		292.5	292500	301.2	301200	9.700012	9700	""osoba4""
""osoba4""		296.1	296100	301.2	301200	6.100006	6100	""osoba4""
""osoba4""		297.30002	297300	301.2	301200	4.899994	4899	""osoba4""
""osoba4""		297.90002	297900	301.2	301200	4.299988	4299	""osoba4""
""osoba4""		299.7	299700	301.2	301200	2.5	2500	""osoba4""
""osoba3""		300.90002	300900	303.30002	303300	3.399994	3399	""osoba3""
""osoba3""		302.1	302100	303.30002	303300	2.2000122	2200	""osoba3""
""osoba2""		302.40002	302400	303.6	303600	2.1999817	2199	""osoba2""
""osoba1""		303.90002	303900	305.40002	305400	2.5	2500	""osoba1""
""osoba4""		308.1	308100	322.5	322500	15.399994	15399	""osoba4""
""osoba4""		309.30002	309300	322.5	322500	14.199982	14199	""osoba4""
""osoba4""		310.80002	310800	322.5	322500	12.699982	12699	""osoba4""
""osoba4""		311.7	311700	322.5	322500	11.799988	11799	""osoba4""
""osoba3""		312.0	312000	312.30002	312300	1.3000183	1300	""osoba3""
""osoba4""		313.2	313200	322.5	322500	10.299988	10299	""osoba4""
""osoba2""		317.1	317100	318.0	318000	1.8999939	1899	""osoba2""
""osoba4""		317.1	317100	322.5	322500	6.399994	6399	""osoba4""
""osoba4""		320.40002	320400	322.5	322500	3.0999756	3099	""osoba4""
""osoba3""		321.30002	321300	328.80002	328800	8.5	8500	""osoba3""
""osoba4""		321.30002	321300	322.5	322500	2.1999817	2199	""osoba4""
""osoba2""		321.90002	321900	324.30002	324300	3.399994	3399	""osoba2""
""osoba3""		325.5	325500	328.80002	328800	4.3000183	4300	""osoba3""
""osoba4""		327.0	327000	356.40002	356400	30.400024	30400	""osoba4""
""osoba4""		328.80002	328800	356.40002	356400	28.600006	28600	""osoba4""
""osoba4""		330.30002	330300	356.40002	356400	27.100006	27100	""osoba4""
""osoba3""		331.5	331500	331.80002	331800	1.3000183	1300	""osoba3""
""osoba4""		333.90002	333900	356.40002	356400	23.5	23500	""osoba4""
""osoba1""		334.5	334500	334.80002	334800	1.3000183	1300	""osoba1""
""osoba4""		336.30002	336300	356.40002	356400	21.100006	21100	""osoba4""
""osoba4""		337.5	337500	356.40002	356400	19.900024	19900	""osoba4""
""osoba4""		338.40002	338400	356.40002	356400	19.0	19000	""osoba4""
""osoba4""		339.0	339000	356.40002	356400	18.400024	18400	""osoba4""
""osoba1""		341.7	341700	342.0	342000	1.2999878	1299	""osoba1""
""osoba4""		343.2	343200	356.40002	356400	14.200012	14200	""osoba4""
""osoba4""		346.2	346200	356.40002	356400	11.200012	11200	""osoba4""
""osoba4""		348.30002	348300	356.40002	356400	9.100006	9100	""osoba4""
""osoba4""		349.2	349200	356.40002	356400	8.200012	8200	""osoba4""
""osoba4""		350.1	350100	356.40002	356400	7.3000183	7300	""osoba4""
""osoba4""		352.2	352200	356.40002	356400	5.200012	5200	""osoba4""
""osoba1""		354.0	354000	354.6	354600	1.6000061	1600	""osoba1""
""osoba2""		356.40002	356400	365.40002	365400	10.0	10000	""osoba2""
""osoba2""		357.6	357600	365.40002	365400	8.800018	8800	""osoba2""
""osoba1""		360.6	360600	360.90002	360900	1.3000183	1300	""osoba1""
""osoba2""		360.6	360600	365.40002	365400	5.8000183	5800	""osoba2""
""osoba2""		361.80002	361800	365.40002	365400	4.600006	4600	""osoba2""
""osoba2""		363.0	363000	365.40002	365400	3.4000244	3400	""osoba2""
""osoba1""		364.2	364200	366.6	366600	3.399994	3399	""osoba1""
""osoba1""		364.80002	364800	366.6	366600	2.7999878	2799	""osoba1""
""osoba4""		368.7	368700	379.80002	379800	12.100006	12100	""osoba4""
""osoba4""		371.40002	371400	379.80002	379800	9.399994	9399	""osoba4""
""osoba2""		372.6	372600	372.6	372600	1.0	1000	""osoba2""
""osoba3""		372.6	372600	372.6	372600	1.0	1000	""osoba3""
""osoba4""		372.6	372600	379.80002	379800	8.200012	8200	""osoba4""
""osoba1""		373.2	373200	373.5	373500	1.2999878	1299	""osoba1""
""osoba4""		373.5	373500	379.80002	379800	7.3000183	7300	""osoba4""
""osoba2""		379.80002	379800	383.1	383100	4.299988	4299	""osoba2""
""osoba1""		382.80002	382800	382.80002	382800	1.0	1000	""osoba1""
""osoba2""		382.80002	382800	383.1	383100	1.2999878	1299	""osoba2""
""osoba3""		383.7	383700	386.40002	386400	3.7000122	3700	""osoba3""
""osoba3""		384.90002	384900	386.40002	386400	2.5	2500	""osoba3""
""osoba3""		386.40002	386400	386.40002	386400	1.0	1000	""osoba3""
""osoba1""		386.7	386700	389.40002	389400	3.7000122	3700	""osoba1""
""osoba2""		387.00003	387000	388.50003	388500	2.5	2500	""osoba2""
""osoba3""		390.30002	390300	394.80002	394800	5.5	5500	""osoba3""
""osoba3""		392.7	392700	394.80002	394800	3.100006	3100	""osoba3""
""osoba1""		393.30002	393300	399.00003	399000	6.700012	6700	""osoba1""
""osoba3""		393.6	393600	394.80002	394800	2.2000122	2200	""osoba3""
""osoba4""		404.1	404100	415.80002	415800	12.700012	12700	""osoba4""
""osoba2""		405.00003	405000	405.30002	405300	1.2999878	1299	""osoba2""
""osoba3""		407.1	407100	408.90002	408900	2.8000183	2800	""osoba3""
""osoba4""		409.80002	409800	415.80002	415800	7.0	7000	""osoba4""
""osoba4""		411.00003	411000	415.80002	415800	5.799988	5799	""osoba4""
""osoba4""		411.90002	411900	415.80002	415800	4.899994	4899	""osoba4""
""osoba4""		412.80002	412800	415.80002	415800	4.0	4000	""osoba4""
""osoba4""		413.40002	413400	415.80002	415800	3.399994	3399	""osoba4""
""osoba2""		414.6	414600	418.80002	418800	5.200012	5200	""osoba2""
""osoba4""		414.90002	414900	415.80002	415800	1.8999939	1899	""osoba4""
""osoba1""		416.40002	416400	419.7	419700	4.299988	4299	""osoba1""
""osoba4""		418.80002	418800	418.80002	418800	1.0	1000	""osoba4""
""osoba2""		423.90002	423900	454.2	454200	31.299988	31299	""osoba2""
""osoba3""		426.00003	426000	427.2	427200	2.1999817	2199	""osoba3""
""osoba1""		429.6	429600	431.1	431100	2.5	2500	""osoba1""
""osoba4""		432.00003	432000	434.7	434700	3.6999817	3699	""osoba4""
""osoba2""		436.2	436200	454.2	454200	19.0	19000	""osoba2""
""osoba4""		438.6	438600	439.2	439200	1.6000061	1600	""osoba4""
""osoba2""		440.7	440700	454.2	454200	14.5	14500	""osoba2""
""osoba2""		441.6	441600	454.2	454200	13.600006	13600	""osoba2""
""osoba2""		442.50003	442500	454.2	454200	12.699982	12699	""osoba2""
""osoba2""		445.50003	445500	454.2	454200	9.699982	9699	""osoba2""
""osoba2""		446.7	446700	454.2	454200	8.5	8500	""osoba2""
""osoba2""		448.50003	448500	454.2	454200	6.6999817	6699	""osoba2""
""osoba2""		449.7	449700	454.2	454200	5.5	5500	""osoba2""
""osoba3""		449.7	449700	476.40002	476400	27.700012	27700	""osoba3""
""osoba1""		450.6	450600	450.6	450600	1.0	1000	""osoba1""
""osoba2""		452.7	452700	454.2	454200	2.5	2500	""osoba2""
""osoba3""		453.00003	453000	476.40002	476400	24.399994	24399	""osoba3""
""osoba3""		456.00003	456000	476.40002	476400	21.399994	21399	""osoba3""
""osoba3""		456.6	456600	476.40002	476400	20.800018	20800	""osoba3""
""osoba4""		457.2	457200	457.2	457200	1.0	1000	""osoba4""
""osoba3""		462.30002	462300	476.40002	476400	15.100006	15100	""osoba3""
""osoba2""		463.80002	463800	464.40002	464400	1.6000061	1600	""osoba2""
""osoba3""		465.90002	465900	476.40002	476400	11.5	11500	""osoba3""
""osoba3""		466.50003	466500	476.40002	476400	10.899994	10899	""osoba3""
""osoba3""		467.1	467100	476.40002	476400	10.300018	10300	""osoba3""
""osoba3""		468.6	468600	476.40002	476400	8.800018	8800	""osoba3""
""osoba3""		469.50003	469500	476.40002	476400	7.899994	7899	""osoba3""
""osoba3""		470.40002	470400	476.40002	476400	7.0	7000	""osoba3""
""osoba3""		471.90002	471900	476.40002	476400	5.5	5500	""osoba3""
""osoba2""		472.50003	472500	476.1	476100	4.5999756	4599	""osoba2""
""osoba3""		475.2	475200	476.40002	476400	2.2000122	2200	""osoba3""
""osoba2""		476.1	476100	476.1	476100	1.0	1000	""osoba2""
""osoba4""		476.1	476100	486.30002	486300	11.200012	11200	""osoba4""
""osoba1""		480.90002	480900	481.50003	481500	1.6000061	1600	""osoba1""
""osoba4""		481.2	481200	486.30002	486300	6.100006	6100	""osoba4""
""osoba4""		482.7	482700	486.30002	486300	4.600006	4600	""osoba4""
""osoba3""		483.00003	483000	483.00003	483000	1.0	1000	""osoba3""
""osoba2""		485.1	485100	485.7	485700	1.6000061	1600	""osoba2""
""osoba3""		486.6	486600	487.50003	487500	1.9000244	1900	""osoba3""
""osoba1""		487.50003	487500	488.40002	488400	1.8999939	1899	""osoba1""
""osoba2""		488.7	488700	491.1	491100	3.399994	3399	""osoba2""
""osoba3""		491.1	491100	494.7	494700	4.600006	4600	""osoba3""
""osoba3""		492.6	492600	494.7	494700	3.100006	3100	""osoba3""
""osoba1""		494.1	494100	495.30002	495300	2.2000122	2200	""osoba1""
""osoba3""		494.1	494100	494.7	494700	1.6000061	1600	""osoba3""
""osoba3""		497.1	497100	497.1	497100	1.0	1000	""osoba3""
""osoba3""		499.80002	499800	508.80002	508800	10.0	10000	""osoba3""
""osoba3""		500.7	500700	508.80002	508800	9.100006	9100	""osoba3""
""osoba3""		501.6	501600	508.80002	508800	8.200012	8200	""osoba3""
""osoba3""		502.2	502200	508.80002	508800	7.600006	7600	""osoba3""
""osoba2""		506.1	506100	519.60004	519600	14.5000305	14500	""osoba2""
""osoba2""		507.30002	507300	519.60004	519600	13.300018	13300	""osoba2""
""osoba3""		507.30002	507300	508.80002	508800	2.5	2500	""osoba3""
""osoba2""		510.90002	510900	519.60004	519600	9.700012	9700	""osoba2""
""osoba2""		514.80005	514800	519.60004	519600	5.799988	5799	""osoba2""
""osoba3""		517.5	517500	527.7	527700	11.200012	11200	""osoba3""
""osoba2""		519.60004	519600	519.60004	519600	1.0	1000	""osoba2""
""osoba3""		519.9	519900	527.7	527700	8.799988	8799	""osoba3""
""osoba3""		523.2	523200	527.7	527700	5.5	5500	""osoba3""
""osoba3""		526.80005	526800	527.7	527700	1.8999634	1899	""osoba3""
""osoba4""		526.80005	526800	527.10004	527100	1.2999878	1299	""osoba4""
""osoba1""		527.4	527400	531.9	531900	5.5	5500	""osoba1""
""osoba2""		528.60004	528600	528.60004	528600	1.0	1000	""osoba2""
""osoba3""		534.0	534000	534.0	534000	1.0	1000	""osoba3""
""osoba2""		538.80005	538800	538.80005	538800	1.0	1000	""osoba2""
""osoba4""		539.10004	539100	544.2	544200	6.0999756	6099	""osoba4""
""osoba4""		541.5	541500	544.2	544200	3.7000122	3700	""osoba4""
""osoba4""		542.4	542400	544.2	544200	2.7999878	2799	""osoba4""
""osoba2""		544.2	544200	563.10004	563100	19.900024	19900	""osoba2""
""osoba2""		547.5	547500	563.10004	563100	16.600037	16600	""osoba2""
""osoba2""		548.4	548400	563.10004	563100	15.700012	15700	""osoba2""
""osoba1""		550.2	550200	550.80005	550800	1.6000366	1600	""osoba1""
""osoba2""		553.2	553200	563.10004	563100	10.900024	10900	""osoba2""
""osoba2""		555.30005	555300	563.10004	563100	8.799988	8799	""osoba2""
""osoba2""		556.80005	556800	563.10004	563100	7.299988	7299	""osoba2""
""osoba2""		560.7	560700	563.10004	563100	3.4000244	3400	""osoba2""
""osoba3""		561.0	561000	561.30005	561300	1.3000488	1300	""osoba3""
""osoba2""		563.10004	563100	563.10004	563100	1.0	1000	""osoba2""
""osoba3""		563.4	563400	597.0	597000	34.599976	34599	""osoba3""
""osoba3""		567.9	567900	597.0	597000	30.099976	30099	""osoba3""
""osoba3""		568.5	568500	597.0	597000	29.5	29500	""osoba3""
""osoba1""		569.4	569400	571.5	571500	3.0999756	3099	""osoba1""
""osoba3""		569.7	569700	597.0	597000	28.299988	28299	""osoba3""
""osoba1""		570.30005	570300	571.5	571500	2.1999512	2199	""osoba1""
""osoba3""		571.5	571500	597.0	597000	26.5	26500	""osoba3""
""osoba1""		574.5	574500	574.80005	574800	1.3000488	1300	""osoba1""
""osoba4""		575.4	575400	575.4	575400	1.0	1000	""osoba4""
""osoba3""		576.30005	576300	597.0	597000	21.699951	21699	""osoba3""
""osoba3""		577.5	577500	597.0	597000	20.5	20500	""osoba3""
""osoba3""		587.10004	587100	597.0	597000	10.899963	10899	""osoba3""
""osoba1""		591.9	591900	591.9	591900	1.0	1000	""osoba1""
""osoba3""		592.2	592200	597.0	597000	5.799988	5799	""osoba3""
""osoba3""		594.0	594000	597.0	597000	4.0	4000	""osoba3""
""osoba1""		597.30005	597300	597.9	597900	1.5999756	1599	""osoba1""
""osoba2""		600.0	600000	607.2	607200	8.200012	8200	""osoba2""
""osoba2""		600.60004	600600	607.2	607200	7.5999756	7599	""osoba2""
""osoba2""		601.2	601200	607.2	607200	7.0	7000	""osoba2""
""osoba2""		604.2	604200	607.2	607200	4.0	4000	""osoba2""
""osoba2""		605.4	605400	607.2	607200	2.7999878	2799	""osoba2""
""osoba2""		606.0	606000	607.2	607200	2.2000122	2200	""osoba2""
""osoba1""		606.60004	606600	607.5	607500	1.8999634	1899	""osoba1""
""osoba2""		610.80005	610800	618.60004	618600	8.799988	8799	""osoba2""
""osoba2""		611.4	611400	618.60004	618600	8.200012	8200	""osoba2""
""osoba3""		611.4	611400	612.30005	612300	1.9000244	1900	""osoba3""
""osoba2""		614.4	614400	618.60004	618600	5.200012	5200	""osoba2""
""osoba2""		615.60004	615600	618.60004	618600	4.0	4000	""osoba2""
""osoba2""		616.2	616200	618.60004	618600	3.4000244	3400	""osoba2""
""osoba2""		618.60004	618600	618.60004	618600	1.0	1000	""osoba2""
""osoba1""		618.9	618900	620.10004	620100	2.2000122	2200	""osoba1""
""osoba4""		622.80005	622800	651.60004	651600	29.799988	29799	""osoba4""
""osoba4""		625.2	625200	651.60004	651600	27.400024	27400	""osoba4""
""osoba4""		626.4	626400	651.60004	651600	26.200012	26200	""osoba4""
""osoba4""		627.0	627000	651.60004	651600	25.600037	25600	""osoba4""
""osoba1""		628.5	628500	635.4	635400	7.9000244	7900	""osoba1""
""osoba4""		628.80005	628800	651.60004	651600	23.799988	23799	""osoba4""
""osoba1""		631.2	631200	635.4	635400	5.200012	5200	""osoba1""
""osoba3""		635.10004	635100	635.10004	635100	1.0	1000	""osoba3""
""osoba4""		637.5	637500	651.60004	651600	15.100037	15100	""osoba4""
""osoba4""		639.0	639000	651.60004	651600	13.600037	13600	""osoba4""
""osoba4""		645.0	645000	651.60004	651600	7.6000366	7600	""osoba4""
""osoba4""		649.2	649200	651.60004	651600	3.4000244	3400	""osoba4""
""osoba2""		649.80005	649800	651.9	651900	3.0999756	3099	""osoba2""
""osoba1""		652.2	652200	653.10004	653100	1.9000244	1900	""osoba1""
""osoba3""		652.2	652200	658.5	658500	7.299988	7299	""osoba3""
""osoba4""		653.7	653700	653.7	653700	1.0	1000	""osoba4""
""osoba3""		654.30005	654300	658.5	658500	5.199951	5199	""osoba3""
""osoba2""		656.7	656700	671.4	671400	15.700012	15700	""osoba2""
""osoba4""		660.30005	660300	661.80005	661800	2.5	2500	""osoba4""
""osoba3""		661.5	661500	664.5	664500	4.0	4000	""osoba3""
""osoba2""		661.80005	661800	671.4	671400	10.599976	10599	""osoba2""
""osoba4""		661.80005	661800	661.80005	661800	1.0	1000	""osoba4""
""osoba1""		662.7	662700	663.9	663900	2.2000122	2200	""osoba1""
""osoba3""		663.9	663900	664.5	664500	1.5999756	1599	""osoba3""
""osoba3""		664.5	664500	664.5	664500	1.0	1000	""osoba3""
""osoba4""		664.5	664500	665.10004	665100	1.6000366	1600	""osoba4""
""osoba2""		666.9	666900	671.4	671400	5.5	5500	""osoba2""
""osoba2""		668.7	668700	671.4	671400	3.7000122	3700	""osoba2""
""osoba2""		669.30005	669300	671.4	671400	3.0999756	3099	""osoba2""
""osoba2""		670.5	670500	671.4	671400	1.9000244	1900	""osoba2""
""osoba1""		671.10004	671100	672.0	672000	1.8999634	1899	""osoba1""
""osoba3""		672.60004	672600	676.5	676500	4.8999634	4899	""osoba3""
""osoba4""		675.9	675900	676.2	676200	1.2999878	1299	""osoba4""
""osoba2""		676.5	676500	678.9	678900	3.4000244	3400	""osoba2""
""osoba2""		677.4	677400	678.9	678900	2.5	2500	""osoba2""
""osoba1""		678.30005	678300	682.80005	682800	5.5	5500	""osoba1""
""osoba3""		679.80005	679800	680.10004	680100	1.2999878	1299	""osoba3""
""osoba4""		683.4	683400	695.7	695700	13.299988	13299	""osoba4""
""osoba4""		685.80005	685800	695.7	695700	10.899963	10899	""osoba4""
""osoba2""		686.10004	686100	688.2	688200	3.0999756	3099	""osoba2""
""osoba4""		687.60004	687600	695.7	695700	9.099976	9099	""osoba4""
""osoba2""		687.9	687900	688.2	688200	1.2999878	1299	""osoba2""
""osoba4""		690.0	690000	695.7	695700	6.700012	6700	""osoba4""
""osoba2""		692.4	692400	693.60004	693600	2.2000122	2200	""osoba2""
""osoba4""		694.80005	694800	695.7	695700	1.8999634	1899	""osoba4""
""osoba4""		695.7	695700	695.7	695700	1.0	1000	""osoba4""
""osoba3""		696.60004	696600	697.5	697500	1.8999634	1899	""osoba3""
""osoba3""		697.2	697200	697.5	697500	1.2999878	1299	""osoba3""
""osoba2""		697.5	697500	714.9	714900	18.400024	18400	""osoba2""
""osoba1""		697.80005	697800	700.2	700200	3.3999634	3399	""osoba1""
""osoba2""		700.2	700200	714.9	714900	15.700012	15700	""osoba2""
""osoba2""		705.9	705900	714.9	714900	10.0	10000	""osoba2""
""osoba4""		705.9	705900	707.10004	707100	2.2000122	2200	""osoba4""
""osoba3""		706.80005	706800	706.80005	706800	1.0	1000	""osoba3""
""osoba2""		711.60004	711600	714.9	714900	4.299988	4299	""osoba2""
""osoba1""		713.10004	713100	717.30005	717300	5.200012	5200	""osoba1""
""osoba3""		714.60004	714600	715.5	715500	1.8999634	1899	""osoba3""
""osoba2""		717.30005	717300	717.60004	717600	1.2999878	1299	""osoba2""
""osoba4""		717.9	717900	736.5	736500	19.599976	19599	""osoba4""
""osoba4""		719.4	719400	736.5	736500	18.099976	18099	""osoba4""
""osoba4""		720.30005	720300	736.5	736500	17.199951	17199	""osoba4""
""osoba4""		723.30005	723300	736.5	736500	14.199951	14199	""osoba4""
""osoba4""		726.30005	726300	736.5	736500	11.199951	11199	""osoba4""
""osoba3""		729.30005	729300	729.30005	729300	1.0	1000	""osoba3""
""osoba4""		730.2	730200	736.5	736500	7.299988	7299	""osoba4""
""osoba4""		733.5	733500	736.5	736500	4.0	4000	""osoba4""
""osoba4""		734.4	734400	736.5	736500	3.0999756	3099	""osoba4""
""osoba2""		735.30005	735300	736.5	736500	2.1999512	2199	""osoba2""
""osoba4""		735.30005	735300	736.5	736500	2.1999512	2199	""osoba4""
""osoba1""		736.80005	736800	738.60004	738600	2.7999878	2799	""osoba1""
""osoba3""		736.80005	736800	737.4	737400	1.5999756	1599	""osoba3""
""osoba4""		746.4	746400	767.4	767400	22.0	22000	""osoba4""
""osoba4""		750.60004	750600	767.4	767400	17.799988	17799	""osoba4""
""osoba4""		751.5	751500	767.4	767400	16.900024	16900	""osoba4""
""osoba2""		751.80005	751800	751.80005	751800	1.0	1000	""osoba2""
""osoba3""		753.60004	753600	755.10004	755100	2.5	2500	""osoba3""
""osoba2""		753.9	753900	754.2	754200	1.2999878	1299	""osoba2""
""osoba2""		756.60004	756600	756.9	756900	1.2999878	1299	""osoba2""
""osoba4""		756.60004	756600	767.4	767400	11.799988	11799	""osoba4""
""osoba3""		757.80005	757800	760.2	760200	3.3999634	3399	""osoba3""
""osoba4""		758.10004	758100	767.4	767400	10.299988	10299	""osoba4""
""osoba4""		759.0	759000	767.4	767400	9.400024	9400	""osoba4""
""osoba4""		761.10004	761100	767.4	767400	7.299988	7299	""osoba4""
""osoba4""		763.80005	763800	767.4	767400	4.5999756	4599	""osoba4""
""osoba3""		765.30005	765300	765.30005	765300	1.0	1000	""osoba3""
""osoba4""		765.60004	765600	767.4	767400	2.7999878	2799	""osoba4""
""osoba4""		767.10004	767100	767.4	767400	1.2999878	1299	""osoba4""
""osoba3""		767.4	767400	780.9	780900	14.5	14500	""osoba3""
""osoba3""		768.30005	768300	780.9	780900	13.599976	13599	""osoba3""
""osoba3""		771.9	771900	780.9	780900	10.0	10000	""osoba3""
""osoba3""		772.80005	772800	780.9	780900	9.099976	9099	""osoba3""
""osoba3""		775.2	775200	780.9	780900	6.700012	6700	""osoba3""
""osoba3""		777.30005	777300	780.9	780900	4.5999756	4599	""osoba3""
""osoba3""		779.10004	779100	780.9	780900	2.7999878	2799	""osoba3""
""osoba3""		780.9	780900	780.9	780900	1.0	1000	""osoba3""
""osoba4""		780.9	780900	784.2	784200	4.299988	4299	""osoba4""
""osoba4""		782.7	782700	784.2	784200	2.5	2500	""osoba4""
""osoba2""		784.50006	784500	811.80005	811800	28.299988	28299	""osoba2""
""osoba2""		786.9	786900	811.80005	811800	25.900024	25900	""osoba2""
""osoba2""		787.50006	787500	811.80005	811800	25.299988	25299	""osoba2""
""osoba2""		788.7	788700	811.80005	811800	24.100037	24100	""osoba2""
""osoba2""		789.30005	789300	811.80005	811800	23.5	23500	""osoba2""
""osoba1""		795.30005	795300	795.60004	795600	1.2999878	1299	""osoba1""
""osoba2""		796.50006	796500	811.80005	811800	16.299988	16299	""osoba2""
""osoba1""		798.9	798900	798.9	798900	1.0	1000	""osoba1""
""osoba2""		799.2	799200	811.80005	811800	13.600037	13600	""osoba2""
""osoba4""		800.7	800700	800.7	800700	1.0	1000	""osoba4""
""osoba2""		803.7	803700	811.80005	811800	9.100037	9100	""osoba2""
""osoba2""		804.30005	804300	811.80005	811800	8.5	8500	""osoba2""
""osoba2""		805.50006	805500	811.80005	811800	7.299988	7299	""osoba2""
""osoba2""		806.7	806700	811.80005	811800	6.1000366	6100	""osoba2""
""osoba4""		807.00006	807000	815.7	815700	9.699951	9699	""osoba4""
""osoba4""		811.2	811200	815.7	815700	5.5	5500	""osoba4""
""osoba4""		812.7	812700	815.7	815700	4.0	4000	""osoba4""
""osoba4""		813.30005	813300	815.7	815700	3.3999634	3399	""osoba4""
""osoba3""		815.7	815700	828.30005	828300	13.600037	13600	""osoba3""
""osoba4""		815.7	815700	815.7	815700	1.0	1000	""osoba4""
""osoba3""		816.60004	816600	828.30005	828300	12.700012	12700	""osoba3""
""osoba2""		816.9	816900	817.2	817200	1.2999878	1299	""osoba2""
""osoba3""		818.7	818700	828.30005	828300	10.600037	10600	""osoba3""
""osoba3""		821.10004	821100	828.30005	828300	8.200012	8200	""osoba3""
""osoba1""		823.2	823200	823.2	823200	1.0	1000	""osoba1""
""osoba3""		827.10004	827100	828.30005	828300	2.2000122	2200	""osoba3""
""osoba1""		828.30005	828300	829.2	829200	1.8999634	1899	""osoba1""
""osoba3""		832.2	832200	851.7	851700	20.5	20500	""osoba3""
""osoba3""		832.80005	832800	851.7	851700	19.899963	19899	""osoba3""
""osoba2""		833.7	833700	836.7	836700	4.0	4000	""osoba2""
""osoba3""		835.50006	835500	851.7	851700	17.199951	17199	""osoba3""
""osoba2""		836.4	836400	836.7	836700	1.2999878	1299	""osoba2""
""osoba3""		838.2	838200	851.7	851700	14.5	14500	""osoba3""
""osoba1""		840.00006	840000	840.30005	840300	1.2999878	1299	""osoba1""
""osoba3""		840.30005	840300	851.7	851700	12.399963	12399	""osoba3""
""osoba3""		842.4	842400	851.7	851700	10.299988	10299	""osoba3""
""osoba2""		845.10004	845100	845.4	845400	1.2999878	1299	""osoba2""
""osoba1""		846.00006	846000	846.9	846900	1.8999634	1899	""osoba1""
""osoba3""		846.30005	846300	851.7	851700	6.3999634	6399	""osoba3""
""osoba3""		848.10004	848100	851.7	851700	4.5999756	4599	""osoba3""
""osoba2""		848.4	848400	849.30005	849300	1.9000244	1900	""osoba2""
""osoba4""		848.7	848700	849.30005	849300	1.6000366	1600	""osoba4""
""osoba2""		851.7	851700	861.00006	861000	10.300049	10300	""osoba2""
""osoba1""		854.10004	854100	854.4	854400	1.2999878	1299	""osoba1""
""osoba2""		855.60004	855600	861.00006	861000	6.4000244	6400	""osoba2""
""osoba2""		857.10004	857100	861.00006	861000	4.9000244	4900	""osoba2""
""osoba3""		857.7	857700	858.00006	858000	1.3000488	1300	""osoba3""
""osoba2""		860.10004	860100	861.00006	861000	1.9000244	1900	""osoba2""
""osoba3""		861.00006	861000	865.80005	865800	5.799988	5799	""osoba3""
""osoba3""		863.10004	863100	865.80005	865800	3.7000122	3700	""osoba3""
""osoba4""		864.00006	864000	871.2	871200	8.199951	8199	""osoba4""
""osoba3""		868.50006	868500	868.80005	868800	1.2999878	1299	""osoba3""
""osoba4""		868.50006	868500	871.2	871200	3.6999512	3699	""osoba4""
""osoba1""		870.60004	870600	872.4	872400	2.7999878	2799	""osoba1""
""osoba3""		872.10004	872100	889.80005	889800	18.700012	18700	""osoba3""
""osoba3""		877.2	877200	889.80005	889800	13.600037	13600	""osoba3""
""osoba3""		878.4	878400	889.80005	889800	12.400024	12400	""osoba3""
""osoba3""		879.60004	879600	889.80005	889800	11.200012	11200	""osoba3""
""osoba3""		880.2	880200	889.80005	889800	10.600037	10600	""osoba3""
""osoba3""		881.10004	881100	889.80005	889800	9.700012	9700	""osoba3""
""osoba1""		883.80005	883800	884.4	884400	1.5999756	1599	""osoba1""
""osoba3""		884.10004	884100	889.80005	889800	6.700012	6700	""osoba3""
""osoba3""		885.9	885900	889.80005	889800	4.9000244	4900	""osoba3""
""osoba1""		887.10004	887100	890.4	890400	4.299988	4299	""osoba1""
""osoba1""		889.50006	889500	890.4	890400	1.8999634	1899	""osoba1""
""osoba2""		896.7	896700	902.10004	902100	6.4000244	6400	""osoba2""
""osoba4""		897.30005	897300	897.60004	897600	1.2999878	1299	""osoba4""
""osoba2""		898.80005	898800	902.10004	902100	4.299988	4299	""osoba2""
""osoba2""		899.4	899400	902.10004	902100	3.7000122	3700	""osoba2""
""osoba2""		901.2	901200	902.10004	902100	1.9000244	1900	""osoba2""
""osoba3""		901.2	901200	934.50006	934500	34.30005	34300	""osoba3""
""osoba3""		903.30005	903300	934.50006	934500	32.200012	32200	""osoba3""
""osoba4""		904.2	904200	904.50006	904500	1.3000488	1300	""osoba4""
""osoba3""		906.9	906900	934.50006	934500	28.600037	28600	""osoba3""
""osoba1""		907.2	907200	907.2	907200	1.0	1000	""osoba1""
""osoba4""		907.50006	907500	908.10004	908100	1.5999756	1599	""osoba4""
""osoba1""		911.4	911400	911.4	911400	1.0	1000	""osoba1""
""osoba1""		913.50006	913500	914.10004	914100	1.5999756	1599	""osoba1""
""osoba3""		915.60004	915600	934.50006	934500	19.900024	19900	""osoba3""
""osoba3""		916.80005	916800	934.50006	934500	18.700012	18700	""osoba3""
""osoba3""		921.00006	921000	934.50006	934500	14.5	14500	""osoba3""
""osoba3""		921.9	921900	934.50006	934500	13.600037	13600	""osoba3""
""osoba1""		923.7	923700	924.9	924900	2.2000122	2200	""osoba1""
""osoba3""		924.00006	924000	934.50006	934500	11.5	11500	""osoba3""
""osoba3""		932.10004	932100	934.50006	934500	3.4000244	3400	""osoba3""
""osoba4""		933.9	933900	938.10004	938100	5.200012	5200	""osoba4""
""osoba2""		936.30005	936300	946.2	946200	10.899963	10899	""osoba2""
""osoba4""		936.30005	936300	938.10004	938100	2.7999878	2799	""osoba4""
""osoba2""		937.80005	937800	946.2	946200	9.399963	9399	""osoba2""
""osoba4""		938.10004	938100	938.10004	938100	1.0	1000	""osoba4""
""osoba1""		942.9	942900	944.7	944700	2.7999878	2799	""osoba1""
""osoba3""		944.10004	944100	952.2	952200	9.099976	9099	""osoba3""
""osoba2""		945.60004	945600	946.2	946200	1.5999756	1599	""osoba2""
""osoba1""		952.2	952200	953.7	953700	2.5	2500	""osoba1""
""osoba3""		955.2	955200	959.4	959400	5.200012	5200	""osoba3""
""osoba3""		958.50006	958500	959.4	959400	1.8999634	1899	""osoba3""
""osoba2""		959.4	959400	962.10004	962100	3.7000122	3700	""osoba2""
""osoba1""		960.00006	960000	962.10004	962100	3.0999756	3099	""osoba1""
""osoba2""		966.9	966900	970.80005	970800	4.9000244	4900	""osoba2""
""osoba2""		970.2	970200	970.80005	970800	1.6000366	1600	""osoba2""
""osoba1""		970.50006	970500	971.4	971400	1.8999634	1899	""osoba1""
""osoba2""		970.80005	970800	970.80005	970800	1.0	1000	""osoba2""
""osoba2""		975.30005	975300	999.30005	999300	25.0	25000	""osoba2""
""osoba2""		976.2	976200	999.30005	999300	24.100037	24100	""osoba2""
""osoba1""		977.4	977400	980.4	980400	4.0	4000	""osoba1""
""osoba2""		980.7	980700	999.30005	999300	19.600037	19600	""osoba2""
""osoba3""		981.9	981900	982.50006	982500	1.6000366	1600	""osoba3""
""osoba1""		983.7	983700	983.7	983700	1.0	1000	""osoba1""
""osoba2""		984.00006	984000	999.30005	999300	16.299988	16299	""osoba2""
""osoba1""		989.10004	989100	991.50006	991500	3.4000244	3400	""osoba1""
""osoba2""		993.60004	993600	999.30005	999300	6.700012	6700	""osoba2""
""osoba2""		995.4	995400	999.30005	999300	4.9000244	4900	""osoba2""
""osoba2""		997.50006	997500	999.30005	999300	2.7999878	2799	""osoba2""
""osoba4""		999.30005	999300	1009.2	1009200	10.899963	10899	""osoba4""
""osoba4""		1000.50006	1000500	1009.2	1009200	9.699951	9699	""osoba4""
""osoba4""		1002.30005	1002300	1009.2	1009200	7.8999634	7899	""osoba4""
""osoba4""		1004.10004	1004100	1009.2	1009200	6.0999756	6099	""osoba4""
""osoba4""		1005.60004	1005600	1009.2	1009200	4.5999756	4599	""osoba4""
""osoba4""		1006.50006	1006500	1009.2	1009200	3.6999512	3699	""osoba4""
""osoba2""		1008.00006	1008000	1014.9	1014900	7.8999634	7899	""osoba2""
""osoba4""		1008.30005	1008300	1009.2	1009200	1.8999634	1899	""osoba4""
""osoba3""		1010.7	1010700	1014.60004	1014600	4.9000244	4900	""osoba3""
""osoba1""		1011.9	1011900	1011.9	1011900	1.0	1000	""osoba1""
""osoba1""		1014.30005	1014300	1017.30005	1017300	4.0	4000	""osoba1""
""osoba2""		1014.30005	1014300	1014.9	1014900	1.5999756	1599	""osoba2""
""osoba2""		1018.80005	1018800	1023.30005	1023300	5.5	5500	""osoba2""
""osoba2""		1020.00006	1020000	1023.30005	1023300	4.299988	4299	""osoba2""
""osoba4""		1023.30005	1023300	1029.6001	1029600	7.300049	7300	""osoba4""
""osoba4""		1024.5	1024500	1029.6001	1029600	6.1000977	6100	""osoba4""
""osoba4""		1026.0	1026000	1029.6001	1029600	4.6000977	4600	""osoba4""
""osoba1""		1027.2001	1027200	1030.5	1030500	4.2999268	4299	""osoba1""
""osoba4""		1027.2001	1027200	1029.6001	1029600	3.4000244	3400	""osoba4""
""osoba3""		1038.6001	1038600	1050.3	1050300	12.699951	12699	""osoba3""
""osoba3""		1039.2001	1039200	1050.3	1050300	12.099976	12099	""osoba3""
""osoba3""		1041.0	1041000	1050.3	1050300	10.300049	10300	""osoba3""
""osoba4""		1041.0	1041000	1043.1001	1043100	3.1000977	3100	""osoba4""
""osoba3""		1044.9	1044900	1050.3	1050300	6.4000244	6400	""osoba3""
""osoba4""		1050.3	1050300	1058.1001	1058100	8.800049	8800	""osoba4""
""osoba4""		1054.5	1054500	1058.1001	1058100	4.6000977	4600	""osoba4""
""osoba4""		1056.0	1056000	1058.1001	1058100	3.1000977	3100	""osoba4""
""osoba2""		1056.3	1056300	1062.6001	1062600	7.300049	7300	""osoba2""
""osoba2""		1059.6001	1059600	1062.6001	1062600	4.0	4000	""osoba2""
""osoba2""		1060.8	1060800	1062.6001	1062600	2.8000488	2800	""osoba2""
""osoba2""		1061.4	1061400	1062.6001	1062600	2.2000732	2200	""osoba2""
""osoba4""		1062.3	1062300	1069.5	1069500	8.199951	8199	""osoba4""
""osoba2""		1062.6001	1062600	1062.6001	1062600	1.0	1000	""osoba2""
""osoba3""		1064.4	1064400	1066.5	1066500	3.0999756	3099	""osoba3""
""osoba4""		1064.4	1064400	1069.5	1069500	6.0999756	6099	""osoba4""
""osoba3""		1065.6001	1065600	1066.5	1066500	1.8999023	1899	""osoba3""
""osoba3""		1066.2001	1066200	1066.5	1066500	1.2999268	1299	""osoba3""
""osoba4""		1066.2001	1066200	1069.5	1069500	4.2999268	4299	""osoba4""
""osoba4""		1068.9	1068900	1069.5	1069500	1.5999756	1599	""osoba4""
""osoba2""		1069.2001	1069200	1094.4	1094400	26.199951	26199	""osoba2""
""osoba2""		1071.6001	1071600	1094.4	1094400	23.799927	23799	""osoba2""
""osoba2""		1073.1001	1073100	1094.4	1094400	22.299927	22299	""osoba2""
""osoba2""		1075.5	1075500	1094.4	1094400	19.900024	19900	""osoba2""
""osoba3""		1076.1001	1076100	1077.3	1077300	2.1999512	2199	""osoba3""
""osoba2""		1078.8	1078800	1094.4	1094400	16.599976	16599	""osoba2""
""osoba2""		1082.4	1082400	1094.4	1094400	13.0	13000	""osoba2""
""osoba2""		1083.0	1083000	1094.4	1094400	12.400024	12400	""osoba2""
""osoba1""		1083.6001	1083600	1084.2001	1084200	1.5999756	1599	""osoba1""
""osoba2""		1085.4	1085400	1094.4	1094400	10.0	10000	""osoba2""
""osoba2""		1087.2001	1087200	1094.4	1094400	8.199951	8199	""osoba2""
""osoba2""		1089.3	1089300	1094.4	1094400	6.0999756	6099	""osoba2""
""osoba2""		1092.0	1092000	1094.4	1094400	3.4000244	3400	""osoba2""
""osoba2""		1092.9	1092900	1094.4	1094400	2.5	2500	""osoba2""
""osoba2""		1093.5	1093500	1094.4	1094400	1.9000244	1900	""osoba2""
""osoba1""		1094.7001	1094700	1097.1001	1097100	3.4000244	3400	""osoba1""
""osoba3""		1094.7001	1094700	1094.7001	1094700	1.0	1000	""osoba3""
""osoba2""		1099.2001	1099200	1104.3	1104300	6.0999756	6099	""osoba2""
""osoba2""		1100.1001	1100100	1104.3	1104300	5.199951	5199	""osoba2""
""osoba2""		1102.8	1102800	1104.3	1104300	2.5	2500	""osoba2""
""osoba2""		1103.4	1103400	1104.3	1104300	1.9000244	1900	""osoba2""
""osoba2""		1104.3	1104300	1104.3	1104300	1.0	1000	""osoba2""
""osoba3""		1104.9	1104900	1122.3	1122300	18.400024	18400	""osoba3""
""osoba2""		1108.2001	1108200	1109.7001	1109700	2.5	2500	""osoba2""
""osoba3""		1108.2001	1108200	1122.3	1122300	15.099976	15099	""osoba3""
""osoba3""		1113.3	1113300	1122.3	1122300	10.0	10000	""osoba3""
""osoba3""		1114.2001	1114200	1122.3	1122300	9.099976	9099	""osoba3""
""osoba3""		1117.8	1117800	1122.3	1122300	5.5	5500	""osoba3""
""osoba3""		1118.7001	1118700	1122.3	1122300	4.5999756	4599	""osoba3""
""osoba3""		1119.6001	1119600	1122.3	1122300	3.6999512	3699	""osoba3""
""osoba3""		1120.8	1120800	1122.3	1122300	2.5	2500	""osoba3""
""osoba3""		1122.0	1122000	1122.3	1122300	1.3000488	1300	""osoba3""
""osoba4""		1122.0	1122000	1129.5	1129500	8.5	8500	""osoba4""
""osoba4""		1124.4	1124400	1129.5	1129500	6.0999756	6099	""osoba4""
""osoba4""		1128.6001	1128600	1129.5	1129500	1.8999023	1899	""osoba4""
""osoba3""		1129.2001	1129200	1133.1001	1133100	4.9000244	4900	""osoba3""
""osoba2""		1129.8	1129800	1129.8	1129800	1.0	1000	""osoba2""
""osoba3""		1130.1001	1130100	1133.1001	1133100	4.0	4000	""osoba3""
""osoba3""		1131.0	1131000	1133.1001	1133100	3.1000977	3100	""osoba3""
""osoba3""		1131.6001	1131600	1133.1001	1133100	2.5	2500	""osoba3""
""osoba2""		1132.8	1132800	1143.3	1143300	11.5	11500	""osoba2""
""osoba2""		1134.3	1134300	1143.3	1143300	10.0	10000	""osoba2""
""osoba3""		1138.5	1138500	1153.8	1153800	16.300049	16300	""osoba3""
""osoba4""		1139.7001	1139700	1140.6001	1140600	1.9000244	1900	""osoba4""
""osoba1""		1141.8	1141800	1143.0	1143000	2.1999512	2199	""osoba1""
""osoba3""		1144.2001	1144200	1153.8	1153800	10.599976	10599	""osoba3""
""osoba3""		1144.8	1144800	1153.8	1153800	10.0	10000	""osoba3""
""osoba3""		1145.4	1145400	1153.8	1153800	9.400024	9400	""osoba3""
""osoba3""		1146.0	1146000	1153.8	1153800	8.800049	8800	""osoba3""
""osoba3""		1146.6001	1146600	1153.8	1153800	8.199951	8199	""osoba3""
""osoba1""		1147.2001	1147200	1148.7001	1148700	2.5	2500	""osoba1""
""osoba4""		1147.8	1147800	1148.4	1148400	1.5999756	1599	""osoba4""
""osoba3""		1149.6001	1149600	1153.8	1153800	5.199951	5199	""osoba3""
""osoba3""		1151.7001	1151700	1153.8	1153800	3.0999756	3099	""osoba3""
""osoba3""		1152.3	1152300	1153.8	1153800	2.5	2500	""osoba3""
""osoba3""		1153.2001	1153200	1153.8	1153800	1.5999756	1599	""osoba3""
""osoba4""		1153.5	1153500	1162.5	1162500	10.0	10000	""osoba4""
""osoba2""		1158.0	1158000	1158.9	1158900	1.9000244	1900	""osoba2""
""osoba4""		1158.0	1158000	1162.5	1162500	5.5	5500	""osoba4""
""osoba2""		1162.5	1162500	1165.8	1165800	4.300049	4300	""osoba2""
""osoba2""		1164.0	1164000	1165.8	1165800	2.8000488	2800	""osoba2""
""osoba1""		1165.2001	1165200	1166.4	1166400	2.1999512	2199	""osoba1""
""osoba2""		1165.2001	1165200	1165.8	1165800	1.5999756	1599	""osoba2""
""osoba2""		1170.3	1170300	1178.7001	1178700	9.400024	9400	""osoba2""
""osoba1""		1174.2001	1174200	1177.2001	1177200	4.0	4000	""osoba1""
""osoba2""		1176.0	1176000	1178.7001	1178700	3.7000732	3700	""osoba2""
""osoba2""		1178.7001	1178700	1178.7001	1178700	1.0	1000	""osoba2""
""osoba3""		1178.7001	1178700	1179.3	1179300	1.5999756	1599	""osoba3""
""osoba4""		1179.3	1179300	1184.7001	1184700	6.4000244	6400	""osoba4""
""osoba4""		1180.5	1180500	1184.7001	1184700	5.2000732	5200	""osoba4""
""osoba1""		1182.3	1182300	1185.0	1185000	3.6999512	3699	""osoba1""
""osoba2""		1191.9	1191900	1212.3	1212300	21.400024	21400	""osoba2""
""osoba2""		1196.7001	1196700	1212.3	1212300	16.599976	16599	""osoba2""
""osoba2""		1197.6001	1197600	1212.3	1212300	15.699951	15699	""osoba2""
""osoba2""		1198.8	1198800	1212.3	1212300	14.5	14500	""osoba2""
""osoba2""		1199.7001	1199700	1212.3	1212300	13.599976	13599	""osoba2""
""osoba2""		1200.3	1200300	1212.3	1212300	13.0	13000	""osoba2""
""osoba2""		1201.2001	1201200	1212.3	1212300	12.099976	12099	""osoba2""
""osoba2""		1201.8	1201800	1212.3	1212300	11.5	11500	""osoba2""
""osoba2""		1202.4	1202400	1212.3	1212300	10.900024	10900	""osoba2""
""osoba2""		1203.9	1203900	1212.3	1212300	9.400024	9400	""osoba2""
""osoba2""		1206.3	1206300	1212.3	1212300	7.0	7000	""osoba2""
""osoba2""		1206.9	1206900	1212.3	1212300	6.4000244	6400	""osoba2""
""osoba3""		1208.7001	1208700	1218.9	1218900	11.199951	11199	""osoba3""
""osoba1""		1210.2001	1210200	1212.6001	1212600	3.4000244	3400	""osoba1""
""osoba3""		1211.7001	1211700	1218.9	1218900	8.199951	8199	""osoba3""
""osoba3""		1213.5	1213500	1218.9	1218900	6.4000244	6400	""osoba3""
""osoba4""		1215.6001	1215600	1216.2001	1216200	1.5999756	1599	""osoba4""
""osoba3""		1218.3	1218300	1218.9	1218900	1.5999756	1599	""osoba3""
""osoba2""		1218.9	1218900	1219.5	1219500	1.5999756	1599	""osoba2""
""osoba1""		1219.2001	1219200	1220.4	1220400	2.1999512	2199	""osoba1""
""osoba2""		1224.9	1224900	1232.1001	1232100	8.200073	8200	""osoba2""
""osoba4""		1227.6001	1227600	1233.3	1233300	6.699951	6699	""osoba4""
""osoba4""		1229.1001	1229100	1233.3	1233300	5.199951	5199	""osoba4""
""osoba1""		1229.4	1229400	1229.4	1229400	1.0	1000	""osoba1""
""osoba2""		1229.4	1229400	1232.1001	1232100	3.7000732	3700	""osoba2""
""osoba3""		1231.2001	1231200	1255.8	1255800	25.599976	25599	""osoba3""
""osoba3""		1235.1001	1235100	1255.8	1255800	21.699951	21699	""osoba3""
""osoba1""		1236.9	1236900	1237.5	1237500	1.5999756	1599	""osoba1""
""osoba3""		1237.2001	1237200	1255.8	1255800	19.599976	19599	""osoba3""
""osoba4""		1238.4	1238400	1238.4	1238400	1.0	1000	""osoba4""
""osoba3""		1238.7001	1238700	1255.8	1255800	18.099976	18099	""osoba3""
""osoba3""		1239.6001	1239600	1255.8	1255800	17.199951	17199	""osoba3""
""osoba3""		1240.2001	1240200	1255.8	1255800	16.599976	16599	""osoba3""
""osoba3""		1240.8	1240800	1255.8	1255800	16.0	16000	""osoba3""
""osoba2""		1241.7001	1241700	1242.0	1242000	1.2999268	1299	""osoba2""
""osoba3""		1245.9	1245900	1255.8	1255800	10.900024	10900	""osoba3""
""osoba3""		1246.5	1246500	1255.8	1255800	10.300049	10300	""osoba3""
""osoba3""		1247.7001	1247700	1255.8	1255800	9.099976	9099	""osoba3""
""osoba3""		1250.4	1250400	1255.8	1255800	6.4000244	6400	""osoba3""
""osoba4""		1251.3	1251300	1251.3	1251300	1.0	1000	""osoba4""
""osoba4""		1253.4	1253400	1265.1001	1265100	12.700073	12700	""osoba4""
""osoba4""		1259.4	1259400	1265.1001	1265100	6.7000732	6700	""osoba4""
""osoba1""		1260.0	1260000	1262.7001	1262700	3.7000732	3700	""osoba1""
""osoba4""		1260.0	1260000	1265.1001	1265100	6.1000977	6100	""osoba4""
""osoba4""		1263.3	1263300	1265.1001	1265100	2.8000488	2800	""osoba4""
""osoba3""		1264.8	1264800	1264.8	1264800	1.0	1000	""osoba3""
""osoba2""		1265.1001	1265100	1267.8	1267800	3.6999512	3699	""osoba2""
""osoba2""		1266.3	1266300	1267.8	1267800	2.5	2500	""osoba2""
""osoba1""		1266.9	1266900	1272.3	1272300	6.4000244	6400	""osoba1""
""osoba3""		1269.9	1269900	1269.9	1269900	1.0	1000	""osoba3""
""osoba2""		1270.8	1270800	1271.1001	1271100	1.3000488	1300	""osoba2""
""osoba3""		1279.2001	1279200	1296.0	1296000	17.799927	17799	""osoba3""
""osoba3""		1281.6001	1281600	1296.0	1296000	15.399902	15399	""osoba3""
""osoba3""		1284.3	1284300	1296.0	1296000	12.699951	12699	""osoba3""
""osoba1""		1284.6001	1284600	1286.4	1286400	2.7999268	2799	""osoba1""
""osoba3""		1284.9	1284900	1296.0	1296000	12.099976	12099	""osoba3""
""osoba3""		1287.6001	1287600	1296.0	1296000	9.399902	9399	""osoba3""
""osoba3""		1289.1001	1289100	1296.0	1296000	7.8999023	7899	""osoba3""
""osoba2""		1289.7001	1289700	1289.7001	1289700	1.0	1000	""osoba2""
""osoba3""		1290.3	1290300	1296.0	1296000	6.699951	6699	""osoba3""
""osoba3""		1290.9	1290900	1296.0	1296000	6.0999756	6099	""osoba3""
""osoba3""		1291.5	1291500	1296.0	1296000	5.5	5500	""osoba3""
""osoba3""		1293.3	1293300	1296.0	1296000	3.6999512	3699	""osoba3""
""osoba3""		1294.5	1294500	1296.0	1296000	2.5	2500	""osoba3""
""osoba1""		1295.7001	1295700	1296.6001	1296600	1.9000244	1900	""osoba1""
""osoba3""		1300.8	1300800	1304.4	1304400	4.5999756	4599	""osoba3""
""osoba3""		1303.2001	1303200	1304.4	1304400	2.1999512	2199	""osoba3""
""osoba1""		1304.4	1304400	1305.9	1305900	2.5	2500	""osoba1""
""osoba4""		1306.2001	1306200	1314.6001	1314600	9.400024	9400	""osoba4""
""osoba4""		1307.4	1307400	1314.6001	1314600	8.200073	8200	""osoba4""
""osoba2""		1308.6001	1308600	1308.6001	1308600	1.0	1000	""osoba2""
""osoba4""		1313.4	1313400	1314.6001	1314600	2.2000732	2200	""osoba4""
""osoba1""		1314.6001	1314600	1315.8	1315800	2.1999512	2199	""osoba1""
""osoba2""		1315.5	1315500	1315.8	1315800	1.3000488	1300	""osoba2""
""osoba4""		1322.4	1322400	1325.1001	1325100	3.7000732	3700	""osoba4""
""osoba1""		1323.6001	1323600	1326.9	1326900	4.2999268	4299	""osoba1""
""osoba4""		1323.6001	1323600	1325.1001	1325100	2.5	2500	""osoba4""
""osoba2""		1325.1001	1325100	1329.9	1329900	5.7999268	5799	""osoba2""
""osoba2""		1326.9	1326900	1329.9	1329900	4.0	4000	""osoba2""
""osoba2""		1328.7001	1328700	1329.9	1329900	2.1999512	2199	""osoba2""
""osoba1""		1329.0	1329000	1329.3	1329300	1.3000488	1300	""osoba1""
""osoba4""		1329.3	1329300	1345.2001	1345200	16.900024	16900	""osoba4""
""osoba4""		1331.7001	1331700	1345.2001	1345200	14.5	14500	""osoba4""
""osoba4""		1332.3	1332300	1345.2001	1345200	13.900024	13900	""osoba4""
""osoba4""		1333.2001	1333200	1345.2001	1345200	13.0	13000	""osoba4""
""osoba4""		1334.1001	1334100	1345.2001	1345200	12.099976	12099	""osoba4""
""osoba4""		1335.3	1335300	1345.2001	1345200	10.900024	10900	""osoba4""
""osoba4""		1338.6001	1338600	1345.2001	1345200	7.5999756	7599	""osoba4""
""osoba4""		1340.1001	1340100	1345.2001	1345200	6.0999756	6099	""osoba4""
""osoba4""		1341.6001	1341600	1345.2001	1345200	4.5999756	4599	""osoba4""
""osoba4""		1343.7001	1343700	1345.2001	1345200	2.5	2500	""osoba4""
""osoba1""		1345.2001	1345200	1346.7001	1346700	2.5	2500	""osoba1""
""osoba3""		1345.2001	1345200	1361.7001	1361700	17.5	17500	""osoba3""
""osoba3""		1347.9	1347900	1361.7001	1361700	14.800049	14800	""osoba3""
""osoba3""		1348.8	1348800	1361.7001	1361700	13.900024	13900	""osoba3""
""osoba3""		1350.6001	1350600	1361.7001	1361700	12.099976	12099	""osoba3""
""osoba3""		1352.7001	1352700	1361.7001	1361700	10.0	10000	""osoba3""
""osoba2""		1353.3	1353300	1353.9	1353900	1.5999756	1599	""osoba2""
""osoba3""		1354.2001	1354200	1361.7001	1361700	8.5	8500	""osoba3""
""osoba4""		1356.9	1356900	1358.1001	1358100	2.2000732	2200	""osoba4""
""osoba1""		1358.4	1358400	1359.6001	1359600	2.2000732	2200	""osoba1""
""osoba3""		1358.4	1358400	1361.7001	1361700	4.300049	4300	""osoba3""
""osoba4""		1362.0	1362000	1364.4	1364400	3.4000244	3400	""osoba4""
""osoba4""		1363.2001	1363200	1364.4	1364400	2.1999512	2199	""osoba4""
""osoba2""		1364.7001	1364700	1364.7001	1364700	1.0	1000	""osoba2""
""osoba1""		1365.0	1365000	1365.9	1365900	1.9000244	1900	""osoba1""
""osoba3""		1369.2001	1369200	1370.7001	1370700	2.5	2500	""osoba3""
""osoba4""		1369.2001	1369200	1393.8	1393800	25.599976	25599	""osoba4""
""osoba4""		1372.8	1372800	1393.8	1393800	22.0	22000	""osoba4""
""osoba4""		1373.7001	1373700	1393.8	1393800	21.099976	21099	""osoba4""
""osoba4""		1374.3	1374300	1393.8	1393800	20.5	20500	""osoba4""
""osoba2""		1374.6001	1374600	1376.4	1376400	2.7999268	2799	""osoba2""
""osoba4""		1378.8	1378800	1393.8	1393800	16.0	16000	""osoba4""
""osoba4""		1380.6001	1380600	1393.8	1393800	14.199951	14199	""osoba4""
""osoba4""		1381.2001	1381200	1393.8	1393800	13.599976	13599	""osoba4""
""osoba4""		1384.2001	1384200	1393.8	1393800	10.599976	10599	""osoba4""
""osoba4""		1385.7001	1385700	1393.8	1393800	9.099976	9099	""osoba4""
""osoba4""		1386.3	1386300	1393.8	1393800	8.5	8500	""osoba4""
""osoba1""		1387.8	1387800	1388.4	1388400	1.5999756	1599	""osoba1""
""osoba4""		1389.6001	1389600	1393.8	1393800	5.199951	5199	""osoba4""
""osoba4""		1390.2001	1390200	1393.8	1393800	4.5999756	4599	""osoba4""
""osoba2""		1390.8	1390800	1391.1001	1391100	1.3000488	1300	""osoba2""
""osoba4""		1392.6001	1392600	1393.8	1393800	2.1999512	2199	""osoba4""
""osoba2""		1393.8	1393800	1401.9	1401900	9.099976	9099	""osoba2""
""osoba4""		1393.8	1393800	1393.8	1393800	1.0	1000	""osoba4""
""osoba2""		1398.3	1398300	1401.9	1401900	4.5999756	4599	""osoba2""
""osoba2""		1400.1001	1400100	1401.9	1401900	2.7999268	2799	""osoba2""
""osoba3""		1400.4	1400400	1402.8	1402800	3.4000244	3400	""osoba3""
""osoba4""		1401.3	1401300	1412.1001	1412100	11.800049	11800	""osoba4""
""osoba4""		1402.5	1402500	1412.1001	1412100	10.600098	10600	""osoba4""
""osoba4""		1403.7001	1403700	1412.1001	1412100	9.400024	9400	""osoba4""
""osoba4""		1404.9	1404900	1412.1001	1412100	8.200073	8200	""osoba4""
""osoba4""		1406.7001	1406700	1412.1001	1412100	6.4000244	6400	""osoba4""
""osoba1""		1412.1001	1412100	1415.1001	1415100	4.0	4000	""osoba1""
""osoba3""		1415.4	1415400	1444.5	1444500	30.099976	30099	""osoba3""
""osoba3""		1416.3	1416300	1444.5	1444500	29.199951	29199	""osoba3""
""osoba1""		1418.7001	1418700	1418.7001	1418700	1.0	1000	""osoba1""
""osoba3""		1419.6001	1419600	1444.5	1444500	25.899902	25899	""osoba3""
""osoba3""		1420.2001	1420200	1444.5	1444500	25.299927	25299	""osoba3""
""osoba1""		1421.7001	1421700	1422.3	1422300	1.5999756	1599	""osoba1""
""osoba2""		1421.7001	1421700	1422.9	1422900	2.1999512	2199	""osoba2""
""osoba3""		1428.3	1428300	1444.5	1444500	17.199951	17199	""osoba3""
""osoba3""		1428.9	1428900	1444.5	1444500	16.599976	16599	""osoba3""
""osoba3""		1429.5	1429500	1444.5	1444500	16.0	16000	""osoba3""
""osoba4""		1429.5	1429500	1430.7001	1430700	2.2000732	2200	""osoba4""
""osoba3""		1430.7001	1430700	1444.5	1444500	14.799927	14799	""osoba3""
""osoba3""		1432.8	1432800	1444.5	1444500	12.699951	12699	""osoba3""
""osoba3""		1434.9	1434900	1444.5	1444500	10.599976	10599	""osoba3""
""osoba3""		1435.5	1435500	1444.5	1444500	10.0	10000	""osoba3""
""osoba3""		1440.3	1440300	1444.5	1444500	5.199951	5199	""osoba3""
""osoba2""		1443.6001	1443600	1450.2001	1450200	7.5999756	7599	""osoba2""
""osoba3""		1443.6001	1443600	1444.5	1444500	1.8999023	1899	""osoba3""
""osoba2""		1446.3	1446300	1450.2001	1450200	4.9000244	4900	""osoba2""
""osoba4""		1446.6001	1446600	1447.5	1447500	1.8999023	1899	""osoba4""
""osoba2""		1449.0	1449000	1450.2001	1450200	2.2000732	2200	""osoba2""
""osoba1""		1450.2001	1450200	1453.2001	1453200	4.0	4000	""osoba1""
""osoba3""		1452.0	1452000	1453.5	1453500	2.5	2500	""osoba3""
""osoba2""		1453.8	1453800	1460.4	1460400	7.5999756	7599	""osoba2""
""osoba2""		1455.9	1455900	1460.4	1460400	5.5	5500	""osoba2""
""osoba2""		1457.4	1457400	1460.4	1460400	4.0	4000	""osoba2""
""osoba2""		1458.0	1458000	1460.4	1460400	3.4000244	3400	""osoba2""
""osoba3""		1458.9	1458900	1458.9	1458900	1.0	1000	""osoba3""
""osoba1""		1460.1001	1460100	1463.4	1463400	4.2999268	4299	""osoba1""
""osoba4""		1461.3	1461300	1462.2001	1462200	1.9000244	1900	""osoba4""
""osoba3""		1464.3	1464300	1464.3	1464300	1.0	1000	""osoba3""
""osoba2""		1471.2001	1471200	1473.9	1473900	3.6999512	3699	""osoba2""
""osoba2""		1472.7001	1472700	1473.9	1473900	2.1999512	2199	""osoba2""
""osoba3""		1474.2001	1474200	1489.2001	1489200	16.0	16000	""osoba3""
""osoba1""		1474.8	1474800	1476.0	1476000	2.1999512	2199	""osoba1""
""osoba3""		1478.1001	1478100	1489.2001	1489200	12.099976	12099	""osoba3""
""osoba3""		1481.4	1481400	1489.2001	1489200	8.800049	8800	""osoba3""
""osoba3""		1482.6001	1482600	1489.2001	1489200	7.5999756	7599	""osoba3""
""osoba1""		1483.8	1483800	1483.8	1483800	1.0	1000	""osoba1""
""osoba3""		1483.8	1483800	1489.2001	1489200	6.4000244	6400	""osoba3""
""osoba1""		1489.5	1489500	1495.2001	1495200	6.7000732	6700	""osoba1""
""osoba4""		1493.4	1493400	1500.0	1500000	7.5999756	7599	""osoba4""
""osoba4""		1497.3	1497300	1500.0	1500000	3.6999512	3699	""osoba4""
""osoba2""		1497.6001	1497600	1508.4	1508400	11.799927	11799	""osoba2""
""osoba2""		1501.5	1501500	1508.4	1508400	7.9000244	7900	""osoba2""
""osoba2""		1502.4	1502400	1508.4	1508400	7.0	7000	""osoba2""
""osoba2""		1503.3	1503300	1508.4	1508400	6.0999756	6099	""osoba2""
""osoba2""		1503.9	1503900	1508.4	1508400	5.5	5500	""osoba2""
""osoba3""		1503.9	1503900	1504.2001	1504200	1.3000488	1300	""osoba3""
""osoba2""		1506.0	1506000	1508.4	1508400	3.4000244	3400	""osoba2""
""osoba2""		1507.5	1507500	1508.4	1508400	1.9000244	1900	""osoba2""
""osoba1""		1508.7001	1508700	1509.0	1509000	1.2999268	1299	""osoba1""
""osoba3""		1510.5	1510500	1512.9	1512900	3.4000244	3400	""osoba3""
""osoba3""		1511.7001	1511700	1512.9	1512900	2.1999512	2199	""osoba3""
""osoba1""		1512.0	1512000	1515.3	1515300	4.300049	4300	""osoba1""
""osoba4""		1518.9	1518900	1520.7001	1520700	2.8000488	2800	""osoba4""
""osoba4""		1519.8	1519800	1520.7001	1520700	1.9000244	1900	""osoba4""
""osoba3""		1520.4	1520400	1522.5	1522500	3.0999756	3099	""osoba3""
""osoba1""		1520.7001	1520700	1526.1001	1526100	6.4000244	6400	""osoba1""
""osoba4""		1520.7001	1520700	1520.7001	1520700	1.0	1000	""osoba4""
""osoba4""		1532.4	1532400	1539.3	1539300	7.9000244	7900	""osoba4""
""osoba4""		1533.3	1533300	1539.3	1539300	7.0	7000	""osoba4""
""osoba4""		1533.9	1533900	1539.3	1539300	6.4000244	6400	""osoba4""
""osoba4""		1536.0	1536000	1539.3	1539300	4.300049	4300	""osoba4""
""osoba4""		1536.9	1536900	1539.3	1539300	3.4000244	3400	""osoba4""
""osoba2""		1539.0001	1539000	1562.7001	1562700	24.699951	24699	""osoba2""
""osoba3""		1539.0001	1539000	1542.3	1542300	4.2999268	4299	""osoba3""
""osoba2""		1544.1001	1544100	1562.7001	1562700	19.599976	19599	""osoba2""
""osoba2""		1544.7001	1544700	1562.7001	1562700	19.0	19000	""osoba2""
""osoba2""		1545.6001	1545600	1562.7001	1562700	18.099976	18099	""osoba2""
""osoba2""		1546.5001	1546500	1562.7001	1562700	17.199951	17199	""osoba2""
""osoba2""		1547.1001	1547100	1562.7001	1562700	16.599976	16599	""osoba2""
""osoba4""		1547.1001	1547100	1548.9	1548900	2.7999268	2799	""osoba4""
""osoba1""		1547.7001	1547700	1549.2001	1549200	2.5	2500	""osoba1""
""osoba2""		1551.0001	1551000	1562.7001	1562700	12.699951	12699	""osoba2""
""osoba3""		1551.6001	1551600	1552.5001	1552500	1.9000244	1900	""osoba3""
""osoba3""		1552.2001	1552200	1552.5001	1552500	1.3000488	1300	""osoba3""
""osoba2""		1552.8	1552800	1562.7001	1562700	10.900024	10900	""osoba2""
""osoba2""		1555.5001	1555500	1562.7001	1562700	8.199951	8199	""osoba2""
""osoba1""		1560.0001	1560000	1569.0001	1569000	10.0	10000	""osoba1""
""osoba2""		1562.7001	1562700	1562.7001	1562700	1.0	1000	""osoba2""
""osoba4""		1566.0001	1566000	1568.7001	1568700	3.6999512	3699	""osoba4""
""osoba3""		1566.3	1566300	1568.4	1568400	3.0999756	3099	""osoba3""
""osoba2""		1569.9	1569900	1587.9	1587900	19.0	19000	""osoba2""
""osoba4""		1571.1001	1571100	1574.1001	1574100	4.0	4000	""osoba4""
""osoba1""		1572.9	1572900	1574.4	1574400	2.5	2500	""osoba1""
""osoba2""		1572.9	1572900	1587.9	1587900	16.0	16000	""osoba2""
""osoba4""		1573.2001	1573200	1574.1001	1574100	1.9000244	1900	""osoba4""
""osoba2""		1580.4	1580400	1587.9	1587900	8.5	8500	""osoba2""
""osoba2""		1581.6001	1581600	1587.9	1587900	7.2999268	7299	""osoba2""
""osoba2""		1582.2001	1582200	1587.9	1587900	6.699951	6699	""osoba2""
""osoba2""		1583.7001	1583700	1587.9	1587900	5.199951	5199	""osoba2""
""osoba2""		1584.6001	1584600	1587.9	1587900	4.2999268	4299	""osoba2""
""osoba1""		1584.9	1584900	1589.4	1589400	5.5	5500	""osoba1""
""osoba3""		1588.8	1588800	1588.8	1588800	1.0	1000	""osoba3""
""osoba4""		1591.5001	1591500	1595.7001	1595700	5.199951	5199	""osoba4""
""osoba1""		1594.8	1594800	1598.4	1598400	4.5999756	4599	""osoba1""
""osoba2""		1595.1001	1595100	1596.0001	1596000	1.9000244	1900	""osoba2""
""osoba2""		1606.2001	1606200	1612.8	1612800	7.5999756	7599	""osoba2""
""osoba2""		1607.7001	1607700	1612.8	1612800	6.0999756	6099	""osoba2""
""osoba3""		1608.3	1608300	1608.3	1608300	1.0	1000	""osoba3""
""osoba2""		1610.4	1610400	1612.8	1612800	3.4000244	3400	""osoba2""
""osoba4""		1612.2001	1612200	1617.3	1617300	6.0999756	6099	""osoba4""
""osoba4""		1614.6001	1614600	1617.3	1617300	3.6999512	3699	""osoba4""
""osoba1""		1614.9	1614900	1615.5001	1615500	1.6000977	1600	""osoba1""
""osoba3""		1616.7001	1616700	1620.3	1620300	4.5999756	4599	""osoba3""
""osoba3""		1619.1001	1619100	1620.3	1620300	2.1999512	2199	""osoba3""
