"default"		0.0	0	1.0	1000	1.0	1000	BEGIN
"default"		1620.3	1620300	1620.31	1621300	1.0	1000	END
""osoba2""		6.6000004	6600	11.1	11100	5.5	5500	""osoba2""
""osoba2""		7.2000003	7200	11.1	11100	4.9	4900	""osoba2""
""osoba2""		9.3	9300	11.1	11100	2.8000002	2800	""osoba2""
""osoba3""		10.8	10800	11.700001	11700	1.9000006	1900	""osoba3""
""osoba2""		15.6	15600	45.9	45900	31.300001	31300	""osoba2""
""osoba2""		17.1	17100	45.9	45900	29.800001	29800	""osoba2""
""osoba4""		17.1	17100	18.0	18000	1.8999996	1899	""osoba4""
""osoba1""		18.6	18600	19.5	19500	1.8999996	1899	""osoba1""
""osoba4""		21.6	21600	22.800001	22800	2.2000008	2200	""osoba4""
""osoba2""		23.7	23700	45.9	45900	23.2	23200	""osoba2""
""osoba2""		26.1	26100	45.9	45900	20.800001	20800	""osoba2""
""osoba2""		26.7	26700	45.9	45900	20.2	20200	""osoba2""
""osoba2""		28.500002	28500	45.9	45900	18.4	18400	""osoba2""
""osoba2""		29.1	29100	45.9	45900	17.800001	17800	""osoba2""
""osoba2""		31.500002	31500	45.9	45900	15.4	15400	""osoba2""
""osoba3""		32.100002	32100	32.7	32700	1.5999985	1599	""osoba3""
""osoba2""		38.100002	38100	45.9	45900	8.799999	8799	""osoba2""
""osoba4""		38.100002	38100	38.7	38700	1.5999985	1599	""osoba4""
""osoba2""		39.300003	39300	45.9	45900	7.5999985	7599	""osoba2""
""osoba2""		40.5	40500	45.9	45900	6.4000015	6400	""osoba2""
""osoba2""		42.600002	42600	45.9	45900	4.299999	4299	""osoba2""
""osoba3""		45.9	45900	47.100002	47100	2.2000008	2200	""osoba3""
""osoba2""		52.2	52200	53.100002	53100	1.9000015	1900	""osoba2""
""osoba2""		52.800003	52800	53.100002	53100	1.2999992	1299	""osoba2""
""osoba1""		53.7	53700	73.200005	73200	20.500004	20500	""osoba1""
""osoba1""		54.300003	54300	73.200005	73200	19.900002	19900	""osoba1""
""osoba1""		54.9	54900	73.200005	73200	19.300003	19300	""osoba1""
""osoba4""		57.000004	57000	57.000004	57000	1.0	1000	""osoba4""
""osoba1""		57.300003	57300	73.200005	73200	16.900002	16900	""osoba1""
""osoba1""		58.2	58200	73.200005	73200	16.000004	16000	""osoba1""
""osoba1""		59.100002	59100	73.200005	73200	15.100002	15100	""osoba1""
""osoba1""		60.000004	60000	73.200005	73200	14.200001	14200	""osoba1""
""osoba3""		60.000004	60000	60.300003	60300	1.2999992	1299	""osoba3""
""osoba1""		61.800003	61800	73.200005	73200	12.400002	12400	""osoba1""
""osoba1""		62.7	62700	73.200005	73200	11.500004	11500	""osoba1""
""osoba1""		64.8	64800	73.200005	73200	9.400002	9400	""osoba1""
""osoba4""		65.100006	65100	65.100006	65100	1.0	1000	""osoba4""
""osoba1""		66.9	66900	73.200005	73200	7.300003	7300	""osoba1""
""osoba3""		68.4	68400	68.4	68400	1.0	1000	""osoba3""
""osoba1""		69.9	69900	73.200005	73200	4.300003	4300	""osoba1""
""osoba4""		71.4	71400	71.700005	71700	1.300003	1300	""osoba4""
""osoba2""		73.5	73500	88.8	88800	16.300003	16300	""osoba2""
""osoba2""		74.4	74400	88.8	88800	15.400002	15400	""osoba2""
""osoba2""		75.600006	75600	88.8	88800	14.199997	14199	""osoba2""
""osoba2""		79.200005	79200	88.8	88800	10.599998	10599	""osoba2""
""osoba4""		79.5	79500	79.5	79500	1.0	1000	""osoba4""
""osoba2""		79.8	79800	88.8	88800	10.0	10000	""osoba2""
""osoba2""		81.3	81300	88.8	88800	8.5	8500	""osoba2""
""osoba2""		81.9	81900	88.8	88800	7.9000015	7900	""osoba2""
""osoba2""		82.5	82500	88.8	88800	7.300003	7300	""osoba2""
""osoba2""		83.100006	83100	88.8	88800	6.699997	6699	""osoba2""
""osoba2""		85.200005	85200	88.8	88800	4.5999985	4599	""osoba2""
""osoba3""		85.8	85800	85.8	85800	1.0	1000	""osoba3""
""osoba2""		87.0	87000	88.8	88800	2.800003	2800	""osoba2""
""osoba2""		87.600006	87600	88.8	88800	2.199997	2199	""osoba2""
""osoba4""		88.8	88800	92.100006	92100	4.300003	4300	""osoba4""
""osoba3""		90.0	90000	90.0	90000	1.0	1000	""osoba3""
""osoba1""		91.200005	91200	100.200005	100200	10.0	10000	""osoba1""
""osoba2""		92.100006	92100	92.700005	92700	1.5999985	1599	""osoba2""
""osoba1""		94.200005	94200	100.200005	100200	7.0	7000	""osoba1""
""osoba1""		96.0	96000	100.200005	100200	5.2000046	5200	""osoba1""
""osoba1""		97.8	97800	100.200005	100200	3.4000015	3400	""osoba1""
""osoba4""		99.3	99300	114.9	114900	16.599998	16599	""osoba4""
""osoba2""		100.200005	100200	100.50001	100500	1.300003	1300	""osoba2""
""osoba4""		102.600006	102600	114.9	114900	13.299995	13299	""osoba4""
""osoba4""		103.8	103800	114.9	114900	12.099998	12099	""osoba4""
""osoba2""		108.00001	108000	108.3	108300	1.2999954	1299	""osoba2""
""osoba2""		113.4	113400	120.3	120300	7.9000015	7900	""osoba2""
""osoba4""		113.4	113400	114.9	114900	2.5	2500	""osoba4""
""osoba4""		118.50001	118500	126.3	126300	8.799995	8799	""osoba4""
""osoba2""		120.00001	120000	120.3	120300	1.2999954	1299	""osoba2""
""osoba3""		120.600006	120600	120.600006	120600	1.0	1000	""osoba3""
""osoba4""		123.600006	123600	126.3	126300	3.699997	3699	""osoba4""
""osoba4""		124.50001	124500	126.3	126300	2.7999954	2799	""osoba4""
""osoba2""		126.00001	126000	131.1	131100	6.0999985	6099	""osoba2""
""osoba2""		130.5	130500	131.1	131100	1.6000061	1600	""osoba2""
""osoba3""		131.40001	131400	133.20001	133200	2.800003	2800	""osoba3""
""osoba1""		132.6	132600	135.0	135000	3.399994	3399	""osoba1""
""osoba2""		134.1	134100	197.40001	197400	64.3	64300	""osoba2""
""osoba4""		135.6	135600	138.6	138600	4.0	4000	""osoba4""
""osoba2""		136.20001	136200	197.40001	197400	62.199997	62199	""osoba2""
""osoba2""		137.40001	137400	197.40001	197400	61.0	61000	""osoba2""
""osoba4""		137.40001	137400	138.6	138600	2.199997	2199	""osoba4""
""osoba1""		141.6	141600	143.70001	143700	3.100006	3100	""osoba1""
""osoba2""		144.6	144600	197.40001	197400	53.800003	53800	""osoba2""
""osoba2""		147.0	147000	197.40001	197400	51.40001	51400	""osoba2""
""osoba2""		150.0	150000	197.40001	197400	48.40001	48400	""osoba2""
""osoba1""		152.1	152100	153.6	153600	2.5	2500	""osoba1""
""osoba2""		154.8	154800	197.40001	197400	43.600006	43600	""osoba2""
""osoba2""		156.6	156600	197.40001	197400	41.800003	41800	""osoba2""
""osoba2""		157.5	157500	197.40001	197400	40.90001	40900	""osoba2""
""osoba2""		158.70001	158700	197.40001	197400	39.699997	39699	""osoba2""
""osoba2""		160.5	160500	197.40001	197400	37.90001	37900	""osoba2""
""osoba2""		161.70001	161700	197.40001	197400	36.699997	36699	""osoba2""
""osoba2""		165.3	165300	197.40001	197400	33.100006	33100	""osoba2""
""osoba3""		165.6	165600	167.1	167100	2.5	2500	""osoba3""
""osoba2""		169.5	169500	197.40001	197400	28.90001	28900	""osoba2""
""osoba1""		170.70001	170700	171.3	171300	1.5999908	1599	""osoba1""
""osoba2""		174.3	174300	197.40001	197400	24.100006	24100	""osoba2""
""osoba4""		175.5	175500	176.70001	176700	2.2000122	2200	""osoba4""
""osoba2""		179.1	179100	197.40001	197400	19.300003	19300	""osoba2""
""osoba4""		179.70001	179700	180.3	180300	1.5999908	1599	""osoba4""
""osoba1""		183.6	183600	183.90001	183900	1.300003	1300	""osoba1""
""osoba2""		185.40001	185400	197.40001	197400	13.0	13000	""osoba2""
""osoba4""		188.1	188100	188.70001	188700	1.6000061	1600	""osoba4""
""osoba2""		189.0	189000	197.40001	197400	9.400009	9400	""osoba2""
""osoba2""		191.40001	191400	197.40001	197400	7.0	7000	""osoba2""
""osoba2""		192.90001	192900	197.40001	197400	5.5	5500	""osoba2""
""osoba2""		195.6	195600	197.40001	197400	2.800003	2800	""osoba2""
""osoba2""		196.8	196800	197.40001	197400	1.6000061	1600	""osoba2""
""osoba1""		197.70001	197700	203.70001	203700	7.0	7000	""osoba1""
""osoba1""		200.1	200100	203.70001	203700	4.600006	4600	""osoba1""
""osoba1""		201.00002	201000	203.70001	203700	3.699997	3699	""osoba1""
""osoba1""		202.8	202800	203.70001	203700	1.9000092	1900	""osoba1""
""osoba4""		204.00002	204000	210.90001	210900	7.899994	7899	""osoba4""
""osoba4""		204.90001	204900	210.90001	210900	7.0	7000	""osoba4""
""osoba3""		205.8	205800	205.8	205800	1.0	1000	""osoba3""
""osoba2""		207.90001	207900	207.90001	207900	1.0	1000	""osoba2""
""osoba4""		208.20001	208200	210.90001	210900	3.699997	3699	""osoba4""
""osoba4""		209.70001	209700	210.90001	210900	2.199997	2199	""osoba4""
""osoba3""		210.3	210300	210.6	210600	1.300003	1300	""osoba3""
""osoba1""		211.20001	211200	217.50002	217500	7.300003	7300	""osoba1""
""osoba1""		213.3	213300	217.50002	217500	5.200012	5200	""osoba1""
""osoba1""		216.00002	216000	217.50002	217500	2.5	2500	""osoba1""
""osoba1""		216.90001	216900	217.50002	217500	1.6000061	1600	""osoba1""
""osoba2""		217.20001	217200	219.00002	219000	2.800003	2800	""osoba2""
""osoba4""		218.1	218100	221.1	221100	4.0	4000	""osoba4""
""osoba2""		218.40001	218400	219.00002	219000	1.6000061	1600	""osoba2""
""osoba2""		221.1	221100	222.90001	222900	2.800003	2800	""osoba2""
""osoba1""		222.3	222300	224.1	224100	2.800003	2800	""osoba1""
""osoba2""		222.6	222600	222.90001	222900	1.300003	1300	""osoba2""
""osoba4""		223.20001	223200	226.8	226800	4.599991	4599	""osoba4""
""osoba3""		225.6	225600	226.20001	226200	1.6000061	1600	""osoba3""
""osoba1""		226.8	226800	230.70001	230700	4.900009	4900	""osoba1""
""osoba2""		228.00002	228000	245.40001	245400	18.399994	18399	""osoba2""
""osoba1""		229.20001	229200	230.70001	230700	2.5	2500	""osoba1""
""osoba2""		233.70001	233700	245.40001	245400	12.699997	12699	""osoba2""
""osoba2""		234.6	234600	245.40001	245400	11.800003	11800	""osoba2""
""osoba2""		237.00002	237000	245.40001	245400	9.399994	9399	""osoba2""
""osoba2""		238.20001	238200	245.40001	245400	8.199997	8199	""osoba2""
""osoba2""		239.1	239100	245.40001	245400	7.300003	7300	""osoba2""
""osoba2""		241.8	241800	245.40001	245400	4.600006	4600	""osoba2""
""osoba2""		243.00002	243000	245.40001	245400	3.399994	3399	""osoba2""
""osoba3""		243.6	243600	250.20001	250200	7.600006	7600	""osoba3""
""osoba1""		252.6	252600	257.40002	257400	5.8000183	5800	""osoba1""
""osoba1""		253.20001	253200	257.40002	257400	5.200012	5200	""osoba1""
""osoba1""		254.70001	254700	257.40002	257400	3.7000122	3700	""osoba1""
""osoba1""		256.5	256500	257.40002	257400	1.9000244	1900	""osoba1""
""osoba3""		256.5	256500	258.6	258600	3.100006	3100	""osoba3""
""osoba1""		265.2	265200	269.40002	269400	5.200012	5200	""osoba1""
""osoba1""		268.5	268500	269.40002	269400	1.9000244	1900	""osoba1""
""osoba2""		268.5	268500	288.0	288000	20.5	20500	""osoba2""
""osoba1""		272.1	272100	273.0	273000	1.8999939	1899	""osoba1""
""osoba2""		272.1	272100	288.0	288000	16.899994	16899	""osoba2""
""osoba2""		277.5	277500	288.0	288000	11.5	11500	""osoba2""
""osoba2""		278.1	278100	288.0	288000	10.899994	10899	""osoba2""
""osoba2""		279.0	279000	288.0	288000	10.0	10000	""osoba2""
""osoba2""		282.30002	282300	288.0	288000	6.6999817	6699	""osoba2""
""osoba2""		283.5	283500	288.0	288000	5.5	5500	""osoba2""
""osoba2""		284.7	284700	288.0	288000	4.299988	4299	""osoba2""
""osoba2""		285.6	285600	288.0	288000	3.399994	3399	""osoba2""
""osoba2""		286.80002	286800	288.0	288000	2.1999817	2199	""osoba2""
""osoba1""		287.40002	287400	292.5	292500	6.0999756	6099	""osoba1""
""osoba1""		289.2	289200	292.5	292500	4.299988	4299	""osoba1""
""osoba4""		289.2	289200	289.80002	289800	1.6000061	1600	""osoba4""
""osoba2""		290.7	290700	314.1	314100	24.399994	24399	""osoba2""
""osoba1""		291.90002	291900	292.5	292500	1.5999756	1599	""osoba1""
""osoba2""		294.6	294600	314.1	314100	20.5	20500	""osoba2""
""osoba2""		296.1	296100	314.1	314100	19.0	19000	""osoba2""
""osoba2""		297.6	297600	314.1	314100	17.5	17500	""osoba2""
""osoba2""		299.1	299100	314.1	314100	16.0	16000	""osoba2""
""osoba2""		306.0	306000	314.1	314100	9.100006	9100	""osoba2""
""osoba2""		306.6	306600	314.1	314100	8.5	8500	""osoba2""
""osoba2""		310.80002	310800	314.1	314100	4.299988	4299	""osoba2""
""osoba2""		312.90002	312900	314.1	314100	2.1999817	2199	""osoba2""
""osoba4""		313.5	313500	331.80002	331800	19.300018	19300	""osoba4""
""osoba1""		314.1	314100	314.1	314100	1.0	1000	""osoba1""
""osoba4""		319.2	319200	331.80002	331800	13.600006	13600	""osoba4""
""osoba4""		320.7	320700	331.80002	331800	12.100006	12100	""osoba4""
""osoba4""		321.6	321600	331.80002	331800	11.200012	11200	""osoba4""
""osoba4""		323.40002	323400	331.80002	331800	9.399994	9399	""osoba4""
""osoba4""		325.5	325500	331.80002	331800	7.3000183	7300	""osoba4""
""osoba3""		329.7	329700	330.0	330000	1.2999878	1299	""osoba3""
""osoba4""		330.90002	330900	331.80002	331800	1.8999939	1899	""osoba4""
""osoba2""		331.2	331200	352.2	352200	22.0	22000	""osoba2""
""osoba2""		332.7	332700	352.2	352200	20.5	20500	""osoba2""
""osoba1""		333.0	333000	333.6	333600	1.6000061	1600	""osoba1""
""osoba2""		335.40002	335400	352.2	352200	17.799988	17799	""osoba2""
""osoba2""		337.2	337200	352.2	352200	16.0	16000	""osoba2""
""osoba2""		344.40002	344400	352.2	352200	8.799988	8799	""osoba2""
""osoba2""		346.5	346500	352.2	352200	6.700012	6700	""osoba2""
""osoba2""		348.0	348000	352.2	352200	5.200012	5200	""osoba2""
""osoba4""		348.0	348000	348.0	348000	1.0	1000	""osoba4""
""osoba2""		349.5	349500	352.2	352200	3.7000122	3700	""osoba2""
""osoba2""		350.1	350100	352.2	352200	3.100006	3100	""osoba2""
""osoba2""		350.7	350700	352.2	352200	2.5	2500	""osoba2""
""osoba2""		351.6	351600	352.2	352200	1.6000061	1600	""osoba2""
""osoba1""		352.5	352500	358.5	358500	7.0	7000	""osoba1""
""osoba1""		354.30002	354300	358.5	358500	5.1999817	5199	""osoba1""
""osoba1""		357.90002	357900	358.5	358500	1.5999756	1599	""osoba1""
""osoba2""		358.80002	358800	359.1	359100	1.2999878	1299	""osoba2""
""osoba4""		359.1	359100	370.80002	370800	12.700012	12700	""osoba4""
""osoba4""		361.5	361500	370.80002	370800	10.300018	10300	""osoba4""
""osoba1""		362.7	362700	363.6	363600	1.8999939	1899	""osoba1""
""osoba4""		364.2	364200	370.80002	370800	7.600006	7600	""osoba4""
""osoba4""		367.2	367200	370.80002	370800	4.600006	4600	""osoba4""
""osoba4""		367.80002	367800	370.80002	370800	4.0	4000	""osoba4""
""osoba4""		368.7	368700	370.80002	370800	3.100006	3100	""osoba4""
""osoba1""		369.90002	369900	381.0	381000	12.099976	12099	""osoba1""
""osoba1""		372.30002	372300	381.0	381000	9.699982	9699	""osoba1""
""osoba1""		375.0	375000	381.0	381000	7.0	7000	""osoba1""
""osoba1""		375.6	375600	381.0	381000	6.399994	6399	""osoba1""
""osoba1""		376.2	376200	381.0	381000	5.799988	5799	""osoba1""
""osoba2""		378.6	378600	380.7	380700	3.100006	3100	""osoba2""
""osoba2""		380.7	380700	380.7	380700	1.0	1000	""osoba2""
""osoba3""		381.0	381000	382.80002	382800	2.8000183	2800	""osoba3""
""osoba1""		386.7	386700	406.50003	406500	20.800018	20800	""osoba1""
""osoba1""		387.6	387600	406.50003	406500	19.900024	19900	""osoba1""
""osoba2""		388.2	388200	390.30002	390300	3.100006	3100	""osoba2""
""osoba1""		390.6	390600	406.50003	406500	16.900024	16900	""osoba1""
""osoba2""		392.7	392700	394.80002	394800	3.100006	3100	""osoba2""
""osoba1""		397.50003	397500	406.50003	406500	10.0	10000	""osoba1""
""osoba4""		397.80002	397800	398.1	398100	1.2999878	1299	""osoba4""
""osoba1""		398.7	398700	406.50003	406500	8.800018	8800	""osoba1""
""osoba1""		399.6	399600	406.50003	406500	7.9000244	7900	""osoba1""
""osoba1""		400.2	400200	406.50003	406500	7.3000183	7300	""osoba1""
""osoba1""		402.00003	402000	406.50003	406500	5.5	5500	""osoba1""
""osoba1""		403.2	403200	406.50003	406500	4.3000183	4300	""osoba1""
""osoba2""		405.6	405600	423.6	423600	19.0	19000	""osoba2""
""osoba2""		409.2	409200	423.6	423600	15.399994	15399	""osoba2""
""osoba3""		409.50003	409500	409.50003	409500	1.0	1000	""osoba3""
""osoba2""		410.1	410100	423.6	423600	14.5	14500	""osoba2""
""osoba2""		412.2	412200	423.6	423600	12.399994	12399	""osoba2""
""osoba2""		414.90002	414900	423.6	423600	9.699982	9699	""osoba2""
""osoba2""		416.7	416700	423.6	423600	7.899994	7899	""osoba2""
""osoba4""		417.6	417600	417.90002	417900	1.3000183	1300	""osoba4""
""osoba2""		420.00003	420000	423.6	423600	4.5999756	4599	""osoba2""
""osoba2""		421.80002	421800	423.6	423600	2.7999878	2799	""osoba2""
""osoba3""		423.30002	423300	424.2	424200	1.8999939	1899	""osoba3""
""osoba4""		423.90002	423900	423.90002	423900	1.0	1000	""osoba4""
""osoba1""		424.2	424200	433.2	433200	10.0	10000	""osoba1""
""osoba1""		426.6	426600	433.2	433200	7.600006	7600	""osoba1""
""osoba1""		429.00003	429000	433.2	433200	5.1999817	5199	""osoba1""
""osoba1""		432.00003	432000	433.2	433200	2.1999817	2199	""osoba1""
""osoba1""		432.90002	432900	433.2	433200	1.2999878	1299	""osoba1""
""osoba4""		433.2	433200	436.2	436200	4.0	4000	""osoba4""
""osoba2""		434.7	434700	448.50003	448500	14.800018	14800	""osoba2""
""osoba4""		434.7	434700	436.2	436200	2.5	2500	""osoba4""
""osoba3""		437.40002	437400	438.00003	438000	1.6000061	1600	""osoba3""
""osoba2""		442.50003	442500	448.50003	448500	7.0	7000	""osoba2""
""osoba4""		443.40002	443400	462.00003	462000	19.600006	19600	""osoba4""
""osoba4""		445.50003	445500	462.00003	462000	17.5	17500	""osoba4""
""osoba2""		445.80002	445800	448.50003	448500	3.7000122	3700	""osoba2""
""osoba2""		447.6	447600	448.50003	448500	1.9000244	1900	""osoba2""
""osoba4""		449.7	449700	462.00003	462000	13.300018	13300	""osoba4""
""osoba2""		451.2	451200	451.50003	451500	1.3000183	1300	""osoba2""
""osoba3""		452.1	452100	452.40002	452400	1.3000183	1300	""osoba3""
""osoba4""		452.40002	452400	462.00003	462000	10.600006	10600	""osoba4""
""osoba4""		454.50003	454500	462.00003	462000	8.5	8500	""osoba4""
""osoba4""		455.40002	455400	462.00003	462000	7.600006	7600	""osoba4""
""osoba4""		459.90002	459900	462.00003	462000	3.100006	3100	""osoba4""
""osoba4""		460.50003	460500	462.00003	462000	2.5	2500	""osoba4""
""osoba1""		461.1	461100	480.00003	480000	19.900024	19900	""osoba1""
""osoba4""		461.1	461100	462.00003	462000	1.9000244	1900	""osoba4""
""osoba4""		461.7	461700	462.00003	462000	1.3000183	1300	""osoba4""
""osoba1""		467.40002	467400	480.00003	480000	13.600006	13600	""osoba1""
""osoba1""		469.50003	469500	480.00003	480000	11.5	11500	""osoba1""
""osoba1""		470.1	470100	480.00003	480000	10.900024	10900	""osoba1""
""osoba1""		470.7	470700	480.00003	480000	10.300018	10300	""osoba1""
""osoba1""		471.90002	471900	480.00003	480000	9.100006	9100	""osoba1""
""osoba1""		473.40002	473400	480.00003	480000	7.600006	7600	""osoba1""
""osoba1""		476.7	476700	480.00003	480000	4.3000183	4300	""osoba1""
""osoba1""		477.6	477600	480.00003	480000	3.4000244	3400	""osoba1""
""osoba1""		478.80002	478800	480.00003	480000	2.2000122	2200	""osoba1""
""osoba2""		478.80002	478800	491.1	491100	13.299988	13299	""osoba2""
""osoba2""		481.80002	481800	491.1	491100	10.299988	10299	""osoba2""
""osoba2""		482.7	482700	491.1	491100	9.399994	9399	""osoba2""
""osoba2""		483.6	483600	491.1	491100	8.5	8500	""osoba2""
""osoba2""		484.50003	484500	491.1	491100	7.5999756	7599	""osoba2""
""osoba2""		485.40002	485400	491.1	491100	6.6999817	6699	""osoba2""
""osoba2""		487.50003	487500	491.1	491100	4.5999756	4599	""osoba2""
""osoba2""		488.40002	488400	491.1	491100	3.6999817	3699	""osoba2""
""osoba2""		489.00003	489000	491.1	491100	3.0999756	3099	""osoba2""
""osoba1""		489.90002	489900	510.6	510600	21.699982	21699	""osoba1""
""osoba1""		492.30002	492300	510.6	510600	19.299988	19299	""osoba1""
""osoba4""		492.90002	492900	493.2	493200	1.2999878	1299	""osoba4""
""osoba1""		495.6	495600	510.6	510600	16.0	16000	""osoba1""
""osoba2""		495.6	495600	498.6	498600	4.0	4000	""osoba2""
""osoba1""		496.50003	496500	510.6	510600	15.099976	15099	""osoba1""
""osoba2""		497.1	497100	498.6	498600	2.5	2500	""osoba2""
""osoba4""		498.30002	498300	498.90002	498900	1.6000061	1600	""osoba4""
""osoba1""		501.90002	501900	510.6	510600	9.699982	9699	""osoba1""
""osoba2""		504.00003	504000	504.00003	504000	1.0	1000	""osoba2""
""osoba1""		505.50003	505500	510.6	510600	6.0999756	6099	""osoba1""
""osoba1""		507.6	507600	510.6	510600	4.0	4000	""osoba1""
""osoba1""		508.50003	508500	510.6	510600	3.0999756	3099	""osoba1""
""osoba4""		509.1	509100	521.4	521400	13.300018	13300	""osoba4""
""osoba1""		509.40002	509400	510.6	510600	2.1999817	2199	""osoba1""
""osoba4""		513.30005	513300	521.4	521400	9.099976	9099	""osoba4""
""osoba4""		515.10004	515100	521.4	521400	7.299988	7299	""osoba4""
""osoba3""		517.2	517200	518.10004	518100	1.9000244	1900	""osoba3""
""osoba4""		517.2	517200	521.4	521400	5.200012	5200	""osoba4""
""osoba4""		519.0	519000	521.4	521400	3.4000244	3400	""osoba4""
""osoba2""		519.9	519900	539.10004	539100	20.200012	20200	""osoba2""
""osoba4""		519.9	519900	521.4	521400	2.5	2500	""osoba4""
""osoba2""		520.80005	520800	539.10004	539100	19.299988	19299	""osoba2""
""osoba4""		521.10004	521100	521.4	521400	1.2999878	1299	""osoba4""
""osoba2""		522.60004	522600	539.10004	539100	17.5	17500	""osoba2""
""osoba2""		523.5	523500	539.10004	539100	16.600037	16600	""osoba2""
""osoba3""		525.9	525900	526.80005	526800	1.9000244	1900	""osoba3""
""osoba4""		528.60004	528600	528.60004	528600	1.0	1000	""osoba4""
""osoba2""		528.9	528900	539.10004	539100	11.200012	11200	""osoba2""
""osoba1""		530.10004	530100	530.10004	530100	1.0	1000	""osoba1""
""osoba2""		530.10004	530100	539.10004	539100	10.0	10000	""osoba2""
""osoba2""		531.30005	531300	539.10004	539100	8.799988	8799	""osoba2""
""osoba2""		533.7	533700	539.10004	539100	6.4000244	6400	""osoba2""
""osoba2""		534.30005	534300	539.10004	539100	5.799988	5799	""osoba2""
""osoba4""		537.60004	537600	539.4	539400	2.7999878	2799	""osoba4""
""osoba3""		537.9	537900	540.30005	540300	3.4000244	3400	""osoba3""
""osoba2""		542.4	542400	561.30005	561300	19.900024	19900	""osoba2""
""osoba2""		546.30005	546300	561.30005	561300	16.0	16000	""osoba2""
""osoba1""		549.0	549000	549.0	549000	1.0	1000	""osoba1""
""osoba2""		552.0	552000	561.30005	561300	10.300049	10300	""osoba2""
""osoba2""		552.9	552900	561.30005	561300	9.400024	9400	""osoba2""
""osoba2""		555.60004	555600	561.30005	561300	6.700012	6700	""osoba2""
""osoba2""		558.30005	558300	561.30005	561300	4.0	4000	""osoba2""
""osoba4""		560.4	560400	565.5	565500	6.0999756	6099	""osoba4""
""osoba2""		560.7	560700	561.30005	561300	1.6000366	1600	""osoba2""
""osoba2""		563.7	563700	564.9	564900	2.2000122	2200	""osoba2""
""osoba4""		563.7	563700	565.5	565500	2.7999878	2799	""osoba4""
""osoba3""		564.9	564900	567.30005	567300	3.4000244	3400	""osoba3""
""osoba4""		575.10004	575100	590.4	590400	16.299988	16299	""osoba4""
""osoba4""		576.0	576000	590.4	590400	15.400024	15400	""osoba4""
""osoba4""		576.9	576900	590.4	590400	14.5	14500	""osoba4""
""osoba4""		578.7	578700	590.4	590400	12.700012	12700	""osoba4""
""osoba4""		582.0	582000	590.4	590400	9.400024	9400	""osoba4""
""osoba4""		588.0	588000	590.4	590400	3.4000244	3400	""osoba4""
""osoba4""		589.80005	589800	590.4	590400	1.5999756	1599	""osoba4""
""osoba2""		590.7	590700	602.10004	602100	12.400024	12400	""osoba2""
""osoba2""		591.60004	591600	602.10004	602100	11.5	11500	""osoba2""
""osoba1""		592.2	592200	593.4	593400	2.2000122	2200	""osoba1""
""osoba1""		593.10004	593100	593.4	593400	1.2999878	1299	""osoba1""
""osoba2""		593.10004	593100	602.10004	602100	10.0	10000	""osoba2""
""osoba2""		594.0	594000	602.10004	602100	9.100037	9100	""osoba2""
""osoba2""		595.5	595500	602.10004	602100	7.6000366	7600	""osoba2""
""osoba3""		595.80005	595800	598.5	598500	3.6999512	3699	""osoba3""
""osoba3""		597.0	597000	598.5	598500	2.5	2500	""osoba3""
""osoba2""		599.4	599400	602.10004	602100	3.7000122	3700	""osoba2""
""osoba2""		600.60004	600600	602.10004	602100	2.5	2500	""osoba2""
""osoba1""		601.80005	601800	616.2	616200	15.399963	15399	""osoba1""
""osoba1""		603.30005	603300	616.2	616200	13.899963	13899	""osoba1""
""osoba1""		604.5	604500	616.2	616200	12.700012	12700	""osoba1""
""osoba1""		606.0	606000	616.2	616200	11.200012	11200	""osoba1""
""osoba1""		607.5	607500	616.2	616200	9.700012	9700	""osoba1""
""osoba1""		609.30005	609300	616.2	616200	7.8999634	7899	""osoba1""
""osoba4""		611.7	611700	612.30005	612300	1.6000366	1600	""osoba4""
""osoba1""		612.60004	612600	616.2	616200	4.5999756	4599	""osoba1""
""osoba1""		614.10004	614100	616.2	616200	3.0999756	3099	""osoba1""
""osoba4""		615.30005	615300	620.10004	620100	5.799988	5799	""osoba4""
""osoba1""		616.2	616200	616.2	616200	1.0	1000	""osoba1""
""osoba4""		617.10004	617100	620.10004	620100	4.0	4000	""osoba4""
""osoba1""		619.2	619200	624.60004	624600	6.4000244	6400	""osoba1""
""osoba1""		621.30005	621300	624.60004	624600	4.299988	4299	""osoba1""
""osoba1""		623.10004	623100	624.60004	624600	2.5	2500	""osoba1""
""osoba1""		624.30005	624300	624.60004	624600	1.2999878	1299	""osoba1""
""osoba2""		624.60004	624600	631.80005	631800	8.200012	8200	""osoba2""
""osoba2""		625.5	625500	631.80005	631800	7.300049	7300	""osoba2""
""osoba2""		630.9	630900	631.80005	631800	1.9000244	1900	""osoba2""
""osoba1""		631.80005	631800	639.0	639000	8.199951	8199	""osoba1""
""osoba1""		633.0	633000	639.0	639000	7.0	7000	""osoba1""
""osoba3""		633.9	633900	633.9	633900	1.0	1000	""osoba3""
""osoba1""		634.2	634200	639.0	639000	5.799988	5799	""osoba1""
""osoba1""		634.80005	634800	639.0	639000	5.199951	5199	""osoba1""
""osoba1""		635.7	635700	639.0	639000	4.299988	4299	""osoba1""
""osoba2""		636.30005	636300	639.0	639000	3.6999512	3699	""osoba2""
""osoba3""		638.7	638700	642.30005	642300	4.6000366	4600	""osoba3""
""osoba4""		651.30005	651300	651.60004	651600	1.2999878	1299	""osoba4""
""osoba3""		651.60004	651600	653.4	653400	2.7999878	2799	""osoba3""
""osoba1""		653.7	653700	655.80005	655800	3.1000366	3100	""osoba1""
""osoba1""		655.2	655200	655.80005	655800	1.6000366	1600	""osoba1""
""osoba3""		655.80005	655800	660.9	660900	6.0999756	6099	""osoba3""
""osoba2""		656.4	656400	660.0	660000	4.5999756	4599	""osoba2""
""osoba4""		657.60004	657600	690.9	690900	34.299988	34299	""osoba4""
""osoba4""		661.80005	661800	690.9	690900	30.099976	30099	""osoba4""
""osoba2""		662.7	662700	662.7	662700	1.0	1000	""osoba2""
""osoba4""		666.9	666900	690.9	690900	25.0	25000	""osoba4""
""osoba4""		668.7	668700	690.9	690900	23.200012	23200	""osoba4""
""osoba2""		674.7	674700	675.9	675900	2.2000122	2200	""osoba2""
""osoba4""		675.0	675000	690.9	690900	16.900024	16900	""osoba4""
""osoba4""		678.9	678900	690.9	690900	13.0	13000	""osoba4""
""osoba4""		680.7	680700	690.9	690900	11.200012	11200	""osoba4""
""osoba4""		682.5	682500	690.9	690900	9.400024	9400	""osoba4""
""osoba4""		684.0	684000	690.9	690900	7.9000244	7900	""osoba4""
""osoba4""		685.2	685200	690.9	690900	6.700012	6700	""osoba4""
""osoba4""		687.30005	687300	690.9	690900	4.5999756	4599	""osoba4""
""osoba4""		688.80005	688800	690.9	690900	3.0999756	3099	""osoba4""
""osoba3""		689.10004	689100	691.80005	691800	3.7000122	3700	""osoba3""
""osoba4""		690.30005	690300	690.9	690900	1.5999756	1599	""osoba4""
""osoba4""		699.0	699000	711.30005	711300	13.300049	13300	""osoba4""
""osoba4""		699.60004	699600	711.30005	711300	12.700012	12700	""osoba4""
""osoba4""		702.60004	702600	711.30005	711300	9.700012	9700	""osoba4""
""osoba2""		704.10004	704100	707.7	707700	4.5999756	4599	""osoba2""
""osoba2""		706.5	706500	707.7	707700	2.2000122	2200	""osoba2""
""osoba1""		711.30005	711300	726.9	726900	16.599976	16599	""osoba1""
""osoba1""		712.5	712500	726.9	726900	15.400024	15400	""osoba1""
""osoba1""		714.30005	714300	726.9	726900	13.599976	13599	""osoba1""
""osoba1""		715.5	715500	726.9	726900	12.400024	12400	""osoba1""
""osoba2""		717.60004	717600	717.60004	717600	1.0	1000	""osoba2""
""osoba1""		719.7	719700	726.9	726900	8.200012	8200	""osoba1""
""osoba4""		722.7	722700	723.30005	723300	1.6000366	1600	""osoba4""
""osoba1""		724.80005	724800	726.9	726900	3.0999756	3099	""osoba1""
""osoba1""		725.4	725400	726.9	726900	2.5	2500	""osoba1""
""osoba4""		725.4	725400	735.0	735000	10.599976	10599	""osoba4""
""osoba2""		726.30005	726300	727.5	727500	2.1999512	2199	""osoba2""
""osoba4""		727.80005	727800	735.0	735000	8.199951	8199	""osoba4""
""osoba4""		730.2	730200	735.0	735000	5.799988	5799	""osoba4""
""osoba4""		731.7	731700	735.0	735000	4.299988	4299	""osoba4""
""osoba4""		732.9	732900	735.0	735000	3.0999756	3099	""osoba4""
""osoba2""		733.5	733500	738.30005	738300	5.800049	5800	""osoba2""
""osoba4""		734.7	734700	735.0	735000	1.2999878	1299	""osoba4""
""osoba2""		735.0	735000	738.30005	738300	4.300049	4300	""osoba2""
""osoba2""		737.4	737400	738.30005	738300	1.9000244	1900	""osoba2""
""osoba3""		738.9	738900	739.2	739200	1.2999878	1299	""osoba3""
""osoba2""		740.4	740400	742.2	742200	2.7999878	2799	""osoba2""
""osoba2""		741.0	741000	742.2	742200	2.2000122	2200	""osoba2""
""osoba2""		741.9	741900	742.2	742200	1.2999878	1299	""osoba2""
""osoba4""		741.9	741900	750.60004	750600	9.700012	9700	""osoba4""
""osoba1""		742.80005	742800	742.80005	742800	1.0	1000	""osoba1""
""osoba4""		743.7	743700	750.60004	750600	7.9000244	7900	""osoba4""
""osoba4""		744.9	744900	750.60004	750600	6.700012	6700	""osoba4""
""osoba2""		747.9	747900	753.9	753900	7.0	7000	""osoba2""
""osoba4""		747.9	747900	750.60004	750600	3.7000122	3700	""osoba4""
""osoba2""		750.60004	750600	753.9	753900	4.299988	4299	""osoba2""
""osoba1""		753.60004	753600	754.5	754500	1.8999634	1899	""osoba1""
""osoba4""		754.2	754200	759.60004	759600	6.4000244	6400	""osoba4""
""osoba4""		756.0	756000	759.60004	759600	4.6000366	4600	""osoba4""
""osoba3""		759.0	759000	762.9	762900	4.9000244	4900	""osoba3""
""osoba2""		771.00006	771000	783.30005	783300	13.299988	13299	""osoba2""
""osoba2""		772.2	772200	783.30005	783300	12.100037	12100	""osoba2""
""osoba2""		774.30005	774300	783.30005	783300	10.0	10000	""osoba2""
""osoba4""		774.30005	774300	775.80005	775800	2.5	2500	""osoba4""
""osoba3""		775.80005	775800	777.9	777900	3.0999756	3099	""osoba3""
""osoba2""		779.4	779400	783.30005	783300	4.9000244	4900	""osoba2""
""osoba2""		780.60004	780600	783.30005	783300	3.7000122	3700	""osoba2""
""osoba2""		782.4	782400	783.30005	783300	1.9000244	1900	""osoba2""
""osoba2""		783.30005	783300	783.30005	783300	1.0	1000	""osoba2""
""osoba3""		783.60004	783600	783.9	783900	1.2999878	1299	""osoba3""
""osoba2""		785.7	785700	786.30005	786300	1.6000366	1600	""osoba2""
""osoba4""		785.7	785700	844.50006	844500	59.80005	59800	""osoba4""
""osoba4""		786.9	786900	844.50006	844500	58.600037	58600	""osoba4""
""osoba4""		789.00006	789000	844.50006	844500	56.5	56500	""osoba4""
""osoba3""		793.50006	793500	794.10004	794100	1.5999756	1599	""osoba3""
""osoba4""		793.50006	793500	844.50006	844500	52.0	52000	""osoba4""
""osoba4""		794.7	794700	844.50006	844500	50.80005	50800	""osoba4""
""osoba4""		796.50006	796500	844.50006	844500	49.0	49000	""osoba4""
""osoba4""		798.60004	798600	844.50006	844500	46.900024	46900	""osoba4""
""osoba4""		801.00006	801000	844.50006	844500	44.5	44500	""osoba4""
""osoba4""		802.2	802200	844.50006	844500	43.30005	43300	""osoba4""
""osoba4""		803.4	803400	844.50006	844500	42.100037	42100	""osoba4""
""osoba1""		807.30005	807300	807.60004	807600	1.2999878	1299	""osoba1""
""osoba4""		809.10004	809100	844.50006	844500	36.400024	36400	""osoba4""
""osoba2""		810.00006	810000	812.4	812400	3.3999634	3399	""osoba2""
""osoba4""		810.00006	810000	844.50006	844500	35.5	35500	""osoba4""
""osoba4""		810.9	810900	844.50006	844500	34.600037	34600	""osoba4""
""osoba4""		813.9	813900	844.50006	844500	31.600037	31600	""osoba4""
""osoba4""		814.50006	814500	844.50006	844500	31.0	31000	""osoba4""
""osoba4""		816.60004	816600	844.50006	844500	28.900024	28900	""osoba4""
""osoba4""		819.30005	819300	844.50006	844500	26.200012	26200	""osoba4""
""osoba4""		820.2	820200	844.50006	844500	25.300049	25300	""osoba4""
""osoba4""		820.80005	820800	844.50006	844500	24.700012	24700	""osoba4""
""osoba4""		821.4	821400	844.50006	844500	24.100037	24100	""osoba4""
""osoba4""		822.60004	822600	844.50006	844500	22.900024	22900	""osoba4""
""osoba4""		825.30005	825300	844.50006	844500	20.200012	20200	""osoba4""
""osoba3""		826.50006	826500	828.30005	828300	2.7999878	2799	""osoba3""
""osoba4""		830.10004	830100	844.50006	844500	15.400024	15400	""osoba4""
""osoba2""		831.00006	831000	832.2	832200	2.1999512	2199	""osoba2""
""osoba3""		831.9	831900	832.50006	832500	1.6000366	1600	""osoba3""
""osoba4""		833.7	833700	844.50006	844500	11.800049	11800	""osoba4""
""osoba4""		834.9	834900	844.50006	844500	10.600037	10600	""osoba4""
""osoba4""		836.10004	836100	844.50006	844500	9.400024	9400	""osoba4""
""osoba4""		837.60004	837600	844.50006	844500	7.9000244	7900	""osoba4""
""osoba4""		838.80005	838800	844.50006	844500	6.700012	6700	""osoba4""
""osoba3""		840.9	840900	841.50006	841500	1.6000366	1600	""osoba3""
""osoba4""		840.9	840900	844.50006	844500	4.6000366	4600	""osoba4""
""osoba4""		844.50006	844500	844.50006	844500	1.0	1000	""osoba4""
""osoba1""		845.10004	845100	850.50006	850500	6.4000244	6400	""osoba1""
""osoba1""		846.00006	846000	850.50006	850500	5.5	5500	""osoba1""
""osoba1""		847.2	847200	850.50006	850500	4.300049	4300	""osoba1""
""osoba1""		848.7	848700	850.50006	850500	2.8000488	2800	""osoba1""
""osoba2""		849.9	849900	858.30005	858300	9.400024	9400	""osoba2""
""osoba4""		850.80005	850800	851.10004	851100	1.2999878	1299	""osoba4""
""osoba2""		853.2	853200	858.30005	858300	6.1000366	6100	""osoba2""
""osoba2""		855.00006	855000	858.30005	858300	4.299988	4299	""osoba2""
""osoba2""		856.50006	856500	858.30005	858300	2.7999878	2799	""osoba2""
""osoba2""		857.10004	857100	858.30005	858300	2.2000122	2200	""osoba2""
""osoba1""		858.00006	858000	872.4	872400	15.399963	15399	""osoba1""
""osoba1""		859.2	859200	872.4	872400	14.200012	14200	""osoba1""
""osoba3""		861.9	861900	862.50006	862500	1.6000366	1600	""osoba3""
""osoba1""		863.7	863700	872.4	872400	9.700012	9700	""osoba1""
""osoba1""		864.60004	864600	872.4	872400	8.799988	8799	""osoba1""
""osoba2""		864.60004	864600	867.30005	867300	3.7000122	3700	""osoba2""
""osoba2""		865.50006	865500	867.30005	867300	2.7999878	2799	""osoba2""
""osoba1""		865.80005	865800	872.4	872400	7.5999756	7599	""osoba1""
""osoba1""		871.50006	871500	872.4	872400	1.8999634	1899	""osoba1""
""osoba2""		872.4	872400	884.7	884700	13.299988	13299	""osoba2""
""osoba4""		872.4	872400	873.9	873900	2.5	2500	""osoba4""
""osoba4""		873.9	873900	873.9	873900	1.0	1000	""osoba4""
""osoba2""		876.00006	876000	884.7	884700	9.699951	9699	""osoba2""
""osoba2""		876.60004	876600	884.7	884700	9.099976	9099	""osoba2""
""osoba2""		877.50006	877500	884.7	884700	8.199951	8199	""osoba2""
""osoba2""		879.60004	879600	884.7	884700	6.0999756	6099	""osoba2""
""osoba4""		879.9	879900	884.4	884400	5.5	5500	""osoba4""
""osoba2""		880.50006	880500	884.7	884700	5.199951	5199	""osoba2""
""osoba2""		881.10004	881100	884.7	884700	4.5999756	4599	""osoba2""
""osoba4""		881.7	881700	884.4	884400	3.7000122	3700	""osoba4""
""osoba2""		882.30005	882300	884.7	884700	3.3999634	3399	""osoba2""
""osoba3""		884.4	884400	885.00006	885000	1.6000366	1600	""osoba3""
""osoba2""		888.9	888900	899.7	899700	11.799988	11799	""osoba2""
""osoba2""		889.50006	889500	899.7	899700	11.199951	11199	""osoba2""
""osoba3""		890.4	890400	891.00006	891000	1.6000366	1600	""osoba3""
""osoba4""		891.30005	891300	892.50006	892500	2.2000122	2200	""osoba4""
""osoba2""		894.9	894900	899.7	899700	5.799988	5799	""osoba2""
""osoba2""		895.80005	895800	899.7	899700	4.8999634	4899	""osoba2""
""osoba2""		896.7	896700	899.7	899700	4.0	4000	""osoba2""
""osoba2""		897.30005	897300	899.7	899700	3.3999634	3399	""osoba2""
""osoba2""		898.2	898200	899.7	899700	2.5	2500	""osoba2""
""osoba4""		899.4	899400	911.7	911700	13.299988	13299	""osoba4""
""osoba4""		901.2	901200	911.7	911700	11.5	11500	""osoba4""
""osoba2""		901.80005	901800	902.4	902400	1.5999756	1599	""osoba2""
""osoba4""		901.80005	901800	911.7	911700	10.899963	10899	""osoba4""
""osoba4""		903.30005	903300	911.7	911700	9.399963	9399	""osoba4""
""osoba4""		905.10004	905100	911.7	911700	7.5999756	7599	""osoba4""
""osoba4""		909.9	909900	911.7	911700	2.7999878	2799	""osoba4""
""osoba1""		912.60004	912600	914.7	914700	3.0999756	3099	""osoba1""
""osoba2""		914.10004	914100	919.2	919200	6.0999756	6099	""osoba2""
""osoba2""		916.50006	916500	919.2	919200	3.6999512	3699	""osoba2""
""osoba2""		917.4	917400	919.2	919200	2.7999878	2799	""osoba2""
""osoba4""		919.50006	919500	924.60004	924600	6.0999756	6099	""osoba4""
""osoba4""		921.00006	921000	924.60004	924600	4.5999756	4599	""osoba4""
""osoba4""		921.60004	921600	924.60004	924600	4.0	4000	""osoba4""
""osoba2""		922.50006	922500	927.30005	927300	5.799988	5799	""osoba2""
""osoba3""		923.7	923700	923.7	923700	1.0	1000	""osoba3""
""osoba2""		926.4	926400	927.30005	927300	1.9000244	1900	""osoba2""
""osoba1""		927.30005	927300	929.10004	929100	2.7999878	2799	""osoba1""
""osoba4""		928.50006	928500	967.50006	967500	40.0	40000	""osoba4""
""osoba4""		931.80005	931800	967.50006	967500	36.700012	36700	""osoba4""
""osoba2""		934.50006	934500	936.00006	936000	2.5	2500	""osoba2""
""osoba4""		938.4	938400	967.50006	967500	30.100037	30100	""osoba4""
""osoba4""		939.30005	939300	967.50006	967500	29.200012	29200	""osoba4""
""osoba3""		941.7	941700	945.30005	945300	4.6000366	4600	""osoba3""
""osoba3""		943.50006	943500	945.30005	945300	2.7999878	2799	""osoba3""
""osoba4""		944.7	944700	967.50006	967500	23.800049	23800	""osoba4""
""osoba4""		947.4	947400	967.50006	967500	21.100037	21100	""osoba4""
""osoba4""		949.2	949200	967.50006	967500	19.300049	19300	""osoba4""
""osoba4""		951.30005	951300	967.50006	967500	17.200012	17200	""osoba4""
""osoba4""		954.30005	954300	967.50006	967500	14.200012	14200	""osoba4""
""osoba3""		955.80005	955800	956.10004	956100	1.2999878	1299	""osoba3""
""osoba4""		958.2	958200	967.50006	967500	10.300049	10300	""osoba4""
""osoba1""		959.7	959700	960.00006	960000	1.3000488	1300	""osoba1""
""osoba4""		961.2	961200	967.50006	967500	7.300049	7300	""osoba4""
""osoba4""		962.4	962400	967.50006	967500	6.1000366	6100	""osoba4""
""osoba2""		964.2	964200	976.50006	976500	13.300049	13300	""osoba2""
""osoba4""		965.4	965400	967.50006	967500	3.1000366	3100	""osoba4""
""osoba2""		970.80005	970800	976.50006	976500	6.700012	6700	""osoba2""
""osoba2""		971.7	971700	976.50006	976500	5.800049	5800	""osoba2""
""osoba2""		972.9	972900	976.50006	976500	4.6000366	4600	""osoba2""
""osoba2""		973.80005	973800	976.50006	976500	3.7000122	3700	""osoba2""
""osoba2""		975.00006	975000	976.50006	976500	2.5	2500	""osoba2""
""osoba4""		975.60004	975600	998.4	998400	23.799988	23799	""osoba4""
""osoba2""		976.2	976200	976.50006	976500	1.3000488	1300	""osoba2""
""osoba4""		976.50006	976500	998.4	998400	22.899963	22899	""osoba4""
""osoba4""		977.4	977400	998.4	998400	22.0	22000	""osoba4""
""osoba4""		978.00006	978000	998.4	998400	21.399963	21399	""osoba4""
""osoba4""		979.2	979200	998.4	998400	20.200012	20200	""osoba4""
""osoba2""		980.7	980700	980.7	980700	1.0	1000	""osoba2""
""osoba4""		981.60004	981600	998.4	998400	17.799988	17799	""osoba4""
""osoba4""		982.2	982200	998.4	998400	17.200012	17200	""osoba4""
""osoba4""		983.7	983700	998.4	998400	15.700012	15700	""osoba4""
""osoba4""		984.30005	984300	998.4	998400	15.099976	15099	""osoba4""
""osoba4""		985.80005	985800	998.4	998400	13.599976	13599	""osoba4""
""osoba4""		989.7	989700	998.4	998400	9.700012	9700	""osoba4""
""osoba4""		991.50006	991500	998.4	998400	7.8999634	7899	""osoba4""
""osoba4""		993.30005	993300	998.4	998400	6.0999756	6099	""osoba4""
""osoba3""		995.7	995700	995.7	995700	1.0	1000	""osoba3""
""osoba1""		997.80005	997800	1038.6001	1038600	41.80005	41800	""osoba1""
""osoba2""		1000.80005	1000800	1000.80005	1000800	1.0	1000	""osoba2""
""osoba1""		1001.10004	1001100	1038.6001	1038600	38.50006	38500	""osoba1""
""osoba4""		1001.10004	1001100	1002.60004	1002600	2.5	2500	""osoba4""
""osoba1""		1007.4	1007400	1038.6001	1038600	32.200073	32200	""osoba1""
""osoba1""		1008.00006	1008000	1038.6001	1038600	31.600037	31600	""osoba1""
""osoba3""		1008.00006	1008000	1008.30005	1008300	1.2999878	1299	""osoba3""
""osoba1""		1009.80005	1009800	1038.6001	1038600	29.800049	29800	""osoba1""
""osoba2""		1012.2	1012200	1015.2	1015200	4.0	4000	""osoba2""
""osoba4""		1012.2	1012200	1015.2	1015200	4.0	4000	""osoba4""
""osoba4""		1013.4	1013400	1015.2	1015200	2.7999878	2799	""osoba4""
""osoba1""		1017.00006	1017000	1038.6001	1038600	22.600037	22600	""osoba1""
""osoba1""		1017.9	1017900	1038.6001	1038600	21.700073	21700	""osoba1""
""osoba2""		1017.9	1017900	1018.2	1018200	1.2999878	1299	""osoba2""
""osoba1""		1019.10004	1019100	1038.6001	1038600	20.500061	20500	""osoba1""
""osoba1""		1021.2	1021200	1038.6001	1038600	18.400085	18400	""osoba1""
""osoba1""		1022.10004	1022100	1038.6001	1038600	17.500061	17500	""osoba1""
""osoba1""		1022.7	1022700	1038.6001	1038600	16.900085	16900	""osoba1""
""osoba3""		1023.00006	1023000	1023.00006	1023000	1.0	1000	""osoba3""
""osoba1""		1024.5	1024500	1038.6001	1038600	15.100098	15100	""osoba1""
""osoba1""		1025.1001	1025100	1038.6001	1038600	14.5	14500	""osoba1""
""osoba4""		1026.3	1026300	1026.3	1026300	1.0	1000	""osoba4""
""osoba1""		1027.8	1027800	1038.6001	1038600	11.800049	11800	""osoba1""
""osoba1""		1029.9	1029900	1038.6001	1038600	9.700073	9700	""osoba1""
""osoba4""		1030.8	1030800	1030.8	1030800	1.0	1000	""osoba4""
""osoba1""		1031.4	1031400	1038.6001	1038600	8.200073	8200	""osoba1""
""osoba1""		1032.6001	1032600	1038.6001	1038600	7.0	7000	""osoba1""
""osoba1""		1033.5	1033500	1038.6001	1038600	6.1000977	6100	""osoba1""
""osoba1""		1035.0	1035000	1038.6001	1038600	4.6000977	4600	""osoba1""
""osoba3""		1035.3	1035300	1035.3	1035300	1.0	1000	""osoba3""
""osoba2""		1036.5	1036500	1038.0	1038000	2.5	2500	""osoba2""
""osoba2""		1037.7001	1037700	1038.0	1038000	1.2999268	1299	""osoba2""
""osoba1""		1038.0	1038000	1038.6001	1038600	1.6000977	1600	""osoba1""
""osoba4""		1038.6001	1038600	1066.5	1066500	28.899902	28899	""osoba4""
""osoba4""		1040.1001	1040100	1066.5	1066500	27.399902	27399	""osoba4""
""osoba4""		1042.5	1042500	1066.5	1066500	25.0	25000	""osoba4""
""osoba4""		1044.9	1044900	1066.5	1066500	22.599976	22599	""osoba4""
""osoba4""		1045.5	1045500	1066.5	1066500	22.0	22000	""osoba4""
""osoba4""		1046.1001	1046100	1066.5	1066500	21.399902	21399	""osoba4""
""osoba4""		1048.2001	1048200	1066.5	1066500	19.299927	19299	""osoba4""
""osoba2""		1049.1001	1049100	1049.1001	1049100	1.0	1000	""osoba2""
""osoba3""		1049.7001	1049700	1050.0	1050000	1.2999268	1299	""osoba3""
""osoba4""		1049.7001	1049700	1066.5	1066500	17.799927	17799	""osoba4""
""osoba4""		1051.8	1051800	1066.5	1066500	15.699951	15699	""osoba4""
""osoba4""		1052.7001	1052700	1066.5	1066500	14.799927	14799	""osoba4""
""osoba4""		1057.8	1057800	1066.5	1066500	9.699951	9699	""osoba4""
""osoba4""		1059.3	1059300	1066.5	1066500	8.199951	8199	""osoba4""
""osoba4""		1062.9	1062900	1066.5	1066500	4.5999756	4599	""osoba4""
""osoba4""		1065.3	1065300	1066.5	1066500	2.1999512	2199	""osoba4""
""osoba4""		1065.9	1065900	1066.5	1066500	1.5999756	1599	""osoba4""
""osoba2""		1066.2001	1066200	1077.3	1077300	12.099976	12099	""osoba2""
""osoba2""		1068.0	1068000	1077.3	1077300	10.300049	10300	""osoba2""
""osoba1""		1068.3	1068300	1068.3	1068300	1.0	1000	""osoba1""
""osoba2""		1070.1001	1070100	1077.3	1077300	8.199951	8199	""osoba2""
""osoba2""		1074.0	1074000	1077.3	1077300	4.300049	4300	""osoba2""
""osoba2""		1076.4	1076400	1077.3	1077300	1.9000244	1900	""osoba2""
""osoba4""		1076.7001	1076700	1078.8	1078800	3.0999756	3099	""osoba4""
""osoba1""		1078.8	1078800	1085.4	1085400	7.5999756	7599	""osoba1""
""osoba1""		1080.3	1080300	1085.4	1085400	6.0999756	6099	""osoba1""
""osoba1""		1083.0	1083000	1085.4	1085400	3.4000244	3400	""osoba1""
""osoba2""		1083.9	1083900	1107.0	1107000	24.099976	24099	""osoba2""
""osoba2""		1085.4	1085400	1107.0	1107000	22.599976	22599	""osoba2""
""osoba2""		1086.9	1086900	1107.0	1107000	21.099976	21099	""osoba2""
""osoba2""		1089.3	1089300	1107.0	1107000	18.699951	18699	""osoba2""
""osoba4""		1092.3	1092300	1093.8	1093800	2.5	2500	""osoba4""
""osoba4""		1096.8	1096800	1098.0	1098000	2.1999512	2199	""osoba4""
""osoba3""		1099.8	1099800	1100.4	1100400	1.5999756	1599	""osoba3""
""osoba1""		1101.3	1101300	1101.3	1101300	1.0	1000	""osoba1""
""osoba2""		1102.5	1102500	1107.0	1107000	5.5	5500	""osoba2""
""osoba4""		1107.3	1107300	1117.2001	1117200	10.900024	10900	""osoba4""
""osoba4""		1108.2001	1108200	1117.2001	1117200	10.0	10000	""osoba4""
""osoba4""		1110.6001	1110600	1117.2001	1117200	7.5999756	7599	""osoba4""
""osoba3""		1111.8	1111800	1112.4	1112400	1.5999756	1599	""osoba3""
""osoba1""		1113.9	1113900	1114.2001	1114200	1.3000488	1300	""osoba1""
""osoba4""		1115.4	1115400	1117.2001	1117200	2.8000488	2800	""osoba4""
""osoba4""		1116.6001	1116600	1117.2001	1117200	1.5999756	1599	""osoba4""
""osoba2""		1117.2001	1117200	1121.4	1121400	5.199951	5199	""osoba2""
""osoba1""		1118.7001	1118700	1123.5	1123500	5.7999268	5799	""osoba1""
""osoba2""		1118.7001	1118700	1121.4	1121400	3.6999512	3699	""osoba2""
""osoba1""		1120.8	1120800	1123.5	1123500	3.6999512	3699	""osoba1""
""osoba1""		1123.5	1123500	1123.5	1123500	1.0	1000	""osoba1""
""osoba2""		1124.1001	1124100	1129.8	1129800	6.699951	6699	""osoba2""
""osoba3""		1126.2001	1126200	1126.8	1126800	1.5999756	1599	""osoba3""
""osoba2""		1127.7001	1127700	1129.8	1129800	3.0999756	3099	""osoba2""
""osoba2""		1128.9	1128900	1129.8	1129800	1.9000244	1900	""osoba2""
""osoba1""		1129.2001	1129200	1131.3	1131300	3.0999756	3099	""osoba1""
""osoba1""		1131.0	1131000	1131.3	1131300	1.3000488	1300	""osoba1""
""osoba4""		1131.0	1131000	1132.5	1132500	2.5	2500	""osoba4""
""osoba4""		1132.5	1132500	1132.5	1132500	1.0	1000	""osoba4""
""osoba2""		1132.8	1132800	1164.9	1164900	33.099976	33099	""osoba2""
""osoba2""		1134.3	1134300	1164.9	1164900	31.599976	31599	""osoba2""
""osoba2""		1134.9	1134900	1164.9	1164900	31.0	31000	""osoba2""
""osoba1""		1137.0	1137000	1137.0	1137000	1.0	1000	""osoba1""
""osoba2""		1137.6001	1137600	1164.9	1164900	28.299927	28299	""osoba2""
""osoba2""		1138.2001	1138200	1164.9	1164900	27.699951	27699	""osoba2""
""osoba2""		1139.4	1139400	1164.9	1164900	26.5	26500	""osoba2""
""osoba2""		1140.3	1140300	1164.9	1164900	25.599976	25599	""osoba2""
""osoba3""		1145.7001	1145700	1148.4	1148400	3.6999512	3699	""osoba3""
""osoba2""		1150.5	1150500	1164.9	1164900	15.400024	15400	""osoba2""
""osoba2""		1155.3	1155300	1164.9	1164900	10.599976	10599	""osoba2""
""osoba2""		1156.8	1156800	1164.9	1164900	9.099976	9099	""osoba2""
""osoba2""		1159.2001	1159200	1164.9	1164900	6.699951	6699	""osoba2""
""osoba2""		1162.8	1162800	1164.9	1164900	3.0999756	3099	""osoba2""
""osoba1""		1164.6001	1164600	1176.3	1176300	12.699951	12699	""osoba1""
""osoba2""		1164.6001	1164600	1164.9	1164900	1.2999268	1299	""osoba2""
""osoba1""		1166.4	1166400	1176.3	1176300	10.900024	10900	""osoba1""
""osoba2""		1168.5	1168500	1168.5	1168500	1.0	1000	""osoba2""
""osoba1""		1170.3	1170300	1176.3	1176300	7.0	7000	""osoba1""
""osoba1""		1171.8	1171800	1176.3	1176300	5.5	5500	""osoba1""
""osoba4""		1173.0	1173000	1173.9	1173900	1.9000244	1900	""osoba4""
""osoba3""		1174.5	1174500	1176.9	1176900	3.4000244	3400	""osoba3""
""osoba4""		1176.6001	1176600	1197.9	1197900	22.299927	22299	""osoba4""
""osoba2""		1177.2001	1177200	1179.0	1179000	2.7999268	2799	""osoba2""
""osoba4""		1180.2001	1180200	1197.9	1197900	18.699951	18699	""osoba4""
""osoba4""		1182.0	1182000	1197.9	1197900	16.900024	16900	""osoba4""
""osoba4""		1185.9	1185900	1197.9	1197900	13.0	13000	""osoba4""
""osoba1""		1187.4	1187400	1187.4	1187400	1.0	1000	""osoba1""
""osoba4""		1188.9	1188900	1197.9	1197900	10.0	10000	""osoba4""
""osoba4""		1189.5	1189500	1197.9	1197900	9.400024	9400	""osoba4""
""osoba1""		1190.7001	1190700	1190.7001	1190700	1.0	1000	""osoba1""
""osoba4""		1191.6001	1191600	1197.9	1197900	7.2999268	7299	""osoba4""
""osoba4""		1193.1001	1193100	1197.9	1197900	5.7999268	5799	""osoba4""
""osoba2""		1193.7001	1193700	1209.3	1209300	16.599976	16599	""osoba2""
""osoba1""		1198.5	1198500	1198.5	1198500	1.0	1000	""osoba1""
""osoba2""		1200.3	1200300	1209.3	1209300	10.0	10000	""osoba2""
""osoba3""		1201.5	1201500	1202.1001	1202100	1.6000977	1600	""osoba3""
""osoba2""		1206.0	1206000	1209.3	1209300	4.300049	4300	""osoba2""
""osoba1""		1209.3	1209300	1212.9	1212900	4.5999756	4599	""osoba1""
""osoba1""		1211.1001	1211100	1212.9	1212900	2.7999268	2799	""osoba1""
""osoba1""		1211.7001	1211700	1212.9	1212900	2.1999512	2199	""osoba1""
""osoba4""		1212.3	1212300	1219.8	1219800	8.5	8500	""osoba4""
""osoba3""		1213.5	1213500	1214.4	1214400	1.9000244	1900	""osoba3""
""osoba2""		1213.8	1213800	1213.8	1213800	1.0	1000	""osoba2""
""osoba3""		1214.4	1214400	1214.4	1214400	1.0	1000	""osoba3""
""osoba4""		1215.0	1215000	1219.8	1219800	5.800049	5800	""osoba4""
""osoba2""		1215.9	1215900	1215.9	1215900	1.0	1000	""osoba2""
""osoba4""		1218.6001	1218600	1219.8	1219800	2.1999512	2199	""osoba4""
""osoba2""		1219.5	1219500	1224.3	1224300	5.800049	5800	""osoba2""
""osoba2""		1221.0	1221000	1224.3	1224300	4.300049	4300	""osoba2""
""osoba4""		1224.0	1224000	1240.5	1240500	17.5	17500	""osoba4""
""osoba4""		1226.1001	1226100	1240.5	1240500	15.399902	15399	""osoba4""
""osoba2""		1226.4	1226400	1227.6001	1227600	2.2000732	2200	""osoba2""
""osoba4""		1229.4	1229400	1240.5	1240500	12.099976	12099	""osoba4""
""osoba4""		1230.3	1230300	1240.5	1240500	11.199951	11199	""osoba4""
""osoba4""		1233.0	1233000	1240.5	1240500	8.5	8500	""osoba4""
""osoba2""		1234.2001	1234200	1239.0	1239000	5.7999268	5799	""osoba2""
""osoba4""		1234.2001	1234200	1240.5	1240500	7.2999268	7299	""osoba4""
""osoba4""		1236.3	1236300	1240.5	1240500	5.199951	5199	""osoba4""
""osoba2""		1237.2001	1237200	1239.0	1239000	2.7999268	2799	""osoba2""
""osoba2""		1237.8	1237800	1239.0	1239000	2.1999512	2199	""osoba2""
""osoba4""		1238.1001	1238100	1240.5	1240500	3.3999023	3399	""osoba4""
""osoba3""		1239.0	1239000	1242.0	1242000	4.0	4000	""osoba3""
""osoba3""		1240.5	1240500	1242.0	1242000	2.5	2500	""osoba3""
""osoba1""		1242.6001	1242600	1247.7001	1247700	6.0999756	6099	""osoba1""
""osoba1""		1243.5	1243500	1247.7001	1247700	5.2000732	5200	""osoba1""
""osoba4""		1245.6001	1245600	1267.8	1267800	23.199951	23199	""osoba4""
""osoba4""		1249.2001	1249200	1267.8	1267800	19.599976	19599	""osoba4""
""osoba3""		1251.0	1251000	1251.0	1251000	1.0	1000	""osoba3""
""osoba4""		1251.0	1251000	1267.8	1267800	17.800049	17800	""osoba4""
""osoba4""		1253.4	1253400	1267.8	1267800	15.400024	15400	""osoba4""
""osoba4""		1254.3	1254300	1267.8	1267800	14.5	14500	""osoba4""
""osoba4""		1255.2001	1255200	1267.8	1267800	13.599976	13599	""osoba4""
""osoba4""		1256.4	1256400	1267.8	1267800	12.400024	12400	""osoba4""
""osoba4""		1257.6001	1257600	1267.8	1267800	11.199951	11199	""osoba4""
""osoba4""		1258.8	1258800	1267.8	1267800	10.0	10000	""osoba4""
""osoba4""		1261.5	1261500	1267.8	1267800	7.300049	7300	""osoba4""
""osoba4""		1262.4	1262400	1267.8	1267800	6.4000244	6400	""osoba4""
""osoba4""		1267.8	1267800	1267.8	1267800	1.0	1000	""osoba4""
""osoba2""		1268.1001	1268100	1275.9	1275900	8.799927	8799	""osoba2""
""osoba2""		1269.3	1269300	1275.9	1275900	7.5999756	7599	""osoba2""
""osoba2""		1271.4	1271400	1275.9	1275900	5.5	5500	""osoba2""
""osoba2""		1274.1001	1274100	1275.9	1275900	2.7999268	2799	""osoba2""
""osoba1""		1275.3	1275300	1284.3	1284300	10.0	10000	""osoba1""
""osoba2""		1275.6001	1275600	1275.9	1275900	1.2999268	1299	""osoba2""
""osoba4""		1276.2001	1276200	1278.0	1278000	2.7999268	2799	""osoba4""
""osoba2""		1278.0	1278000	1278.9	1278900	1.9000244	1900	""osoba2""
""osoba4""		1278.0	1278000	1278.0	1278000	1.0	1000	""osoba4""
""osoba1""		1280.1001	1280100	1284.3	1284300	5.199951	5199	""osoba1""
""osoba4""		1280.4	1280400	1282.2001	1282200	2.8000488	2800	""osoba4""
""osoba4""		1284.3	1284300	1288.5	1288500	5.199951	5199	""osoba4""
""osoba2""		1285.2001	1285200	1304.7001	1304700	20.5	20500	""osoba2""
""osoba4""		1287.6001	1287600	1288.5	1288500	1.8999023	1899	""osoba4""
""osoba2""		1288.2001	1288200	1304.7001	1304700	17.5	17500	""osoba2""
""osoba4""		1288.2001	1288200	1288.5	1288500	1.2999268	1299	""osoba4""
""osoba2""		1291.2001	1291200	1304.7001	1304700	14.5	14500	""osoba2""
""osoba2""		1292.4	1292400	1304.7001	1304700	13.300049	13300	""osoba2""
""osoba2""		1293.6001	1293600	1304.7001	1304700	12.099976	12099	""osoba2""
""osoba2""		1295.7001	1295700	1304.7001	1304700	10.0	10000	""osoba2""
""osoba2""		1298.1001	1298100	1304.7001	1304700	7.5999756	7599	""osoba2""
""osoba2""		1299.9	1299900	1304.7001	1304700	5.800049	5800	""osoba2""
""osoba3""		1302.3	1302300	1305.6001	1305600	4.300049	4300	""osoba3""
""osoba3""		1303.5	1303500	1305.6001	1305600	3.1000977	3100	""osoba3""
""osoba2""		1312.5	1312500	1324.2001	1324200	12.700073	12700	""osoba2""
""osoba2""		1314.9	1314900	1324.2001	1324200	10.300049	10300	""osoba2""
""osoba4""		1316.4	1316400	1316.7001	1316700	1.3000488	1300	""osoba4""
""osoba2""		1317.9	1317900	1324.2001	1324200	7.300049	7300	""osoba2""
""osoba2""		1318.8	1318800	1324.2001	1324200	6.4000244	6400	""osoba2""
""osoba2""		1320.3	1320300	1324.2001	1324200	4.9000244	4900	""osoba2""
""osoba1""		1324.2001	1324200	1340.1001	1340100	16.900024	16900	""osoba1""
""osoba2""		1324.2001	1324200	1324.2001	1324200	1.0	1000	""osoba2""
""osoba1""		1325.4	1325400	1340.1001	1340100	15.700073	15700	""osoba1""
""osoba1""		1326.0	1326000	1340.1001	1340100	15.100098	15100	""osoba1""
""osoba1""		1327.2001	1327200	1340.1001	1340100	13.900024	13900	""osoba1""
""osoba1""		1330.2001	1330200	1340.1001	1340100	10.900024	10900	""osoba1""
""osoba3""		1332.6001	1332600	1334.4	1334400	2.7999268	2799	""osoba3""
""osoba4""		1333.5	1333500	1333.8	1333800	1.3000488	1300	""osoba4""
""osoba1""		1335.0	1335000	1340.1001	1340100	6.1000977	6100	""osoba1""
""osoba1""		1336.5	1336500	1340.1001	1340100	4.6000977	4600	""osoba1""
""osoba1""		1338.3	1338300	1340.1001	1340100	2.8000488	2800	""osoba1""
""osoba4""		1338.9	1338900	1341.9	1341900	4.0	4000	""osoba4""
""osoba2""		1341.0	1341000	1350.9	1350900	10.900024	10900	""osoba2""
""osoba1""		1343.1001	1343100	1350.0	1350000	7.8999023	7899	""osoba1""
""osoba3""		1346.4	1346400	1347.0	1347000	1.5999756	1599	""osoba3""
""osoba3""		1349.4	1349400	1353.3	1353300	4.9000244	4900	""osoba3""
""osoba2""		1350.3	1350300	1350.9	1350900	1.5999756	1599	""osoba2""
""osoba1""		1360.5	1360500	1364.4	1364400	4.9000244	4900	""osoba1""
""osoba1""		1361.1001	1361100	1364.4	1364400	4.2999268	4299	""osoba1""
""osoba1""		1362.9	1362900	1364.4	1364400	2.5	2500	""osoba1""
""osoba3""		1364.1001	1364100	1365.0	1365000	1.8999023	1899	""osoba3""
""osoba1""		1369.8	1369800	1391.7001	1391700	22.900024	22900	""osoba1""
""osoba1""		1372.2001	1372200	1391.7001	1391700	20.5	20500	""osoba1""
""osoba1""		1373.7001	1373700	1391.7001	1391700	19.0	19000	""osoba1""
""osoba1""		1374.9	1374900	1391.7001	1391700	17.800049	17800	""osoba1""
""osoba1""		1379.1001	1379100	1391.7001	1391700	13.599976	13599	""osoba1""
""osoba1""		1380.3	1380300	1391.7001	1391700	12.400024	12400	""osoba1""
""osoba1""		1381.2001	1381200	1391.7001	1391700	11.5	11500	""osoba1""
""osoba4""		1381.5	1381500	1381.8	1381800	1.3000488	1300	""osoba4""
""osoba3""		1383.3	1383300	1383.6001	1383600	1.3000488	1300	""osoba3""
""osoba1""		1386.3	1386300	1391.7001	1391700	6.4000244	6400	""osoba1""
""osoba1""		1386.9	1386900	1391.7001	1391700	5.800049	5800	""osoba1""
""osoba1""		1387.5	1387500	1391.7001	1391700	5.2000732	5200	""osoba1""
""osoba3""		1388.4	1388400	1391.1001	1391100	3.7000732	3700	""osoba3""
""osoba1""		1390.2001	1390200	1391.7001	1391700	2.5	2500	""osoba1""
""osoba3""		1390.2001	1390200	1391.1001	1391100	1.9000244	1900	""osoba3""
""osoba4""		1390.8	1390800	1391.1001	1391100	1.3000488	1300	""osoba4""
""osoba2""		1391.1001	1391100	1415.4	1415400	25.299927	25299	""osoba2""
""osoba2""		1393.2001	1393200	1415.4	1415400	23.199951	23199	""osoba2""
""osoba2""		1394.7001	1394700	1415.4	1415400	21.699951	21699	""osoba2""
""osoba2""		1396.8	1396800	1415.4	1415400	19.599976	19599	""osoba2""
""osoba2""		1397.4	1397400	1415.4	1415400	19.0	19000	""osoba2""
""osoba1""		1397.7001	1397700	1398.6001	1398600	1.9000244	1900	""osoba1""
""osoba4""		1398.3	1398300	1399.5	1399500	2.1999512	2199	""osoba4""
""osoba2""		1403.7001	1403700	1415.4	1415400	12.699951	12699	""osoba2""
""osoba2""		1405.8	1405800	1415.4	1415400	10.599976	10599	""osoba2""
""osoba3""		1405.8	1405800	1405.8	1405800	1.0	1000	""osoba3""
""osoba4""		1407.6001	1407600	1407.6001	1407600	1.0	1000	""osoba4""
""osoba2""		1407.9	1407900	1415.4	1415400	8.5	8500	""osoba2""
""osoba2""		1409.4	1409400	1415.4	1415400	7.0	7000	""osoba2""
""osoba2""		1410.3	1410300	1415.4	1415400	6.0999756	6099	""osoba2""
""osoba2""		1412.1001	1412100	1415.4	1415400	4.2999268	4299	""osoba2""
""osoba2""		1412.7001	1412700	1415.4	1415400	3.6999512	3699	""osoba2""
""osoba3""		1412.7001	1412700	1419.3	1419300	7.5999756	7599	""osoba3""
""osoba4""		1412.7001	1412700	1412.7001	1412700	1.0	1000	""osoba4""
""osoba2""		1417.5	1417500	1421.1001	1421100	4.6000977	4600	""osoba2""
""osoba2""		1418.7001	1418700	1421.1001	1421100	3.4000244	3400	""osoba2""
""osoba3""		1419.0	1419000	1419.3	1419300	1.3000488	1300	""osoba3""
""osoba2""		1420.2001	1420200	1421.1001	1421100	1.9000244	1900	""osoba2""
""osoba4""		1420.8	1420800	1422.6001	1422600	2.8000488	2800	""osoba4""
""osoba2""		1421.1001	1421100	1421.1001	1421100	1.0	1000	""osoba2""
""osoba1""		1422.0	1422000	1452.0	1452000	31.0	31000	""osoba1""
""osoba4""		1422.3	1422300	1422.6001	1422600	1.3000488	1300	""osoba4""
""osoba3""		1423.8	1423800	1423.8	1423800	1.0	1000	""osoba3""
""osoba1""		1424.7001	1424700	1452.0	1452000	28.299927	28299	""osoba1""
""osoba1""		1425.6001	1425600	1452.0	1452000	27.399902	27399	""osoba1""
""osoba1""		1426.5	1426500	1452.0	1452000	26.5	26500	""osoba1""
""osoba1""		1429.5	1429500	1452.0	1452000	23.5	23500	""osoba1""
""osoba1""		1431.3	1431300	1452.0	1452000	21.699951	21699	""osoba1""
""osoba1""		1432.2001	1432200	1452.0	1452000	20.799927	20799	""osoba1""
""osoba1""		1433.4	1433400	1452.0	1452000	19.599976	19599	""osoba1""
""osoba1""		1434.0	1434000	1452.0	1452000	19.0	19000	""osoba1""
""osoba1""		1434.9	1434900	1452.0	1452000	18.099976	18099	""osoba1""
""osoba1""		1435.5	1435500	1452.0	1452000	17.5	17500	""osoba1""
""osoba2""		1436.4	1436400	1436.4	1436400	1.0	1000	""osoba2""
""osoba3""		1436.7001	1436700	1436.7001	1436700	1.0	1000	""osoba3""
""osoba1""		1437.0	1437000	1452.0	1452000	16.0	16000	""osoba1""
""osoba1""		1437.6001	1437600	1452.0	1452000	15.399902	15399	""osoba1""
""osoba1""		1440.0	1440000	1452.0	1452000	13.0	13000	""osoba1""
""osoba1""		1441.5	1441500	1452.0	1452000	11.5	11500	""osoba1""
""osoba3""		1442.1001	1442100	1442.1001	1442100	1.0	1000	""osoba3""
""osoba1""		1442.4	1442400	1452.0	1452000	10.599976	10599	""osoba1""
""osoba3""		1444.2001	1444200	1445.7001	1445700	2.5	2500	""osoba3""
""osoba1""		1446.9	1446900	1452.0	1452000	6.0999756	6099	""osoba1""
""osoba4""		1450.8	1450800	1467.0	1467000	17.199951	17199	""osoba4""
""osoba1""		1452.0	1452000	1452.0	1452000	1.0	1000	""osoba1""
""osoba3""		1452.9	1452900	1453.2001	1453200	1.3000488	1300	""osoba3""
""osoba4""		1454.1001	1454100	1467.0	1467000	13.899902	13899	""osoba4""
""osoba4""		1457.1001	1457100	1467.0	1467000	10.899902	10899	""osoba4""
""osoba4""		1459.2001	1459200	1467.0	1467000	8.799927	8799	""osoba4""
""osoba4""		1459.8	1459800	1467.0	1467000	8.199951	8199	""osoba4""
""osoba1""		1461.0	1461000	1461.9	1461900	1.9000244	1900	""osoba1""
""osoba2""		1465.8	1465800	1470.0	1470000	5.199951	5199	""osoba2""
""osoba2""		1467.0	1467000	1470.0	1470000	4.0	4000	""osoba2""
""osoba4""		1467.0	1467000	1467.0	1467000	1.0	1000	""osoba4""
""osoba4""		1470.0	1470000	1481.7001	1481700	12.700073	12700	""osoba4""
""osoba3""		1470.6001	1470600	1470.9	1470900	1.2999268	1299	""osoba3""
""osoba1""		1471.8	1471800	1475.7001	1475700	4.9000244	4900	""osoba1""
""osoba4""		1471.8	1471800	1481.7001	1481700	10.900024	10900	""osoba4""
""osoba4""		1474.8	1474800	1481.7001	1481700	7.9000244	7900	""osoba4""
""osoba3""		1476.0	1476000	1476.0	1476000	1.0	1000	""osoba3""
""osoba2""		1476.9	1476900	1476.9	1476900	1.0	1000	""osoba2""
""osoba4""		1477.2001	1477200	1481.7001	1481700	5.5	5500	""osoba4""
""osoba1""		1481.4	1481400	1484.7001	1484700	4.300049	4300	""osoba1""
""osoba2""		1482.0	1482000	1482.0	1482000	1.0	1000	""osoba2""
""osoba3""		1483.2001	1483200	1486.8	1486800	4.5999756	4599	""osoba3""
""osoba3""		1484.4	1484400	1486.8	1486800	3.4000244	3400	""osoba3""
""osoba1""		1484.7001	1484700	1484.7001	1484700	1.0	1000	""osoba1""
""osoba4""		1484.7001	1484700	1485.9	1485900	2.1999512	2199	""osoba4""
""osoba1""		1494.6001	1494600	1495.8	1495800	2.1999512	2199	""osoba1""
""osoba4""		1495.5	1495500	1508.4	1508400	13.900024	13900	""osoba4""
""osoba4""		1497.0	1497000	1508.4	1508400	12.400024	12400	""osoba4""
""osoba4""		1500.9	1500900	1508.4	1508400	8.5	8500	""osoba4""
""osoba4""		1502.4	1502400	1508.4	1508400	7.0	7000	""osoba4""
""osoba4""		1503.3	1503300	1508.4	1508400	6.0999756	6099	""osoba4""
""osoba4""		1503.9	1503900	1508.4	1508400	5.5	5500	""osoba4""
""osoba1""		1504.2001	1504200	1504.5	1504500	1.2999268	1299	""osoba1""
""osoba4""		1504.5	1504500	1508.4	1508400	4.9000244	4900	""osoba4""
""osoba2""		1506.9	1506900	1506.9	1506900	1.0	1000	""osoba2""
""osoba1""		1508.4	1508400	1535.7001	1535700	28.300049	28300	""osoba1""
""osoba4""		1508.4	1508400	1508.4	1508400	1.0	1000	""osoba4""
""osoba2""		1509.3	1509300	1511.7001	1511700	3.4000244	3400	""osoba2""
""osoba3""		1511.1001	1511100	1511.1001	1511100	1.0	1000	""osoba3""
""osoba1""		1512.9	1512900	1535.7001	1535700	23.800049	23800	""osoba1""
""osoba1""		1513.5	1513500	1535.7001	1535700	23.200073	23200	""osoba1""
""osoba1""		1515.6001	1515600	1535.7001	1535700	21.099976	21099	""osoba1""
""osoba1""		1516.2001	1516200	1535.7001	1535700	20.5	20500	""osoba1""
""osoba1""		1517.4	1517400	1535.7001	1535700	19.300049	19300	""osoba1""
""osoba1""		1521.3	1521300	1535.7001	1535700	15.400024	15400	""osoba1""
""osoba1""		1522.2001	1522200	1535.7001	1535700	14.5	14500	""osoba1""
""osoba1""		1523.7001	1523700	1535.7001	1535700	13.0	13000	""osoba1""
""osoba1""		1528.8	1528800	1535.7001	1535700	7.9000244	7900	""osoba1""
""osoba4""		1529.7001	1529700	1530.0	1530000	1.2999268	1299	""osoba4""
""osoba1""		1534.8	1534800	1535.7001	1535700	1.9000244	1900	""osoba1""
""osoba2""		1535.4	1535400	1540.8	1540800	6.4000244	6400	""osoba2""
""osoba3""		1538.4	1538400	1538.4	1538400	1.0	1000	""osoba3""
""osoba2""		1538.7001	1538700	1540.8	1540800	3.0999756	3099	""osoba2""
""osoba4""		1539.0001	1539000	1539.0001	1539000	1.0	1000	""osoba4""
""osoba3""		1540.8	1540800	1543.8	1543800	4.0	4000	""osoba3""
""osoba1""		1544.4	1544400	1581.9	1581900	38.5	38500	""osoba1""
""osoba1""		1545.6001	1545600	1581.9	1581900	37.299927	37299	""osoba1""
""osoba1""		1547.1001	1547100	1581.9	1581900	35.799927	35799	""osoba1""
""osoba2""		1547.1001	1547100	1548.3	1548300	2.1999512	2199	""osoba2""
""osoba1""		1548.3	1548300	1581.9	1581900	34.599976	34599	""osoba1""
""osoba2""		1551.9	1551900	1559.7001	1559700	8.800049	8800	""osoba2""
""osoba1""		1554.0001	1554000	1581.9	1581900	28.899902	28899	""osoba1""
""osoba2""		1562.4	1562400	1562.7001	1562700	1.3000488	1300	""osoba2""
""osoba1""		1563.6001	1563600	1581.9	1581900	19.299927	19299	""osoba1""
""osoba1""		1564.8	1564800	1581.9	1581900	18.099976	18099	""osoba1""
""osoba4""		1566.0001	1566000	1566.0001	1566000	1.0	1000	""osoba4""
""osoba1""		1567.5001	1567500	1581.9	1581900	15.399902	15399	""osoba1""
""osoba2""		1567.8	1567800	1568.7001	1568700	1.9000244	1900	""osoba2""
""osoba1""		1569.9	1569900	1581.9	1581900	13.0	13000	""osoba1""
""osoba1""		1571.1001	1571100	1581.9	1581900	11.799927	11799	""osoba1""
""osoba1""		1575.6001	1575600	1581.9	1581900	7.2999268	7299	""osoba1""
""osoba1""		1577.1001	1577100	1581.9	1581900	5.7999268	5799	""osoba1""
""osoba4""		1578.3	1578300	1578.3	1578300	1.0	1000	""osoba4""
""osoba1""		1580.1001	1580100	1581.9	1581900	2.7999268	2799	""osoba1""
""osoba2""		1580.7001	1580700	1620.3	1620300	40.599976	40599	""osoba2""
""osoba1""		1581.3	1581300	1581.9	1581900	1.5999756	1599	""osoba1""
""osoba2""		1582.8	1582800	1620.3	1620300	38.5	38500	""osoba2""
""osoba2""		1585.8	1585800	1620.3	1620300	35.5	35500	""osoba2""
""osoba2""		1589.1001	1589100	1620.3	1620300	32.19995	32199	""osoba2""
""osoba2""		1591.8	1591800	1620.3	1620300	29.5	29500	""osoba2""
""osoba2""		1595.4	1595400	1620.3	1620300	25.900024	25900	""osoba2""
""osoba2""		1596.6001	1596600	1620.3	1620300	24.699951	24699	""osoba2""
""osoba2""		1597.5001	1597500	1620.3	1620300	23.799927	23799	""osoba2""
""osoba2""		1598.7001	1598700	1620.3	1620300	22.599976	22599	""osoba2""
""osoba3""		1599.3	1599300	1599.9	1599900	1.5999756	1599	""osoba3""
""osoba4""		1599.9	1599900	1600.5001	1600500	1.6000977	1600	""osoba4""
""osoba4""		1604.4	1604400	1604.4	1604400	1.0	1000	""osoba4""
""osoba2""		1605.3	1605300	1620.3	1620300	16.0	16000	""osoba2""
""osoba4""		1606.5001	1606500	1607.7001	1607700	2.1999512	2199	""osoba4""
""osoba2""		1609.2001	1609200	1620.3	1620300	12.099976	12099	""osoba2""
""osoba2""		1610.4	1610400	1620.3	1620300	10.900024	10900	""osoba2""
""osoba2""		1611.0001	1611000	1620.3	1620300	10.299927	10299	""osoba2""
""osoba1""		1612.5001	1612500	1612.5001	1612500	1.0	1000	""osoba1""
""osoba2""		1613.4	1613400	1620.3	1620300	7.9000244	7900	""osoba2""
""osoba2""		1614.9	1614900	1620.3	1620300	6.4000244	6400	""osoba2""
""osoba2""		1616.4	1616400	1620.3	1620300	4.9000244	4900	""osoba2""
