"default"		0.0	0	1.0	1000	1.0	1000	BEGIN
"default"		1620.3	1620300	1620.31	1621300	1.0	1000	END
""osoba2""		6.3	6300	10.200001	10200	4.9000006	4900	""osoba2""
""osoba2""		9.0	9000	10.200001	10200	2.2000008	2200	""osoba2""
""osoba4""		10.200001	10200	18.6	18600	9.4	9400	""osoba4""
""osoba4""		12.0	12000	18.6	18600	7.6000004	7600	""osoba4""
""osoba4""		14.400001	14400	18.6	18600	5.2	5200	""osoba4""
""osoba3""		14.700001	14700	15.3	15300	1.5999994	1599	""osoba3""
""osoba4""		16.5	16500	18.6	18600	3.1000004	3100	""osoba4""
""osoba1""		17.400002	17400	31.800001	31800	15.4	15400	""osoba1""
""osoba1""		20.1	20100	31.800001	31800	12.700001	12700	""osoba1""
""osoba1""		21.0	21000	31.800001	31800	11.800001	11800	""osoba1""
""osoba1""		22.2	22200	31.800001	31800	10.6	10600	""osoba1""
""osoba3""		24.0	24000	24.300001	24300	1.3000011	1300	""osoba3""
""osoba1""		24.300001	24300	31.800001	31800	8.5	8500	""osoba1""
""osoba2""		24.900002	24900	25.800001	25800	1.8999996	1899	""osoba2""
""osoba1""		31.2	31200	31.800001	31800	1.6000004	1600	""osoba1""
""osoba2""		31.800001	31800	93.0	93000	62.199997	62199	""osoba2""
""osoba2""		38.7	38700	93.0	93000	55.3	55300	""osoba2""
""osoba2""		40.2	40200	93.0	93000	53.8	53800	""osoba2""
""osoba2""		44.4	44400	93.0	93000	49.6	49600	""osoba2""
""osoba2""		45.0	45000	93.0	93000	49.0	49000	""osoba2""
""osoba1""		45.600002	45600	47.100002	47100	2.5	2500	""osoba1""
""osoba2""		45.9	45900	93.0	93000	48.1	48100	""osoba2""
""osoba4""		48.600002	48600	51.9	51900	4.299999	4299	""osoba4""
""osoba2""		49.800003	49800	93.0	93000	44.199997	44199	""osoba2""
""osoba2""		53.7	53700	93.0	93000	40.3	40300	""osoba2""
""osoba3""		54.000004	54000	56.100002	56100	3.0999985	3099	""osoba3""
""osoba2""		60.600002	60600	93.0	93000	33.399998	33399	""osoba2""
""osoba4""		62.4	62400	67.8	67800	6.4000015	6400	""osoba4""
""osoba1""		64.5	64500	65.700005	65700	2.2000046	2200	""osoba1""
""osoba2""		66.3	66300	93.0	93000	27.699997	27699	""osoba2""
""osoba2""		68.700005	68700	93.0	93000	25.299995	25299	""osoba2""
""osoba2""		71.4	71400	93.0	93000	22.599998	22599	""osoba2""
""osoba2""		74.4	74400	93.0	93000	19.599998	19599	""osoba2""
""osoba2""		76.200005	76200	93.0	93000	17.799995	17799	""osoba2""
""osoba2""		78.9	78900	93.0	93000	15.099998	15099	""osoba2""
""osoba2""		82.8	82800	93.0	93000	11.199997	11199	""osoba2""
""osoba3""		83.100006	83100	83.4	83400	1.2999954	1299	""osoba3""
""osoba2""		85.8	85800	93.0	93000	8.199997	8199	""osoba2""
""osoba2""		87.600006	87600	93.0	93000	6.399994	6399	""osoba2""
""osoba2""		88.200005	88200	93.0	93000	5.7999954	5799	""osoba2""
""osoba2""		89.4	89400	93.0	93000	4.5999985	4599	""osoba2""
""osoba2""		90.3	90300	93.0	93000	3.699997	3699	""osoba2""
""osoba2""		90.9	90900	93.0	93000	3.0999985	3099	""osoba2""
""osoba3""		92.4	92400	115.200005	115200	23.800003	23800	""osoba3""
""osoba3""		94.200005	94200	115.200005	115200	22.0	22000	""osoba3""
""osoba3""		97.8	97800	115.200005	115200	18.400002	18400	""osoba3""
""osoba3""		104.700005	104700	115.200005	115200	11.5	11500	""osoba3""
""osoba3""		109.50001	109500	115.200005	115200	6.699997	6699	""osoba3""
""osoba1""		110.4	110400	110.4	110400	1.0	1000	""osoba1""
""osoba3""		110.4	110400	115.200005	115200	5.800003	5800	""osoba3""
""osoba4""		112.8	112800	113.100006	113100	1.300003	1300	""osoba4""
""osoba2""		113.4	113400	119.4	119400	7.0	7000	""osoba2""
""osoba2""		114.9	114900	119.4	119400	5.5	5500	""osoba2""
""osoba4""		115.8	115800	117.00001	117000	2.2000046	2200	""osoba4""
""osoba3""		117.3	117300	126.00001	126000	9.700005	9700	""osoba3""
""osoba3""		121.200005	121200	126.00001	126000	5.800003	5800	""osoba3""
""osoba3""		123.600006	123600	126.00001	126000	3.4000015	3400	""osoba3""
""osoba4""		124.8	124800	124.8	124800	1.0	1000	""osoba4""
""osoba1""		126.00001	126000	149.70001	149700	24.700005	24700	""osoba1""
""osoba1""		129.6	129600	149.70001	149700	21.100006	21100	""osoba1""
""osoba1""		130.8	130800	149.70001	149700	19.90001	19900	""osoba1""
""osoba1""		131.40001	131400	149.70001	149700	19.300003	19300	""osoba1""
""osoba4""		133.5	133500	134.1	134100	1.6000061	1600	""osoba4""
""osoba1""		138.3	138300	149.70001	149700	12.400009	12400	""osoba1""
""osoba1""		139.8	139800	149.70001	149700	10.900009	10900	""osoba1""
""osoba4""		139.8	139800	141.6	141600	2.800003	2800	""osoba4""
""osoba4""		141.3	141300	141.6	141600	1.300003	1300	""osoba4""
""osoba3""		141.90001	141900	141.90001	141900	1.0	1000	""osoba3""
""osoba1""		144.3	144300	149.70001	149700	6.400009	6400	""osoba1""
""osoba1""		147.0	147000	149.70001	149700	3.7000122	3700	""osoba1""
""osoba4""		147.6	147600	161.1	161100	14.5	14500	""osoba4""
""osoba3""		150.6	150600	150.6	150600	1.0	1000	""osoba3""
""osoba4""		154.5	154500	161.1	161100	7.600006	7600	""osoba4""
""osoba3""		156.0	156000	163.5	163500	8.5	8500	""osoba3""
""osoba4""		156.90001	156900	161.1	161100	5.199997	5199	""osoba4""
""osoba3""		158.1	158100	163.5	163500	6.399994	6399	""osoba3""
""osoba1""		158.40001	158400	165.6	165600	8.199997	8199	""osoba1""
""osoba3""		160.5	160500	163.5	163500	4.0	4000	""osoba3""
""osoba1""		163.20001	163200	165.6	165600	3.399994	3399	""osoba1""
""osoba3""		163.20001	163200	163.5	163500	1.2999878	1299	""osoba3""
""osoba1""		164.1	164100	165.6	165600	2.5	2500	""osoba1""
""osoba4""		165.6	165600	179.70001	179700	15.100006	15100	""osoba4""
""osoba4""		169.20001	169200	179.70001	179700	11.5	11500	""osoba4""
""osoba4""		169.8	169800	179.70001	179700	10.900009	10900	""osoba4""
""osoba4""		172.5	172500	179.70001	179700	8.200012	8200	""osoba4""
""osoba2""		172.8	172800	173.40001	173400	1.6000061	1600	""osoba2""
""osoba3""		174.6	174600	174.90001	174900	1.300003	1300	""osoba3""
""osoba4""		174.90001	174900	179.70001	179700	5.800003	5800	""osoba4""
""osoba4""		177.0	177000	179.70001	179700	3.7000122	3700	""osoba4""
""osoba2""		177.3	177300	177.3	177300	1.0	1000	""osoba2""
""osoba2""		179.40001	179400	185.70001	185700	7.300003	7300	""osoba2""
""osoba4""		179.40001	179400	179.70001	179700	1.300003	1300	""osoba4""
""osoba1""		180.90001	180900	180.90001	180900	1.0	1000	""osoba1""
""osoba2""		181.8	181800	185.70001	185700	4.900009	4900	""osoba2""
""osoba2""		182.70001	182700	185.70001	185700	4.0	4000	""osoba2""
""osoba2""		184.20001	184200	185.70001	185700	2.5	2500	""osoba2""
""osoba4""		185.70001	185700	192.6	192600	7.899994	7899	""osoba4""
""osoba4""		186.90001	186900	192.6	192600	6.699997	6699	""osoba4""
""osoba2""		189.90001	189900	192.3	192300	3.399994	3399	""osoba2""
""osoba3""		189.90001	189900	189.90001	189900	1.0	1000	""osoba3""
""osoba3""		192.3	192300	196.50002	196500	5.200012	5200	""osoba3""
""osoba3""		194.40001	194400	196.50002	196500	3.100006	3100	""osoba3""
""osoba3""		195.00002	195000	196.50002	196500	2.5	2500	""osoba3""
""osoba3""		195.6	195600	196.50002	196500	1.9000092	1900	""osoba3""
""osoba4""		196.20001	196200	203.70001	203700	8.5	8500	""osoba4""
""osoba3""		196.50002	196500	196.50002	196500	1.0	1000	""osoba3""
""osoba4""		198.3	198300	203.70001	203700	6.400009	6400	""osoba4""
""osoba2""		199.50002	199500	200.70001	200700	2.199997	2199	""osoba2""
""osoba3""		201.3	201300	202.50002	202500	2.2000122	2200	""osoba3""
""osoba1""		203.40001	203400	217.20001	217200	14.800003	14800	""osoba1""
""osoba2""		203.40001	203400	203.70001	203700	1.300003	1300	""osoba2""
""osoba1""		204.90001	204900	217.20001	217200	13.300003	13300	""osoba1""
""osoba1""		206.1	206100	217.20001	217200	12.100006	12100	""osoba1""
""osoba1""		207.6	207600	217.20001	217200	10.600006	10600	""osoba1""
""osoba3""		209.1	209100	209.1	209100	1.0	1000	""osoba3""
""osoba1""		209.70001	209700	217.20001	217200	8.5	8500	""osoba1""
""osoba1""		212.70001	212700	217.20001	217200	5.5	5500	""osoba1""
""osoba1""		214.8	214800	217.20001	217200	3.4000092	3400	""osoba1""
""osoba1""		215.40001	215400	217.20001	217200	2.800003	2800	""osoba1""
""osoba1""		216.3	216300	217.20001	217200	1.9000092	1900	""osoba1""
""osoba2""		217.50002	217500	223.20001	223200	6.699997	6699	""osoba2""
""osoba2""		219.90001	219900	223.20001	223200	4.300003	4300	""osoba2""
""osoba1""		221.40001	221400	222.90001	222900	2.5	2500	""osoba1""
""osoba2""		222.90001	222900	223.20001	223200	1.300003	1300	""osoba2""
""osoba4""		223.8	223800	235.20001	235200	12.400009	12400	""osoba4""
""osoba4""		224.40001	224400	235.20001	235200	11.800003	11800	""osoba4""
""osoba4""		225.3	225300	235.20001	235200	10.900009	10900	""osoba4""
""osoba4""		226.50002	226500	235.20001	235200	9.699997	9699	""osoba4""
""osoba4""		228.00002	228000	235.20001	235200	8.199997	8199	""osoba4""
""osoba4""		229.20001	229200	235.20001	235200	7.0	7000	""osoba4""
""osoba4""		232.8	232800	235.20001	235200	3.4000092	3400	""osoba4""
""osoba4""		234.00002	234000	235.20001	235200	2.199997	2199	""osoba4""
""osoba3""		234.6	234600	234.90001	234900	1.300003	1300	""osoba3""
""osoba1""		235.8	235800	239.40001	239400	4.600006	4600	""osoba1""
""osoba1""		237.3	237300	239.40001	239400	3.100006	3100	""osoba1""
""osoba1""		238.20001	238200	239.40001	239400	2.199997	2199	""osoba1""
""osoba3""		239.40001	239400	267.0	267000	28.59999	28599	""osoba3""
""osoba3""		241.20001	241200	267.0	267000	26.799988	26799	""osoba3""
""osoba3""		241.8	241800	267.0	267000	26.199997	26199	""osoba3""
""osoba3""		244.50002	244500	267.0	267000	23.499985	23499	""osoba3""
""osoba3""		246.00002	246000	267.0	267000	21.999985	21999	""osoba3""
""osoba3""		249.00002	249000	267.0	267000	18.999985	18999	""osoba3""
""osoba1""		250.8	250800	251.70001	251700	1.9000092	1900	""osoba1""
""osoba4""		251.70001	251700	252.00002	252000	1.300003	1300	""osoba4""
""osoba2""		252.90001	252900	256.5	256500	4.599991	4599	""osoba2""
""osoba2""		255.3	255300	256.5	256500	2.199997	2199	""osoba2""
""osoba3""		257.40002	257400	267.0	267000	10.599976	10599	""osoba3""
""osoba3""		258.90002	258900	267.0	267000	9.099976	9099	""osoba3""
""osoba3""		260.7	260700	267.0	267000	7.299988	7299	""osoba3""
""osoba4""		260.7	260700	262.2	262200	2.5	2500	""osoba4""
""osoba2""		264.6	264600	277.5	277500	13.899994	13899	""osoba2""
""osoba3""		265.2	265200	267.0	267000	2.7999878	2799	""osoba3""
""osoba2""		265.5	265500	277.5	277500	13.0	13000	""osoba2""
""osoba3""		266.1	266100	267.0	267000	1.8999939	1899	""osoba3""
""osoba3""		267.0	267000	267.0	267000	1.0	1000	""osoba3""
""osoba2""		267.30002	267300	277.5	277500	11.199982	11199	""osoba2""
""osoba3""		269.7	269700	270.6	270600	1.8999939	1899	""osoba3""
""osoba2""		273.90002	273900	277.5	277500	4.5999756	4599	""osoba2""
""osoba2""		275.1	275100	277.5	277500	3.399994	3399	""osoba2""
""osoba3""		277.5	277500	284.7	284700	8.200012	8200	""osoba3""
""osoba1""		278.7	278700	280.80002	280800	3.100006	3100	""osoba1""
""osoba3""		279.0	279000	284.7	284700	6.700012	6700	""osoba3""
""osoba3""		283.5	283500	284.7	284700	2.2000122	2200	""osoba3""
""osoba4""		284.1	284100	287.7	287700	4.600006	4600	""osoba4""
""osoba3""		284.40002	284400	284.7	284700	1.2999878	1299	""osoba3""
""osoba1""		287.40002	287400	302.1	302100	15.699982	15699	""osoba1""
""osoba3""		289.80002	289800	289.80002	289800	1.0	1000	""osoba3""
""osoba1""		293.40002	293400	302.1	302100	9.699982	9699	""osoba1""
""osoba1""		294.6	294600	302.1	302100	8.5	8500	""osoba1""
""osoba2""		295.2	295200	295.5	295500	1.2999878	1299	""osoba2""
""osoba3""		296.1	296100	297.0	297000	1.8999939	1899	""osoba3""
""osoba3""		296.7	296700	297.0	297000	1.2999878	1299	""osoba3""
""osoba1""		300.30002	300300	302.1	302100	2.7999878	2799	""osoba1""
""osoba3""		301.5	301500	314.7	314700	14.200012	14200	""osoba3""
""osoba3""		303.6	303600	314.7	314700	12.100006	12100	""osoba3""
""osoba3""		304.2	304200	314.7	314700	11.5	11500	""osoba3""
""osoba3""		306.0	306000	314.7	314700	9.700012	9700	""osoba3""
""osoba3""		306.90002	306900	314.7	314700	8.799988	8799	""osoba3""
""osoba3""		307.5	307500	314.7	314700	8.200012	8200	""osoba3""
""osoba3""		309.30002	309300	314.7	314700	6.399994	6399	""osoba3""
""osoba3""		310.2	310200	314.7	314700	5.5	5500	""osoba3""
""osoba4""		310.80002	310800	310.80002	310800	1.0	1000	""osoba4""
""osoba3""		311.1	311100	314.7	314700	4.600006	4600	""osoba3""
""osoba3""		312.0	312000	314.7	314700	3.7000122	3700	""osoba3""
""osoba1""		314.7	314700	345.30002	345300	31.600006	31600	""osoba1""
""osoba1""		315.6	315600	345.30002	345300	30.700012	30700	""osoba1""
""osoba1""		317.7	317700	345.30002	345300	28.600006	28600	""osoba1""
""osoba1""		318.30002	318300	345.30002	345300	28.0	28000	""osoba1""
""osoba1""		323.1	323100	345.30002	345300	23.200012	23200	""osoba1""
""osoba4""		324.0	324000	324.0	324000	1.0	1000	""osoba4""
""osoba1""		327.0	327000	345.30002	345300	19.300018	19300	""osoba1""
""osoba1""		328.2	328200	345.30002	345300	18.100006	18100	""osoba1""
""osoba1""		329.1	329100	345.30002	345300	17.200012	17200	""osoba1""
""osoba1""		329.7	329700	345.30002	345300	16.600006	16600	""osoba1""
""osoba1""		331.5	331500	345.30002	345300	14.800018	14800	""osoba1""
""osoba2""		332.40002	332400	333.0	333000	1.5999756	1599	""osoba2""
""osoba1""		336.30002	336300	345.30002	345300	10.0	10000	""osoba1""
""osoba1""		337.2	337200	345.30002	345300	9.100006	9100	""osoba1""
""osoba1""		339.6	339600	345.30002	345300	6.700012	6700	""osoba1""
""osoba3""		341.40002	341400	341.7	341700	1.2999878	1299	""osoba3""
""osoba1""		345.0	345000	345.30002	345300	1.3000183	1300	""osoba1""
""osoba3""		345.30002	345300	346.80002	346800	2.5	2500	""osoba3""
""osoba2""		346.5	346500	391.80002	391800	46.30002	46300	""osoba2""
""osoba1""		348.90002	348900	349.5	349500	1.5999756	1599	""osoba1""
""osoba2""		349.2	349200	391.80002	391800	43.600006	43600	""osoba2""
""osoba4""		350.1	350100	353.7	353700	4.600006	4600	""osoba4""
""osoba4""		352.5	352500	353.7	353700	2.2000122	2200	""osoba4""
""osoba2""		353.40002	353400	391.80002	391800	39.399994	39399	""osoba2""
""osoba2""		356.40002	356400	391.80002	391800	36.399994	36399	""osoba2""
""osoba1""		357.6	357600	357.6	357600	1.0	1000	""osoba1""
""osoba2""		358.80002	358800	391.80002	391800	34.0	34000	""osoba2""
""osoba2""		359.7	359700	391.80002	391800	33.100006	33100	""osoba2""
""osoba2""		364.2	364200	391.80002	391800	28.600006	28600	""osoba2""
""osoba4""		368.40002	368400	368.40002	368400	1.0	1000	""osoba4""
""osoba2""		369.0	369000	391.80002	391800	23.800018	23800	""osoba2""
""osoba2""		369.6	369600	391.80002	391800	23.200012	23200	""osoba2""
""osoba2""		373.2	373200	391.80002	391800	19.600006	19600	""osoba2""
""osoba2""		373.80002	373800	391.80002	391800	19.0	19000	""osoba2""
""osoba3""		374.1	374100	375.6	375600	2.5	2500	""osoba3""
""osoba2""		375.30002	375300	391.80002	391800	17.5	17500	""osoba2""
""osoba2""		377.1	377100	391.80002	391800	15.700012	15700	""osoba2""
""osoba4""		377.40002	377400	378.6	378600	2.1999817	2199	""osoba4""
""osoba2""		382.2	382200	391.80002	391800	10.600006	10600	""osoba2""
""osoba2""		385.50003	385500	391.80002	391800	7.299988	7299	""osoba2""
""osoba2""		386.40002	386400	391.80002	391800	6.399994	6399	""osoba2""
""osoba2""		388.2	388200	391.80002	391800	4.600006	4600	""osoba2""
""osoba1""		388.80002	388800	388.80002	388800	1.0	1000	""osoba1""
""osoba2""		390.00003	390000	391.80002	391800	2.7999878	2799	""osoba2""
""osoba3""		390.00003	390000	390.00003	390000	1.0	1000	""osoba3""
""osoba2""		391.50003	391500	391.80002	391800	1.2999878	1299	""osoba2""
""osoba1""		391.80002	391800	398.40002	398400	7.600006	7600	""osoba1""
""osoba1""		393.30002	393300	398.40002	398400	6.100006	6100	""osoba1""
""osoba3""		398.40002	398400	408.00003	408000	10.600006	10600	""osoba3""
""osoba3""		399.90002	399900	408.00003	408000	9.100006	9100	""osoba3""
""osoba3""		401.40002	401400	408.00003	408000	7.600006	7600	""osoba3""
""osoba3""		402.30002	402300	408.00003	408000	6.700012	6700	""osoba3""
""osoba4""		403.2	403200	426.90002	426900	24.700012	24700	""osoba4""
""osoba3""		408.00003	408000	408.00003	408000	1.0	1000	""osoba3""
""osoba4""		409.2	409200	426.90002	426900	18.700012	18700	""osoba4""
""osoba4""		411.6	411600	426.90002	426900	16.300018	16300	""osoba4""
""osoba4""		413.7	413700	426.90002	426900	14.200012	14200	""osoba4""
""osoba4""		414.30002	414300	426.90002	426900	13.600006	13600	""osoba4""
""osoba4""		415.80002	415800	426.90002	426900	12.100006	12100	""osoba4""
""osoba4""		418.2	418200	426.90002	426900	9.700012	9700	""osoba4""
""osoba1""		419.1	419100	419.40002	419400	1.3000183	1300	""osoba1""
""osoba2""		420.90002	420900	421.80002	421800	1.8999939	1899	""osoba2""
""osoba4""		425.40002	425400	426.90002	426900	2.5	2500	""osoba4""
""osoba1""		426.6	426600	430.80002	430800	5.200012	5200	""osoba1""
""osoba4""		426.90002	426900	426.90002	426900	1.0	1000	""osoba4""
""osoba1""		427.50003	427500	430.80002	430800	4.299988	4299	""osoba1""
""osoba1""		428.7	428700	430.80002	430800	3.100006	3100	""osoba1""
""osoba1""		429.90002	429900	430.80002	430800	1.8999939	1899	""osoba1""
""osoba2""		431.1	431100	436.2	436200	6.100006	6100	""osoba2""
""osoba3""		433.2	433200	434.7	434700	2.5	2500	""osoba3""
""osoba1""		434.7	434700	466.80002	466800	33.100006	33100	""osoba1""
""osoba1""		438.6	438600	466.80002	466800	29.200012	29200	""osoba1""
""osoba1""		442.2	442200	466.80002	466800	25.600006	25600	""osoba1""
""osoba1""		445.2	445200	466.80002	466800	22.600006	22600	""osoba1""
""osoba1""		447.00003	447000	466.80002	466800	20.799988	20799	""osoba1""
""osoba1""		449.40002	449400	466.80002	466800	18.399994	18399	""osoba1""
""osoba3""		452.1	452100	452.1	452100	1.0	1000	""osoba3""
""osoba1""		454.50003	454500	466.80002	466800	13.299988	13299	""osoba1""
""osoba1""		455.1	455100	466.80002	466800	12.700012	12700	""osoba1""
""osoba1""		458.40002	458400	466.80002	466800	9.399994	9399	""osoba1""
""osoba1""		460.50003	460500	466.80002	466800	7.299988	7299	""osoba1""
""osoba3""		461.7	461700	462.6	462600	1.8999939	1899	""osoba3""
""osoba1""		463.2	463200	466.80002	466800	4.600006	4600	""osoba1""
""osoba1""		464.1	464100	466.80002	466800	3.7000122	3700	""osoba1""
""osoba2""		465.30002	465300	472.2	472200	7.899994	7899	""osoba2""
""osoba2""		468.30002	468300	472.2	472200	4.899994	4899	""osoba2""
""osoba1""		469.2	469200	475.2	475200	7.0	7000	""osoba1""
""osoba2""		471.00003	471000	472.2	472200	2.1999817	2199	""osoba2""
""osoba3""		473.40002	473400	488.7	488700	16.299988	16299	""osoba3""
""osoba3""		480.00003	480000	488.7	488700	9.699982	9699	""osoba3""
""osoba2""		480.30002	480300	480.6	480600	1.2999878	1299	""osoba2""
""osoba4""		480.6	480600	481.80002	481800	2.2000122	2200	""osoba4""
""osoba3""		483.6	483600	488.7	488700	6.100006	6100	""osoba3""
""osoba2""		486.90002	486900	504.6	504600	18.699982	18699	""osoba2""
""osoba2""		488.40002	488400	504.6	504600	17.199982	17199	""osoba2""
""osoba2""		489.6	489600	504.6	504600	16.0	16000	""osoba2""
""osoba2""		491.40002	491400	504.6	504600	14.199982	14199	""osoba2""
""osoba2""		492.6	492600	504.6	504600	13.0	13000	""osoba2""
""osoba2""		493.50003	493500	504.6	504600	12.099976	12099	""osoba2""
""osoba2""		494.1	494100	504.6	504600	11.5	11500	""osoba2""
""osoba2""		495.6	495600	504.6	504600	10.0	10000	""osoba2""
""osoba2""		496.80002	496800	504.6	504600	8.799988	8799	""osoba2""
""osoba4""		498.90002	498900	499.80002	499800	1.8999939	1899	""osoba4""
""osoba2""		501.6	501600	504.6	504600	4.0	4000	""osoba2""
""osoba2""		502.50003	502500	504.6	504600	3.0999756	3099	""osoba2""
""osoba3""		504.00003	504000	515.10004	515100	12.100006	12100	""osoba3""
""osoba2""		504.30002	504300	504.6	504600	1.2999878	1299	""osoba2""
""osoba3""		506.1	506100	515.10004	515100	10.0000305	10000	""osoba3""
""osoba4""		507.30002	507300	507.30002	507300	1.0	1000	""osoba4""
""osoba3""		507.6	507600	515.10004	515100	8.5000305	8500	""osoba3""
""osoba3""		509.1	509100	515.10004	515100	7.0000305	7000	""osoba3""
""osoba3""		511.50003	511500	515.10004	515100	4.600006	4600	""osoba3""
""osoba2""		513.30005	513300	532.80005	532800	20.5	20500	""osoba2""
""osoba2""		514.2	514200	532.80005	532800	19.600037	19600	""osoba2""
""osoba3""		514.80005	514800	515.10004	515100	1.2999878	1299	""osoba3""
""osoba2""		515.7	515700	532.80005	532800	18.100037	18100	""osoba2""
""osoba2""		519.0	519000	532.80005	532800	14.800049	14800	""osoba2""
""osoba2""		519.60004	519600	532.80005	532800	14.200012	14200	""osoba2""
""osoba2""		520.80005	520800	532.80005	532800	13.0	13000	""osoba2""
""osoba2""		521.7	521700	532.80005	532800	12.100037	12100	""osoba2""
""osoba2""		524.4	524400	532.80005	532800	9.400024	9400	""osoba2""
""osoba2""		526.5	526500	532.80005	532800	7.300049	7300	""osoba2""
""osoba2""		527.10004	527100	532.80005	532800	6.700012	6700	""osoba2""
""osoba2""		529.5	529500	532.80005	532800	4.300049	4300	""osoba2""
""osoba1""		529.80005	529800	533.4	533400	4.5999756	4599	""osoba1""
""osoba3""		531.60004	531600	560.7	560700	30.099976	30099	""osoba3""
""osoba2""		532.5	532500	532.80005	532800	1.3000488	1300	""osoba2""
""osoba3""		532.5	532500	560.7	560700	29.200012	29200	""osoba3""
""osoba3""		535.2	535200	560.7	560700	26.5	26500	""osoba3""
""osoba2""		536.4	536400	537.0	537000	1.5999756	1599	""osoba2""
""osoba3""		539.10004	539100	560.7	560700	22.599976	22599	""osoba3""
""osoba1""		539.4	539400	539.4	539400	1.0	1000	""osoba1""
""osoba3""		539.7	539700	560.7	560700	22.0	22000	""osoba3""
""osoba4""		540.0	540000	540.30005	540300	1.3000488	1300	""osoba4""
""osoba3""		540.30005	540300	560.7	560700	21.399963	21399	""osoba3""
""osoba3""		541.5	541500	560.7	560700	20.200012	20200	""osoba3""
""osoba3""		542.7	542700	560.7	560700	19.0	19000	""osoba3""
""osoba3""		545.10004	545100	560.7	560700	16.599976	16599	""osoba3""
""osoba3""		546.9	546900	560.7	560700	14.799988	14799	""osoba3""
""osoba3""		547.5	547500	560.7	560700	14.200012	14200	""osoba3""
""osoba3""		551.10004	551100	560.7	560700	10.599976	10599	""osoba3""
""osoba3""		553.5	553500	560.7	560700	8.200012	8200	""osoba3""
""osoba3""		554.7	554700	560.7	560700	7.0	7000	""osoba3""
""osoba3""		555.9	555900	560.7	560700	5.799988	5799	""osoba3""
""osoba3""		557.4	557400	560.7	560700	4.299988	4299	""osoba3""
""osoba3""		558.30005	558300	560.7	560700	3.3999634	3399	""osoba3""
""osoba1""		560.7	560700	579.0	579000	19.299988	19299	""osoba1""
""osoba1""		562.5	562500	579.0	579000	17.5	17500	""osoba1""
""osoba1""		564.60004	564600	579.0	579000	15.399963	15399	""osoba1""
""osoba1""		565.80005	565800	579.0	579000	14.199951	14199	""osoba1""
""osoba1""		567.0	567000	579.0	579000	13.0	13000	""osoba1""
""osoba3""		568.2	568200	570.30005	570300	3.1000366	3100	""osoba3""
""osoba1""		569.10004	569100	579.0	579000	10.899963	10899	""osoba1""
""osoba3""		570.0	570000	570.30005	570300	1.3000488	1300	""osoba3""
""osoba1""		571.2	571200	579.0	579000	8.799988	8799	""osoba1""
""osoba1""		571.80005	571800	579.0	579000	8.199951	8199	""osoba1""
""osoba1""		572.4	572400	579.0	579000	7.5999756	7599	""osoba1""
""osoba1""		573.30005	573300	579.0	579000	6.699951	6699	""osoba1""
""osoba1""		573.9	573900	579.0	579000	6.0999756	6099	""osoba1""
""osoba1""		575.7	575700	579.0	579000	4.299988	4299	""osoba1""
""osoba1""		577.2	577200	579.0	579000	2.7999878	2799	""osoba1""
""osoba1""		577.80005	577800	579.0	579000	2.1999512	2199	""osoba1""
""osoba2""		578.10004	578100	579.30005	579300	2.2000122	2200	""osoba2""
""osoba3""		578.10004	578100	592.80005	592800	15.700012	15700	""osoba3""
""osoba3""		580.5	580500	592.80005	592800	13.300049	13300	""osoba3""
""osoba3""		584.4	584400	592.80005	592800	9.400024	9400	""osoba3""
""osoba2""		585.0	585000	588.30005	588300	4.300049	4300	""osoba2""
""osoba3""		586.2	586200	592.80005	592800	7.6000366	7600	""osoba3""
""osoba3""		589.5	589500	592.80005	592800	4.300049	4300	""osoba3""
""osoba3""		590.4	590400	592.80005	592800	3.4000244	3400	""osoba3""
""osoba3""		591.9	591900	592.80005	592800	1.9000244	1900	""osoba3""
""osoba2""		593.10004	593100	599.10004	599100	7.0	7000	""osoba2""
""osoba2""		594.9	594900	599.10004	599100	5.200012	5200	""osoba2""
""osoba1""		598.80005	598800	602.10004	602100	4.299988	4299	""osoba1""
""osoba3""		599.4	599400	626.4	626400	28.0	28000	""osoba3""
""osoba3""		600.30005	600300	626.4	626400	27.099976	27099	""osoba3""
""osoba2""		603.30005	603300	603.30005	603300	1.0	1000	""osoba2""
""osoba3""		603.9	603900	626.4	626400	23.5	23500	""osoba3""
""osoba3""		605.10004	605100	626.4	626400	22.299988	22299	""osoba3""
""osoba3""		606.0	606000	626.4	626400	21.400024	21400	""osoba3""
""osoba3""		606.9	606900	626.4	626400	20.5	20500	""osoba3""
""osoba3""		608.7	608700	626.4	626400	18.700012	18700	""osoba3""
""osoba3""		610.2	610200	626.4	626400	17.200012	17200	""osoba3""
""osoba3""		610.80005	610800	626.4	626400	16.599976	16599	""osoba3""
""osoba3""		612.30005	612300	626.4	626400	15.099976	15099	""osoba3""
""osoba3""		612.9	612900	626.4	626400	14.5	14500	""osoba3""
""osoba3""		613.5	613500	626.4	626400	13.900024	13900	""osoba3""
""osoba3""		615.60004	615600	626.4	626400	11.799988	11799	""osoba3""
""osoba3""		616.2	616200	626.4	626400	11.200012	11200	""osoba3""
""osoba3""		617.4	617400	626.4	626400	10.0	10000	""osoba3""
""osoba3""		618.0	618000	626.4	626400	9.400024	9400	""osoba3""
""osoba3""		618.60004	618600	626.4	626400	8.799988	8799	""osoba3""
""osoba3""		619.2	619200	626.4	626400	8.200012	8200	""osoba3""
""osoba4""		621.0	621000	622.80005	622800	2.8000488	2800	""osoba4""
""osoba3""		625.5	625500	626.4	626400	1.9000244	1900	""osoba3""
""osoba2""		626.10004	626100	652.80005	652800	27.700012	27700	""osoba2""
""osoba2""		627.60004	627600	652.80005	652800	26.200012	26200	""osoba2""
""osoba2""		629.10004	629100	652.80005	652800	24.700012	24700	""osoba2""
""osoba4""		631.2	631200	632.10004	632100	1.9000244	1900	""osoba4""
""osoba3""		632.10004	632100	633.0	633000	1.8999634	1899	""osoba3""
""osoba2""		633.9	633900	652.80005	652800	19.900024	19900	""osoba2""
""osoba2""		635.10004	635100	652.80005	652800	18.700012	18700	""osoba2""
""osoba2""		637.80005	637800	652.80005	652800	16.0	16000	""osoba2""
""osoba2""		639.30005	639300	652.80005	652800	14.5	14500	""osoba2""
""osoba4""		642.0	642000	642.0	642000	1.0	1000	""osoba4""
""osoba2""		642.30005	642300	652.80005	652800	11.5	11500	""osoba2""
""osoba2""		647.4	647400	652.80005	652800	6.4000244	6400	""osoba2""
""osoba4""		651.0	651000	665.10004	665100	15.100037	15100	""osoba4""
""osoba2""		651.30005	651300	652.80005	652800	2.5	2500	""osoba2""
""osoba4""		652.5	652500	665.10004	665100	13.600037	13600	""osoba4""
""osoba4""		654.60004	654600	665.10004	665100	11.5	11500	""osoba4""
""osoba4""		655.2	655200	665.10004	665100	10.900024	10900	""osoba4""
""osoba4""		656.10004	656100	665.10004	665100	10.0	10000	""osoba4""
""osoba4""		656.7	656700	665.10004	665100	9.400024	9400	""osoba4""
""osoba4""		657.60004	657600	665.10004	665100	8.5	8500	""osoba4""
""osoba4""		658.5	658500	665.10004	665100	7.6000366	7600	""osoba4""
""osoba4""		660.30005	660300	665.10004	665100	5.799988	5799	""osoba4""
""osoba3""		660.9	660900	661.5	661500	1.5999756	1599	""osoba3""
""osoba4""		663.9	663900	665.10004	665100	2.2000122	2200	""osoba4""
""osoba2""		665.4	665400	668.7	668700	4.299988	4299	""osoba2""
""osoba4""		667.80005	667800	698.4	698400	31.599976	31599	""osoba4""
""osoba4""		671.10004	671100	698.4	698400	28.299988	28299	""osoba4""
""osoba4""		674.10004	674100	698.4	698400	25.299988	25299	""osoba4""
""osoba4""		675.30005	675300	698.4	698400	24.099976	24099	""osoba4""
""osoba1""		675.60004	675600	676.2	676200	1.5999756	1599	""osoba1""
""osoba2""		675.9	675900	675.9	675900	1.0	1000	""osoba2""
""osoba4""		676.2	676200	698.4	698400	23.200012	23200	""osoba4""
""osoba4""		677.7	677700	698.4	698400	21.700012	21700	""osoba4""
""osoba4""		678.9	678900	698.4	698400	20.5	20500	""osoba4""
""osoba4""		681.60004	681600	698.4	698400	17.799988	17799	""osoba4""
""osoba4""		683.4	683400	698.4	698400	16.0	16000	""osoba4""
""osoba4""		687.9	687900	698.4	698400	11.5	11500	""osoba4""
""osoba4""		688.5	688500	698.4	698400	10.900024	10900	""osoba4""
""osoba4""		690.30005	690300	698.4	698400	9.099976	9099	""osoba4""
""osoba4""		691.5	691500	698.4	698400	7.9000244	7900	""osoba4""
""osoba3""		691.80005	691800	692.7	692700	1.8999634	1899	""osoba3""
""osoba2""		692.10004	692100	693.30005	693300	2.2000122	2200	""osoba2""
""osoba4""		692.10004	692100	698.4	698400	7.299988	7299	""osoba4""
""osoba1""		698.10004	698100	699.60004	699600	2.5	2500	""osoba1""
""osoba2""		698.7	698700	701.10004	701100	3.4000244	3400	""osoba2""
""osoba3""		701.10004	701100	710.7	710700	10.599976	10599	""osoba3""
""osoba3""		702.30005	702300	710.7	710700	9.399963	9399	""osoba3""
""osoba3""		703.2	703200	710.7	710700	8.5	8500	""osoba3""
""osoba1""		703.5	703500	704.10004	704100	1.6000366	1600	""osoba1""
""osoba2""		704.4	704400	705.30005	705300	1.9000244	1900	""osoba2""
""osoba3""		706.80005	706800	710.7	710700	4.8999634	4899	""osoba3""
""osoba1""		708.0	708000	710.7	710700	3.7000122	3700	""osoba1""
""osoba1""		709.2	709200	710.7	710700	2.5	2500	""osoba1""
""osoba3""		709.2	709200	710.7	710700	2.5	2500	""osoba3""
""osoba3""		710.7	710700	710.7	710700	1.0	1000	""osoba3""
""osoba4""		710.7	710700	729.30005	729300	19.600037	19600	""osoba4""
""osoba4""		714.30005	714300	729.30005	729300	16.0	16000	""osoba4""
""osoba4""		714.9	714900	729.30005	729300	15.400024	15400	""osoba4""
""osoba4""		715.80005	715800	729.30005	729300	14.5	14500	""osoba4""
""osoba4""		717.0	717000	729.30005	729300	13.300049	13300	""osoba4""
""osoba4""		718.5	718500	729.30005	729300	11.800049	11800	""osoba4""
""osoba4""		719.7	719700	729.30005	729300	10.600037	10600	""osoba4""
""osoba4""		721.2	721200	729.30005	729300	9.100037	9100	""osoba4""
""osoba4""		722.10004	722100	729.30005	729300	8.200012	8200	""osoba4""
""osoba1""		722.7	722700	722.7	722700	1.0	1000	""osoba1""
""osoba4""		722.7	722700	729.30005	729300	7.6000366	7600	""osoba4""
""osoba3""		723.0	723000	723.0	723000	1.0	1000	""osoba3""
""osoba4""		724.2	724200	729.30005	729300	6.1000366	6100	""osoba4""
""osoba1""		724.80005	724800	724.80005	724800	1.0	1000	""osoba1""
""osoba4""		725.7	725700	729.30005	729300	4.6000366	4600	""osoba4""
""osoba1""		729.0	729000	735.60004	735600	7.6000366	7600	""osoba1""
""osoba2""		730.5	730500	730.5	730500	1.0	1000	""osoba2""
""osoba1""		731.10004	731100	735.60004	735600	5.5	5500	""osoba1""
""osoba1""		732.9	732900	735.60004	735600	3.7000122	3700	""osoba1""
""osoba1""		733.80005	733800	735.60004	735600	2.7999878	2799	""osoba1""
""osoba1""		735.30005	735300	735.60004	735600	1.2999878	1299	""osoba1""
""osoba3""		735.30005	735300	755.10004	755100	20.799988	20799	""osoba3""
""osoba3""		743.10004	743100	755.10004	755100	13.0	13000	""osoba3""
""osoba3""		744.30005	744300	755.10004	755100	11.799988	11799	""osoba3""
""osoba3""		745.2	745200	755.10004	755100	10.900024	10900	""osoba3""
""osoba3""		745.80005	745800	755.10004	755100	10.299988	10299	""osoba3""
""osoba3""		747.9	747900	755.10004	755100	8.200012	8200	""osoba3""
""osoba3""		748.80005	748800	755.10004	755100	7.299988	7299	""osoba3""
""osoba1""		751.5	751500	751.80005	751800	1.3000488	1300	""osoba1""
""osoba1""		755.4	755400	766.5	766500	12.099976	12099	""osoba1""
""osoba1""		756.60004	756600	766.5	766500	10.899963	10899	""osoba1""
""osoba3""		757.80005	757800	759.30005	759300	2.5	2500	""osoba3""
""osoba1""		760.80005	760800	766.5	766500	6.699951	6699	""osoba1""
""osoba1""		762.0	762000	766.5	766500	5.5	5500	""osoba1""
""osoba1""		762.60004	762600	766.5	766500	4.8999634	4899	""osoba1""
""osoba1""		763.5	763500	766.5	766500	4.0	4000	""osoba1""
""osoba1""		764.4	764400	766.5	766500	3.0999756	3099	""osoba1""
""osoba1""		766.5	766500	766.5	766500	1.0	1000	""osoba1""
""osoba3""		766.5	766500	787.80005	787800	22.300049	22300	""osoba3""
""osoba3""		768.30005	768300	787.80005	787800	20.5	20500	""osoba3""
""osoba3""		768.9	768900	787.80005	787800	19.900024	19900	""osoba3""
""osoba4""		769.80005	769800	775.50006	775500	6.700012	6700	""osoba4""
""osoba3""		772.80005	772800	787.80005	787800	16.0	16000	""osoba3""
""osoba4""		773.10004	773100	775.50006	775500	3.4000244	3400	""osoba4""
""osoba3""		774.00006	774000	787.80005	787800	14.799988	14799	""osoba3""
""osoba3""		777.00006	777000	787.80005	787800	11.799988	11799	""osoba3""
""osoba3""		782.10004	782100	787.80005	787800	6.700012	6700	""osoba3""
""osoba3""		783.30005	783300	787.80005	787800	5.5	5500	""osoba3""
""osoba3""		783.9	783900	787.80005	787800	4.9000244	4900	""osoba3""
""osoba3""		786.60004	786600	787.80005	787800	2.2000122	2200	""osoba3""
""osoba4""		788.10004	788100	791.10004	791100	4.0	4000	""osoba4""
""osoba4""		791.10004	791100	791.10004	791100	1.0	1000	""osoba4""
""osoba3""		791.4	791400	794.10004	794100	3.7000122	3700	""osoba3""
""osoba3""		793.2	793200	794.10004	794100	1.9000244	1900	""osoba3""
""osoba4""		793.80005	793800	796.80005	796800	4.0	4000	""osoba4""
""osoba4""		795.9	795900	796.80005	796800	1.9000244	1900	""osoba4""
""osoba2""		796.50006	796500	809.10004	809100	13.599976	13599	""osoba2""
""osoba2""		798.9	798900	809.10004	809100	11.200012	11200	""osoba2""
""osoba2""		800.4	800400	809.10004	809100	9.700012	9700	""osoba2""
""osoba2""		801.60004	801600	809.10004	809100	8.5	8500	""osoba2""
""osoba2""		803.7	803700	809.10004	809100	6.4000244	6400	""osoba2""
""osoba2""		804.30005	804300	809.10004	809100	5.799988	5799	""osoba2""
""osoba1""		805.2	805200	805.2	805200	1.0	1000	""osoba1""
""osoba2""		805.50006	805500	809.10004	809100	4.5999756	4599	""osoba2""
""osoba2""		808.2	808200	809.10004	809100	1.9000244	1900	""osoba2""
""osoba3""		808.80005	808800	821.4	821400	13.599976	13599	""osoba3""
""osoba3""		810.30005	810300	821.4	821400	12.099976	12099	""osoba3""
""osoba3""		811.2	811200	821.4	821400	11.200012	11200	""osoba3""
""osoba3""		811.80005	811800	821.4	821400	10.599976	10599	""osoba3""
""osoba3""		813.00006	813000	821.4	821400	9.399963	9399	""osoba3""
""osoba1""		816.30005	816300	817.2	817200	1.8999634	1899	""osoba1""
""osoba3""		819.9	819900	821.4	821400	2.5	2500	""osoba3""
""osoba4""		820.2	820200	823.80005	823800	4.6000366	4600	""osoba4""
""osoba4""		823.2	823200	823.80005	823800	1.6000366	1600	""osoba4""
""osoba1""		823.50006	823500	828.30005	828300	5.799988	5799	""osoba1""
""osoba1""		825.60004	825600	828.30005	828300	3.7000122	3700	""osoba1""
""osoba1""		826.2	826200	828.30005	828300	3.1000366	3100	""osoba1""
""osoba2""		826.50006	826500	826.50006	826500	1.0	1000	""osoba2""
""osoba1""		827.7	827700	828.30005	828300	1.6000366	1600	""osoba1""
""osoba4""		828.00006	828000	847.50006	847500	20.5	20500	""osoba4""
""osoba4""		834.9	834900	847.50006	847500	13.600037	13600	""osoba4""
""osoba4""		835.80005	835800	847.50006	847500	12.700012	12700	""osoba4""
""osoba4""		837.00006	837000	847.50006	847500	11.5	11500	""osoba4""
""osoba4""		838.2	838200	847.50006	847500	10.300049	10300	""osoba4""
""osoba4""		839.7	839700	847.50006	847500	8.800049	8800	""osoba4""
""osoba4""		841.2	841200	847.50006	847500	7.300049	7300	""osoba4""
""osoba3""		843.30005	843300	853.2	853200	10.899963	10899	""osoba3""
""osoba3""		844.50006	844500	853.2	853200	9.699951	9699	""osoba3""
""osoba3""		846.9	846900	853.2	853200	7.299988	7299	""osoba3""
""osoba4""		847.2	847200	847.50006	847500	1.3000488	1300	""osoba4""
""osoba3""		849.00006	849000	853.2	853200	5.199951	5199	""osoba3""
""osoba3""		850.50006	850500	853.2	853200	3.6999512	3699	""osoba3""
""osoba2""		852.60004	852600	871.2	871200	19.599976	19599	""osoba2""
""osoba2""		853.80005	853800	871.2	871200	18.399963	18399	""osoba2""
""osoba2""		854.7	854700	871.2	871200	17.5	17500	""osoba2""
""osoba2""		855.60004	855600	871.2	871200	16.599976	16599	""osoba2""
""osoba2""		858.30005	858300	871.2	871200	13.899963	13899	""osoba2""
""osoba2""		859.80005	859800	871.2	871200	12.399963	12399	""osoba2""
""osoba3""		861.00006	861000	861.00006	861000	1.0	1000	""osoba3""
""osoba2""		863.7	863700	871.2	871200	8.5	8500	""osoba2""
""osoba2""		864.30005	864300	871.2	871200	7.8999634	7899	""osoba2""
""osoba2""		867.00006	867000	871.2	871200	5.199951	5199	""osoba2""
""osoba2""		868.80005	868800	871.2	871200	3.3999634	3399	""osoba2""
""osoba4""		870.00006	870000	871.2	871200	2.1999512	2199	""osoba4""
""osoba3""		870.30005	870300	873.60004	873600	4.299988	4299	""osoba3""
""osoba1""		873.30005	873300	874.50006	874500	2.2000122	2200	""osoba1""
""osoba3""		873.30005	873300	873.60004	873600	1.2999878	1299	""osoba3""
""osoba2""		873.9	873900	880.50006	880500	7.6000366	7600	""osoba2""
""osoba4""		873.9	873900	875.7	875700	2.7999878	2799	""osoba4""
""osoba2""		876.00006	876000	880.50006	880500	5.5	5500	""osoba2""
""osoba2""		878.4	878400	880.50006	880500	3.1000366	3100	""osoba2""
""osoba2""		880.50006	880500	880.50006	880500	1.0	1000	""osoba2""
""osoba1""		880.80005	880800	886.50006	886500	6.700012	6700	""osoba1""
""osoba1""		882.9	882900	886.50006	886500	4.6000366	4600	""osoba1""
""osoba3""		886.50006	886500	889.80005	889800	4.299988	4299	""osoba3""
""osoba3""		888.00006	888000	889.80005	889800	2.7999878	2799	""osoba3""
""osoba2""		889.50006	889500	902.7	902700	14.199951	14199	""osoba2""
""osoba2""		892.80005	892800	902.7	902700	10.899963	10899	""osoba2""
""osoba2""		893.7	893700	902.7	902700	10.0	10000	""osoba2""
""osoba2""		895.2	895200	902.7	902700	8.5	8500	""osoba2""
""osoba2""		898.50006	898500	902.7	902700	5.199951	5199	""osoba2""
""osoba1""		902.7	902700	903.9	903900	2.2000122	2200	""osoba1""
""osoba1""		903.60004	903600	903.9	903900	1.2999878	1299	""osoba1""
""osoba3""		904.2	904200	919.2	919200	16.0	16000	""osoba3""
""osoba3""		905.4	905400	919.2	919200	14.799988	14799	""osoba3""
""osoba3""		906.00006	906000	919.2	919200	14.199951	14199	""osoba3""
""osoba3""		907.50006	907500	919.2	919200	12.699951	12699	""osoba3""
""osoba3""		914.7	914700	919.2	919200	5.5	5500	""osoba3""
""osoba3""		915.9	915900	919.2	919200	4.299988	4299	""osoba3""
""osoba3""		917.7	917700	919.2	919200	2.5	2500	""osoba3""
""osoba4""		918.30005	918300	934.50006	934500	17.200012	17200	""osoba4""
""osoba4""		920.10004	920100	934.50006	934500	15.400024	15400	""osoba4""
""osoba4""		920.7	920700	934.50006	934500	14.800049	14800	""osoba4""
""osoba3""		923.10004	923100	924.60004	924600	2.5	2500	""osoba3""
""osoba4""		927.00006	927000	934.50006	934500	8.5	8500	""osoba4""
""osoba1""		930.00006	930000	931.50006	931500	2.5	2500	""osoba1""
""osoba4""		930.00006	930000	934.50006	934500	5.5	5500	""osoba4""
""osoba4""		931.80005	931800	934.50006	934500	3.7000122	3700	""osoba4""
""osoba4""		932.7	932700	934.50006	934500	2.8000488	2800	""osoba4""
""osoba4""		933.9	933900	934.50006	934500	1.6000366	1600	""osoba4""
""osoba3""		934.2	934200	956.7	956700	23.5	23500	""osoba3""
""osoba3""		936.9	936900	956.7	956700	20.799988	20799	""osoba3""
""osoba3""		937.50006	937500	956.7	956700	20.199951	20199	""osoba3""
""osoba3""		938.4	938400	956.7	956700	19.299988	19299	""osoba3""
""osoba3""		939.60004	939600	956.7	956700	18.099976	18099	""osoba3""
""osoba3""		941.4	941400	956.7	956700	16.299988	16299	""osoba3""
""osoba3""		942.00006	942000	956.7	956700	15.699951	15699	""osoba3""
""osoba3""		943.2	943200	956.7	956700	14.5	14500	""osoba3""
""osoba3""		945.30005	945300	956.7	956700	12.399963	12399	""osoba3""
""osoba3""		946.50006	946500	956.7	956700	11.199951	11199	""osoba3""
""osoba3""		947.4	947400	956.7	956700	10.299988	10299	""osoba3""
""osoba3""		948.60004	948600	956.7	956700	9.099976	9099	""osoba3""
""osoba3""		949.2	949200	956.7	956700	8.5	8500	""osoba3""
""osoba3""		950.4	950400	956.7	956700	7.299988	7299	""osoba3""
""osoba3""		951.30005	951300	956.7	956700	6.3999634	6399	""osoba3""
""osoba3""		952.2	952200	956.7	956700	5.5	5500	""osoba3""
""osoba3""		953.10004	953100	956.7	956700	4.5999756	4599	""osoba3""
""osoba3""		953.7	953700	956.7	956700	4.0	4000	""osoba3""
""osoba3""		954.60004	954600	956.7	956700	3.0999756	3099	""osoba3""
""osoba4""		955.80005	955800	963.00006	963000	8.200012	8200	""osoba4""
""osoba3""		956.10004	956100	956.7	956700	1.5999756	1599	""osoba3""
""osoba1""		960.00006	960000	960.30005	960300	1.2999878	1299	""osoba1""
""osoba4""		961.50006	961500	963.00006	963000	2.5	2500	""osoba4""
""osoba3""		962.10004	962100	1006.80005	1006800	45.700012	45700	""osoba3""
""osoba3""		962.7	962700	1006.80005	1006800	45.100037	45100	""osoba3""
""osoba4""		962.7	962700	963.00006	963000	1.3000488	1300	""osoba4""
""osoba1""		964.2	964200	965.10004	965100	1.9000244	1900	""osoba1""
""osoba2""		966.00006	966000	967.2	967200	2.1999512	2199	""osoba2""
""osoba2""		966.9	966900	967.2	967200	1.2999878	1299	""osoba2""
""osoba3""		967.50006	967500	1006.80005	1006800	40.299988	40299	""osoba3""
""osoba3""		969.30005	969300	1006.80005	1006800	38.5	38500	""osoba3""
""osoba3""		970.50006	970500	1006.80005	1006800	37.299988	37299	""osoba3""
""osoba3""		971.7	971700	1006.80005	1006800	36.100037	36100	""osoba3""
""osoba3""		973.50006	973500	1006.80005	1006800	34.299988	34299	""osoba3""
""osoba3""		974.4	974400	1006.80005	1006800	33.400024	33400	""osoba3""
""osoba3""		975.00006	975000	1006.80005	1006800	32.799988	32799	""osoba3""
""osoba3""		977.10004	977100	1006.80005	1006800	30.700012	30700	""osoba3""
""osoba3""		978.00006	978000	1006.80005	1006800	29.799988	29799	""osoba3""
""osoba3""		980.7	980700	1006.80005	1006800	27.100037	27100	""osoba3""
""osoba3""		981.30005	981300	1006.80005	1006800	26.5	26500	""osoba3""
""osoba4""		981.9	981900	981.9	981900	1.0	1000	""osoba4""
""osoba3""		982.50006	982500	1006.80005	1006800	25.299988	25299	""osoba3""
""osoba3""		983.4	983400	1006.80005	1006800	24.400024	24400	""osoba3""
""osoba3""		988.2	988200	1006.80005	1006800	19.600037	19600	""osoba3""
""osoba3""		989.10004	989100	1006.80005	1006800	18.700012	18700	""osoba3""
""osoba1""		990.30005	990300	992.4	992400	3.0999756	3099	""osoba1""
""osoba2""		991.50006	991500	991.80005	991800	1.2999878	1299	""osoba2""
""osoba3""		993.60004	993600	1006.80005	1006800	14.200012	14200	""osoba3""
""osoba3""		994.2	994200	1006.80005	1006800	13.600037	13600	""osoba3""
""osoba4""		994.2	994200	994.50006	994500	1.3000488	1300	""osoba4""
""osoba3""		995.4	995400	1006.80005	1006800	12.400024	12400	""osoba3""
""osoba1""		996.9	996900	997.2	997200	1.2999878	1299	""osoba1""
""osoba3""		998.10004	998100	1006.80005	1006800	9.700012	9700	""osoba3""
""osoba3""		999.00006	999000	1006.80005	1006800	8.799988	8799	""osoba3""
""osoba3""		1000.2	1000200	1006.80005	1006800	7.6000366	7600	""osoba3""
""osoba3""		1005.9	1005900	1006.80005	1006800	1.9000244	1900	""osoba3""
""osoba1""		1006.50006	1006500	1017.60004	1017600	12.099976	12099	""osoba1""
""osoba1""		1008.60004	1008600	1017.60004	1017600	10.0	10000	""osoba1""
""osoba1""		1009.2	1009200	1017.60004	1017600	9.400024	9400	""osoba1""
""osoba3""		1011.9	1011900	1014.00006	1014000	3.1000366	3100	""osoba3""
""osoba1""		1012.2	1012200	1017.60004	1017600	6.4000244	6400	""osoba1""
""osoba3""		1013.4	1013400	1014.00006	1014000	1.6000366	1600	""osoba3""
""osoba3""		1016.4	1016400	1061.4	1061400	46.0	46000	""osoba3""
""osoba3""		1017.60004	1017600	1061.4	1061400	44.799988	44799	""osoba3""
""osoba3""		1019.10004	1019100	1061.4	1061400	43.299988	43299	""osoba3""
""osoba3""		1019.7	1019700	1061.4	1061400	42.700012	42700	""osoba3""
""osoba3""		1020.60004	1020600	1061.4	1061400	41.799988	41799	""osoba3""
""osoba3""		1021.50006	1021500	1061.4	1061400	40.899963	40899	""osoba3""
""osoba3""		1023.00006	1023000	1061.4	1061400	39.399963	39399	""osoba3""
""osoba2""		1024.2001	1024200	1026.3	1026300	3.0999756	3099	""osoba2""
""osoba2""		1025.4	1025400	1026.3	1026300	1.9000244	1900	""osoba2""
""osoba3""		1025.7001	1025700	1061.4	1061400	36.69995	36699	""osoba3""
""osoba4""		1026.6001	1026600	1027.2001	1027200	1.5999756	1599	""osoba4""
""osoba3""		1028.7001	1028700	1061.4	1061400	33.69995	33699	""osoba3""
""osoba3""		1029.3	1029300	1061.4	1061400	33.099976	33099	""osoba3""
""osoba3""		1030.2001	1030200	1061.4	1061400	32.19995	32199	""osoba3""
""osoba3""		1031.7001	1031700	1061.4	1061400	30.699951	30699	""osoba3""
""osoba3""		1032.3	1032300	1061.4	1061400	30.099976	30099	""osoba3""
""osoba3""		1035.3	1035300	1061.4	1061400	27.099976	27099	""osoba3""
""osoba2""		1038.3	1038300	1038.3	1038300	1.0	1000	""osoba2""
""osoba3""		1038.9	1038900	1061.4	1061400	23.5	23500	""osoba3""
""osoba3""		1041.6001	1041600	1061.4	1061400	20.799927	20799	""osoba3""
""osoba1""		1043.4	1043400	1044.0	1044000	1.5999756	1599	""osoba1""
""osoba2""		1044.3	1044300	1044.6001	1044600	1.3000488	1300	""osoba2""
""osoba4""		1047.6001	1047600	1049.4	1049400	2.7999268	2799	""osoba4""
""osoba3""		1048.8	1048800	1061.4	1061400	13.599976	13599	""osoba3""
""osoba3""		1050.6001	1050600	1061.4	1061400	11.799927	11799	""osoba3""
""osoba3""		1053.9	1053900	1061.4	1061400	8.5	8500	""osoba3""
""osoba3""		1054.5	1054500	1061.4	1061400	7.9000244	7900	""osoba3""
""osoba3""		1059.9	1059900	1061.4	1061400	2.5	2500	""osoba3""
""osoba2""		1061.7001	1061700	1073.4	1073400	12.699951	12699	""osoba2""
""osoba4""		1064.7001	1064700	1064.7001	1064700	1.0	1000	""osoba4""
""osoba3""		1066.2001	1066200	1066.2001	1066200	1.0	1000	""osoba3""
""osoba2""		1068.3	1068300	1073.4	1073400	6.0999756	6099	""osoba2""
""osoba4""		1069.8	1069800	1071.0	1071000	2.1999512	2199	""osoba4""
""osoba3""		1072.8	1072800	1084.5	1084500	12.699951	12699	""osoba3""
""osoba3""		1074.3	1074300	1084.5	1084500	11.199951	11199	""osoba3""
""osoba3""		1076.1001	1076100	1084.5	1084500	9.399902	9399	""osoba3""
""osoba3""		1077.9	1077900	1084.5	1084500	7.5999756	7599	""osoba3""
""osoba3""		1081.2001	1081200	1084.5	1084500	4.2999268	4299	""osoba3""
""osoba3""		1083.3	1083300	1084.5	1084500	2.1999512	2199	""osoba3""
""osoba3""		1084.2001	1084200	1084.5	1084500	1.2999268	1299	""osoba3""
""osoba2""		1084.5	1084500	1094.1001	1094100	10.600098	10600	""osoba2""
""osoba2""		1085.1001	1085100	1094.1001	1094100	10.0	10000	""osoba2""
""osoba2""		1086.0	1086000	1094.1001	1094100	9.100098	9100	""osoba2""
""osoba2""		1087.2001	1087200	1094.1001	1094100	7.9000244	7900	""osoba2""
""osoba2""		1088.1001	1088100	1094.1001	1094100	7.0	7000	""osoba2""
""osoba2""		1089.0	1089000	1094.1001	1094100	6.1000977	6100	""osoba2""
""osoba2""		1089.6001	1089600	1094.1001	1094100	5.5	5500	""osoba2""
""osoba1""		1089.9	1089900	1089.9	1089900	1.0	1000	""osoba1""
""osoba2""		1090.8	1090800	1094.1001	1094100	4.300049	4300	""osoba2""
""osoba1""		1093.5	1093500	1103.4	1103400	10.900024	10900	""osoba1""
""osoba2""		1093.8	1093800	1094.1001	1094100	1.3000488	1300	""osoba2""
""osoba3""		1097.1001	1097100	1097.4	1097400	1.2999268	1299	""osoba3""
""osoba1""		1099.8	1099800	1103.4	1103400	4.5999756	4599	""osoba1""
""osoba1""		1102.2001	1102200	1103.4	1103400	2.1999512	2199	""osoba1""
""osoba3""		1103.7001	1103700	1124.7001	1124700	22.0	22000	""osoba3""
""osoba3""		1105.8	1105800	1124.7001	1124700	19.900024	19900	""osoba3""
""osoba3""		1106.7001	1106700	1124.7001	1124700	19.0	19000	""osoba3""
""osoba3""		1108.8	1108800	1124.7001	1124700	16.900024	16900	""osoba3""
""osoba3""		1109.7001	1109700	1124.7001	1124700	16.0	16000	""osoba3""
""osoba3""		1110.6001	1110600	1124.7001	1124700	15.099976	15099	""osoba3""
""osoba3""		1111.5	1111500	1124.7001	1124700	14.200073	14200	""osoba3""
""osoba3""		1117.5	1117500	1124.7001	1124700	8.200073	8200	""osoba3""
""osoba3""		1118.4	1118400	1124.7001	1124700	7.300049	7300	""osoba3""
""osoba3""		1119.3	1119300	1124.7001	1124700	6.4000244	6400	""osoba3""
""osoba3""		1119.9	1119900	1124.7001	1124700	5.800049	5800	""osoba3""
""osoba3""		1121.4	1121400	1124.7001	1124700	4.300049	4300	""osoba3""
""osoba1""		1124.4	1124400	1126.5	1126500	3.0999756	3099	""osoba1""
""osoba1""		1125.9	1125900	1126.5	1126500	1.5999756	1599	""osoba1""
""osoba3""		1126.8	1126800	1128.3	1128300	2.5	2500	""osoba3""
""osoba2""		1127.1001	1127100	1136.4	1136400	10.299927	10299	""osoba2""
""osoba2""		1130.1001	1130100	1136.4	1136400	7.2999268	7299	""osoba2""
""osoba2""		1133.4	1133400	1136.4	1136400	4.0	4000	""osoba2""
""osoba3""		1135.8	1135800	1155.9	1155900	21.099976	21099	""osoba3""
""osoba4""		1136.7001	1136700	1136.7001	1136700	1.0	1000	""osoba4""
""osoba3""		1146.3	1146300	1155.9	1155900	10.599976	10599	""osoba3""
""osoba3""		1147.2001	1147200	1155.9	1155900	9.699951	9699	""osoba3""
""osoba3""		1149.6001	1149600	1155.9	1155900	7.2999268	7299	""osoba3""
""osoba3""		1150.5	1150500	1155.9	1155900	6.4000244	6400	""osoba3""
""osoba3""		1152.9	1152900	1155.9	1155900	4.0	4000	""osoba3""
""osoba2""		1154.4	1154400	1165.5	1165500	12.099976	12099	""osoba2""
""osoba2""		1157.1001	1157100	1165.5	1165500	9.399902	9399	""osoba2""
""osoba2""		1159.8	1159800	1165.5	1165500	6.699951	6699	""osoba2""
""osoba2""		1161.6001	1161600	1165.5	1165500	4.8999023	4899	""osoba2""
""osoba3""		1161.6001	1161600	1161.9	1161900	1.2999268	1299	""osoba3""
""osoba1""		1161.9	1161900	1162.8	1162800	1.9000244	1900	""osoba1""
""osoba2""		1162.8	1162800	1165.5	1165500	3.6999512	3699	""osoba2""
""osoba2""		1164.6001	1164600	1165.5	1165500	1.8999023	1899	""osoba2""
""osoba2""		1165.2001	1165200	1165.5	1165500	1.2999268	1299	""osoba2""
""osoba3""		1165.2001	1165200	1167.0	1167000	2.7999268	2799	""osoba3""
""osoba4""		1165.8	1165800	1170.9	1170900	6.0999756	6099	""osoba4""
""osoba3""		1166.7001	1166700	1167.0	1167000	1.2999268	1299	""osoba3""
""osoba4""		1169.1001	1169100	1170.9	1170900	2.7999268	2799	""osoba4""
""osoba2""		1170.6001	1170600	1179.3	1179300	9.699951	9699	""osoba2""
""osoba2""		1174.2001	1174200	1179.3	1179300	6.0999756	6099	""osoba2""
""osoba2""		1175.1001	1175100	1179.3	1179300	5.199951	5199	""osoba2""
""osoba2""		1178.4	1178400	1179.3	1179300	1.9000244	1900	""osoba2""
""osoba3""		1179.6001	1179600	1217.4	1217400	38.799927	38799	""osoba3""
""osoba3""		1181.1001	1181100	1217.4	1217400	37.299927	37299	""osoba3""
""osoba3""		1185.0	1185000	1217.4	1217400	33.400024	33400	""osoba3""
""osoba3""		1185.6001	1185600	1217.4	1217400	32.799927	32799	""osoba3""
""osoba3""		1190.7001	1190700	1217.4	1217400	27.699951	27699	""osoba3""
""osoba3""		1197.6001	1197600	1217.4	1217400	20.799927	20799	""osoba3""
""osoba1""		1199.7001	1199700	1203.3	1203300	4.5999756	4599	""osoba1""
""osoba3""		1200.0	1200000	1217.4	1217400	18.400024	18400	""osoba3""
""osoba3""		1202.7001	1202700	1217.4	1217400	15.699951	15699	""osoba3""
""osoba3""		1204.2001	1204200	1217.4	1217400	14.199951	14199	""osoba3""
""osoba3""		1205.1001	1205100	1217.4	1217400	13.299927	13299	""osoba3""
""osoba3""		1207.5	1207500	1217.4	1217400	10.900024	10900	""osoba3""
""osoba3""		1208.7001	1208700	1217.4	1217400	9.699951	9699	""osoba3""
""osoba3""		1210.2001	1210200	1217.4	1217400	8.199951	8199	""osoba3""
""osoba3""		1211.1001	1211100	1217.4	1217400	7.2999268	7299	""osoba3""
""osoba3""		1214.4	1214400	1217.4	1217400	4.0	4000	""osoba3""
""osoba3""		1215.9	1215900	1217.4	1217400	2.5	2500	""osoba3""
""osoba1""		1217.4	1217400	1226.1001	1226100	9.700073	9700	""osoba1""
""osoba3""		1217.4	1217400	1217.4	1217400	1.0	1000	""osoba3""
""osoba1""		1221.9	1221900	1226.1001	1226100	5.2000732	5200	""osoba1""
""osoba4""		1221.9	1221900	1224.3	1224300	3.4000244	3400	""osoba4""
""osoba3""		1222.2001	1222200	1223.1001	1223100	1.9000244	1900	""osoba3""
""osoba2""		1222.5	1222500	1245.9	1245900	24.400024	24400	""osoba2""
""osoba1""		1225.8	1225800	1226.1001	1226100	1.3000488	1300	""osoba1""
""osoba2""		1225.8	1225800	1245.9	1245900	21.099976	21099	""osoba2""
""osoba2""		1226.7001	1226700	1245.9	1245900	20.199951	20199	""osoba2""
""osoba3""		1228.5	1228500	1228.5	1228500	1.0	1000	""osoba3""
""osoba2""		1228.8	1228800	1245.9	1245900	18.099976	18099	""osoba2""
""osoba2""		1231.8	1231800	1245.9	1245900	15.099976	15099	""osoba2""
""osoba2""		1233.3	1233300	1245.9	1245900	13.599976	13599	""osoba2""
""osoba3""		1233.9	1233900	1233.9	1233900	1.0	1000	""osoba3""
""osoba4""		1233.9	1233900	1234.2001	1234200	1.3000488	1300	""osoba4""
""osoba2""		1236.3	1236300	1245.9	1245900	10.599976	10599	""osoba2""
""osoba2""		1238.1001	1238100	1245.9	1245900	8.799927	8799	""osoba2""
""osoba3""		1239.6001	1239600	1242.6001	1242600	4.0	4000	""osoba3""
""osoba3""		1245.3	1245300	1259.4	1259400	15.099976	15099	""osoba3""
""osoba3""		1247.1001	1247100	1259.4	1259400	13.299927	13299	""osoba3""
""osoba3""		1248.9	1248900	1259.4	1259400	11.5	11500	""osoba3""
""osoba2""		1249.8	1249800	1250.4	1250400	1.5999756	1599	""osoba2""
""osoba3""		1250.1001	1250100	1259.4	1259400	10.299927	10299	""osoba3""
""osoba3""		1251.6001	1251600	1259.4	1259400	8.799927	8799	""osoba3""
""osoba3""		1253.1001	1253100	1259.4	1259400	7.2999268	7299	""osoba3""
""osoba3""		1254.9	1254900	1259.4	1259400	5.5	5500	""osoba3""
""osoba1""		1258.8	1258800	1269.3	1269300	11.5	11500	""osoba1""
""osoba1""		1260.9	1260900	1269.3	1269300	9.400024	9400	""osoba1""
""osoba1""		1264.8	1264800	1269.3	1269300	5.5	5500	""osoba1""
""osoba1""		1267.5	1267500	1269.3	1269300	2.8000488	2800	""osoba1""
""osoba3""		1268.7001	1268700	1284.9	1284900	17.199951	17199	""osoba3""
""osoba4""		1270.8	1270800	1272.0	1272000	2.1999512	2199	""osoba4""
""osoba1""		1272.6001	1272600	1272.6001	1272600	1.0	1000	""osoba1""
""osoba3""		1275.3	1275300	1284.9	1284900	10.599976	10599	""osoba3""
""osoba3""		1276.2001	1276200	1284.9	1284900	9.699951	9699	""osoba3""
""osoba4""		1277.1001	1277100	1277.1001	1277100	1.0	1000	""osoba4""
""osoba3""		1278.3	1278300	1284.9	1284900	7.5999756	7599	""osoba3""
""osoba3""		1279.2001	1279200	1284.9	1284900	6.699951	6699	""osoba3""
""osoba3""		1282.8	1282800	1284.9	1284900	3.0999756	3099	""osoba3""
""osoba1""		1284.3	1284300	1300.2001	1300200	16.900024	16900	""osoba1""
""osoba3""		1284.3	1284300	1284.9	1284900	1.5999756	1599	""osoba3""
""osoba1""		1286.1001	1286100	1300.2001	1300200	15.099976	15099	""osoba1""
""osoba1""		1287.9	1287900	1300.2001	1300200	13.300049	13300	""osoba1""
""osoba1""		1290.0	1290000	1300.2001	1300200	11.200073	11200	""osoba1""
""osoba2""		1292.1001	1292100	1294.5	1294500	3.3999023	3399	""osoba2""
""osoba1""		1298.4	1298400	1300.2001	1300200	2.8000488	2800	""osoba1""
""osoba3""		1299.3	1299300	1311.3	1311300	13.0	13000	""osoba3""
""osoba3""		1309.5	1309500	1311.3	1311300	2.8000488	2800	""osoba3""
""osoba1""		1311.3	1311300	1333.8	1333800	23.5	23500	""osoba1""
""osoba2""		1314.3	1314300	1315.5	1315500	2.1999512	2199	""osoba2""
""osoba1""		1317.6001	1317600	1333.8	1333800	17.199951	17199	""osoba1""
""osoba1""		1318.5	1318500	1333.8	1333800	16.300049	16300	""osoba1""
""osoba4""		1319.4	1319400	1319.4	1319400	1.0	1000	""osoba4""
""osoba1""		1320.9	1320900	1333.8	1333800	13.900024	13900	""osoba1""
""osoba1""		1322.4	1322400	1333.8	1333800	12.400024	12400	""osoba1""
""osoba1""		1324.8	1324800	1333.8	1333800	10.0	10000	""osoba1""
""osoba1""		1325.4	1325400	1333.8	1333800	9.400024	9400	""osoba1""
""osoba1""		1329.3	1329300	1333.8	1333800	5.5	5500	""osoba1""
""osoba1""		1329.9	1329900	1333.8	1333800	4.9000244	4900	""osoba1""
""osoba1""		1331.1001	1331100	1333.8	1333800	3.6999512	3699	""osoba1""
""osoba3""		1331.7001	1331700	1331.7001	1331700	1.0	1000	""osoba3""
""osoba4""		1333.2001	1333200	1334.1001	1334100	1.9000244	1900	""osoba4""
""osoba2""		1334.4	1334400	1342.8	1342800	9.400024	9400	""osoba2""
""osoba2""		1336.2001	1336200	1342.8	1342800	7.5999756	7599	""osoba2""
""osoba2""		1337.4	1337400	1342.8	1342800	6.4000244	6400	""osoba2""
""osoba1""		1338.9	1338900	1351.5	1351500	13.599976	13599	""osoba1""
""osoba2""		1341.9	1341900	1342.8	1342800	1.9000244	1900	""osoba2""
""osoba1""		1343.4	1343400	1351.5	1351500	9.099976	9099	""osoba1""
""osoba1""		1348.5	1348500	1351.5	1351500	4.0	4000	""osoba1""
""osoba1""		1349.1001	1349100	1351.5	1351500	3.3999023	3399	""osoba1""
""osoba2""		1350.6001	1350600	1353.3	1353300	3.6999512	3699	""osoba2""
""osoba3""		1350.6001	1350600	1376.1001	1376100	26.5	26500	""osoba3""
""osoba1""		1350.9	1350900	1351.5	1351500	1.5999756	1599	""osoba1""
""osoba4""		1351.8	1351800	1353.6001	1353600	2.8000488	2800	""osoba4""
""osoba2""		1353.3	1353300	1353.3	1353300	1.0	1000	""osoba2""
""osoba3""		1356.0	1356000	1376.1001	1376100	21.100098	21100	""osoba3""
""osoba3""		1356.6001	1356600	1376.1001	1376100	20.5	20500	""osoba3""
""osoba4""		1359.9	1359900	1359.9	1359900	1.0	1000	""osoba4""
""osoba3""		1360.5	1360500	1376.1001	1376100	16.600098	16600	""osoba3""
""osoba3""		1363.8	1363800	1376.1001	1376100	13.300049	13300	""osoba3""
""osoba3""		1364.4	1364400	1376.1001	1376100	12.700073	12700	""osoba3""
""osoba3""		1366.2001	1366200	1376.1001	1376100	10.900024	10900	""osoba3""
""osoba3""		1367.4	1367400	1376.1001	1376100	9.700073	9700	""osoba3""
""osoba2""		1368.0	1368000	1368.3	1368300	1.3000488	1300	""osoba2""
""osoba3""		1368.3	1368300	1376.1001	1376100	8.800049	8800	""osoba3""
""osoba3""		1369.8	1369800	1376.1001	1376100	7.300049	7300	""osoba3""
""osoba3""		1374.0	1374000	1376.1001	1376100	3.1000977	3100	""osoba3""
""osoba1""		1374.6001	1374600	1374.9	1374900	1.2999268	1299	""osoba1""
""osoba2""		1375.5	1375500	1393.5	1393500	19.0	19000	""osoba2""
""osoba2""		1379.7001	1379700	1393.5	1393500	14.799927	14799	""osoba2""
""osoba2""		1380.6001	1380600	1393.5	1393500	13.899902	13899	""osoba2""
""osoba2""		1381.2001	1381200	1393.5	1393500	13.299927	13299	""osoba2""
""osoba2""		1381.8	1381800	1393.5	1393500	12.699951	12699	""osoba2""
""osoba2""		1382.4	1382400	1393.5	1393500	12.099976	12099	""osoba2""
""osoba2""		1383.0	1383000	1393.5	1393500	11.5	11500	""osoba2""
""osoba2""		1383.9	1383900	1393.5	1393500	10.599976	10599	""osoba2""
""osoba2""		1387.2001	1387200	1393.5	1393500	7.2999268	7299	""osoba2""
""osoba2""		1388.4	1388400	1393.5	1393500	6.0999756	6099	""osoba2""
""osoba2""		1389.3	1389300	1393.5	1393500	5.199951	5199	""osoba2""
""osoba2""		1390.5	1390500	1393.5	1393500	4.0	4000	""osoba2""
""osoba2""		1392.0	1392000	1393.5	1393500	2.5	2500	""osoba2""
""osoba3""		1393.8	1393800	1416.6001	1416600	23.800049	23800	""osoba3""
""osoba1""		1394.7001	1394700	1395.9	1395900	2.1999512	2199	""osoba1""
""osoba3""		1395.0	1395000	1416.6001	1416600	22.600098	22600	""osoba3""
""osoba3""		1397.4	1397400	1416.6001	1416600	20.200073	20200	""osoba3""
""osoba3""		1399.5	1399500	1416.6001	1416600	18.100098	18100	""osoba3""
""osoba3""		1400.1001	1400100	1416.6001	1416600	17.5	17500	""osoba3""
""osoba3""		1401.3	1401300	1416.6001	1416600	16.300049	16300	""osoba3""
""osoba3""		1404.3	1404300	1416.6001	1416600	13.300049	13300	""osoba3""
""osoba3""		1405.2001	1405200	1416.6001	1416600	12.400024	12400	""osoba3""
""osoba3""		1409.1001	1409100	1416.6001	1416600	8.5	8500	""osoba3""
""osoba3""		1410.9	1410900	1416.6001	1416600	6.7000732	6700	""osoba3""
""osoba3""		1413.9	1413900	1416.6001	1416600	3.7000732	3700	""osoba3""
""osoba3""		1415.1001	1415100	1416.6001	1416600	2.5	2500	""osoba3""
""osoba2""		1415.4	1415400	1427.4	1427400	13.0	13000	""osoba2""
""osoba3""		1416.0	1416000	1416.6001	1416600	1.6000977	1600	""osoba3""
""osoba2""		1417.8	1417800	1427.4	1427400	10.599976	10599	""osoba2""
""osoba2""		1419.3	1419300	1427.4	1427400	9.099976	9099	""osoba2""
""osoba2""		1420.2001	1420200	1427.4	1427400	8.199951	8199	""osoba2""
""osoba2""		1420.8	1420800	1427.4	1427400	7.5999756	7599	""osoba2""
""osoba2""		1423.2001	1423200	1427.4	1427400	5.199951	5199	""osoba2""
""osoba2""		1423.8	1423800	1427.4	1427400	4.5999756	4599	""osoba2""
""osoba4""		1424.4	1424400	1424.4	1424400	1.0	1000	""osoba4""
""osoba2""		1426.2001	1426200	1427.4	1427400	2.1999512	2199	""osoba2""
""osoba3""		1427.4	1427400	1449.0	1449000	22.599976	22599	""osoba3""
""osoba4""		1427.7001	1427700	1427.7001	1427700	1.0	1000	""osoba4""
""osoba3""		1430.1001	1430100	1449.0	1449000	19.899902	19899	""osoba3""
""osoba3""		1431.3	1431300	1449.0	1449000	18.699951	18699	""osoba3""
""osoba3""		1435.2001	1435200	1449.0	1449000	14.799927	14799	""osoba3""
""osoba3""		1435.8	1435800	1449.0	1449000	14.199951	14199	""osoba3""
""osoba3""		1436.7001	1436700	1449.0	1449000	13.299927	13299	""osoba3""
""osoba3""		1438.8	1438800	1449.0	1449000	11.199951	11199	""osoba3""
""osoba3""		1439.4	1439400	1449.0	1449000	10.599976	10599	""osoba3""
""osoba3""		1442.1001	1442100	1449.0	1449000	7.8999023	7899	""osoba3""
""osoba3""		1443.3	1443300	1449.0	1449000	6.699951	6699	""osoba3""
""osoba1""		1448.4	1448400	1449.3	1449300	1.9000244	1900	""osoba1""
""osoba4""		1449.3	1449300	1456.2001	1456200	7.9000244	7900	""osoba4""
""osoba4""		1451.4	1451400	1456.2001	1456200	5.800049	5800	""osoba4""
""osoba1""		1455.3	1455300	1467.3	1467300	13.0	13000	""osoba1""
""osoba1""		1460.7001	1460700	1467.3	1467300	7.5999756	7599	""osoba1""
""osoba1""		1462.5	1462500	1467.3	1467300	5.800049	5800	""osoba1""
""osoba1""		1466.1001	1466100	1467.3	1467300	2.1999512	2199	""osoba1""
""osoba3""		1466.4	1466400	1474.8	1474800	9.400024	9400	""osoba3""
""osoba3""		1468.5	1468500	1474.8	1474800	7.300049	7300	""osoba3""
""osoba3""		1470.0	1470000	1474.8	1474800	5.800049	5800	""osoba3""
""osoba2""		1470.6001	1470600	1470.6001	1470600	1.0	1000	""osoba2""
""osoba3""		1470.6001	1470600	1474.8	1474800	5.199951	5199	""osoba3""
""osoba3""		1473.0	1473000	1474.8	1474800	2.8000488	2800	""osoba3""
""osoba3""		1474.2001	1474200	1474.8	1474800	1.5999756	1599	""osoba3""
""osoba4""		1474.8	1474800	1481.1001	1481100	7.300049	7300	""osoba4""
""osoba4""		1476.0	1476000	1481.1001	1481100	6.1000977	6100	""osoba4""
""osoba4""		1479.9	1479900	1481.1001	1481100	2.2000732	2200	""osoba4""
""osoba4""		1480.5	1480500	1481.1001	1481100	1.6000977	1600	""osoba4""
""osoba4""		1481.1001	1481100	1481.1001	1481100	1.0	1000	""osoba4""
""osoba2""		1481.7001	1481700	1486.5	1486500	5.7999268	5799	""osoba2""
""osoba2""		1482.9	1482900	1486.5	1486500	4.5999756	4599	""osoba2""
""osoba3""		1483.5	1483500	1488.9	1488900	6.4000244	6400	""osoba3""
""osoba3""		1484.4	1484400	1488.9	1488900	5.5	5500	""osoba3""
""osoba2""		1485.0	1485000	1486.5	1486500	2.5	2500	""osoba2""
""osoba1""		1486.2001	1486200	1510.8	1510800	25.599976	25599	""osoba1""
""osoba1""		1488.9	1488900	1510.8	1510800	22.900024	22900	""osoba1""
""osoba1""		1490.7001	1490700	1510.8	1510800	21.099976	21099	""osoba1""
""osoba3""		1492.2001	1492200	1493.1001	1493100	1.9000244	1900	""osoba3""
""osoba1""		1494.3	1494300	1510.8	1510800	17.5	17500	""osoba1""
""osoba1""		1495.2001	1495200	1510.8	1510800	16.599976	16599	""osoba1""
""osoba1""		1497.6001	1497600	1510.8	1510800	14.199951	14199	""osoba1""
""osoba1""		1499.4	1499400	1510.8	1510800	12.400024	12400	""osoba1""
""osoba1""		1503.6001	1503600	1510.8	1510800	8.199951	8199	""osoba1""
""osoba1""		1504.5	1504500	1510.8	1510800	7.300049	7300	""osoba1""
""osoba2""		1505.7001	1505700	1506.6001	1506600	1.9000244	1900	""osoba2""
""osoba2""		1506.6001	1506600	1506.6001	1506600	1.0	1000	""osoba2""
""osoba3""		1510.5	1510500	1513.2001	1513200	3.7000732	3700	""osoba3""
""osoba4""		1511.4	1511400	1516.8	1516800	6.4000244	6400	""osoba4""
""osoba4""		1515.3	1515300	1516.8	1516800	2.5	2500	""osoba4""
""osoba3""		1516.8	1516800	1521.6001	1521600	5.800049	5800	""osoba3""
""osoba4""		1516.8	1516800	1516.8	1516800	1.0	1000	""osoba4""
""osoba3""		1519.8	1519800	1521.6001	1521600	2.8000488	2800	""osoba3""
""osoba4""		1519.8	1519800	1530.6001	1530600	11.800049	11800	""osoba4""
""osoba3""		1521.6001	1521600	1521.6001	1521600	1.0	1000	""osoba3""
""osoba4""		1524.0	1524000	1530.6001	1530600	7.6000977	7600	""osoba4""
""osoba1""		1524.9	1524900	1525.5	1525500	1.5999756	1599	""osoba1""
""osoba4""		1527.6001	1527600	1530.6001	1530600	4.0	4000	""osoba4""
""osoba3""		1528.2001	1528200	1546.2001	1546200	19.0	19000	""osoba3""
""osoba4""		1528.8	1528800	1530.6001	1530600	2.8000488	2800	""osoba4""
""osoba3""		1529.7001	1529700	1546.2001	1546200	17.5	17500	""osoba3""
""osoba3""		1532.1001	1532100	1546.2001	1546200	15.099976	15099	""osoba3""
""osoba3""		1534.2001	1534200	1546.2001	1546200	13.0	13000	""osoba3""
""osoba3""		1534.8	1534800	1546.2001	1546200	12.400024	12400	""osoba3""
""osoba3""		1536.0	1536000	1546.2001	1546200	11.200073	11200	""osoba3""
""osoba3""		1536.9	1536900	1546.2001	1546200	10.300049	10300	""osoba3""
""osoba4""		1539.0001	1539000	1539.0001	1539000	1.0	1000	""osoba4""
""osoba3""		1540.2001	1540200	1546.2001	1546200	7.0	7000	""osoba3""
""osoba3""		1541.7001	1541700	1546.2001	1546200	5.5	5500	""osoba3""
""osoba3""		1542.6001	1542600	1546.2001	1546200	4.5999756	4599	""osoba3""
""osoba1""		1545.6001	1545600	1548.9	1548900	4.2999268	4299	""osoba1""
""osoba1""		1548.3	1548300	1548.9	1548900	1.5999756	1599	""osoba1""
""osoba4""		1548.3	1548300	1563.3	1563300	16.0	16000	""osoba4""
""osoba3""		1550.1001	1550100	1550.4	1550400	1.2999268	1299	""osoba3""
""osoba4""		1550.7001	1550700	1563.3	1563300	13.599976	13599	""osoba4""
""osoba4""		1553.4	1553400	1563.3	1563300	10.900024	10900	""osoba4""
""osoba4""		1558.8	1558800	1563.3	1563300	5.5	5500	""osoba4""
""osoba4""		1560.0001	1560000	1563.3	1563300	4.2999268	4299	""osoba4""
""osoba4""		1560.9	1560900	1563.3	1563300	3.4000244	3400	""osoba4""
""osoba3""		1563.0001	1563000	1567.8	1567800	5.7999268	5799	""osoba3""
""osoba2""		1564.8	1564800	1566.0001	1566000	2.2000732	2200	""osoba2""
""osoba2""		1565.7001	1565700	1566.0001	1566000	1.3000488	1300	""osoba2""
""osoba3""		1565.7001	1565700	1567.8	1567800	3.0999756	3099	""osoba3""
""osoba1""		1567.2001	1567200	1579.8	1579800	13.599976	13599	""osoba1""
""osoba4""		1568.4	1568400	1569.3	1569300	1.9000244	1900	""osoba4""
""osoba1""		1570.2001	1570200	1579.8	1579800	10.599976	10599	""osoba1""
""osoba1""		1570.8	1570800	1579.8	1579800	10.0	10000	""osoba1""
""osoba1""		1571.4	1571400	1579.8	1579800	9.400024	9400	""osoba1""
""osoba1""		1574.1001	1574100	1579.8	1579800	6.699951	6699	""osoba1""
""osoba1""		1575.9	1575900	1579.8	1579800	4.9000244	4900	""osoba1""
""osoba2""		1579.8	1579800	1590.9	1590900	12.099976	12099	""osoba2""
""osoba2""		1581.9	1581900	1590.9	1590900	10.0	10000	""osoba2""
""osoba2""		1585.2001	1585200	1590.9	1590900	6.699951	6699	""osoba2""
""osoba2""		1585.8	1585800	1590.9	1590900	6.0999756	6099	""osoba2""
""osoba2""		1586.4	1586400	1590.9	1590900	5.5	5500	""osoba2""
""osoba2""		1587.6001	1587600	1590.9	1590900	4.2999268	4299	""osoba2""
""osoba3""		1588.8	1588800	1607.1001	1607100	19.300049	19300	""osoba3""
""osoba3""		1590.0001	1590000	1607.1001	1607100	18.099976	18099	""osoba3""
""osoba2""		1590.6001	1590600	1590.9	1590900	1.2999268	1299	""osoba2""
""osoba3""		1590.6001	1590600	1607.1001	1607100	17.5	17500	""osoba3""
""osoba3""		1593.6001	1593600	1607.1001	1607100	14.5	14500	""osoba3""
""osoba3""		1594.2001	1594200	1607.1001	1607100	13.900024	13900	""osoba3""
""osoba3""		1594.8	1594800	1607.1001	1607100	13.300049	13300	""osoba3""
""osoba3""		1596.6001	1596600	1607.1001	1607100	11.5	11500	""osoba3""
""osoba3""		1597.2001	1597200	1607.1001	1607100	10.900024	10900	""osoba3""
""osoba3""		1601.1001	1601100	1607.1001	1607100	7.0	7000	""osoba3""
""osoba1""		1602.9	1602900	1603.2001	1603200	1.3000488	1300	""osoba1""
""osoba3""		1604.1001	1604100	1607.1001	1607100	4.0	4000	""osoba3""
""osoba3""		1605.0001	1605000	1607.1001	1607100	3.0999756	3099	""osoba3""
""osoba3""		1605.6001	1605600	1607.1001	1607100	2.5	2500	""osoba3""
""osoba1""		1606.2001	1606200	1620.3	1620300	15.099976	15099	""osoba1""
""osoba3""		1606.8	1606800	1607.1001	1607100	1.3000488	1300	""osoba3""
""osoba1""		1608.0001	1608000	1620.3	1620300	13.299927	13299	""osoba1""
""osoba1""		1609.5001	1609500	1620.3	1620300	11.799927	11799	""osoba1""
""osoba1""		1612.2001	1612200	1620.3	1620300	9.099976	9099	""osoba1""
""osoba3""		1613.4	1613400	1613.4	1613400	1.0	1000	""osoba3""
""osoba1""		1614.0001	1614000	1620.3	1620300	7.2999268	7299	""osoba1""
""osoba1""		1615.5001	1615500	1620.3	1620300	5.7999268	5799	""osoba1""
""osoba1""		1617.6001	1617600	1620.3	1620300	3.6999512	3699	""osoba1""
""osoba3""		1619.1001	1619100	1620.3	1620300	2.1999512	2199	""osoba3""
