"default"		0.0	0	1.0	1000	1.0	1000	BEGIN
"default"		1620.3	1620300	1620.31	1621300	1.0	1000	END
""osoba1""		6.6000004	6600	18.900002	18900	13.300001	13300	""osoba1""
""osoba1""		7.8	7800	18.900002	18900	12.100001	12100	""osoba1""
""osoba1""		8.700001	8700	18.900002	18900	11.200001	11200	""osoba1""
""osoba4""		14.700001	14700	15.000001	15000	1.3000002	1300	""osoba4""
""osoba1""		15.000001	15000	18.900002	18900	4.9000006	4900	""osoba1""
""osoba1""		16.2	16200	18.900002	18900	3.7000008	3700	""osoba1""
""osoba1""		17.1	17100	18.900002	18900	2.8000011	2800	""osoba1""
""osoba3""		18.300001	18300	23.1	23100	5.799999	5799	""osoba3""
""osoba3""		21.6	21600	23.1	23100	2.5	2500	""osoba3""
""osoba4""		22.2	22200	51.9	51900	30.7	30700	""osoba4""
""osoba4""		23.7	23700	51.9	51900	29.2	29200	""osoba4""
""osoba4""		26.7	26700	51.9	51900	26.2	26200	""osoba4""
""osoba4""		27.900002	27900	51.9	51900	25.0	25000	""osoba4""
""osoba4""		28.500002	28500	51.9	51900	24.4	24400	""osoba4""
""osoba4""		31.2	31200	51.9	51900	21.7	21700	""osoba4""
""osoba4""		33.0	33000	51.9	51900	19.900002	19900	""osoba4""
""osoba4""		34.2	34200	51.9	51900	18.7	18700	""osoba4""
""osoba4""		38.4	38400	51.9	51900	14.5	14500	""osoba4""
""osoba4""		39.9	39900	51.9	51900	13.0	13000	""osoba4""
""osoba4""		43.800003	43800	51.9	51900	9.099998	9099	""osoba4""
""osoba4""		45.9	45900	51.9	51900	7.0	7000	""osoba4""
""osoba1""		46.2	46200	48.300003	48300	3.1000023	3100	""osoba1""
""osoba2""		48.300003	48300	48.600002	48600	1.2999992	1299	""osoba2""
""osoba4""		49.800003	49800	51.9	51900	3.0999985	3099	""osoba4""
""osoba4""		51.000004	51000	51.9	51900	1.8999977	1899	""osoba4""
""osoba1""		52.500004	52500	66.0	66000	14.499996	14499	""osoba1""
""osoba1""		53.7	53700	66.0	66000	13.299999	13299	""osoba1""
""osoba1""		54.9	54900	66.0	66000	12.099998	12099	""osoba1""
""osoba1""		55.800003	55800	66.0	66000	11.199997	11199	""osoba1""
""osoba2""		57.9	57900	58.2	58200	1.2999992	1299	""osoba2""
""osoba1""		58.800003	58800	66.0	66000	8.199997	8199	""osoba1""
""osoba1""		59.7	59700	66.0	66000	7.299999	7299	""osoba1""
""osoba4""		60.300003	60300	61.2	61200	1.8999977	1899	""osoba4""
""osoba1""		62.4	62400	66.0	66000	4.5999985	4599	""osoba1""
""osoba1""		63.9	63900	66.0	66000	3.0999985	3099	""osoba1""
""osoba4""		63.9	63900	80.100006	80100	17.200005	17200	""osoba4""
""osoba4""		67.200005	67200	80.100006	80100	13.900002	13900	""osoba4""
""osoba4""		70.200005	70200	80.100006	80100	10.900002	10900	""osoba4""
""osoba4""		72.9	72900	80.100006	80100	8.200005	8200	""osoba4""
""osoba4""		75.0	75000	80.100006	80100	6.100006	6100	""osoba4""
""osoba4""		76.5	76500	80.100006	80100	4.600006	4600	""osoba4""
""osoba2""		78.0	78000	88.8	88800	11.800003	11800	""osoba2""
""osoba4""		78.600006	78600	80.100006	80100	2.5	2500	""osoba4""
""osoba2""		82.8	82800	88.8	88800	7.0	7000	""osoba2""
""osoba3""		83.100006	83100	83.100006	83100	1.0	1000	""osoba3""
""osoba2""		84.0	84000	88.8	88800	5.800003	5800	""osoba2""
""osoba2""		84.9	84900	88.8	88800	4.9000015	4900	""osoba2""
""osoba2""		86.4	86400	88.8	88800	3.4000015	3400	""osoba2""
""osoba3""		88.8	88800	89.700005	89700	1.9000015	1900	""osoba3""
""osoba4""		90.3	90300	108.00001	108000	18.700005	18700	""osoba4""
""osoba4""		93.3	93300	108.00001	108000	15.700005	15700	""osoba4""
""osoba4""		98.100006	98100	108.00001	108000	10.900002	10900	""osoba4""
""osoba4""		101.100006	101100	108.00001	108000	7.9000015	7900	""osoba4""
""osoba3""		103.200005	103200	104.4	104400	2.199997	2199	""osoba3""
""osoba4""		106.50001	106500	108.00001	108000	2.5	2500	""osoba4""
""osoba3""		107.100006	107100	115.8	115800	9.699997	9699	""osoba3""
""osoba3""		109.8	109800	115.8	115800	7.0	7000	""osoba3""
""osoba3""		111.600006	111600	115.8	115800	5.199997	5199	""osoba3""
""osoba1""		112.50001	112500	112.50001	112500	1.0	1000	""osoba1""
""osoba4""		112.8	112800	128.40001	128400	16.600006	16600	""osoba4""
""osoba4""		114.3	114300	128.40001	128400	15.100006	15100	""osoba4""
""osoba3""		114.600006	114600	115.8	115800	2.199997	2199	""osoba3""
""osoba2""		115.50001	115500	116.700005	116700	2.199997	2199	""osoba2""
""osoba1""		118.200005	118200	120.00001	120000	2.800003	2800	""osoba1""
""osoba4""		119.100006	119100	128.40001	128400	10.300003	10300	""osoba4""
""osoba4""		123.9	123900	128.40001	128400	5.5000076	5500	""osoba4""
""osoba4""		126.00001	126000	128.40001	128400	3.4000015	3400	""osoba4""
""osoba1""		126.9	126900	131.1	131100	5.2000046	5200	""osoba1""
""osoba3""		127.50001	127500	128.1	128100	1.5999985	1599	""osoba3""
""osoba2""		129.0	129000	134.40001	134400	6.400009	6400	""osoba2""
""osoba1""		131.1	131100	131.1	131100	1.0	1000	""osoba1""
""osoba2""		131.70001	131700	134.40001	134400	3.699997	3699	""osoba2""
""osoba3""		133.8	133800	139.5	139500	6.699997	6699	""osoba3""
""osoba2""		134.1	134100	134.40001	134400	1.300003	1300	""osoba2""
""osoba3""		135.6	135600	139.5	139500	4.899994	4899	""osoba3""
""osoba1""		137.70001	137700	150.90001	150900	14.199997	14199	""osoba1""
""osoba1""		138.3	138300	150.90001	150900	13.600006	13600	""osoba1""
""osoba3""		138.90001	138900	139.5	139500	1.5999908	1599	""osoba3""
""osoba1""		141.3	141300	150.90001	150900	10.600006	10600	""osoba1""
""osoba4""		141.90001	141900	142.20001	142200	1.300003	1300	""osoba4""
""osoba1""		143.1	143100	150.90001	150900	8.800003	8800	""osoba1""
""osoba1""		144.0	144000	150.90001	150900	7.900009	7900	""osoba1""
""osoba1""		144.6	144600	150.90001	150900	7.300003	7300	""osoba1""
""osoba1""		146.70001	146700	150.90001	150900	5.199997	5199	""osoba1""
""osoba1""		148.20001	148200	150.90001	150900	3.699997	3699	""osoba1""
""osoba3""		149.1	149100	163.20001	163200	15.100006	15100	""osoba3""
""osoba2""		150.6	150600	151.20001	151200	1.6000061	1600	""osoba2""
""osoba3""		152.1	152100	163.20001	163200	12.100006	12100	""osoba3""
""osoba3""		153.6	153600	163.20001	163200	10.600006	10600	""osoba3""
""osoba3""		154.8	154800	163.20001	163200	9.400009	9400	""osoba3""
""osoba3""		155.70001	155700	163.20001	163200	8.5	8500	""osoba3""
""osoba4""		157.20001	157200	157.8	157800	1.5999908	1599	""osoba4""
""osoba2""		157.5	157500	157.8	157800	1.300003	1300	""osoba2""
""osoba3""		158.70001	158700	163.20001	163200	5.5	5500	""osoba3""
""osoba3""		159.3	159300	163.20001	163200	4.900009	4900	""osoba3""
""osoba3""		160.20001	160200	163.20001	163200	4.0	4000	""osoba3""
""osoba1""		162.0	162000	163.5	163500	2.5	2500	""osoba1""
""osoba4""		162.3	162300	168.0	168000	6.699997	6699	""osoba4""
""osoba4""		163.8	163800	168.0	168000	5.199997	5199	""osoba4""
""osoba4""		165.3	165300	168.0	168000	3.699997	3699	""osoba4""
""osoba4""		166.8	166800	168.0	168000	2.199997	2199	""osoba4""
""osoba1""		167.1	167100	189.6	189600	23.5	23500	""osoba1""
""osoba1""		168.90001	168900	189.6	189600	21.699997	21699	""osoba1""
""osoba1""		169.8	169800	189.6	189600	20.800003	20800	""osoba1""
""osoba1""		170.70001	170700	189.6	189600	19.899994	19899	""osoba1""
""osoba1""		172.5	172500	189.6	189600	18.100006	18100	""osoba1""
""osoba1""		173.40001	173400	189.6	189600	17.199997	17199	""osoba1""
""osoba1""		174.0	174000	189.6	189600	16.600006	16600	""osoba1""
""osoba1""		176.40001	176400	189.6	189600	14.199997	14199	""osoba1""
""osoba1""		177.3	177300	189.6	189600	13.300003	13300	""osoba1""
""osoba1""		180.0	180000	189.6	189600	10.600006	10600	""osoba1""
""osoba1""		182.1	182100	189.6	189600	8.5	8500	""osoba1""
""osoba1""		183.0	183000	189.6	189600	7.600006	7600	""osoba1""
""osoba1""		184.8	184800	189.6	189600	5.800003	5800	""osoba1""
""osoba1""		185.40001	185400	189.6	189600	5.199997	5199	""osoba1""
""osoba1""		186.0	186000	189.6	189600	4.600006	4600	""osoba1""
""osoba1""		188.40001	188400	189.6	189600	2.199997	2199	""osoba1""
""osoba1""		189.0	189000	189.6	189600	1.6000061	1600	""osoba1""
""osoba3""		189.90001	189900	196.8	196800	7.899994	7899	""osoba3""
""osoba3""		192.90001	192900	196.8	196800	4.899994	4899	""osoba3""
""osoba3""		194.1	194100	196.8	196800	3.699997	3699	""osoba3""
""osoba4""		195.3	195300	195.3	195300	1.0	1000	""osoba4""
""osoba1""		195.6	195600	201.6	201600	7.0	7000	""osoba1""
""osoba2""		198.00002	198000	202.50002	202500	5.5	5500	""osoba2""
""osoba3""		199.20001	199200	200.40001	200400	2.199997	2199	""osoba3""
""osoba4""		200.1	200100	200.1	200100	1.0	1000	""osoba4""
""osoba1""		201.3	201300	201.6	201600	1.300003	1300	""osoba1""
""osoba3""		202.8	202800	212.1	212100	10.300003	10300	""osoba3""
""osoba4""		202.8	202800	203.1	203100	1.300003	1300	""osoba4""
""osoba3""		204.00002	204000	212.1	212100	9.099991	9099	""osoba3""
""osoba3""		204.6	204600	212.1	212100	8.5	8500	""osoba3""
""osoba3""		205.50002	205500	212.1	212100	7.599991	7599	""osoba3""
""osoba4""		207.00002	207000	213.00002	213000	7.0	7000	""osoba4""
""osoba3""		207.3	207300	212.1	212100	5.800003	5800	""osoba3""
""osoba3""		209.40001	209400	212.1	212100	3.699997	3699	""osoba3""
""osoba4""		209.40001	209400	213.00002	213000	4.600006	4600	""osoba4""
""osoba1""		210.00002	210000	216.00002	216000	7.0	7000	""osoba1""
""osoba2""		211.8	211800	212.70001	212700	1.9000092	1900	""osoba2""
""osoba3""		211.8	211800	212.1	212100	1.300003	1300	""osoba3""
""osoba4""		212.1	212100	213.00002	213000	1.9000092	1900	""osoba4""
""osoba1""		214.20001	214200	216.00002	216000	2.800003	2800	""osoba1""
""osoba1""		216.00002	216000	216.00002	216000	1.0	1000	""osoba1""
""osoba2""		216.00002	216000	220.20001	220200	5.199997	5199	""osoba2""
""osoba1""		218.70001	218700	222.6	222600	4.899994	4899	""osoba1""
""osoba1""		221.40001	221400	222.6	222600	2.199997	2199	""osoba1""
""osoba1""		222.00002	222000	222.6	222600	1.5999908	1599	""osoba1""
""osoba4""		222.00002	222000	231.90001	231900	10.899994	10899	""osoba4""
""osoba4""		223.20001	223200	231.90001	231900	9.699997	9699	""osoba4""
""osoba4""		226.20001	226200	231.90001	231900	6.699997	6699	""osoba4""
""osoba4""		229.50002	229500	231.90001	231900	3.399994	3399	""osoba4""
""osoba4""		230.40001	230400	231.90001	231900	2.5	2500	""osoba4""
""osoba1""		230.70001	230700	247.50002	247500	17.800003	17800	""osoba1""
""osoba3""		231.3	231300	231.3	231300	1.0	1000	""osoba3""
""osoba1""		231.6	231600	247.50002	247500	16.90001	16900	""osoba1""
""osoba1""		233.1	233100	247.50002	247500	15.400009	15400	""osoba1""
""osoba1""		234.3	234300	247.50002	247500	14.200012	14200	""osoba1""
""osoba1""		237.90001	237900	247.50002	247500	10.600006	10600	""osoba1""
""osoba1""		239.1	239100	247.50002	247500	9.400009	9400	""osoba1""
""osoba3""		240.3	240300	241.8	241800	2.5	2500	""osoba3""
""osoba3""		240.90001	240900	241.8	241800	1.8999939	1899	""osoba3""
""osoba2""		244.8	244800	258.0	258000	14.199997	14199	""osoba2""
""osoba2""		249.00002	249000	258.0	258000	9.999985	9999	""osoba2""
""osoba2""		250.50002	250500	258.0	258000	8.499985	8499	""osoba2""
""osoba4""		250.8	250800	251.70001	251700	1.9000092	1900	""osoba4""
""osoba2""		252.90001	252900	258.0	258000	6.099991	6099	""osoba2""
""osoba2""		254.1	254100	258.0	258000	4.899994	4899	""osoba2""
""osoba2""		256.2	256200	258.0	258000	2.7999878	2799	""osoba2""
""osoba3""		257.40002	257400	261.6	261600	5.1999817	5199	""osoba3""
""osoba3""		259.5	259500	261.6	261600	3.100006	3100	""osoba3""
""osoba3""		261.0	261000	261.6	261600	1.6000061	1600	""osoba3""
""osoba1""		261.6	261600	271.80002	271800	11.200012	11200	""osoba1""
""osoba4""		262.80002	262800	263.1	263100	1.2999878	1299	""osoba4""
""osoba1""		264.0	264000	271.80002	271800	8.800018	8800	""osoba1""
""osoba1""		265.5	265500	271.80002	271800	7.3000183	7300	""osoba1""
""osoba1""		270.6	270600	271.80002	271800	2.2000122	2200	""osoba1""
""osoba3""		271.2	271200	278.40002	278400	8.200012	8200	""osoba3""
""osoba4""		274.5	274500	274.5	274500	1.0	1000	""osoba4""
""osoba3""		277.80002	277800	278.40002	278400	1.6000061	1600	""osoba3""
""osoba2""		279.0	279000	284.40002	284400	6.4000244	6400	""osoba2""
""osoba1""		279.30002	279300	279.6	279600	1.2999878	1299	""osoba1""
""osoba2""		280.2	280200	284.40002	284400	5.200012	5200	""osoba2""
""osoba2""		281.1	281100	284.40002	284400	4.3000183	4300	""osoba2""
""osoba2""		282.0	282000	284.40002	284400	3.4000244	3400	""osoba2""
""osoba3""		282.30002	282300	283.2	283200	1.8999939	1899	""osoba3""
""osoba4""		284.1	284100	291.6	291600	8.5	8500	""osoba4""
""osoba4""		286.2	286200	291.6	291600	6.399994	6399	""osoba4""
""osoba4""		286.80002	286800	291.6	291600	5.799988	5799	""osoba4""
""osoba4""		289.80002	289800	291.6	291600	2.7999878	2799	""osoba4""
""osoba4""		290.7	290700	291.6	291600	1.8999939	1899	""osoba4""
""osoba2""		291.6	291600	306.6	306600	16.0	16000	""osoba2""
""osoba2""		294.90002	294900	306.6	306600	12.699982	12699	""osoba2""
""osoba2""		295.5	295500	306.6	306600	12.100006	12100	""osoba2""
""osoba3""		296.7	296700	297.0	297000	1.2999878	1299	""osoba3""
""osoba4""		305.1	305100	307.80002	307800	3.7000122	3700	""osoba4""
""osoba2""		306.6	306600	306.6	306600	1.0	1000	""osoba2""
""osoba4""		306.6	306600	307.80002	307800	2.2000122	2200	""osoba4""
""osoba4""		307.80002	307800	307.80002	307800	1.0	1000	""osoba4""
""osoba1""		308.1	308100	311.40002	311400	4.3000183	4300	""osoba1""
""osoba2""		309.30002	309300	315.30002	315300	7.0	7000	""osoba2""
""osoba2""		310.5	310500	315.30002	315300	5.8000183	5800	""osoba2""
""osoba2""		311.1	311100	315.30002	315300	5.200012	5200	""osoba2""
""osoba1""		311.40002	311400	311.40002	311400	1.0	1000	""osoba1""
""osoba2""		312.30002	312300	315.30002	315300	4.0	4000	""osoba2""
""osoba2""		313.80002	313800	315.30002	315300	2.5	2500	""osoba2""
""osoba1""		315.6	315600	318.0	318000	3.399994	3399	""osoba1""
""osoba1""		317.40002	317400	318.0	318000	1.5999756	1599	""osoba1""
""osoba2""		318.30002	318300	354.6	354600	37.299988	37299	""osoba2""
""osoba2""		319.5	319500	354.6	354600	36.100006	36100	""osoba2""
""osoba2""		321.30002	321300	354.6	354600	34.299988	34299	""osoba2""
""osoba2""		324.0	324000	354.6	354600	31.600006	31600	""osoba2""
""osoba2""		326.40002	326400	354.6	354600	29.199982	29199	""osoba2""
""osoba4""		326.7	326700	327.0	327000	1.2999878	1299	""osoba4""
""osoba2""		330.6	330600	354.6	354600	25.0	25000	""osoba2""
""osoba3""		331.5	331500	332.7	332700	2.2000122	2200	""osoba3""
""osoba3""		332.40002	332400	332.7	332700	1.2999878	1299	""osoba3""
""osoba2""		332.7	332700	354.6	354600	22.899994	22899	""osoba2""
""osoba2""		333.90002	333900	354.6	354600	21.699982	21699	""osoba2""
""osoba2""		336.0	336000	354.6	354600	19.600006	19600	""osoba2""
""osoba1""		336.90002	336900	336.90002	336900	1.0	1000	""osoba1""
""osoba2""		337.2	337200	354.6	354600	18.399994	18399	""osoba2""
""osoba2""		339.90002	339900	354.6	354600	15.699982	15699	""osoba2""
""osoba2""		341.1	341100	354.6	354600	14.5	14500	""osoba2""
""osoba1""		341.40002	341400	341.7	341700	1.2999878	1299	""osoba1""
""osoba2""		342.90002	342900	354.6	354600	12.699982	12699	""osoba2""
""osoba2""		345.30002	345300	354.6	354600	10.299988	10299	""osoba2""
""osoba2""		346.2	346200	354.6	354600	9.399994	9399	""osoba2""
""osoba2""		347.1	347100	354.6	354600	8.5	8500	""osoba2""
""osoba2""		348.6	348600	354.6	354600	7.0	7000	""osoba2""
""osoba1""		349.5	349500	350.1	350100	1.6000061	1600	""osoba1""
""osoba2""		351.30002	351300	354.6	354600	4.299988	4299	""osoba2""
""osoba2""		351.90002	351900	354.6	354600	3.6999817	3699	""osoba2""
""osoba1""		353.1	353100	354.0	354000	1.8999939	1899	""osoba1""
""osoba3""		354.30002	354300	374.7	374700	21.399994	21399	""osoba3""
""osoba3""		357.6	357600	374.7	374700	18.100006	18100	""osoba3""
""osoba3""		360.0	360000	374.7	374700	15.700012	15700	""osoba3""
""osoba3""		360.90002	360900	374.7	374700	14.799988	14799	""osoba3""
""osoba3""		361.80002	361800	374.7	374700	13.899994	13899	""osoba3""
""osoba3""		367.2	367200	374.7	374700	8.5	8500	""osoba3""
""osoba3""		368.40002	368400	374.7	374700	7.299988	7299	""osoba3""
""osoba3""		369.0	369000	374.7	374700	6.700012	6700	""osoba3""
""osoba3""		370.2	370200	374.7	374700	5.5	5500	""osoba3""
""osoba3""		371.7	371700	374.7	374700	4.0	4000	""osoba3""
""osoba4""		373.2	373200	401.1	401100	28.899994	28899	""osoba4""
""osoba4""		376.5	376500	401.1	401100	25.600006	25600	""osoba4""
""osoba4""		378.90002	378900	401.1	401100	23.199982	23199	""osoba4""
""osoba4""		381.0	381000	401.1	401100	21.100006	21100	""osoba4""
""osoba4""		386.7	386700	401.1	401100	15.399994	15399	""osoba4""
""osoba4""		388.50003	388500	401.1	401100	13.599976	13599	""osoba4""
""osoba4""		389.1	389100	401.1	401100	13.0	13000	""osoba4""
""osoba4""		391.80002	391800	401.1	401100	10.299988	10299	""osoba4""
""osoba2""		392.7	392700	392.7	392700	1.0	1000	""osoba2""
""osoba4""		393.00003	393000	401.1	401100	9.099976	9099	""osoba4""
""osoba4""		394.50003	394500	401.1	401100	7.5999756	7599	""osoba4""
""osoba4""		399.6	399600	401.1	401100	2.5	2500	""osoba4""
""osoba3""		399.90002	399900	402.30002	402300	3.399994	3399	""osoba3""
""osoba1""		401.7	401700	403.80002	403800	3.100006	3100	""osoba1""
""osoba4""		403.50003	403500	409.50003	409500	7.0	7000	""osoba4""
""osoba4""		405.30002	405300	409.50003	409500	5.200012	5200	""osoba4""
""osoba1""		408.90002	408900	414.6	414600	6.6999817	6699	""osoba1""
""osoba4""		409.50003	409500	409.50003	409500	1.0	1000	""osoba4""
""osoba1""		413.40002	413400	414.6	414600	2.1999817	2199	""osoba1""
""osoba3""		413.40002	413400	429.30002	429300	16.899994	16899	""osoba3""
""osoba4""		414.00003	414000	415.80002	415800	2.7999878	2799	""osoba4""
""osoba3""		418.2	418200	429.30002	429300	12.100006	12100	""osoba3""
""osoba3""		419.40002	419400	429.30002	429300	10.899994	10899	""osoba3""
""osoba1""		420.30002	420300	420.30002	420300	1.0	1000	""osoba1""
""osoba3""		420.6	420600	429.30002	429300	9.700012	9700	""osoba3""
""osoba3""		421.80002	421800	429.30002	429300	8.5	8500	""osoba3""
""osoba3""		423.90002	423900	429.30002	429300	6.399994	6399	""osoba3""
""osoba4""		424.50003	424500	425.1	425100	1.5999756	1599	""osoba4""
""osoba2""		429.30002	429300	432.30002	432300	4.0	4000	""osoba2""
""osoba3""		429.30002	429300	429.30002	429300	1.0	1000	""osoba3""
""osoba2""		431.40002	431400	432.30002	432300	1.8999939	1899	""osoba2""
""osoba4""		431.40002	431400	437.1	437100	6.6999817	6699	""osoba4""
""osoba1""		431.7	431700	434.1	434100	3.399994	3399	""osoba1""
""osoba4""		433.50003	433500	437.1	437100	4.5999756	4599	""osoba4""
""osoba1""		436.2	436200	438.6	438600	3.399994	3399	""osoba1""
""osoba4""		436.2	436200	437.1	437100	1.8999939	1899	""osoba4""
""osoba3""		438.30002	438300	452.1	452100	14.799988	14799	""osoba3""
""osoba3""		439.80002	439800	452.1	452100	13.299988	13299	""osoba3""
""osoba4""		439.80002	439800	439.80002	439800	1.0	1000	""osoba4""
""osoba2""		442.80002	442800	446.40002	446400	4.600006	4600	""osoba2""
""osoba3""		444.00003	444000	452.1	452100	9.099976	9099	""osoba3""
""osoba2""		444.6	444600	446.40002	446400	2.8000183	2800	""osoba2""
""osoba3""		444.90002	444900	452.1	452100	8.199982	8199	""osoba3""
""osoba3""		446.1	446100	452.1	452100	7.0	7000	""osoba3""
""osoba2""		446.40002	446400	446.40002	446400	1.0	1000	""osoba2""
""osoba3""		447.30002	447300	452.1	452100	5.799988	5799	""osoba3""
""osoba3""		450.90002	450900	452.1	452100	2.1999817	2199	""osoba3""
""osoba4""		451.2	451200	463.2	463200	13.0	13000	""osoba4""
""osoba4""		452.40002	452400	463.2	463200	11.799988	11799	""osoba4""
""osoba4""		456.90002	456900	463.2	463200	7.299988	7299	""osoba4""
""osoba4""		457.50003	457500	463.2	463200	6.6999817	6699	""osoba4""
""osoba4""		459.6	459600	463.2	463200	4.600006	4600	""osoba4""
""osoba4""		461.1	461100	463.2	463200	3.100006	3100	""osoba4""
""osoba4""		462.90002	462900	463.2	463200	1.2999878	1299	""osoba4""
""osoba2""		463.80002	463800	464.7	464700	1.8999939	1899	""osoba2""
""osoba1""		464.7	464700	467.7	467700	4.0	4000	""osoba1""
""osoba4""		465.90002	465900	490.80002	490800	25.899994	25899	""osoba4""
""osoba1""		466.80002	466800	467.7	467700	1.8999939	1899	""osoba1""
""osoba2""		467.7	467700	467.7	467700	1.0	1000	""osoba2""
""osoba4""		467.7	467700	490.80002	490800	24.100006	24100	""osoba4""
""osoba4""		469.50003	469500	490.80002	490800	22.299988	22299	""osoba4""
""osoba4""		470.7	470700	490.80002	490800	21.100006	21100	""osoba4""
""osoba4""		471.30002	471300	490.80002	490800	20.5	20500	""osoba4""
""osoba4""		473.40002	473400	490.80002	490800	18.399994	18399	""osoba4""
""osoba1""		473.7	473700	474.6	474600	1.8999939	1899	""osoba1""
""osoba4""		479.7	479700	490.80002	490800	12.100006	12100	""osoba4""
""osoba4""		480.6	480600	490.80002	490800	11.200012	11200	""osoba4""
""osoba4""		484.2	484200	490.80002	490800	7.600006	7600	""osoba4""
""osoba4""		484.80002	484800	490.80002	490800	7.0	7000	""osoba4""
""osoba3""		485.1	485100	485.7	485700	1.6000061	1600	""osoba3""
""osoba4""		486.30002	486300	490.80002	490800	5.5	5500	""osoba4""
""osoba4""		487.2	487200	490.80002	490800	4.600006	4600	""osoba4""
""osoba4""		488.1	488100	490.80002	490800	3.7000122	3700	""osoba4""
""osoba2""		489.6	489600	489.6	489600	1.0	1000	""osoba2""
""osoba3""		490.50003	490500	501.00003	501000	11.5	11500	""osoba3""
""osoba4""		490.50003	490500	490.80002	490800	1.2999878	1299	""osoba4""
""osoba3""		491.7	491700	501.00003	501000	10.300018	10300	""osoba3""
""osoba3""		492.30002	492300	501.00003	501000	9.700012	9700	""osoba3""
""osoba3""		493.2	493200	501.00003	501000	8.800018	8800	""osoba3""
""osoba3""		494.40002	494400	501.00003	501000	7.600006	7600	""osoba3""
""osoba3""		497.40002	497400	501.00003	501000	4.600006	4600	""osoba3""
""osoba3""		499.2	499200	501.00003	501000	2.8000183	2800	""osoba3""
""osoba2""		499.50003	499500	499.80002	499800	1.2999878	1299	""osoba2""
""osoba4""		499.80002	499800	507.00003	507000	8.200012	8200	""osoba4""
""osoba4""		501.6	501600	507.00003	507000	6.4000244	6400	""osoba4""
""osoba1""		503.1	503100	507.30002	507300	5.200012	5200	""osoba1""
""osoba2""		504.00003	504000	525.60004	525600	22.600006	22600	""osoba2""
""osoba2""		505.80002	505800	525.60004	525600	20.800018	20800	""osoba2""
""osoba4""		507.00003	507000	507.00003	507000	1.0	1000	""osoba4""
""osoba2""		510.00003	510000	525.60004	525600	16.600006	16600	""osoba2""
""osoba2""		512.10004	512100	525.60004	525600	14.5	14500	""osoba2""
""osoba2""		514.5	514500	525.60004	525600	12.100037	12100	""osoba2""
""osoba2""		515.7	515700	525.60004	525600	10.900024	10900	""osoba2""
""osoba2""		518.10004	518100	525.60004	525600	8.5	8500	""osoba2""
""osoba1""		518.4	518400	519.60004	519600	2.2000122	2200	""osoba1""
""osoba2""		520.5	520500	525.60004	525600	6.1000366	6100	""osoba2""
""osoba2""		521.10004	521100	525.60004	525600	5.5	5500	""osoba2""
""osoba1""		521.7	521700	524.10004	524100	3.4000244	3400	""osoba1""
""osoba2""		524.10004	524100	525.60004	525600	2.5	2500	""osoba2""
""osoba4""		525.0	525000	534.0	534000	10.0	10000	""osoba4""
""osoba4""		526.80005	526800	534.0	534000	8.199951	8199	""osoba4""
""osoba4""		527.4	527400	534.0	534000	7.5999756	7599	""osoba4""
""osoba4""		529.5	529500	534.0	534000	5.5	5500	""osoba4""
""osoba4""		530.7	530700	534.0	534000	4.299988	4299	""osoba4""
""osoba1""		533.10004	533100	569.10004	569100	37.0	37000	""osoba1""
""osoba4""		534.0	534000	534.0	534000	1.0	1000	""osoba4""
""osoba1""		535.2	535200	569.10004	569100	34.900024	34900	""osoba1""
""osoba1""		535.80005	535800	569.10004	569100	34.299988	34299	""osoba1""
""osoba1""		536.4	536400	569.10004	569100	33.700012	33700	""osoba1""
""osoba1""		537.30005	537300	569.10004	569100	32.799988	32799	""osoba1""
""osoba1""		538.80005	538800	569.10004	569100	31.299988	31299	""osoba1""
""osoba1""		541.2	541200	569.10004	569100	28.900024	28900	""osoba1""
""osoba1""		543.9	543900	569.10004	569100	26.200012	26200	""osoba1""
""osoba1""		549.60004	549600	569.10004	569100	20.5	20500	""osoba1""
""osoba3""		551.7	551700	555.9	555900	5.200012	5200	""osoba3""
""osoba3""		555.0	555000	555.9	555900	1.9000244	1900	""osoba3""
""osoba2""		555.60004	555600	557.4	557400	2.7999878	2799	""osoba2""
""osoba4""		555.9	555900	555.9	555900	1.0	1000	""osoba4""
""osoba1""		557.10004	557100	569.10004	569100	13.0	13000	""osoba1""
""osoba2""		557.10004	557100	557.4	557400	1.2999878	1299	""osoba2""
""osoba1""		560.4	560400	569.10004	569100	9.700012	9700	""osoba1""
""osoba1""		561.30005	561300	569.10004	569100	8.799988	8799	""osoba1""
""osoba4""		562.2	562200	562.2	562200	1.0	1000	""osoba4""
""osoba2""		568.2	568200	573.30005	573300	6.1000366	6100	""osoba2""
""osoba3""		571.80005	571800	578.7	578700	7.8999634	7899	""osoba3""
""osoba2""		573.30005	573300	573.30005	573300	1.0	1000	""osoba2""
""osoba3""		574.2	574200	578.7	578700	5.5	5500	""osoba3""
""osoba2""		577.5	577500	588.30005	588300	11.800049	11800	""osoba2""
""osoba2""		580.2	580200	588.30005	588300	9.100037	9100	""osoba2""
""osoba3""		581.4	581400	581.4	581400	1.0	1000	""osoba3""
""osoba2""		581.7	581700	588.30005	588300	7.6000366	7600	""osoba2""
""osoba1""		584.10004	584100	596.10004	596100	13.0	13000	""osoba1""
""osoba1""		587.4	587400	596.10004	596100	9.700012	9700	""osoba1""
""osoba1""		589.5	589500	596.10004	596100	7.6000366	7600	""osoba1""
""osoba1""		590.7	590700	596.10004	596100	6.4000244	6400	""osoba1""
""osoba1""		593.10004	593100	596.10004	596100	4.0	4000	""osoba1""
""osoba1""		593.7	593700	596.10004	596100	3.4000244	3400	""osoba1""
""osoba4""		594.9	594900	595.80005	595800	1.9000244	1900	""osoba4""
""osoba3""		595.5	595500	606.9	606900	12.400024	12400	""osoba3""
""osoba1""		596.10004	596100	596.10004	596100	1.0	1000	""osoba1""
""osoba3""		596.7	596700	606.9	606900	11.200012	11200	""osoba3""
""osoba3""		599.4	599400	606.9	606900	8.5	8500	""osoba3""
""osoba3""		600.30005	600300	606.9	606900	7.5999756	7599	""osoba3""
""osoba3""		601.80005	601800	606.9	606900	6.0999756	6099	""osoba3""
""osoba3""		603.9	603900	606.9	606900	4.0	4000	""osoba3""
""osoba3""		604.5	604500	606.9	606900	3.4000244	3400	""osoba3""
""osoba3""		605.10004	605100	606.9	606900	2.7999878	2799	""osoba3""
""osoba1""		606.0	606000	606.0	606000	1.0	1000	""osoba1""
""osoba3""		606.0	606000	606.9	606900	1.9000244	1900	""osoba3""
""osoba2""		606.30005	606300	622.80005	622800	17.5	17500	""osoba2""
""osoba2""		609.30005	609300	622.80005	622800	14.5	14500	""osoba2""
""osoba2""		610.5	610500	622.80005	622800	13.300049	13300	""osoba2""
""osoba2""		611.4	611400	622.80005	622800	12.400024	12400	""osoba2""
""osoba2""		612.30005	612300	622.80005	622800	11.5	11500	""osoba2""
""osoba1""		612.9	612900	612.9	612900	1.0	1000	""osoba1""
""osoba2""		613.5	613500	622.80005	622800	10.300049	10300	""osoba2""
""osoba2""		615.30005	615300	622.80005	622800	8.5	8500	""osoba2""
""osoba2""		617.7	617700	622.80005	622800	6.1000366	6100	""osoba2""
""osoba2""		621.30005	621300	622.80005	622800	2.5	2500	""osoba2""
""osoba3""		622.2	622200	628.5	628500	7.299988	7299	""osoba3""
""osoba3""		624.9	624900	628.5	628500	4.5999756	4599	""osoba3""
""osoba3""		627.9	627900	628.5	628500	1.5999756	1599	""osoba3""
""osoba4""		628.80005	628800	636.60004	636600	8.799988	8799	""osoba4""
""osoba4""		630.0	630000	636.60004	636600	7.6000366	7600	""osoba4""
""osoba4""		631.2	631200	636.60004	636600	6.4000244	6400	""osoba4""
""osoba4""		633.0	633000	636.60004	636600	4.6000366	4600	""osoba4""
""osoba4""		634.5	634500	636.60004	636600	3.1000366	3100	""osoba4""
""osoba2""		634.80005	634800	652.80005	652800	19.0	19000	""osoba2""
""osoba4""		636.0	636000	636.60004	636600	1.6000366	1600	""osoba4""
""osoba2""		638.4	638400	652.80005	652800	15.400024	15400	""osoba2""
""osoba3""		641.10004	641100	642.0	642000	1.8999634	1899	""osoba3""
""osoba4""		641.4	641400	643.2	643200	2.7999878	2799	""osoba4""
""osoba2""		643.5	643500	652.80005	652800	10.300049	10300	""osoba2""
""osoba2""		646.5	646500	652.80005	652800	7.300049	7300	""osoba2""
""osoba2""		647.4	647400	652.80005	652800	6.4000244	6400	""osoba2""
""osoba2""		648.9	648900	652.80005	652800	4.9000244	4900	""osoba2""
""osoba2""		649.80005	649800	652.80005	652800	4.0	4000	""osoba2""
""osoba4""		652.80005	652800	675.0	675000	23.199951	23199	""osoba4""
""osoba3""		655.2	655200	655.5	655500	1.2999878	1299	""osoba3""
""osoba4""		656.10004	656100	675.0	675000	19.899963	19899	""osoba4""
""osoba4""		657.0	657000	675.0	675000	19.0	19000	""osoba4""
""osoba4""		658.2	658200	675.0	675000	17.799988	17799	""osoba4""
""osoba4""		663.0	663000	675.0	675000	13.0	13000	""osoba4""
""osoba4""		664.2	664200	675.0	675000	11.799988	11799	""osoba4""
""osoba4""		665.4	665400	675.0	675000	10.599976	10599	""osoba4""
""osoba4""		666.60004	666600	675.0	675000	9.399963	9399	""osoba4""
""osoba4""		669.60004	669600	675.0	675000	6.3999634	6399	""osoba4""
""osoba4""		671.7	671700	675.0	675000	4.299988	4299	""osoba4""
""osoba2""		672.30005	672300	683.10004	683100	11.799988	11799	""osoba2""
""osoba4""		672.30005	672300	675.0	675000	3.6999512	3699	""osoba4""
""osoba2""		677.7	677700	683.10004	683100	6.4000244	6400	""osoba2""
""osoba4""		677.7	677700	678.60004	678600	1.9000244	1900	""osoba4""
""osoba2""		679.5	679500	683.10004	683100	4.6000366	4600	""osoba2""
""osoba3""		680.7	680700	714.30005	714300	34.600037	34600	""osoba3""
""osoba3""		682.5	682500	714.30005	714300	32.80005	32800	""osoba3""
""osoba3""		685.80005	685800	714.30005	714300	29.5	29500	""osoba3""
""osoba3""		687.0	687000	714.30005	714300	28.300049	28300	""osoba3""
""osoba3""		689.10004	689100	714.30005	714300	26.200012	26200	""osoba3""
""osoba3""		692.7	692700	714.30005	714300	22.600037	22600	""osoba3""
""osoba3""		693.60004	693600	714.30005	714300	21.700012	21700	""osoba3""
""osoba3""		694.80005	694800	714.30005	714300	20.5	20500	""osoba3""
""osoba3""		697.80005	697800	714.30005	714300	17.5	17500	""osoba3""
""osoba3""		698.7	698700	714.30005	714300	16.600037	16600	""osoba3""
""osoba2""		700.2	700200	702.30005	702300	3.1000366	3100	""osoba2""
""osoba3""		705.0	705000	714.30005	714300	10.300049	10300	""osoba3""
""osoba3""		705.9	705900	714.30005	714300	9.400024	9400	""osoba3""
""osoba3""		707.10004	707100	714.30005	714300	8.200012	8200	""osoba3""
""osoba3""		707.7	707700	714.30005	714300	7.6000366	7600	""osoba3""
""osoba1""		708.9	708900	709.2	709200	1.2999878	1299	""osoba1""
""osoba3""		708.9	708900	714.30005	714300	6.4000244	6400	""osoba3""
""osoba3""		710.7	710700	714.30005	714300	4.6000366	4600	""osoba3""
""osoba4""		710.7	710700	737.4	737400	27.700012	27700	""osoba4""
""osoba3""		711.60004	711600	714.30005	714300	3.7000122	3700	""osoba3""
""osoba4""		712.2	712200	737.4	737400	26.200012	26200	""osoba4""
""osoba4""		715.80005	715800	737.4	737400	22.599976	22599	""osoba4""
""osoba4""		717.9	717900	737.4	737400	20.5	20500	""osoba4""
""osoba4""		719.10004	719100	737.4	737400	19.299988	19299	""osoba4""
""osoba4""		719.7	719700	737.4	737400	18.700012	18700	""osoba4""
""osoba4""		723.0	723000	737.4	737400	15.400024	15400	""osoba4""
""osoba4""		723.60004	723600	737.4	737400	14.799988	14799	""osoba4""
""osoba1""		724.80005	724800	726.0	726000	2.1999512	2199	""osoba1""
""osoba4""		727.2	727200	737.4	737400	11.200012	11200	""osoba4""
""osoba4""		728.10004	728100	737.4	737400	10.299988	10299	""osoba4""
""osoba4""		730.2	730200	737.4	737400	8.200012	8200	""osoba4""
""osoba4""		731.7	731700	737.4	737400	6.700012	6700	""osoba4""
""osoba4""		734.4	734400	737.4	737400	4.0	4000	""osoba4""
""osoba4""		736.5	736500	737.4	737400	1.9000244	1900	""osoba4""
""osoba1""		736.80005	736800	737.7	737700	1.8999634	1899	""osoba1""
""osoba3""		737.7	737700	756.30005	756300	19.600037	19600	""osoba3""
""osoba4""		739.80005	739800	742.2	742200	3.3999634	3399	""osoba4""
""osoba3""		740.10004	740100	756.30005	756300	17.200012	17200	""osoba3""
""osoba4""		740.4	740400	742.2	742200	2.7999878	2799	""osoba4""
""osoba2""		741.60004	741600	741.60004	741600	1.0	1000	""osoba2""
""osoba4""		741.9	741900	742.2	742200	1.2999878	1299	""osoba4""
""osoba3""		743.4	743400	756.30005	756300	13.900024	13900	""osoba3""
""osoba3""		745.80005	745800	756.30005	756300	11.5	11500	""osoba3""
""osoba4""		745.80005	745800	745.80005	745800	1.0	1000	""osoba4""
""osoba3""		747.9	747900	756.30005	756300	9.400024	9400	""osoba3""
""osoba3""		749.10004	749100	756.30005	756300	8.200012	8200	""osoba3""
""osoba2""		752.10004	752100	752.4	752400	1.2999878	1299	""osoba2""
""osoba3""		753.30005	753300	756.30005	756300	4.0	4000	""osoba3""
""osoba3""		754.80005	754800	756.30005	756300	2.5	2500	""osoba3""
""osoba3""		755.7	755700	756.30005	756300	1.6000366	1600	""osoba3""
""osoba2""		756.0	756000	762.9	762900	7.9000244	7900	""osoba2""
""osoba2""		756.9	756900	762.9	762900	7.0	7000	""osoba2""
""osoba2""		759.30005	759300	762.9	762900	4.5999756	4599	""osoba2""
""osoba2""		762.60004	762600	762.9	762900	1.2999878	1299	""osoba2""
""osoba3""		763.5	763500	770.10004	770100	7.6000366	7600	""osoba3""
""osoba3""		766.5	766500	770.10004	770100	4.6000366	4600	""osoba3""
""osoba2""		767.4	767400	786.30005	786300	19.900024	19900	""osoba2""
""osoba3""		768.9	768900	770.10004	770100	2.2000122	2200	""osoba3""
""osoba2""		771.30005	771300	786.30005	786300	16.0	16000	""osoba2""
""osoba1""		771.60004	771600	773.4	773400	2.7999878	2799	""osoba1""
""osoba1""		772.50006	772500	773.4	773400	1.8999634	1899	""osoba1""
""osoba2""		773.7	773700	786.30005	786300	13.600037	13600	""osoba2""
""osoba2""		776.4	776400	786.30005	786300	10.900024	10900	""osoba2""
""osoba1""		778.50006	778500	779.7	779700	2.1999512	2199	""osoba1""
""osoba2""		780.00006	780000	786.30005	786300	7.299988	7299	""osoba2""
""osoba2""		783.30005	783300	786.30005	786300	4.0	4000	""osoba2""
""osoba2""		784.2	784200	786.30005	786300	3.1000366	3100	""osoba2""
""osoba4""		785.4	785400	786.00006	786000	1.6000366	1600	""osoba4""
""osoba2""		785.7	785700	786.30005	786300	1.6000366	1600	""osoba2""
""osoba3""		785.7	785700	790.2	790200	5.5	5500	""osoba3""
""osoba3""		787.50006	787500	790.2	790200	3.6999512	3699	""osoba3""
""osoba3""		788.10004	788100	790.2	790200	3.0999756	3099	""osoba3""
""osoba3""		788.7	788700	790.2	790200	2.5	2500	""osoba3""
""osoba4""		790.2	790200	792.9	792900	3.7000122	3700	""osoba4""
""osoba3""		792.9	792900	798.60004	798600	6.700012	6700	""osoba3""
""osoba3""		795.60004	795600	798.60004	798600	4.0	4000	""osoba3""
""osoba3""		796.2	796200	798.60004	798600	3.4000244	3400	""osoba3""
""osoba3""		797.7	797700	798.60004	798600	1.9000244	1900	""osoba3""
""osoba2""		798.60004	798600	799.50006	799500	1.9000244	1900	""osoba2""
""osoba1""		798.9	798900	825.00006	825000	27.100037	27100	""osoba1""
""osoba1""		802.2	802200	825.00006	825000	23.800049	23800	""osoba1""
""osoba1""		802.80005	802800	825.00006	825000	23.200012	23200	""osoba1""
""osoba2""		803.10004	803100	803.4	803400	1.2999878	1299	""osoba2""
""osoba1""		804.60004	804600	825.00006	825000	21.400024	21400	""osoba1""
""osoba1""		805.50006	805500	825.00006	825000	20.5	20500	""osoba1""
""osoba1""		807.00006	807000	825.00006	825000	19.0	19000	""osoba1""
""osoba4""		808.2	808200	812.10004	812100	4.9000244	4900	""osoba4""
""osoba1""		810.9	810900	825.00006	825000	15.100037	15100	""osoba1""
""osoba3""		810.9	810900	810.9	810900	1.0	1000	""osoba3""
""osoba1""		811.50006	811500	825.00006	825000	14.5	14500	""osoba1""
""osoba4""		811.80005	811800	812.10004	812100	1.2999878	1299	""osoba4""
""osoba1""		813.30005	813300	825.00006	825000	12.700012	12700	""osoba1""
""osoba1""		815.10004	815100	825.00006	825000	10.900024	10900	""osoba1""
""osoba1""		817.50006	817500	825.00006	825000	8.5	8500	""osoba1""
""osoba1""		818.10004	818100	825.00006	825000	7.9000244	7900	""osoba1""
""osoba3""		825.00006	825000	837.9	837900	13.899963	13899	""osoba3""
""osoba2""		827.4	827400	831.00006	831000	4.6000366	4600	""osoba2""
""osoba3""		830.7	830700	837.9	837900	8.200012	8200	""osoba3""
""osoba2""		831.00006	831000	831.00006	831000	1.0	1000	""osoba2""
""osoba3""		832.2	832200	837.9	837900	6.700012	6700	""osoba3""
""osoba3""		834.00006	834000	837.9	837900	4.8999634	4899	""osoba3""
""osoba3""		835.2	835200	837.9	837900	3.7000122	3700	""osoba3""
""osoba3""		837.30005	837300	837.9	837900	1.5999756	1599	""osoba3""
""osoba4""		837.60004	837600	865.50006	865500	28.900024	28900	""osoba4""
""osoba4""		840.60004	840600	865.50006	865500	25.900024	25900	""osoba4""
""osoba3""		841.2	841200	841.50006	841500	1.3000488	1300	""osoba3""
""osoba4""		841.50006	841500	865.50006	865500	25.0	25000	""osoba4""
""osoba4""		843.30005	843300	865.50006	865500	23.200012	23200	""osoba4""
""osoba4""		844.2	844200	865.50006	865500	22.300049	22300	""osoba4""
""osoba4""		845.4	845400	865.50006	865500	21.100037	21100	""osoba4""
""osoba2""		850.2	850200	850.2	850200	1.0	1000	""osoba2""
""osoba4""		852.30005	852300	865.50006	865500	14.200012	14200	""osoba4""
""osoba4""		853.2	853200	865.50006	865500	13.300049	13300	""osoba4""
""osoba4""		855.60004	855600	865.50006	865500	10.900024	10900	""osoba4""
""osoba4""		859.2	859200	865.50006	865500	7.300049	7300	""osoba4""
""osoba3""		862.50006	862500	897.30005	897300	35.799988	35799	""osoba3""
""osoba4""		863.7	863700	865.50006	865500	2.8000488	2800	""osoba4""
""osoba3""		868.2	868200	897.30005	897300	30.100037	30100	""osoba3""
""osoba3""		869.10004	869100	897.30005	897300	29.200012	29200	""osoba3""
""osoba3""		871.50006	871500	897.30005	897300	26.799988	26799	""osoba3""
""osoba3""		873.00006	873000	897.30005	897300	25.299988	25299	""osoba3""
""osoba4""		873.60004	873600	873.60004	873600	1.0	1000	""osoba4""
""osoba1""		874.50006	874500	876.00006	876000	2.5	2500	""osoba1""
""osoba3""		877.50006	877500	897.30005	897300	20.799988	20799	""osoba3""
""osoba1""		878.10004	878100	878.10004	878100	1.0	1000	""osoba1""
""osoba1""		880.50006	880500	880.50006	880500	1.0	1000	""osoba1""
""osoba3""		882.00006	882000	897.30005	897300	16.299988	16299	""osoba3""
""osoba3""		884.10004	884100	897.30005	897300	14.200012	14200	""osoba3""
""osoba1""		885.00006	885000	885.00006	885000	1.0	1000	""osoba1""
""osoba3""		887.10004	887100	897.30005	897300	11.200012	11200	""osoba3""
""osoba3""		888.00006	888000	897.30005	897300	10.299988	10299	""osoba3""
""osoba4""		889.2	889200	889.2	889200	1.0	1000	""osoba4""
""osoba3""		891.00006	891000	897.30005	897300	7.299988	7299	""osoba3""
""osoba4""		891.60004	891600	892.80005	892800	2.2000122	2200	""osoba4""
""osoba3""		895.80005	895800	897.30005	897300	2.5	2500	""osoba3""
""osoba2""		896.4	896400	896.7	896700	1.2999878	1299	""osoba2""
""osoba4""		897.00006	897000	911.7	911700	15.699951	15699	""osoba4""
""osoba4""		900.30005	900300	911.7	911700	12.399963	12399	""osoba4""
""osoba2""		901.2	901200	901.2	901200	1.0	1000	""osoba2""
""osoba4""		901.80005	901800	911.7	911700	10.899963	10899	""osoba4""
""osoba2""		906.30005	906300	907.2	907200	1.8999634	1899	""osoba2""
""osoba3""		906.9	906900	909.00006	909000	3.1000366	3100	""osoba3""
""osoba2""		907.2	907200	907.2	907200	1.0	1000	""osoba2""
""osoba4""		907.80005	907800	911.7	911700	4.8999634	4899	""osoba4""
""osoba1""		910.50006	910500	927.9	927900	18.399963	18399	""osoba1""
""osoba4""		910.50006	910500	911.7	911700	2.1999512	2199	""osoba4""
""osoba1""		913.2	913200	927.9	927900	15.700012	15700	""osoba1""
""osoba1""		917.4	917400	927.9	927900	11.5	11500	""osoba1""
""osoba2""		918.30005	918300	918.30005	918300	1.0	1000	""osoba2""
""osoba4""		918.60004	918600	940.80005	940800	23.200012	23200	""osoba4""
""osoba3""		918.9	918900	920.10004	920100	2.2000122	2200	""osoba3""
""osoba4""		920.7	920700	940.80005	940800	21.100037	21100	""osoba4""
""osoba1""		921.60004	921600	927.9	927900	7.299988	7299	""osoba1""
""osoba4""		923.4	923400	940.80005	940800	18.400024	18400	""osoba4""
""osoba1""		924.30005	924300	927.9	927900	4.5999756	4599	""osoba1""
""osoba3""		927.00006	927000	927.9	927900	1.8999634	1899	""osoba3""
""osoba4""		927.30005	927300	940.80005	940800	14.5	14500	""osoba4""
""osoba4""		930.30005	930300	940.80005	940800	11.5	11500	""osoba4""
""osoba2""		932.4	932400	933.30005	933300	1.9000244	1900	""osoba2""
""osoba1""		934.2	934200	935.10004	935100	1.9000244	1900	""osoba1""
""osoba3""		934.80005	934800	936.60004	936600	2.7999878	2799	""osoba3""
""osoba4""		935.10004	935100	940.80005	940800	6.700012	6700	""osoba4""
""osoba4""		939.00006	939000	940.80005	940800	2.7999878	2799	""osoba4""
""osoba4""		939.60004	939600	940.80005	940800	2.2000122	2200	""osoba4""
""osoba4""		940.2	940200	940.80005	940800	1.6000366	1600	""osoba4""
""osoba3""		941.10004	941100	950.4	950400	10.299988	10299	""osoba3""
""osoba3""		946.50006	946500	950.4	950400	4.8999634	4899	""osoba3""
""osoba3""		947.7	947700	950.4	950400	3.7000122	3700	""osoba3""
""osoba2""		948.30005	948300	950.10004	950100	2.7999878	2799	""osoba2""
""osoba3""		948.9	948900	950.4	950400	2.5	2500	""osoba3""
""osoba1""		949.80005	949800	957.30005	957300	8.5	8500	""osoba1""
""osoba4""		954.9	954900	954.9	954900	1.0	1000	""osoba4""
""osoba1""		956.10004	956100	957.30005	957300	2.2000122	2200	""osoba1""
""osoba3""		957.00006	957000	968.10004	968100	12.099976	12099	""osoba3""
""osoba3""		958.2	958200	968.10004	968100	10.900024	10900	""osoba3""
""osoba3""		960.00006	960000	968.10004	968100	9.099976	9099	""osoba3""
""osoba1""		960.60004	960600	960.60004	960600	1.0	1000	""osoba1""
""osoba3""		965.4	965400	968.10004	968100	3.7000122	3700	""osoba3""
""osoba3""		966.00006	966000	968.10004	968100	3.0999756	3099	""osoba3""
""osoba3""		967.2	967200	968.10004	968100	1.9000244	1900	""osoba3""
""osoba1""		967.50006	967500	978.9	978900	12.399963	12399	""osoba1""
""osoba1""		970.50006	970500	978.9	978900	9.399963	9399	""osoba1""
""osoba1""		971.10004	971100	978.9	978900	8.799988	8799	""osoba1""
""osoba2""		972.00006	972000	972.60004	972600	1.5999756	1599	""osoba2""
""osoba1""		974.10004	974100	978.9	978900	5.799988	5799	""osoba1""
""osoba1""		974.7	974700	978.9	978900	5.200012	5200	""osoba1""
""osoba1""		975.30005	975300	978.9	978900	4.5999756	4599	""osoba1""
""osoba1""		976.80005	976800	978.9	978900	3.0999756	3099	""osoba1""
""osoba3""		976.80005	976800	981.00006	981000	5.200012	5200	""osoba3""
""osoba3""		981.00006	981000	981.00006	981000	1.0	1000	""osoba3""
""osoba2""		981.30005	981300	984.9	984900	4.5999756	4599	""osoba2""
""osoba4""		984.00006	984000	996.00006	996000	13.0	13000	""osoba4""
""osoba4""		984.9	984900	996.00006	996000	12.100037	12100	""osoba4""
""osoba4""		987.60004	987600	996.00006	996000	9.400024	9400	""osoba4""
""osoba4""		989.10004	989100	996.00006	996000	7.9000244	7900	""osoba4""
""osoba4""		991.50006	991500	996.00006	996000	5.5	5500	""osoba4""
""osoba4""		992.10004	992100	996.00006	996000	4.9000244	4900	""osoba4""
""osoba4""		993.9	993900	996.00006	996000	3.1000366	3100	""osoba4""
""osoba4""		994.50006	994500	996.00006	996000	2.5	2500	""osoba4""
""osoba2""		995.7	995700	1004.4	1004400	9.700012	9700	""osoba2""
""osoba4""		995.7	995700	996.00006	996000	1.3000488	1300	""osoba4""
""osoba2""		999.60004	999600	1004.4	1004400	5.799988	5799	""osoba2""
""osoba2""		1001.4	1001400	1004.4	1004400	4.0	4000	""osoba2""
""osoba3""		1004.10004	1004100	1006.50006	1006500	3.4000244	3400	""osoba3""
""osoba2""		1004.4	1004400	1004.4	1004400	1.0	1000	""osoba2""
""osoba4""		1005.9	1005900	1011.60004	1011600	6.700012	6700	""osoba4""
""osoba4""		1007.7	1007700	1011.60004	1011600	4.9000244	4900	""osoba4""
""osoba4""		1008.9	1008900	1011.60004	1011600	3.7000122	3700	""osoba4""
""osoba4""		1009.80005	1009800	1011.60004	1011600	2.7999878	2799	""osoba4""
""osoba4""		1011.00006	1011000	1011.60004	1011600	1.5999756	1599	""osoba4""
""osoba1""		1011.30005	1011300	1011.30005	1011300	1.0	1000	""osoba1""
""osoba2""		1012.2	1012200	1029.9	1029900	18.700012	18700	""osoba2""
""osoba2""		1013.4	1013400	1029.9	1029900	17.5	17500	""osoba2""
""osoba2""		1014.00006	1014000	1029.9	1029900	16.899963	16899	""osoba2""
""osoba2""		1015.80005	1015800	1029.9	1029900	15.099976	15099	""osoba2""
""osoba2""		1020.30005	1020300	1029.9	1029900	10.599976	10599	""osoba2""
""osoba4""		1021.50006	1021500	1021.50006	1021500	1.0	1000	""osoba4""
""osoba2""		1023.00006	1023000	1029.9	1029900	7.8999634	7899	""osoba2""
""osoba3""		1025.1001	1025100	1025.4	1025400	1.2999268	1299	""osoba3""
""osoba4""		1027.8	1027800	1027.8	1027800	1.0	1000	""osoba4""
""osoba3""		1029.3	1029300	1031.7001	1031700	3.4000244	3400	""osoba3""
""osoba1""		1032.3	1032300	1043.7001	1043700	12.400024	12400	""osoba1""
""osoba1""		1033.5	1033500	1043.7001	1043700	11.200073	11200	""osoba1""
""osoba1""		1034.1001	1034100	1043.7001	1043700	10.599976	10599	""osoba1""
""osoba1""		1034.7001	1034700	1043.7001	1043700	10.0	10000	""osoba1""
""osoba3""		1035.0	1035000	1038.3	1038300	4.300049	4300	""osoba3""
""osoba3""		1035.6001	1035600	1038.3	1038300	3.6999512	3699	""osoba3""
""osoba1""		1036.5	1036500	1043.7001	1043700	8.200073	8200	""osoba1""
""osoba1""		1039.2001	1039200	1043.7001	1043700	5.5	5500	""osoba1""
""osoba1""		1041.9	1041900	1043.7001	1043700	2.8000488	2800	""osoba1""
""osoba1""		1043.1001	1043100	1043.7001	1043700	1.5999756	1599	""osoba1""
""osoba4""		1044.0	1044000	1046.1001	1046100	3.1000977	3100	""osoba4""
""osoba2""		1045.8	1045800	1048.5	1048500	3.6999512	3699	""osoba2""
""osoba3""		1047.3	1047300	1051.2001	1051200	4.9000244	4900	""osoba3""
""osoba4""		1051.2001	1051200	1065.9	1065900	15.699951	15699	""osoba4""
""osoba4""		1053.6001	1053600	1065.9	1065900	13.299927	13299	""osoba4""
""osoba4""		1054.5	1054500	1065.9	1065900	12.400024	12400	""osoba4""
""osoba4""		1055.7001	1055700	1065.9	1065900	11.199951	11199	""osoba4""
""osoba4""		1056.3	1056300	1065.9	1065900	10.599976	10599	""osoba4""
""osoba1""		1057.5	1057500	1057.5	1057500	1.0	1000	""osoba1""
""osoba4""		1059.3	1059300	1065.9	1065900	7.5999756	7599	""osoba4""
""osoba4""		1063.5	1063500	1065.9	1065900	3.4000244	3400	""osoba4""
""osoba3""		1064.1001	1064100	1070.1001	1070100	7.0	7000	""osoba3""
""osoba3""		1067.4	1067400	1070.1001	1070100	3.7000732	3700	""osoba3""
""osoba1""		1068.0	1068000	1068.3	1068300	1.3000488	1300	""osoba1""
""osoba2""		1069.2001	1069200	1069.5	1069500	1.2999268	1299	""osoba2""
""osoba3""		1070.1001	1070100	1070.1001	1070100	1.0	1000	""osoba3""
""osoba4""		1070.1001	1070100	1094.7001	1094700	25.599976	25599	""osoba4""
""osoba4""		1071.6001	1071600	1094.7001	1094700	24.099976	24099	""osoba4""
""osoba3""		1074.9	1074900	1076.4	1076400	2.5	2500	""osoba3""
""osoba1""		1075.5	1075500	1076.7001	1076700	2.2000732	2200	""osoba1""
""osoba3""		1075.5	1075500	1076.4	1076400	1.9000244	1900	""osoba3""
""osoba4""		1083.0	1083000	1094.7001	1094700	12.700073	12700	""osoba4""
""osoba3""		1084.8	1084800	1084.8	1084800	1.0	1000	""osoba3""
""osoba4""		1086.6001	1086600	1094.7001	1094700	9.099976	9099	""osoba4""
""osoba4""		1087.8	1087800	1094.7001	1094700	7.9000244	7900	""osoba4""
""osoba2""		1089.0	1089000	1092.6001	1092600	4.6000977	4600	""osoba2""
""osoba4""		1092.0	1092000	1094.7001	1094700	3.7000732	3700	""osoba4""
""osoba4""		1093.8	1093800	1094.7001	1094700	1.9000244	1900	""osoba4""
""osoba3""		1094.1001	1094100	1104.6001	1104600	11.5	11500	""osoba3""
""osoba3""		1097.4	1097400	1104.6001	1104600	8.200073	8200	""osoba3""
""osoba3""		1098.0	1098000	1104.6001	1104600	7.6000977	7600	""osoba3""
""osoba1""		1099.5	1099500	1099.5	1099500	1.0	1000	""osoba1""
""osoba3""		1100.4	1100400	1104.6001	1104600	5.2000732	5200	""osoba3""
""osoba1""		1102.5	1102500	1103.4	1103400	1.9000244	1900	""osoba1""
""osoba4""		1104.3	1104300	1110.9	1110900	7.5999756	7599	""osoba4""
""osoba4""		1105.5	1105500	1110.9	1110900	6.4000244	6400	""osoba4""
""osoba4""		1108.5	1108500	1110.9	1110900	3.4000244	3400	""osoba4""
""osoba3""		1110.0	1110000	1141.2001	1141200	32.200073	32200	""osoba3""
""osoba4""		1110.9	1110900	1110.9	1110900	1.0	1000	""osoba4""
""osoba3""		1111.8	1111800	1141.2001	1141200	30.400024	30400	""osoba3""
""osoba3""		1113.0	1113000	1141.2001	1141200	29.200073	29200	""osoba3""
""osoba3""		1115.1001	1115100	1141.2001	1141200	27.099976	27099	""osoba3""
""osoba4""		1115.4	1115400	1116.3	1116300	1.9000244	1900	""osoba4""
""osoba2""		1117.5	1117500	1118.4	1118400	1.9000244	1900	""osoba2""
""osoba3""		1122.3	1122300	1141.2001	1141200	19.900024	19900	""osoba3""
""osoba3""		1123.8	1123800	1141.2001	1141200	18.400024	18400	""osoba3""
""osoba3""		1126.5	1126500	1141.2001	1141200	15.700073	15700	""osoba3""
""osoba4""		1127.7001	1127700	1127.7001	1127700	1.0	1000	""osoba4""
""osoba3""		1130.4	1130400	1141.2001	1141200	11.800049	11800	""osoba3""
""osoba4""		1134.3	1134300	1135.5	1135500	2.1999512	2199	""osoba4""
""osoba3""		1137.0	1137000	1141.2001	1141200	5.2000732	5200	""osoba3""
""osoba3""		1137.9	1137900	1141.2001	1141200	4.300049	4300	""osoba3""
""osoba2""		1140.0	1140000	1144.5	1144500	5.5	5500	""osoba2""
""osoba3""		1140.3	1140300	1141.2001	1141200	1.9000244	1900	""osoba3""
""osoba2""		1142.1001	1142100	1144.5	1144500	3.3999023	3399	""osoba2""
""osoba2""		1144.2001	1144200	1144.5	1144500	1.2999268	1299	""osoba2""
""osoba1""		1144.8	1144800	1152.9	1152900	9.099976	9099	""osoba1""
""osoba1""		1146.0	1146000	1152.9	1152900	7.9000244	7900	""osoba1""
""osoba1""		1147.2001	1147200	1152.9	1152900	6.699951	6699	""osoba1""
""osoba1""		1150.2001	1150200	1152.9	1152900	3.6999512	3699	""osoba1""
""osoba3""		1151.1001	1151100	1172.7001	1172700	22.599976	22599	""osoba3""
""osoba2""		1153.2001	1153200	1157.1001	1157100	4.9000244	4900	""osoba2""
""osoba3""		1153.8	1153800	1172.7001	1172700	19.900024	19900	""osoba3""
""osoba2""		1155.3	1155300	1157.1001	1157100	2.8000488	2800	""osoba2""
""osoba3""		1155.6001	1155600	1172.7001	1172700	18.099976	18099	""osoba3""
""osoba3""		1159.5	1159500	1172.7001	1172700	14.200073	14200	""osoba3""
""osoba4""		1160.7001	1160700	1168.2001	1168200	8.5	8500	""osoba4""
""osoba2""		1162.8	1162800	1166.7001	1166700	4.9000244	4900	""osoba2""
""osoba3""		1169.4	1169400	1172.7001	1172700	4.300049	4300	""osoba3""
""osoba3""		1170.0	1170000	1172.7001	1172700	3.7000732	3700	""osoba3""
""osoba3""		1172.1001	1172100	1172.7001	1172700	1.5999756	1599	""osoba3""
""osoba1""		1172.7001	1172700	1172.7001	1172700	1.0	1000	""osoba1""
""osoba4""		1173.0	1173000	1218.9	1218900	46.900024	46900	""osoba4""
""osoba1""		1175.4	1175400	1175.7001	1175700	1.3000488	1300	""osoba1""
""osoba4""		1175.7001	1175700	1218.9	1218900	44.19995	44199	""osoba4""
""osoba3""		1180.2001	1180200	1180.5	1180500	1.2999268	1299	""osoba3""
""osoba4""		1182.6001	1182600	1218.9	1218900	37.299927	37299	""osoba4""
""osoba4""		1183.5	1183500	1218.9	1218900	36.400024	36400	""osoba4""
""osoba4""		1184.1001	1184100	1218.9	1218900	35.799927	35799	""osoba4""
""osoba4""		1184.7001	1184700	1218.9	1218900	35.19995	35199	""osoba4""
""osoba4""		1190.7001	1190700	1218.9	1218900	29.199951	29199	""osoba4""
""osoba1""		1192.8	1192800	1194.3	1194300	2.5	2500	""osoba1""
""osoba4""		1193.7001	1193700	1218.9	1218900	26.199951	26199	""osoba4""
""osoba3""		1194.9	1194900	1195.2001	1195200	1.3000488	1300	""osoba3""
""osoba1""		1201.8	1201800	1202.1001	1202100	1.3000488	1300	""osoba1""
""osoba4""		1201.8	1201800	1218.9	1218900	18.099976	18099	""osoba4""
""osoba4""		1204.2001	1204200	1218.9	1218900	15.699951	15699	""osoba4""
""osoba1""		1208.1001	1208100	1211.4	1211400	4.2999268	4299	""osoba1""
""osoba1""		1209.0	1209000	1211.4	1211400	3.4000244	3400	""osoba1""
""osoba4""		1209.3	1209300	1218.9	1218900	10.599976	10599	""osoba4""
""osoba4""		1210.8	1210800	1218.9	1218900	9.099976	9099	""osoba4""
""osoba1""		1211.1001	1211100	1211.4	1211400	1.2999268	1299	""osoba1""
""osoba3""		1211.4	1211400	1212.3	1212300	1.9000244	1900	""osoba3""
""osoba4""		1215.0	1215000	1218.9	1218900	4.9000244	4900	""osoba4""
""osoba4""		1216.5	1216500	1218.9	1218900	3.4000244	3400	""osoba4""
""osoba3""		1219.2001	1219200	1234.2001	1234200	16.0	16000	""osoba3""
""osoba1""		1220.7001	1220700	1220.7001	1220700	1.0	1000	""osoba1""
""osoba3""		1221.0	1221000	1234.2001	1234200	14.200073	14200	""osoba3""
""osoba1""		1223.4	1223400	1223.4	1223400	1.0	1000	""osoba1""
""osoba3""		1223.4	1223400	1234.2001	1234200	11.800049	11800	""osoba3""
""osoba3""		1227.9	1227900	1234.2001	1234200	7.300049	7300	""osoba3""
""osoba1""		1228.8	1228800	1233.6001	1233600	5.800049	5800	""osoba1""
""osoba3""		1229.1001	1229100	1234.2001	1234200	6.0999756	6099	""osoba3""
""osoba1""		1231.2001	1231200	1233.6001	1233600	3.4000244	3400	""osoba1""
""osoba2""		1233.9	1233900	1236.6001	1236600	3.7000732	3700	""osoba2""
""osoba2""		1236.3	1236300	1236.6001	1236600	1.3000488	1300	""osoba2""
""osoba4""		1237.2001	1237200	1245.3	1245300	9.099976	9099	""osoba4""
""osoba4""		1237.8	1237800	1245.3	1245300	8.5	8500	""osoba4""
""osoba4""		1241.4	1241400	1245.3	1245300	4.9000244	4900	""osoba4""
""osoba3""		1244.7001	1244700	1251.3	1251300	7.5999756	7599	""osoba3""
""osoba4""		1245.0	1245000	1245.3	1245300	1.3000488	1300	""osoba4""
""osoba1""		1245.9	1245900	1245.9	1245900	1.0	1000	""osoba1""
""osoba3""		1247.1001	1247100	1251.3	1251300	5.199951	5199	""osoba3""
""osoba3""		1247.7001	1247700	1251.3	1251300	4.5999756	4599	""osoba3""
""osoba3""		1248.3	1248300	1251.3	1251300	4.0	4000	""osoba3""
""osoba3""		1250.4	1250400	1251.3	1251300	1.9000244	1900	""osoba3""
""osoba1""		1251.0	1251000	1263.9	1263900	13.900024	13900	""osoba1""
""osoba1""		1251.6001	1251600	1263.9	1263900	13.299927	13299	""osoba1""
""osoba2""		1252.2001	1252200	1254.0	1254000	2.7999268	2799	""osoba2""
""osoba1""		1252.5	1252500	1263.9	1263900	12.400024	12400	""osoba1""
""osoba1""		1254.9	1254900	1263.9	1263900	10.0	10000	""osoba1""
""osoba1""		1255.8	1255800	1263.9	1263900	9.099976	9099	""osoba1""
""osoba1""		1256.4	1256400	1263.9	1263900	8.5	8500	""osoba1""
""osoba3""		1256.4	1256400	1256.7001	1256700	1.3000488	1300	""osoba3""
""osoba1""		1257.9	1257900	1263.9	1263900	7.0	7000	""osoba1""
""osoba1""		1259.7001	1259700	1263.9	1263900	5.199951	5199	""osoba1""
""osoba2""		1259.7001	1259700	1260.0	1260000	1.2999268	1299	""osoba2""
""osoba1""		1263.0	1263000	1263.9	1263900	1.9000244	1900	""osoba1""
""osoba1""		1263.6001	1263600	1263.9	1263900	1.2999268	1299	""osoba1""
""osoba3""		1263.9	1263900	1263.9	1263900	1.0	1000	""osoba3""
""osoba4""		1263.9	1263900	1272.9	1272900	10.0	10000	""osoba4""
""osoba4""		1269.9	1269900	1272.9	1272900	4.0	4000	""osoba4""
""osoba4""		1271.1001	1271100	1272.9	1272900	2.7999268	2799	""osoba4""
""osoba3""		1271.7001	1271700	1277.1001	1277100	6.4000244	6400	""osoba3""
""osoba3""		1274.1001	1274100	1277.1001	1277100	4.0	4000	""osoba3""
""osoba3""		1276.5	1276500	1277.1001	1277100	1.6000977	1600	""osoba3""
""osoba1""		1277.1001	1277100	1279.2001	1279200	3.0999756	3099	""osoba1""
""osoba1""		1279.2001	1279200	1279.2001	1279200	1.0	1000	""osoba1""
""osoba2""		1279.5	1279500	1281.3	1281300	2.8000488	2800	""osoba2""
""osoba4""		1280.7001	1280700	1286.1001	1286100	6.4000244	6400	""osoba4""
""osoba4""		1282.5	1282500	1286.1001	1286100	4.6000977	4600	""osoba4""
""osoba4""		1284.0	1284000	1286.1001	1286100	3.1000977	3100	""osoba4""
""osoba4""		1285.2001	1285200	1286.1001	1286100	1.9000244	1900	""osoba4""
""osoba1""		1286.1001	1286100	1287.6001	1287600	2.5	2500	""osoba1""
""osoba2""		1287.3	1287300	1290.9	1290900	4.5999756	4599	""osoba2""
""osoba2""		1290.0	1290000	1290.9	1290900	1.9000244	1900	""osoba2""
""osoba1""		1290.3	1290300	1296.6001	1296600	7.300049	7300	""osoba1""
""osoba1""		1291.8	1291800	1296.6001	1296600	5.800049	5800	""osoba1""
""osoba1""		1293.0	1293000	1296.6001	1296600	4.6000977	4600	""osoba1""
""osoba2""		1293.9	1293900	1295.7001	1295700	2.8000488	2800	""osoba2""
""osoba4""		1296.3	1296300	1303.8	1303800	8.5	8500	""osoba4""
""osoba4""		1301.1001	1301100	1303.8	1303800	3.6999512	3699	""osoba4""
""osoba4""		1302.0	1302000	1303.8	1303800	2.8000488	2800	""osoba4""
""osoba2""		1303.2001	1303200	1306.5	1306500	4.2999268	4299	""osoba2""
""osoba3""		1303.8	1303800	1306.5	1306500	3.6999512	3699	""osoba3""
""osoba4""		1305.9	1305900	1310.4	1310400	5.5	5500	""osoba4""
""osoba4""		1308.0	1308000	1310.4	1310400	3.4000244	3400	""osoba4""
""osoba4""		1308.6001	1308600	1310.4	1310400	2.7999268	2799	""osoba4""
""osoba3""		1309.5	1309500	1311.6001	1311600	3.1000977	3100	""osoba3""
""osoba1""		1311.0	1311000	1328.4	1328400	18.400024	18400	""osoba1""
""osoba4""		1314.6001	1314600	1315.8	1315800	2.1999512	2199	""osoba4""
""osoba1""		1319.1001	1319100	1328.4	1328400	10.299927	10299	""osoba1""
""osoba3""		1320.9	1320900	1320.9	1320900	1.0	1000	""osoba3""
""osoba1""		1326.9	1326900	1328.4	1328400	2.5	2500	""osoba1""
""osoba2""		1328.7001	1328700	1330.5	1330500	2.7999268	2799	""osoba2""
""osoba4""		1328.7001	1328700	1350.0	1350000	22.299927	22299	""osoba4""
""osoba4""		1330.2001	1330200	1350.0	1350000	20.799927	20799	""osoba4""
""osoba2""		1330.5	1330500	1330.5	1330500	1.0	1000	""osoba2""
""osoba4""		1332.9	1332900	1350.0	1350000	18.099976	18099	""osoba4""
""osoba4""		1335.3	1335300	1350.0	1350000	15.699951	15699	""osoba4""
""osoba4""		1336.8	1336800	1350.0	1350000	14.199951	14199	""osoba4""
""osoba4""		1338.9	1338900	1350.0	1350000	12.099976	12099	""osoba4""
""osoba4""		1339.5	1339500	1350.0	1350000	11.5	11500	""osoba4""
""osoba1""		1341.3	1341300	1341.6001	1341600	1.3000488	1300	""osoba1""
""osoba3""		1345.5	1345500	1358.7001	1358700	14.200073	14200	""osoba3""
""osoba3""		1346.4	1346400	1358.7001	1358700	13.300049	13300	""osoba3""
""osoba4""		1346.7001	1346700	1350.0	1350000	4.2999268	4299	""osoba4""
""osoba3""		1348.2001	1348200	1358.7001	1358700	11.5	11500	""osoba3""
""osoba2""		1348.5	1348500	1348.8	1348800	1.3000488	1300	""osoba2""
""osoba4""		1350.0	1350000	1350.0	1350000	1.0	1000	""osoba4""
""osoba3""		1350.3	1350300	1358.7001	1358700	9.400024	9400	""osoba3""
""osoba3""		1351.8	1351800	1358.7001	1358700	7.9000244	7900	""osoba3""
""osoba3""		1353.3	1353300	1358.7001	1358700	6.4000244	6400	""osoba3""
""osoba3""		1353.9	1353900	1358.7001	1358700	5.800049	5800	""osoba3""
""osoba3""		1354.5	1354500	1358.7001	1358700	5.2000732	5200	""osoba3""
""osoba3""		1357.8	1357800	1358.7001	1358700	1.9000244	1900	""osoba3""
""osoba4""		1358.4	1358400	1377.0	1377000	19.599976	19599	""osoba4""
""osoba4""		1359.6001	1359600	1377.0	1377000	18.399902	18399	""osoba4""
""osoba4""		1360.2001	1360200	1377.0	1377000	17.799927	17799	""osoba4""
""osoba4""		1362.0	1362000	1377.0	1377000	16.0	16000	""osoba4""
""osoba4""		1362.9	1362900	1377.0	1377000	15.099976	15099	""osoba4""
""osoba4""		1364.1001	1364100	1377.0	1377000	13.899902	13899	""osoba4""
""osoba2""		1366.2001	1366200	1366.5	1366500	1.2999268	1299	""osoba2""
""osoba4""		1367.7001	1367700	1377.0	1377000	10.299927	10299	""osoba4""
""osoba4""		1373.1001	1373100	1377.0	1377000	4.8999023	4899	""osoba4""
""osoba1""		1374.0	1374000	1377.6001	1377600	4.6000977	4600	""osoba1""
""osoba4""		1374.3	1374300	1377.0	1377000	3.6999512	3699	""osoba4""
""osoba2""		1375.2001	1375200	1380.9	1380900	6.699951	6699	""osoba2""
""osoba1""		1377.6001	1377600	1377.6001	1377600	1.0	1000	""osoba1""
""osoba2""		1379.1001	1379100	1380.9	1380900	2.7999268	2799	""osoba2""
""osoba1""		1380.9	1380900	1381.5	1381500	1.5999756	1599	""osoba1""
""osoba4""		1381.8	1381800	1389.3	1389300	8.5	8500	""osoba4""
""osoba2""		1383.3	1383300	1397.7001	1397700	15.400024	15400	""osoba2""
""osoba4""		1384.8	1384800	1389.3	1389300	5.5	5500	""osoba4""
""osoba2""		1386.9	1386900	1397.7001	1397700	11.800049	11800	""osoba2""
""osoba2""		1388.7001	1388700	1397.7001	1397700	10.0	10000	""osoba2""
""osoba4""		1389.3	1389300	1389.3	1389300	1.0	1000	""osoba4""
""osoba2""		1391.7001	1391700	1397.7001	1397700	7.0	7000	""osoba2""
""osoba2""		1393.2001	1393200	1397.7001	1397700	5.5	5500	""osoba2""
""osoba1""		1397.4	1397400	1407.3	1407300	10.900024	10900	""osoba1""
""osoba2""		1397.4	1397400	1397.7001	1397700	1.3000488	1300	""osoba2""
""osoba3""		1398.9	1398900	1399.2001	1399200	1.3000488	1300	""osoba3""
""osoba1""		1400.7001	1400700	1407.3	1407300	7.5999756	7599	""osoba1""
""osoba1""		1401.3	1401300	1407.3	1407300	7.0	7000	""osoba1""
""osoba2""		1401.9	1401900	1403.7001	1403700	2.8000488	2800	""osoba2""
""osoba1""		1404.9	1404900	1407.3	1407300	3.4000244	3400	""osoba1""
""osoba1""		1405.5	1405500	1407.3	1407300	2.8000488	2800	""osoba1""
""osoba3""		1405.8	1405800	1414.8	1414800	10.0	10000	""osoba3""
""osoba1""		1407.3	1407300	1407.3	1407300	1.0	1000	""osoba1""
""osoba3""		1408.2001	1408200	1414.8	1414800	7.5999756	7599	""osoba3""
""osoba3""		1408.8	1408800	1414.8	1414800	7.0	7000	""osoba3""
""osoba3""		1409.4	1409400	1414.8	1414800	6.4000244	6400	""osoba3""
""osoba3""		1410.3	1410300	1414.8	1414800	5.5	5500	""osoba3""
""osoba3""		1411.2001	1411200	1414.8	1414800	4.5999756	4599	""osoba3""
""osoba1""		1412.1001	1412100	1415.7001	1415700	4.5999756	4599	""osoba1""
""osoba1""		1413.6001	1413600	1415.7001	1415700	3.0999756	3099	""osoba1""
""osoba3""		1413.6001	1413600	1414.8	1414800	2.1999512	2199	""osoba3""
""osoba1""		1415.7001	1415700	1415.7001	1415700	1.0	1000	""osoba1""
""osoba4""		1415.7001	1415700	1422.9	1422900	8.199951	8199	""osoba4""
""osoba4""		1416.9	1416900	1422.9	1422900	7.0	7000	""osoba4""
""osoba4""		1417.5	1417500	1422.9	1422900	6.4000244	6400	""osoba4""
""osoba4""		1418.7001	1418700	1422.9	1422900	5.199951	5199	""osoba4""
""osoba1""		1419.6001	1419600	1419.9	1419900	1.2999268	1299	""osoba1""
""osoba4""		1420.8	1420800	1422.9	1422900	3.0999756	3099	""osoba4""
""osoba4""		1421.7001	1421700	1422.9	1422900	2.1999512	2199	""osoba4""
""osoba4""		1422.6001	1422600	1422.9	1422900	1.2999268	1299	""osoba4""
""osoba3""		1422.9	1422900	1434.9	1434900	13.0	13000	""osoba3""
""osoba3""		1426.8	1426800	1434.9	1434900	9.099976	9099	""osoba3""
""osoba4""		1427.4	1427400	1427.4	1427400	1.0	1000	""osoba4""
""osoba3""		1430.1001	1430100	1434.9	1434900	5.7999268	5799	""osoba3""
""osoba3""		1431.6001	1431600	1434.9	1434900	4.2999268	4299	""osoba3""
""osoba4""		1432.5	1432500	1461.3	1461300	29.800049	29800	""osoba4""
""osoba3""		1433.1001	1433100	1434.9	1434900	2.7999268	2799	""osoba3""
""osoba4""		1434.3	1434300	1461.3	1461300	28.0	28000	""osoba4""
""osoba4""		1435.8	1435800	1461.3	1461300	26.5	26500	""osoba4""
""osoba4""		1439.1001	1439100	1461.3	1461300	23.199951	23199	""osoba4""
""osoba4""		1442.4	1442400	1461.3	1461300	19.900024	19900	""osoba4""
""osoba4""		1444.8	1444800	1461.3	1461300	17.5	17500	""osoba4""
""osoba4""		1446.6001	1446600	1461.3	1461300	15.699951	15699	""osoba4""
""osoba4""		1447.5	1447500	1461.3	1461300	14.800049	14800	""osoba4""
""osoba1""		1447.8	1447800	1449.9	1449900	3.0999756	3099	""osoba1""
""osoba1""		1449.0	1449000	1449.9	1449900	1.9000244	1900	""osoba1""
""osoba4""		1449.3	1449300	1461.3	1461300	13.0	13000	""osoba4""
""osoba4""		1450.5	1450500	1461.3	1461300	11.800049	11800	""osoba4""
""osoba4""		1451.4	1451400	1461.3	1461300	10.900024	10900	""osoba4""
""osoba4""		1452.0	1452000	1461.3	1461300	10.300049	10300	""osoba4""
""osoba3""		1452.9	1452900	1452.9	1452900	1.0	1000	""osoba3""
""osoba4""		1452.9	1452900	1461.3	1461300	9.400024	9400	""osoba4""
""osoba1""		1454.1001	1454100	1454.7001	1454700	1.5999756	1599	""osoba1""
""osoba4""		1456.8	1456800	1461.3	1461300	5.5	5500	""osoba4""
""osoba2""		1457.7001	1457700	1458.0	1458000	1.2999268	1299	""osoba2""
""osoba4""		1458.0	1458000	1461.3	1461300	4.300049	4300	""osoba4""
""osoba4""		1460.1001	1460100	1461.3	1461300	2.1999512	2199	""osoba4""
""osoba2""		1460.4	1460400	1469.1001	1469100	9.700073	9700	""osoba2""
""osoba2""		1462.2001	1462200	1469.1001	1469100	7.9000244	7900	""osoba2""
""osoba2""		1464.0	1464000	1469.1001	1469100	6.1000977	6100	""osoba2""
""osoba2""		1464.6001	1464600	1469.1001	1469100	5.5	5500	""osoba2""
""osoba2""		1465.5	1465500	1469.1001	1469100	4.6000977	4600	""osoba2""
""osoba2""		1467.3	1467300	1469.1001	1469100	2.8000488	2800	""osoba2""
""osoba4""		1468.8	1468800	1473.6001	1473600	5.800049	5800	""osoba4""
""osoba2""		1469.1001	1469100	1469.1001	1469100	1.0	1000	""osoba2""
""osoba4""		1470.0	1470000	1473.6001	1473600	4.6000977	4600	""osoba4""
""osoba4""		1472.4	1472400	1473.6001	1473600	2.2000732	2200	""osoba4""
""osoba4""		1473.0	1473000	1473.6001	1473600	1.6000977	1600	""osoba4""
""osoba2""		1473.6001	1473600	1479.3	1479300	6.699951	6699	""osoba2""
""osoba2""		1475.1001	1475100	1479.3	1479300	5.199951	5199	""osoba2""
""osoba3""		1475.4	1475400	1475.7001	1475700	1.3000488	1300	""osoba3""
""osoba2""		1476.6001	1476600	1479.3	1479300	3.6999512	3699	""osoba2""
""osoba2""		1477.8	1477800	1479.3	1479300	2.5	2500	""osoba2""
""osoba3""		1477.8	1477800	1489.2001	1489200	12.400024	12400	""osoba3""
""osoba3""		1483.2001	1483200	1489.2001	1489200	7.0	7000	""osoba3""
""osoba2""		1484.4	1484400	1485.3	1485300	1.9000244	1900	""osoba2""
""osoba4""		1486.8	1486800	1487.1001	1487100	1.3000488	1300	""osoba4""
""osoba1""		1487.7001	1487700	1499.7001	1499700	13.0	13000	""osoba1""
""osoba2""		1488.3	1488300	1488.3	1488300	1.0	1000	""osoba2""
""osoba1""		1490.1001	1490100	1499.7001	1499700	10.599976	10599	""osoba1""
""osoba1""		1490.7001	1490700	1499.7001	1499700	10.0	10000	""osoba1""
""osoba1""		1491.6001	1491600	1499.7001	1499700	9.099976	9099	""osoba1""
""osoba3""		1491.9	1491900	1492.2001	1492200	1.3000488	1300	""osoba3""
""osoba1""		1493.7001	1493700	1499.7001	1499700	7.0	7000	""osoba1""
""osoba1""		1495.5	1495500	1499.7001	1499700	5.2000732	5200	""osoba1""
""osoba3""		1495.5	1495500	1496.1001	1496100	1.6000977	1600	""osoba3""
""osoba1""		1496.4	1496400	1499.7001	1499700	4.300049	4300	""osoba1""
""osoba1""		1497.6001	1497600	1499.7001	1499700	3.0999756	3099	""osoba1""
""osoba1""		1499.7001	1499700	1499.7001	1499700	1.0	1000	""osoba1""
""osoba2""		1500.3	1500300	1505.7001	1505700	6.4000244	6400	""osoba2""
""osoba2""		1501.8	1501800	1505.7001	1505700	4.9000244	4900	""osoba2""
""osoba1""		1502.7001	1502700	1509.9	1509900	8.199951	8199	""osoba1""
""osoba1""		1506.9	1506900	1509.9	1509900	4.0	4000	""osoba1""
""osoba2""		1509.0	1509000	1514.1001	1514100	6.1000977	6100	""osoba2""
""osoba2""		1511.1001	1511100	1514.1001	1514100	4.0	4000	""osoba2""
""osoba1""		1512.0	1512000	1512.3	1512300	1.3000488	1300	""osoba1""
""osoba4""		1512.3	1512300	1529.4	1529400	18.099976	18099	""osoba4""
""osoba4""		1515.9	1515900	1529.4	1529400	14.5	14500	""osoba4""
""osoba4""		1516.8	1516800	1529.4	1529400	13.599976	13599	""osoba4""
""osoba3""		1517.1001	1517100	1517.7001	1517700	1.5999756	1599	""osoba3""
""osoba4""		1521.3	1521300	1529.4	1529400	9.099976	9099	""osoba4""
""osoba3""		1522.5	1522500	1523.4	1523400	1.9000244	1900	""osoba3""
""osoba4""		1522.8	1522800	1529.4	1529400	7.5999756	7599	""osoba4""
""osoba1""		1524.0	1524000	1524.3	1524300	1.3000488	1300	""osoba1""
""osoba4""		1525.5	1525500	1529.4	1529400	4.9000244	4900	""osoba4""
""osoba3""		1526.1001	1526100	1531.8	1531800	6.699951	6699	""osoba3""
""osoba4""		1526.1001	1526100	1529.4	1529400	4.2999268	4299	""osoba4""
""osoba3""		1527.3	1527300	1531.8	1531800	5.5	5500	""osoba3""
""osoba4""		1527.6001	1527600	1529.4	1529400	2.7999268	2799	""osoba4""
""osoba3""		1529.1001	1529100	1531.8	1531800	3.6999512	3699	""osoba3""
""osoba3""		1530.9	1530900	1531.8	1531800	1.9000244	1900	""osoba3""
""osoba3""		1531.5	1531500	1531.8	1531800	1.3000488	1300	""osoba3""
""osoba2""		1532.1001	1532100	1536.3	1536300	5.199951	5199	""osoba2""
""osoba2""		1533.6001	1533600	1536.3	1536300	3.6999512	3699	""osoba2""
""osoba1""		1536.0	1536000	1548.3	1548300	13.300049	13300	""osoba1""
""osoba1""		1538.4	1538400	1548.3	1548300	10.900024	10900	""osoba1""
""osoba3""		1538.4	1538400	1538.7001	1538700	1.3000488	1300	""osoba3""
""osoba1""		1540.2001	1540200	1548.3	1548300	9.099976	9099	""osoba1""
""osoba1""		1541.7001	1541700	1548.3	1548300	7.5999756	7599	""osoba1""
""osoba4""		1542.0001	1542000	1542.0001	1542000	1.0	1000	""osoba4""
""osoba1""		1542.6001	1542600	1548.3	1548300	6.699951	6699	""osoba1""
""osoba1""		1545.9	1545900	1548.3	1548300	3.4000244	3400	""osoba1""
""osoba1""		1546.5001	1546500	1548.3	1548300	2.7999268	2799	""osoba1""
""osoba3""		1547.7001	1547700	1555.5001	1555500	8.800049	8800	""osoba3""
""osoba4""		1549.2001	1549200	1549.5001	1549500	1.3000488	1300	""osoba4""
""osoba3""		1551.0001	1551000	1555.5001	1555500	5.5	5500	""osoba3""
""osoba3""		1553.1001	1553100	1555.5001	1555500	3.4000244	3400	""osoba3""
""osoba2""		1554.0001	1554000	1558.2001	1558200	5.199951	5199	""osoba2""
""osoba3""		1554.0001	1554000	1555.5001	1555500	2.5	2500	""osoba3""
""osoba4""		1555.2001	1555200	1557.0001	1557000	2.8000488	2800	""osoba4""
""osoba2""		1557.9	1557900	1558.2001	1558200	1.3000488	1300	""osoba2""
""osoba1""		1558.5001	1558500	1567.2001	1567200	9.699951	9699	""osoba1""
""osoba1""		1563.6001	1563600	1567.2001	1567200	4.5999756	4599	""osoba1""
""osoba1""		1565.1001	1565100	1567.2001	1567200	3.0999756	3099	""osoba1""
""osoba3""		1566.0001	1566000	1575.3	1575300	10.299927	10299	""osoba3""
""osoba2""		1566.3	1566300	1568.4	1568400	3.0999756	3099	""osoba2""
""osoba4""		1566.6001	1566600	1567.5001	1567500	1.9000244	1900	""osoba4""
""osoba2""		1568.4	1568400	1568.4	1568400	1.0	1000	""osoba2""
""osoba3""		1569.6001	1569600	1575.3	1575300	6.699951	6699	""osoba3""
""osoba3""		1571.7001	1571700	1575.3	1575300	4.5999756	4599	""osoba3""
""osoba1""		1572.9	1572900	1573.2001	1573200	1.3000488	1300	""osoba1""
""osoba3""		1572.9	1572900	1575.3	1575300	3.4000244	3400	""osoba3""
""osoba2""		1573.5001	1573500	1573.8	1573800	1.2999268	1299	""osoba2""
""osoba4""		1575.0001	1575000	1583.7001	1583700	9.699951	9699	""osoba4""
""osoba4""		1576.5001	1576500	1583.7001	1583700	8.199951	8199	""osoba4""
""osoba4""		1577.4	1577400	1583.7001	1583700	7.300049	7300	""osoba4""
""osoba4""		1579.8	1579800	1583.7001	1583700	4.9000244	4900	""osoba4""
""osoba4""		1580.7001	1580700	1583.7001	1583700	4.0	4000	""osoba4""
""osoba3""		1581.3	1581300	1614.3	1614300	34.0	34000	""osoba3""
""osoba3""		1583.4	1583400	1614.3	1614300	31.900024	31900	""osoba3""
""osoba4""		1583.7001	1583700	1583.7001	1583700	1.0	1000	""osoba4""
""osoba3""		1585.8	1585800	1614.3	1614300	29.5	29500	""osoba3""
""osoba3""		1586.7001	1586700	1614.3	1614300	28.599976	28599	""osoba3""
""osoba3""		1590.3	1590300	1614.3	1614300	25.0	25000	""osoba3""
""osoba3""		1591.5001	1591500	1614.3	1614300	23.799927	23799	""osoba3""
""osoba2""		1592.4	1592400	1592.4	1592400	1.0	1000	""osoba2""
""osoba4""		1595.4	1595400	1595.4	1595400	1.0	1000	""osoba4""
""osoba3""		1597.8	1597800	1614.3	1614300	17.5	17500	""osoba3""
""osoba3""		1601.7001	1601700	1614.3	1614300	13.599976	13599	""osoba3""
""osoba2""		1602.3	1602300	1603.5001	1603500	2.2000732	2200	""osoba2""
""osoba3""		1604.4	1604400	1614.3	1614300	10.900024	10900	""osoba3""
""osoba4""		1604.7001	1604700	1605.6001	1605600	1.9000244	1900	""osoba4""
""osoba3""		1606.5001	1606500	1614.3	1614300	8.799927	8799	""osoba3""
""osoba3""		1607.4	1607400	1614.3	1614300	7.9000244	7900	""osoba3""
""osoba3""		1608.0001	1608000	1614.3	1614300	7.2999268	7299	""osoba3""
""osoba3""		1609.8	1609800	1614.3	1614300	5.5	5500	""osoba3""
""osoba4""		1610.4	1610400	1611.3	1611300	1.9000244	1900	""osoba4""
""osoba3""		1610.7001	1610700	1614.3	1614300	4.5999756	4599	""osoba3""
""osoba4""		1611.3	1611300	1611.3	1611300	1.0	1000	""osoba4""
""osoba1""		1613.1001	1613100	1613.4	1613400	1.2999268	1299	""osoba1""
""osoba3""		1613.7001	1613700	1614.3	1614300	1.5999756	1599	""osoba3""
""osoba2""		1614.3	1614300	1620.3	1620300	7.0	7000	""osoba2""
