"default"		0.0	0	1.0	1000	1.0	1000	BEGIN
"default"		1620.3	1620300	1620.31	1621300	1.0	1000	END
""osoba2""		6.6000004	6600	23.400002	23400	17.800001	17800	""osoba2""
""osoba2""		7.2000003	7200	23.400002	23400	17.2	17200	""osoba2""
""osoba1""		8.1	8100	9.3	9300	2.1999998	2199	""osoba1""
""osoba3""		8.1	8100	9.0	9000	1.8999996	1899	""osoba3""
""osoba4""		8.1	8100	8.700001	8700	1.6000004	1600	""osoba4""
""osoba2""		11.1	11100	23.400002	23400	13.300001	13300	""osoba2""
""osoba2""		11.700001	11700	23.400002	23400	12.700001	12700	""osoba2""
""osoba2""		14.700001	14700	23.400002	23400	9.700001	9700	""osoba2""
""osoba2""		17.7	17700	23.400002	23400	6.700001	6700	""osoba2""
""osoba2""		19.800001	19800	23.400002	23400	4.6000004	4600	""osoba2""
""osoba4""		19.800001	19800	21.300001	21300	2.5	2500	""osoba4""
""osoba2""		22.2	22200	23.400002	23400	2.2000008	2200	""osoba2""
""osoba2""		22.800001	22800	23.400002	23400	1.6000004	1600	""osoba2""
""osoba3""		23.1	23100	50.4	50400	28.300001	28300	""osoba3""
""osoba3""		24.300001	24300	50.4	50400	27.1	27100	""osoba3""
""osoba3""		25.500002	25500	50.4	50400	25.9	25900	""osoba3""
""osoba2""		25.800001	25800	27.900002	27900	3.1000004	3100	""osoba2""
""osoba4""		27.300001	27300	28.2	28200	1.8999996	1899	""osoba4""
""osoba2""		27.6	27600	27.900002	27900	1.3000011	1300	""osoba2""
""osoba4""		27.900002	27900	28.2	28200	1.2999992	1299	""osoba4""
""osoba3""		33.0	33000	50.4	50400	18.400002	18400	""osoba3""
""osoba3""		35.100002	35100	50.4	50400	16.3	16299	""osoba3""
""osoba3""		36.600002	36600	50.4	50400	14.799999	14799	""osoba3""
""osoba3""		38.4	38400	50.4	50400	13.0	13000	""osoba3""
""osoba3""		39.0	39000	50.4	50400	12.400002	12400	""osoba3""
""osoba2""		40.2	40200	40.800003	40800	1.6000023	1600	""osoba2""
""osoba3""		41.7	41700	50.4	50400	9.700001	9700	""osoba3""
""osoba3""		42.600002	42600	50.4	50400	8.799999	8799	""osoba3""
""osoba1""		44.7	44700	45.0	45000	1.2999992	1299	""osoba1""
""osoba3""		45.9	45900	50.4	50400	5.5	5500	""osoba3""
""osoba3""		47.4	47400	50.4	50400	4.0	4000	""osoba3""
""osoba1""		48.600002	48600	50.4	50400	2.7999992	2799	""osoba1""
""osoba2""		49.800003	49800	50.4	50400	1.5999985	1599	""osoba2""
""osoba4""		50.100002	50100	70.5	70500	21.399998	21399	""osoba4""
""osoba4""		54.300003	54300	70.5	70500	17.199997	17199	""osoba4""
""osoba4""		54.9	54900	70.5	70500	16.599998	16599	""osoba4""
""osoba4""		56.100002	56100	70.5	70500	15.399998	15399	""osoba4""
""osoba4""		57.300003	57300	70.5	70500	14.199997	14199	""osoba4""
""osoba2""		58.800003	58800	59.100002	59100	1.2999992	1299	""osoba2""
""osoba4""		60.000004	60000	70.5	70500	11.499996	11499	""osoba4""
""osoba4""		61.2	61200	70.5	70500	10.299999	10299	""osoba4""
""osoba1""		62.4	62400	62.4	62400	1.0	1000	""osoba1""
""osoba4""		63.600002	63600	70.5	70500	7.8999977	7899	""osoba4""
""osoba4""		66.0	66000	70.5	70500	5.5	5500	""osoba4""
""osoba4""		68.700005	68700	70.5	70500	2.7999954	2799	""osoba4""
""osoba1""		70.8	70800	70.8	70800	1.0	1000	""osoba1""
""osoba2""		71.100006	71100	80.100006	80100	10.0	10000	""osoba2""
""osoba2""		72.600006	72600	80.100006	80100	8.5	8500	""osoba2""
""osoba2""		73.200005	73200	80.100006	80100	7.9000015	7900	""osoba2""
""osoba2""		74.100006	74100	80.100006	80100	7.0	7000	""osoba2""
""osoba2""		74.700005	74700	80.100006	80100	6.4000015	6400	""osoba2""
""osoba2""		76.200005	76200	80.100006	80100	4.9000015	4900	""osoba2""
""osoba2""		76.8	76800	80.100006	80100	4.300003	4300	""osoba2""
""osoba4""		80.4	80400	91.5	91500	12.099998	12099	""osoba4""
""osoba4""		82.200005	82200	91.5	91500	10.299995	10299	""osoba4""
""osoba2""		82.8	82800	83.700005	83700	1.9000015	1900	""osoba2""
""osoba4""		83.100006	83100	91.5	91500	9.399994	9399	""osoba4""
""osoba4""		85.200005	85200	91.5	91500	7.2999954	7299	""osoba4""
""osoba4""		86.700005	86700	91.5	91500	5.7999954	5799	""osoba4""
""osoba4""		87.9	87900	91.5	91500	4.5999985	4599	""osoba4""
""osoba4""		88.5	88500	91.5	91500	4.0	4000	""osoba4""
""osoba4""		89.700005	89700	91.5	91500	2.7999954	2799	""osoba4""
""osoba2""		91.200005	91200	96.9	96900	6.699997	6699	""osoba2""
""osoba4""		91.200005	91200	91.5	91500	1.2999954	1299	""osoba4""
""osoba2""		92.700005	92700	96.9	96900	5.199997	5199	""osoba2""
""osoba2""		93.9	93900	96.9	96900	4.0	4000	""osoba2""
""osoba2""		95.700005	95700	96.9	96900	2.199997	2199	""osoba2""
""osoba4""		96.3	96300	110.700005	110700	15.400002	15400	""osoba4""
""osoba4""		98.700005	98700	110.700005	110700	13.0	13000	""osoba4""
""osoba4""		99.3	99300	110.700005	110700	12.400002	12400	""osoba4""
""osoba4""		103.50001	103500	110.700005	110700	8.199997	8199	""osoba4""
""osoba4""		105.3	105300	110.700005	110700	6.4000015	6400	""osoba4""
""osoba3""		105.9	105900	106.200005	106200	1.300003	1300	""osoba3""
""osoba4""		106.200005	106200	110.700005	110700	5.5	5500	""osoba4""
""osoba4""		107.700005	107700	110.700005	110700	4.0	4000	""osoba4""
""osoba2""		109.50001	109500	132.3	132300	23.799995	23799	""osoba2""
""osoba4""		110.700005	110700	110.700005	110700	1.0	1000	""osoba4""
""osoba2""		112.8	112800	132.3	132300	20.5	20500	""osoba2""
""osoba2""		115.8	115800	132.3	132300	17.5	17500	""osoba2""
""osoba2""		117.3	117300	132.3	132300	16.0	16000	""osoba2""
""osoba2""		121.8	121800	132.3	132300	11.5	11500	""osoba2""
""osoba2""		123.9	123900	132.3	132300	9.400002	9400	""osoba2""
""osoba2""		125.100006	125100	132.3	132300	8.199997	8199	""osoba2""
""osoba2""		125.700005	125700	132.3	132300	7.5999985	7599	""osoba2""
""osoba4""		126.9	126900	126.9	126900	1.0	1000	""osoba4""
""osoba2""		128.1	128100	132.3	132300	5.199997	5199	""osoba2""
""osoba2""		129.0	129000	132.3	132300	4.300003	4300	""osoba2""
""osoba2""		129.6	129600	132.3	132300	3.699997	3699	""osoba2""
""osoba2""		131.70001	131700	132.3	132300	1.5999908	1599	""osoba2""
""osoba3""		132.3	132300	135.0	135000	3.699997	3699	""osoba3""
""osoba3""		133.20001	133200	135.0	135000	2.7999878	2799	""osoba3""
""osoba3""		134.1	134100	135.0	135000	1.8999939	1899	""osoba3""
""osoba1""		134.40001	134400	167.70001	167700	34.300003	34300	""osoba1""
""osoba4""		135.6	135600	138.0	138000	3.399994	3399	""osoba4""
""osoba1""		143.1	143100	167.70001	167700	25.600006	25600	""osoba1""
""osoba1""		143.70001	143700	167.70001	167700	25.0	25000	""osoba1""
""osoba1""		145.8	145800	167.70001	167700	22.90001	22900	""osoba1""
""osoba2""		147.3	147300	148.20001	148200	1.9000092	1900	""osoba2""
""osoba1""		149.70001	149700	167.70001	167700	19.0	19000	""osoba1""
""osoba1""		150.3	150300	167.70001	167700	18.40001	18400	""osoba1""
""osoba1""		155.70001	155700	167.70001	167700	13.0	13000	""osoba1""
""osoba1""		159.6	159600	167.70001	167700	9.100006	9100	""osoba1""
""osoba1""		161.70001	161700	167.70001	167700	7.0	7000	""osoba1""
""osoba1""		162.6	162600	167.70001	167700	6.100006	6100	""osoba1""
""osoba1""		163.20001	163200	167.70001	167700	5.5	5500	""osoba1""
""osoba4""		163.20001	163200	164.1	164100	1.8999939	1899	""osoba4""
""osoba3""		166.8	166800	181.5	181500	15.699997	15699	""osoba3""
""osoba2""		169.8	169800	169.8	169800	1.0	1000	""osoba2""
""osoba3""		170.1	170100	181.5	181500	12.399994	12399	""osoba3""
""osoba1""		170.40001	170400	170.70001	170700	1.300003	1300	""osoba1""
""osoba3""		173.40001	173400	181.5	181500	9.099991	9099	""osoba3""
""osoba4""		177.90001	177900	184.20001	184200	7.300003	7300	""osoba4""
""osoba2""		179.1	179100	179.40001	179400	1.300003	1300	""osoba2""
""osoba3""		181.5	181500	181.5	181500	1.0	1000	""osoba3""
""osoba4""		181.5	181500	184.20001	184200	3.7000122	3700	""osoba4""
""osoba4""		182.1	182100	184.20001	184200	3.100006	3100	""osoba4""
""osoba4""		183.6	183600	184.20001	184200	1.6000061	1600	""osoba4""
""osoba2""		184.8	184800	185.70001	185700	1.9000092	1900	""osoba2""
""osoba3""		186.3	186300	204.90001	204900	19.600006	19600	""osoba3""
""osoba3""		187.20001	187200	204.90001	204900	18.699997	18699	""osoba3""
""osoba3""		188.70001	188700	204.90001	204900	17.199997	17199	""osoba3""
""osoba2""		189.90001	189900	191.1	191100	2.199997	2199	""osoba2""
""osoba3""		190.8	190800	204.90001	204900	15.100006	15100	""osoba3""
""osoba1""		191.40001	191400	191.40001	191400	1.0	1000	""osoba1""
""osoba3""		192.6	192600	204.90001	204900	13.300003	13300	""osoba3""
""osoba3""		193.20001	193200	204.90001	204900	12.699997	12699	""osoba3""
""osoba3""		195.6	195600	204.90001	204900	10.300003	10300	""osoba3""
""osoba3""		196.8	196800	204.90001	204900	9.100006	9100	""osoba3""
""osoba4""		198.90001	198900	210.6	210600	12.699997	12699	""osoba4""
""osoba3""		199.20001	199200	204.90001	204900	6.699997	6699	""osoba3""
""osoba4""		200.1	200100	210.6	210600	11.5	11500	""osoba4""
""osoba3""		200.40001	200400	204.90001	204900	5.5	5500	""osoba3""
""osoba3""		202.8	202800	204.90001	204900	3.100006	3100	""osoba3""
""osoba4""		202.8	202800	210.6	210600	8.800003	8800	""osoba4""
""osoba4""		204.6	204600	210.6	210600	7.0	7000	""osoba4""
""osoba4""		208.20001	208200	210.6	210600	3.399994	3399	""osoba4""
""osoba3""		209.1	209100	216.00002	216000	7.900009	7900	""osoba3""
""osoba3""		211.8	211800	216.00002	216000	5.200012	5200	""osoba3""
""osoba4""		212.70001	212700	216.6	216600	4.899994	4899	""osoba4""
""osoba3""		214.50002	214500	216.00002	216000	2.5	2500	""osoba3""
""osoba2""		215.40001	215400	215.70001	215700	1.300003	1300	""osoba2""
""osoba1""		217.50002	217500	229.50002	229500	13.0	13000	""osoba1""
""osoba1""		218.40001	218400	229.50002	229500	12.100006	12100	""osoba1""
""osoba1""		219.6	219600	229.50002	229500	10.900009	10900	""osoba1""
""osoba1""		221.40001	221400	229.50002	229500	9.100006	9100	""osoba1""
""osoba3""		222.00002	222000	222.00002	222000	1.0	1000	""osoba3""
""osoba1""		222.6	222600	229.50002	229500	7.900009	7900	""osoba1""
""osoba1""		223.50002	223500	229.50002	229500	7.0	7000	""osoba1""
""osoba1""		224.70001	224700	229.50002	229500	5.800003	5800	""osoba1""
""osoba1""		228.00002	228000	229.50002	229500	2.5	2500	""osoba1""
""osoba2""		228.3	228300	258.90002	258900	31.600021	31600	""osoba2""
""osoba2""		232.50002	232500	258.90002	258900	27.40001	27400	""osoba2""
""osoba2""		234.6	234600	258.90002	258900	25.300018	25300	""osoba2""
""osoba2""		235.50002	235500	258.90002	258900	24.40001	24400	""osoba2""
""osoba2""		237.90001	237900	258.90002	258900	22.000015	22000	""osoba2""
""osoba1""		239.40001	239400	239.40001	239400	1.0	1000	""osoba1""
""osoba2""		242.1	242100	258.90002	258900	17.800018	17800	""osoba2""
""osoba4""		243.6	243600	244.20001	244200	1.6000061	1600	""osoba4""
""osoba2""		247.20001	247200	258.90002	258900	12.700012	12700	""osoba2""
""osoba2""		249.3	249300	258.90002	258900	10.600021	10600	""osoba2""
""osoba2""		250.8	250800	258.90002	258900	9.100021	9100	""osoba2""
""osoba1""		253.20001	253200	253.8	253800	1.5999908	1599	""osoba1""
""osoba4""		253.8	253800	255.00002	255000	2.2000122	2200	""osoba4""
""osoba2""		255.90001	255900	258.90002	258900	4.0000153	4000	""osoba2""
""osoba2""		256.5	256500	258.90002	258900	3.4000244	3400	""osoba2""
""osoba2""		257.1	257100	258.90002	258900	2.8000183	2800	""osoba2""
""osoba2""		258.6	258600	258.90002	258900	1.3000183	1300	""osoba2""
""osoba3""		258.6	258600	268.5	268500	10.899994	10899	""osoba3""
""osoba3""		260.40002	260400	268.5	268500	9.099976	9099	""osoba3""
""osoba3""		261.90002	261900	268.5	268500	7.5999756	7599	""osoba3""
""osoba3""		262.5	262500	268.5	268500	7.0	7000	""osoba3""
""osoba3""		263.40002	263400	268.5	268500	6.0999756	6099	""osoba3""
""osoba1""		265.2	265200	269.1	269100	4.899994	4899	""osoba1""
""osoba3""		266.1	266100	268.5	268500	3.399994	3399	""osoba3""
""osoba2""		266.7	266700	271.80002	271800	6.100006	6100	""osoba2""
""osoba1""		267.90002	267900	269.1	269100	2.1999817	2199	""osoba1""
""osoba4""		270.90002	270900	275.7	275700	5.799988	5799	""osoba4""
""osoba1""		272.40002	272400	274.2	274200	2.7999878	2799	""osoba1""
""osoba4""		272.7	272700	275.7	275700	4.0	4000	""osoba4""
""osoba2""		275.7	275700	285.6	285600	10.899994	10899	""osoba2""
""osoba1""		282.30002	282300	282.30002	282300	1.0	1000	""osoba1""
""osoba2""		284.1	284100	285.6	285600	2.5	2500	""osoba2""
""osoba1""		284.7	284700	284.7	284700	1.0	1000	""osoba1""
""osoba3""		285.6	285600	316.5	316500	31.899994	31899	""osoba3""
""osoba3""		288.30002	288300	316.5	316500	29.199982	29199	""osoba3""
""osoba3""		290.7	290700	316.5	316500	26.799988	26799	""osoba3""
""osoba3""		295.2	295200	316.5	316500	22.299988	22299	""osoba3""
""osoba3""		299.1	299100	316.5	316500	18.399994	18399	""osoba3""
""osoba3""		302.40002	302400	316.5	316500	15.099976	15099	""osoba3""
""osoba3""		303.90002	303900	316.5	316500	13.599976	13599	""osoba3""
""osoba2""		307.5	307500	307.80002	307800	1.3000183	1300	""osoba2""
""osoba1""		308.40002	308400	308.7	308700	1.2999878	1299	""osoba1""
""osoba3""		309.90002	309900	316.5	316500	7.5999756	7599	""osoba3""
""osoba3""		312.30002	312300	316.5	316500	5.1999817	5199	""osoba3""
""osoba2""		312.90002	312900	313.2	313200	1.2999878	1299	""osoba2""
""osoba3""		315.30002	315300	316.5	316500	2.1999817	2199	""osoba3""
""osoba3""		316.2	316200	316.5	316500	1.2999878	1299	""osoba3""
""osoba4""		317.1	317100	317.1	317100	1.0	1000	""osoba4""
""osoba2""		317.40002	317400	328.80002	328800	12.399994	12399	""osoba2""
""osoba4""		319.2	319200	322.2	322200	4.0	4000	""osoba4""
""osoba2""		321.0	321000	328.80002	328800	8.800018	8800	""osoba2""
""osoba4""		321.6	321600	322.2	322200	1.6000061	1600	""osoba4""
""osoba2""		324.90002	324900	328.80002	328800	4.899994	4899	""osoba2""
""osoba4""		324.90002	324900	324.90002	324900	1.0	1000	""osoba4""
""osoba4""		327.90002	327900	330.90002	330900	4.0	4000	""osoba4""
""osoba3""		329.40002	329400	329.40002	329400	1.0	1000	""osoba3""
""osoba4""		329.7	329700	330.90002	330900	2.2000122	2200	""osoba4""
""osoba2""		330.90002	330900	362.7	362700	32.799988	32799	""osoba2""
""osoba2""		334.5	334500	362.7	362700	29.200012	29200	""osoba2""
""osoba4""		335.1	335100	335.40002	335400	1.3000183	1300	""osoba4""
""osoba2""		336.30002	336300	362.7	362700	27.399994	27399	""osoba2""
""osoba2""		336.90002	336900	362.7	362700	26.799988	26799	""osoba2""
""osoba2""		338.40002	338400	362.7	362700	25.299988	25299	""osoba2""
""osoba2""		341.7	341700	362.7	362700	22.0	22000	""osoba2""
""osoba2""		342.30002	342300	362.7	362700	21.399994	21399	""osoba2""
""osoba2""		343.5	343500	362.7	362700	20.200012	20200	""osoba2""
""osoba2""		345.6	345600	362.7	362700	18.100006	18100	""osoba2""
""osoba2""		347.7	347700	362.7	362700	16.0	16000	""osoba2""
""osoba3""		348.90002	348900	350.1	350100	2.1999817	2199	""osoba3""
""osoba2""		357.90002	357900	362.7	362700	5.799988	5799	""osoba2""
""osoba2""		358.5	358500	362.7	362700	5.200012	5200	""osoba2""
""osoba2""		359.40002	359400	362.7	362700	4.299988	4299	""osoba2""
""osoba2""		362.40002	362400	362.7	362700	1.2999878	1299	""osoba2""
""osoba1""		362.7	362700	373.80002	373800	12.100006	12100	""osoba1""
""osoba1""		365.1	365100	373.80002	373800	9.700012	9700	""osoba1""
""osoba2""		369.30002	369300	369.30002	369300	1.0	1000	""osoba2""
""osoba2""		372.90002	372900	376.5	376500	4.5999756	4599	""osoba2""
""osoba4""		375.30002	375300	401.1	401100	26.799988	26799	""osoba4""
""osoba4""		379.2	379200	401.1	401100	22.899994	22899	""osoba4""
""osoba4""		379.80002	379800	401.1	401100	22.299988	22299	""osoba4""
""osoba3""		381.0	381000	381.6	381600	1.6000061	1600	""osoba3""
""osoba2""		381.6	381600	383.1	383100	2.5	2500	""osoba2""
""osoba4""		384.90002	384900	401.1	401100	17.199982	17199	""osoba4""
""osoba4""		385.50003	385500	401.1	401100	16.599976	16599	""osoba4""
""osoba4""		386.7	386700	401.1	401100	15.399994	15399	""osoba4""
""osoba4""		388.80002	388800	401.1	401100	13.299988	13299	""osoba4""
""osoba4""		390.30002	390300	401.1	401100	11.799988	11799	""osoba4""
""osoba4""		395.1	395100	401.1	401100	7.0	7000	""osoba4""
""osoba4""		399.00003	399000	401.1	401100	3.0999756	3099	""osoba4""
""osoba2""		399.90002	399900	402.30002	402300	3.399994	3399	""osoba2""
""osoba1""		401.40002	401400	421.80002	421800	21.399994	21399	""osoba1""
""osoba2""		401.40002	401400	402.30002	402300	1.8999939	1899	""osoba2""
""osoba1""		408.30002	408300	421.80002	421800	14.5	14500	""osoba1""
""osoba1""		409.50003	409500	421.80002	421800	13.299988	13299	""osoba1""
""osoba1""		410.40002	410400	421.80002	421800	12.399994	12399	""osoba1""
""osoba1""		412.80002	412800	421.80002	421800	10.0	10000	""osoba1""
""osoba1""		413.40002	413400	421.80002	421800	9.399994	9399	""osoba1""
""osoba2""		413.7	413700	414.00003	414000	1.3000183	1300	""osoba2""
""osoba1""		414.90002	414900	421.80002	421800	7.899994	7899	""osoba1""
""osoba2""		418.50003	418500	418.50003	418500	1.0	1000	""osoba2""
""osoba1""		419.7	419700	421.80002	421800	3.100006	3100	""osoba1""
""osoba4""		421.2	421200	428.7	428700	8.5	8500	""osoba4""
""osoba2""		423.90002	423900	424.2	424200	1.2999878	1299	""osoba2""
""osoba4""		425.7	425700	428.7	428700	4.0	4000	""osoba4""
""osoba2""		426.30002	426300	426.30002	426300	1.0	1000	""osoba2""
""osoba4""		427.50003	427500	428.7	428700	2.1999817	2199	""osoba4""
""osoba3""		428.40002	428400	429.6	429600	2.1999817	2199	""osoba3""
""osoba1""		428.7	428700	430.80002	430800	3.100006	3100	""osoba1""
""osoba2""		429.00003	429000	440.40002	440400	12.399994	12399	""osoba2""
""osoba2""		431.7	431700	440.40002	440400	9.700012	9700	""osoba2""
""osoba2""		433.80002	433800	440.40002	440400	7.600006	7600	""osoba2""
""osoba2""		435.00003	435000	440.40002	440400	6.399994	6399	""osoba2""
""osoba2""		435.6	435600	440.40002	440400	5.8000183	5800	""osoba2""
""osoba2""		438.00003	438000	440.40002	440400	3.399994	3399	""osoba2""
""osoba2""		439.2	439200	440.40002	440400	2.2000122	2200	""osoba2""
""osoba3""		440.1	440100	449.7	449700	10.600006	10600	""osoba3""
""osoba3""		441.6	441600	449.7	449700	9.100006	9100	""osoba3""
""osoba3""		442.80002	442800	449.7	449700	7.899994	7899	""osoba3""
""osoba3""		447.90002	447900	449.7	449700	2.7999878	2799	""osoba3""
""osoba3""		449.1	449100	449.7	449700	1.6000061	1600	""osoba3""
""osoba1""		449.40002	449400	474.00003	474000	25.600006	25600	""osoba1""
""osoba1""		452.7	452700	474.00003	474000	22.300018	22300	""osoba1""
""osoba3""		453.90002	453900	454.80002	454800	1.8999939	1899	""osoba3""
""osoba1""		457.80002	457800	474.00003	474000	17.200012	17200	""osoba1""
""osoba1""		458.7	458700	474.00003	474000	16.300018	16300	""osoba1""
""osoba1""		459.90002	459900	474.00003	474000	15.100006	15100	""osoba1""
""osoba1""		460.80002	460800	474.00003	474000	14.200012	14200	""osoba1""
""osoba1""		462.90002	462900	474.00003	474000	12.100006	12100	""osoba1""
""osoba1""		466.2	466200	474.00003	474000	8.800018	8800	""osoba1""
""osoba1""		469.50003	469500	474.00003	474000	5.5	5500	""osoba1""
""osoba2""		469.50003	469500	471.6	471600	3.0999756	3099	""osoba2""
""osoba3""		471.6	471600	477.30002	477300	6.700012	6700	""osoba3""
""osoba1""		472.80002	472800	474.00003	474000	2.2000122	2200	""osoba1""
""osoba3""		473.7	473700	477.30002	477300	4.600006	4600	""osoba3""
""osoba2""		474.90002	474900	474.90002	474900	1.0	1000	""osoba2""
""osoba3""		475.2	475200	477.30002	477300	3.100006	3100	""osoba3""
""osoba3""		475.80002	475800	477.30002	477300	2.5	2500	""osoba3""
""osoba4""		476.1	476100	493.50003	493500	18.400024	18400	""osoba4""
""osoba3""		476.40002	476400	477.30002	477300	1.8999939	1899	""osoba3""
""osoba3""		477.00003	477000	477.30002	477300	1.2999878	1299	""osoba3""
""osoba4""		478.80002	478800	493.50003	493500	15.700012	15700	""osoba4""
""osoba4""		480.00003	480000	493.50003	493500	14.5	14500	""osoba4""
""osoba4""		480.90002	480900	493.50003	493500	13.600006	13600	""osoba4""
""osoba4""		482.1	482100	493.50003	493500	12.400024	12400	""osoba4""
""osoba4""		484.2	484200	493.50003	493500	10.300018	10300	""osoba4""
""osoba4""		485.1	485100	493.50003	493500	9.400024	9400	""osoba4""
""osoba4""		485.7	485700	493.50003	493500	8.800018	8800	""osoba4""
""osoba4""		486.30002	486300	493.50003	493500	8.200012	8200	""osoba4""
""osoba4""		488.40002	488400	493.50003	493500	6.100006	6100	""osoba4""
""osoba2""		490.80002	490800	491.7	491700	1.8999939	1899	""osoba2""
""osoba4""		492.90002	492900	493.50003	493500	1.6000061	1600	""osoba4""
""osoba2""		493.80002	493800	510.90002	510900	18.100006	18100	""osoba2""
""osoba2""		497.1	497100	510.90002	510900	14.800018	14800	""osoba2""
""osoba2""		497.7	497700	510.90002	510900	14.200012	14200	""osoba2""
""osoba2""		498.90002	498900	510.90002	510900	13.0	13000	""osoba2""
""osoba1""		499.2	499200	499.80002	499800	1.6000061	1600	""osoba1""
""osoba2""		501.30002	501300	510.90002	510900	10.600006	10600	""osoba2""
""osoba2""		502.50003	502500	510.90002	510900	9.399994	9399	""osoba2""
""osoba2""		503.40002	503400	510.90002	510900	8.5	8500	""osoba2""
""osoba2""		504.30002	504300	510.90002	510900	7.600006	7600	""osoba2""
""osoba2""		504.90002	504900	510.90002	510900	7.0	7000	""osoba2""
""osoba3""		510.90002	510900	538.5	538500	28.599976	28599	""osoba3""
""osoba1""		514.2	514200	515.4	515400	2.2000122	2200	""osoba1""
""osoba3""		516.30005	516300	538.5	538500	23.199951	23199	""osoba3""
""osoba2""		518.10004	518100	519.60004	519600	2.5	2500	""osoba2""
""osoba2""		519.30005	519300	519.60004	519600	1.2999878	1299	""osoba2""
""osoba3""		519.9	519900	538.5	538500	19.599976	19599	""osoba3""
""osoba3""		522.60004	522600	538.5	538500	16.899963	16899	""osoba3""
""osoba3""		523.2	523200	538.5	538500	16.299988	16299	""osoba3""
""osoba3""		524.7	524700	538.5	538500	14.799988	14799	""osoba3""
""osoba3""		526.80005	526800	538.5	538500	12.699951	12699	""osoba3""
""osoba3""		528.30005	528300	538.5	538500	11.199951	11199	""osoba3""
""osoba3""		529.5	529500	538.5	538500	10.0	10000	""osoba3""
""osoba3""		530.7	530700	538.5	538500	8.799988	8799	""osoba3""
""osoba3""		531.60004	531600	538.5	538500	7.8999634	7899	""osoba3""
""osoba3""		532.5	532500	538.5	538500	7.0	7000	""osoba3""
""osoba3""		533.4	533400	538.5	538500	6.0999756	6099	""osoba3""
""osoba3""		535.2	535200	538.5	538500	4.299988	4299	""osoba3""
""osoba3""		536.4	536400	538.5	538500	3.0999756	3099	""osoba3""
""osoba1""		538.80005	538800	540.60004	540600	2.7999878	2799	""osoba1""
""osoba2""		539.4	539400	548.7	548700	10.299988	10299	""osoba2""
""osoba1""		539.7	539700	540.60004	540600	1.9000244	1900	""osoba1""
""osoba2""		540.60004	540600	548.7	548700	9.099976	9099	""osoba2""
""osoba2""		543.30005	543300	548.7	548700	6.3999634	6399	""osoba2""
""osoba2""		546.60004	546600	548.7	548700	3.0999756	3099	""osoba2""
""osoba3""		546.9	546900	556.2	556200	10.299988	10299	""osoba3""
""osoba3""		548.4	548400	556.2	556200	8.799988	8799	""osoba3""
""osoba2""		548.7	548700	548.7	548700	1.0	1000	""osoba2""
""osoba3""		549.30005	549300	556.2	556200	7.8999634	7899	""osoba3""
""osoba3""		549.9	549900	556.2	556200	7.299988	7299	""osoba3""
""osoba3""		551.7	551700	556.2	556200	5.5	5500	""osoba3""
""osoba3""		552.30005	552300	556.2	556200	4.8999634	4899	""osoba3""
""osoba3""		552.9	552900	556.2	556200	4.299988	4299	""osoba3""
""osoba4""		556.5	556500	567.9	567900	12.400024	12400	""osoba4""
""osoba4""		558.0	558000	567.9	567900	10.900024	10900	""osoba4""
""osoba4""		560.10004	560100	567.9	567900	8.799988	8799	""osoba4""
""osoba4""		562.5	562500	567.9	567900	6.4000244	6400	""osoba4""
""osoba4""		565.2	565200	567.9	567900	3.7000122	3700	""osoba4""
""osoba3""		565.5	565500	569.10004	569100	4.6000366	4600	""osoba3""
""osoba3""		566.4	566400	569.10004	569100	3.7000122	3700	""osoba3""
""osoba4""		567.0	567000	567.9	567900	1.9000244	1900	""osoba4""
""osoba1""		569.7	569700	570.0	570000	1.2999878	1299	""osoba1""
""osoba3""		571.2	571200	574.2	574200	4.0	4000	""osoba3""
""osoba3""		571.80005	571800	574.2	574200	3.3999634	3399	""osoba3""
""osoba3""		573.0	573000	574.2	574200	2.2000122	2200	""osoba3""
""osoba4""		573.0	573000	582.0	582000	10.0	10000	""osoba4""
""osoba2""		573.9	573900	575.4	575400	2.5	2500	""osoba2""
""osoba2""		575.10004	575100	575.4	575400	1.2999878	1299	""osoba2""
""osoba4""		576.30005	576300	582.0	582000	6.699951	6699	""osoba4""
""osoba4""		578.7	578700	582.0	582000	4.299988	4299	""osoba4""
""osoba4""		579.9	579900	582.0	582000	3.0999756	3099	""osoba4""
""osoba1""		581.4	581400	595.2	595200	14.799988	14799	""osoba1""
""osoba4""		582.0	582000	582.0	582000	1.0	1000	""osoba4""
""osoba1""		583.5	583500	595.2	595200	12.700012	12700	""osoba1""
""osoba1""		584.10004	584100	595.2	595200	12.099976	12099	""osoba1""
""osoba1""		585.30005	585300	595.2	595200	10.899963	10899	""osoba1""
""osoba1""		587.10004	587100	595.2	595200	9.099976	9099	""osoba1""
""osoba2""		587.7	587700	588.60004	588600	1.9000244	1900	""osoba2""
""osoba1""		590.10004	590100	595.2	595200	6.0999756	6099	""osoba1""
""osoba1""		592.2	592200	595.2	595200	4.0	4000	""osoba1""
""osoba1""		592.80005	592800	595.2	595200	3.3999634	3399	""osoba1""
""osoba4""		593.10004	593100	593.10004	593100	1.0	1000	""osoba4""
""osoba1""		593.7	593700	595.2	595200	2.5	2500	""osoba1""
""osoba1""		594.60004	594600	595.2	595200	1.5999756	1599	""osoba1""
""osoba4""		595.2	595200	595.5	595500	1.2999878	1299	""osoba4""
""osoba2""		595.80005	595800	613.80005	613800	19.0	19000	""osoba2""
""osoba2""		597.9	597900	613.80005	613800	16.900024	16900	""osoba2""
""osoba2""		599.7	599700	613.80005	613800	15.100037	15100	""osoba2""
""osoba2""		601.80005	601800	613.80005	613800	13.0	13000	""osoba2""
""osoba2""		602.4	602400	613.80005	613800	12.400024	12400	""osoba2""
""osoba2""		603.0	603000	613.80005	613800	11.800049	11800	""osoba2""
""osoba4""		603.0	603000	604.2	604200	2.2000122	2200	""osoba4""
""osoba2""		605.7	605700	613.80005	613800	9.100037	9100	""osoba2""
""osoba3""		606.0	606000	606.0	606000	1.0	1000	""osoba3""
""osoba2""		608.10004	608100	613.80005	613800	6.700012	6700	""osoba2""
""osoba2""		609.60004	609600	613.80005	613800	5.200012	5200	""osoba2""
""osoba2""		611.4	611400	613.80005	613800	3.4000244	3400	""osoba2""
""osoba1""		612.9	612900	618.9	618900	7.0	7000	""osoba1""
""osoba2""		613.80005	613800	613.80005	613800	1.0	1000	""osoba2""
""osoba1""		614.4	614400	618.9	618900	5.5	5500	""osoba1""
""osoba1""		615.9	615900	618.9	618900	4.0	4000	""osoba1""
""osoba4""		615.9	615900	617.7	617700	2.7999878	2799	""osoba4""
""osoba3""		618.60004	618600	635.10004	635100	17.5	17500	""osoba3""
""osoba3""		619.5	619500	635.10004	635100	16.600037	16600	""osoba3""
""osoba3""		622.80005	622800	635.10004	635100	13.299988	13299	""osoba3""
""osoba1""		624.30005	624300	624.9	624900	1.5999756	1599	""osoba1""
""osoba3""		629.7	629700	635.10004	635100	6.4000244	6400	""osoba3""
""osoba3""		630.30005	630300	635.10004	635100	5.799988	5799	""osoba3""
""osoba2""		631.5	631500	651.0	651000	20.5	20500	""osoba2""
""osoba3""		633.9	633900	635.10004	635100	2.2000122	2200	""osoba3""
""osoba3""		634.5	634500	635.10004	635100	1.6000366	1600	""osoba3""
""osoba2""		635.7	635700	651.0	651000	16.299988	16299	""osoba2""
""osoba4""		637.2	637200	637.2	637200	1.0	1000	""osoba4""
""osoba2""		639.60004	639600	651.0	651000	12.399963	12399	""osoba2""
""osoba4""		639.60004	639600	640.5	640500	1.8999634	1899	""osoba4""
""osoba2""		642.0	642000	651.0	651000	10.0	10000	""osoba2""
""osoba2""		642.9	642900	651.0	651000	9.099976	9099	""osoba2""
""osoba3""		643.2	643200	645.30005	645300	3.1000366	3100	""osoba3""
""osoba2""		644.10004	644100	651.0	651000	7.8999634	7899	""osoba2""
""osoba2""		649.2	649200	651.0	651000	2.7999878	2799	""osoba2""
""osoba2""		650.4	650400	651.0	651000	1.5999756	1599	""osoba2""
""osoba3""		652.2	652200	663.30005	663300	12.100037	12100	""osoba3""
""osoba2""		654.0	654000	654.9	654900	1.9000244	1900	""osoba2""
""osoba1""		662.10004	662100	685.2	685200	24.099976	24099	""osoba1""
""osoba1""		664.2	664200	685.2	685200	22.0	22000	""osoba1""
""osoba2""		664.5	664500	665.4	665400	1.9000244	1900	""osoba2""
""osoba1""		664.80005	664800	685.2	685200	21.399963	21399	""osoba1""
""osoba1""		666.60004	666600	685.2	685200	19.599976	19599	""osoba1""
""osoba1""		668.7	668700	685.2	685200	17.5	17500	""osoba1""
""osoba1""		669.60004	669600	685.2	685200	16.599976	16599	""osoba1""
""osoba1""		673.5	673500	685.2	685200	12.700012	12700	""osoba1""
""osoba1""		675.60004	675600	685.2	685200	10.599976	10599	""osoba1""
""osoba1""		676.2	676200	685.2	685200	10.0	10000	""osoba1""
""osoba1""		676.80005	676800	685.2	685200	9.399963	9399	""osoba1""
""osoba1""		678.60004	678600	685.2	685200	7.5999756	7599	""osoba1""
""osoba1""		680.4	680400	685.2	685200	5.799988	5799	""osoba1""
""osoba1""		681.60004	681600	685.2	685200	4.5999756	4599	""osoba1""
""osoba1""		683.4	683400	685.2	685200	2.7999878	2799	""osoba1""
""osoba1""		684.0	684000	685.2	685200	2.2000122	2200	""osoba1""
""osoba1""		684.9	684900	685.2	685200	1.2999878	1299	""osoba1""
""osoba4""		684.9	684900	698.10004	698100	14.200012	14200	""osoba4""
""osoba4""		687.30005	687300	698.10004	698100	11.799988	11799	""osoba4""
""osoba4""		690.0	690000	698.10004	698100	9.100037	9100	""osoba4""
""osoba4""		690.60004	690600	698.10004	698100	8.5	8500	""osoba4""
""osoba3""		693.60004	693600	717.0	717000	24.399963	24399	""osoba3""
""osoba2""		696.60004	696600	696.60004	696600	1.0	1000	""osoba2""
""osoba3""		697.5	697500	717.0	717000	20.5	20500	""osoba3""
""osoba4""		697.80005	697800	698.10004	698100	1.2999878	1299	""osoba4""
""osoba3""		699.60004	699600	717.0	717000	18.399963	18399	""osoba3""
""osoba4""		703.5	703500	703.80005	703800	1.3000488	1300	""osoba4""
""osoba3""		706.5	706500	717.0	717000	11.5	11500	""osoba3""
""osoba3""		707.4	707400	717.0	717000	10.599976	10599	""osoba3""
""osoba4""		708.0	708000	708.30005	708300	1.3000488	1300	""osoba4""
""osoba1""		708.9	708900	708.9	708900	1.0	1000	""osoba1""
""osoba2""		709.5	709500	711.0	711000	2.5	2500	""osoba2""
""osoba3""		711.0	711000	717.0	717000	7.0	7000	""osoba3""
""osoba3""		712.2	712200	717.0	717000	5.799988	5799	""osoba3""
""osoba2""		713.7	713700	714.0	714000	1.2999878	1299	""osoba2""
""osoba3""		714.60004	714600	717.0	717000	3.3999634	3399	""osoba3""
""osoba3""		715.5	715500	717.0	717000	2.5	2500	""osoba3""
""osoba3""		716.4	716400	717.0	717000	1.5999756	1599	""osoba3""
""osoba3""		717.0	717000	717.0	717000	1.0	1000	""osoba3""
""osoba1""		717.60004	717600	719.4	719400	2.7999878	2799	""osoba1""
""osoba2""		718.80005	718800	727.5	727500	9.699951	9699	""osoba2""
""osoba1""		723.60004	723600	724.2	724200	1.5999756	1599	""osoba1""
""osoba4""		723.9	723900	725.10004	725100	2.2000122	2200	""osoba4""
""osoba2""		725.10004	725100	727.5	727500	3.3999634	3399	""osoba2""
""osoba4""		725.10004	725100	725.10004	725100	1.0	1000	""osoba4""
""osoba2""		726.9	726900	727.5	727500	1.5999756	1599	""osoba2""
""osoba1""		727.5	727500	769.50006	769500	43.00006	43000	""osoba1""
""osoba2""		727.5	727500	727.5	727500	1.0	1000	""osoba2""
""osoba1""		729.30005	729300	769.50006	769500	41.200012	41200	""osoba1""
""osoba1""		729.9	729900	769.50006	769500	40.600037	40600	""osoba1""
""osoba2""		732.0	732000	732.0	732000	1.0	1000	""osoba2""
""osoba1""		733.80005	733800	769.50006	769500	36.700012	36700	""osoba1""
""osoba1""		736.80005	736800	769.50006	769500	33.700012	33700	""osoba1""
""osoba1""		737.7	737700	769.50006	769500	32.80005	32800	""osoba1""
""osoba1""		739.5	739500	769.50006	769500	31.000061	31000	""osoba1""
""osoba1""		741.30005	741300	769.50006	769500	29.200012	29200	""osoba1""
""osoba1""		742.5	742500	769.50006	769500	28.000061	28000	""osoba1""
""osoba1""		744.0	744000	769.50006	769500	26.500061	26500	""osoba1""
""osoba1""		744.60004	744600	769.50006	769500	25.900024	25900	""osoba1""
""osoba1""		745.80005	745800	769.50006	769500	24.700012	24700	""osoba1""
""osoba4""		745.80005	745800	745.80005	745800	1.0	1000	""osoba4""
""osoba1""		748.2	748200	769.50006	769500	22.300049	22300	""osoba1""
""osoba1""		751.5	751500	769.50006	769500	19.000061	19000	""osoba1""
""osoba1""		754.5	754500	769.50006	769500	16.000061	16000	""osoba1""
""osoba1""		755.10004	755100	769.50006	769500	15.400024	15400	""osoba1""
""osoba4""		755.7	755700	756.0	756000	1.2999878	1299	""osoba4""
""osoba1""		757.2	757200	769.50006	769500	13.300049	13300	""osoba1""
""osoba1""		758.10004	758100	769.50006	769500	12.400024	12400	""osoba1""
""osoba1""		759.0	759000	769.50006	769500	11.500061	11500	""osoba1""
""osoba1""		762.0	762000	769.50006	769500	8.500061	8500	""osoba1""
""osoba1""		763.5	763500	769.50006	769500	7.000061	7000	""osoba1""
""osoba1""		764.10004	764100	769.50006	769500	6.4000244	6400	""osoba1""
""osoba1""		765.60004	765600	769.50006	769500	4.9000244	4900	""osoba1""
""osoba2""		766.80005	766800	771.30005	771300	5.5	5500	""osoba2""
""osoba2""		768.9	768900	771.30005	771300	3.4000244	3400	""osoba2""
""osoba1""		769.2	769200	769.50006	769500	1.3000488	1300	""osoba1""
""osoba2""		771.00006	771000	771.30005	771300	1.2999878	1299	""osoba2""
""osoba4""		771.30005	771300	777.60004	777600	7.299988	7299	""osoba4""
""osoba2""		773.4	773400	783.9	783900	11.5	11500	""osoba2""
""osoba2""		774.00006	774000	783.9	783900	10.899963	10899	""osoba2""
""osoba4""		774.30005	774300	777.60004	777600	4.299988	4299	""osoba4""
""osoba3""		776.10004	776100	776.10004	776100	1.0	1000	""osoba3""
""osoba2""		782.4	782400	783.9	783900	2.5	2500	""osoba2""
""osoba1""		783.9	783900	801.60004	801600	18.700012	18700	""osoba1""
""osoba3""		784.2	784200	784.2	784200	1.0	1000	""osoba3""
""osoba1""		785.10004	785100	801.60004	801600	17.5	17500	""osoba1""
""osoba1""		786.30005	786300	801.60004	801600	16.299988	16299	""osoba1""
""osoba1""		788.7	788700	801.60004	801600	13.900024	13900	""osoba1""
""osoba2""		789.60004	789600	790.80005	790800	2.2000122	2200	""osoba2""
""osoba1""		790.80005	790800	801.60004	801600	11.799988	11799	""osoba1""
""osoba3""		791.7	791700	792.30005	792300	1.6000366	1600	""osoba3""
""osoba4""		795.00006	795000	795.30005	795300	1.2999878	1299	""osoba4""
""osoba1""		795.30005	795300	801.60004	801600	7.299988	7299	""osoba1""
""osoba3""		796.50006	796500	796.50006	796500	1.0	1000	""osoba3""
""osoba4""		798.9	798900	804.9	804900	7.0	7000	""osoba4""
""osoba4""		802.50006	802500	804.9	804900	3.3999634	3399	""osoba4""
""osoba3""		803.4	803400	808.2	808200	5.799988	5799	""osoba3""
""osoba3""		805.80005	805800	808.2	808200	3.3999634	3399	""osoba3""
""osoba2""		806.4	806400	826.80005	826800	21.400024	21400	""osoba2""
""osoba3""		807.00006	807000	808.2	808200	2.1999512	2199	""osoba3""
""osoba2""		809.7	809700	826.80005	826800	18.100037	18100	""osoba2""
""osoba2""		811.50006	811500	826.80005	826800	16.299988	16299	""osoba2""
""osoba2""		812.10004	812100	826.80005	826800	15.700012	15700	""osoba2""
""osoba2""		813.9	813900	826.80005	826800	13.900024	13900	""osoba2""
""osoba2""		814.50006	814500	826.80005	826800	13.299988	13299	""osoba2""
""osoba2""		815.4	815400	826.80005	826800	12.400024	12400	""osoba2""
""osoba3""		818.4	818400	818.4	818400	1.0	1000	""osoba3""
""osoba2""		822.9	822900	826.80005	826800	4.9000244	4900	""osoba2""
""osoba2""		824.4	824400	826.80005	826800	3.4000244	3400	""osoba2""
""osoba2""		825.60004	825600	826.80005	826800	2.2000122	2200	""osoba2""
""osoba3""		826.80005	826800	835.50006	835500	9.700012	9700	""osoba3""
""osoba3""		828.00006	828000	835.50006	835500	8.5	8500	""osoba3""
""osoba3""		829.2	829200	835.50006	835500	7.300049	7300	""osoba3""
""osoba3""		831.00006	831000	835.50006	835500	5.5	5500	""osoba3""
""osoba4""		834.00006	834000	834.60004	834600	1.5999756	1599	""osoba4""
""osoba1""		834.60004	834600	839.4	839400	5.799988	5799	""osoba1""
""osoba1""		836.10004	836100	839.4	839400	4.299988	4299	""osoba1""
""osoba3""		838.80005	838800	843.00006	843000	5.200012	5200	""osoba3""
""osoba3""		839.7	839700	843.00006	843000	4.300049	4300	""osoba3""
""osoba3""		840.30005	840300	843.00006	843000	3.7000122	3700	""osoba3""
""osoba3""		842.10004	842100	843.00006	843000	1.9000244	1900	""osoba3""
""osoba1""		843.9	843900	845.10004	845100	2.2000122	2200	""osoba1""
""osoba1""		844.80005	844800	845.10004	845100	1.2999878	1299	""osoba1""
""osoba3""		845.4	845400	849.9	849900	5.5	5500	""osoba3""
""osoba4""		845.4	845400	845.4	845400	1.0	1000	""osoba4""
""osoba3""		846.00006	846000	849.9	849900	4.8999634	4899	""osoba3""
""osoba3""		846.60004	846600	849.9	849900	4.299988	4299	""osoba3""
""osoba2""		847.50006	847500	868.50006	868500	22.0	22000	""osoba2""
""osoba2""		849.30005	849300	868.50006	868500	20.200012	20200	""osoba2""
""osoba3""		849.60004	849600	849.9	849900	1.2999878	1299	""osoba3""
""osoba2""		850.80005	850800	868.50006	868500	18.700012	18700	""osoba2""
""osoba2""		853.2	853200	868.50006	868500	16.300049	16300	""osoba2""
""osoba2""		854.10004	854100	868.50006	868500	15.400024	15400	""osoba2""
""osoba4""		855.00006	855000	858.00006	858000	4.0	4000	""osoba4""
""osoba4""		860.10004	860100	861.30005	861300	2.2000122	2200	""osoba4""
""osoba2""		861.30005	861300	868.50006	868500	8.200012	8200	""osoba2""
""osoba2""		864.00006	864000	868.50006	868500	5.5	5500	""osoba2""
""osoba1""		864.60004	864600	874.50006	874500	10.900024	10900	""osoba1""
""osoba1""		870.30005	870300	874.50006	874500	5.200012	5200	""osoba1""
""osoba1""		871.80005	871800	874.50006	874500	3.7000122	3700	""osoba1""
""osoba1""		873.00006	873000	874.50006	874500	2.5	2500	""osoba1""
""osoba1""		873.9	873900	874.50006	874500	1.6000366	1600	""osoba1""
""osoba3""		874.80005	874800	890.4	890400	16.599976	16599	""osoba3""
""osoba3""		878.10004	878100	890.4	890400	13.299988	13299	""osoba3""
""osoba3""		878.7	878700	890.4	890400	12.700012	12700	""osoba3""
""osoba4""		880.2	880200	881.10004	881100	1.9000244	1900	""osoba4""
""osoba3""		881.10004	881100	890.4	890400	10.299988	10299	""osoba3""
""osoba4""		881.10004	881100	881.10004	881100	1.0	1000	""osoba4""
""osoba3""		883.2	883200	890.4	890400	8.200012	8200	""osoba3""
""osoba3""		886.80005	886800	890.4	890400	4.5999756	4599	""osoba3""
""osoba2""		890.4	890400	915.9	915900	26.5	26500	""osoba2""
""osoba3""		890.4	890400	890.4	890400	1.0	1000	""osoba3""
""osoba2""		892.2	892200	915.9	915900	24.700012	24700	""osoba2""
""osoba2""		895.50006	895500	915.9	915900	21.399963	21399	""osoba2""
""osoba4""		899.10004	899100	899.7	899700	1.5999756	1599	""osoba4""
""osoba2""		902.7	902700	915.9	915900	14.200012	14200	""osoba2""
""osoba2""		903.9	903900	915.9	915900	13.0	13000	""osoba2""
""osoba2""		904.50006	904500	915.9	915900	12.399963	12399	""osoba2""
""osoba2""		905.10004	905100	915.9	915900	11.799988	11799	""osoba2""
""osoba2""		905.7	905700	915.9	915900	11.200012	11200	""osoba2""
""osoba2""		908.4	908400	915.9	915900	8.5	8500	""osoba2""
""osoba2""		909.9	909900	915.9	915900	7.0	7000	""osoba2""
""osoba3""		911.7	911700	911.7	911700	1.0	1000	""osoba3""
""osoba2""		912.60004	912600	915.9	915900	4.299988	4299	""osoba2""
""osoba2""		913.2	913200	915.9	915900	3.7000122	3700	""osoba2""
""osoba4""		915.00006	915000	927.00006	927000	13.0	13000	""osoba4""
""osoba4""		916.80005	916800	927.00006	927000	11.200012	11200	""osoba4""
""osoba4""		917.7	917700	927.00006	927000	10.300049	10300	""osoba4""
""osoba4""		919.80005	919800	927.00006	927000	8.200012	8200	""osoba4""
""osoba4""		921.30005	921300	927.00006	927000	6.700012	6700	""osoba4""
""osoba4""		923.4	923400	927.00006	927000	4.6000366	4600	""osoba4""
""osoba4""		927.00006	927000	927.00006	927000	1.0	1000	""osoba4""
""osoba3""		927.30005	927300	944.10004	944100	17.799988	17799	""osoba3""
""osoba3""		930.60004	930600	944.10004	944100	14.5	14500	""osoba3""
""osoba3""		931.2	931200	944.10004	944100	13.900024	13900	""osoba3""
""osoba1""		933.9	933900	935.10004	935100	2.2000122	2200	""osoba1""
""osoba3""		935.10004	935100	944.10004	944100	10.0	10000	""osoba3""
""osoba3""		936.60004	936600	944.10004	944100	8.5	8500	""osoba3""
""osoba3""		938.4	938400	944.10004	944100	6.700012	6700	""osoba3""
""osoba3""		939.00006	939000	944.10004	944100	6.0999756	6099	""osoba3""
""osoba3""		939.9	939900	944.10004	944100	5.200012	5200	""osoba3""
""osoba3""		940.50006	940500	944.10004	944100	4.5999756	4599	""osoba3""
""osoba3""		942.00006	942000	944.10004	944100	3.0999756	3099	""osoba3""
""osoba3""		942.60004	942600	944.10004	944100	2.5	2500	""osoba3""
""osoba1""		942.9	942900	942.9	942900	1.0	1000	""osoba1""
""osoba2""		943.80005	943800	948.30005	948300	5.5	5500	""osoba2""
""osoba2""		946.50006	946500	948.30005	948300	2.7999878	2799	""osoba2""
""osoba4""		947.7	947700	969.60004	969600	22.900024	22900	""osoba4""
""osoba3""		948.30005	948300	948.30005	948300	1.0	1000	""osoba3""
""osoba4""		953.7	953700	969.60004	969600	16.900024	16900	""osoba4""
""osoba4""		955.80005	955800	969.60004	969600	14.799988	14799	""osoba4""
""osoba4""		958.80005	958800	969.60004	969600	11.799988	11799	""osoba4""
""osoba4""		959.7	959700	969.60004	969600	10.900024	10900	""osoba4""
""osoba4""		960.30005	960300	969.60004	969600	10.299988	10299	""osoba4""
""osoba4""		961.2	961200	969.60004	969600	9.400024	9400	""osoba4""
""osoba4""		962.4	962400	969.60004	969600	8.200012	8200	""osoba4""
""osoba4""		966.00006	966000	969.60004	969600	4.5999756	4599	""osoba4""
""osoba2""		969.60004	969600	984.60004	984600	16.0	16000	""osoba2""
""osoba4""		969.60004	969600	969.60004	969600	1.0	1000	""osoba4""
""osoba2""		973.2	973200	984.60004	984600	12.400024	12400	""osoba2""
""osoba2""		974.4	974400	984.60004	984600	11.200012	11200	""osoba2""
""osoba3""		975.60004	975600	976.2	976200	1.5999756	1599	""osoba3""
""osoba1""		977.10004	977100	977.4	977400	1.2999878	1299	""osoba1""
""osoba2""		978.30005	978300	984.60004	984600	7.299988	7299	""osoba2""
""osoba2""		979.50006	979500	984.60004	984600	6.0999756	6099	""osoba2""
""osoba4""		984.30005	984300	993.9	993900	10.599976	10599	""osoba4""
""osoba1""		984.60004	984600	989.10004	989100	5.5	5500	""osoba1""
""osoba4""		991.80005	991800	993.9	993900	3.0999756	3099	""osoba4""
""osoba2""		992.10004	992100	1000.2	1000200	9.099976	9099	""osoba2""
""osoba4""		993.00006	993000	993.9	993900	1.8999634	1899	""osoba4""
""osoba2""		996.00006	996000	1000.2	1000200	5.199951	5199	""osoba2""
""osoba2""		998.4	998400	1000.2	1000200	2.7999878	2799	""osoba2""
""osoba4""		999.00006	999000	1005.00006	1005000	7.0	7000	""osoba4""
""osoba4""		1001.7	1001700	1005.00006	1005000	4.300049	4300	""osoba4""
""osoba4""		1002.9	1002900	1005.00006	1005000	3.1000366	3100	""osoba4""
""osoba4""		1003.80005	1003800	1005.00006	1005000	2.2000122	2200	""osoba4""
""osoba4""		1004.7	1004700	1005.00006	1005000	1.3000488	1300	""osoba4""
""osoba2""		1005.30005	1005300	1020.9	1020900	16.599976	16599	""osoba2""
""osoba1""		1006.80005	1006800	1006.80005	1006800	1.0	1000	""osoba1""
""osoba2""		1007.10004	1007100	1020.9	1020900	14.799988	14799	""osoba2""
""osoba4""		1007.10004	1007100	1008.30005	1008300	2.2000122	2200	""osoba4""
""osoba2""		1010.10004	1010100	1020.9	1020900	11.799988	11799	""osoba2""
""osoba2""		1010.7	1010700	1020.9	1020900	11.200012	11200	""osoba2""
""osoba2""		1013.4	1013400	1020.9	1020900	8.5	8500	""osoba2""
""osoba2""		1014.30005	1014300	1020.9	1020900	7.5999756	7599	""osoba2""
""osoba2""		1016.7	1016700	1020.9	1020900	5.200012	5200	""osoba2""
""osoba2""		1019.7	1019700	1020.9	1020900	2.2000122	2200	""osoba2""
""osoba2""		1020.60004	1020600	1020.9	1020900	1.2999878	1299	""osoba2""
""osoba3""		1020.9	1020900	1063.5	1063500	43.599976	43599	""osoba3""
""osoba3""		1024.2001	1024200	1063.5	1063500	40.299927	40299	""osoba3""
""osoba3""		1025.4	1025400	1063.5	1063500	39.099976	39099	""osoba3""
""osoba3""		1026.6001	1026600	1063.5	1063500	37.899902	37899	""osoba3""
""osoba1""		1028.7001	1028700	1028.7001	1028700	1.0	1000	""osoba1""
""osoba3""		1029.0	1029000	1063.5	1063500	35.5	35500	""osoba3""
""osoba3""		1029.6001	1029600	1063.5	1063500	34.899902	34899	""osoba3""
""osoba2""		1030.8	1030800	1032.3	1032300	2.5	2500	""osoba2""
""osoba3""		1033.2001	1033200	1063.5	1063500	31.299927	31299	""osoba3""
""osoba3""		1033.8	1033800	1063.5	1063500	30.699951	30699	""osoba3""
""osoba3""		1035.0	1035000	1063.5	1063500	29.5	29500	""osoba3""
""osoba3""		1036.2001	1036200	1063.5	1063500	28.299927	28299	""osoba3""
""osoba3""		1037.7001	1037700	1063.5	1063500	26.799927	26799	""osoba3""
""osoba3""		1038.9	1038900	1063.5	1063500	25.599976	25599	""osoba3""
""osoba3""		1039.8	1039800	1063.5	1063500	24.699951	24699	""osoba3""
""osoba3""		1040.4	1040400	1063.5	1063500	24.099976	24099	""osoba3""
""osoba3""		1044.3	1044300	1063.5	1063500	20.199951	20199	""osoba3""
""osoba3""		1045.8	1045800	1063.5	1063500	18.699951	18699	""osoba3""
""osoba3""		1047.0	1047000	1063.5	1063500	17.5	17500	""osoba3""
""osoba3""		1047.6001	1047600	1063.5	1063500	16.899902	16899	""osoba3""
""osoba3""		1049.1001	1049100	1063.5	1063500	15.399902	15399	""osoba3""
""osoba3""		1052.1001	1052100	1063.5	1063500	12.399902	12399	""osoba3""
""osoba3""		1053.3	1053300	1063.5	1063500	11.199951	11199	""osoba3""
""osoba3""		1054.2001	1054200	1063.5	1063500	10.299927	10299	""osoba3""
""osoba3""		1057.2001	1057200	1063.5	1063500	7.2999268	7299	""osoba3""
""osoba3""		1059.0	1059000	1063.5	1063500	5.5	5500	""osoba3""
""osoba2""		1059.3	1059300	1060.2001	1060200	1.9000244	1900	""osoba2""
""osoba4""		1062.6001	1062600	1064.1001	1064100	2.5	2500	""osoba4""
""osoba1""		1064.7001	1064700	1066.5	1066500	2.7999268	2799	""osoba1""
""osoba2""		1065.6001	1065600	1094.1001	1094100	29.5	29500	""osoba2""
""osoba3""		1066.8	1066800	1066.8	1066800	1.0	1000	""osoba3""
""osoba2""		1068.3	1068300	1094.1001	1094100	26.800049	26800	""osoba2""
""osoba2""		1069.5	1069500	1094.1001	1094100	25.600098	25600	""osoba2""
""osoba2""		1070.4	1070400	1094.1001	1094100	24.700073	24700	""osoba2""
""osoba4""		1071.9	1071900	1073.4	1073400	2.5	2500	""osoba4""
""osoba3""		1072.8	1072800	1072.8	1072800	1.0	1000	""osoba3""
""osoba4""		1073.4	1073400	1073.4	1073400	1.0	1000	""osoba4""
""osoba1""		1074.0	1074000	1076.4	1076400	3.4000244	3400	""osoba1""
""osoba2""		1074.3	1074300	1094.1001	1094100	20.800049	20800	""osoba2""
""osoba3""		1076.7001	1076700	1076.7001	1076700	1.0	1000	""osoba3""
""osoba4""		1079.1001	1079100	1079.4	1079400	1.2999268	1299	""osoba4""
""osoba2""		1080.9	1080900	1094.1001	1094100	14.200073	14200	""osoba2""
""osoba2""		1083.0	1083000	1094.1001	1094100	12.100098	12100	""osoba2""
""osoba2""		1084.8	1084800	1094.1001	1094100	10.300049	10300	""osoba2""
""osoba2""		1086.3	1086300	1094.1001	1094100	8.800049	8800	""osoba2""
""osoba2""		1089.0	1089000	1094.1001	1094100	6.1000977	6100	""osoba2""
""osoba2""		1090.8	1090800	1094.1001	1094100	4.300049	4300	""osoba2""
""osoba2""		1091.4	1091400	1094.1001	1094100	3.7000732	3700	""osoba2""
""osoba1""		1093.2001	1093200	1110.6001	1110600	18.400024	18400	""osoba1""
""osoba1""		1095.0	1095000	1110.6001	1110600	16.600098	16600	""osoba1""
""osoba1""		1096.2001	1096200	1110.6001	1110600	15.400024	15400	""osoba1""
""osoba1""		1097.1001	1097100	1110.6001	1110600	14.5	14500	""osoba1""
""osoba1""		1098.3	1098300	1110.6001	1110600	13.300049	13300	""osoba1""
""osoba1""		1099.2001	1099200	1110.6001	1110600	12.400024	12400	""osoba1""
""osoba2""		1101.6001	1101600	1102.8	1102800	2.1999512	2199	""osoba2""
""osoba3""		1102.8	1102800	1102.8	1102800	1.0	1000	""osoba3""
""osoba1""		1104.0	1104000	1110.6001	1110600	7.6000977	7600	""osoba1""
""osoba1""		1105.2001	1105200	1110.6001	1110600	6.4000244	6400	""osoba1""
""osoba4""		1106.1001	1106100	1106.1001	1106100	1.0	1000	""osoba4""
""osoba1""		1106.4	1106400	1110.6001	1110600	5.2000732	5200	""osoba1""
""osoba1""		1107.6001	1107600	1110.6001	1110600	4.0	4000	""osoba1""
""osoba3""		1110.3	1110300	1114.5	1114500	5.199951	5199	""osoba3""
""osoba3""		1111.5	1111500	1114.5	1114500	4.0	4000	""osoba3""
""osoba3""		1113.9	1113900	1114.5	1114500	1.5999756	1599	""osoba3""
""osoba1""		1114.2001	1114200	1130.7001	1130700	17.5	17500	""osoba1""
""osoba3""		1114.5	1114500	1114.5	1114500	1.0	1000	""osoba3""
""osoba1""		1115.7001	1115700	1130.7001	1130700	16.0	16000	""osoba1""
""osoba1""		1116.9	1116900	1130.7001	1130700	14.800049	14800	""osoba1""
""osoba1""		1118.7001	1118700	1130.7001	1130700	13.0	13000	""osoba1""
""osoba4""		1124.1001	1124100	1125.9	1125900	2.7999268	2799	""osoba4""
""osoba1""		1127.7001	1127700	1130.7001	1130700	4.0	4000	""osoba1""
""osoba1""		1129.8	1129800	1130.7001	1130700	1.9000244	1900	""osoba1""
""osoba3""		1130.7001	1130700	1135.8	1135800	6.0999756	6099	""osoba3""
""osoba3""		1131.6001	1131600	1135.8	1135800	5.199951	5199	""osoba3""
""osoba3""		1132.5	1132500	1135.8	1135800	4.300049	4300	""osoba3""
""osoba3""		1133.7001	1133700	1135.8	1135800	3.0999756	3099	""osoba3""
""osoba1""		1135.2001	1135200	1145.7001	1145700	11.5	11500	""osoba1""
""osoba2""		1138.2001	1138200	1139.1001	1139100	1.9000244	1900	""osoba2""
""osoba1""		1140.3	1140300	1145.7001	1145700	6.4000244	6400	""osoba1""
""osoba1""		1144.2001	1144200	1145.7001	1145700	2.5	2500	""osoba1""
""osoba4""		1144.5	1144500	1159.5	1159500	16.0	16000	""osoba4""
""osoba4""		1146.6001	1146600	1159.5	1159500	13.899902	13899	""osoba4""
""osoba3""		1155.6001	1155600	1156.5	1156500	1.8999023	1899	""osoba3""
""osoba4""		1155.6001	1155600	1159.5	1159500	4.8999023	4899	""osoba4""
""osoba2""		1156.5	1156500	1158.3	1158300	2.8000488	2800	""osoba2""
""osoba4""		1158.0	1158000	1159.5	1159500	2.5	2500	""osoba4""
""osoba3""		1159.2001	1159200	1169.1001	1169100	10.900024	10900	""osoba3""
""osoba4""		1159.2001	1159200	1159.5	1159500	1.2999268	1299	""osoba4""
""osoba3""		1162.8	1162800	1169.1001	1169100	7.300049	7300	""osoba3""
""osoba3""		1163.7001	1163700	1169.1001	1169100	6.4000244	6400	""osoba3""
""osoba3""		1164.9	1164900	1169.1001	1169100	5.2000732	5200	""osoba3""
""osoba4""		1165.2001	1165200	1165.5	1165500	1.2999268	1299	""osoba4""
""osoba2""		1166.1001	1166100	1166.1001	1166100	1.0	1000	""osoba2""
""osoba3""		1167.3	1167300	1169.1001	1169100	2.8000488	2800	""osoba3""
""osoba3""		1168.2001	1168200	1169.1001	1169100	1.9000244	1900	""osoba3""
""osoba4""		1169.1001	1169100	1182.0	1182000	13.899902	13899	""osoba4""
""osoba4""		1173.9	1173900	1182.0	1182000	9.099976	9099	""osoba4""
""osoba2""		1178.7001	1178700	1179.9	1179900	2.1999512	2199	""osoba2""
""osoba4""		1178.7001	1178700	1182.0	1182000	4.2999268	4299	""osoba4""
""osoba2""		1182.0	1182000	1210.8	1210800	29.800049	29800	""osoba2""
""osoba4""		1182.0	1182000	1182.0	1182000	1.0	1000	""osoba4""
""osoba2""		1183.8	1183800	1210.8	1210800	28.0	28000	""osoba2""
""osoba2""		1184.4	1184400	1210.8	1210800	27.400024	27400	""osoba2""
""osoba3""		1184.7001	1184700	1185.9	1185900	2.1999512	2199	""osoba3""
""osoba2""		1187.1001	1187100	1210.8	1210800	24.699951	24699	""osoba2""
""osoba3""		1188.0	1188000	1190.1001	1190100	3.1000977	3100	""osoba3""
""osoba2""		1190.1001	1190100	1210.8	1210800	21.699951	21699	""osoba2""
""osoba2""		1191.6001	1191600	1210.8	1210800	20.199951	20199	""osoba2""
""osoba2""		1192.5	1192500	1210.8	1210800	19.300049	19300	""osoba2""
""osoba2""		1193.4	1193400	1210.8	1210800	18.400024	18400	""osoba2""
""osoba2""		1194.0	1194000	1210.8	1210800	17.800049	17800	""osoba2""
""osoba2""		1194.9	1194900	1210.8	1210800	16.900024	16900	""osoba2""
""osoba2""		1196.7001	1196700	1210.8	1210800	15.099976	15099	""osoba2""
""osoba2""		1197.6001	1197600	1210.8	1210800	14.199951	14199	""osoba2""
""osoba2""		1198.5	1198500	1210.8	1210800	13.300049	13300	""osoba2""
""osoba2""		1199.4	1199400	1210.8	1210800	12.400024	12400	""osoba2""
""osoba3""		1199.4	1199400	1199.7001	1199700	1.3000488	1300	""osoba3""
""osoba2""		1200.9	1200900	1210.8	1210800	10.900024	10900	""osoba2""
""osoba2""		1205.7001	1205700	1210.8	1210800	6.0999756	6099	""osoba2""
""osoba2""		1206.6001	1206600	1210.8	1210800	5.199951	5199	""osoba2""
""osoba2""		1207.2001	1207200	1210.8	1210800	4.5999756	4599	""osoba2""
""osoba2""		1208.4	1208400	1210.8	1210800	3.4000244	3400	""osoba2""
""osoba3""		1209.6001	1209600	1227.6001	1227600	19.0	19000	""osoba3""
""osoba3""		1210.5	1210500	1227.6001	1227600	18.100098	18100	""osoba3""
""osoba3""		1212.6001	1212600	1227.6001	1227600	16.0	16000	""osoba3""
""osoba3""		1214.1001	1214100	1227.6001	1227600	14.5	14500	""osoba3""
""osoba3""		1218.0	1218000	1227.6001	1227600	10.600098	10600	""osoba3""
""osoba3""		1219.8	1219800	1227.6001	1227600	8.800049	8800	""osoba3""
""osoba3""		1221.6001	1221600	1227.6001	1227600	7.0	7000	""osoba3""
""osoba1""		1224.3	1224300	1224.9	1224900	1.5999756	1599	""osoba1""
""osoba3""		1225.5	1225500	1227.6001	1227600	3.1000977	3100	""osoba3""
""osoba3""		1226.1001	1226100	1227.6001	1227600	2.5	2500	""osoba3""
""osoba3""		1227.3	1227300	1227.6001	1227600	1.3000488	1300	""osoba3""
""osoba4""		1227.6001	1227600	1232.1001	1232100	5.5	5500	""osoba4""
""osoba4""		1228.5	1228500	1232.1001	1232100	4.6000977	4600	""osoba4""
""osoba4""		1230.0	1230000	1232.1001	1232100	3.1000977	3100	""osoba4""
""osoba4""		1230.6001	1230600	1232.1001	1232100	2.5	2500	""osoba4""
""osoba4""		1231.8	1231800	1232.1001	1232100	1.3000488	1300	""osoba4""
""osoba1""		1232.7001	1232700	1235.1001	1235100	3.4000244	3400	""osoba1""
""osoba3""		1234.5	1234500	1261.5	1261500	28.0	28000	""osoba3""
""osoba2""		1235.7001	1235700	1236.3	1236300	1.5999756	1599	""osoba2""
""osoba3""		1238.1001	1238100	1261.5	1261500	24.399902	24399	""osoba3""
""osoba3""		1240.2001	1240200	1261.5	1261500	22.299927	22299	""osoba3""
""osoba3""		1241.4	1241400	1261.5	1261500	21.099976	21099	""osoba3""
""osoba2""		1242.0	1242000	1244.7001	1244700	3.7000732	3700	""osoba2""
""osoba1""		1244.7001	1244700	1244.7001	1244700	1.0	1000	""osoba1""
""osoba3""		1246.8	1246800	1261.5	1261500	15.699951	15699	""osoba3""
""osoba3""		1251.0	1251000	1261.5	1261500	11.5	11500	""osoba3""
""osoba3""		1251.6001	1251600	1261.5	1261500	10.899902	10899	""osoba3""
""osoba3""		1252.8	1252800	1261.5	1261500	9.699951	9699	""osoba3""
""osoba3""		1253.7001	1253700	1261.5	1261500	8.799927	8799	""osoba3""
""osoba3""		1254.3	1254300	1261.5	1261500	8.199951	8199	""osoba3""
""osoba3""		1256.1001	1256100	1261.5	1261500	6.3999023	6399	""osoba3""
""osoba3""		1257.0	1257000	1261.5	1261500	5.5	5500	""osoba3""
""osoba3""		1258.2001	1258200	1261.5	1261500	4.2999268	4299	""osoba3""
""osoba3""		1258.8	1258800	1261.5	1261500	3.6999512	3699	""osoba3""
""osoba3""		1260.6001	1260600	1261.5	1261500	1.8999023	1899	""osoba3""
""osoba1""		1260.9	1260900	1266.3	1266300	6.4000244	6400	""osoba1""
""osoba1""		1263.0	1263000	1266.3	1266300	4.300049	4300	""osoba1""
""osoba1""		1263.6001	1263600	1266.3	1266300	3.6999512	3699	""osoba1""
""osoba1""		1265.1001	1265100	1266.3	1266300	2.1999512	2199	""osoba1""
""osoba1""		1266.0	1266000	1266.3	1266300	1.3000488	1300	""osoba1""
""osoba2""		1266.6001	1266600	1267.5	1267500	1.8999023	1899	""osoba2""
""osoba3""		1267.8	1267800	1275.6001	1275600	8.800049	8800	""osoba3""
""osoba3""		1270.2001	1270200	1275.6001	1275600	6.4000244	6400	""osoba3""
""osoba3""		1272.0	1272000	1275.6001	1275600	4.6000977	4600	""osoba3""
""osoba2""		1273.2001	1273200	1303.8	1303800	31.599976	31599	""osoba2""
""osoba3""		1275.3	1275300	1275.6001	1275600	1.3000488	1300	""osoba3""
""osoba2""		1275.6001	1275600	1303.8	1303800	29.199951	29199	""osoba2""
""osoba2""		1276.8	1276800	1303.8	1303800	28.0	28000	""osoba2""
""osoba2""		1279.8	1279800	1303.8	1303800	25.0	25000	""osoba2""
""osoba4""		1280.1001	1280100	1283.4	1283400	4.2999268	4299	""osoba4""
""osoba2""		1284.6001	1284600	1303.8	1303800	20.199951	20199	""osoba2""
""osoba2""		1288.2001	1288200	1303.8	1303800	16.599976	16599	""osoba2""
""osoba2""		1288.8	1288800	1303.8	1303800	16.0	16000	""osoba2""
""osoba2""		1291.5	1291500	1303.8	1303800	13.300049	13300	""osoba2""
""osoba2""		1293.6001	1293600	1303.8	1303800	11.199951	11199	""osoba2""
""osoba2""		1294.2001	1294200	1303.8	1303800	10.599976	10599	""osoba2""
""osoba2""		1296.0	1296000	1303.8	1303800	8.800049	8800	""osoba2""
""osoba3""		1299.0	1299000	1299.3	1299300	1.3000488	1300	""osoba3""
""osoba2""		1300.8	1300800	1303.8	1303800	4.0	4000	""osoba2""
""osoba4""		1300.8	1300800	1301.1001	1301100	1.3000488	1300	""osoba4""
""osoba2""		1303.2001	1303200	1303.8	1303800	1.5999756	1599	""osoba2""
""osoba3""		1303.5	1303500	1307.4	1307400	4.9000244	4900	""osoba3""
""osoba2""		1303.8	1303800	1303.8	1303800	1.0	1000	""osoba2""
""osoba3""		1306.8	1306800	1307.4	1307400	1.5999756	1599	""osoba3""
""osoba4""		1306.8	1306800	1309.8	1309800	4.0	4000	""osoba4""
""osoba4""		1308.6001	1308600	1309.8	1309800	2.1999512	2199	""osoba4""
""osoba1""		1309.5	1309500	1330.5	1330500	22.0	22000	""osoba1""
""osoba1""		1311.9	1311900	1330.5	1330500	19.599976	19599	""osoba1""
""osoba1""		1313.7001	1313700	1330.5	1330500	17.799927	17799	""osoba1""
""osoba1""		1314.6001	1314600	1330.5	1330500	16.899902	16899	""osoba1""
""osoba1""		1319.1001	1319100	1330.5	1330500	12.399902	12399	""osoba1""
""osoba1""		1321.2001	1321200	1330.5	1330500	10.299927	10299	""osoba1""
""osoba1""		1324.8	1324800	1330.5	1330500	6.699951	6699	""osoba1""
""osoba1""		1327.5	1327500	1330.5	1330500	4.0	4000	""osoba1""
""osoba1""		1329.0	1329000	1330.5	1330500	2.5	2500	""osoba1""
""osoba4""		1329.3	1329300	1330.5	1330500	2.1999512	2199	""osoba4""
""osoba2""		1331.1001	1331100	1334.1001	1334100	4.0	4000	""osoba2""
""osoba3""		1332.3	1332300	1349.1001	1349100	17.800049	17800	""osoba3""
""osoba3""		1339.5	1339500	1349.1001	1349100	10.600098	10600	""osoba3""
""osoba3""		1340.1001	1340100	1349.1001	1349100	10.0	10000	""osoba3""
""osoba3""		1341.6001	1341600	1349.1001	1349100	8.5	8500	""osoba3""
""osoba3""		1342.8	1342800	1349.1001	1349100	7.300049	7300	""osoba3""
""osoba3""		1345.5	1345500	1349.1001	1349100	4.6000977	4600	""osoba3""
""osoba2""		1346.4	1346400	1350.6001	1350600	5.2000732	5200	""osoba2""
""osoba3""		1348.2001	1348200	1349.1001	1349100	1.9000244	1900	""osoba3""
""osoba4""		1348.8	1348800	1352.7001	1352700	4.9000244	4900	""osoba4""
""osoba1""		1351.2001	1351200	1351.2001	1351200	1.0	1000	""osoba1""
""osoba3""		1352.1001	1352100	1370.7001	1370700	19.599976	19599	""osoba3""
""osoba3""		1354.5	1354500	1370.7001	1370700	17.200073	17200	""osoba3""
""osoba3""		1355.4	1355400	1370.7001	1370700	16.300049	16300	""osoba3""
""osoba1""		1357.2001	1357200	1358.4	1358400	2.1999512	2199	""osoba1""
""osoba3""		1357.2001	1357200	1370.7001	1370700	14.5	14500	""osoba3""
""osoba3""		1359.3	1359300	1370.7001	1370700	12.400024	12400	""osoba3""
""osoba3""		1361.4	1361400	1370.7001	1370700	10.300049	10300	""osoba3""
""osoba3""		1362.3	1362300	1370.7001	1370700	9.400024	9400	""osoba3""
""osoba3""		1363.5	1363500	1370.7001	1370700	8.200073	8200	""osoba3""
""osoba3""		1365.0	1365000	1370.7001	1370700	6.7000732	6700	""osoba3""
""osoba3""		1365.6001	1365600	1370.7001	1370700	6.0999756	6099	""osoba3""
""osoba1""		1368.0	1368000	1372.5	1372500	5.5	5500	""osoba1""
""osoba2""		1368.9	1368900	1371.0	1371000	3.0999756	3099	""osoba2""
""osoba4""		1370.1001	1370100	1379.7001	1379700	10.599976	10599	""osoba4""
""osoba3""		1370.4	1370400	1370.7001	1370700	1.3000488	1300	""osoba3""
""osoba4""		1374.0	1374000	1379.7001	1379700	6.7000732	6700	""osoba4""
""osoba4""		1375.5	1375500	1379.7001	1379700	5.2000732	5200	""osoba4""
""osoba4""		1376.7001	1376700	1379.7001	1379700	4.0	4000	""osoba4""
""osoba2""		1377.6001	1377600	1377.6001	1377600	1.0	1000	""osoba2""
""osoba4""		1379.4	1379400	1379.7001	1379700	1.3000488	1300	""osoba4""
""osoba2""		1380.0	1380000	1384.5	1384500	5.5	5500	""osoba2""
""osoba2""		1381.2001	1381200	1384.5	1384500	4.2999268	4299	""osoba2""
""osoba2""		1382.1001	1382100	1384.5	1384500	3.3999023	3399	""osoba2""
""osoba2""		1383.0	1383000	1384.5	1384500	2.5	2500	""osoba2""
""osoba3""		1383.9	1383900	1401.0	1401000	18.099976	18099	""osoba3""
""osoba3""		1386.9	1386900	1401.0	1401000	15.099976	15099	""osoba3""
""osoba3""		1387.8	1387800	1401.0	1401000	14.199951	14199	""osoba3""
""osoba4""		1389.3	1389300	1390.2001	1390200	1.9000244	1900	""osoba4""
""osoba3""		1391.7001	1391700	1401.0	1401000	10.299927	10299	""osoba3""
""osoba3""		1392.3	1392300	1401.0	1401000	9.699951	9699	""osoba3""
""osoba3""		1393.5	1393500	1401.0	1401000	8.5	8500	""osoba3""
""osoba3""		1398.0	1398000	1401.0	1401000	4.0	4000	""osoba3""
""osoba3""		1398.6001	1398600	1401.0	1401000	3.3999023	3399	""osoba3""
""osoba3""		1399.2001	1399200	1401.0	1401000	2.7999268	2799	""osoba3""
""osoba3""		1400.1001	1400100	1401.0	1401000	1.8999023	1899	""osoba3""
""osoba4""		1401.0	1401000	1409.7001	1409700	9.700073	9700	""osoba4""
""osoba4""		1402.2001	1402200	1409.7001	1409700	8.5	8500	""osoba4""
""osoba2""		1404.6001	1404600	1406.7001	1406700	3.0999756	3099	""osoba2""
""osoba1""		1405.5	1405500	1406.7001	1406700	2.2000732	2200	""osoba1""
""osoba3""		1409.1001	1409100	1424.7001	1424700	16.599976	16599	""osoba3""
""osoba2""		1410.9	1410900	1410.9	1410900	1.0	1000	""osoba2""
""osoba3""		1411.2001	1411200	1424.7001	1424700	14.5	14500	""osoba3""
""osoba2""		1413.0	1413000	1413.0	1413000	1.0	1000	""osoba2""
""osoba3""		1413.9	1413900	1424.7001	1424700	11.800049	11800	""osoba3""
""osoba3""		1415.7001	1415700	1424.7001	1424700	10.0	10000	""osoba3""
""osoba3""		1416.3	1416300	1424.7001	1424700	9.400024	9400	""osoba3""
""osoba3""		1418.1001	1418100	1424.7001	1424700	7.5999756	7599	""osoba3""
""osoba3""		1419.3	1419300	1424.7001	1424700	6.4000244	6400	""osoba3""
""osoba3""		1420.8	1420800	1424.7001	1424700	4.9000244	4900	""osoba3""
""osoba3""		1421.7001	1421700	1424.7001	1424700	4.0	4000	""osoba3""
""osoba3""		1422.6001	1422600	1424.7001	1424700	3.0999756	3099	""osoba3""
""osoba2""		1423.8	1423800	1425.3	1425300	2.5	2500	""osoba2""
""osoba4""		1424.1001	1424100	1428.3	1428300	5.199951	5199	""osoba4""
""osoba2""		1425.3	1425300	1425.3	1425300	1.0	1000	""osoba2""
""osoba4""		1426.5	1426500	1428.3	1428300	2.8000488	2800	""osoba4""
""osoba4""		1427.1001	1427100	1428.3	1428300	2.1999512	2199	""osoba4""
""osoba3""		1427.4	1427400	1439.1001	1439100	12.700073	12700	""osoba3""
""osoba3""		1430.4	1430400	1439.1001	1439100	9.700073	9700	""osoba3""
""osoba1""		1431.6001	1431600	1432.5	1432500	1.8999023	1899	""osoba1""
""osoba3""		1432.8	1432800	1439.1001	1439100	7.300049	7300	""osoba3""
""osoba3""		1435.8	1435800	1439.1001	1439100	4.300049	4300	""osoba3""
""osoba2""		1436.4	1436400	1438.5	1438500	3.0999756	3099	""osoba2""
""osoba3""		1437.6001	1437600	1439.1001	1439100	2.5	2500	""osoba3""
""osoba4""		1438.2001	1438200	1440.0	1440000	2.7999268	2799	""osoba4""
""osoba1""		1440.0	1440000	1443.6001	1443600	4.6000977	4600	""osoba1""
""osoba4""		1440.0	1440000	1440.0	1440000	1.0	1000	""osoba4""
""osoba1""		1442.1001	1442100	1443.6001	1443600	2.5	2500	""osoba1""
""osoba1""		1442.7001	1442700	1443.6001	1443600	1.9000244	1900	""osoba1""
""osoba4""		1443.3	1443300	1447.8	1447800	5.5	5500	""osoba4""
""osoba4""		1447.5	1447500	1447.8	1447800	1.3000488	1300	""osoba4""
""osoba1""		1447.8	1447800	1450.2001	1450200	3.4000244	3400	""osoba1""
""osoba1""		1449.9	1449900	1450.2001	1450200	1.3000488	1300	""osoba1""
""osoba4""		1449.9	1449900	1458.6001	1458600	9.700073	9700	""osoba4""
""osoba4""		1454.4	1454400	1458.6001	1458600	5.2000732	5200	""osoba4""
""osoba2""		1455.9	1455900	1469.7001	1469700	14.800049	14800	""osoba2""
""osoba4""		1456.2001	1456200	1458.6001	1458600	3.4000244	3400	""osoba4""
""osoba1""		1457.1001	1457100	1457.7001	1457700	1.5999756	1599	""osoba1""
""osoba2""		1458.9	1458900	1469.7001	1469700	11.800049	11800	""osoba2""
""osoba2""		1460.4	1460400	1469.7001	1469700	10.300049	10300	""osoba2""
""osoba3""		1462.2001	1462200	1474.8	1474800	13.599976	13599	""osoba3""
""osoba2""		1465.8	1465800	1469.7001	1469700	4.9000244	4900	""osoba2""
""osoba3""		1471.5	1471500	1474.8	1474800	4.300049	4300	""osoba3""
""osoba2""		1473.0	1473000	1484.4	1484400	12.400024	12400	""osoba2""
""osoba3""		1473.0	1473000	1474.8	1474800	2.8000488	2800	""osoba3""
""osoba2""		1475.7001	1475700	1484.4	1484400	9.699951	9699	""osoba2""
""osoba3""		1479.6001	1479600	1501.5	1501500	22.899902	22899	""osoba3""
""osoba2""		1479.9	1479900	1484.4	1484400	5.5	5500	""osoba2""
""osoba3""		1485.6001	1485600	1501.5	1501500	16.899902	16899	""osoba3""
""osoba1""		1487.7001	1487700	1487.7001	1487700	1.0	1000	""osoba1""
""osoba3""		1488.0	1488000	1501.5	1501500	14.5	14500	""osoba3""
""osoba3""		1489.8	1489800	1501.5	1501500	12.699951	12699	""osoba3""
""osoba2""		1490.4	1490400	1490.7001	1490700	1.3000488	1300	""osoba2""
""osoba3""		1491.6001	1491600	1501.5	1501500	10.899902	10899	""osoba3""
""osoba3""		1493.4	1493400	1501.5	1501500	9.099976	9099	""osoba3""
""osoba3""		1498.8	1498800	1501.5	1501500	3.6999512	3699	""osoba3""
""osoba1""		1501.5	1501500	1507.8	1507800	7.300049	7300	""osoba1""
""osoba1""		1502.7001	1502700	1507.8	1507800	6.0999756	6099	""osoba1""
""osoba1""		1504.2001	1504200	1507.8	1507800	4.5999756	4599	""osoba1""
""osoba1""		1506.3	1506300	1507.8	1507800	2.5	2500	""osoba1""
""osoba3""		1506.3	1506300	1506.3	1506300	1.0	1000	""osoba3""
""osoba1""		1507.5	1507500	1507.8	1507800	1.3000488	1300	""osoba1""
""osoba2""		1508.4	1508400	1513.2001	1513200	5.800049	5800	""osoba2""
""osoba1""		1509.9	1509900	1513.5	1513500	4.5999756	4599	""osoba1""
""osoba4""		1513.5	1513500	1517.7001	1517700	5.2000732	5200	""osoba4""
""osoba4""		1516.5	1516500	1517.7001	1517700	2.2000732	2200	""osoba4""
""osoba4""		1517.7001	1517700	1517.7001	1517700	1.0	1000	""osoba4""
""osoba3""		1518.6001	1518600	1537.8	1537800	20.199951	20199	""osoba3""
""osoba1""		1518.9	1518900	1520.4	1520400	2.5	2500	""osoba1""
""osoba3""		1521.3	1521300	1537.8	1537800	17.5	17500	""osoba3""
""osoba2""		1522.5	1522500	1523.1001	1523100	1.6000977	1600	""osoba2""
""osoba3""		1522.8	1522800	1537.8	1537800	16.0	16000	""osoba3""
""osoba3""		1524.6001	1524600	1537.8	1537800	14.199951	14199	""osoba3""
""osoba3""		1525.2001	1525200	1537.8	1537800	13.599976	13599	""osoba3""
""osoba2""		1530.0	1530000	1531.2001	1531200	2.2000732	2200	""osoba2""
""osoba3""		1530.3	1530300	1537.8	1537800	8.5	8500	""osoba3""
""osoba2""		1530.9	1530900	1531.2001	1531200	1.3000488	1300	""osoba2""
""osoba3""		1531.2001	1531200	1537.8	1537800	7.5999756	7599	""osoba3""
""osoba3""		1534.2001	1534200	1537.8	1537800	4.5999756	4599	""osoba3""
""osoba4""		1534.5	1534500	1534.8	1534800	1.3000488	1300	""osoba4""
""osoba2""		1535.1001	1535100	1551.3	1551300	17.199951	17199	""osoba2""
""osoba2""		1539.6001	1539600	1551.3	1551300	12.699951	12699	""osoba2""
""osoba1""		1540.8	1540800	1541.1001	1541100	1.3000488	1300	""osoba1""
""osoba2""		1542.0001	1542000	1551.3	1551300	10.299927	10299	""osoba2""
""osoba2""		1542.9	1542900	1551.3	1551300	9.400024	9400	""osoba2""
""osoba2""		1545.9	1545900	1551.3	1551300	6.4000244	6400	""osoba2""
""osoba2""		1546.5001	1546500	1551.3	1551300	5.7999268	5799	""osoba2""
""osoba3""		1548.3	1548300	1549.2001	1549200	1.9000244	1900	""osoba3""
""osoba4""		1548.3	1548300	1554.6001	1554600	7.300049	7300	""osoba4""
""osoba4""		1553.1001	1553100	1554.6001	1554600	2.5	2500	""osoba4""
""osoba1""		1553.7001	1553700	1556.4	1556400	3.6999512	3699	""osoba1""
""osoba4""		1553.7001	1553700	1554.6001	1554600	1.9000244	1900	""osoba4""
""osoba3""		1556.4	1556400	1559.4	1559400	4.0	4000	""osoba3""
""osoba3""		1557.9	1557900	1559.4	1559400	2.5	2500	""osoba3""
""osoba1""		1558.8	1558800	1564.8	1564800	7.0	7000	""osoba1""
""osoba1""		1560.6001	1560600	1564.8	1564800	5.199951	5199	""osoba1""
""osoba1""		1561.2001	1561200	1564.8	1564800	4.5999756	4599	""osoba1""
""osoba1""		1561.8	1561800	1564.8	1564800	4.0	4000	""osoba1""
""osoba1""		1562.4	1562400	1564.8	1564800	3.4000244	3400	""osoba1""
""osoba2""		1564.8	1564800	1571.7001	1571700	7.9000244	7900	""osoba2""
""osoba2""		1566.3	1566300	1571.7001	1571700	6.4000244	6400	""osoba2""
""osoba4""		1567.2001	1567200	1567.5001	1567500	1.3000488	1300	""osoba4""
""osoba1""		1571.7001	1571700	1588.8	1588800	18.099976	18099	""osoba1""
""osoba1""		1573.2001	1573200	1588.8	1588800	16.599976	16599	""osoba1""
""osoba1""		1575.6001	1575600	1588.8	1588800	14.199951	14199	""osoba1""
""osoba1""		1576.2001	1576200	1588.8	1588800	13.599976	13599	""osoba1""
""osoba1""		1578.9	1578900	1588.8	1588800	10.900024	10900	""osoba1""
""osoba4""		1579.2001	1579200	1581.9	1581900	3.6999512	3699	""osoba4""
""osoba1""		1583.7001	1583700	1588.8	1588800	6.0999756	6099	""osoba1""
""osoba1""		1584.3	1584300	1588.8	1588800	5.5	5500	""osoba1""
""osoba1""		1587.6001	1587600	1588.8	1588800	2.1999512	2199	""osoba1""
""osoba1""		1588.2001	1588200	1588.8	1588800	1.5999756	1599	""osoba1""
""osoba1""		1588.8	1588800	1588.8	1588800	1.0	1000	""osoba1""
""osoba2""		1588.8	1588800	1591.2001	1591200	3.4000244	3400	""osoba2""
""osoba2""		1590.3	1590300	1591.2001	1591200	1.9000244	1900	""osoba2""
""osoba4""		1590.6001	1590600	1594.2001	1594200	4.5999756	4599	""osoba4""
""osoba2""		1590.9	1590900	1591.2001	1591200	1.3000488	1300	""osoba2""
""osoba4""		1591.8	1591800	1594.2001	1594200	3.4000244	3400	""osoba4""
""osoba3""		1594.8	1594800	1596.0001	1596000	2.2000732	2200	""osoba3""
""osoba1""		1595.4	1595400	1620.3	1620300	25.900024	25900	""osoba1""
""osoba1""		1599.0001	1599000	1620.3	1620300	22.299927	22299	""osoba1""
""osoba1""		1600.2001	1600200	1620.3	1620300	21.099976	21099	""osoba1""
""osoba1""		1600.8	1600800	1620.3	1620300	20.5	20500	""osoba1""
""osoba1""		1601.7001	1601700	1620.3	1620300	19.599976	19599	""osoba1""
""osoba1""		1602.9	1602900	1620.3	1620300	18.400024	18400	""osoba1""
""osoba1""		1608.3	1608300	1620.3	1620300	13.0	13000	""osoba1""
""osoba1""		1609.2001	1609200	1620.3	1620300	12.099976	12099	""osoba1""
""osoba2""		1610.4	1610400	1610.4	1610400	1.0	1000	""osoba2""
""osoba1""		1611.6001	1611600	1620.3	1620300	9.699951	9699	""osoba1""
""osoba1""		1612.2001	1612200	1620.3	1620300	9.099976	9099	""osoba1""
""osoba1""		1613.4	1613400	1620.3	1620300	7.9000244	7900	""osoba1""
""osoba1""		1614.9	1614900	1620.3	1620300	6.4000244	6400	""osoba1""
""osoba3""		1615.5001	1615500	1615.5001	1615500	1.0	1000	""osoba3""
""osoba4""		1615.8	1615800	1616.1001	1616100	1.3000488	1300	""osoba4""
""osoba1""		1617.0001	1617000	1620.3	1620300	4.2999268	4299	""osoba1""
""osoba1""		1617.9	1617900	1620.3	1620300	3.4000244	3400	""osoba1""
""osoba1""		1620.0001	1620000	1620.3	1620300	1.2999268	1299	""osoba1""
