"default"		0.0	0	1.0	1000	1.0	1000	BEGIN
"default"		1620.3	1620300	1620.31	1621300	1.0	1000	END
""osoba1""		6.3	6300	11.400001	11400	6.1000004	6100	""osoba1""
""osoba2""		6.3	6300	8.1	8100	2.8000002	2800	""osoba2""
""osoba1""		9.0	9000	11.400001	11400	3.4000006	3400	""osoba1""
""osoba3""		9.3	9300	9.6	9600	1.3000002	1300	""osoba3""
""osoba2""		11.400001	11400	32.4	32400	22.0	22000	""osoba2""
""osoba2""		12.900001	12900	32.4	32400	20.5	20500	""osoba2""
""osoba2""		14.400001	14400	32.4	32400	19.0	19000	""osoba2""
""osoba2""		15.000001	15000	32.4	32400	18.400002	18400	""osoba2""
""osoba2""		15.900001	15900	32.4	32400	17.5	17500	""osoba2""
""osoba3""		15.900001	15900	15.900001	15900	1.0	1000	""osoba3""
""osoba2""		18.6	18600	32.4	32400	14.800001	14800	""osoba2""
""osoba2""		19.2	19200	32.4	32400	14.200001	14200	""osoba2""
""osoba2""		19.800001	19800	32.4	32400	13.6	13600	""osoba2""
""osoba2""		21.0	21000	32.4	32400	12.400002	12400	""osoba2""
""osoba2""		21.900002	21900	32.4	32400	11.5	11500	""osoba2""
""osoba3""		24.900002	24900	27.000002	27000	3.1000004	3100	""osoba3""
""osoba3""		25.500002	25500	27.000002	27000	2.5	2500	""osoba3""
""osoba3""		26.1	26100	27.000002	27000	1.9000015	1900	""osoba3""
""osoba2""		26.400002	26400	32.4	32400	7.0	7000	""osoba2""
""osoba1""		27.000002	27000	28.800001	28800	2.7999992	2799	""osoba1""
""osoba4""		27.300001	27300	27.300001	27300	1.0	1000	""osoba4""
""osoba3""		31.800001	31800	53.7	53700	22.9	22900	""osoba3""
""osoba3""		36.0	36000	53.7	53700	18.7	18700	""osoba3""
""osoba3""		37.2	37200	53.7	53700	17.5	17500	""osoba3""
""osoba3""		37.800003	37800	53.7	53700	16.899998	16899	""osoba3""
""osoba3""		40.800003	40800	53.7	53700	13.899998	13899	""osoba3""
""osoba3""		41.4	41400	53.7	53700	13.299999	13299	""osoba3""
""osoba3""		43.5	43500	53.7	53700	11.200001	11200	""osoba3""
""osoba3""		46.5	46500	53.7	53700	8.200001	8200	""osoba3""
""osoba3""		50.7	50700	53.7	53700	4.0	4000	""osoba3""
""osoba4""		51.000004	51000	51.000004	51000	1.0	1000	""osoba4""
""osoba3""		51.600002	51600	53.7	53700	3.0999985	3099	""osoba3""
""osoba3""		52.800003	52800	53.7	53700	1.8999977	1899	""osoba3""
""osoba4""		54.300003	54300	64.200005	64200	10.900002	10900	""osoba4""
""osoba4""		56.4	56400	64.200005	64200	8.800003	8800	""osoba4""
""osoba4""		58.2	58200	64.200005	64200	7.000004	7000	""osoba4""
""osoba2""		58.500004	58500	61.500004	61500	4.0	4000	""osoba2""
""osoba2""		59.7	59700	61.500004	61500	2.800003	2800	""osoba2""
""osoba4""		59.7	59700	64.200005	64200	5.500004	5500	""osoba4""
""osoba2""		61.500004	61500	61.500004	61500	1.0	1000	""osoba2""
""osoba1""		63.600002	63600	69.3	69300	6.700001	6700	""osoba1""
""osoba1""		65.700005	65700	69.3	69300	4.5999985	4599	""osoba1""
""osoba1""		66.3	66300	69.3	69300	4.0	4000	""osoba1""
""osoba1""		67.200005	67200	69.3	69300	3.0999985	3099	""osoba1""
""osoba4""		68.700005	68700	70.200005	70200	2.5	2500	""osoba4""
""osoba3""		70.200005	70200	85.200005	85200	16.0	16000	""osoba3""
""osoba3""		72.9	72900	85.200005	85200	13.300003	13300	""osoba3""
""osoba1""		73.8	73800	74.100006	74100	1.300003	1300	""osoba1""
""osoba2""		73.8	73800	73.8	73800	1.0	1000	""osoba2""
""osoba3""		75.0	75000	85.200005	85200	11.200005	11200	""osoba3""
""osoba3""		77.700005	77700	85.200005	85200	8.5	8500	""osoba3""
""osoba4""		78.9	78900	79.5	79500	1.5999985	1599	""osoba4""
""osoba3""		83.4	83400	85.200005	85200	2.800003	2800	""osoba3""
""osoba3""		84.9	84900	85.200005	85200	1.300003	1300	""osoba3""
""osoba4""		85.200005	85200	89.100006	89100	4.9000015	4900	""osoba4""
""osoba2""		88.5	88500	91.8	91800	4.300003	4300	""osoba2""
""osoba1""		90.0	90000	93.0	93000	4.0	4000	""osoba1""
""osoba3""		90.3	90300	112.200005	112200	22.900002	22900	""osoba3""
""osoba3""		93.9	93900	112.200005	112200	19.300003	19300	""osoba3""
""osoba4""		94.200005	94200	95.700005	95700	2.5	2500	""osoba4""
""osoba3""		96.9	96900	112.200005	112200	16.300003	16300	""osoba3""
""osoba3""		97.50001	97500	112.200005	112200	15.699997	15699	""osoba3""
""osoba2""		97.8	97800	103.8	103800	7.0	7000	""osoba2""
""osoba2""		98.4	98400	103.8	103800	6.4000015	6400	""osoba2""
""osoba3""		99.3	99300	112.200005	112200	13.900002	13900	""osoba3""
""osoba3""		100.8	100800	112.200005	112200	12.400002	12400	""osoba3""
""osoba2""		101.100006	101100	103.8	103800	3.699997	3699	""osoba2""
""osoba3""		102.600006	102600	112.200005	112200	10.599998	10599	""osoba3""
""osoba4""		102.600006	102600	102.600006	102600	1.0	1000	""osoba4""
""osoba3""		105.3	105300	112.200005	112200	7.9000015	7900	""osoba3""
""osoba3""		107.100006	107100	112.200005	112200	6.0999985	6099	""osoba3""
""osoba3""		108.00001	108000	112.200005	112200	5.199997	5199	""osoba3""
""osoba3""		110.4	110400	112.200005	112200	2.800003	2800	""osoba3""
""osoba1""		111.9	111900	116.700005	116700	5.800003	5800	""osoba1""
""osoba1""		113.700005	113700	116.700005	116700	4.0	4000	""osoba1""
""osoba4""		115.200005	115200	119.100006	119100	4.9000015	4900	""osoba4""
""osoba1""		116.4	116400	116.700005	116700	1.300003	1300	""osoba1""
""osoba4""		117.00001	117000	119.100006	119100	3.0999985	3099	""osoba4""
""osoba3""		119.100006	119100	126.3	126300	8.199997	8199	""osoba3""
""osoba3""		120.600006	120600	126.3	126300	6.699997	6699	""osoba3""
""osoba3""		122.700005	122700	126.3	126300	4.5999985	4599	""osoba3""
""osoba4""		123.00001	123000	132.6	132600	10.599998	10599	""osoba4""
""osoba4""		125.4	125400	132.6	132600	8.200005	8200	""osoba4""
""osoba3""		125.700005	125700	126.3	126300	1.5999985	1599	""osoba3""
""osoba3""		126.3	126300	126.3	126300	1.0	1000	""osoba3""
""osoba4""		126.9	126900	132.6	132600	6.7000046	6700	""osoba4""
""osoba4""		127.8	127800	132.6	132600	5.800003	5800	""osoba4""
""osoba2""		129.3	129300	146.70001	146700	18.40001	18400	""osoba2""
""osoba3""		130.8	130800	131.70001	131700	1.9000092	1900	""osoba3""
""osoba2""		132.6	132600	146.70001	146700	15.100006	15100	""osoba2""
""osoba2""		134.40001	134400	146.70001	146700	13.300003	13300	""osoba2""
""osoba2""		135.0	135000	146.70001	146700	12.700012	12700	""osoba2""
""osoba2""		135.90001	135900	146.70001	146700	11.800003	11800	""osoba2""
""osoba3""		136.5	136500	136.8	136800	1.300003	1300	""osoba3""
""osoba2""		138.3	138300	146.70001	146700	9.400009	9400	""osoba2""
""osoba2""		141.90001	141900	146.70001	146700	5.800003	5800	""osoba2""
""osoba2""		144.0	144000	146.70001	146700	3.7000122	3700	""osoba2""
""osoba2""		144.6	144600	146.70001	146700	3.100006	3100	""osoba2""
""osoba3""		147.6	147600	177.90001	177900	31.300003	31300	""osoba3""
""osoba3""		148.5	148500	177.90001	177900	30.40001	30400	""osoba3""
""osoba2""		149.1	149100	149.40001	149400	1.300003	1300	""osoba2""
""osoba3""		149.1	149100	177.90001	177900	29.800003	29800	""osoba3""
""osoba4""		150.6	150600	150.6	150600	1.0	1000	""osoba4""
""osoba3""		151.8	151800	177.90001	177900	27.100006	27100	""osoba3""
""osoba4""		154.20001	154200	156.90001	156900	3.699997	3699	""osoba4""
""osoba3""		160.5	160500	177.90001	177900	18.40001	18400	""osoba3""
""osoba3""		161.40001	161400	177.90001	177900	17.5	17500	""osoba3""
""osoba3""		164.70001	164700	177.90001	177900	14.199997	14199	""osoba3""
""osoba1""		165.0	165000	165.90001	165900	1.9000092	1900	""osoba1""
""osoba3""		165.3	165300	177.90001	177900	13.600006	13600	""osoba3""
""osoba3""		167.40001	167400	177.90001	177900	11.5	11500	""osoba3""
""osoba2""		171.6	171600	171.6	171600	1.0	1000	""osoba2""
""osoba3""		172.8	172800	177.90001	177900	6.100006	6100	""osoba3""
""osoba3""		174.90001	174900	177.90001	177900	4.0	4000	""osoba3""
""osoba2""		177.3	177300	182.1	182100	5.800003	5800	""osoba2""
""osoba2""		180.90001	180900	182.1	182100	2.199997	2199	""osoba2""
""osoba3""		182.1	182100	186.3	186300	5.199997	5199	""osoba3""
""osoba4""		185.1	185100	193.20001	193200	9.100006	9100	""osoba4""
""osoba4""		187.8	187800	193.20001	193200	6.400009	6400	""osoba4""
""osoba3""		189.90001	189900	191.40001	191400	2.5	2500	""osoba3""
""osoba1""		193.20001	193200	194.70001	194700	2.5	2500	""osoba1""
""osoba4""		193.20001	193200	193.20001	193200	1.0	1000	""osoba4""
""osoba2""		194.40001	194400	196.20001	196200	2.800003	2800	""osoba2""
""osoba1""		194.70001	194700	194.70001	194700	1.0	1000	""osoba1""
""osoba3""		196.50002	196500	213.00002	213000	17.5	17500	""osoba3""
""osoba1""		197.1	197100	197.70001	197700	1.6000061	1600	""osoba1""
""osoba4""		198.6	198600	198.90001	198900	1.300003	1300	""osoba4""
""osoba4""		201.90001	201900	203.1	203100	2.199997	2199	""osoba4""
""osoba3""		203.1	203100	213.00002	213000	10.900009	10900	""osoba3""
""osoba3""		204.6	204600	213.00002	213000	9.400009	9400	""osoba3""
""osoba3""		206.40001	206400	213.00002	213000	7.600006	7600	""osoba3""
""osoba3""		207.90001	207900	213.00002	213000	6.100006	6100	""osoba3""
""osoba3""		208.8	208800	213.00002	213000	5.200012	5200	""osoba3""
""osoba3""		209.40001	209400	213.00002	213000	4.600006	4600	""osoba3""
""osoba3""		210.00002	210000	213.00002	213000	4.0	4000	""osoba3""
""osoba3""		210.90001	210900	213.00002	213000	3.100006	3100	""osoba3""
""osoba2""		211.50002	211500	211.50002	211500	1.0	1000	""osoba2""
""osoba3""		211.8	211800	213.00002	213000	2.2000122	2200	""osoba3""
""osoba2""		213.6	213600	218.40001	218400	5.800003	5800	""osoba2""
""osoba1""		216.90001	216900	237.3	237300	21.399994	21399	""osoba1""
""osoba2""		218.40001	218400	218.40001	218400	1.0	1000	""osoba2""
""osoba1""		220.50002	220500	237.3	237300	17.799988	17799	""osoba1""
""osoba1""		221.1	221100	237.3	237300	17.199997	17199	""osoba1""
""osoba1""		222.00002	222000	237.3	237300	16.299988	16299	""osoba1""
""osoba1""		222.6	222600	237.3	237300	15.699997	15699	""osoba1""
""osoba1""		224.70001	224700	237.3	237300	13.599991	13599	""osoba1""
""osoba1""		225.6	225600	237.3	237300	12.699997	12699	""osoba1""
""osoba1""		227.1	227100	237.3	237300	11.199997	11199	""osoba1""
""osoba1""		228.6	228600	237.3	237300	9.699997	9699	""osoba1""
""osoba1""		230.40001	230400	237.3	237300	7.899994	7899	""osoba1""
""osoba1""		231.3	231300	237.3	237300	7.0	7000	""osoba1""
""osoba1""		232.20001	232200	237.3	237300	6.099991	6099	""osoba1""
""osoba3""		232.50002	232500	233.40001	233400	1.8999939	1899	""osoba3""
""osoba1""		235.20001	235200	237.3	237300	3.0999908	3099	""osoba1""
""osoba2""		237.3	237300	243.00002	243000	6.700012	6700	""osoba2""
""osoba2""		239.1	239100	243.00002	243000	4.900009	4900	""osoba2""
""osoba3""		240.90001	240900	244.8	244800	4.899994	4899	""osoba3""
""osoba2""		241.8	241800	243.00002	243000	2.2000122	2200	""osoba2""
""osoba2""		242.40001	242400	243.00002	243000	1.6000061	1600	""osoba2""
""osoba1""		243.3	243300	254.1	254100	11.800003	11800	""osoba1""
""osoba1""		245.70001	245700	254.1	254100	9.399994	9399	""osoba1""
""osoba1""		247.50002	247500	254.1	254100	7.599991	7599	""osoba1""
""osoba1""		248.1	248100	254.1	254100	7.0	7000	""osoba1""
""osoba1""		250.8	250800	254.1	254100	4.300003	4300	""osoba1""
""osoba3""		251.40001	251400	252.6	252600	2.199997	2199	""osoba3""
""osoba4""		253.20001	253200	270.0	270000	17.799988	17799	""osoba4""
""osoba4""		255.3	255300	270.0	270000	15.699997	15699	""osoba4""
""osoba3""		256.5	256500	256.5	256500	1.0	1000	""osoba3""
""osoba4""		257.7	257700	270.0	270000	13.299988	13299	""osoba4""
""osoba4""		259.2	259200	270.0	270000	11.799988	11799	""osoba4""
""osoba4""		260.1	260100	270.0	270000	10.899994	10899	""osoba4""
""osoba3""		267.30002	267300	267.6	267600	1.2999878	1299	""osoba3""
""osoba4""		267.30002	267300	270.0	270000	3.6999817	3699	""osoba4""
""osoba1""		269.40002	269400	274.2	274200	5.799988	5799	""osoba1""
""osoba1""		271.5	271500	274.2	274200	3.7000122	3700	""osoba1""
""osoba4""		272.1	272100	323.1	323100	52.0	52000	""osoba4""
""osoba1""		273.0	273000	274.2	274200	2.2000122	2200	""osoba1""
""osoba3""		276.30002	276300	277.2	277200	1.8999939	1899	""osoba3""
""osoba3""		277.2	277200	277.2	277200	1.0	1000	""osoba3""
""osoba4""		279.90002	279900	323.1	323100	44.19998	44199	""osoba4""
""osoba4""		280.80002	280800	323.1	323100	43.299988	43299	""osoba4""
""osoba4""		283.2	283200	323.1	323100	40.899994	40899	""osoba4""
""osoba4""		285.30002	285300	323.1	323100	38.799988	38799	""osoba4""
""osoba4""		287.1	287100	323.1	323100	37.0	37000	""osoba4""
""osoba4""		288.6	288600	323.1	323100	35.5	35500	""osoba4""
""osoba4""		291.30002	291300	323.1	323100	32.799988	32799	""osoba4""
""osoba4""		294.6	294600	323.1	323100	29.5	29500	""osoba4""
""osoba4""		297.30002	297300	323.1	323100	26.799988	26799	""osoba4""
""osoba4""		300.0	300000	323.1	323100	24.100006	24100	""osoba4""
""osoba3""		301.2	301200	301.2	301200	1.0	1000	""osoba3""
""osoba2""		301.5	301500	301.80002	301800	1.3000183	1300	""osoba2""
""osoba4""		305.40002	305400	323.1	323100	18.699982	18699	""osoba4""
""osoba4""		307.80002	307800	323.1	323100	16.299988	16299	""osoba4""
""osoba4""		308.40002	308400	323.1	323100	15.699982	15699	""osoba4""
""osoba4""		311.7	311700	323.1	323100	12.399994	12399	""osoba4""
""osoba3""		313.2	313200	313.2	313200	1.0	1000	""osoba3""
""osoba4""		314.7	314700	323.1	323100	9.399994	9399	""osoba4""
""osoba4""		315.30002	315300	323.1	323100	8.799988	8799	""osoba4""
""osoba4""		317.1	317100	323.1	323100	7.0	7000	""osoba4""
""osoba1""		318.0	318000	322.5	322500	5.5	5500	""osoba1""
""osoba1""		320.1	320100	322.5	322500	3.399994	3399	""osoba1""
""osoba2""		322.5	322500	330.90002	330900	9.400024	9400	""osoba2""
""osoba3""		323.7	323700	324.30002	324300	1.6000061	1600	""osoba3""
""osoba2""		324.90002	324900	330.90002	330900	7.0	7000	""osoba2""
""osoba3""		327.0	327000	327.30002	327300	1.3000183	1300	""osoba3""
""osoba3""		329.7	329700	336.30002	336300	7.600006	7600	""osoba3""
""osoba2""		330.0	330000	330.90002	330900	1.9000244	1900	""osoba2""
""osoba3""		331.5	331500	336.30002	336300	5.8000183	5800	""osoba3""
""osoba3""		332.40002	332400	336.30002	336300	4.899994	4899	""osoba3""
""osoba3""		333.6	333600	336.30002	336300	3.7000122	3700	""osoba3""
""osoba3""		334.80002	334800	336.30002	336300	2.5	2500	""osoba3""
""osoba3""		335.7	335700	336.30002	336300	1.6000061	1600	""osoba3""
""osoba4""		336.0	336000	340.5	340500	5.5	5500	""osoba4""
""osoba4""		339.0	339000	340.5	340500	2.5	2500	""osoba4""
""osoba4""		339.6	339600	340.5	340500	1.8999939	1899	""osoba4""
""osoba4""		340.5	340500	340.5	340500	1.0	1000	""osoba4""
""osoba2""		341.1	341100	354.0	354000	13.899994	13899	""osoba2""
""osoba3""		341.40002	341400	341.7	341700	1.2999878	1299	""osoba3""
""osoba2""		342.6	342600	354.0	354000	12.399994	12399	""osoba2""
""osoba2""		344.40002	344400	354.0	354000	10.599976	10599	""osoba2""
""osoba2""		347.1	347100	354.0	354000	7.899994	7899	""osoba2""
""osoba2""		348.0	348000	354.0	354000	7.0	7000	""osoba2""
""osoba2""		349.5	349500	354.0	354000	5.5	5500	""osoba2""
""osoba2""		351.30002	351300	354.0	354000	3.6999817	3699	""osoba2""
""osoba2""		353.40002	353400	354.0	354000	1.5999756	1599	""osoba2""
""osoba1""		353.7	353700	353.7	353700	1.0	1000	""osoba1""
""osoba2""		354.0	354000	354.0	354000	1.0	1000	""osoba2""
""osoba4""		354.30002	354300	372.0	372000	18.699982	18699	""osoba4""
""osoba4""		356.1	356100	372.0	372000	16.899994	16899	""osoba4""
""osoba4""		357.30002	357300	372.0	372000	15.699982	15699	""osoba4""
""osoba4""		359.40002	359400	372.0	372000	13.599976	13599	""osoba4""
""osoba4""		360.6	360600	372.0	372000	12.399994	12399	""osoba4""
""osoba3""		362.40002	362400	363.6	363600	2.1999817	2199	""osoba3""
""osoba4""		364.80002	364800	372.0	372000	8.199982	8199	""osoba4""
""osoba3""		366.30002	366300	367.2	367200	1.8999939	1899	""osoba3""
""osoba4""		366.6	366600	372.0	372000	6.399994	6399	""osoba4""
""osoba4""		369.0	369000	372.0	372000	4.0	4000	""osoba4""
""osoba4""		370.2	370200	372.0	372000	2.7999878	2799	""osoba4""
""osoba3""		371.7	371700	377.1	377100	6.399994	6399	""osoba3""
""osoba3""		373.2	373200	377.1	377100	4.899994	4899	""osoba3""
""osoba3""		374.40002	374400	377.1	377100	3.6999817	3699	""osoba3""
""osoba3""		375.30002	375300	377.1	377100	2.7999878	2799	""osoba3""
""osoba4""		377.40002	377400	395.40002	395400	19.0	19000	""osoba4""
""osoba4""		378.90002	378900	395.40002	395400	17.5	17500	""osoba4""
""osoba4""		381.90002	381900	395.40002	395400	14.5	14500	""osoba4""
""osoba4""		383.1	383100	395.40002	395400	13.300018	13300	""osoba4""
""osoba3""		383.7	383700	384.0	384000	1.2999878	1299	""osoba3""
""osoba4""		383.7	383700	395.40002	395400	12.700012	12700	""osoba4""
""osoba1""		384.30002	384300	388.80002	388800	5.5	5500	""osoba1""
""osoba1""		388.2	388200	388.80002	388800	1.6000061	1600	""osoba1""
""osoba3""		392.1	392100	422.1	422100	31.0	31000	""osoba3""
""osoba3""		393.30002	393300	422.1	422100	29.799988	29799	""osoba3""
""osoba4""		393.90002	393900	395.40002	395400	2.5	2500	""osoba4""
""osoba3""		395.1	395100	422.1	422100	28.0	28000	""osoba3""
""osoba3""		398.40002	398400	422.1	422100	24.699982	24699	""osoba3""
""osoba1""		398.7	398700	398.7	398700	1.0	1000	""osoba1""
""osoba2""		401.1	401100	403.50003	403500	3.4000244	3400	""osoba2""
""osoba3""		405.30002	405300	422.1	422100	17.799988	17799	""osoba3""
""osoba3""		406.80002	406800	422.1	422100	16.299988	16299	""osoba3""
""osoba3""		408.90002	408900	422.1	422100	14.199982	14199	""osoba3""
""osoba3""		409.50003	409500	422.1	422100	13.599976	13599	""osoba3""
""osoba3""		416.40002	416400	422.1	422100	6.6999817	6699	""osoba3""
""osoba3""		417.30002	417300	422.1	422100	5.799988	5799	""osoba3""
""osoba3""		417.90002	417900	422.1	422100	5.1999817	5199	""osoba3""
""osoba3""		418.50003	418500	422.1	422100	4.5999756	4599	""osoba3""
""osoba4""		419.7	419700	424.80002	424800	6.100006	6100	""osoba4""
""osoba4""		420.6	420600	424.80002	424800	5.200012	5200	""osoba4""
""osoba3""		421.2	421200	422.1	422100	1.8999939	1899	""osoba3""
""osoba2""		421.50003	421500	425.1	425100	4.5999756	4599	""osoba2""
""osoba1""		424.80002	424800	435.6	435600	11.799988	11799	""osoba1""
""osoba1""		427.2	427200	435.6	435600	9.399994	9399	""osoba1""
""osoba1""		430.2	430200	435.6	435600	6.399994	6399	""osoba1""
""osoba1""		433.50003	433500	435.6	435600	3.0999756	3099	""osoba1""
""osoba1""		434.7	434700	435.6	435600	1.8999939	1899	""osoba1""
""osoba1""		435.6	435600	435.6	435600	1.0	1000	""osoba1""
""osoba4""		436.2	436200	449.7	449700	14.5	14500	""osoba4""
""osoba4""		437.40002	437400	449.7	449700	13.299988	13299	""osoba4""
""osoba1""		438.00003	438000	438.6	438600	1.5999756	1599	""osoba1""
""osoba4""		438.00003	438000	449.7	449700	12.699982	12699	""osoba4""
""osoba4""		439.80002	439800	449.7	449700	10.899994	10899	""osoba4""
""osoba4""		441.00003	441000	449.7	449700	9.699982	9699	""osoba4""
""osoba4""		441.6	441600	449.7	449700	9.100006	9100	""osoba4""
""osoba4""		442.2	442200	449.7	449700	8.5	8500	""osoba4""
""osoba4""		442.80002	442800	449.7	449700	7.899994	7899	""osoba4""
""osoba1""		444.00003	444000	444.00003	444000	1.0	1000	""osoba1""
""osoba4""		444.30002	444300	449.7	449700	6.399994	6399	""osoba4""
""osoba4""		447.00003	447000	449.7	449700	3.6999817	3699	""osoba4""
""osoba4""		448.80002	448800	449.7	449700	1.8999939	1899	""osoba4""
""osoba2""		449.1	449100	452.7	452700	4.600006	4600	""osoba2""
""osoba3""		450.6	450600	456.30002	456300	6.700012	6700	""osoba3""
""osoba2""		452.7	452700	452.7	452700	1.0	1000	""osoba2""
""osoba1""		456.00003	456000	483.30002	483300	28.299988	28299	""osoba1""
""osoba1""		457.50003	457500	483.30002	483300	26.799988	26799	""osoba1""
""osoba1""		458.1	458100	483.30002	483300	26.200012	26200	""osoba1""
""osoba2""		459.00003	459000	462.00003	462000	4.0	4000	""osoba2""
""osoba1""		460.2	460200	483.30002	483300	24.100006	24100	""osoba1""
""osoba1""		463.80002	463800	483.30002	483300	20.5	20500	""osoba1""
""osoba1""		464.40002	464400	483.30002	483300	19.899994	19899	""osoba1""
""osoba1""		467.40002	467400	483.30002	483300	16.899994	16899	""osoba1""
""osoba1""		468.6	468600	483.30002	483300	15.700012	15700	""osoba1""
""osoba1""		471.00003	471000	483.30002	483300	13.299988	13299	""osoba1""
""osoba1""		474.6	474600	483.30002	483300	9.700012	9700	""osoba1""
""osoba1""		475.50003	475500	483.30002	483300	8.799988	8799	""osoba1""
""osoba1""		476.40002	476400	483.30002	483300	7.899994	7899	""osoba1""
""osoba4""		477.6	477600	477.90002	477900	1.3000183	1300	""osoba4""
""osoba1""		479.40002	479400	483.30002	483300	4.899994	4899	""osoba1""
""osoba3""		481.2	481200	490.80002	490800	10.600006	10600	""osoba3""
""osoba1""		482.7	482700	483.30002	483300	1.6000061	1600	""osoba1""
""osoba3""		483.00003	483000	490.80002	490800	8.799988	8799	""osoba3""
""osoba3""		485.1	485100	490.80002	490800	6.700012	6700	""osoba3""
""osoba3""		487.50003	487500	490.80002	490800	4.299988	4299	""osoba3""
""osoba3""		488.1	488100	490.80002	490800	3.7000122	3700	""osoba3""
""osoba2""		488.7	488700	514.2	514200	26.5	26500	""osoba2""
""osoba3""		488.7	488700	490.80002	490800	3.100006	3100	""osoba3""
""osoba3""		489.30002	489300	490.80002	490800	2.5	2500	""osoba3""
""osoba4""		490.2	490200	491.7	491700	2.5	2500	""osoba4""
""osoba2""		492.90002	492900	514.2	514200	22.299988	22299	""osoba2""
""osoba2""		494.1	494100	514.2	514200	21.100006	21100	""osoba2""
""osoba2""		495.30002	495300	514.2	514200	19.899994	19899	""osoba2""
""osoba2""		499.2	499200	514.2	514200	16.0	16000	""osoba2""
""osoba2""		500.1	500100	514.2	514200	15.100006	15100	""osoba2""
""osoba2""		502.80002	502800	514.2	514200	12.399994	12399	""osoba2""
""osoba3""		503.1	503100	504.30002	504300	2.2000122	2200	""osoba3""
""osoba1""		504.6	504600	504.6	504600	1.0	1000	""osoba1""
""osoba1""		507.90002	507900	508.2	508200	1.2999878	1299	""osoba1""
""osoba2""		507.90002	507900	514.2	514200	7.299988	7299	""osoba2""
""osoba4""		509.1	509100	510.30002	510300	2.2000122	2200	""osoba4""
""osoba1""		512.4	512400	519.9	519900	8.5	8500	""osoba1""
""osoba1""		513.60004	513600	519.9	519900	7.299988	7299	""osoba1""
""osoba1""		514.2	514200	519.9	519900	6.700012	6700	""osoba1""
""osoba2""		514.2	514200	514.2	514200	1.0	1000	""osoba2""
""osoba1""		515.4	515400	519.9	519900	5.5	5500	""osoba1""
""osoba1""		518.4	518400	519.9	519900	2.5	2500	""osoba1""
""osoba2""		519.30005	519300	537.0	537000	18.699951	18699	""osoba2""
""osoba2""		527.10004	527100	537.0	537000	10.899963	10899	""osoba2""
""osoba4""		527.10004	527100	527.4	527400	1.2999878	1299	""osoba4""
""osoba2""		532.80005	532800	537.0	537000	5.199951	5199	""osoba2""
""osoba2""		534.9	534900	537.0	537000	3.0999756	3099	""osoba2""
""osoba2""		535.80005	535800	537.0	537000	2.1999512	2199	""osoba2""
""osoba4""		537.0	537000	546.60004	546600	10.600037	10600	""osoba4""
""osoba4""		538.80005	538800	546.60004	546600	8.799988	8799	""osoba4""
""osoba4""		539.4	539400	546.60004	546600	8.200012	8200	""osoba4""
""osoba4""		540.60004	540600	546.60004	546600	7.0	7000	""osoba4""
""osoba2""		544.80005	544800	544.80005	544800	1.0	1000	""osoba2""
""osoba1""		546.9	546900	555.30005	555300	9.400024	9400	""osoba1""
""osoba3""		547.80005	547800	548.7	548700	1.8999634	1899	""osoba3""
""osoba1""		548.10004	548100	555.30005	555300	8.200012	8200	""osoba1""
""osoba3""		548.4	548400	548.7	548700	1.2999878	1299	""osoba3""
""osoba1""		549.30005	549300	555.30005	555300	7.0	7000	""osoba1""
""osoba1""		550.5	550500	555.30005	555300	5.800049	5800	""osoba1""
""osoba1""		551.10004	551100	555.30005	555300	5.200012	5200	""osoba1""
""osoba4""		555.30005	555300	567.9	567900	13.599976	13599	""osoba4""
""osoba3""		555.60004	555600	556.5	556500	1.8999634	1899	""osoba3""
""osoba4""		555.9	555900	567.9	567900	13.0	13000	""osoba4""
""osoba4""		557.7	557700	567.9	567900	11.200012	11200	""osoba4""
""osoba4""		558.9	558900	567.9	567900	10.0	10000	""osoba4""
""osoba4""		559.5	559500	567.9	567900	9.400024	9400	""osoba4""
""osoba4""		561.30005	561300	567.9	567900	7.5999756	7599	""osoba4""
""osoba1""		562.2	562200	562.5	562500	1.2999878	1299	""osoba1""
""osoba3""		562.5	562500	562.5	562500	1.0	1000	""osoba3""
""osoba4""		563.7	563700	567.9	567900	5.200012	5200	""osoba4""
""osoba4""		564.30005	564300	567.9	567900	4.5999756	4599	""osoba4""
""osoba1""		567.9	567900	607.80005	607800	40.900024	40900	""osoba1""
""osoba3""		568.5	568500	568.5	568500	1.0	1000	""osoba3""
""osoba1""		569.4	569400	607.80005	607800	39.400024	39400	""osoba1""
""osoba1""		570.30005	570300	607.80005	607800	38.5	38500	""osoba1""
""osoba1""		571.5	571500	607.80005	607800	37.30005	37300	""osoba1""
""osoba2""		571.80005	571800	572.10004	572100	1.2999878	1299	""osoba2""
""osoba1""		572.7	572700	607.80005	607800	36.100037	36100	""osoba1""
""osoba1""		573.9	573900	607.80005	607800	34.900024	34900	""osoba1""
""osoba1""		575.10004	575100	607.80005	607800	33.700012	33700	""osoba1""
""osoba1""		576.9	576900	607.80005	607800	31.900024	31900	""osoba1""
""osoba1""		577.80005	577800	607.80005	607800	31.0	31000	""osoba1""
""osoba1""		579.9	579900	607.80005	607800	28.900024	28900	""osoba1""
""osoba3""		579.9	579900	581.4	581400	2.5	2500	""osoba3""
""osoba1""		582.9	582900	607.80005	607800	25.900024	25900	""osoba1""
""osoba1""		583.5	583500	607.80005	607800	25.300049	25300	""osoba1""
""osoba1""		584.10004	584100	607.80005	607800	24.700012	24700	""osoba1""
""osoba1""		585.30005	585300	607.80005	607800	23.5	23500	""osoba1""
""osoba1""		587.7	587700	607.80005	607800	21.100037	21100	""osoba1""
""osoba1""		589.5	589500	607.80005	607800	19.300049	19300	""osoba1""
""osoba4""		593.4	593400	593.7	593700	1.2999878	1299	""osoba4""
""osoba1""		595.80005	595800	607.80005	607800	13.0	13000	""osoba1""
""osoba1""		600.30005	600300	607.80005	607800	8.5	8500	""osoba1""
""osoba1""		601.80005	601800	607.80005	607800	7.0	7000	""osoba1""
""osoba1""		604.80005	604800	607.80005	607800	4.0	4000	""osoba1""
""osoba1""		605.4	605400	607.80005	607800	3.4000244	3400	""osoba1""
""osoba3""		606.0	606000	609.0	609000	4.0	4000	""osoba3""
""osoba3""		607.5	607500	609.0	609000	2.5	2500	""osoba3""
""osoba2""		608.4	608400	616.2	616200	8.799988	8799	""osoba2""
""osoba2""		609.9	609900	616.2	616200	7.299988	7299	""osoba2""
""osoba3""		611.7	611700	612.0	612000	1.2999878	1299	""osoba3""
""osoba2""		612.60004	612600	616.2	616200	4.5999756	4599	""osoba2""
""osoba2""		613.80005	613800	616.2	616200	3.3999634	3399	""osoba2""
""osoba1""		614.7	614700	614.7	614700	1.0	1000	""osoba1""
""osoba2""		614.7	614700	616.2	616200	2.5	2500	""osoba2""
""osoba4""		615.9	615900	617.4	617400	2.5	2500	""osoba4""
""osoba1""		617.10004	617100	625.5	625500	9.399963	9399	""osoba1""
""osoba1""		620.4	620400	625.5	625500	6.0999756	6099	""osoba1""
""osoba1""		621.60004	621600	625.5	625500	4.8999634	4899	""osoba1""
""osoba1""		622.2	622200	625.5	625500	4.299988	4299	""osoba1""
""osoba1""		624.60004	624600	625.5	625500	1.8999634	1899	""osoba1""
""osoba1""		625.2	625200	625.5	625500	1.2999878	1299	""osoba1""
""osoba2""		625.5	625500	628.5	628500	4.0	4000	""osoba2""
""osoba2""		626.4	626400	628.5	628500	3.0999756	3099	""osoba2""
""osoba2""		627.60004	627600	628.5	628500	1.8999634	1899	""osoba2""
""osoba1""		628.5	628500	628.80005	628800	1.3000488	1300	""osoba1""
""osoba4""		628.5	628500	644.4	644400	16.900024	16900	""osoba4""
""osoba2""		630.60004	630600	631.2	631200	1.5999756	1599	""osoba2""
""osoba2""		633.60004	633600	634.2	634200	1.5999756	1599	""osoba2""
""osoba4""		635.10004	635100	644.4	644400	10.299988	10299	""osoba4""
""osoba4""		636.30005	636300	644.4	644400	9.099976	9099	""osoba4""
""osoba4""		638.4	638400	644.4	644400	7.0	7000	""osoba4""
""osoba4""		639.60004	639600	644.4	644400	5.799988	5799	""osoba4""
""osoba4""		640.2	640200	644.4	644400	5.200012	5200	""osoba4""
""osoba2""		640.5	640500	640.5	640500	1.0	1000	""osoba2""
""osoba4""		642.30005	642300	644.4	644400	3.0999756	3099	""osoba4""
""osoba3""		642.9	642900	646.2	646200	4.299988	4299	""osoba3""
""osoba4""		643.80005	643800	644.4	644400	1.5999756	1599	""osoba4""
""osoba3""		644.4	644400	646.2	646200	2.7999878	2799	""osoba3""
""osoba3""		645.0	645000	646.2	646200	2.2000122	2200	""osoba3""
""osoba1""		646.2	646200	666.0	666000	20.799988	20799	""osoba1""
""osoba1""		647.4	647400	666.0	666000	19.599976	19599	""osoba1""
""osoba4""		647.4	647400	647.7	647700	1.2999878	1299	""osoba4""
""osoba1""		648.60004	648600	666.0	666000	18.399963	18399	""osoba1""
""osoba1""		650.10004	650100	666.0	666000	16.899963	16899	""osoba1""
""osoba2""		651.30005	651300	651.30005	651300	1.0	1000	""osoba2""
""osoba1""		651.60004	651600	666.0	666000	15.399963	15399	""osoba1""
""osoba4""		653.4	653400	654.9	654900	2.5	2500	""osoba4""
""osoba4""		654.0	654000	654.9	654900	1.9000244	1900	""osoba4""
""osoba4""		654.60004	654600	654.9	654900	1.2999878	1299	""osoba4""
""osoba1""		654.9	654900	666.0	666000	12.099976	12099	""osoba1""
""osoba1""		657.60004	657600	666.0	666000	9.399963	9399	""osoba1""
""osoba1""		660.0	660000	666.0	666000	7.0	7000	""osoba1""
""osoba1""		660.60004	660600	666.0	666000	6.3999634	6399	""osoba1""
""osoba1""		661.80005	661800	666.0	666000	5.199951	5199	""osoba1""
""osoba3""		663.9	663900	668.10004	668100	5.200012	5200	""osoba3""
""osoba3""		666.9	666900	668.10004	668100	2.2000122	2200	""osoba3""
""osoba1""		668.4	668400	671.7	671700	4.299988	4299	""osoba1""
""osoba2""		671.4	671400	686.10004	686100	15.700012	15700	""osoba2""
""osoba2""		673.5	673500	686.10004	686100	13.600037	13600	""osoba2""
""osoba2""		676.80005	676800	686.10004	686100	10.299988	10299	""osoba2""
""osoba2""		677.7	677700	686.10004	686100	9.400024	9400	""osoba2""
""osoba2""		678.60004	678600	686.10004	686100	8.5	8500	""osoba2""
""osoba2""		679.80005	679800	686.10004	686100	7.299988	7299	""osoba2""
""osoba1""		680.7	680700	682.5	682500	2.7999878	2799	""osoba1""
""osoba2""		682.80005	682800	686.10004	686100	4.299988	4299	""osoba2""
""osoba2""		684.60004	684600	686.10004	686100	2.5	2500	""osoba2""
""osoba2""		685.2	685200	686.10004	686100	1.9000244	1900	""osoba2""
""osoba4""		686.10004	686100	693.60004	693600	8.5	8500	""osoba4""
""osoba4""		688.2	688200	693.60004	693600	6.4000244	6400	""osoba4""
""osoba3""		690.0	690000	690.0	690000	1.0	1000	""osoba3""
""osoba4""		691.80005	691800	693.60004	693600	2.7999878	2799	""osoba4""
""osoba4""		692.4	692400	693.60004	693600	2.2000122	2200	""osoba4""
""osoba1""		693.0	693000	704.4	704400	12.400024	12400	""osoba1""
""osoba2""		693.0	693000	693.30005	693300	1.3000488	1300	""osoba2""
""osoba1""		694.80005	694800	704.4	704400	10.599976	10599	""osoba1""
""osoba4""		696.30005	696300	696.30005	696300	1.0	1000	""osoba4""
""osoba1""		697.2	697200	704.4	704400	8.200012	8200	""osoba1""
""osoba1""		699.9	699900	704.4	704400	5.5	5500	""osoba1""
""osoba1""		701.10004	701100	704.4	704400	4.299988	4299	""osoba1""
""osoba1""		702.30005	702300	704.4	704400	3.0999756	3099	""osoba1""
""osoba3""		702.9	702900	711.30005	711300	9.400024	9400	""osoba3""
""osoba3""		706.5	706500	711.30005	711300	5.800049	5800	""osoba3""
""osoba3""		707.7	707700	711.30005	711300	4.6000366	4600	""osoba3""
""osoba3""		710.10004	710100	711.30005	711300	2.2000122	2200	""osoba3""
""osoba2""		711.30005	711300	735.9	735900	25.599976	25599	""osoba2""
""osoba2""		712.5	712500	735.9	735900	24.400024	24400	""osoba2""
""osoba1""		712.80005	712800	713.7	713700	1.8999634	1899	""osoba1""
""osoba2""		718.80005	718800	735.9	735900	18.099976	18099	""osoba2""
""osoba2""		719.7	719700	735.9	735900	17.200012	17200	""osoba2""
""osoba2""		723.0	723000	735.9	735900	13.900024	13900	""osoba2""
""osoba1""		724.80005	724800	724.80005	724800	1.0	1000	""osoba1""
""osoba2""		726.30005	726300	735.9	735900	10.599976	10599	""osoba2""
""osoba2""		727.2	727200	735.9	735900	9.700012	9700	""osoba2""
""osoba2""		727.80005	727800	735.9	735900	9.099976	9099	""osoba2""
""osoba2""		729.30005	729300	735.9	735900	7.5999756	7599	""osoba2""
""osoba2""		730.80005	730800	735.9	735900	6.0999756	6099	""osoba2""
""osoba2""		731.4	731400	735.9	735900	5.5	5500	""osoba2""
""osoba3""		732.30005	732300	739.5	739500	8.199951	8199	""osoba3""
""osoba3""		733.80005	733800	739.5	739500	6.699951	6699	""osoba3""
""osoba2""		734.4	734400	735.9	735900	2.5	2500	""osoba2""
""osoba3""		738.30005	738300	739.5	739500	2.1999512	2199	""osoba3""
""osoba3""		739.5	739500	739.5	739500	1.0	1000	""osoba3""
""osoba4""		740.10004	740100	747.0	747000	7.8999634	7899	""osoba4""
""osoba4""		741.30005	741300	747.0	747000	6.699951	6699	""osoba4""
""osoba3""		741.60004	741600	741.9	741900	1.2999878	1299	""osoba3""
""osoba1""		742.80005	742800	743.10004	743100	1.2999878	1299	""osoba1""
""osoba4""		744.0	744000	747.0	747000	4.0	4000	""osoba4""
""osoba3""		745.80005	745800	747.0	747000	2.1999512	2199	""osoba3""
""osoba2""		746.7	746700	775.50006	775500	29.800049	29800	""osoba2""
""osoba2""		749.7	749700	775.50006	775500	26.800049	26800	""osoba2""
""osoba2""		751.5	751500	775.50006	775500	25.000061	25000	""osoba2""
""osoba2""		753.0	753000	775.50006	775500	23.500061	23500	""osoba2""
""osoba2""		756.60004	756600	775.50006	775500	19.900024	19900	""osoba2""
""osoba2""		758.7	758700	775.50006	775500	17.800049	17800	""osoba2""
""osoba2""		765.60004	765600	775.50006	775500	10.900024	10900	""osoba2""
""osoba4""		766.2	766200	768.60004	768600	3.4000244	3400	""osoba4""
""osoba2""		768.60004	768600	775.50006	775500	7.9000244	7900	""osoba2""
""osoba4""		768.60004	768600	768.60004	768600	1.0	1000	""osoba4""
""osoba2""		769.80005	769800	775.50006	775500	6.700012	6700	""osoba2""
""osoba2""		771.00006	771000	775.50006	775500	5.5	5500	""osoba2""
""osoba3""		774.00006	774000	788.7	788700	15.699951	15699	""osoba3""
""osoba2""		774.9	774900	775.50006	775500	1.6000366	1600	""osoba2""
""osoba3""		776.7	776700	788.7	788700	13.0	13000	""osoba3""
""osoba3""		777.60004	777600	788.7	788700	12.099976	12099	""osoba3""
""osoba3""		778.2	778200	788.7	788700	11.5	11500	""osoba3""
""osoba3""		778.80005	778800	788.7	788700	10.899963	10899	""osoba3""
""osoba3""		779.4	779400	788.7	788700	10.299988	10299	""osoba3""
""osoba4""		783.60004	783600	783.60004	783600	1.0	1000	""osoba4""
""osoba2""		783.9	783900	783.9	783900	1.0	1000	""osoba2""
""osoba1""		788.4	788400	803.10004	803100	15.700012	15700	""osoba1""
""osoba1""		790.80005	790800	803.10004	803100	13.299988	13299	""osoba1""
""osoba1""		793.80005	793800	803.10004	803100	10.299988	10299	""osoba1""
""osoba2""		793.80005	793800	795.60004	795600	2.7999878	2799	""osoba2""
""osoba1""		798.00006	798000	803.10004	803100	6.0999756	6099	""osoba1""
""osoba1""		799.2	799200	803.10004	803100	4.9000244	4900	""osoba1""
""osoba1""		799.80005	799800	803.10004	803100	4.299988	4299	""osoba1""
""osoba1""		800.4	800400	803.10004	803100	3.7000122	3700	""osoba1""
""osoba1""		801.30005	801300	803.10004	803100	2.7999878	2799	""osoba1""
""osoba1""		802.50006	802500	803.10004	803100	1.5999756	1599	""osoba1""
""osoba3""		803.10004	803100	809.10004	809100	7.0	7000	""osoba3""
""osoba1""		808.2	808200	825.9	825900	18.700012	18700	""osoba1""
""osoba3""		808.2	808200	809.10004	809100	1.9000244	1900	""osoba3""
""osoba1""		810.30005	810300	825.9	825900	16.599976	16599	""osoba1""
""osoba2""		811.2	811200	812.10004	812100	1.9000244	1900	""osoba2""
""osoba1""		813.30005	813300	825.9	825900	13.599976	13599	""osoba1""
""osoba1""		814.2	814200	825.9	825900	12.700012	12700	""osoba1""
""osoba3""		816.30005	816300	816.30005	816300	1.0	1000	""osoba3""
""osoba2""		816.60004	816600	818.7	818700	3.0999756	3099	""osoba2""
""osoba1""		816.9	816900	825.9	825900	10.0	10000	""osoba1""
""osoba1""		820.2	820200	825.9	825900	6.700012	6700	""osoba1""
""osoba1""		821.10004	821100	825.9	825900	5.799988	5799	""osoba1""
""osoba1""		821.7	821700	825.9	825900	5.200012	5200	""osoba1""
""osoba1""		822.60004	822600	825.9	825900	4.299988	4299	""osoba1""
""osoba1""		823.2	823200	825.9	825900	3.7000122	3700	""osoba1""
""osoba1""		823.80005	823800	825.9	825900	3.0999756	3099	""osoba1""
""osoba1""		824.7	824700	825.9	825900	2.2000122	2200	""osoba1""
""osoba4""		826.2	826200	837.00006	837000	11.800049	11800	""osoba4""
""osoba4""		827.10004	827100	837.00006	837000	10.900024	10900	""osoba4""
""osoba4""		829.2	829200	837.00006	837000	8.800049	8800	""osoba4""
""osoba4""		831.9	831900	837.00006	837000	6.1000366	6100	""osoba4""
""osoba3""		832.2	832200	832.50006	832500	1.3000488	1300	""osoba3""
""osoba3""		836.10004	836100	840.60004	840600	5.5	5500	""osoba3""
""osoba4""		837.00006	837000	837.00006	837000	1.0	1000	""osoba4""
""osoba3""		837.9	837900	840.60004	840600	3.7000122	3700	""osoba3""
""osoba3""		839.7	839700	840.60004	840600	1.9000244	1900	""osoba3""
""osoba3""		840.30005	840300	840.60004	840600	1.2999878	1299	""osoba3""
""osoba1""		840.60004	840600	863.4	863400	23.799988	23799	""osoba1""
""osoba4""		841.50006	841500	841.50006	841500	1.0	1000	""osoba4""
""osoba1""		842.7	842700	863.4	863400	21.700012	21700	""osoba1""
""osoba2""		843.00006	843000	843.30005	843300	1.2999878	1299	""osoba2""
""osoba1""		843.9	843900	863.4	863400	20.5	20500	""osoba1""
""osoba1""		845.4	845400	863.4	863400	19.0	19000	""osoba1""
""osoba3""		845.7	845700	845.7	845700	1.0	1000	""osoba3""
""osoba1""		851.4	851400	863.4	863400	13.0	13000	""osoba1""
""osoba1""		853.2	853200	863.4	863400	11.200012	11200	""osoba1""
""osoba1""		853.80005	853800	863.4	863400	10.599976	10599	""osoba1""
""osoba1""		858.60004	858600	863.4	863400	5.799988	5799	""osoba1""
""osoba1""		860.10004	860100	863.4	863400	4.299988	4299	""osoba1""
""osoba1""		861.9	861900	863.4	863400	2.5	2500	""osoba1""
""osoba3""		863.10004	863100	886.2	886200	24.099976	24099	""osoba3""
""osoba1""		863.4	863400	863.4	863400	1.0	1000	""osoba1""
""osoba3""		864.9	864900	886.2	886200	22.299988	22299	""osoba3""
""osoba3""		868.80005	868800	886.2	886200	18.399963	18399	""osoba3""
""osoba1""		871.2	871200	871.2	871200	1.0	1000	""osoba1""
""osoba3""		872.7	872700	886.2	886200	14.5	14500	""osoba3""
""osoba4""		873.60004	873600	874.2	874200	1.5999756	1599	""osoba4""
""osoba2""		874.2	874200	875.7	875700	2.5	2500	""osoba2""
""osoba3""		878.4	878400	886.2	886200	8.799988	8799	""osoba3""
""osoba3""		879.60004	879600	886.2	886200	7.5999756	7599	""osoba3""
""osoba2""		883.50006	883500	883.80005	883800	1.2999878	1299	""osoba2""
""osoba3""		885.60004	885600	886.2	886200	1.5999756	1599	""osoba3""
""osoba4""		886.2	886200	900.30005	900300	15.100037	15100	""osoba4""
""osoba4""		887.10004	887100	900.30005	900300	14.200012	14200	""osoba4""
""osoba4""		891.60004	891600	900.30005	900300	9.700012	9700	""osoba4""
""osoba1""		891.9	891900	895.2	895200	4.299988	4299	""osoba1""
""osoba4""		893.4	893400	900.30005	900300	7.9000244	7900	""osoba4""
""osoba2""		894.00006	894000	895.50006	895500	2.5	2500	""osoba2""
""osoba4""		894.30005	894300	900.30005	900300	7.0	7000	""osoba4""
""osoba4""		896.4	896400	900.30005	900300	4.9000244	4900	""osoba4""
""osoba4""		898.80005	898800	900.30005	900300	2.5	2500	""osoba4""
""osoba1""		899.4	899400	901.2	901200	2.7999878	2799	""osoba1""
""osoba4""		899.4	899400	900.30005	900300	1.9000244	1900	""osoba4""
""osoba1""		900.9	900900	901.2	901200	1.2999878	1299	""osoba1""
""osoba2""		901.2	901200	901.2	901200	1.0	1000	""osoba2""
""osoba3""		901.2	901200	915.9	915900	15.700012	15700	""osoba3""
""osoba3""		903.30005	903300	915.9	915900	13.599976	13599	""osoba3""
""osoba3""		906.30005	906300	915.9	915900	10.599976	10599	""osoba3""
""osoba3""		908.4	908400	915.9	915900	8.5	8500	""osoba3""
""osoba3""		909.00006	909000	915.9	915900	7.8999634	7899	""osoba3""
""osoba3""		909.60004	909600	915.9	915900	7.299988	7299	""osoba3""
""osoba3""		912.60004	912600	915.9	915900	4.299988	4299	""osoba3""
""osoba2""		915.00006	915000	945.00006	945000	31.0	31000	""osoba2""
""osoba3""		915.9	915900	915.9	915900	1.0	1000	""osoba3""
""osoba1""		916.2	916200	916.2	916200	1.0	1000	""osoba1""
""osoba2""		917.10004	917100	945.00006	945000	28.900024	28900	""osoba2""
""osoba3""		919.50006	919500	919.50006	919500	1.0	1000	""osoba3""
""osoba2""		920.7	920700	945.00006	945000	25.300049	25300	""osoba2""
""osoba1""		921.9	921900	921.9	921900	1.0	1000	""osoba1""
""osoba2""		922.50006	922500	945.00006	945000	23.5	23500	""osoba2""
""osoba2""		923.7	923700	945.00006	945000	22.300049	22300	""osoba2""
""osoba2""		924.60004	924600	945.00006	945000	21.400024	21400	""osoba2""
""osoba2""		925.2	925200	945.00006	945000	20.800049	20800	""osoba2""
""osoba2""		927.00006	927000	945.00006	945000	19.0	19000	""osoba2""
""osoba2""		929.4	929400	945.00006	945000	16.600037	16600	""osoba2""
""osoba2""		930.9	930900	945.00006	945000	15.100037	15100	""osoba2""
""osoba2""		932.4	932400	945.00006	945000	13.600037	13600	""osoba2""
""osoba2""		933.9	933900	945.00006	945000	12.100037	12100	""osoba2""
""osoba3""		937.80005	937800	940.2	940200	3.3999634	3399	""osoba3""
""osoba2""		938.7	938700	945.00006	945000	7.300049	7300	""osoba2""
""osoba1""		942.00006	942000	949.80005	949800	8.799988	8799	""osoba1""
""osoba1""		943.80005	943800	949.80005	949800	7.0	7000	""osoba1""
""osoba2""		944.7	944700	945.00006	945000	1.3000488	1300	""osoba2""
""osoba3""		945.60004	945600	950.7	950700	6.0999756	6099	""osoba3""
""osoba1""		945.9	945900	949.80005	949800	4.9000244	4900	""osoba1""
""osoba2""		950.7	950700	1009.2	1009200	59.5	59500	""osoba2""
""osoba3""		954.9	954900	955.2	955200	1.2999878	1299	""osoba3""
""osoba1""		956.4	956400	957.00006	957000	1.6000366	1600	""osoba1""
""osoba2""		959.10004	959100	1009.2	1009200	51.099976	51099	""osoba2""
""osoba4""		960.00006	960000	961.50006	961500	2.5	2500	""osoba4""
""osoba2""		963.00006	963000	1009.2	1009200	47.19995	47199	""osoba2""
""osoba2""		963.9	963900	1009.2	1009200	46.299988	46299	""osoba2""
""osoba2""		971.4	971400	1009.2	1009200	38.799988	38799	""osoba2""
""osoba2""		974.4	974400	1009.2	1009200	35.799988	35799	""osoba2""
""osoba2""		977.4	977400	1009.2	1009200	32.799988	32799	""osoba2""
""osoba2""		978.60004	978600	1009.2	1009200	31.599976	31599	""osoba2""
""osoba2""		981.00006	981000	1009.2	1009200	29.199951	29199	""osoba2""
""osoba2""		983.10004	983100	1009.2	1009200	27.099976	27099	""osoba2""
""osoba1""		983.4	983400	985.50006	985500	3.1000366	3100	""osoba1""
""osoba3""		983.7	983700	984.00006	984000	1.3000488	1300	""osoba3""
""osoba2""		987.00006	987000	1009.2	1009200	23.199951	23199	""osoba2""
""osoba2""		989.4	989400	1009.2	1009200	20.799988	20799	""osoba2""
""osoba2""		990.9	990900	1009.2	1009200	19.299988	19299	""osoba2""
""osoba2""		995.4	995400	1009.2	1009200	14.799988	14799	""osoba2""
""osoba2""		996.30005	996300	1009.2	1009200	13.899963	13899	""osoba2""
""osoba2""		997.80005	997800	1009.2	1009200	12.399963	12399	""osoba2""
""osoba2""		999.60004	999600	1009.2	1009200	10.599976	10599	""osoba2""
""osoba2""		1001.7	1001700	1009.2	1009200	8.5	8500	""osoba2""
""osoba2""		1005.9	1005900	1009.2	1009200	4.299988	4299	""osoba2""
""osoba2""		1008.00006	1008000	1009.2	1009200	2.1999512	2199	""osoba2""
""osoba4""		1008.60004	1008600	1034.4	1034400	26.799988	26799	""osoba4""
""osoba4""		1010.4	1010400	1034.4	1034400	25.0	25000	""osoba4""
""osoba3""		1011.30005	1011300	1013.7	1013700	3.3999634	3399	""osoba3""
""osoba4""		1011.30005	1011300	1034.4	1034400	24.099976	24099	""osoba4""
""osoba4""		1012.80005	1012800	1034.4	1034400	22.599976	22599	""osoba4""
""osoba2""		1013.4	1013400	1014.30005	1014300	1.9000244	1900	""osoba2""
""osoba4""		1015.50006	1015500	1034.4	1034400	19.899963	19899	""osoba4""
""osoba4""		1019.7	1019700	1034.4	1034400	15.700012	15700	""osoba4""
""osoba4""		1020.30005	1020300	1034.4	1034400	15.099976	15099	""osoba4""
""osoba4""		1021.50006	1021500	1034.4	1034400	13.899963	13899	""osoba4""
""osoba4""		1022.10004	1022100	1034.4	1034400	13.299988	13299	""osoba4""
""osoba4""		1023.60004	1023600	1034.4	1034400	11.799988	11799	""osoba4""
""osoba2""		1026.3	1026300	1026.3	1026300	1.0	1000	""osoba2""
""osoba4""		1026.9	1026900	1034.4	1034400	8.5	8500	""osoba4""
""osoba1""		1028.4	1028400	1044.3	1044300	16.900024	16900	""osoba1""
""osoba1""		1029.6001	1029600	1044.3	1044300	15.699951	15699	""osoba1""
""osoba4""		1029.9	1029900	1034.4	1034400	5.5	5500	""osoba4""
""osoba1""		1031.4	1031400	1044.3	1044300	13.900024	13900	""osoba1""
""osoba1""		1032.3	1032300	1044.3	1044300	13.0	13000	""osoba1""
""osoba4""		1032.3	1032300	1034.4	1034400	3.0999756	3099	""osoba4""
""osoba4""		1032.9	1032900	1034.4	1034400	2.5	2500	""osoba4""
""osoba1""		1033.5	1033500	1044.3	1044300	11.800049	11800	""osoba1""
""osoba4""		1033.5	1033500	1034.4	1034400	1.9000244	1900	""osoba4""
""osoba1""		1034.1001	1034100	1044.3	1044300	11.199951	11199	""osoba1""
""osoba1""		1036.2001	1036200	1044.3	1044300	9.099976	9099	""osoba1""
""osoba1""		1036.8	1036800	1044.3	1044300	8.5	8500	""osoba1""
""osoba1""		1040.4	1040400	1044.3	1044300	4.9000244	4900	""osoba1""
""osoba1""		1041.0	1041000	1044.3	1044300	4.300049	4300	""osoba1""
""osoba4""		1042.2001	1042200	1042.8	1042800	1.5999756	1599	""osoba4""
""osoba4""		1045.2001	1045200	1048.8	1048800	4.5999756	4599	""osoba4""
""osoba3""		1045.5	1045500	1046.1001	1046100	1.6000977	1600	""osoba3""
""osoba1""		1048.8	1048800	1051.5	1051500	3.6999512	3699	""osoba1""
""osoba4""		1048.8	1048800	1048.8	1048800	1.0	1000	""osoba4""
""osoba1""		1050.9	1050900	1051.5	1051500	1.5999756	1599	""osoba1""
""osoba3""		1051.8	1051800	1053.9	1053900	3.0999756	3099	""osoba3""
""osoba2""		1052.7001	1052700	1056.6001	1056600	4.9000244	4900	""osoba2""
""osoba4""		1056.0	1056000	1059.9	1059900	4.9000244	4900	""osoba4""
""osoba4""		1058.7001	1058700	1059.9	1059900	2.1999512	2199	""osoba4""
""osoba3""		1059.3	1059300	1062.9	1062900	4.5999756	4599	""osoba3""
""osoba3""		1060.5	1060500	1062.9	1062900	3.4000244	3400	""osoba3""
""osoba2""		1061.7001	1061700	1062.0	1062000	1.2999268	1299	""osoba2""
""osoba1""		1063.2001	1063200	1071.9	1071900	9.699951	9699	""osoba1""
""osoba2""		1066.2001	1066200	1066.5	1066500	1.2999268	1299	""osoba2""
""osoba3""		1066.2001	1066200	1066.8	1066800	1.5999756	1599	""osoba3""
""osoba1""		1067.1001	1067100	1071.9	1071900	5.7999268	5799	""osoba1""
""osoba1""		1068.6001	1068600	1071.9	1071900	4.2999268	4299	""osoba1""
""osoba1""		1069.5	1069500	1071.9	1071900	3.4000244	3400	""osoba1""
""osoba1""		1070.4	1070400	1071.9	1071900	2.5	2500	""osoba1""
""osoba1""		1071.0	1071000	1071.9	1071900	1.9000244	1900	""osoba1""
""osoba3""		1072.2001	1072200	1086.6001	1086600	15.400024	15400	""osoba3""
""osoba3""		1075.5	1075500	1086.6001	1086600	12.100098	12100	""osoba3""
""osoba3""		1076.1001	1076100	1086.6001	1086600	11.5	11500	""osoba3""
""osoba1""		1080.6001	1080600	1081.8	1081800	2.1999512	2199	""osoba1""
""osoba3""		1080.9	1080900	1086.6001	1086600	6.7000732	6700	""osoba3""
""osoba1""		1084.8	1084800	1084.8	1084800	1.0	1000	""osoba1""
""osoba3""		1086.0	1086000	1086.6001	1086600	1.6000977	1600	""osoba3""
""osoba2""		1086.6001	1086600	1097.1001	1097100	11.5	11500	""osoba2""
""osoba2""		1088.7001	1088700	1097.1001	1097100	9.400024	9400	""osoba2""
""osoba4""		1089.0	1089000	1089.3	1089300	1.3000488	1300	""osoba4""
""osoba2""		1090.8	1090800	1097.1001	1097100	7.300049	7300	""osoba2""
""osoba2""		1095.6001	1095600	1097.1001	1097100	2.5	2500	""osoba2""
""osoba2""		1096.5	1096500	1097.1001	1097100	1.6000977	1600	""osoba2""
""osoba4""		1097.1001	1097100	1110.0	1110000	13.899902	13899	""osoba4""
""osoba3""		1097.4	1097400	1097.4	1097400	1.0	1000	""osoba3""
""osoba1""		1098.3	1098300	1098.6001	1098600	1.3000488	1300	""osoba1""
""osoba2""		1099.8	1099800	1102.2001	1102200	3.4000244	3400	""osoba2""
""osoba4""		1100.4	1100400	1110.0	1110000	10.599976	10599	""osoba4""
""osoba4""		1104.6001	1104600	1110.0	1110000	6.3999023	6399	""osoba4""
""osoba4""		1105.2001	1105200	1110.0	1110000	5.7999268	5799	""osoba4""
""osoba4""		1105.8	1105800	1110.0	1110000	5.199951	5199	""osoba4""
""osoba4""		1107.0	1107000	1110.0	1110000	4.0	4000	""osoba4""
""osoba3""		1107.3	1107300	1107.9	1107900	1.5999756	1599	""osoba3""
""osoba4""		1108.2001	1108200	1110.0	1110000	2.7999268	2799	""osoba4""
""osoba1""		1108.5	1108500	1123.2001	1123200	15.700073	15700	""osoba1""
""osoba3""		1111.5	1111500	1111.5	1111500	1.0	1000	""osoba3""
""osoba4""		1115.7001	1115700	1119.3	1119300	4.5999756	4599	""osoba4""
""osoba2""		1118.1001	1118100	1118.4	1118400	1.2999268	1299	""osoba2""
""osoba2""		1120.8	1120800	1143.0	1143000	23.199951	23199	""osoba2""
""osoba2""		1127.4	1127400	1143.0	1143000	16.599976	16599	""osoba2""
""osoba2""		1130.1001	1130100	1143.0	1143000	13.899902	13899	""osoba2""
""osoba2""		1132.8	1132800	1143.0	1143000	11.199951	11199	""osoba2""
""osoba3""		1133.7001	1133700	1134.9	1134900	2.1999512	2199	""osoba3""
""osoba2""		1137.6001	1137600	1143.0	1143000	6.3999023	6399	""osoba2""
""osoba2""		1138.5	1138500	1143.0	1143000	5.5	5500	""osoba2""
""osoba2""		1139.1001	1139100	1143.0	1143000	4.8999023	4899	""osoba2""
""osoba2""		1142.1001	1142100	1143.0	1143000	1.8999023	1899	""osoba2""
""osoba2""		1142.7001	1142700	1143.0	1143000	1.2999268	1299	""osoba2""
""osoba3""		1143.0	1143000	1148.4	1148400	6.4000244	6400	""osoba3""
""osoba3""		1145.1001	1145100	1148.4	1148400	4.2999268	4299	""osoba3""
""osoba3""		1145.7001	1145700	1148.4	1148400	3.6999512	3699	""osoba3""
""osoba1""		1148.7001	1148700	1154.1001	1154100	6.4000244	6400	""osoba1""
""osoba1""		1152.6001	1152600	1154.1001	1154100	2.5	2500	""osoba1""
""osoba1""		1153.2001	1153200	1154.1001	1154100	1.9000244	1900	""osoba1""
""osoba2""		1154.4	1154400	1168.8	1168800	15.400024	15400	""osoba2""
""osoba2""		1156.2001	1156200	1168.8	1168800	13.599976	13599	""osoba2""
""osoba2""		1156.8	1156800	1168.8	1168800	13.0	13000	""osoba2""
""osoba2""		1157.7001	1157700	1168.8	1168800	12.099976	12099	""osoba2""
""osoba2""		1158.6001	1158600	1168.8	1168800	11.199951	11199	""osoba2""
""osoba1""		1160.1001	1160100	1161.3	1161300	2.1999512	2199	""osoba1""
""osoba1""		1161.3	1161300	1161.3	1161300	1.0	1000	""osoba1""
""osoba1""		1166.1001	1166100	1166.4	1166400	1.2999268	1299	""osoba1""
""osoba1""		1168.8	1168800	1176.3	1176300	8.5	8500	""osoba1""
""osoba3""		1168.8	1168800	1168.8	1168800	1.0	1000	""osoba3""
""osoba1""		1173.3	1173300	1176.3	1176300	4.0	4000	""osoba1""
""osoba1""		1175.4	1175400	1176.3	1176300	1.9000244	1900	""osoba1""
""osoba2""		1176.0	1176000	1185.6001	1185600	10.600098	10600	""osoba2""
""osoba2""		1177.5	1177500	1185.6001	1185600	9.100098	9100	""osoba2""
""osoba2""		1180.5	1180500	1185.6001	1185600	6.1000977	6100	""osoba2""
""osoba4""		1184.1001	1184100	1203.9	1203900	20.799927	20799	""osoba4""
""osoba2""		1185.6001	1185600	1185.6001	1185600	1.0	1000	""osoba2""
""osoba4""		1186.2001	1186200	1203.9	1203900	18.699951	18699	""osoba4""
""osoba4""		1188.0	1188000	1203.9	1203900	16.900024	16900	""osoba4""
""osoba4""		1188.9	1188900	1203.9	1203900	16.0	16000	""osoba4""
""osoba4""		1189.8	1189800	1203.9	1203900	15.099976	15099	""osoba4""
""osoba4""		1191.0	1191000	1203.9	1203900	13.900024	13900	""osoba4""
""osoba4""		1192.5	1192500	1203.9	1203900	12.400024	12400	""osoba4""
""osoba3""		1195.2001	1195200	1196.7001	1196700	2.5	2500	""osoba3""
""osoba3""		1196.4	1196400	1196.7001	1196700	1.3000488	1300	""osoba3""
""osoba4""		1197.6001	1197600	1203.9	1203900	7.2999268	7299	""osoba4""
""osoba4""		1199.4	1199400	1203.9	1203900	5.5	5500	""osoba4""
""osoba1""		1200.0	1200000	1201.8	1201800	2.8000488	2800	""osoba1""
""osoba3""		1203.9	1203900	1207.8	1207800	4.9000244	4900	""osoba3""
""osoba3""		1205.1001	1205100	1207.8	1207800	3.6999512	3699	""osoba3""
""osoba1""		1205.7001	1205700	1209.6001	1209600	4.9000244	4900	""osoba1""
""osoba1""		1207.2001	1207200	1209.6001	1209600	3.4000244	3400	""osoba1""
""osoba2""		1208.1001	1208100	1208.1001	1208100	1.0	1000	""osoba2""
""osoba4""		1209.9	1209900	1218.3	1218300	9.400024	9400	""osoba4""
""osoba4""		1212.0	1212000	1218.3	1218300	7.300049	7300	""osoba4""
""osoba4""		1212.9	1212900	1218.3	1218300	6.4000244	6400	""osoba4""
""osoba4""		1215.9	1215900	1218.3	1218300	3.4000244	3400	""osoba4""
""osoba3""		1216.8	1216800	1220.7001	1220700	4.9000244	4900	""osoba3""
""osoba1""		1220.1001	1220100	1256.1001	1256100	37.0	37000	""osoba1""
""osoba3""		1220.1001	1220100	1220.7001	1220700	1.5999756	1599	""osoba3""
""osoba1""		1222.5	1222500	1256.1001	1256100	34.600098	34600	""osoba1""
""osoba4""		1222.5	1222500	1224.0	1224000	2.5	2500	""osoba4""
""osoba1""		1225.2001	1225200	1256.1001	1256100	31.900024	31900	""osoba1""
""osoba1""		1228.5	1228500	1256.1001	1256100	28.600098	28600	""osoba1""
""osoba4""		1229.7001	1229700	1230.9	1230900	2.1999512	2199	""osoba4""
""osoba1""		1232.4	1232400	1256.1001	1256100	24.700073	24700	""osoba1""
""osoba3""		1233.9	1233900	1234.5	1234500	1.5999756	1599	""osoba3""
""osoba1""		1237.2001	1237200	1256.1001	1256100	19.900024	19900	""osoba1""
""osoba1""		1239.6001	1239600	1256.1001	1256100	17.5	17500	""osoba1""
""osoba1""		1241.1001	1241100	1256.1001	1256100	16.0	16000	""osoba1""
""osoba1""		1244.1001	1244100	1256.1001	1256100	13.0	13000	""osoba1""
""osoba4""		1244.4	1244400	1244.4	1244400	1.0	1000	""osoba4""
""osoba1""		1245.0	1245000	1256.1001	1256100	12.100098	12100	""osoba1""
""osoba1""		1245.6001	1245600	1256.1001	1256100	11.5	11500	""osoba1""
""osoba1""		1250.4	1250400	1256.1001	1256100	6.7000732	6700	""osoba1""
""osoba1""		1251.3	1251300	1256.1001	1256100	5.800049	5800	""osoba1""
""osoba1""		1253.7001	1253700	1256.1001	1256100	3.4000244	3400	""osoba1""
""osoba1""		1254.3	1254300	1256.1001	1256100	2.8000488	2800	""osoba1""
""osoba3""		1254.6001	1254600	1265.1001	1265100	11.5	11500	""osoba3""
""osoba1""		1254.9	1254900	1256.1001	1256100	2.2000732	2200	""osoba1""
""osoba3""		1257.9	1257900	1265.1001	1265100	8.200073	8200	""osoba3""
""osoba3""		1258.8	1258800	1265.1001	1265100	7.300049	7300	""osoba3""
""osoba3""		1260.9	1260900	1265.1001	1265100	5.2000732	5200	""osoba3""
""osoba3""		1261.5	1261500	1265.1001	1265100	4.6000977	4600	""osoba3""
""osoba3""		1263.6001	1263600	1265.1001	1265100	2.5	2500	""osoba3""
""osoba3""		1264.5	1264500	1265.1001	1265100	1.6000977	1600	""osoba3""
""osoba2""		1265.1001	1265100	1273.8	1273800	9.699951	9699	""osoba2""
""osoba2""		1266.9	1266900	1273.8	1273800	7.9000244	7900	""osoba2""
""osoba2""		1272.3	1272300	1273.8	1273800	2.5	2500	""osoba2""
""osoba2""		1273.2001	1273200	1273.8	1273800	1.5999756	1599	""osoba2""
""osoba1""		1274.4	1274400	1295.1001	1295100	21.700073	21700	""osoba1""
""osoba1""		1275.9	1275900	1295.1001	1295100	20.200073	20200	""osoba1""
""osoba1""		1276.5	1276500	1295.1001	1295100	19.600098	19600	""osoba1""
""osoba1""		1278.6001	1278600	1295.1001	1295100	17.5	17500	""osoba1""
""osoba1""		1279.5	1279500	1295.1001	1295100	16.600098	16600	""osoba1""
""osoba1""		1280.1001	1280100	1295.1001	1295100	16.0	16000	""osoba1""
""osoba1""		1284.3	1284300	1295.1001	1295100	11.800049	11800	""osoba1""
""osoba1""		1286.1001	1286100	1295.1001	1295100	10.0	10000	""osoba1""
""osoba4""		1286.1001	1286100	1287.3	1287300	2.1999512	2199	""osoba4""
""osoba1""		1288.2001	1288200	1295.1001	1295100	7.9000244	7900	""osoba1""
""osoba1""		1293.0	1293000	1295.1001	1295100	3.1000977	3100	""osoba1""
""osoba3""		1294.8	1294800	1315.2001	1315200	21.400024	21400	""osoba3""
""osoba1""		1295.1001	1295100	1295.1001	1295100	1.0	1000	""osoba1""
""osoba3""		1296.3	1296300	1315.2001	1315200	19.900024	19900	""osoba3""
""osoba3""		1297.8	1297800	1315.2001	1315200	18.400024	18400	""osoba3""
""osoba3""		1298.7001	1298700	1315.2001	1315200	17.5	17500	""osoba3""
""osoba3""		1299.6001	1299600	1315.2001	1315200	16.599976	16599	""osoba3""
""osoba3""		1300.8	1300800	1315.2001	1315200	15.400024	15400	""osoba3""
""osoba3""		1302.0	1302000	1315.2001	1315200	14.200073	14200	""osoba3""
""osoba2""		1302.6001	1302600	1308.3	1308300	6.699951	6699	""osoba2""
""osoba3""		1302.6001	1302600	1315.2001	1315200	13.599976	13599	""osoba3""
""osoba2""		1304.7001	1304700	1308.3	1308300	4.5999756	4599	""osoba2""
""osoba3""		1309.8	1309800	1315.2001	1315200	6.4000244	6400	""osoba3""
""osoba3""		1310.7001	1310700	1315.2001	1315200	5.5	5500	""osoba3""
""osoba3""		1312.5	1312500	1315.2001	1315200	3.7000732	3700	""osoba3""
""osoba2""		1313.4	1313400	1313.7001	1313700	1.3000488	1300	""osoba2""
""osoba4""		1315.2001	1315200	1342.8	1342800	28.599976	28599	""osoba4""
""osoba2""		1316.4	1316400	1316.4	1316400	1.0	1000	""osoba2""
""osoba4""		1317.3	1317300	1342.8	1342800	26.5	26500	""osoba4""
""osoba4""		1319.4	1319400	1342.8	1342800	24.400024	24400	""osoba4""
""osoba4""		1320.3	1320300	1342.8	1342800	23.5	23500	""osoba4""
""osoba2""		1320.6001	1320600	1320.9	1320900	1.2999268	1299	""osoba2""
""osoba4""		1321.8	1321800	1342.8	1342800	22.0	22000	""osoba4""
""osoba4""		1323.0	1323000	1342.8	1342800	20.800049	20800	""osoba4""
""osoba4""		1324.8	1324800	1342.8	1342800	19.0	19000	""osoba4""
""osoba4""		1325.7001	1325700	1342.8	1342800	18.099976	18099	""osoba4""
""osoba1""		1329.0	1329000	1329.3	1329300	1.3000488	1300	""osoba1""
""osoba4""		1331.4	1331400	1342.8	1342800	12.400024	12400	""osoba4""
""osoba4""		1332.3	1332300	1342.8	1342800	11.5	11500	""osoba4""
""osoba4""		1337.4	1337400	1342.8	1342800	6.4000244	6400	""osoba4""
""osoba2""		1338.6001	1338600	1339.2001	1339200	1.5999756	1599	""osoba2""
""osoba4""		1340.4	1340400	1342.8	1342800	3.4000244	3400	""osoba4""
""osoba2""		1341.3	1341300	1350.0	1350000	9.699951	9699	""osoba2""
""osoba2""		1344.6001	1344600	1350.0	1350000	6.3999023	6399	""osoba2""
""osoba2""		1345.8	1345800	1350.0	1350000	5.199951	5199	""osoba2""
""osoba2""		1347.6001	1347600	1350.0	1350000	3.3999023	3399	""osoba2""
""osoba3""		1349.1001	1349100	1353.9	1353900	5.7999268	5799	""osoba3""
""osoba4""		1349.1001	1349100	1349.4	1349400	1.2999268	1299	""osoba4""
""osoba3""		1351.2001	1351200	1353.9	1353900	3.6999512	3699	""osoba3""
""osoba3""		1353.3	1353300	1353.9	1353900	1.5999756	1599	""osoba3""
""osoba4""		1353.9	1353900	1361.4	1361400	8.5	8500	""osoba4""
""osoba2""		1355.1001	1355100	1355.1001	1355100	1.0	1000	""osoba2""
""osoba4""		1355.4	1355400	1361.4	1361400	7.0	7000	""osoba4""
""osoba4""		1356.9	1356900	1361.4	1361400	5.5	5500	""osoba4""
""osoba1""		1359.0	1359000	1364.7001	1364700	6.7000732	6700	""osoba1""
""osoba4""		1359.9	1359900	1361.4	1361400	2.5	2500	""osoba4""
""osoba1""		1360.8	1360800	1364.7001	1364700	4.9000244	4900	""osoba1""
""osoba1""		1362.9	1362900	1364.7001	1364700	2.8000488	2800	""osoba1""
""osoba4""		1363.8	1363800	1370.1001	1370100	7.300049	7300	""osoba4""
""osoba1""		1364.4	1364400	1364.7001	1364700	1.3000488	1300	""osoba1""
""osoba2""		1365.6001	1365600	1373.4	1373400	8.799927	8799	""osoba2""
""osoba2""		1366.8	1366800	1373.4	1373400	7.5999756	7599	""osoba2""
""osoba2""		1371.6001	1371600	1373.4	1373400	2.7999268	2799	""osoba2""
""osoba1""		1373.1001	1373100	1375.5	1375500	3.3999023	3399	""osoba1""
""osoba1""		1374.9	1374900	1375.5	1375500	1.5999756	1599	""osoba1""
""osoba2""		1376.1001	1376100	1380.3	1380300	5.199951	5199	""osoba2""
""osoba3""		1376.4	1376400	1382.4	1382400	7.0	7000	""osoba3""
""osoba4""		1379.7001	1379700	1391.4	1391400	12.699951	12699	""osoba4""
""osoba4""		1383.6001	1383600	1391.4	1391400	8.799927	8799	""osoba4""
""osoba4""		1384.5	1384500	1391.4	1391400	7.9000244	7900	""osoba4""
""osoba4""		1385.4	1385400	1391.4	1391400	7.0	7000	""osoba4""
""osoba1""		1391.1001	1391100	1397.4	1397400	7.2999268	7299	""osoba1""
""osoba2""		1392.6001	1392600	1392.6001	1392600	1.0	1000	""osoba2""
""osoba1""		1393.8	1393800	1397.4	1397400	4.5999756	4599	""osoba1""
""osoba1""		1395.3	1395300	1397.4	1397400	3.0999756	3099	""osoba1""
""osoba4""		1396.2001	1396200	1403.7001	1403700	8.5	8500	""osoba4""
""osoba4""		1398.3	1398300	1403.7001	1403700	6.4000244	6400	""osoba4""
""osoba4""		1398.9	1398900	1403.7001	1403700	5.800049	5800	""osoba4""
""osoba4""		1402.2001	1402200	1403.7001	1403700	2.5	2500	""osoba4""
""osoba3""		1402.5	1402500	1415.4	1415400	13.900024	13900	""osoba3""
""osoba3""		1404.6001	1404600	1415.4	1415400	11.799927	11799	""osoba3""
""osoba3""		1405.5	1405500	1415.4	1415400	10.900024	10900	""osoba3""
""osoba3""		1406.4	1406400	1415.4	1415400	10.0	10000	""osoba3""
""osoba3""		1407.0	1407000	1415.4	1415400	9.400024	9400	""osoba3""
""osoba3""		1408.2001	1408200	1415.4	1415400	8.199951	8199	""osoba3""
""osoba3""		1408.8	1408800	1415.4	1415400	7.5999756	7599	""osoba3""
""osoba3""		1410.3	1410300	1415.4	1415400	6.0999756	6099	""osoba3""
""osoba3""		1410.9	1410900	1415.4	1415400	5.5	5500	""osoba3""
""osoba3""		1412.1001	1412100	1415.4	1415400	4.2999268	4299	""osoba3""
""osoba3""		1412.7001	1412700	1415.4	1415400	3.6999512	3699	""osoba3""
""osoba3""		1413.6001	1413600	1415.4	1415400	2.7999268	2799	""osoba3""
""osoba3""		1414.5	1414500	1415.4	1415400	1.9000244	1900	""osoba3""
""osoba2""		1416.0	1416000	1416.6001	1416600	1.6000977	1600	""osoba2""
""osoba4""		1416.0	1416000	1428.9	1428900	13.900024	13900	""osoba4""
""osoba1""		1418.4	1418400	1418.4	1418400	1.0	1000	""osoba1""
""osoba4""		1419.0	1419000	1428.9	1428900	10.900024	10900	""osoba4""
""osoba2""		1420.2001	1420200	1420.2001	1420200	1.0	1000	""osoba2""
""osoba3""		1424.4	1424400	1426.2001	1426200	2.8000488	2800	""osoba3""
""osoba4""		1425.3	1425300	1428.9	1428900	4.5999756	4599	""osoba4""
""osoba4""		1427.7001	1427700	1428.9	1428900	2.1999512	2199	""osoba4""
""osoba3""		1428.6001	1428600	1447.5	1447500	19.899902	19899	""osoba3""
""osoba2""		1432.2001	1432200	1432.8	1432800	1.5999756	1599	""osoba2""
""osoba3""		1432.2001	1432200	1447.5	1447500	16.299927	16299	""osoba3""
""osoba3""		1436.1001	1436100	1447.5	1447500	12.399902	12399	""osoba3""
""osoba3""		1437.6001	1437600	1447.5	1447500	10.899902	10899	""osoba3""
""osoba3""		1438.5	1438500	1447.5	1447500	10.0	10000	""osoba3""
""osoba3""		1439.7001	1439700	1447.5	1447500	8.799927	8799	""osoba3""
""osoba3""		1440.6001	1440600	1447.5	1447500	7.8999023	7899	""osoba3""
""osoba1""		1446.0	1446000	1459.8	1459800	14.800049	14800	""osoba1""
""osoba1""		1448.4	1448400	1459.8	1459800	12.400024	12400	""osoba1""
""osoba1""		1449.3	1449300	1459.8	1459800	11.5	11500	""osoba1""
""osoba1""		1449.9	1449900	1459.8	1459800	10.900024	10900	""osoba1""
""osoba1""		1457.7001	1457700	1459.8	1459800	3.0999756	3099	""osoba1""
""osoba2""		1458.0	1458000	1458.6001	1458600	1.6000977	1600	""osoba2""
""osoba3""		1460.4	1460400	1474.2001	1474200	14.800049	14800	""osoba3""
""osoba3""		1461.3	1461300	1474.2001	1474200	13.900024	13900	""osoba3""
""osoba3""		1463.1001	1463100	1474.2001	1474200	12.099976	12099	""osoba3""
""osoba3""		1464.6001	1464600	1474.2001	1474200	10.599976	10599	""osoba3""
""osoba3""		1467.6001	1467600	1474.2001	1474200	7.5999756	7599	""osoba3""
""osoba2""		1468.2001	1468200	1469.1001	1469100	1.9000244	1900	""osoba2""
""osoba4""		1468.2001	1468200	1469.4	1469400	2.1999512	2199	""osoba4""
""osoba3""		1470.6001	1470600	1474.2001	1474200	4.5999756	4599	""osoba3""
""osoba1""		1474.2001	1474200	1477.8	1477800	4.5999756	4599	""osoba1""
""osoba1""		1476.3	1476300	1477.8	1477800	2.5	2500	""osoba1""
""osoba4""		1478.1001	1478100	1502.1001	1502100	25.0	25000	""osoba4""
""osoba4""		1480.2001	1480200	1502.1001	1502100	22.900024	22900	""osoba4""
""osoba4""		1486.5	1486500	1502.1001	1502100	16.600098	16600	""osoba4""
""osoba3""		1486.8	1486800	1486.8	1486800	1.0	1000	""osoba3""
""osoba4""		1488.9	1488900	1502.1001	1502100	14.200073	14200	""osoba4""
""osoba2""		1489.2001	1489200	1490.1001	1490100	1.9000244	1900	""osoba2""
""osoba4""		1492.2001	1492200	1502.1001	1502100	10.900024	10900	""osoba4""
""osoba4""		1493.7001	1493700	1502.1001	1502100	9.400024	9400	""osoba4""
""osoba4""		1494.9	1494900	1502.1001	1502100	8.200073	8200	""osoba4""
""osoba1""		1495.8	1495800	1498.5	1498500	3.6999512	3699	""osoba1""
""osoba4""		1500.3	1500300	1502.1001	1502100	2.8000488	2800	""osoba4""
""osoba3""		1500.6001	1500600	1509.0	1509000	9.399902	9399	""osoba3""
""osoba3""		1503.0	1503000	1509.0	1509000	7.0	7000	""osoba3""
""osoba3""		1504.5	1504500	1509.0	1509000	5.5	5500	""osoba3""
""osoba3""		1505.7001	1505700	1509.0	1509000	4.2999268	4299	""osoba3""
""osoba3""		1506.3	1506300	1509.0	1509000	3.6999512	3699	""osoba3""
""osoba2""		1508.4	1508400	1509.3	1509300	1.9000244	1900	""osoba2""
""osoba3""		1508.4	1508400	1509.0	1509000	1.5999756	1599	""osoba3""
""osoba1""		1509.3	1509300	1512.3	1512300	4.0	4000	""osoba1""
""osoba1""		1510.8	1510800	1512.3	1512300	2.5	2500	""osoba1""
""osoba3""		1511.1001	1511100	1525.8	1525800	15.699951	15699	""osoba3""
""osoba2""		1512.6001	1512600	1513.8	1513800	2.1999512	2199	""osoba2""
""osoba2""		1517.1001	1517100	1517.4	1517400	1.2999268	1299	""osoba2""
""osoba3""		1518.0	1518000	1525.8	1525800	8.800049	8800	""osoba3""
""osoba3""		1518.6001	1518600	1525.8	1525800	8.199951	8199	""osoba3""
""osoba3""		1519.2001	1519200	1525.8	1525800	7.5999756	7599	""osoba3""
""osoba2""		1519.5	1519500	1540.8	1540800	22.300049	22300	""osoba2""
""osoba1""		1523.4	1523400	1525.2001	1525200	2.8000488	2800	""osoba1""
""osoba3""		1523.7001	1523700	1525.8	1525800	3.0999756	3099	""osoba3""
""osoba1""		1524.3	1524300	1525.2001	1525200	1.9000244	1900	""osoba1""
""osoba2""		1532.7001	1532700	1540.8	1540800	9.099976	9099	""osoba2""
""osoba2""		1534.8	1534800	1540.8	1540800	7.0	7000	""osoba2""
""osoba3""		1535.7001	1535700	1536.6001	1536600	1.9000244	1900	""osoba3""
""osoba2""		1538.1001	1538100	1540.8	1540800	3.6999512	3699	""osoba2""
""osoba1""		1539.6001	1539600	1545.9	1545900	7.2999268	7299	""osoba1""
""osoba2""		1539.6001	1539600	1540.8	1540800	2.1999512	2199	""osoba2""
""osoba1""		1542.0001	1542000	1545.9	1545900	4.8999023	4899	""osoba1""
""osoba1""		1544.4	1544400	1545.9	1545900	2.5	2500	""osoba1""
""osoba4""		1545.9	1545900	1557.6001	1557600	12.700073	12700	""osoba4""
""osoba4""		1547.4	1547400	1557.6001	1557600	11.200073	11200	""osoba4""
""osoba4""		1549.8	1549800	1557.6001	1557600	8.800049	8800	""osoba4""
""osoba4""		1551.6001	1551600	1557.6001	1557600	7.0	7000	""osoba4""
""osoba4""		1553.1001	1553100	1557.6001	1557600	5.5	5500	""osoba4""
""osoba4""		1554.0001	1554000	1557.6001	1557600	4.5999756	4599	""osoba4""
""osoba3""		1557.6001	1557600	1559.7001	1559700	3.0999756	3099	""osoba3""
""osoba1""		1559.7001	1559700	1588.2001	1588200	29.5	29500	""osoba1""
""osoba4""		1560.3	1560300	1560.6001	1560600	1.3000488	1300	""osoba4""
""osoba1""		1561.8	1561800	1588.2001	1588200	27.400024	27400	""osoba1""
""osoba4""		1566.9	1566900	1567.5001	1567500	1.6000977	1600	""osoba4""
""osoba1""		1568.7001	1568700	1588.2001	1588200	20.5	20500	""osoba1""
""osoba1""		1569.6001	1569600	1588.2001	1588200	19.599976	19599	""osoba1""
""osoba1""		1570.5001	1570500	1588.2001	1588200	18.699951	18699	""osoba1""
""osoba1""		1574.7001	1574700	1588.2001	1588200	14.5	14500	""osoba1""
""osoba1""		1575.6001	1575600	1588.2001	1588200	13.599976	13599	""osoba1""
""osoba1""		1576.5001	1576500	1588.2001	1588200	12.699951	12699	""osoba1""
""osoba1""		1577.4	1577400	1588.2001	1588200	11.800049	11800	""osoba1""
""osoba1""		1581.6001	1581600	1588.2001	1588200	7.5999756	7599	""osoba1""
""osoba1""		1584.0001	1584000	1588.2001	1588200	5.199951	5199	""osoba1""
""osoba1""		1585.2001	1585200	1588.2001	1588200	4.0	4000	""osoba1""
""osoba1""		1586.1001	1586100	1588.2001	1588200	3.0999756	3099	""osoba1""
""osoba3""		1586.7001	1586700	1602.3	1602300	16.599976	16599	""osoba3""
""osoba3""		1590.6001	1590600	1602.3	1602300	12.699951	12699	""osoba3""
""osoba2""		1597.2001	1597200	1597.5001	1597500	1.3000488	1300	""osoba2""
""osoba3""		1599.3	1599300	1602.3	1602300	4.0	4000	""osoba3""
""osoba1""		1600.5001	1600500	1602.6001	1602600	3.0999756	3099	""osoba1""
""osoba3""		1600.5001	1600500	1602.3	1602300	2.7999268	2799	""osoba3""
""osoba2""		1601.4	1601400	1607.4	1607400	7.0	7000	""osoba2""
""osoba3""		1601.7001	1601700	1602.3	1602300	1.5999756	1599	""osoba3""
""osoba1""		1602.6001	1602600	1602.6001	1602600	1.0	1000	""osoba1""
""osoba2""		1603.8	1603800	1607.4	1607400	4.5999756	4599	""osoba2""
""osoba3""		1605.3	1605300	1617.6001	1617600	13.300049	13300	""osoba3""
""osoba3""		1607.4	1607400	1617.6001	1617600	11.200073	11200	""osoba3""
""osoba4""		1608.3	1608300	1608.3	1608300	1.0	1000	""osoba4""
""osoba3""		1610.1001	1610100	1617.6001	1617600	8.5	8500	""osoba3""
""osoba3""		1612.2001	1612200	1617.6001	1617600	6.4000244	6400	""osoba3""
""osoba3""		1612.8	1612800	1617.6001	1617600	5.800049	5800	""osoba3""
""osoba3""		1613.4	1613400	1617.6001	1617600	5.2000732	5200	""osoba3""
""osoba3""		1614.6001	1614600	1617.6001	1617600	4.0	4000	""osoba3""
""osoba4""		1614.9	1614900	1614.9	1614900	1.0	1000	""osoba4""
""osoba3""		1615.5001	1615500	1617.6001	1617600	3.0999756	3099	""osoba3""
""osoba3""		1616.4	1616400	1617.6001	1617600	2.2000732	2200	""osoba3""
""osoba3""		1617.0001	1617000	1617.6001	1617600	1.5999756	1599	""osoba3""
""osoba1""		1617.9	1617900	1620.3	1620300	3.4000244	3400	""osoba1""
""osoba1""		1618.8	1618800	1620.3	1620300	2.5	2500	""osoba1""
""osoba1""		1619.4	1619400	1620.3	1620300	1.9000244	1900	""osoba1""
""osoba1""		1620.0001	1620000	1620.3	1620300	1.2999268	1299	""osoba1""
